,Unnamed: 0,label,text
0,347,mainstream,"NNP NNP VBD PRP VBD RB IN DT NN CD NNS RB WRB PRP VBD NNP CD , DT NN WDT VBZ JJ JJ NNS VBN RB RB . DT NN IN NNP NNP , NNP , VBD VBG RB IN NNP , VBG RB DT CD NNS DT NN IN JJ NNS . CC IN DT NNP HYPH CD NN VBD , NNP CD VBZ VBN VBG IN NN NN . NNP , DT NN POS JJ JJ NN , VBZ NNP CD RB VBZ NNS IN NNS DT NN IN JJ NNS , JJ IN JJ NNS , JJ NNS CC RB JJ NNS . IN NNS VBG DT NNS IN NN HYPH CD NNS IN DT NN , JJ HYPH NN NNS VBP VBN JJ TO VB JJ NN HYPH NNS CC NN , CC NN HYPH NN NNS VBP VBN IN PRP$ NN . DT VBZ VBN NNS TO VB JJ JJ NNS IN NN CC TO VB IN DT JJ NN NN IN VBG NNS RB CC VBG RB JJ NN CC NNS IN JJ RB . DT NN MD VB DT NN IN NN IN JJ NNS WDT NNP CC NNP CD VBD VBG TO VB RB . CC EX MD VB JJ JJ NNS IN NN NN : NNS WDT VBP RB NNS VBP RB VBG , CC JJ VBP VBG TO VB PRP$ NN NNS RBR JJ TO VB IN NN . DT NNS CC NNS IN DT NN HYPH NN NN VBP DT NN MD RB VB DT JJ RB . DT NN VBZ VBN RB DT NNS IN DT NN , VBZ NNP NNP , NN IN DT NNP NNP IN DT NNP IN NNP NNP IN NNP , NNP . `` DT VBZ RB VBN RB RP DT JJ NN HYPH NN NN , '' PRP VBZ . `` DT JJ JJ NN VBZ VBN RB IN VBG NNS IN NNP HYPH CD . '' DT NNS VBP JJ TO VB JJ , NNP VBZ . NN NNS IN DT NNP NNPS CC JJ NNS VBP VBN RB TO VB JJ NNS IN NNS CC VB JJ NNS IN VBG NNS TO VB NN HYPH CD , IN VBG RB JJ NNS CC NN IN PRP RB MD . JJ NNS VBP JJ TO VB RB IN RB RB IN DT NN VBZ . `` DT NNS WDT VBP VBG VBN IN JJ HYPH NN NN VBP VBG VBN IN DT NNS IN DT JJ HYPH NN NN , '' VBZ NNP NNP , JJ NN IN NNP , DT NNP NNP NN NN . `` DT , IN PRP , VBZ RB RB DT NN NN . '' CC NNP VBZ RP IN DT NNS VBP RB DT JJ NNS IN DT NN HYPH NN NN : JJ IN DT NN IN DT NN , CC JJ TO VB DT JJ NN IN DT JJ NN IN VBG DT NN , WDT MD VB RP IN NNS . DT NN MD VB VBG NN IN JJ NNS . WP MD VB , NNP VBZ , VBZ DT NN IN NN IN NN , NN CC NN WDT VBZ VBN IN DT NN . `` PRP VBP JJ NNS VBG RB IN JJ NNS , '' PRP VBZ . DT NN IN JJR IN DT CD NNS : VBG NNP IN NNP NNP , NNP , NNP IN NNP , NNP , CC NNP NNP IN NNP , NNP : VBZ VBN VBG TO VB CC VB JJ NNS IN VBG NNS IN JJ NNS CC JJ NN , RB RB IN VBG IN NNS IN JJ NNS . IN DT NN NNS VBP NN , PRP MD VB , VBZ NNP . JJ NNS MD RB VB JJ HYPH VBG NNS IN PRP$ NN NNS , VBZ NNP NNP HYPH NNP , WP VBZ NNS NN IN DT NNP NNP IN NNP IN NNP . IN DT JJ JJ NNS , NN NNS VBP RB VBN PRP$ NN RB IN DT NNP NNPS CC NNP IN NNS JJ IN NNP CC NNP , WDT MD VB DT NNS IN JJR NN . CC IN DT JJ JJ NNS , JJ NNS VBP VBN TO VB IN NNS TO VB PRP$ NNS IN NNS CC JJ NNS , TO VB DT NN IN NN NNS IN DT NN IN DT NNP NN NN , VBZ NNP HYPH NNP . DT NN NN MD VB DT NN . `` DT NNS VBD VBN , CC RB IN DT NN , '' VBZ NNP . `` DT VBZ VBG TO VB DT JJ NN IN DT NN . '' NN IN DT NN IN JJ JJ NNS VBZ VBN RB VBG IN NNS . CC NN VBD VBN VBN IN DT NN IN JJ NN IN NNS JJ IN DT NNP NNP CC NNP NNP -LRB- NNP -RRB- CC DT NN TO VB IN DT NN VBN TO VB JJ NNS : IN DT NN VBD , VBZ NNP . NNS JJ IN NNP CD VBP RB VBG PRP$ NN VB . `` PRP VBZ RB VBN DT NN NN IN WP PRP VBD RB VBG , '' NNP VBZ . `` DT VBZ VBN DT NN JJ . '' IN DT NNP IN NNP IN NNP , IN NN , JJ HYPH NN NN NNP NNP CC PRP$ NNS VBD DT VBN , VBN , JJ NN IN DT NN NN NN TO VB RP IN PRP MD VB NNS WP VBP IN JJ NN IN VBG NN HYPH CD . DT NN , WDT VBD JJR IN CD NNS CC VBD DT NN VBD DT NN -LRB- FW NNP NNP FW FW . NNP NNP NNP NNP NNP CD -RRB- , VBD NNS NN IN NNP NN CC VBD PRP$ NN RB . NN NNS VBP RB VBN IN JJR JJ NNS , WDT VBP DT NN IN JJ HYPH NN NN . IN DT NN VBZ RP , PRP MD VB RP DT NN IN NNS : DT JJ NN IN DT NN HYPH NN NN . CC RB IN DT NN VBZ VBN JJ NNS TO VB RP RB HYPH VBN NN , CC VBN DT NNP TO VB NNS IN JJ NNS IN DT NN , PRP VBZ JJ TO VB JJ NN VBG RB IN DT NN PRP VBD RB , VBZ NNP . `` PRP VBP VBG TO VB DT IN DT JJ , JJ NN IN JJ NN , '' PRP VBZ . `` DT NN VBZ IN IN DT NN . '' DT NN VBZ VBN IN NN CC VBD RB VBN IN NNP CD CD . VB JJR IN DT NN NN IN JJ NNP RB . CC VB NN IN PRP$ JJ NN IN NNS RB ."
1,1254,mainstream,"IN DT NN VBZ VBG NN NNS , WRB VBZ DT VBG : IN JJ NN IN DT NNS , CC IN VBG DT JJ , JJ JJ NN . NNP NNP , NNP NN , `` NNP HYPH CD MD VB VBN IN NN NNS , NN VBZ . CC VBZ PRP VB PRP . , '' CD NNP CD NN IN NN NNS IN DT NN MD VB DT JJ JJ NN . NNP NNP , NNP NNP , `` NNP NNP NN NN NN VBG RP IN DT NNP NNPS , '' CD NNP CD IN DT NN VBZ JJ CC VBZ DT JJ JJ NN IN NNS , JJR NNS MD VB VBN IN RBR DT NN , VBG IN NNS . NNP NNP , `` JJ NN VBZ JJ NNP HYPH CD NN VBN IN NNP NNP IN NNP NN , '' CD NNP CD DT VBZ JJ , IN DT JJ JJ NN VBZ CD IN DT NNS NNP HYPH CD VBZ JJ . PRP VBZ RB RB VBN IN NNP POS NNS , WDT VBP DT JJ NN IN DT JJ NN TO VB DT JJ NN IN DT NN , MD VB DT NN . NNS VBP IN DT IN DT RBR JJ NNS IN JJR NNS IN DT NN VBP VBN JJR IN DT NN POS NN NN IN DT NN PRP : VBG DT JJ NN IN NN RB JJ . NNP NNP , ADD , `` NNP TO VB JJ NN IN NN : DT JJ NN HYPH CD NN , '' CD NNP CD DT NN NN IN DT NN MD VB JJ , IN RB VBG PRP TO VB DT JJ NN , IN VBG RP CC VBG JJ NN IN DT JJ NN TO VB DT NN . NNP NNP NNP , NNP , `` NNP TO VB DT NN IN NN WDT MD VB VBN , '' CD NNP CD CC RB WP VBZ VBG NNS VBZ DT JJ NN IN DT NN . NNP NNP , JJ JJ , `` JJ NN MD VB JJ CC JJ NN IN JJ NNP HYPH CD , '' CD NNP CD"
2,36,mainstream,"DT NNP NNPS NNP VBD JJ NN IN NN NNP NNP NNP NNP NNP POS NN IN DT NN NN MD VB `` IN DT NN '' IN DT NN . `` PRP MD VB IN PRP MD VB CD NNS CC JJR IN NN NNS VBP VBN IN JJR JJ NNS , CC CD SYM CD NNS IN DT NN IN NNP HYPH CD VBZ JJ IN NN , '' DT NNP NN VBD NNP IN DT NN IN NNP . IN NNP , NNP NNP NNP VBD DT NN VBG PRP$ NNS IN NNP , DT JJ NN VBG IN DT NN NN . IN DT NN IN NNP JJ NN , PRP VBD , PRP VBD DT NN MD VB `` IN DT NN , RB IN NN . '' VBN IN WRB PRP$ NN VBD RB RBR JJ IN DT IN JJ NN NNS , NNP NNP NNP VBD IN DT NNP NN NN NN IN PRP$ NN IN NN VBD IN NNP . IN DT NN , PRP VBD , `` PRP VBP JJ TO VB RP DT IN DT -LRB- JJ -RRB- NNS WDT VBP JJ RB . '' DT NNP VBD IN PRP VBZ RB VBG TO VB NN NNS CC NNS IN NNS '' RB RB IN JJ '' IN RB VBG RP IN NNS CC VBG JJ NN . `` VBG DT JJ NN IN NNP HYPH CD VBZ PRP$ NN CD NN , '' DT NNP NN VBD . DT NN VBZ VBN VBN RP IN DT NNP HYPH VBN NN TO `` VB IN DT CC DT JJ NNS JJ TO VB NN . '' NNP NNS VBP RB RB VBN PRP$ JJ NN MD VB IN DT NN IN DT NN . RB , NNP NNP , DT NN NN , VBZ VBN IN JJ NNS IN DT NN MD VB JJ IN RB . PRP VBD IN DT NN IN NNP VBN NNP IN IN NNS VBP DT NN HYPH RB , NNP MD VB DT NN IN DT NN . VBG IN NNP POS NNS , DT NN VBZ JJ IN NNS IN DT NN CD NN : DT JJ HYPH NN NN TO VB JJ NN : MD VB JJ IN DT NN . NNS CC NNS RB VBP TO VB IN CD JJR NNS IN JJR HYPH NN NNS IN VBG NN . NNP NN NNP NNP VBD NNP PRP VBD JJ TO VB IN NNP POS NNS . DT NN VBZ DT NN IN VBG DT CD NNS IN JJ NNS IN VBN IN NNS , NNP VBD . DT NN TO VB DT NN MD VB TO VB VBN IN NNS , PRP VBD , `` RB IN PRP . '' CC PRP VBD RB RB VB IN DT NN IN IN DT NN MD VB JJ VBG DT NN IN DT NN VBN RB IN JJ NN NNS , IN NNS VBD PRP . DT NNP VBD JJ NN IN NNP IN NNP IN JJ NNS : VBN IN DT NN CC DT NNP , IN NNP NNP NNP NNP VBD TO VB JJ NN IN PRP$ JJ NN . NNP , RB , VBZ RB VBN IN NN IN RB VBG DT NN VBZ RB NNS RB . `` PRP VBZ DT JJ NN , '' NNP NNP NNP VBD IN NNP NNP . `` PRP VBD TO VB PRP IN NNP . ''"
3,1294,mainstream,"VB : DT JJ NNS IN CC NN CC JJ NN RB , NNS POS JJ NN IN JJ NN VBZ IN WRB DT NN IN NNP HYPH CD VBZ VBN DT NN IN JJ NNS . NNS JJ IN DT JJ NN VBP DT JJ NN IN NN NNS , NN NNS VBD PRP , IN NNS VBP VBN , JJ , CC JJ TO VB WP PRP VBZ TO VB PRP . RBR RB RB IN RB , NNS VBP VBN RP CC VBN RP IN JJ NNS . EX VBZ DT VBN NN IN DT NN , CC NN IN WRB TO VB PRP RP VBZ TO VB IN NN IN NN . DT NNS RB VBP IN `` JJ '' NNS JJ IN NN CC VBP , IN JJS DT MD RB VB PRP . IN NNP , NNP NNP VBD VBN NNS VBG IN NN , CC PRP VBD JJ IN NN . NNP , DT CD HYPH NN HYPH JJ WP VBZ IN NNP NNP , VBD VBN VBG DT NN IN DT JJ NN IN PRP VBD RB VBN IN NNP IN NNP . -LRB- PRP VBD PRP TO VB RB PRP$ JJ NN CC JJ NN TO VB PRP$ NN POS NN . -RRB- PRP VBD IN DT NNP NN , CC VBD IN NNS VBD DT NN IN DT NNP NNPS . PRP VBD VBN IN PRP$ NN . PRP$ NN , PRP VBD , VBD VBN JJ . NNP VBD NN NNS , DT JJ JJ NN , CC DT JJ NN IN PRP$ NN , CC NNS VBD RB VBG . PRP VBD VBG JJ NN IN JJ NNS , CC PRP VBD VBG IN NNP IN DT JJ NN , NNP NNP , WP VBD TO VB DT NN IN NN IN DT NN . PRP VBD DT NNS IN VBG JJ NN DT NN NNP VBD . PRP VBD CD NNS IN NN NN IN DT NN IN NN IN NN IN DT JJ NN VBN IN CD NNS . PRP VBD DT NN IN DT NN , CC VBD DT NN VBN IN DT NN VBD NN NN . DT NN , NNP VBD , VBZ DT NN NNS IN DT NN . RB , NNP VBD DT NN , VBG JJ TO VB PRP IN PRP$ NN IN DT JJ NNS CC VBG PRP IN PRP$ NN . VB : WP PRP VBP TO VB IN DT NN CD NNS RBR , PRP VBD PRP , PRP VBD JJR . PRP RB VBZ RB CD NNS IN JJ NN CD CC CD NNS RB : CD NNS DT NN IN PRP VBZ VBG JJ . NNP VBZ TO VB WRB DT NNP VBZ VBG RP IN NN HYPH NN NNS . CC , PRP VBD , WDT JJ NNS VBP RB . PRP VBZ RB RB JJ IN PRP VBD NN HYPH CD , CC NNS VBD PRP$ NN TO VB RB IN NNS . `` PRP$ NN VBZ TO VB PRP , '' PRP VBD . `` VB PRP IN NN PRP VBP . '' VBG NN . NNP , DT NN WP VBD PRP IN DT NN , VBZ VBN IN JJ NN IN JJR IN CD NNS . DT CD HYPH NN HYPH JJ NN NN CC DT NN NN IN NNP , NNP VBD PRP IN DT NN IN NN POS NNS IN PRP$ NN NN . `` PRP VBZ RB RB VB DT NN , '' PRP VBD , VBG IN DT JJ HYPH NN NNP NNP . `` PRP RB VBZ , PRP VBZ DT NN CC DT NN IN VBG PRP$ NN , WDT VBZ TO VB DT NN NN WDT VBZ IN NN . ''"
4,258,mainstream,"NNP NNP : IN JJ NNP , CD JJ NNS VBP VBN IN NN IN NNS IN DT JJ NN , WRB NNS RB VBP IN JJ NNS VBP NNS , CC WRB NNS VBP VBN IN JJ NNS VBP NNS . DT NNPS IN NNP NNP CC NNP , VBN IN JJ JJ NNS VBD VBG IN JJ NN NNS , DT NN VBD NN NNS '' IN DT JJS NN IN NN '' IN NNS WP VBP CD NNS CC JJR . CC NNPS CC NNP NNP NNS VBP VBN TO VB DT NN NN IN NN , VBG IN JJS NNS VBP JJR IN CD NNS IN NNP NNP NNS . DT NN VBD IN DT NN NN DT NN , WRB RB CD JJ NNS VBG NNS IN NN NNS VBD RP IN DT NN NN NN IN NNP NNP , VBG PRP$ NN TO VB NN IN DT NN WP VBD ."
5,1315,mainstream,"PRP$ NN VBZ RB VBN VBG RB , VBZ PRP JJ . NN : PRP$ NN VBZ CD NNS CC CD NNS JJ . PRP VBZ RB VBN VBG RB . PRP VBP VBN VBN IN NN NNS CC NNS IN NN , NN CC NN NN , FW . PRP VBZ DT JJ NN CC RB VBZ TO VB RB . PRP VBZ VB DT NN IN NN CC VBZ DT NN IN NNS IN NNP , NN , FW . IN PRP VBP TO VB RP NNS IN PRP CC VB PRP PRP VBZ VBG . PRP VBZ PRP$ NNS WRB PRP VBZ JJ . PRP VBZ RB RB JJ CC PRP VBP RB JJ TO VB PRP JJ NNS . PRP VBZ PRP VBZ RB JJ TO VB NNS CC PRP RB VBZ RP RB IN PRP VBZ VBG IN NN . CC PRP VBZ JJ TO VB DT NN IN NNS IN , PRP VBZ TO VB PRP IN DT NN TO VB PRP IN DT NN , PRP VBZ NNS CC VBZ PRP . PRP VBZ RB VB IN PRP$ NN RB CC RB PRP VBZ VB RB . PRP VBZ NN NN IN NNS . IN PRP VBP IN PRP PRP VBZ . PRP VBZ JJ IN VBG IN NN . PRP VBZ WRB PRP VBP PRP IN RB . PRP VBZ RB . PRP VBZ TO VB IN PRP$ NNS . PRP VBZ NNS IN VB PRP$ NNS FW . IN VBG PRP RP PRP VBZ PRP$ NN TO VB RP PRP$ NN CC RB VBZ PRP$ NNS IN DT NNS RB . PRP VBZ IN DT NN IN NNS . PRP MD RB VB RB JJ CC IN PRP VBP PRP VBZ NNS , NNS FW CC PRP VBP PRP VBZ JJ IN PRP$ NN . CD IN DT NN NNS VBD PRP TO VB IN DT NN NN IN VBG PRP$ NN . PRP VBP RB JJ . MD PRP VB IN JJR NN IN PRP$ NN . PRP VBP TO VB IN PRP VBZ JJ CC RB . IN PRP VBZ RB , RB WRB TO VB PRP CC IN PRP VBZ RB WP VBZ DT NN . VBP EX DT NNS IN NNP WP PRP MD VB IN NN CC VBG PRP . DT : PRP$ NN VBZ DT JJ , JJ CC JJ NN . WRB VBD PRP VB DT NN IN PRP VBZ JJ . PRP VBZ RB RB JJ . PRP VBZ TO VB DT NN WDT NNS VBP VBG IN IN DT NN CC VBG PRP TO VB DT NN WP VBZ RB DT JJ , IN PRP$ NN IN DT JJ . IN PRP$ NN IN PRP , PRP VBZ IN RB PRP$ NN VBZ DT JJ NN VBN . PRP VBZ RB CC VBZ NN , VBZ JJ , VBZ PRP$ NN CC PRP$ NNS . WP MD VB JJR . PRP VBP RB JJ WP PRP VBP VBG TO VB PRP . PRP VBZ RB CD NNS JJ . UH VB RB VB PRP IN DT CD NN JJ . DT NN IN CD VBZ IN NN . EX VBZ DT NN TO VB PRP$ VB RB IN NNS CC VB NNS CC RB RB . NN RB IN PDT DT . NNS IN DT NN MD VB RB IN DT NN CC DT NN CC RB IN NN NNS , VBG NNS RP CC VBG PRP RP , CC VBG DT NN IN DT NN . IN PRP VBP JJ IN DT NNS NN , VB PRP VB IN NNS VBP DT JJ NN IN WRB PRP MD VB VBG . IN PRP VBP JJR IN CD NN IN NN , PRP VBP JJ TO VB DT JJ JJR TO VB RP DT NNS CC TO VB . PRP VBP VBN JJ NN NNS IN VBN NN . PRP VBZ IN DT NN WP VBD TO VB IN NN CD , CC RB CD NNS RBR , PRP VBZ RB . DT VBZ IN DT NN WP VBD RB VB IN PRP VBD CD CC RB VBD PDT DT CD NNS WDT PRP VBD IN NN . RB , CD NNS RBR , PRP VBP IN PRP VBZ DT JJ NN . DT IN DT NNS WDT MD VB VBN IN NNS CC JJ NNS IN NN : VBG RP NNS , VBG PRP$ NN IN NN NNS IN WDT PRP MD VB NNS CC NNS CC JJ NNS , VBG NNS IN PRP CC IN PRP , VBG DT NN IN NNS POS NNS FW . PRP MD VB PRP VB IN DT NN CC NN , RB IN VBG DT NN , CC UH VB RB VB PRP IN PRP VBZ RB . RB VBG VB CC VB IN CD NN , IN DT NN VBG IN DT RB JJ NN , MD VB RB JJ IN DT NN CC PRP VBZ JJ TO VB IN NN WRB PRP VBZ PRP . PRP RB VBP RB VB IN PRP VBP TO VB DT JJR NNS . VB PRP$ NN POS NN VB RB . VB PRP DT CD HYPH NN NN IN NNS . IN IN DT NN IN DT NN , PRP VBZ RB RB VBN TO VB , PRP MD VB PRP IN DT NNP NNP IN NNP . RB , VB PRP$ NN NNS ."
6,1073,mainstream,"NN NNS , NNS CC NNS IN NNP VBD CD CD NNS -LRB- $ CD CD -RRB- IN NN TO VB DT NN IN DT NN , CC VBD IN PRP VBZ RB DT NN IN DT NN WDT MD VB VBN IN NN TO VB DT NN . DT NNS , VBN IN DT NN HYPH NN NN VBN IN DT NNP NNP , VBD RB JJ IN DT CD CD NNS VBG VBN , CC JJR NN MD VB IN VBG NNS . RB JJ IN DT NN VBD DT NNP NNPS , WRB JJR IN CD NNS VBP VBN , CC NNP . IN DT NN , NNP NNPS NNP HYPH NNP NNP NNP VBD , DT NN VBG VBN NNP TO VB VB DT NN , JJ NNS CC JJR NNS IN DT NN MD RB RB VB IN DT `` NN HYPH NN '' IN DT NNS WDT MD VB VBN TO VB DT NN . `` TO VB NN , RB , PRP RB VBP CD NNS DT NN , '' NNP VBD . NNS VBP VBN RB CD CD NNS CC JJR IN CD NNS IN DT NN , VBG IN DT NN IN NNP NNP NNP . CC RB VBN NNS , JJ NN NNS CC DT NN IN NN NNS VBP DT JJ NN IN DT NN VBZ RB JJR . NNS IN JJ NNS IN DT NN , CC RB IN NNP DT NN , VBP RB VBG IN NN CC NNS VBP JJ IN DT JJ NN IN NNS , CC DT NN VBZ DT JJ JJ JJ NN TO VB NN IN JJ NN TO VB . `` IN DT NN IN RB DT JJ NNS PRP VBP RB VBN CD CD NNS -LRB- $ CD CD -RRB- IN NNS , NNS CC NNS , '' NNP NNP NNP NNP NNP NNP NNP VBD , VBG RP DT NN IN CD NNS . `` PDT DT NN MD VB VB HYPH VB JJ JJ NN . '' DT JJ NN VBD TO VB RB $ CD CD IN NN NN , DT $ CD CD IN NNS CC $ CD CD IN NN . DT NNS VBD JJ TO VB , IN VBG IN JJ NNS . DT NNS VBD NN IN PRP$ JJ JJ NN NNS VBN IN DT PRP MD VB IN JJ NNS . NNS RB VBD DT NN IN NNS IN PRP$ NN . NNS VBN IN NN NN IN NNP CD VBD RB VBN . RB IN JJ JJ NNS , NNS IN NN CC NN IN NNP , NNP , NNP , NNP , NNP , NNP NNP CC NNP VBD IN DT NN , IN IN NNP POS NNP NN . NNP NNP NNP VBD IN `` DT NN IN NN VBZ JJ , '' IN PRP VBD $ CD CD IN NN IN NNP . JJ NNP NNP NNP NNP VBD IN `` DT NN TO VB DT NN TO VB DT NN VBZ RB DT NN IN NNS , CC DT RBS JJ VBN NN IN PRP$ NNS . '' IN DT JJR NNS , NNP VBD JJR IN $ CD CD IN NNP VBD $ CD CD . NNP CC NNP , RB DT JJS VBN IN DT NN IN NNP , DT VBD PRP MD VB JJR IN $ CD CD . NNP , DT NNPS CC NNP RB VBD $ CD CD , $ CD CD CC $ CD CD , RB . NNP NNP , NN IN DT NNP CC NNP NNP NNP , VBD IN VBG DT NN '' MD VB JJR IN VBG DT NN JJ IN DT RB JJS NN . PRP VBZ VBG TO VB JJR IN VBG PRP RB IN NNS IN JJ NNS . DT NN MD RB VB IN NNS RB MD VB VBN IN PRP . '' RB CD NN NNS VBP VBG NNS , IN RB DT CD IN JJ NNS IN JJ NNS CC VBN TO VB . CC RB RB EX VBZ DT NN TO VB WDT : IN DT : NN MD VB RB , CC RB TO VB DT NN HYPH NN . NNP NNP NNP , DT NNP NN POS JJ NN , VBZ VBN IN RB IN NN VBZ RB , VBG DT NN IN CD IN CD NNS MD VB DT NN IN NN . RB IN DT JJ JJ NN VBZ VBN , EX MD RB VB JJ IN NN RB . DT VBG NN IN NN NNS VBP PRP VBP RB VBG TO VB NNS IN NNS : VBG NNS IN NNS IN PRP VBP IN DT JJ NN CC VBG DT JJ NNS RP NN NNS IN PRP$ NN VBZ RP . VBN IN DT NNP NN , WDT VBZ IN PRP VBD NN IN DT NNP NNP NNP , DT JJ NN VBD IN `` DT NNP NNPS VBZ IN DT NN IN VBG $ CD CD IN JJ NN , JJ , CC JJ NN IN DT NN HYPH CD NN , CC PRP VBP TO VB IN DT JJ NNP NN CC JJ NNS IN DT NN VBP DT JJ CC VBN NN IN DT JJ NN IN NNP HYPH CD . '' DT NN VBD RB VBN TO VB DT NN IN NN CC VBD IN NN IN NN . NNP VBD PRP VBZ JJ IN DT NNP MD VB DT NN IN DT NN , VBG IN PRP RB VBD DT NN IN NNP NNP . NNP VBD IN DT NNP `` VBZ IN DT NNS '' CC VBD IN PRP VBZ RB VB CC VB RP DT NN ."
7,481,mainstream,"JJ NNS VBP PRP VBP VBN DT NN IN DT NN NN . PRP VBZ DT NN WDT MD RB VB DT NN IN DT JJ NN IN NN DT NN NN VBZ IN DT JJ NN . NNP POS NNP NNP CC NNP NNP VBD DT NN IN NNP . PRP$ NN VBZ VBN IN NNP NNP . JJ NN NNS VBP VBN IN DT JJ NN IN JJ NN WDT RB VBD IN JJ NNP MD VB IN DT JJ NN WDT MD VB JJ IN NNS . NN IN DT JJ NN VBZ VBN IN VBN NN IN NN IN JJ JJ NNS . IN NNP , NN NNS VBP VBN RB VBG DT NN IN DT JJ JJ NN NN . DT NN VBZ VBN RP DT JJ NN TO VB CC NNS CC NNS . NNP NNP , DT NNP IN NNP , VBZ NNP VBZ VBN DT JJ NN . `` DT JJ JJ NN VBD TO VB JJ CC PRP$ NN VBZ NN . PRP MD VB DT NN IN DT JJ JJ NNS VBD TO VB JJ . '' DT NNP NNP NNP , NNP , VBD VBN DT VBN NN IN DT NNP NN IN DT NN IN NNS WDT VBD VBN TO VB DT NN . `` PRP VBP RB CD IN DT WP VBD VBN , . VBD NNP NNP . . PRP VBP TO VB DT VBZ DT NN IN DT NN NN . DT MD RB VB RB IN DT JJ NN WDT VBZ RB RB VBN , IN PRP MD VB DT NN RB IN DT VBG NN '' . CC NNP NNP VBZ DT NN VBZ JJ NN . PRP MD VB NN IN DT WP VBP IN JJ NN IN NNS , CC PRP VBZ NNP DT NN TO VB DT JJ NN IN DT NN IN DT NN . `` DT JJ NN PRP VBP TO VB VBZ TO VB DT JJ NN IN DT JJ NN , . DT NN NN VBD PRP . . IN DT JJ NNS PRP MD VB DT JJ NN WDT MD VB JJ NNS IN VBG DT NN IN NN IN DT NN VBZ JJ NN . '' NNS VBP IN , IN JJR NNS VBP VBN , DT JJ NN MD VB DT NN WRB VBN IN JJ NNS IN NN NN . IN NN DT JJ NN VBZ RBR , NNS VBP PRP VBZ DT JJR JJ NN IN DT JJ NNS . DT JJ NNS RB VBD DT NN IN JJ HYPH NN NN . IN DT JJ NN NN VBZ RB RB VBN IN NNS , NNP NNP VBZ NNS VBP NN NNS WDT VBP JJ HYPH IN HYPH JJ NN VBP DT NN NN DT CD IN CD NNS . . DT JJ NN IN CD SYM CD , RB DT NNP NNP NN IN CD VBD VBN IN DT NN IN PDT DT NN NN . PRP VBZ JJ IN PRP VBP TO VB VBN IN DT RB RB . IN DT JJ NN DT NNP CC DT JJ NN NNS VBP DT NN IN NNP VBZ RB IN DT JJ NN , IN DT WP VBP IN DT JJ NN IN NNS WDT MD VB DT NN . NNP NNP VBZ IN , IN JJ NNS VBP DT NN IN DT JJ NN NN NN RB , PRP RB VBP TO VB VBG NN . . DT NN IN DT NNP NN NN NN VBD IN DT NN IN CD CD NN IN NNP NNP . CD CD CD NNS VBD VBN CC NN IN PRP VBD . DT VBZ IN PRP VBP TO VB PRP RB . IN DT JJ NN EX VBZ DT JJ NN IN DT CD CD CC DT CD . DT NNS VBP IN NN NN IN DT JJ NN VBZ VBN DT `` JJ NN . '' DT NN NN VBZ RB IN NN IN DT NN , EX VBZ DT NN TO VB NN . . VBG IN DT NNP , VBG CD NN IN DT NN MD VB DT NN , . VBD NNP NNP . . IN PRP VBP PRP IN JJ NNS JJ IN DT JJ NN , DT NN IN VBG DT NN IN NNS VBZ JJ . PRP MD VB PRP$ NN IN DT NN POS NN WP VBZ : `` VB IN NN , VB IN NN CC VB DT NN JJ . '' DT VBZ RB WP PRP VBP IN DT NN . DT NN IN IN NNP , CC DT NN IN DT NN , VBZ JJ IN DT JJ NN NN IN NN MD VB IN CC WRB DT NN VBZ CC VBZ DT JJ NN"
8,388,mainstream,"DT NN NN IN NNP NNP VBZ VBN NN NNS TO VB DT JJ NN . VBG IN NNP POS NNP NNP CC NNP NNP , EX VBD CD VBN CC CD VBN NNS NNS IN IN NNP . CD HYPH CD IN DT VBN NNS NNS CC DT IN DT VBN NNS VBP VBN IN NNP NNP . DT CC CD IN DT NNS VBD RB VBN VBN IN DT NNS HYPH NNS HYPH NN NN , NNS VBP VBG TO VB DT NN NN IN DT VBG NNS . CD HYPH CD IN DT CD VBN NNS VBP NNS IN CD NNS JJ . CD NN NN VBZ RB VBN VBN IN JJ NNP NNP , VBG IN NNP POS NNP NNP . NNP NNP NNS VBP VBN DT NN IN NNS IN JJ NNS : IN PRP NNS , JJ NNS , NNS , NNS CC DT NNP NNP NNP : WRB NNS MD VB VBN VBN IN DT NN . IN DT NN VBG DT NN IN NN , NNP NNP NNP NNP VBD DT NN DT `` JJ JJ NN NN WDT MD RB VB IN JJ NNS . '' NN VBZ DT RB JJ JJ NN . VBG IN DT NNP , CD NN IN JJ NNS IN DT JJ NN MD VB PRP . NN VBZ IN DT NN , CC DT NN MD VB IN IN IN CD NNS IN DT NN WRB DT JJ NN VBD CC VBD . PRP MD RB VB JJ TO VB JJ NNS IN DT NN , NNS RB VBP TO VB CD IN CD NNS IN NN , VBG IN NNS MD VB DT NN IN PRP VBP PRP VBP JJ . NN NN NNS VBP JJ NNS , JJ CC JJ NNS , JJ NNS IN DT NN CC NN NNS . DT NN MD VB JJ NNS , JJ IN NN CC NN , CC NN IN DT NN . DT NNS VBP JJ . JJ IN CD , WRB DT NNS NN VBD JJ , NNS VBD DT VBG NN IN NN IN NNS RB , VB NNP CC NNP . VBG IN DT NNP , PRP VBD IN CD CC CD CD NNS IN DT NNP NNPS DT NN , VBG DT VBN CD IN CD NNS . DT NN IN DT NN , WDT VBZ CD NN JJ IN CD NNS , RB VBD NNS NNS IN DT NN . IN CD , NNS VBD IN NNS VBD VBN RB VBN IN DT NNP . CC IN JJ NNS , NNS VBP VBN VBG RP IN NNS IN DT NN WRB DT NN NN VBZ VBN NN , VBN IN VBN NNS IN NNS VBP NN . CD JJ NNS , VBG NNP CC NNP , VBP NNS TO VB IN IN VBG PRP$ NNS IN IN `` JJ NNS , '' VBZ NNP NNP . JJ JJ NNS IN DT NNP , NNP , NNP CC NNP : VBP VBN VBN IN `` NNS '' IN NN NN . IN NNP NNP , WDT NNS IN NNP , RB CD NN IN NNS VBD VBN IN VBN NN NN NNS IN DT CD HYPH CD NN NN IN JJ NNS , VBG IN NNP NNP HYPH NNP IN DT NNP NNP . RB , RB CD NN IN NNS VBP RB VBN IN IN JJ NNS . IN DT JJ NN IN DT VBN NN VBP VBN IN DT NN , NNS MD VB NN DT WP VBP RB JJ . CC VBN DT JJ NN IN NN IN `` NN '' NNS , NNP NNP NNP , DT NN IN NN CC NN IN DT NNP NNP IN NNP NNP IN NNP NNP IN NNP IN NNP , VBZ NNP HYPH NNP IN PRP VBZ RB VBN IN NNS VBP VBG . `` DT VBZ NN PRP VBP VBN IN DT NN RB , '' PRP VBZ IN DT NN IN NNP NNP . `` PRP VBZ RB JJ CC RB JJ CC RB JJ . ''"
9,731,mainstream,"DT NN IN NNS IN JJ NN NNS VBG RB VBN VBD IN RB JJ IN CD NN JJ NN , VBG IN DT JJ NN IN DT NNP NNP IN NNP NNP -LRB- NNP -RRB- , DT JJ NN WDT VBZ NN NN NN . IN JJ NNS , DT JJ NN VBZ VBN IN IN NN CC JJ NN NN . NN NNS IN NNS IN NNP VBP IN DT IN JJ NN NNS IN JJ NN NNS , VBG IN DT NNP . CC DT NNS VBP RB VBG NNS , VBG IN DT `` JJ NN '' TO VB PRP$ NN IN NN NN NNS , VBD NNP NNP IN DT NNPS IN NNP NNP CC NNP -LRB- NNP -RRB- . PRP VBP IN NNS VBG DT NNP WDT VBP NNS MD VB NNS JJ CC RB RB JJ . RB VBP CD NNS IN NNS , CC DT NN IN PRP . DT JJ NN WDT VBZ VBN VBN VBZ JJ NN . NN JJ VBZ RB RB RB . DT IN NN NN CC NNS VBP TO VB NN IN DT VBN NN . NNS , JJ IN NN , RB VBP IN VBG NNS , CC MD VB VBN RB , IN JJ NN . NN : NNS VBP RB JJ NNS NN : NNS VBP RB JJ NNS , RB RB . NNS VBP DT JJ NN IN WP NNS RB VBP CC VBP DT NN , VBD NNP NNP , NN IN DT NNP IN NNP NNPS CC DT NN IN DT NNP NNP NNP IN DT NNP POS NNP IN NNP . PRP$ NNS RB VBP NNS IN PRP$ NN WDT VBP PRP$ JJ NNS TO VB RB , JJ IN NN WDT VBP PRP$ NN , NN , NN CC NNS , RB RB IN NN IN NN , NN CC DT NN . NNS IN DT NNP IN NNP , NNP NNP VBD IN DT NN IN JJ NNS DT NN MD VB IN IN CD NN . IN VBG DT NN IN NNS IN NNS , VBG JJ NNS , JJ NNS CC JJ NNS , NNP VBD , PRP VBD IN JJ NNS MD RB VB IN RB JJ IN CD NNS IN RB . DT NNP VBZ NNS VBP VBN IN CD NNS IN DT CD HYPH NN NN . NN : DT NNS , NNS CC NN -LRB- NN -RRB- NN VBZ NN . DT NN VBD IN CD , WRB DT NN VBN IN NNP NNP NNP CC NNS VBD VBN IN DT NN DT NNP . DT NN VBD CD NNS , CD IN WP VBD NNS WP VBD PRP$ NN POS JJ NNS VBD VBN IN DT NN NN . DT NN VBD RP DT NN , VBG NN NNS TO VB CC NNS IN NNS TO VB . RBR DT NN , DT NNS IN DT NNP RB VBD DT NN , VBG NN IN PRP VBD JJ NN . JJ JJ NNS , VBG NNS VBN IN DT NNP IN DT NNP NNP NNP CC DT NNP NNP NNP , VBP VBN DT NN IN NN NNS VBZ RB VBN IN DT NN NN . CD IN DT JJS JJ HYPH NN NNS VBD VBN IN DT NNP NNP NNP IN NNP IN CD . VBG CD NNS , PRP VBD DT NNS IN NN VBD DT JJ IN NNS WP VBD VBN VBN CC DT WDT VBD RB . IN JJ NNS , DT NNP IN NNP , DT NNP NNP IN NNP , DT NNP NNP NNP CC JJ JJ JJ NNS VBP RB VBN DT JJ NN : DT NNP NN VBZ RB VBG DT NN IN NN . DT NN VBZ JJ , CC VBG IN DT NN VBZ RB CD HYPH NN JJ RB , CC DT VBZ RB VB JJ NN . RB DT NNS VBP VBN IN NNS , WDT MD VB NN , NN CC NN IN DT NN NN . JJ JJ NN NNS VBP NN , JJ NN CC JJ NNS . RB RBR RB , JJ NNS MD VB . IN NN , DT JJ , RB HYPH VBN NN NN VBD VBN IN DT JJ NN IN NN , DT NN NN NN . IN IN DT CD CD NNS VBN DT NN IN CD CC CD , RB CD CD VBD DT NN CC CD VBD . -LRB- NN POS NN NNS VBP RB VBN VBN IN DT NN . -RRB- VBG IN DT NN VBZ RB JJ RB . DT RBS JJ NN IN JJ NN , NN VBZ CD IN CD NNS DT NN IN DT NNP NNPS CC VBZ CD IN CD , VBG IN DT NNP NNP IN NNP CC NNP NNP . RB , CD CD NNS VBP VBN TO VB IN NN DT NN . IN DT NNS VBP VBN RB IN RB CD NNS , JJS JJ NNS VBP RB JJ IN DT NNS PRP VBP VBG . CC NNS VBP RB RB RB JJ IN NN . IN NN , IN DT NN VBD JJ IN CD , RB NN VBD NNS IN DT NN IN CD . IN DT NNP NNPS , PRP VBD CD NNS , RB NNS , IN NN DT NN . IN DT NN VBD VBN , NNS IN NNS VBD DT NN IN CD IN CD . CC RB CD NNS RB , DT NN VBD JJR IN CD , VBG IN DT NNP , JJ IN DT NNS VBD VBN IN NN . IN NNP CC NNP , VBG IN DT NNP NNP NNP , DT JJ NN IN NN NN VBD NNS IN NNS TO VB IN CD IN CD IN CD NNS IN CD . NN VBZ RB VBN TO VB RB VBN IN DT NN IN DT JJ NN ."
10,637,mainstream,"VB PDT DT JJS NN IN NN CC RBR VBN RB IN PRP$ NN . VB RP RB . VBG DT NN IN DT NN MD VB JJ IN IN DT VBG NN IN NNS , NNS IN NNP VBP VBN . NNS IN NNP VBD VBG IN DT JJ NN IN JJ NNS IN PRP$ NN NN , WDT MD VB DT NN IN NNS VB IN CD NNS , VBD VBN IN NN . NNP POS NNP NNP VBZ VBG IN NN NN NNP NNP TO VB DT NN . DT NN VBD IN DT NN , IN JJ , MD VB CD CD NNS IN NNP . RB , NNS VBN IN DT NN VBP VBN NNS IN JJ NNP HYPH VBN NNS VBG IN JJ NNS MD VB TO VB JJ . VB IN DT JJS IN DT NN DT JJ NN , PRP VBP , VBZ IN DT NN MD VB VBG RB RB IN DT NNS TO VB `` JJ NNS . '' `` PRP VBZ DT NN , UH . CC PRP VBZ RB DT NN IN DT JJ NNS . PRP VBZ DT NN IN DT NN VBG , CC IN NN , '' NNP NNP , CD , VBD DT NNP . `` CC IN DT NN , EX VBZ DT CD NN NN NN IN PRP VBP DT NN IN DT . PRP VBP IN DT JJ NN IN VBG NNP TO VB , IN JJS IN DT JJ NN . CC NNS VBP VBG . '' NNP , NN IN DT NNP NNP NNP NNP , VBD DT NNP IN IN DT JJ NN IN NN , PRP MD VB JJR IN CD NNS TO VB DT NN . IN DT JJ NN IN VBN NNS VBZ IN CD , RB NNS MD VB JJ . `` EX VBZ DT NN IN RB HYPH JJ RB . DT VBZ DT NN PRP RB VBP PRP : DT VBZ PRP$ NN , '' NNP VBD . `` EX VBP JJ NNS . PRP VBZ RB VBN VBN RB . PRP VBP RB VB IN PRP MD VB PRP . PRP VBP PRP MD . '' `` PRP MD RB VB DT NN IN NNP IN DT NN IN DT NNS , VB PRP DT NN . '' NNP NNP NNP , JJ NN IN NN IN NNP NNP , IN DT NN IN DT NNP NNP VBD NNP POS NNS , VBG IN DT NN IN NN VBD `` RB JJ '' IN DT NN IN NNS IN DT NN . `` PRP MD RB VB -LRB- NNS -RRB- IN NNP RB IN JJ , '' NNP VBD . `` DT NN VBZ : MD PRP VB DT NN IN DT NNP . RB EX VBZ DT NN IN IN PRP VBP PRP RB . '' RB JJ NN , NNP MD VB DT JJ NNS IN DT JJ NN IN JJR IN CD NNP NNS VBN IN NNP , WRB DT NN VBD IN PRP$ NN . NNP VBD PRP MD VB JJ IN JJ NNS TO VB PRP$ NN NNS TO VB PRP$ JJ NNS . `` PRP MD VB DT JJ JJ IN DT . PRP VBD RB RB , CC NN JJ VBZ RP . PRP MD VB IN PRP VBP VBN DT JJ NN , '' NNP VBD . `` CC RB PRP MD RB VB . PRP VBP RB VBG IN DT JJ NN . IN NN JJ MD VB DT CD NNS , PRP MD VB DT NN . '' VB RB IN DT NNP NN NN CD JJ NN HYPH CD NNS VBP RB VBG IN JJ NNS , IN CD IN NNP , CD IN DT NNP CC CD IN NNP . IN DT NNS IN NN , JJ IN DT NNS VBP VBG TO VB PRP$ JJ NNS RB ."
11,1301,mainstream,"IN DT JJ NN IN NNP POS NNP NNPS , PRP VBP IN DT JJ NN WDT NN VBZ VBG IN : NNP HYPH NNP HYPH CD , CC DT NN PRP VBZ , NNP HYPH CD . DT NN IN NNP NNP , PRP$ NNS CC NNS VBP DT JJS NN NNS IN DT NN : IN JJ NN NNS CC NNS , IN NN NN , IN JJS NNS IN NN , NN CC NN . RB TO VB IN DT JJS NN NN VBZ NNP NNP NN NN NNP NNP , WP VBZ IN DT NN IN PRP$ NN NN . DT NN VBD VBN IN NNP CD CC VBZ NNP POS JJ NN NN NN CC NN , JJ NNS VBP VBN IN NNP DT NNP IN CD NN NN . VB IN NNP : DT NNP POS NNP NNPS JJ NN RB , CC VB IN NNP NNPS CC NNP , IN PRP VBP RB VB RP IN JJ NNS . PRP MD VB PDT DT JJS NN NN NN IN DT NN CC NN HYPH CD IN PRP$ `` NNP '' NN NN . PRP MD RB VB VBG PRP$ NN , PRP$ JJ NN NNS CC PRP$ NN IN NNP NN NNS CC NN , IN NN VBZ JJ . VB PRP IN NNP CC NNP IN RB JJR NNP POS NNP NNPS , CC VB RP IN DT JJS NNP POS NNP NNPS NNS . PRP MD RB VB DT NN IN PRP$ NNS , WRB PRP MD VB NNP POS NNP NNPS NNS IN PRP$ JJ , CC RB VB NNS IN JJ NN NNS ."
12,1248,mainstream,"NNP VBZ DT NN IN JJR IN RB JJ NN . VB NN NN IN DT JJ NN IN DT NN . VBN NNP : DT JJ NN VBZ PRP MD VB NN CC VB NNS IN `` JJ NN '' IN DT NN . NNP VBZ VBG DT NN IN NNP , WDT VBZ VBN DT NNS VBG NNS JJ IN NNS CC NNS IN NN IN DT NN TO VB DT NN IN NN JJ IN NN NNS . IN NNP , NNP VBD NNP NNP PRP VBD `` VBN NNS '' TO VB JJ NN NN CC JJ NNS CC VBD PRP VBD VBG VBG NN NN IN PRP$ NN RBR JJ IN DT NN NN WDT VBZ VBN DT NN IN JJ NNS . IN DT NN , NNP VBD , `` PRP VBP PRP VBP JJR TO VB . '' NNP VBZ VBN VBG NN IN PRP$ NN IN DT CD JJ NN IN JJ NNS CC NN NNS VBN IN VBG NN IN NNS VBD VBN . JJ NN NNS VBP VBN IN WRB TO VB JJ NNS IN NNS IN DT NN NN IN NNP NN VBG JJR IN CD NNS . : PRP MD VB DT NN IN NNP NNS CC NNS WDT VBP NN IN NNS IN NN NN CC NN . `` DT NNS CC NNS MD RB VB VBN IN NNS CC IN NNS WRB PRP VBP IN NN , '' NNP VBD . : WRB PRP VBZ NNS IN NN IN NNS , '' PRP MD VB PRP . '' : NNP VBD PRP VBZ VBN JJ NN NNS , IN `` NN NNS , '' IN NNS . `` IN NN NNS WDT VBP TO VB PRP$ NNS , PRP MD VB JJR NN , JJ IN VBG DT NN NN . '' RB , NNP VBD PRP MD RB VB CC VB NN WDT VBZ NN IN NNS IN DT NN NN IN NNP HYPH VBN NNP CC IN PRP$ NN NNS . RBR : NN WP VBD PRP VBZ JJ NN VBZ NN IN NNP RBR : NNP MD VB JJ NNS IN PRP VBN IN VBG JJ NN NN JJR : JJ NN VBZ IN NN IN NNS NN VBZ RB VB NN NNP VBD IN JJ NN NNS IN DT NNP NNP NNP CC DT NNP NNPS IN NNP NNP CC NNP VBP RB VBN JJ NN NNS . `` IN DT NN NNS VBP IN NNP , PRP MD VB NN IN PRP , '' NNP VBD . `` PRP RB VBP IN VBG NNS IN JJ NN IN PRP MD VB IN TO VB , VB , CC VB IN NNS IN NN PRP VBP IN NNP , '' DT NN VBD . `` PRP VBP VBG NNS TO VB NNS RBR JJ NN IN NN NNS IN NNS IN DT NN IN NNS IN JJ NNS , IN NNS VBG DT NN , CC IN NNS TO VB NNS IN DT NN . PRP MD VB DT NN IN DT RB . '' VB NNP NN POS NNP NNP IN NNP , NNP"
13,1141,mainstream,"DT NNP NNP NN VBD `` JJ NNS IN NN '' TO VB JJ NN IN DT NN NN VBG VBN IN DT JJ NN , NNP NNP VBD NNP . VBG IN DT NN , NNP VBD VBG TO VB DT NNP HYPH VBN NNP NN : WDT RB VBZ NNS IN NNP CC NNP : TO VB PRP$ NN NN IN DT NNP NNPS CC VB DT NN '' IN DT NNP RB . '' DT NN IN NNP POS NNP NNP VBD IN DT NN VBD TO VB DT NNP NN CC VBD IN NNP VBD `` RB JJ IN VBG IN NNS CC JJ NNS IN DT JJ NN VBP RB VBN IN NNP CC NNP . '' IN NNP NN , NNP POS NNP NNP VBD NNP IN PRP$ NN VBD VBN VBN RB IN DT NN NN , VBG IN NNP VBD VBN TO VB RP DT JJ NN . NN NNS VBD IN NNP VBD RB VBG NNP JJ NNS TO VB IN NNP . JJ NNP NNP NNP NNP VBD IN DT NN NN NNP IN PRP VBD VBN IN DT NNP NNS CC IN PRP MD VB VBN IN DT NN NN NN NNP . NNP NNP , DT NNP NN IN NNP , VBD IN NNP IN DT NNP NN VBD `` JJ . '' JJ NN NNP NN NNP NNP VBD IN DT JJ NNS VBN IN DT NNP NNP TO VB NN NN NN IN NNP , NNP NNP NNP NNP CC NNS IN DT NN POS NNP NNP NNP . IN DT NN NN , DT NN VBD IN NNP VBD VBN NNP NNS IN DT NNS PRP VBD IN NN , CC VBD PRP$ NN TO VB DT JJ NN JJ IN JJ NN . DT NN VBD JJ NNS IN JJ NNS WP VBD IN NNP VB NN JJ TO VB DT NNP IN VBG NN IN DT JJ NN NN . `` DT JJ NN VBZ VBN DT RB JJ NN , '' VBD NNP NNP NNP NNP NNP , WP VBD IN JJ NN NNS IN DT JJ NNS : RB RB IN NNS IN DT NN : VBD TO VB NN IN NN VBN IN NNP , CC IN DT NN MD VB JJ TO VB JJ NN IN DT NN . `` NN VBZ NNS , '' PRP VBD . DT NN VBZ NN IN NNP POS JJ NN NN : NNP NNP NNP . IN NN IN NN NN , NN , NNS , NN CC JJR , PRP$ JJ NNS VBP PRP IN NN IN DT NNS VBG DT NN NN NN NN . VB NNP IN DT JJ NN ."
14,2,mainstream,"IN JJR CC JJR NNS VBP IN NN IN IN NNP HYPH CD , CC DT VBG NN IN NNS VBP VBG IN NN , DT NN IN NN POS NN VBZ : `` WRB MD DT VB RB . '' PRP VBP IN WP NNS VBP TO VB . DT NNP HYPH CD NN CC DT JJ NN VBP VBN IN JJ IN PRP VBP VBN TO VB NNS IN PRP$ JJ NNS . DT NNS CC NNS VBP VBN IN RB JJ NNS IN DT NN IN NN . DT NN MD VB IN IN NN . VB PRP$ NN NN CC VB PRP$ JJ NNS NN IN DT RBS JJ NN IN DT NN HYPH CD NN . VBG IN NN HYPH NN VBZ JJ JJ NNS , IN NN IN DT NNS WDT PRP VBZ IN DT NN POS JJ NN CC RB HYPH NN . IN JJR CC JJR NNS VBP VBG IN NN CC NN NNS VBP RB JJ CC IN PRP MD RB VB TO VB PRP$ JJ NN , PRP VBZ JJ RB TO VB JJ CC VB WRB RB DT VBZ JJ TO VB . NNP NNP NN VBP VBN IN JJ NNS IN JJ NNS , CC IN DT JJ NN , PRP VBP RP PRP$ NNS IN DT NN . VB VBN IN JJ NNS IN DT JJ NN HYPH CD NN CC VB PRP$ NN NN IN JJR NN IN NN CC NN . PRP RB VBP IN DT IN DT NNS WDT JJ NNS VBP VBN IN DT NN IN DT NN CC DT NN PRP MD VB IN DT NN IN DT NN . DT NN IN NNS IN DT NN DT NN IN NNS IN VBG DT NN VBZ JJ . CC WRB MD JJ NNS VB JJ . CC MD PRP VB . DT NNS VBP VBN IN VBG IN NNS IN DT NN IN VBG DT JJ NN . JJS NNS VBP RB JJ TO VB CD SYM CD NNS RB IN VBG JJ IN DT JJ NN , CC DT NN VBZ JJ JJ TO VB VBG JJ CC JJ NN IN DT NN VBZ . VBG IN DT NNP IN IN NNS MD VB IN DT NN IN NNS TO VB DT NN , NNP NNP , DT NN IN JJ NN NN IN DT NNP IN NNP , NNP NNP , VBZ , `` VBG IN DT NN MD RB VB VBN IN DT NN `` NN , '' DT VBZ RB DT NN . '' RB , DT NNS VBP JJ IN DT NN MD VB JJ RB RBR IN DT RB VBN CD SYM CD NNS NN . IN NN , NNP NNP , DT NN IN NN IN NNP NNP IN DT NNP , CC PRP$ NN VBP VBN VBG IN DT NNP HYPH NNP HYPH CD NN , WDT PRP VBZ MD VB JJ IN DT JJ NN IN DT NN . PRP VBZ IN RB , PRP MD VB NNS IN NNS IN DT NN VBZ DT NN , CC IN DT NN , NNS MD RB HYPH VB DT NN IN VBG RB JJ IN DT JJ NNS IN JJ IN NN . `` RB , EX VBZ DT NN TO VB DT NN IN JJ NNS IN RB VBN NNS , VBN CC JJ : PRP VBP JJ NN CC JJ NN . RB , DT JJ NN MD VB IN CD NNS IN NN CD . '' DT NN MD VB NN '' IN NN NN NN , '' VBG IN `` IN DT NN NN , IN DT NNS VBP , PRP VBZ JJ TO VB DT NN RBR IN IN JJ NNS , '' VBZ NNP NNP . RB , NNS VBP VBN IN JJ NNS VBP RB JJ . PRP$ NNS VBD NN IN DT NNS IN VBG NNS JJ IN JJ , RB RB NNP NNP . IN NN , NNP NNP NNP , NN NN IN DT NNP IN NNP NNP NNP IN DT NNP NNP IN NNP NNPS IN NNP NNP IN NNP , NNP , VBZ , `` -LRB- PRP -RRB- , VBZ RB RB DT NN IN DT JJ NN WDT PRP VBP TO VB IN . '' `` PRP VBP TO VB IN WRB EX MD VB JJ NNS TO VB DT IN DT IN HYPH NN NN , RB IN CD NNS , CC DT VBZ JJ NN NN WDT NNS VBP RB VB . PRP VBZ RB JJ VBG IN , RB RB , DT NNS IN NN NN VBP IN DT JJ NNS : NN NN , VB NN , VBG CC VBG : RB , NNS WDT NNS VBP RB VB . '' NNP NNP NNP , DT NN IN NN IN DT NNP IN NNP , NNP , VBZ DT NN IN `` JJ NN '' IN NN NN . RB IN NNS VBP DT NN '' RBR RB IN RBR , '' PRP VBZ , `` NFP -RRB- PRP VBZ RB RB VB IN EX MD VB JJ NNS IN NN TO VB VBN RB , CC IN NN CC NN , DT MD VB JJ RBR IN DT RB VBN CD HYPH NN HYPH CC NN . '' NNP NNP VBZ DT NN WP VBZ JJ IN PRP$ NN MD VB VB DT NN JJ IN CD CD NNS . DT NN IN NN IN DT NNP NNP IN DT NNP IN NNP IN DT NNP CC NNP IN DT NNP IN NNP IN DT NNP IN NNP IN NNP , NNP RB VBD IN NNP IN WRB DT NN VBZ IN DT NN WDT VBG DT NN VBZ VBN . WRB NNP VBD WRB RB PRP VBZ DT NN MD VB , PRP VBD : `` DT JJ NN VBZ , MD PRP VB PRP RP RB RB TO VB DT NN . IN DT NN , PRP VBP RB VBG IN NN IN DT NN . CC DT MD VB IN CD : CD NN IN DT NN MD VB VBN NN IN DT NN . '' JJ NNS VBP RB VBN DT NN IN DT NN MD VB IN NNP HYPH NNP HYPH CD VBG JJ : VBG IN DT NN MD VB IN PRP RB . IN DT NN IN NNP , NNP NN NNP NNP NNP : WP VBZ DT JJ NN NN IN DT NNP NNP IN NNP CC NNP NNP , NNP : VBD DT NN IN NN . VBG IN PRP VBZ EX VBZ DT NN IN NN , NNP . NNP VBD , `` IN DT JJ CC VBG NNS , WP VBZ JJ VBZ WP DT NN MD RB VB : DT JJ NN IN DT NN . NNP VBD IN DT JJ JJ NN CC RB VBD JJ IN DT NN . '' `` JJ NN VBZ VBN IN DT NN NN , CC EX VBP RB CD JJ JJ NN NNS VBN IN NNS , '' PRP VBD , VBG , `` EX VBP JJ JJ NNS WDT VBP JJ , IN NN , WDT VBP RB VBN TO VB VBN IN DT NN NN . '' `` DT NN VBZ : MD DT JJ NN VB JJ IN DT NNS , CC MD PRP VB RBR IN NNP , WDT MD VB VBN WRB DT NN VBZ , RB TO VB IN DT JJ NN . DT NN MD VB IN NN DT NN IN DT NN . '' DT NNP NN RB VBD DT NN IN WP VBZ IN NNS VBP NNS IN JJ NN . `` JJ JJ NNS IN NNP VBP VBN RB JJ IN VBG NNS IN NNP . CC RB , DT NN VBZ : WP VBZ WRB PRP VBP DT JJ NNS . MD EX VB DT JJ NN IN NN . NN VBZ JJ TO VB DT IN NN . '' NNP NNP NNP , DT JJ NN NN CC NN IN NN NN IN NNP NNP NNP , NNP , RB VBD RP . WRB NNP VBD WRB RB PRP VBZ DT NN VBG , PRP VBD : `` UH , DT VBZ RB JJ TO VB . '' `` RB , IN DT JJ CD IN CD NNS , DT IN DT NNS WDT VBP DT VBG NN RB MD VB VBG RB TO VB PRP IN NN . CC RB PRP VBP TO VB RP WRB PRP VBP NNS RB IN DT NN WDT PRP VBD VBN IN , CC WRB TO VB DT NNS VBG RB . '' `` IN DT NN , DT VBZ NN WDT PRP VBP VBN TO VB IN CC VB RB IN , CC PRP VBZ IN PRP VBP VBG TO VB IN DT IN DT JJ NN . '' `` IN NN , EX VBP RB CD JJ NNS WDT VBP JJ IN DT JJ NN , '' NNP NNP VBD . `` DT VBP JJ NNS CC JJ NNS , DT IN WDT MD VB RB JJ IN NNS IN JJ NN NNS . WRB PRP RB VBD IN DT JJ NN , CC WRB RB PRP VBD DT JJ NN VBZ RB VBN . '' `` PRP VBP WP PRP VBP VBG IN RB IN NNP HYPH NNP HYPH CD VBZ DT NN IN VBG DT JJ JJ JJ NN . CC RB , IN DT NN , NNS MD VB IN DT NN RB . '' IN JJ NNS IN DT JJS NNS VBG DT JJ NN CC NN HYPH CD , VB RB ."
15,660,mainstream,"`` PRP VBP DT NN NN , '' VBD NNP NNP , DT JJ NN NN IN NNP CC DT JJ NN IN DT NNP IN NNP NNP CC NNP . NNP VBD NNP POS NNP NNP IN DT RB HYPH VBG NN IN NNS , VBG DT IN NNP , TO VB DT NN IN NNP HYPH CD . IN DT NN , NNP VBD PRP VBD RB VB DT JJ NN IN DT `` NN '' TO VB DT NN . `` PRP VBP PRP VBP VBG TO VB CD NN , TO VB DT NN WDT NN VBZ VBG IN , '' PRP VBD . `` PRP VBP IN DT NN PRP VBP VBG TO VB IN VBG JJR IN CD NN . '' NNP RB VBD RP IN WRB RB NNS MD VB VBN CC RB VB JJ , DT JJ NN IN NN NNS WDT MD VB JJ NNS IN DT NN , CC DT NN TO VB NNS IN NNS WDT MD VB DT JJ NN -LRB- `` EX VBP RB VBG TO VB NNS WDT PRP VBP RB VBN . '' -RRB-"
16,1058,mainstream,"NN VBZ VBG DT JJ NN IN NNP NNP NNS . VBG IN DT JJ NN , NN IN DT NNPS WP VBP NNP NNP IN PRP$ JJ NN NN VBP DT VBN NN NN VBG NNP NNP VBZ VBG TO VB DT NN NN TO VB DT NN IN NNS CC VB DT NN POS NN . DT NNP NNP , NNP NN , VBN IN NNP , VBD IN CD NN IN NNPS RB VBP IN DT JJ NN , IN RB CD NN IN NNPS VBP DT NN IN DT NNP NN CC NN . VBG IN NNP POS NN IN DT NN , CC NNP NNP CC NNP NNP VBZ VBN DT JJ NNP NN . CC VBG NNS IN NN IN JJ NN CC DT NN IN NN VBZ DT NN IN DT NN CC DT JJ NN . JJ NN , NNP NN NN NNP NNP VBD DT NN WRB PRP VBD NN IN DT NN WP VBD IN DT VBN NN NN . `` RB VBG NNPS '' DT NN VBZ VBN DT NN IN DT NNS IN NNS . DT NN NN VBZ DT JJ NN IN PRP TO VB DT , '' NNP VBD . DT NN RB VBD IN RB CD NN IN NNP NNS VBP DT JJ NN NN WDT , VBG IN DT NN HYPH VBG NN NNP , VBD IN DT NN NN . PRP VBD TO VB NNPS RB IN IN PRP$ NN HYPH JJ NN IN NNS . VBG IN DT NNP NN IN DT NNP NNP NNP WDT VBD IN DT JJ HYPH NN NN IN NNP , NN NN NN NNP NNP VBD IN `` NN IN NNPS VBZ RB DT RBS JJ IN DT NN NNS '' WDT DT NN VBZ VBN . DT VBN NN NN MD VB RB JJ IN PRP VBZ DT NN IN DT NN IN VBG VBN , IN CC WRB PRP VBZ JJ , WDT MD RB VB PRP RB JJR TO VB DT NN IN DT NN . IN DT NN VBN IN NNP IN NNP , NNP VBD VBG NN IN DT NN IN IN PRP$ JJ NN IN VBG NN . CD HYPH CD NN IN DT VBN VBD PRP MD VB RBR JJ TO VB DT NN IN PRP VBD VBN IN DT NN . DT NN DT NNS VBP VBZ CC JJ CC RB JJ IN DT IN PRP , RB IN DT JJ NN . RB , PRP$ NN POS NN IN JJ NN VBZ IN JJR CC JJR NNS VBP JJ IN JJ CC JJ NN WDT VBZ JJ IN JJ NN NNS , NNP NNS CC , UH , RB NNP : WRB NN NNS VBP VBN IN JJ NNS ."
17,1249,mainstream,"DT NNP NNP MD VB NN NNS JJ CC VBD NN NNS VBD `` NN IN PRP$ NNS '' . NNP NNP VBD RP IN DT NN IN NNS VBG VBN VBD IN DT JJ NN IN DT NN . DT NN VBZ VBN VBN IN DT NN IN `` JJ NN '' JJ NN NNS . DT NNP VBD RB CD NNS IN NNS VBG IN NNS RB TO VB VBN : VBG PRP JJ IN RB JJ NNS . DT CD NN NN IN NNS VBD DT NNP NN IN NN CD JJ NN VBN IN CD NN NN IN CD . EX VBD CD NNS IN NNS IN CD : RB CD NNS DT IN CD . NNP NNP VBD : `` DT NN VBZ JJ IN NN VBZ JJ IN PRP , PRP$ NNS CC , RB , VBZ NNS WP MD RB VB VBN IN JJ NNS . `` DT WP VBP DT NN NN VBP RB JJ , RB JJ CC VBP NN IN PRP$ NNS . '' PRP VBD PRP VBD `` JJ IN DT NNS '' TO VB DT NN NN CC VBD RB VBN RP VBG DT NN JJ . CD IN IN DT CD JJ NN NNS VBP VBN IN JJ NN . NN IN VBG DT NN NN VBD RB VBN . NFP VBD DT NN . NN DT NNP CD CD CD CC NNP CD CC NN ADD"
18,646,mainstream,"NNS VBP IN NNS VBP JJ NNS IN PRP MD VB . JJS NNS VBP VBN IN NNS VBP CD CC NN HYPH JJ NNS MD VB NN NNS IN PRP$ JJ NN IN DT NN . JJ NNS VBP DT VBG NNS : NN NN NN -LRB- NN -RRB- , NN NN -LRB- NN -RRB- , JJ NN NN -LRB- NN -RRB- , NN -LRB- NN , NN CC NN -RRB- , NN NN NN NN NN -LRB- NN -RRB- , VBN NN NN -LRB- NN -RRB- , NN -LRB- NNS , NNS , NN -RRB- , NN -LRB- NN -RRB- , NN -LRB- NN -RRB- , NN , JJ NN -LRB- NN -RRB- , CC NN . DT NNS MD VB NN , NN CC NN RB VB JJ IN NN CC NN -LRB- IN NN POS NN , IN NN -RRB- . WRB MD RB PRP VB PRP$ NNS . DT NNS VBP JJ VBG PRP$ NNS VB NNS IN IN JJ NNS . PRP$ NN . VB IN PRP$ NN CC VB PRP$ NN TO VB DT VBN NN IN WP VBZ JJS IN PRP$ NN . RB , VB DT JJ NN IN ADD NN NNP NNP IN JJR IN HYPH NN NN . ADD"
19,217,mainstream,"SYM CD HYPH CD NN IN JJ NNS IN DT JJ NN IN NNP NNP CC NNP VBD PRP VBD IN NNP NNP VBD TO VB NN NNS TO VB NN HYPH VBG NNS IN NNS . NFP DT NN RB VBD IN CD NN IN NNPS , CD NN IN NNPS , CC CD NN IN NNS WP VBD NNP NNP IN PRP$ JJ NN IN NN NN RB VBD DT JJ NN NN . SYM NNP , WP VBZ VBN $ CD CD IN NN NN NNS , VBZ VBN DT NN IN JJ NN NNS CC JJ NNS IN PRP$ NN NN NNS . CD HYPH CD NN IN JJ NNS IN DT JJ NN IN NNP NNP CC NNP VBD PRP VBD NNP NNP VBD TO VB NNP HYPH CD NNS TO VB NN HYPH VBG NNS IN NNS , DT JJ NN NN WDT VBZ VBN NN IN NN NNS CC JJ NNS . DT NN RB VBD IN CD NN IN JJ NNS VBD PRP VBD RB VB DT JJ NN , IN CD NN VBD JJ IN DT NN . NN IN DT NNS VBN WP VBD NNP NNP VBD PRP$ JJ NN IN NN NN RB VBD DT NN . DT NN RB VBD IN CD NN IN JJ NNS , CD NN IN NNPS , CC CD NN IN NNS WP VBD NNP VBD PRP$ JJ NN IN NN NN RB VBD DT NN . VB JJR : DT JJ NN IN NNP IN DT NN POS NN NN VBZ DT NN WDT MD VB PRP CD IN DT RBS JJ NNS IN DT NN IN DT NN , NNP VBD DT NNP CD HYPH CD JJ NN IN CD NNP NNS WP VBD NN IN PRP$ NN HYPH IN NN . DT NNS VBD VBN TO VB TO VB DT NN RB JJ VBG IN NNS IN NN CC NN . RB , DT NN VBD : `` RB VBP DT NNS WDT PRP MD VB VBN IN DT NN . UH VB PRP WDT IN DT NNS PRP VBP VBP JJ CC JJ : `` NNP NNP VBZ TO VB DT JJ NN NN IN NNP HYPH CD TO VB NNS IN NNS WDT MD VB VBN TO VB NNS IN DT JJ NN . '' '' NN IN NNS , VBN IN JJ , VBD VBN TO VB IN PRP VBD JJ IN PRP VBD RB VB JJ NN TO VB . DT JJR NNP NNP CC NNP NN VBD IN RB CD NN IN NNPS VBD VBD PRP MD VB VBN `` IN CC WRB DT NN NN VBZ JJ . '' DT NN VBD CC JJ -LRB- CD NN -RRB- CC VBD UH -LRB- CD NN -RRB- . NNP NNP NNP VBZ VBN PRP VBZ `` RB JJ '' DT NN NN MD VB JJ DT NN , IN NNS VBP VBN IN DT NN NN MD RB VB CD IN CD NNS . DT NN VBZ RB VBN TO VB DT JJ NN IN NN TO VB IN DT NN IN NN VBG DT NN NN . DT NNP NNPS IN NNP NNP CC NNP VBZ IN NNS RBR RB IN `` CD IN DT JJS NNS TO VB DT NN IN DT JJ NNS IN JJ NNS . '' NNPS VBZ RB VBN DT JJ NN IN JJ HYPH NN NN NNS NNP NNP , NNP NNP IN DT NNP NNP NNP VBG IN NNS IN DT NN HYPH NN NN NNP NNP , JJR IN CD NNS IN NNP JJ IN NNP CC NN NN NN VBP VBN VBN CC VBN RB CD NNS , DT NNP NNP NNP VBD IN NNP . RB , NNP VBZ RB DT JJ NN VBN TO VB DT NNS . IN NNP , DT CD RBS JJ NNS IN NNPS POS VBN NN NN VBP VBN RB CD CD NNS , VBG IN DT JJ NNP NNP NNP NN . IN NNP , NNS CC NNS VBG NNPS IN DT `` JJ NN NN '' WP VBZ DT NN TO VB DT NN VBP RB VBG VBN CC VBN . DT JJ HYPH NN NNS VBP VBN TO VB NNS TO VB DT NN CC NN NN NN IN PRP$ NN . IN NNP CD , NNP VBD IN PRP MD VB VBG `` JJ '' NN NN . JJ NN , NNP VBD IN PRP MD VB NNS IN PRP$ NN WDT VBP VBG DT JJ NN . NNP CC NNP RB RB VBD RP DT CD HYPH NN `` NNP '' NN IN PRP$ NNS . DT VBN NN VBD DT VBN NN NNP NNP POS NNS IN DT NNP CC NN NNS VBD DT NN NN IN NN . RB , DT NNP NN NNS VBP RB RB VB RB IN DT NN IN NNS CC NN NNS IN JJ NN . JJ NNS IN NNP NNP CC NNP NNP VBP RB VBN VBG DT NN . NNPS VBZ VBN DT JJ NN IN NNS , CC , RB RB , NNPS VBZ VBN $ CD CD IN NN NN NNS , VBG IN NNP ."
20,52,conspiracy,"JJ RB VBP DT NN CC NN NNS CC DT NN PRP VBP IN PRP CC PRP$ NN . JJ NNS VBP VBN IN VBG NNS , IN NNP , IN NNP NNP . PRP VBZ TO VB TO VB WP RB DT NNS VBP VBG IN PRP$ NNS . VBP NN CC JJ NNS VBN IN JJ NNS IN DT NN VBG VBN IN NNS CC NN CC NN . IN DT NN RB , PRP VBP IN NNP NNP WP VBZ DT NN IN NN JJ NN VBG DT NN CC NN IN NNS CC NNS IN DT NN IN DT NNP NN . JJ NN NNS VBP VBN JJ NN NN JJ IN NN , NN CC NN IN DT JJ NN IN NNS CC NN NNS WDT VBP JJ NN IN DT NNS , NN , NN , NN , NN , NNS , NN NN , JJ NNS , CC NN NN . NFP NN CC JJ NNS IN CC NNS CC NNS NN NN VBZ VBN IN DT NNS IN NN NNS CC NNS WDT JJ NNS VBP VBP JJ IN RB VBG JJR . DT VBP RB NNS JJ NNS VBP VBG IN NNS . JJ NNS VBP VBN TO VB NNS IN DT NNS IN JJ NN NN . IN PRP VBP PRP$ NN TO VB IN JJ NNS IN PRP VBP DT NN IN JJ NN , VBP JJ , JJ CC VBP JJ CC JJ JJ NN IN DT NN , DT RB RB DT NN VBZ VBN CC RB PRP MD RB VB DT NN IN DT NN . JJ NNS VBP RP IN DT NN IN NN CC VBP DT JJ NNS IN DT JJ NNS . DT JJ CD JJ NNS RBS JJ IN PRP$ NN VBP NN , NN CC NN . IN DT NNP NNP NN , NNS VBD RB CD NN IN NNS JJ CD SYM CD VBD CC VBD NNS IN DT CD JJ JJ NNS : NN , NN CC JJ NNS -LRB- NNS -RRB- : CC CD NN IN DT NNS VBD DT NN IN CD CC JJR IN DT CD NNS . DT CC CD NN IN DT NNS VBD IN CC IN DT NN IN CD CC JJR IN DT JJ NNS ."
21,291,mainstream,"DT NN IN DT NN . DT VBP NN NN JJ TO VB DT NNS IN DT NN VBP VBG NN NNS IN NN NN IN IN VBN NN IN DT NN NN WDT VBD RBR CC VBZ RBR JJ IN JJ NNS . IN NNP NNP , NNP NNP VBD CD NNS IN PRP VBD DT NN NN IN PRP$ NN . `` PRP VBD VBN VBG PRP TO VB DT NN NN , CC PRP VBD VBG PRP RP , '' VBD NNP , CD . DT NNP POS NNP CC NNP NNP WRB PRP VBD PRP$ NN VBD RB . PRP$ NN VBD PRP$ NN POS NN , CC PRP VBD RB , RB . RB PRP VBD DT NNP CC RB DT NNP NN , DT NN . PRP VBD DT NNP , CC PRP MD VB NN RB IN NNS IN CD . IN NNP , PRP VBD DT NNP WDT VBD CD NNS VBN . `` PRP VBD RB WRB PRP VBD IN NN IN CD NN TO VB JJ PRP RB VBD DT , CC PRP RB VBD RB . '' `` DT JJ NN VBZ EX VBZ NN RB RB , '' VBD NNP NNP , DT NN IN DT NNPS IN NNP NNP CC NNP . `` EX MD VB NNS WRB EX VBP NN NNS , CC EX MD VB DT JJ NN RBR VBG , IN NNS MD VB TO VB RB IN PRP . '' PRP VBD NNP NNP DT JJ NN . DT NNP NNP , NNP , NN , CD , VBD PRP$ NN , CC DT NN VBD DT NNS IN NNP . PRP CC NN NNP , CD , VBD IN NN IN DT NNP , RB TO VB DT NN VB CC CC VB PRP VBD RB VB NNS IN NN IN CD . IN `` DT NN IN NN NNS , '' NNP VBD NN IN DT JJ HYPH NN NN . PRP VBD TO VB RB IN CD NNS , CC PRP VBD JJ PRP , PRP VBD . `` EX VBZ NNS IN NN IN DT NNS RB RB RB . NNP NN NN NNS VBP VBN DT NN IN NNS PRP VBP TO VB DT NN IN CD CD IN JJ NNS IN CD CD , NNP VBD . RB CD CD NNS VBP VBN VBN , CC DT `` JJ NN '' IN DT VBP VBN VBN , PRP VBD . `` PRP VBD CD CD NNS VBN IN DT NN IN NNP . '' DT NNP VBZ VBG IN DT NNP NNP NNP NNP , DT NN WDT VBZ DT NN CC NN NN , TO VB NNS CC JJ NN NN NNS WDT NNS CC NN NNS VBP NN JJ TO VB , NNP VBD . `` NN NNS VBP RB IN IN DT NN NNS , '' VBD NNP NNP , DT NN IN DT NNP CC NNP NNP . PRP VBZ RBR DT NN IN DT JJ NN NN JJ NN CC DT RBR JJ NN DT NN . `` NN IN DT NN VBZ JJ . '' VBG NN NN MD VB DT NN , VBD NNP NNP IN DT NN IN JJ NNS IN NNP NNP NNP IN NNP IN NNP , NNP . PRP VBZ `` NNS , NNS POS NNS CC NNS TO VB PRP$ NN , CC VBN DT NN IN DT NN NN , PRP VBZ RB DT VBN NN IN WP PRP MD RB VB . '' EX VBP CD JJ NN NNS IN DT NNP NNPS , NNP NNP IN NNP , NNP , CC NNP IN NNP NNP , NNP . IN DT CD HYPH CD NN NN NNP , RB VBN IN NNP , VBD RB CD CD NNS IN NN NN . PDT DT CD CD NNS IN NN NN VBP VBN IN , CC NN MD VB VBN IN RB IN NNP , NNP NN NNP NNP VBD . DT VBZ RB VB EX VBZ DT JJR NN NN JJ IN NNS . JJ IN NNP POS NN VBZ IN JJ NNS WDT VBP NNS IN NNS POS NNS , NNP VBD . DT NN VBD DT NN TO VB JJR NN NNS , CC CD CD NNS VBD `` WP NNS VBD PRP PRP MD VB , '' NNP VBD . IN DT JJ CD NNS RB NN IN NNPS VBP VBN . PRP VBZ JJ TO VB WRB JJ TO VB IN NN NN VBZ CD IN CD NNS TO VB , RB NNS VBP TO VB NN IN PDT DT NNS VBP IN . NNP VBD VBG NNS IN DT NN NN IN NNP CD . PRP MD VB VBG NNS IN JJ NN POS NN NN JJ NN . NN NN NNS VBP PRP$ NNS IN JJ NN POS NN . DT JJ NN VBZ $ CD IN $ CD NN , CC NNS VBP JJ RB TO VB RB RB . PRP VBZ RB RB RB JJ TO VB VBN . NN NNS VBP JJ IN PRP$ NN , CC PRP VBZ JJ IN NNS VBP RB VBG CC VBG TO VB , VBG IN DT NNP . `` VBG VBN IN DT NN NN DT NN VBZ DT JJS NN TO VB DT NN , '' NNP VBD . NN IN NN NN NN VBZ IN ADD"
22,899,mainstream,"DT NN IN NNS IN NNP VBG DT NNP NN IN CD NNS IN NN VBZ VBN RB CC VBZ `` RB JJ '' , JJ NNP NNS VBP . IN DT NN IN NNP , DT CD HYPH NN NN VBD CD NN , RB IN CD NN . NN NNS IN CD NN IN NN IN DT NN IN CD VBP VBN IN DT NN POS CD NN NN IN CD . NNP POS JJ JJ NN VBD DT NNS CC VBD NNS VBG RB IN NN TO VB JJ PRP VBP RB VBN . NNP NNP NNP VBD JJ NNS VBD JJ IN DT JJ JJ NN IN NNS IN DT NN IN JJ NN IN DT JJ NNS . PRP VBD : `` PRP VBP JJ TO VB DT RB JJ NNS IN NNP RB RB . `` PRP VBP VBN IN PRP$ CD NN NN IN CD , RB DT NN IN NN IN NNS IN JJ IN NNP VBZ RB JJ . `` NNS VBP TO VB VBG TO VB RB CC VB PRP$ NNS VBN IN PRP VBP WRB JJ PRP VBZ . '' NNP NNP VBD IN DT NN IN NN NNS IN DT NN MD RB VB VBN . `` EX VBD DT NN IN NN RB CD CC CD NNS RB WRB PRP$ NN NNS VBD RB RB JJ , '' PRP VBD . `` DT NNS IN DT NN VBP RB NNS CC JJ NNS . PRP MD RB VB IN PRP VBD RB VBN CC PRP MD RB VB VBN DT JJ NN . `` RB PRP MD RB VB PRP IN PRP VBP VBG RB , CC VBG NNS CC NN NNS WRB EX VBP NNS IN NNS , TO VB RP IN PRP VBP VBN VBN CC IN PRP VBP RB VBN . '' DT JJS NN NNS VBP JJR IN CD NN IN NNS VBD VBN DT JJ NN IN DT NN PRP VBD CD NNS IN NN . NFP WP VBP NNS , WRB VBP PRP VB CC WRB VBP NNS JJ . NN IN NN NN , WDT VBZ VB JJ NNS IN NN WDT VBZ JJ NN CC NN , VBD CD NN IN CD NNS IN NN . DT NN VBZ VBN IN JJ NN NNS WDT , VBG IN DT NNP NNP NN , `` VBZ DT RB JJR NN NN VBN IN JJ NNS VBN IN DT JJ NN IN NN '' . NFP IN CD NNS IN NN , CD NN IN NNS VBD VBN DT NNP , NNP NN NN . NFP DT NN NN IN DT NNP NNP NNP -LRB- NNP -RRB- NN VBD RB CD NN . NFP NN IN DT NNP NN NN IN CD NNS VBZ VBN IN CD NN . NFP NN IN CD NN IN NN NN IN CD NNS IN NN VBD JJ DT NN IN CD NN . `` PRP VBP RB JJ IN DT NNS '' NNP NN NNP NNP VBZ VBN PRP$ NNP NNS IN DT NN IN CD IN PRP$ NNS VBD IN PRP WRB PRP VBD DT NN . PRP$ NN NNP VBD PRP$ NNS NN NN IN NNS , NNS CC NN VBD PRP$ NNS IN DT IN DT NNS VBD NN NNS . IN CD , NNP NNP VBD DT NN RB VBG NN CC NN NN IN DT NNP NN . RB IN PRP$ NN VBD VBN CC PRP VBD VBN IN DT JJ NN , EX VBD DT NN IN DT NN IN NNS VBN IN PRP$ NNS . NNP NNP , IN NNP , VBD PRP$ NNS VBD RB VBN VBN . `` IN DT NN , PRP VBD VBG IN NNP CC EX VBD DT NN IN NNP MD VB NN , '' PRP VBD . `` CC DT NN , PRP VBP , VBZ VBN VBN CC RB PRP VBP JJ IN PRP TO VB DT NNS . `` IN DT NN IN NNS IN NNS CC NNS CC NNS IN DT , PRP VBD PRP VBD DT JJ NN TO VB PRP VBN RB . '' DT NNP VBZ NNS VBP IN VBG NNS VB NNS TO VB NN IN RB VBG PRP IN PRP . PRP VBZ DT NN NN IN DT VBN NN WP VBZ IN NN IN DT NN MD VB PRP , CC RB VB DT NNS TO VB PRP . VBG IN DT NN NN : NFP NNS WP VBP VBN VBN IN DT NN MD VB PRP RP RBR NFP IN DT NN VBZ RB VBN , PRP VBP IN JJR NN IN VBG , CC VBG RB JJ IN HYPH DT NN ."
23,92,mainstream,"NNP NN CC JJ NN NNP NNP VBZ VBN PRP IN DT JJ JJ NN NN IN NN NNS IN VBG NNS IN PRP VBG PRP$ NN NN TO VB NN NNS IN DT NN POS NN . PRP$ NNP NN IN NNP VBZ DT NN IN NNP VBG PRP$ NN , NNP , IN DT NN `` NNP POS NN HYPH NN IN NNS . '' NNP CC PRP$ NN , NNP NNP , VBD DT NN IN PRP$ NN IN NNP CD . IN NNP , DT NN VBD VBN JJR IN CD CD NNS CC CD NNS , IN JJ VBG DT NN VBD DT JJ NN IN NN NNS . DT NN TO VB NNS VBZ VBN DT VBN NN IN DT NNP IN DT JJ JJ NNS . NN NNS VBP IN VBG NNS MD VB NNS CC JJ NNS , IN NN . `` PRP VBP IN PRP VBP VBG NNS . '' VBD NNP NNP IN NNP . `` EX VBZ RB JJ NN IN DT NN RB RB CC PRP VBZ RB JJ NN . '' `` VBP PRP , NNP NNP IN RB RB VBG DT JJ NN NN IN IN PRP MD VB IN NNS , CC VBP PRP IN VBG DT JJ NN NN PRP . '' VBD NNP NNP . JJ NNP NNS , RB , VBD NNP , VBG IN NNS VBP JJ . `` JJ NN , '' VBD NNP NNP IN NNP . `` VB DT JJ NNS PRP VBD DT JJ NN RB RB IN DT NN . '' `` JJ NNS VBP JJ NNS IN IN DT JJ NN , '' NNP NNP VBD IN NNP . `` VB PRP$ NN NNS . '' NNP , VBN IN JJR IN CD CD IN PRP$ JJ NN NN , VBD DT NN IN NNP IN JJ NN IN VBG DT NN NN `` IN NNP , '' WDT VBZ DT NN NN IN NNP . `` NN VBZ DT JJ CC JJ NN , '' NNP VBD IN DT NNP CD NN . `` DT NN VBZ RB JJ : NNS VBP CC VBP JJ IN DT NN IN NN IN PRP$ NN . ''"
24,271,mainstream,"DT NN VBG DT NN IN NN IN DT NN WRB DT NNP NN VBD VBN VBZ VBN JJ NN IN DT NN VBZ RB VBN IN DT JJ NN . DT NN VBG DT NN IN NN IN DT NN WRB DT NNP NN VBD VBN VBZ VBN JJ NN IN DT NN VBZ RB VBN IN DT JJ NN . NN IN CD NNS IN NNP , NNP , VBD IN NN VBD TO VB IN DT JJ NNP NN VBD VBN IN JJ NNS . NNP VBD VBG DT NNP NN IN NNP CD IN DT NNS NN IN DT NN VBD VBG NNS IN NN . DT NNP NN VBN IN DT NNP VBD DT JJ NNS NN . DT NN IN NNP NNP , IN DT NNP NNP NNP , CC NNP NNP NNP , IN NNP POS NNP IN NNP , VBD DT NN IN NNS VBN IN NN IN DT NN IN CD VBD IN NNP VBD VBN . IN DT DT NNP IN NNP NNP CC NNP , DT NNS VBP NNP `` MD VB VBN NN IN DT JJ NNS IN NN NN NNS IN NNP WP VBD VBN CC VBD RP IN DT NN WRB NNP VBD RB JJ . '' NNS IN NNP VBD IN DT NNP IN CD IN NNP NNP NNP , IN DT NNP NNP NNP IN NNP , VBD IN DT NN MD VB NN . DT NNS VBD VBN IN DT NN IN RB CD NNS CC VBD RB VBN IN JJS IN NNP NNP POS NNS . RB CD JJ NN VBZ VBN DT NN IN DT NN CC NN . CC IN RB , DT NN VBZ VBN IN WP VBD IN DT JJ NN VBD VBN . IN NN DT JJ NNS VBD IN NN NNS IN DT NN VBD VBN IN JJ NNS . NNP NNP POS NN VBD DT NNS IN CD NNS VBN IN CD NN IN NNP IN CD CC CD . DT NNS VBD WRB JJ NNS VBD VBN IN JJ IN DT NN IN CD . PRP VBD IN DT NN IN NNS VBD TO VB IN DT NN IN NNP . NNS VBD IN CD IN CD NNS IN CD NNS IN NN , IN IN CD CC CD IN CD RB . DT NN VBD DT JJ IN DT JJ NN IN NN VBN IN NNP IN NNP NNP , WDT VBZ NNS TO VB RB IN DT NN IN JJ NN . DT NN IN VBG NN NNS IN DT NN VBZ DT NN . DT NNS VBP RB HYPH RB JJ JJ NNS VBP JJ . NNS VBP , VBG DT JJ NN MD RB VB DT NN IN VBG JJ NNS CC VBN NN IN DT NN . NFP DT NN NN VBD VBN DT NNP NN NN IN CD NNS VBD NNS . DT NNP CD NN NNP NNP VBD DT JJ NN NN IN CD JJ NNS VBD RP IN DT NN . RB CD NNS VBD TO VB DT NNS ."
25,647,mainstream,"DT JJ NN VBZ VBG JJ VBN NNS IN DT NN IN PRP$ NN . PRP$ NN , RB , VBZ NN PRP . DT NNS , WP VBP IN VBG JJ NNS , MD VB PRP$ NNS CC VB PRP$ NN IN DT NN VBZ VBN VBN . DT JJ NN VBZ NN IN NN CC RB IN JJ NN . RB JJ , DT NN NN MD VB JJ NNS . DT NN VBZ CD NNS . IN DT NN NN , WRB JJS IN DT NNS IN DT JJ NN VBP VBN VBN , NNS VBP TO VB JJR IN DT JJ NN TO VB DT NN NN IN DT NN . RB , IN DT NN NN , WRB RB PDT DT NNS VBP VBN VBN , DT NNS , WP VBP JJ IN VBG , VBP RP TO VB TO VB RB RBR JJ NNS , CC IN JJR NN CC JJR NN . DT VBZ IN DT JJ VBG NN , WRB NN VBZ RB . IN PRP$ NN NN VBZ , PRP VBP NN , VBP NNS , CC VBP JJ NNS . PRP VBZ DT JJ NN , IN IN DT NN VBZ VBN , NNS MD VB VBN IN NN VBZ TO VB DT NN CC VB DT NN IN JJ NN IN DT JJ NN . EX VBP CD NNS IN DT NN : RB , VB PRP$ `` VBG NN '' : DT JJ NN PRP VBP DT NN : CC DT JJ NN PRP VBZ IN VBG JJ CC VBG PRP$ NN . RB , VB IN PRP$ JJ NN IN NN . RB , VB PRP$ JJ , CC JJ , NN TO RBR VB PRP$ JJ NNS IN DT JJ NNS IN PRP$ NN . CC JJ , VB DT JJ NN IN VBG DT NN IN NN NN NNS . NN IN DT VBZ JJ , CC IN JJ NNS : CC DT NNS WDT VBP IN PRP : DT NN IN JJ NN VBZ RB JJR IN VBG IN DT IN HYPH DT HYPH NN NN IN DT NN VBZ JJ HYPH VBN ."
26,1093,mainstream,"SYM CD HYPH IN HYPH CD VBZ IN : SYM NN : DT RB JJ JJ NN , VBN IN NNS CC NNS , CC JJ NN IN NN IN NN . SYM NN NN : DT NN IN DT NN VBN IN DT NN VBN IN NN CC NN NNS . SYM NNP -LRB- NN NN NN LS -RRB- : NN WDT MD VB JJ JJ NNS VBG NN , NN -LRB- DT NN IN NN NN -RRB- CC NN . SYM NNP : DT JJ NN WDT MD VB NN . SYM NN : NN WDT MD VB DT NN IN DT NN IN DT NN CC NN . SYM NN NN -LRB- NN -RRB- : RB JJ JJ NN IN DT NNS CC NN . NFP NN CC NN NN VBZ IN JJ NNS WDT MD VB IN NN , NN CC NN . NFP NN VBZ IN NN NN WDT MD VB NN CC NN . NFP NNP , NNP VBZ IN NN NN -LRB- DT NN WDT MD VB JJ JJ NNS -RRB- CC NN NNP . PRP$ NN POS NNP NNP NNP NNP VBZ RB VBN IN DT JJ NN CC NNP . PRP VBZ VBN TO VB PRP$ NN POS NN CC NN , NNS PRP VBP VBN VBN CC JJ JJ NN NN . PRP MD RB VB NN PRP : PRP DT JJ NN IN VBG NN IN PRP$ NN POS NN . VB TO VB PRP IN PRP WRB PRP$ NN VBZ NNS IN DT NN , NN CC NN . DT JJ NN : DT NN : VBZ VBG VBN IN DT NNS IN DT NNP . VB RP IN DT NN IN PRP VBP JJ IN VBG IN DT NN CC VBG VBN RB IN DT NNS . PRP$ NN POS NN NNS VBP RB JJ : PRP VBP DT NN TO VB IN PRP$ NN VBZ VBG RB . PRP VBP RB VBN RP IN PRP$ NN NN CC IN NN CC IN PRP$ NN NN , NN NN CC NNS POS NN . DT NN NNS VBP RB DT JJ NN IN PRP TO VB DT NNS PRP MD VB . PRP$ NN POS RB JJ NN NN VBZ NN RB IN PRP VBP VBN , CC PRP MD VB IN PRP$ NN VBZ CD IN CD CD CD NNS JJ ."
27,311,conspiracy,"WRB VBZ EX RB DT NN , NN NN . IN NNS VBP VBN VBN IN VBG IN DT JJ NN TO VB IN NNS VBP VBN PRP$ NN POS NN . DT NNP NNP VBZ DT NN IN DT JJ NNP NNP NNP NNP TO VB WRB DT JJ NN CC JJ NNS VBP TO VB RB IN VBG IN NNS VBP RB VB NN IN DT NN IN VBG NN IN PRP VBP VBG RB DT IN DT VBG NN IN NNS . NNP NNP : NN IN NN NNP NNP : NN IN NN NNP NNP : NN IN NN NN JJ NN PRP TO : DT NNP NNP NNP IN NNP NNP CC NNP DT NNP NNP NNP NNP NN : PRP IN NN IN NN -LRB- NNP -RRB- VBP PRP NN WDT VBZ RB VBN IN DT JJ NN , CC RB MD VB JJ . DT NNS , NNS , NNS , CC , CC NN PRP VBP VBP RB RB VBN , VBN , VBN , CC VBN TO IN VB IN NNP , PRP$ NN NN , NNS , DT WP VBP IN NNP , CC DT WP VBP PRP$ NN . RB , PRP VBP RB JJ . UH VB NN . VB JJ NN , PRP$ JJ NN CC PRP$ JJ NN IN NNP , NNP CC JJ NNPS TO VB PRP VB WP VBZ JJ CC WP VBZ RB . IN VBG NN CC VBG NN , PRP VBZ PRP$ NN TO VB NN CC NN IN JJR NNS TO VB PRP IN NN IN DT NN IN DT NN NN ."
28,994,mainstream,"PRP MD VB PRP$ NN NN RB IN VBG PRP NNS . UH VB PRP$ NN NN IN NNS IN PRP$ NN NN NNS . VB RP NN CC RB VB DT JJ NN NNS RB . VBG IN NNP NN , DT NNP NNP IN DT NNP IN NNP HYPH CD VBD IN NNS IN NNS MD VB RB CC IN NN VBZ TO VB DT NN MD RB VB RB IN DT NN VBZ VBN . IN RB , NNP NNP VBD JJ NN HYPH NN WRB VBG NNS IN NN MD VB TO VB TO VB DT JJ NN IN DT NN IN DT NN . PRP VBD : `` PRP VBP IN NN VBZ RB RB VBG TO VB JJ TO VB IN RB RBR IN NNS RB VBG JJ TO VB IN DT NN IN PRP VBZ RB JJ TO VB NN CC TO VB NNS VBN CC RB VBN RB . `` RB PRP VBP VBG IN PRP VBP TO VB RB RB IN WRB TO VB JJ IN NNS VBP JJ IN NNS VBP VBN . `` CC DT RBS JJ NN TO VB VBZ DT RB JJ JJ NN VBZ RB IN PRP . `` PRP VBZ RB VBN RB CC IN PRP VBP IN IN NN PRP VBP VBN TO VB JJ PRP VBP VBN NNS IN NN IN DT NN IN IN WRB NNS VBP DT NN PRP MD VB JJ WP PRP VBP VBN CC PRP MD VB PRP RB CC PRP MD VB NN PRP VBP VBN IN NN IN IN PRP VBD TO VB NNS IN DT NN WDT PRP RB VBP TO VB . `` IN DT NN , PRP VBP NNS IN NN . `` CC PRP VBP TO VB DT RB RB IN RB PRP VBP JJ NNS VBG RP CC VBG IN NNS IN NNS CC RB NNS VBG VBN . '' PRP VBZ IN DT NN VBZ VBN PRP$ NN TO VB DT NN NN `` VBZ VBG '' CC VBD DT JJ NN MD RB VB VBN DT NN . VB JJR : JJ NN : NNP NNP `` JJ DT NN VBZ VBG ''"
29,850,mainstream,"PRP$ NN VBZ PRP TO VB JJ NNS RB . CC PRP VBP JJ CC JJ IN WP DT NNS MD VB IN PRP$ NN . MD PRP VB JJ . : NNP PRP VBZ JJS TO VB VBN IN NN WRB JJ , CC DT NNS MD VB VBN IN DT NN VBZ JJ . NN NNS VBP VBN IN NN IN NN NN , CC RB IN JJ NNS . DT NN VBZ JJ : NNS VBP DT JJ NNS IN DT NN . PRP RB VBZ VB DT NN CC PRP$ NN IN VBG DT NN IN DT NN POS JJ NN IN NN . JJ NNS MD RB VB DT NN VBN IN DT VBN NN . DT NN NN RB VBZ IN DT JJ NN , CC PRP VBZ DT JJ NN IN DT NN CC VBZ RB JJ IN NNS HYPH TO HYPH VB . DT NN NN -LRB- IN NN , NN , CC NN -RRB- VBZ RB VBN IN DT JJ NNS IN DT JJ NN IN DT NN , RB RB IN PRP VBP VBN PRP RB CC WRB PRP VBD RB VBN . DT VBZ IN IN DT NN IN VBG NN NNS , WDT MD VB JJ IN NNS WP VBP RB RB VBN PRP$ JJ NNS . DT NNS MD RB VB VBN IN NN , JJ IN DT NNS , NNS , CC NN NN -LRB- NN -RRB- , JJ NN -LRB- NN -RRB- NN , CC NN -LRB- NN -RRB- NN . IN PRP VBP DT NNS IN NN , VB IN PRP$ NN TO VB JJ PRP VBP JJ IN PRP ."
30,892,mainstream,"JJR IN CD IN CD NNS IN DT NN VBP RP IN JJ NN HYPH VBG NNS , VBG IN NNS VBN IN DT NNP NNP NNP . TO VB NNP NNP NNP , VBG IN NNP CD IN NNP CD , NNP VBZ VBG DT NN IN NNS CC VBZ RB VBG IN DT JJ NN IN NNS VBP RB VB DT NNS IN DT . DT VBN CD NN NNS VBD RP IN DT JJ NN , NN CC NN : CC NN NN : -LRB- NN -RRB- NN IN CD , VBZ NNP . IN NNS TO VB NN NNS IN DT JJ NN NN VBZ VBN CC RB CD NN NN IN NNS RB : CD NNS : VBD DT JJ NN NN . WP VBZ IN IN CD CC CD CD NNS VBP VBN DT NN IN DT NN NN CC DT JJ CD CD NNS MD VB VBN IN NN VBD . RB CD NN NN IN DT NNS VBG RP IN DT NN HYPH VBG NNS VBP IN RB CD NNS ."
31,666,mainstream,"VBG IN DT NN IN NNS , JJ NN NN RB JJ IN NN NN NNS IN NNS IN DT JJ NN IN JJ JJ JJ NN VBP VBN VBG IN DT NN IN NNP , NNP , VBN IN CD IN JJS IN DT NN VBD NN IN DT NN . RB , CD NNS RBR , PRP VBP VBN VBN JJ NN IN NNS VBP PRP MD RB VB IN NNP HYPH CD . VBG IN DT NN VBN IN NNS , RB IN CD IN CD NNS IN NN VBP IN DT NN NN VBN NNP IN NNP . `` PRP RB MD RB VB DT NN . RB IN DT NN CC RB IN JJ NN , '' VBD NNP NNP NNP , DT NN IN NN IN NNP NNP IN NNP CC CD IN DT NN POS NNS . JJ NNS : DT JJS IN NN IN NNP JJ NN : WP PRP VBP TO VB IN NN IN NNP VB PRP$ NN : PRP VBP TO VB IN NNS , NNS CC NNS VBN IN NN CD NNS VBP VBN TO VB DT NN IN JJ NNS CC TO VB PRP VBZ JJ CC JJ . DT NN HYPH VBN NN VBZ VBN VBG NN , DT JJ NN IN DT NN VBN IN DT NN IN NN NN NNS VBN IN DT NN . `` EX VBZ DT NN IN NN CC DT NN IN NN IN DT NN , '' VBD NNP , WP VBZ NN IN DT NNP NNP POS NNP NNP IN NNP NNP . PRP VBD NNS VBP TO VB NN IN DT NNP NNP CC NNP NNP TO VB JJ NNS RB RB IN NNP . DT CD NNS IN DT NN VBP NNP NNP IN NNP , NNP NNP POS NNP NNP IN NNP NNP , CC NNP , DT CD HYPH NN HYPH JJ JJ NN VBN IN VBG JJ NN . NNP NNP , NNP POS JJ NN IN NN NN , VBD IN IN DT NNP NN CC DT JJ NN `` VBP RB JJ NNS , PRP VBD IN EX VBD JJ NN IN DT NN TO VB DT JJ NN . NFP `` RB IN VBG TO VB IN NN CD IN VBG DT NN , DT NN VBZ RB JJ TO VB IN DT NN . PRP VBZ RB RB RB IN DT NN . '' NNP , WDT VBZ IN JJR IN CD NNS , VBZ VBN IN VBG NNS IN JJ NN , NN NN CC NN . DT NNP NN , VBN IN NNP , VBD VBN IN NNP CC NN NNP NNP , NN IN NNP NNP POS NNP NNP IN NNP NNP . PRP VBZ IN VBG DT JJ NN VBN IN CC NN CC DT JJ NN TO VB NNS . DT NNS VBP PRP$ NN NN TO VB IN DT NN IN JJ NNS , RB IN CD NN IN DT NN , DT NN VBN NN HYPH CD . IN DT NN VBZ VBN , DT NN VBZ RB JJ TO VB DT NNS . DT NN VBZ DT NN IN DT NN CC JJ NN IN VBG DT NN IN DT NN NN WDT VBZ IN DT NN HYPH CD NN . NNP VBD DT NN VBZ VBN VBN IN NNS . PRP RB VBZ VBN VBN RB IN DT NN , DT NN HYPH VBN NN WDT RB VBZ NNP HYPH NNP HYPH CD CC VBZ JJ IN VBG NN . IN VBG DT NN NN IN CD , DT NN VBD RB CD NNS CC $ CD CD IN NNS IN DT NNP NNPS IN NNP TO VB CC VB DT NN . DT NN VBD NNP NNP IN NNP , NNP NNP POS NNP NNP , DT NNP NNP NNP NNP , NNP NNP NNP NNP IN NNP CC DT NNP IN NNP NNP NNP IN NNP . IN VBN , DT NN VBD VBN IN DT NNP . RB , IN CD , WRB NNS VBD JJ TO VB IN JJ NNS , NN IN DT NNP NN VBD . JJ NNS VBD RB JJ . CC JJ NNP CC JJ NNP NN NNS . JJ NNS JJ TO VB NN VBD JJ NNS . IN DT NN VBD RB IN CD , DT NN IN NNS VBD IN DT NN MD VB . NNP NNP NNP , DT JJ NN IN NNP IN NNP HYPH NNP NNP , VBD PRP VBD IN DT NN TO VB NN NN CC VBD JJ TO VB NN . `` EX MD VB VBN DT NN IN NN IN NN , CC DT NN VBD RP , '' NNP VBD . `` PRP VBD JJ HYPH NN , RB RB IN DT NN IN NN NNS , CC RB NNS PRP . '' PRP VBD IN NNS VBP DT NN HYPH NN NN WDT VBZ RB VBN TO VB NNS IN WDT NNS VBP NN CC WDT VBP RB . RB , IN CD NNS IN NN , DT NNP NN VBZ VBN TO VB NN IN PRP$ VBN NN . `` PRP VBZ JJ TO RB VB IN DT NN IN NN TO VB DT JJ JJ NN NN , '' VBD NNP , NN IN DT NN IN NNP . NNP VBD IN NNS VBP TO VB DT NN IN PRP$ NN IN JJR IN $ CD CC $ CD DT NN . `` PRP VBZ VBG RB JJ IN DT NN VBZ JJ NN IN JJ HYPH CC JJ HYPH NN NNS IN NNP CC NNP NNP , NNP CC NNP , '' PRP VBD . `` PRP$ NN VBZ TO VB IN PRP$ NN NNS VBP IN NN HYPH CD NNS IN JJ NN , RB NNS MD VB IN DT JJ JJ HYPH NN NNS WRB PRP VBZ RB RB VBN . ''"
32,1256,mainstream,"WP VBZ DT NN NN . DT NNP NNP NNP -LRB- NNP -RRB- NN VBZ DT NN IN NNS VBN IN JJ NNS IN PRP$ NN . DT NNS VBP IN NN IN IN NN . DT NNS VBN IN DT NN NN VBP JJ . NN IN JJ NNS IN DT NN VBZ VBN IN NN IN NN NNS . TO VB DT JJS JJ NN , VB JJ PRP VBP PRP$ NNS IN NN , DT NN . DT NN NN RB VBZ WDT NNS PRP MD VB CC WRB . IN PRP VBP IN DT IN DT NNS RB , PRP VBP JJ TO VB DT JJ NN NN DT NN . DT NNS JJ JJR IN CD NNS VBP JJ IN JJ NN HYPH RP NNS . DT NN CC NN IN NNS CC NNS WDT VBP JJ IN NN VBN NN HYPH NN VBZ JJ IN NNS JJ JJR IN CD NNS CC DT JJ CD SYM CD NNS . VB JJR IN NNP NNP NN HYPH RP NNS . JJ NNS CC JJ NNS VBP JJ IN JJ NN HYPH RP NNS . NN CC NN NN NNS RB VBP DT JJ NNS . PRP VBZ JJ TO RB VB DT NN NN IN PRP$ NN . DT NNP NNP NNP -LRB- NNP -RRB- VBZ NN IN JJ NN NNS . VB DT NN CC VB DT NN IN NN TO VB : NFP VB RP IN PRP$ NN NNS IN DT NN , VBG DT JJ NN NNS IN JJ NNS . NFP VB PRP$ CD NNS IN VBG VBN . NFP VB DT NN IN VBG VBN IN NN TO VB RP DT NNS : WRB NN VBZ CC WRB PRP VBZ JJ . NFP VB RP JJR IN NN NNS IN NNS JJ IN IN CD NNS IN DT VBG NNP IN NNP -LRB- NNP -RRB- NN IN NNS ."
33,618,mainstream,"DT NN VBN TO VB NNP , DT NN NN IN NN , MD VB RB VBN DT NN IN VBN NNS , VBG DT NN IN NN IN DT NN NN IN NNS . PRP VBD RB VBN IN CC DT JJ CC JJ NN NNS MD VB VBN IN NN NNS , CC RB VBN . RB , DT NN VBN IN DT NN NN NNP VBD IN IN CD NNS VBN IN DT NN WP VBD VBN IN DT NN , CD VBD TO VB JJ TO VB PRP$ NN IN DT NN . NNP NNS IN DT NNP CC NNP NNP NNP IN NNP NNP CC NNP NNP VBP RB VBG TO VB DT JJ NN TO VB IN DT NN JJ IN NNS . DT NN VBD DT NN IN DT NN VBN NNP , WDT VBZ IN IN CD NNS RBR JJ IN NN . NNS RB VBD NNS IN DT NN CC RB VBD PRP IN NN . DT NN VBD RB VB IN RB NN IN DT VBN NNS , WDT RB VBP IN CD NNS IN VBG VBN . DT NN VBD DT VBN NN IN DT NN -LRB- NN -RRB- , WDT VBZ IN DT NN NN , TO VB IN DT NN NN CC VB DT NN NN TO VB RP NN . IN VBG VBN IN DT NN , DT NN NNS VBD TO VB IN VBG RP CC VBG NNS IN NN . PRP VBD JJ IN IN CD NNS IN RB VBG VBN . NNP NNP NNP VBD DT NNP : `` PRP VBZ RB JJ TO VB NN , EX MD RB VB DT NN WDT PRP VBD RB VB WDT VBZ DT NN IN PRP . CC IN DT JJS NN , IN RB JJ NNS , EX VBD DT NN VBN IN DT NN IN DT NNS . '' RB , PRP VBD DT NN VBD RB VBG TO VB WRB DT NN VBD RB JJ IN CD NNS . `` PRP MD VB DT NN IN NNP VBZ RB JJ IN DT VBZ DT JJS PRP VBP RB VBG TO VB '' , PRP VBD . `` EX VBZ DT NN VBG RP , CC PDT DT NN DT NN VBZ CC PDT DT NN PRP VBZ RB . '' RB , DT NN VBP TO VB IN DT JJ NN MD VB VBN CC VBN JJ RB TO VB JJ IN NNS . JJ JJ NNS MD VB IN CD NNS IN DT NN VBZ VBN CC DT NN VB NN IN JJ NNS , NNP NNP VBD ."
34,1164,mainstream,"IN JJ NNS EX VBZ VBN JJ NN VBG DT NNP NN . DT NN VBD VBN TO VB IN CD JJ JJ NNS : NNS , NNS , CC NN . DT CD NNS VBP RB JJ CC MD VB RB IN JJ NN NNS . RB IN PRP$ JJ NNS IN NNS , NNS , CC NNS , DT CD NNS MD VB JJ , RB JJ NNS , VBG : NFP NN NN MD RB VB NN IN JJ NNS IN JJ JJ IN VBN NNS , DT NNS VBP JJ IN VBG NNS WRB JJ NNS JJ IN NN CC NN VBP RB JJ . NN VBZ RB CD IN DT VBG NNS IN NN HYPH JJ NNS IN VBG NNS . DT NNP NN VBD VBN TO VB DT CD NNS CC VBZ VBN RB JJ . JJ IN JJ NN , DT CD NNS VBD JJ IN RB CD CC DT NN CD NNS DT NN . IN CD , DT JJ NN NN VBZ VBN IN RB CD . IN CD , CD JJ NN -LRB- WDT VBZ RB VBN VBN -RRB- VBD EX VBD DT NN IN NN NN CC NN . IN DT NN NNP NN NNS IN DT NNP VBD . IN CD , DT NNP NN NN VBD VBN IN CD NN . DT NN NN VBD CD NN . JJR JJ NNS IN DT NNP NNP NNP VBP VBN IN EX VBZ DT NN IN DT NN NN CC NN ."
35,1340,mainstream,"WRB VBZ EX DT NN NN . PRP VBP IN NNS IN NN IN NN CC NN NN MD VB NNS TO VB VBN IN VBG NNS . NNS VBP VBN IN NNS VBP VBN , WRB PRP RB VBP JJ NN VBG PRP$ NN NN , IN NNS VBP VBN IN NNS VBP VBN , WRB DT IN JJ NN VBP DT JJ NN IN NN NN . NNS VBP IN , IN RB VBN NNS , IN WDT NN NN VBZ RB JJ IN NNS , NN NN IN NNS MD VB DT IN NNS IN DT NN IN CD . JJ IN DT NN , JJ NNS VBP NNS VBP RB JJ TO VB VBN IN RB VBN NNS . NNS IN NNS VBP VBN IN DT NN IN NNS CC IN DT NN IN DT NN IN NN CC NN NN CC DT JJ NN IN JJ NN NNS . PRP VBP DT NN TO VB IN NN NN CC IN NN NN IN NNS . VBN IN JJ NNS VBP JJ TO VB IN DT JJ NNS WRB JJS NNS VBN IN NN , NN VBP , NNS IN VBG DT NN VBP JJ JJ NN NNS ."
36,1192,mainstream,"JJ NN NN NNP VBD NN IN PRP MD VB IN IN $ CD CD IN DT NNP IN NNP NNP -LRB- NNP -RRB- TO VB NN CC NN IN PRP$ NN HYPH CD NN NN . DT NN RB VBD $ CD CD IN NNP IN NNP TO VB CC VB DT NN IN NN . IN JJ NNP , DT NN VBD IN PRP VBD VBN DT NN NN PRP VBZ NNP HYPH NNP , WDT PRP VBZ VBZ RB VBN NN IN NN NNS . NNP POS NN VBZ DT `` NN NN , '' WRB RB DT NN IN DT NN -LRB- DT NN NN -RRB- VBZ VBN IN DT NN TO VB NNS WDT MD VB IN DT NN HYPH CD NN . DT NN VBZ TO VB NN CD JJ JJ NNS IN DT NN IN NNP CC VB JJ NNS IN DT NN IN NNP . NN IN DT NN MD VB VBN TO VB DT NN NN DT NN IN NNP CC TO VB NN RP IN DT NN NN VBN TO VB CD CD NNS IN DT NN IN DT NN IN DT NN . IN DT NN NN , NNP NN NNP NNP VBD DT NN VBD DT NN POS JJS RB . `` PRP$ NN NN NNS VBP VBG TO VB NN , RB PRP VBZ JJ IN PRP VBP RB TO VB NN NN , '' PRP VBD . NNP VBZ CD IN JJ NNS VBG TO VB DT NN IN NN HYPH CD . IN PRP VBZ VBG IN NN CD NNS RB VBN IN JJ NN NN , PRP RB VBZ IN DT IN PRP$ NNS . JJ NN NNP -LRB- WDT VBZ RB VBN JJ NN IN NNP -RRB- VBD IN PRP VBD VBN NNP NN TO VB DT NN CD JJ NN . NNP VBZ VBN IN JJ NN NNP IN DT NN , IN WDT NN CD JJ NNS VBP VBN IN DT NNP . JJ NN CC JJ NNS IN DT NN"
37,711,conspiracy,"NNP NNP POS NNS JJ RB IN NNP . VBG RP DT NNS : JJ NN IN VBG JJ NNS , JJ NN CC JJ NN IN : NNP NNP `` IN DT NN IN JJR IN CD NNS NN NNS MD VB CD NN . DT NNS IN CC NN CC NN VBP RB CD NN . -LRB- VBN -RRB- IN : NNP NNP , CC IN VBN IN PRP$ JJ NNS JJ NN NNS VBP VBG NN IN DT JJ NN IN DT NNP NNPS JJ NNPS VBP VBN VBN IN NNPS , NNP CC NNP NNPS VBG TO VB DT JJ NNP NNP WDT IN NN VBZ VBN -LRB- VBN -RRB- RB CD NNS . CD NN NN IN DT VBN NN PRP MD VB IN VBN IN DT NNP CC NNP NNP NNP IN PRP$ NN VBN `` NN NN NN VBG '' CC WDT VBZ : `` IN NNP CD , NN VBD VBN IN CD NNS IN NNP NNP , '' VBD NNP NNP NNP , NNP NNP NNP . `` IN RB JJ JJ NNS IN DT NN VBP VBN VBN IN DT NN , WDT RB VBZ JJ NNP NNP . JJ NNS VBP VBN VBN IN JJ NNP CC NNP NNS RB RB . '' DT NN HYPH VBN NNS VBP VBN VBN CC VBP VBG VBN . JJS NNS VBP VBN NNS , RB , NNS , NN , CC VBN NNS VBP RB VBN VBN . NNP VBD NN VBZ VBN IN DT NN IN DT NN , RB , NNS IN DT JJ NN IN NN VBP VBG VBN IN DT NNP NNP NNP IN NNP NNP NNP NNP . '' DT NN IN DT IN DT NNP NNPS VBD PRP MD VB IN VBN IN DT NNP NNP NNP NNP IN PRP$ NN VBN `` NNP VBZ RP IN NNP NNP NNP '' CC WDT VBZ , `` NN VBZ DT RB JJ JJ NN IN PRP MD VB DT JJ NN IN DT JJ NN IN NNS IN DT RB JJ NN , '' VBD NNP . NNP VBD EX VBZ RB DT NN TO VB DT NN IN DT NN JJ IN WRB NNS VBP VBG . PRP VBZ RB JJ IN DT JJ NNS VBP VBN IN IN NN . `` NN VBZ RB JJ IN NNS , RB RB IN JJ NNS , IN NNS , '' VBD NNP , WP VBD IN PRP VBD JJ IN JJ NNS VBD VBN TO VB IN DT JJ NNS . NNP VBD IN IN DT VBZ DT JJ NN IN NNP NNP , NNP NNP VBZ VBN RB CD NNS VBN IN DT NN . '' IN RB RB VBN IN DT NNP NNPS , DT NN IN DT NN RB VBG RB , CC PRP$ JJ NNS JJ NN , MD RB VB CD IN DT NN IN DT JJ NN VBZ JJ IN NN , CC IN VBN IN NNP NNP NNP NNP IN DT NNP NNPS NNP IN NNP , NNP NNP IN NNP NNP , IN PRP$ NN VBN `` NNP NNP : DT NNP IN NNP '' CC WDT VBZ : `` NN DT NNP VBD CC VBD DT NN HYPH NN IN DT VBN JJ NN . UH VB IN PRP RB . DT NN IN DT NNP NNPS MD VB IN PRP$ NN TO VB JJ NNS CC VB JJ NNS TO VB NNS MD DT NN VB JJ IN VBN IN DT NN . `` DT NN VBD DT NN IN NNS CC NNS VBN IN DT NN IN DT RB JJ , JJ NN . JJ NNS VBD RB JJ IN JJ NN NNS IN IN DT NN . PRP VBD VBG DT JJ NN IN DT NNP NNPS . PRP$ NNS VBD IN VBG NN IN PRP VBD PRP$ NN . DT NNPS VBP VBN PRP , VBN PRP . DT NN VBZ VBN IN NN . '' DT NN VBN IN NNP NNP VBD PRP$ NN IN DT NN . `` DT NN PRP VBP VBN VBZ JJ , JJ . VBG RB , PRP MD VB PRP , '' NNP NNP VBD . JJ VBD DT JJ NN , RB VBN , IN JJ NNS CC DT NN IN JJ NN . `` DT NNP NNPS MD VB RB JJ , CC PRP VBP NN WDT MD VB PRP IN PRP$ NNS . `` `` PRP$ NN IN NNP NNP CD IN `` NNP NNP '' MD VB IN NN IN VBG DT NN , '' VBD NNP NNP , DT JJ , JJ VBG NN . '' RB , PRP$ NN VBZ JJ IN DT NN IN PRP$ NN , '' NNP VBD IN PRP VBD PRP$ VBG NN . `` NNP VBD VB DT JJ JJ NN IN `` NNP NNP POS IN NNP WRB PRP VBD IN DT JJ NN . NNP NNP RB VBD NN IN DT NN . NNP VBZ DT NN IN JJ NNS . PRP VBZ VBN VBG IN DT NNP JJ NN CC NN NN VBG JJ JJ NNS . PRP$ NN CC NN IN PRP$ NN VBP VBN PRP TO VB DT NN JJ TO VB PRP$ NN . '' `` PRP VBP VBN NN , NN NN , TO VB DT NN . NN VBZ JJ , JJ TO VB , RB JJ , CC RB JJ . JJ IN DT NNP NN VBZ VBN VBN IN PRP , CC DT NN VBZ JJ VBN : CC DT NN VBZ RB PRP$ NN RB . PRP$ NN VBZ TO VB NNS IN DT JJ NN IN IN DT JJ NN VBG DT NN CC NN NN , VBG DT JJ NN IN DT NN CC VBG NN CC NN IN DT NNP NNPS . '' `` NNP VBZ NN NN . IN DT NN PRP VBP IN NN VBZ DT NN IN PRP$ JJ NNS CC NNS , JJ IN DT NNS VBN MD VB RB JJ IN JJ . NNS VBP RB JJ IN NNS VBP . NN MD VB VBN IN NNP IN `` NN IN VBG NN . '' DT NN IN DT JJ NN MD VB TO VB NNP IN NN IN VBG DT NN . DT NN MD VB PRP$ JJ NN . PRP MD RB VB IN DT NNS MD VB IN RB CD NNS . WRB PRP VBZ VBN WRB DT NN VBD IN , DT NNPS MD VB DT NNP NNP CC VB NN . EX MD VB JJ NN CC NN . DT NNP NNPS MD VB VBN , '' NNP NNP NNPS RB VBP DT NN NNS VBP VBN VBN TO `` VB '' DT NN IN DT NN NNS IN IN WP PRP$ JJ NNS VBP VBZ DT `` NNP NNP NN '' . DT NN IN DT JJ NN `` NNS '' IN NN IN PRP$ NNS VBZ RBS JJ , CC IN VBN IN DT NN IN DT NNS IN NNP DT JJ NN IN DT JJ NNS WDT VBD IN PRP$ NN NNS DT JJ NN . JJ NNS RB VBP IN DT VBN NNS IN DT NNS IN NN IN DT NNP NNPS RB IN NN VBP VBN TO VB IN PRP$ NNS DT JJ NN IN NN IN DT NNS . IN DT NNS VBP VBN RB VBN , VB JJ NNS , DT NNS MD RB VB RP PRP$ NNS , VBG PRP$ NNS TO VB . RBS RB DT VBZ RB JJ IN DT NNP NNPS , CC IN PRP MD VB IN VBN IN DT NNP NNP NNP NNP IN PRP$ NN VBN `` NNP NNP POS NNP NNPS NN NN NNS IN JJ NN '' CC WDT VBZ , `` JJ IN DT NN NNS VBD IN DT NN IN DT NN MD VB PRP CC VB TO VB IN PRP$ NNS . DT RB JJ NNP NNP IN NN VBD DT JJ NN . NNS VBD JJ NNS VBD DT NNS , CC DT RB RB VBD PRP$ NNS RP IN NN . `` PRP MD RB VB VBN CC JJ IN JJ IN PRP$ NN JJ , '' NNP NNP , DT NN IN NNP NNP , NNP , VBD IN PRP VBD DT NN NN IN DT NNP NNP NN . '' IN DT NN IN DT NNPS IN DT NNS VBP RB VBN IN PRP$ NN , CC RB IN PRP$ NN PRP VBP RB RB VB , RB WRB PRP VBZ RB VBN RP IN PRP , CC IN PRP MD VB IN VBN IN DT NN IN DT NN NN WDT VBZ : `` NNS NNS VBD NNS NNP TO VB DT NNS IN RB JJ , VBG TO VB NNS IN JJ NN . `` PRP VBP VBG IN NN NN CC NNS JJ RB TO VB NNS WDT PRP VBP VBP VBN VBN IN DT JJ NN NNS , '' VBD NNP NNP NNP , JJ NN IN DT NN NN . `` DT NN MD VB TO VB DT JJ NN IN DT NN IN CD . IN DT NNP JJ NN VBZ NN CD , PRP MD RB VB VBN . '' PRP VBZ JJ TO VB IN DT JJ NNS WDT MD VB VBN IN NNP NN MD DT NNP NNS VBD VBN DT JJ JJ NN IN NN VBN IN DT NNP NNP NNP CC DT NN WP RB VBZ JJ IN DT NNP NN MD VB VBN `` NN CD '' . CC IN DT NNS IN DT JJ NNS NNS VBN IN DT JJ NN PRP VBP RB RB VB , CC RBR RB PRP VBP RB RB VB . CC IN DT NNS PRP RB VBP IN DT NNP NNP EX VBZ DT NNS , CC NN , RB NN CC NN . IN RB DT JJ NNS MD VB DT . NFP NNP CD , CD , NNP CC NNP DT NNS VBN . -LRB- NNP . NN : DT NNP NNPS NN RB VBZ TO VB , CC NN , DT CC DT NNS IN DT IN DT VBG IN VBN NN CC , CC VBN NNS , IN WDT PRP VBP RB CD . DT NNS VBP VBN CC RB JJ JJ NN VBZ VBN IN PRP$ NNS TO VB PRP$ NN . -RRB-"
38,1189,mainstream,"DT NNPS , DT NNPS CC NNPS DT VBD JJ CC JJ NNS JJ NN -LRB- NNP CD -RRB- IN PRP VBD NNP NN IN NNP NNP NNP . DT CD HYPH NN NN VBD VBN TO VB DT NN IN PRP$ NN NNP NNP IN NNP NNP NNP NNP NNP WP VBD IN CD . PRP VBD DT VBN NN IN CD NNS WDT VBD NNP , NNP CC DT NNP , NNPS , NNP , NNP CC DT NNP , NNP NNP IN NNP , NNP NNP CC NNP NNP , WP VBD RB IN DT NNPS `` NN NN . NNS NN NNP NNP VBD IN DT NN WP DT NN VBD IN NN VBN , VBG `` NNP '' IN NNP POS NN NNP CC VBG `` NN '' IN `` DT NN PRP VBD IN NNP '' . PRP VBD DT NN NN IN VBG DT NN , WDT VBD TO VB NNS IN DT NNP POS NNP , IN VBG : `` PRP VBZ DT NN IN NNP TO VB RB JJ IN PRP RB CC RB JJ JJ NNS IN DT NN . '' DT NNPS RB VBD NNP POS NN IN PRP$ NN VBG TO VB DT NN IN NN NNP NNP VBD DT NN , WDT VBD IN NNP IN CD , MD VB DT JJ NN WRB PRP VBD DT NN : `` WP VBZ VBG IN NNP JJ NN . '' PRP VBD PRP$ NN IN JJ NNS IN `` NNP NNP '' , `` NNP IN DT NNP '' CC `` RB NN '' . DT NNPS VBD DT NN IN JJ NN , VBG IN JJ JJ `` DT NNP '' CC `` NNP POS NN '' IN IN VBG IN DT NN . VBG IN NNP IN DT JJ NN , DT NN POS CD HYPH NN NN VBD CD JJR JJ NNS : DT JJ `` NNP NNP '' CC DT NN NN IN `` NNP NNP '' . NN NNP NN VBD IN DT JJ '' MD VB IN DT JJ NN , CC PRP MD VB IN PRP VBP VBN PRP RB '' . NN RB VBD NN IN DT NN IN DT NN HYPH NN , VBG IN IN DT NN DT IN PRP$ JJ NNS VBD RB HYPH NNS '' WRB PRP VBP TO VB PRP$ JJ NNS CC DT JJ JJ NNS RB RB '' . IN VBG IN DT RB HYPH VBN `` NNP '' DT NN VBD VBN RB IN DT IN NNP POS NNS CC NN IN NNP NNP NNP NNP NNP POS NN `` VB DT NNP PRP VBP '' VBD RP TO VB DT NN IN DT JJ NN . `` DT NN '' `` NNP POS NN '' `` NNP NNP '' `` NNP '' `` JJ NN '' `` IN PRP$ NN '' `` NN NN HYPH RP NN '' `` DT IN NNP '' `` NNP NNP '' `` VB PRP RP '' `` IN PRP NNP '' `` NNP NNP '' `` NNP ''"
39,825,mainstream,"DT JJ NN IN DT NNP TO VB JJ NN IN DT NN NN VBZ VBN `` JJ NNS '' IN DT JJ NNS . DT NN NN , NNP , RB VBD CD NNS IN DT NNS IN CD CC CD IN VBG NNS IN PRP$ JJ NN . IN CD NNS WP VBD CC DT CD NN CC CD NN NN NNS IN DT JJ NN , NNS IN NNS VBD CC VBN NNS VBN IN NNS WP VBD VBN IN NNP HYPH CD , VBG IN DT NN NN . `` DT VBZ DT RB JJ NN IN PRP VBP DT NN WDT MD VB DT NN IN VBG , '' NNP NNP JJ NNP NNP NNP VBD NNP IN DT NN . DT NNS '' MD RB VB VBN JJR , '' PRP VBD . IN DT CD NNS VBN IN DT JJ NN IN NN , DT NN VBD NNS TO VB JJ NNS TO VB DT NN IN DT NN NN . `` DT NNS VBP PRP$ NN IN NNP HYPH CD VBZ DT NN TO VB NNP HYPH CD NN , '' NNP NNP , NNP JJ JJ NN , VBD DT NNP NNP . CD NNS WP VBD DT JJ NN IN DT NN VBD RBR JJ NN NNS , DT NN VBD . IN DT NN , NNS VBP VBN RP DT NN IN DT NN IN JJR NNS . CD NN WP VBD DT JJ NN VB RBR JJ NN NNS , CC DT IN DT NNS VBD JJ CC VBD PRP IN PRP$ JJ , DT NN VBD . IN NN IN DT NNS DT NN VBZ VBN DT JJ NN VBZ VBN TO VB `` RB JJ CC RB HYPH VBN '' . DT JJ NN IN DT NN , WDT MD VB DT NN MD VB DT NN IN CD NNS , VBZ VBN TO VB RB . DT JJ NN MD VB TO VB NNS IN NNS , TO VB NN CC NN IN DT JJ NN IN DT NN . DT NN VBZ VBN JJR IN CD CD NNS CC VBD RB CD , VBG IN NNS IN DT NNP NNP NNP . DT JJ NN VBZ RB VBN VBN DT JJ JJ `` NN RP '' IN DT NN NN , VBG NNS TO VB NNS . IN DT CD JJ NNS VBP IN DT JJ NNS IN NN CC VBG PRP RB . NNP POS NNS VBP RB DT NN IN DT JJ , JJ NN IN JJ VBN TO VB VB DT NN VBZ JJ , CC NNS VBP JJ NNS MD VB VBN IN NN . NFP"
40,290,mainstream,"NNS VBP VBN DT JJ NN IN NN IN NN CC DT VBN NN IN VBG NN CD NN . VBG NN IN DT NN MD VB DT JJ NN TO VB DT NN . MD DT JJ NN NN VB DT NN IN NN CD NN . DT JJ NN DT NN VBZ DT NN VBZ JJ , CC NNS VBP IN DT JJ NN IN JJ JJ CC JJ NNS VBZ IN NN . DT JJ NN VBZ VBN JJ NNS IN JJ NN IN DT NN IN NN CD NN : RB IN NNS WP VBP RB JJ . CD JJ NN VBZ NN . NN IN NN VBZ NN , RB VBN IN NN NN . IN NNS , NN VBZ DT RBS JJ NN IN NN . VBG IN DT NN NNP NNP , NNP NNP NNP NNP : DT NN IN DT NNP CC NNP NNP NNP IN NNP NNP IN DT NNP IN NNP IN NNP : CC NNS VBP NNS WDT VBP PRP$ NN IN DT NN IN NN CC NN CD NN . PRP VBP IN CD NNS IN JJ WDT VBP DT NN IN JJ NN CD NN NNS IN NNS WP VBD DT NN NN . NNS VBP VBG IN DT NN IN NNS VBG IN NN CD NN VBZ IN DT NN . IN CD , DT NN IN JJ NNS VBD DT NNS IN DT JJ NN WDT VBD IN RB CD RB VBN NNS IN NN CD NN IN NNS IN DT NN IN CD . VBN IN DT NNS , PRP VBD DT `` NN IN JJ NNS IN NN CD NN IN JJ NNS JJR IN CD NNS -LRB- SYM -RRB- IN CD CC CD . '' IN NNP , NNP NNP VBZ , JJ NNS RB RB VBD DT JJ NN IN DT NN . `` DT JJ NN IN DT JJ NN WDT MD VB JJ IN -LRB- NN -RRB- IN DT NN JJ NN VBZ IN DT NN IN NNS '' NN HYPH IN '' IN PRP$ NNS , '' PRP VBZ . `` DT VBD VBN IN DT NNS CC VBD NN CC NN VBG RB RB IN VBG DT NN IN DT JJ NN IN NN . '' NNS IN NN VBD JJ IN JJ NNS . VBG NNS VB IN PRP$ NNS VBD PRP$ NN IN DT NN . NNP NNP VBZ NN IN NNS VBG IN DT NN IN NN NN MD VB JJ . WRB RB JJ NN NNS VBD VBN IN DT NN , PRP VBD RB VB RB TO VB NN CD NN . RB , NNS VBN IN NN IN DT JJR NN VBD . IN NN IN NN IN JJ NN VBZ VB NN CD NN IN RB JJ NNS , WP VBD WRB NN NNS VBD DT NN NN IN NN IN DT VBN NN NN . `` PRP VBD IN IN JJ NN IN -LRB- NN -RRB- VBD DT JJ NN IN -LRB- NN CD NN -RRB- , RB -LRB- NN -RRB- NN MD VB DT NN IN -LRB- NN -RRB- , '' NNP NNP VBZ . VBG IN DT CD NNS IN DT NN IN DT NN IN DT NNP NNP NNP NNP IN CD CC DT JJ CD NNS , DT NN VBD DT NN IN DT NN IN JJ NN CD NN NNS . VBG IN PRP$ JJR NNP NNP NN , DT NNS VBD DT CD NN NN IN JJ NN CD NN NNS IN NNS NNS CD SYM CD . RB , EX VBD DT NN IN NNS IN NNS NNS CD SYM CD . DT NN NN IN DT NN NNP NNPS VBD JJ NNS . VBG VBN NNS IN RB CD CD NNS IN DT NNP NNPS IN CD CC CD , DT NN NNS VBD DT CD NN NN IN JJ NNS IN NN CD NN IN DT NN IN NNS WP VBD DT NNS IN DT NN NN . DT VBD RB DT NN IN DT WP RB VBD DT IN DT NNS CC WP RB VBD NN . RB , NNP NNP VBZ RP IN RB DT NNS VBP VBN IN DT JJ NN . IN NN , DT NN NN IN CD JJ NNS VBD RB VB DT JJ NN IN DT NN IN NN CD NN WRB DT NNS VBD VBN CC JJ NNS . `` JJ NNS VBG DT NN IN -LRB- NN CD NN -RRB- NN IN JJ JJ NNS VBP JJ TO VB JJ CC JJ , '' VB NNP NNP CC NNS . `` DT -LRB- NN -RRB- MD VB CD JJ NN VBZ VBN IN JJ NNS IN NN SYM -RRB- , IN WDT PRP MD RB VB DT NN IN -LRB- NN -RRB- NN CC DT NN IN -LRB- NN CD NN -RRB- NN . '' `` DT MD VB DT JJ JJ NN IN JJ NN IN -LRB- NN CD NN -RRB- . ''"
41,793,mainstream,"DT NN WP VBD NNS IN VBG VBN IN PRP$ NN POS NNS VBZ VBN IN PRP$ NN IN NNP NNS . NNP NNP , IN NNP , VBD NNS JJ CD IN VBG IN DT NN IN NN . JJ NNS VBZ DT NN IN NNP NNS IN CD RB VBG VBN VBZ VBN IN CD . NNS IN DT NN VBD JJ NN CC VBD NN IN VBG NNS RB IN NNS . NNP NNP , WP VBZ RB DT JJ IN JJ NN , VBD IN NNP IN DT NNP NNP IN NNP , NNP , NNP CC NNPS IN CD NNS WP VBP NNS IN DT NN . PRP VBD JJ IN PRP$ NN POS NN IN JJ NNS VBD IN NN PRP MD VB NN HYPH NNS IN NN NN CC NN . IN CD , DT NN IN DT JJ NN NNP NNP RB VBD DT NNP -LRB- NNP , NNS CC FW -RRB- NN IN NN . PRP$ NN VBZ RB VBN RB VBN CC NNP NNP VBZ VBN VBN RP , CC DT NN VBZ VBN IN DT JJ NN NN . NFP `` VB RB VB VBN RP IN JJ NN NN NNS '' DT CD NNS IN NNP POS NN VBD IN EX VBD `` RB DT NN '' WDT VBZ WDT VBZ DT NN . DT VBZ RB VBN IN JJ JJ NN VBN IN NNP . DT NN VBD CD NNS RB CD NNS CC RB VBZ IN NNP VBZ RB VB DT NN IN NN CC VB PRP IN DT JJ . NNP NNP , NNS CC NNS IN NNP IN DT NN RB VBD RP DT NN VBZ DT NN IN NN . `` PRP$ NN MD VB IN JJ NNS JJ CC JJ NN RB IN NN NNS CC JJ NNS , '' DT NN VBD DT NN . PRP RB VBD RP PRP$ NN POS NN VBD VBN IN NN , RB NN . `` EX VBZ DT NN IN JJ NNS VBG IN NNS , NNS CC JJ IN DT NN POS NN , CC VBG DT TO VB PRP NNS VBP JJ , '' PRP VBD DT NN IN DT NN IN JJ NNS . `` DT VBZ DT NN PRP VBP . PRP VBP VBN TO VB IN PRP$ NNS PRP VBP RB VB PRP VBP JJ IN VBG DT , CC NNS VBP RB JJ CC DT VBZ RB JJ . '' NNP NNP POS NN VBD JJ IN JJ CD WRB PRP VBD JJ NN NNP IN DT NN . IN CD NN IN NNP POS NN , JJ NNP NNP NNP VBD IN PRP MD `` VB '' TO VB DT NN IN DT NNP NN NN IN NNP NN . `` MD VB DT NN IN DT NN NN MD VB , '' PRP VBD IN DT NN POS JJ NN . NN NNS VBP RB VBN IN DT NN VBN IN NNS WP VBP RB VB . PRP VBP DT NN VBZ RB RB PRP$ NNS CC NN JJ IN JJ NN NNS VBP JJ TO VB NNS VBN . DT NN , WDT VBZ VBN IN NN NN , VBZ NN IN NNS IN NNS CC NNS IN NN HYPH NN NNS WP VBP RB JJ TO VB VBN . DT NNP VBZ VBN VBG DT NN IN NNS IN JJ NNS IN JJ NNS . NNP NNP NNP , IN NNP NN , VBD IN DT NN IN DT JJ NNS NN IN PRP$ JJ NNP NNP WRB CD NNS VBP VBN VBN . JJR IN CD NN IN NN HYPH NN NNS VBD VBN RB IN CD , RB IN DT NN NN IN RB CD NN IN NN NN . IN NNP POS NN , NNS VBD DT JJ NN TO VB NN IN NN NN . PRP RB VBD NN NNS TO VB NNS IN JJ NN NNS IN NNS . NNP VBZ CD NN WDT VBZ RB VBN RP IN NNS , VBG DT NN IN NNS VBN IN NNP IN CD . JJ NNS VBP RB VBN IN DT NNP , EX VBP VBN NNS VBN RB IN DT NN . IN CD , NNP VBD CD NNS JJR NNS NN IN DT NN RB . DT NNP NNP NNP -LRB- NNP -RRB- VBP VBN VBG NN NN IN DT NNS . `` JJ NNS MD RB VB JJ CC VB IN DT NN MD VB RB IN DT NN , '' NNP POS NNP NNP NNP VBD DT NNP IN DT NNS VBD VBN ."
42,759,mainstream,"WRB MD PRP VB DT NN . DT VBZ DT NN NNPS VBP VBN VBG IN DT JJ NN VBD RP JJ IN DT NN IN NNP . NNP NNP NNP VBZ PRP MD VB DT NN . NNS VBP PRP MD VB DT NN RBR . DT NN VBD CD NNS TO VB . DT NN NN VBD CD HYPH CD . DT RB JJ NN VBZ RB VBN VBN IN JJ NN HYPH VBG NNS , VBG NN CC . CD JJ NN TO VB RP DT NN IN DT NN IN NNP HYPH CD VBZ DT `` NN NN , '' IN WDT NNS VBP JJ NNS DT JJ NN CC RB VB PRP IN DT NN . IN JJ NNS NNS RB VBP NNS CC DT NN NN CC DT NN CC VBP PRP IN NN IN PRP$ JJ NN NNS TO VB IN DT NN VBZ JJ . CC EX VBZ DT NN TO VB IN DT RB VBG NN IN DT NN NN , WDT VBZ PRP TO VB JJR CC TO VB RB JJR NNS . CC PDT DT NN MD RB VB RB VBG DT NNS DT RB JJ NN IN WDT EX VBZ DT JJ NN , CC IN DT NNS , DT VBZ DT NN HYPH NN . DT JJ NN IN DT NNP NNP NNP CC DT NNP NNP NNP VBZ , `` IN EX VBZ DT VBN NN , DT NN NN IN DT RB JJ CC IN HYPH CC JJ NN VBZ JJ . '' RB , DT NN IN NNP HYPH CD NN NNS VBZ VBG JJR , CC DT IN DT RBS JJ NNS VBP NNS . NNP NNP , DT NN IN NNP , VBD CD IN DT JJ TO VB IN PRP . LS PRP$ NN , VBN IN DT NNS NNP NNP IN NNP CC NNP NNP IN DT NNP NNP IN NNP CC NNP NNP , VBD RB IN JJ NNP . NN NNS VBP RB VBN VBN IN DT NN NNP NNP CC DT NN NNP NNP CD NNP NNP CC NNP NNP , NN HYPH NNS IN NNP , VBP VBN DT JJ NNS RB JJR IN VBG RB RB IN NNS VBP NNP HYPH CD NN NNS CC IN DT JJ JJ NNS MD VB JJ NN NN NNS . `` PRP$ NNS MD VB RB JJ , '' NNP CC NNP VBD . `` CC PRP MD VB JJ CC VBP TO VB , CC IN DT NN RB VB IN PRP VBP RBR RB IN RBR . '' LS DT JJ NN IN NN NNS VBZ JJ : VB DT NN IN NNS VBN CC VB PRP IN DT JJ NN IN NNS VBN . NNS IN NN NNS VBP IN DT NN -LRB- VBN IN NNS IN NNP -RRB- WDT VBZ DT NN IN NN IN NNP HYPH CD IN DT JJ NN IN DT NNS IN CD CC CD HYPH CD IN CD NN . LS CC IN NNS VBP VBN IN JJ NNS WRB DT NN IN VBG NNP HYPH CD VBZ RB JJ RB , PRP VBP , VBG PRP RB MD RB VB PRP IN RB JJR NN . IN JJS IN DT NN NN PRP$ JJ NN MD VB RB VBN . NN NNS VBP JJ , IN NN , IN JJ IN PRP VBP IN DT NN IN VBG JJ JJ NNS IN DT NN . CC JJ NNS VBP RB JJ . CC VBP PRP VBN IN DT NNS IN JJ NN NNS JJ IN DT NNP NN NN IN DT JJ NNS , IN WDT NNP NNP NNP NNP NNS VBD NN CC NN IN JJ NNS , NNS , NNS , CC JJ NNS . LS RB RB VB JJ NN NNS IN DT JJ NN RB VBN NNS IN NNS VBG IN NN IN NN CC NN , CC PRP VBP VBN PRP IN DT NN IN JJ NN NNS VBN IN VBG JJ NNS . NNS IN NN NNS VBP IN EX VBZ NN JJ IN VBG NNS RB RB IN PRP VBP VBN , DT NNS VBP VBN , CC DT NNS VBP VBN IN DT JJ VBN JJ NNS IN NNS VBP . JJ NNS VBP VBN IN NNP HYPH CD NN NNS MD VB . CD HYPH CD NNS IN DT NNP NNP IN NNPS VBP VBN IN PRP . DT NNP NNP NNP VBZ RB RB VBN NN NNS , CC PRP VBZ VBN NNS IN WRB PRP MD VB RB VBN . IN DT NNS DT VBZ TO VB NN IN DT JJ NNS VBZ TO VB PRP IN DT NN `` CD IN CD , IN JJ NN IN JJ NN . '' DT NNS VBP IN DT JJ NN MD RB VB PDT DT JJ NN NNS IN DT NN , CC IN DT NNS IN DT NN IN JJ JJ NNS MD RB VB JJ IN JJR , RBR JJ NNS . RB , DT NN IN DT NN NN VBN NNP VBZ PRP VBZ VBN RP RB CD NNS IN NNP HYPH CD NN NNS . DT JJ NN VBZ NN NN NN NNS , WDT VBP RB VBN TO VB IN JJ NNS VBP JJ . IN IN NN NNS , NNS IN NNP NNP NNS RB VBP PRP$ NNS IN RB JJ NNS RB IN NN IN DT JJ NN IN DT NNS PRP CC RB IN DT NN IN JJ NN . NN NNS RB VBP NNS IN $ CD CC $ CD DT NN TO VB IN DT VBN NN NN IN JJ NNS IN PRP VBP VBN DT JJ NN . NNS RB VBP PRP$ NN , NN , CC JJ NNS , CC DT NNS VBP JJ NNS JJ IN NN NNS , NNS , CC NNS . IN NNP CD NNS VBP PDT DT JJ NN IN NN NN , NNS CC JJ NNS VBP VBN PRP IN RB JJR NN IN NN NNS . IN NNP NNPS , DT NN NNP NNP VBZ VBN DT RBS JJ NN RB . WP MD PRP VB IN DT NN DT NNS VBP VBN . IN DT JJ NNS JJS NNP CD NNS VBD VBN IN NNS . LS NN PRP VBP VBN RB IN JJ NNS . DT NN NNP VBZ `` NNP '' VBD JJ CC IN NN IN NNP NNP WRB PRP VBD VBG VBN NNS IN NNP NNP . PRP VBD RB VB JJ , CC DT IN PRP VBD JJ . CD VBD PRP TO VB DT JJ NN IN DT NN NN IN PRP$ NN . WRB PRP$ NN VBD , NNP VBD VBG IN DT NN VBG JJR HYPH VBN NNS CC VBG IN NN NNS . IN DT NN PRP VBD IN NNP PRP VBD VBN NN NNS IN CD JJ NNS . `` DT VBZ PRP$ JJ NN , '' PRP VBD , VBG IN DT VBN NN IN PRP$ JJ NN WRB PRP$ NN VBD VBN VBN . `` PRP MD VB PRP VBD , PRP VBP , DT NN RB . VBN VBN JJ NNS . '' IN NNS , NN NN NNS , CC NN NNS , NNP CD NN NNS VBP DT NN IN DT JJ NN WDT VBZ RB RB RB VBN IN VBN . IN DT NN WDT NNP VBZ IN JJ NNS VBZ JJ , PRP VBZ RB IN IN DT VBN , NN HYPH JJ NNS IN WDT NNP NNP NNS VBP VBN . DT NN VBZ DT JJ IN DT IN NNP NNPS , NNP NNP POS CD NN IN DT NNP NNP NNP IN DT RB JJ . WP VBZ RP VBZ RB DT JJ NN -LRB- IN PRP VBZ RB JJ -RRB- CC DT VBN NN IN DT NN IN JJ NNS . NNP VBD NN IN CD NN NNS IN DT NN . CD VBD DT JJ NN IN DT NN , CD VBD VBN IN DT JJ NN , CD VBD JJ NNS -LRB- CD IN WDT VBD JJ CC CD VBN IN NN NN NNS -RRB- . DT JJ NN NN VBD DT NN HYPH IN HYPH DT HYPH NN NN , CC NNS IN DT IN DT JJ NNS VBD JJ . CD VBD VBN IN DT JJ NN NN , DT IN DT VBN NN . DT JJS VBD JJ IN VBG CD CD NNS CC VBD DT JJ NN IN RB CD NNS VBN RP IN NNS . IN NNP POS JJ NN IN DT NN , DT NNS VBD VBN IN JJ NNS VBG IN PRP$ NNS IN PRP$ NNS IN PRP$ NNS . `` JJ VBD RB IN DT NN , '' PRP VBZ . JJ NNS VBD VBN NNS RB IN DT NN NN NN . NNP VBZ PRP IN `` JJ NNS . '' CC JJ NNS VBD VBN RB JJR . `` PRP VBD NNS : NN VBG NNS : VB RB IN EX VBD NNS IN DT NN , '' CD NN VBD . `` NN NNS VBD VBN . DT NNS MD VB : . PRP VBD JJ . '' DT IN PRP MD VB IN NN NNS VBP NN IN NNS IN JJ NNS . CC IN NNP CD NN NNS DT VBZ JJ . `` PRP VBD TO VB DT NN , '' CD NN VBD NNP . `` PRP VBZ RB RB IN PRP VBP TO VB DT NN . VB PRP VB DT IN DT NN RB RB . '' IN DT IN DT NNP VBD TO VB VBN IN DT JJ NN TO VB JJ NN : TO VB DT NN CC DT JJ NN NN : JJS VBP JJ NN NNS IN JJ NNS . `` WP VBP PRP RB VB . '' VBD DT JJ JJ NN IN PRP$ JJ NNS . `` IN PRP VBP RB VB PRP$ NN , PRP VBP TO VB RB IN NN . '' DT JJ JJ NN WP$ NN VBD RB VBN NNS IN NN VBD NNP , `` IN PRP VBP RB RB RB , PRP VBP RB VB DT NN VBN . '' JJ IN DT NNS VBD RB JJ IN PRP$ NN IN PRP VBD PRP IN PRP$ NNS . `` IN PRP VBP PRP DT NN NN , PRP VBP VBN , '' DT NN VBD . `` PRP VBP IN DT VBN NN . PRP VBZ RB . '' DT NN RB VBD IN NN IN JJ VBG NNS : NN , NN , DT JJ NN , NN IN NN NNS . IN DT CD NN NNS NNP VBD , RB CD NN VBD NNS CC CD NN VBD JJ HYPH JJ . IN DT NN IN JJ HYPH JJ NNS VBD VBN JJR IN CD NNS , CC CD JJ HYPH JJ NNS VBD VBN IN CD . NNP VBD RB VB NNS RB IN PRP$ NN CC NN NN , CC DT NNS MD RB VB VBN JJ . DT NN IN DT NNP NN NN IN NNP VBD IN RB CD NN IN DT NNS VBD JJ HYPH NN NN . LS RB NN VBD NN NNS IN $ CD DT NN , CC RB CD NN VBD DT NN NN . DT NNS VBP JJ NNS . RB IN DT NNS IN NNP CD NNS VBP RB VBN , JJ IN DT NNS WP VBP VBN PRP MD RB VB JJ TO VB PRP IN PRP VBP JJ . IN DT VBZ RB IN DT NN -LRB- IN PRP RB VBZ -RRB- , NNS VBP DT NN NNS CC RB JJ NNS , JJ IN NN , NNS , CC DT NN . CC JJ IN NNP POS NNS VBD JJ NNS . CD VBD PRP IN DT NN IN WDT DT NN IN NNS VBD NN NN , DT JJ NN IN VBG JJ CC JJ TO VB CC VB , WDT MD VB JJ NNS . DT NN WP VBD DT NN IN VBD DT NNS IN NN IN IN DT NN NN . `` PRP VBD IN PRP VBD VBG JJ , '' PRP VBD . DT VBD NN IN DT NN NN IN WDT DT NNS VBD NN IN PRP$ JJ NNS . `` RB , IN DT JJ NN PRP VBD VBG RP , NN RB VBD VBG , '' PRP VBD . `` PRP VBD IN DT NN IN IN NNP . '' DT IN DT NNS NNP VBD VBD NN CD NN NNS , VBG IN PRP VBD RB JJ CC IN JJ HYPH NN NN NNS MD VB PRP IN VBG JJR NNS . CC RB DT NN CD NN NNS VBP VBN JJ NNS . IN CD DT NNP NN VBD CD HYPH CD NNS IN DT JJ NN TO VB DT JJ NN NN . CD VBD TO VB VBN CC DT JJ VBD NN . RB RB VBP NNS IN NNP CD NNS VBP . NNP NNP , DT CD HYPH NN HYPH JJ NN , VBD NN IN CD IN DT NN NN IN DT NNP NNP NN IN NNP . DT RB JJ NN , NNP NNP , VBD IN DT NN NN IN DT NNP NNP NN NN IN CD IN VBG DT JJ NN . IN CD DT RB JJ NN VBD CC JJ NNS VBD RB VBN IN VBG DT JJ NN IN DT NNP NN IN NNP . IN CD CD JJ NNS IN DT NN NN IN NNP NNP NNP IN DT NNP NNP VBD RB RB IN NN IN DT JJ JJ NN VBD PRP IN JJ NN NN . JJS IN DT NNS NNP VBD VBD VBN VBN IN DT NNS PRP VBD VBG , RB IN IN JJ NN . `` DT NN WRB PRP VBP RB RB RB VB IN DT NN -LRB- VBZ -RRB- IN PRP VBP VBN PRP RB JJ NNS , '' DT JJ NN VBD . `` IN NN VBD VBN TO VB IN PRP , PRP MD VB VBN VBD RB . '' DT NNS RB VBD IN DT NNS VBD JJ IN PRP . `` PRP VBP WP PRP$ NNS VBP IN , CC PRP VBP RBR JJR RB VBG JJ NNS IN PRP VBP RB VBN IN PRP$ NN , '' VBD CD NN . NN NNS VBD JJ . IN JJ NN PRP VBD NNP IN DT VBN NN NN IN DT NNS VBD JJ NNS . NNP VBD CD NN WP VBD VBN RP DT NN NN NN IN VBG IN DT NN NN WDT NNS VBD TO VB NNS HYPH VBN NN . DT NN WP VBD VBN IN DT NN VBD RB VB WP `` NNS '' CC `` NN '' VBD . `` PRP VBD RP , `` WP VBZ DT -LRB- NN -RRB- VB . '' '' DT NN VBD . `` PRP VBD TO VB UH , `` VB , UH , IN PRP VBP PRP TO VB NN IN DT NN IN NN . '' '' CD IN DT RBS JJ NNS IN JJ NNS VBD NN IN DT VBG JJ NN NN . DT NNP POS NN VBD NNS TO VB DT NN WDT JJ IN PRP VBD IN DT JJ : DT NN NN , CC `` JJ NN . '' IN NN NNS VBP JJ NNS IN JJ NNS , PRP MD RB VB NN , NNS , NN NNS , CC , IN JJ NNS , NN NN . CD NNS VBD VBN VBN TO VB DT NN IN DT NNS IN NNS IN PRP$ JJ NN MD VB VBN IN DT NN IN JJ NNS . DT NN VBD NNP IN DT NN NN POS NN . CD NN NNS VBD RB , RB JJ . DT NN VBD JJ . PRP VBD JJ CC JJ IN DT NN . -LRB- NNP VBZ PRP `` NNP . '' -RRB- IN VBG IN NNP , DT JJ NN VBD PRP$ NN IN NN CC VBD DT JJ NN IN PRP$ NN . CC DT NN VBN TO VB DT NN VBD RB VBN , RB NN VBD . JJR IN CD NNS IN DT VBN NN NN , DT JJ NN RB VBD RP . IN DT NN IN NNP , DT JJ NN VBD DT NN IN DT JJ NN NN CC DT JJ NN VBD TO VB . CC DT NN VBD RB VBN IN DT NN NN , IN DT NN RB VBD RP . RB DT NN NN VBD CC VBD PRP IN DT NN NN . NNP VBD DT NN RB , CC PRP RB RB VBD IN DT NNS TO VB IN PRP . PRP MD RB RB VB VBN DT NN NN IN DT JJ NN . DT JJ NN IN NN CD NN NNS IN RB JJ NNS VBZ CD NN NNP VBZ PRP IN `` NN NNS '' JJ IN NN NNS CC NN NNS : `` IN DT NN NN IN DT NN , NNP VBD DT JJ NN IN DT NN , VBG DT JJ NN WDT VBD TO VB VBN IN NN IN VBG PRP WP VBD VBG IN PRP$ NN . '' IN CD DT NN NNP NNP VBD TO VB RB WP VBZ RB JJ IN DT NN IN JJ NNS IN JJ NN . `` WP VBZ JJ IN VBG DT NN DT JJ NN VBZ RB RB JJ IN PRP VBP PRP RB DT NNS , '' NNP VBD , `` IN IN PRP VBP PRP DT NN : DT JJ NN RB TO VB VBN RP . '' CD NNP VBD DT NN TO NN DT JJ NN VBD TO VB DT NNS POS NN . PRP MD RB RB VB IN DT NN , NNP VBD , CC VB PRP$ NN IN PRP$ JJ . DT NNS WDT VBD NNP JJS IN JJ NN VBP VBN DT JJ NN IN NN CD NN NNS . DT NN NNS VBP VBN IN NNS IN NNS PRP VBP RB VB IN , PRP VBP VBN IN DT RBS JJ NNS IN JJ NN , CC DT NN VBZ RB VBN IN JJ , JJ NNS . CC DT VBZ RB VB TO VB DT NN IN NNP HYPH CD NN NN NNS . DT NN VBZ VBN DT NN IN NN CC VBN NN WDT VBZ JJ IN JJ NN . JJ JJ JJ NNS RB RB VB DT NN IN NNP HYPH CD NN NNS CC VBP JJ TO VB PRP$ NN IN DT JJ NN . DT NN VBZ WRB TO VB DT NNS JJ CC JJ . VB VBG IN DT NN NN CC DT RB JJS VBZ : PRP VBP CC VBP RB JJ . WDT NNS MD VB TO VB IN NN IN PRP CC PRP$ NN TO VB IN PRP VBD VBN VBN RB . PRP VBZ IN VBG IN PRP MD VB DT NNS VBN IN DT NN IN NNP , JJ IN VBN NN CC DT NN IN NN . CC PRP MD RB VB IN DT NN NN VB IN PRP$ JJ NNS IN PRP VBP JJ . PRP MD VB PRP VBP JJ NN IN PRP VBP VBN RB RB IN PRP MD RB VB DT NN RB . PRP MD VB IN DT NN IN DT NN VBN IN DT NN MD VB VBN RB CC VBN JJ IN NN WP VBZ PRP . IN DT NN , PRP MD VB DT NN IN DT NNS IN DT NN MD VB VBN JJ IN DT JJ NN CC RB VBN , VBN , CC VBN JJ . RB , NN NNS IN DT NNP NNPS VBP RB VBN DT IN DT NNS . NN NNS VBP DT JJ NN TO VB IN DT JJ NN IN NNS WP VBP VBN VBN CC VBN IN DT NN . CD DT VBZ DT NNP RB IN DT JJ VBN NN . VBG IN DT NNP NNP NNP IN NNP , DT CD NN IN DT NNP IN NNP CC NNP NNPS VBD IN RB CD NN IN JJ JJ NNS IN DT NNP VBD PRP DT NN TO VB IN DT NN IN VBN NNS . CD DT CD NN VBD IN RB NN IN NN NNS VBD DT NN IN NN HYPH JJ NNS , CC RB CD NN VBD DT NN IN NN IN JJ JJ NN . CD DT NNP VBZ VB DT NNP NNP NNP NNP NNP , CC PRP VBZ NN IN JJ NNS . CC VBZ DT NNP VB DT JJ NN WRB PRP VBZ IN VBG NN IN VBN NN NNS . DT VBZ NNS VBN IN NN NNS . NNP NNP VBD IN DT NNP NN NN IN CD , CC DT NNP NN VBZ VBN TO VB DT NN IN DT NNS CC PRP$ NN NNS . IN CD CC CD NNP NNP NNP , DT NN IN DT NNP IN NNP , RB VBD NNS IN NNP NNP IN NN NN , NN NN , NN , NNS , NN NN , CC NN . RB RB VBZ DT NNP IN NNP RB VBN DT NN IN DT NNS IN PRP$ NN , PRP VBD NNP IN CD VBN NNS CC DT NN IN PRP$ NN . CD PRP MD RB VB DT NN TO VB IN NNS MD VB JJ CC JJ IN PRP$ NN NNS . PRP VBZ RB RB IN JJ VBP RB VBN TO VB JJ NNS . IN DT JJ NN IN DT NNP VBZ VBN , JJ VBP RB VBN PRP$ NN NNS TO VB DT NNS PRP VBP . JJ NN NNS VBP VBN VBG DT NN IN DT IN RB CD NNS RB . CD IN CD CC CD , VBG IN NNP NNP , DT JJ NN VBD DT VBG NN IN DT JJ NN , IN VBN IN NNS VBN IN VBG DT NNP NNPS NNP . DT JJS NNS VBP VBN NN NNS JJ IN NNP CC NNP , CC JJ IN DT NNS VBN IN VBG CC VBG NN NNS VBP RB VBG TO VB DT NNP HYPH CD NN . DT NNS IN VBG JJ NN HYPH CD NN NN NNS VBP RB JJ . DT NNS MD VB VBN RB . IN NN , NN NNS MD VB JJ IN DT RBR JJ NNS IN NN CD NNS RB IN VBG NNP HYPH CD NN NN NNS IN JJ NNS . JJ NNS , JJ IN DT NN IN NN IN NN HYPH JJ NNS , MD VB JJ JJ CC NN NNS . CC DT NNS VBG IN NNP HYPH CD NN NNS VBP RB VBN DT NNS , WDT VBP RB RB VBN IN DT NN IN PRP VBP VBN IN DT JJ NN IN NNS . DT NNP NNP NNP VBZ DT NN IN JJ NNS IN NN NNS , IN PRP DT NN IN JJ NN IN NNS CC JJ NN IN DT NN NN VBD TO VB . DT NN VBZ RB JJ TO VB NNS , IN NN . CC PRP MD RB VB RB JJR IN DT NN VBD VBN RB VBN . IN NNS IN NN NNS VBP IN EX VBZ NN RB JJ IN RB VBG JJ NNS TO VB , DT NN VBZ RB RB VBN NNS DT NN . IN NN , IN DT JJ NNS JJ JJ NNS VBD NN NN NNS IN RB JJ NNS . PRP RB VBD NN , NNS , CC JJ NNS TO VB NNS RB JJ . JJ NNS VBD DT JJ NN IN DT , IN RB JJ NNS MD RB VB JJ NNS IN DT NN IN PRP$ NN RB . PRP VBD RB IN NNS CC PRP$ NNS VBD DT NN NNS IN VBG NN IN DT NN IN PRP VBD RB VBN . DT NNP HYPH CD NN VBZ VBN DT JJ NN NN IN DT JJ NN . IN DT NN IN JJ NN VBZ DT NN IN NN NNS VBN RB JJ . IN DT NN NN MD VB RP RB CD NNS IN NN NNS IN DT NN IN NNS , PRP MD VB JJ TO VB DT NN NN IN IN NN NNS VBP VBN RB . CC DT NNS MD VB JJ NNS WDT RB CC DT NN NN CC DT IN PRP WP VBP IN JJ NN VBP VBN DT NN IN VBG ."
43,1043,mainstream,"DT JJ NN VBZ VBN IN DT JJ NN VBG DT NN NN IN NN VBD JJ , VBG VBN IN NN IN DT NN IN NNS VBN . DT NNP NNP NNP -LRB- NNP -RRB- VBD IN NNP IN IN DT CD NN IN NNP NNP NNP CC NNS VBD DT `` JJ NN '' IN VBG NNS VBG DT NN -LRB- NNS , NNS CC NN -RRB- NN IN NN . DT NNS VBP VBN IN DT VBN JJ NN , WP VBZ DT NNS VBP VBN VBN IN CD NNS . NNP NNP VBD IN DT NNP NN VBD DT NN NN IN JJ JJ NNS , IN DT NN RB IN NNP IN NNP . `` PRP VBZ DT JJ JJ NN TO VB DT NN IN JJ NN NN NNS , '' NNP VBD . PRP VBD IN JJ NNS VBD VBG DT NN IN `` PRP VBP RB , RB JJ IN DT JJ NNS IN NNS WDT VBP VBG IN NNS . '' NNP VBD `` PRP '' IN DT NN WP VBD DT NN VBN IN `` DT NNP IN NNP NNP NNPS , WDT VBZ VBN RB CC RB IN DT JJ NN '' . DT CD NN VBD NNS IN NNS IN NNS VBP JJ CC VBD PRP TO VB DT NNS . NN NNS VBP RB VBN RB IN PRP$ NN IN NNP POS NN . PRP VBZ VBN IN JJ NNS IN NNS CC NNS . DT NNS IN DT NN IN NNP CC PRP$ NNS VBD VBN IN CD IN PRP$ CD NNS CC RBR VBN IN DT JJ NN NNP , WRB PRP VBD RB VBN . DT NNP POS NN VBD VBN RP IN JJ NN NNP NNP . NNP VBD IN IN DT CD NNS VBN IN NNP , CC VBD IN PRP$ NN TO VB JJ IN PRP VBD DT NNP NNS , CD VBP RB VBN JJ NNS . NNP NNP POS NNP NNP , IN NNP , VBD : `` JJ NNS IN NNS IN NNS VBD JJ CC VBD IN DT NNP NN NN CC VBD RB IN CD JJ NNS RB , IN DT NN IN DT NNP NN IN NN . `` CC DT NN VBD VBN TO VB JJ . `` NNS IN NNS IN NNS IN DT NNP VBP VBN IN NNS , NNS CC NN , CC IN DT JJ NN IN CD NNS , NNS , WDT VBZ DT NN , VBZ VBG VBN IN JJ . `` RB EX VBP JJ NNS IN IN NNP NNP POS RB RB VBN NNS . '' NNP VBD IN DT NN VBN IN DT NNP VBD DT NN IN NNP POS NN . PRP VBD IN PRP VBD JJ NNS , DT NN CC NNS VBD VBN . RB NNP VBD VBN RB VBN NNS IN NNS IN NNS IN DT NN NN IN NNS TO VB DT NN NN NN IN DT IN DT NNP NN . `` DT JJ NNS IN DT NNP VBP VBG DT VBD RB RB JJ NN CC NN NNP VBD RP RB CC RB IN NN CC JJ TO VB , '' NNP VBD . JJ VBN NNS VBP VBN IN EX VBZ DT NN IN DT NN NN CC NN . NNP POS NN TO VB NN IN DT NNP VBD VBN IN PRP IN NNP CD . CC NNS VBZ VBN IN NNP POS NN VBD VBN CC EX VBP JJ NNS IN NNP CC DT NNP . IN CD , NNS VBD VBN JJ IN NNP CC NNP ."
44,338,mainstream,"NNP , NNP , DT NN IN VBN NNS IN NNS IN DT NNP NN IN NNP VBZ JJR IN VBN IN DT JJ NN IN CD , CC NNS JJ IN DT NN VBD IN CD IN CD DT NN RB , DT NN POS NNP IN NNP VBD NNP . NNP VBZ VBN JJ IN NNS NNS IN DT NN IN NNS VBG VBN VBZ VBN IN DT NNP NNP NNP -LRB- NNP -RRB- VBG NN NN VBZ RB CD NN . DT NN VBD DT JJ NN NN NNP CD IN VBG DT NN IN NN IN IN DT NN . DT NN NN VBD IN PRP$ NN IN CD NNS VBP RB VBN VBN . NNS CC NNS VBP VBN VBN CC JJS JJ NNS VBN IN DT NN NN IN CD , VBN RB IN DT NN CC JJ NN IN NNP CC NNP NNP . IN DT CD NNS , CD WRB IN NNS JJR IN CD . IN NNP , EX VBP VBN CD JJ NNS IN NNS VBN CC CD NNS VBP VBN . VBG NNP NNP CC DT NN IN JJ NNS CC NNS , VBG DT NNP NN NNP , VBP VBN NNS IN NNS , JJ NNS CC VBP VBN JJ NNS TO VB IN DT NN . NNS , DT RB JJ NN WDT VBZ RB IN NN CC NN , VBZ VBN VBN RB IN JJ JJ NNS , VBG NNP CC NNP , CC EX VBP VBN DT NNS IN NNS CC DT NNS VBP JJR NN NN . NNP POS NN IN NN VBD IN DT NN RB JJ NN IN EX VBD CD NNS IN VBN NNS VBN , CC RB CD NNS VBD NN . NN NNS VBP VBG RB , RB IN JJ NNS JJ IN NNP CC DT NNP NNPS , IN NNS VBP NN IN JJ CC JJ NNS , CC NNS , VBN IN NNS , IN JJ NNS MD VB NN ."
45,1219,mainstream,"-LRB- NNP -RRB- : DT JJ NN DT NNP IN NNP VBD DT JJ CD NN WDT VBD DT NNS , NNS CC NN -LRB- NNP -RRB- NN IN NN . DT NN RB VBD VBN VBN , CC JJ NN , DT JJ NN , NNP NNP NNP , VBD VBN TO VB VBN RB IN VBG DT NN . DT NNP NNP NNP , WDT VBZ NNS IN NNP , VBD IN `` EX VBD DT JJ NN IN NNS IN DT NNP NN '' CC IN PRP$ `` NN IN DT NN VBD JJ CC JJ . '' DT NN VBD IN NNP VBD DT NNS IN DT NN IN JJ JJ JJ NNS JJ IN NNS CC NN NNS . PRP RB VBD NNS IN PRP$ NN NN NN TO VB NN VBN IN NN NNS , DT NN WDT `` VBD DT JJ NN '' IN DT `` NN CC NN '' IN DT NNS , DT NN VBD . IN DT NN POS NNS JJ NN , DT NNP VBD DT NN CC VBD DT NN . `` PRP VBZ VBN JJ IN JJ NNS IN DT CD NN IN NNP FW FW VBP JJ , JJ IN DT NNS IN DT JJR NN . IN JJ , DT NNS IN DT JJ NN WDT NNS VBD `` RB VBN '' CC IN NNS VBD `` VBN '' IN DT JJ NN NN VBP VBN VBN TO VB JJ . RB PRP RB VBP DT NN IN DT VBN NN . '' VBZ NN VBN PRP$ NN . VB PRP$ NNS , NNS IN NN NN NNP NNP NNP , NN IN DT NNP , VBD PRP VBD DT NNP NNP NNP NN VBG NNP POS NN . `` PRP VBZ DT RBS JJ NN CC NN IN DT DT RBS JJ NN IN DT NN CC VBZ RB RB JJ IN PRP VBZ TO VB VBN , '' PRP VBD . NNP VBD JJ TO VB IN NNP , CC IN DT NN PRP VBD NN . `` DT NNS IN PRP CC IN PRP$ NNS VBP CC JJ CC JJ CC PRP VBP NN TO VB DT NNS IN DT NNS CC VB IN PRP$ JJ NN . IN NN , DT NNP NN VBZ RB VB TO VB DT NN IN DT NN NN CC NN . NN IN DT JJ NN VBZ RB VBG RP . '' DT NNPS IN NNP NNP CC NNP VBD DT NNP POS NN , VBG , `` PRP VBZ IN DT JJ NN IN NN IN DT NN POS VBG NNS WDT VBZ EX VBZ DT NN IN NN NN CC NN . PRP VBP TO VB NNS IN NNS VBP RB JJ CC JJ CC PRP VBP NNS . NNS WP VBP NNS IN DT NN IN NNS MD VB IN PRP$ NN CC PRP$ NN POS NN NN NN . '' IN PRP$ NN , NNP POS NN VBZ VBN JJ NNS WP VBD IN DT NN VBD VBN RB JJ , PRP MD RB VB VBN IN JJ . NNP VBD IN DT NNS NN VBD JJ NNS CC IN DT NN NNS VBD IN NN . IN PRP$ NN , DT NN VBN IN DT NN VBD IN DT JJ NN , VBG DT NN TO VB JJ IN IN NN . RB NN VBD IN DT NN IN DT NN , NNP POS NN VBD , VBG DT JJ NN CC VBG NN . CC JJ NN VBZ VBN JJ TO VB NNP POS NNS . DT NNP CD NN VBD JJ NNS IN NNP POS JJ NN CC VBD DT NN IN DT NN VBD DT NN IN CC NN CC NN NNS . DT NN , VBN IN NNP NNP , NNP NNP NNP CC DT NNP , RB VBD DT NN IN DT NN IN DT NN CC NNS VBG NN NNS CC NN . DT NNP NN VBZ VBN DT JJ NN IN NN VBN IN JJ NNS WP VBP RB VB PRP$ NNS IN IN NN NNS . `` DT NN VBD JJ IN PRP VBD VBN IN DT NNP , '' NNP NNP , NN IN DT NNP NNP NNP , VBD NNP . `` PRP VBD IN DT NNP , CC PRP RB VBP IN DT JJ NNS . '' NN , DT NN IN DT NN IN NN , VBD , `` DT NN VBD DT NN IN NN . NNS VBD JJ IN NNS . DT VBZ DT NNP NN : DT RB VBN NN IN NNS WDT VBP IN NNS VBG IN NN HYPH JJ NNS . '' NNS VBP JJ IN JJ NNS CC RB VBP IN DT NN IN NN CC NN , VBD NNP NNP , DT JJ NN IN DT NNP NNP NNP IN NNP . `` PRP VBZ DT JJ NN WRB EX VBZ DT NN IN DT , '' PRP VBD . `` PRP VBZ IN EX VBD DT JJ NN IN DT NN , NNS RB RB VBN . EX VBD JJ NNS . '' NNP NNP , NN CC NN IN DT NN IN JJ NN IN NNP NNP NNP IN NNP , VBD DT NN POS NN IN NN IN `` JJ . '' `` IN NNP POS NN VBD RP , DT CD JJ NNS VBP VBN RP , CC DT CD IN DT NNS , VBN IN JJ NNS , IN JJ NNS CC IN JJ NNS , VBZ VBN DT NNS IN NNS CC NN , '' PRP VBD . `` RB , DT NN VBZ RB . '' NNP VBD , `` DT NN IN NNS VBZ JJ CC MD VB DT IN PRP IN DT NN TO VB JJR NNS IN NN CC NNS . '' DT NNP VBD IN NN IN DT JJ NN IN DT NN CD NNS RB . `` DT JJ NN IN DT NN VBD NN WDT MD RB RB VB NN : DT JJ NN IN NNP VBD NN , '' VBD NNP NNP NNP , NN IN `` NNP POS NNP NNPS : NNP NNP , NNP NNP , CC DT NNP IN DT NNP , '' CC DT NN IN NN IN JJ NNS IN DT NNP POS NNP IN NNP . DT NN VBD JJ TO VB DT NN IN NNP NNP , DT NN IN NNP IN NNP NNP . NNP VBD PRP$ NN VBZ NN CC NN NNS . PRP VBD PRP VBZ VBN IN PRP VBD DT NN NN CC IN NNP POS NN VBD NNS VB WRB TO VB PRP$ NN . `` PRP VBP DT NNP MD VB WP PRP VBP TO VB IN DT NN IN PRP$ NN , CC PRP VBP IN PRP$ NN VBD JJR IN IN NNP NNP , '' PRP VBD . NNP NNP , DT NN CC NN NN VBN IN NN NNP NNP , WP$ NN VBZ NN , VBD NN IN NNP . DT NN IN DT NN , NNP NNP , VBD PRP `` DT JJ JJ NN WP VBD DT JJ NN . '' NNP VBZ DT JJ HYPH NN NN IN DT NN IN NN NNS MD VB DT NN IN DT NN . NNP NNP VBD DT NNP NNP NNP POS NN IN NNP IN DT NN : `` DT JJ NN IN DT NNP POS NN DT NN VBZ TO VB CC VB DT VBG NN IN NNS WDT DT VBG NN NN CC DT JJ NN IN NN VBP VBN . '' PRP RB VBD NNS TO VB PRP$ JJ NN IN VBG TO VB PRP$ NN DT NN NN . NNS IN WDT NNP NNS VBP VBN VBG DT NN HYPH NN NN VBP VBN VBN NNS . IN CD , DT NNP JJ NN VBN TO VB NNS IN NNS VBN IN NNS VBD IN DT CD HYPH NN HYPH JJ NN POS JJ NN VBD VBN PRP IN NNS IN NN CC VBD `` RB VBN '' IN DT NNS . CD NNS RBR , CD JJ NNS VBD NN IN DT NNP NNP NNP NNP , CC DT NN VBD IN PRP VBD RB VBN JJ NN TO VB IN DT NNS VBD NN IN PRP$ NNS . NNP POS NNP NNP , NNP NNP CC NNP NNP VBD IN DT NN ."
46,1260,conspiracy,"JJ : NNP NNP NN VBD RB $ CD CD IN NN DT NN IN DT NN VBD : IN VBG NN NN VBG NNS IN DT NN IN DT NNP NN VBD JJ TO VB DT NN , NNP NNP NNP -LRB- NNP HYPH NNP -RRB- VBD DT JJ NN IN PRP$ NNS RB IN NNP . IN DT NN , WDT RB VBD IN DT JJ NN NN NNP , NNP VBD RP IN $ CD CC $ CD CD IN PRP$ NNS IN CD JJ NNS IN NNP CD . IN DT JJ NN IN DT NNP NNP NNP , NNP VBZ NN IN VBN NNS VBG JJ NNS IN DT NNP NNPS . JJ IN PRP VBG RP PRP$ NNS , NNP CC DT NN IN DT NN VBD VBG JJ NNS IN DT NN IN DT NN NN . DT NN IN NNP VBD DT NNS , DT NN NN VBD PRP$ NN IN NN NN NN . DT NN VBZ RB VBN DT NN NN PRP$ JJR NNS IN DT CD NN NN . VBG CD NN IN NN CC DT IN JJ IN NNP CD , NNP NNP VBD DT NN HYPH NN IN NNP CC JJ NNP NNP NNP -LRB- NNP HYPH NNP -RRB- , WRB PRP VBD DT NNS IN DT JJ NN IN DT NN WRB NNS IN NNP VBD RB IN DT NN . PRP VBD : `` RB , DT NNP NNPS NN VBZ RBR VBN IN RB RB TO VB VBG JJ NN NNS , IN DT NN , IN JJ NN IN IN DT NN IN DT NNP NNP NNP , NNP , CC DT NNP NNP . '' IN NNP , RB , NNP VBD DT JJ NN IN NNP CD WRB DT NNP VBD VBN IN DT NNP NN NN IN DT NNP NNP NNP WRB PRP VBD DT JJ JJ NN IN DT NN POS JJ NN IN WP PRP RB VBD DT JJ NN . `` EX VBZ CD NN PRP MD VB PRP IN DT : PRP VBZ RB RBR JJ IN PRP$ NN IN NN PRP VBP VBN IN JJ NN , '' DT NN MD VB VBN VBG IN DT NN . `` PRP VBZ RB RBR JJ IN DT CD NN . '' DT NN IN NN VBD VBN IN DT NNP NNP NNP , DT NN IN NN NNS IN NNP POS NN NN IN NNP NNP . NNS IN DT NN VBP VBN IN IN $ CD IN NN . IN DT NN , DT NN VBZ `` NN IN JJ NNS CC NN IN NNP , DT NN , CC DT JJ NN . '' VBG NNP POS NN , NNP VBD IN NNP WRB PRP VBD DT JJ NN TO VB PRP$ NN TO VB IN DT NN . RB PRP VBD DT NN DT `` NN HYPH NN NN NN '' CC VBD PRP IN `` JJ NN . '' `` NNP NNP VBD DT JJ NN NN IN JJ NNS VBN JJ NNS IN DT NNP CC JJ NNS VBD NNS IN NN IN IN DT VBG NN NN , '' VBD NNP POS NN IN NNP . `` IN DT NN VBZ TO VB RB , PRP VBZ VBN RB VBN IN DT JJ CC JJ NN DT NN VBZ VBG IN PRP$ NN . '' JJ NN NN NNP NNP VBD NNP POS JJ IN RB $ CD CD IN CD , WDT VBZ PRP RB DT RB JJ NN IN DT NNP . DT VBZ IN PRP$ NNP NNS RB VBD PRP$ NN CC , RBR RB , VBD PRP IN DT IN DT NNS RB VBN IN JJ NNPS . IN CD , NNP VBD CD IN RB CD NNS WP VBD DT NN NN IN JJ NNP -LRB- NN -RRB- VB , DT NN WDT RB VBD NNS CC PRP$ NN IN VBG JJ NN IN NN NN NNS CC VBD JJ NN IN DT NNS . NNP VBD IN RB HYPH JJ NN NN NNS RB VBN IN NNS IN NNP . IN DT NNS WDT NNP VBD VBD DT IN NNS WDT VBP RBS JJ IN JJ NN IN DT NN . DT VBZ IN IN $ CD NN IN NNS IN NNP NNPS CC NNPS , DT NN WDT VBZ VBN CD HYPH NN IN PRP$ NN IN DT NN . NNP RB VBD RP IN $ CD IN NNS IN NN NN NN VBN NNP NNP . NNS IN DT NN VBP RB VBN IN JJR IN NN IN WP PRP VBD JJ WRB NNP VBD PRP ."
47,562,mainstream,"IN DT JJ NNS IN NNP , NNP , NNS VBD RP IN NNPS TO VB VBN IN DT NN . DT NNS VBD IN DT JJS NNS RB TO VB VBN DT JJ NN IN NN IN DT NN TO VB PRP IN DT JJ NN VBN IN NN , WDT VBD CD NN IN DT NNS PRP VBN IN NNP IN DT NN CC CD IN IN DT CD NNS . DT NNS , DT NN IN NNP NNP POS NN IN JJ NNP VBD RB RB IN PRP VBD IN DT CD HYPH NN NN POS VBG NN , VBG IN DT NN IN DT JJ VBN NN RB IN DT NN . RB VBN IN DT NN NN , DT NN VBD VBN VBN PRP IN WP NNP VBD DT NNP IN NNP , DT NN IN CD IN NNP POS JJ JJ NN NNS . NNP , DT VBN JJ NN , VBD IN NN IN VBG DT JJ NN TO VB NN POS VBN . NNPS IN DT NN RB VBD NN WRB NNS IN DT NN POS NNS VBD IN PRP$ NNS . DT NN VBZ IN WRB NNP NNP , DT NN WP VBD IN NNP , RB VBD NN , NNP VBD NN IN NNS CC VBD PRP IN DT NN IN DT CD HYPH NN HYPH JJ NN VBN NNP NNP , DT NN IN NNP POS NN . IN DT JJ CC JJ NN , NNP VBD CC VBD JJ IN NN . NNP VBD DT NN NN , IN DT NNP NN IN `` IN DT NN . '' DT NN VBD NNP IN VBG PRP$ NN MD VB PRP JJ , CC NN VBD RB WP NNP VBD VBG IN , VBZ NNP NNP , NN IN NNP IN NNP , DT NN IN NN . RB , NNP NN HYPH VBN PRP$ NNS IN CD , VBG NN IN NN POS NN IN DT JJ NN . NNP RB VBD PRP$ NN IN JJ NN IN DT IN DT JJ NN , CC NN NNS VBD IN NNP , DT JJ NNS , CC DT RB VBN NNP NNPS . NNP NNP VBD PRP$ NNS IN CD RB IN NNP VBD IN NN IN NNP IN DT NN . NNP NNP , WP VBD PRP$ NN , VBD IN NNP IN CD WDT , `` NN VBZ RB RB VBN DT JJ NN IN JJ NN . PRP VBP VBN IN DT NN IN JJ NNS CD IN PRP$ JJS , NNP MD RB VB IN PRP VBP VBN . '' IN NN , PRP VBD PRP$ NN IN DT `` NNP '' CC VBD DT JJ JJ IN NN , VBG TO VB VB DT RB JJ NN IN VBG . RB , NNP VBD NNS CC VBD NN NN IN RB VBG DT NNP NNP , VBG RB TO VB PRP$ NN IN NN IN PRP$ NN IN CD . NNP POS NN VBD PRP$ NN IN CD IN DT NNP IN NNP , WDT VBD PRP IN NN IN JJ NN . DT NNP NNP NNP , DT JJ NN VBN IN JJ JJ JJ NNS CC NNS , WDT RBR VBD DT NNP NNP , VBD DT NN IN CD CC VBD DT NN WRB NNS MD , IN RB , VB DT NNS WRB NNP VBD CC VBD JJ IN PRP$ JJ NNS . NN , RB , DT JJ NN VBZ VBG DT NN IN VBG IN JJ IN DT JJ NN , NNP HYPH CD , VBZ IN DT NNP NNP CC DT NN . `` EX VBZ DT JJ NN IN DT NN IN DT NN IN NN , CD IN DT RBS JJ NNS IN DT NN IN NN , VBZ VBN TO VBN CC MD VB RB VBN IN DT JJ NN , '' VBZ NN NN NNP NNP , PRP DT NN . NNP NNP POS NNP , NNP CC NNP , IN PRP VBZ RB VBN , VBZ IN DT JJ CC RB JJ NN IN NNP , IN DT NNP NNP . DT NN , JJ RB IN NNP IN NNP , VBZ DT JJ NN RB IN CD NNS DT NN . WRB NNS VBP , PRP MD VB NNP POS JJ NN , DT NN VBN IN DT NNS , WRB PRP VBD NN , NN CC NN IN NN IN PRP$ JJ NN CC NN IN DT NN . DT NN POS NNS VBP VBN RP RB IN NNS IN NNP POS NN . PRP$ NN NN VBZ IN NN CC PRP$ NN VBZ RB DT NN PRP VBD WRB PRP VBD RB , NN IN DT JJ NN IN NN CC NNS VBN IN NNP POS NN . DT NN VBD RB VBN IN DT NN NN IN VBG VBN IN DT NNP , CC JJ NNS VBD VBN IN DT NN CC NN . IN DT JJ NN , DT NN VBZ RB VBN JJ NNS CC NNS IN NNS WP VBD NNS IN NN , DT NN VBN IN DT NNP NNP . DT NNS VBP VB DT NN IN WRB NNS VBD DT NN . `` IN DT NN VBD IN NNP , NN HYPH IN HYPH NN PRP MD VB DT NNP NNP NNP , '' VBZ NNP , WP RB VBD IN NN IN DT NN NN IN NNS . NN NNS , NN NNS , CC NN HYPH NNS VBP IN CD NN IN DT JJ NN POS NN , CC IN IN DT NN , DT NN , IN RB JJ NNS , VBZ RB VBN . DT NN VBZ RB VBN IN NN , VBZ NNP . IN DT NNP , RB NN IN PRP$ NNS VBD NN IN JJ NNS CC VBP RBR JJ IN NN NN , IN NN NNS RB VBP JJ VBP TO VB PRP$ NN IN JJ NNS . IN DT NN VBN IN JJ NN , DT NNP NNP VBZ RBR JJ IN NNS IN DT NN VBN RP IN DT NN HYPH CD NN . IN DT JJ JJ NNS , NN NNS VBD NNS CC NN . JJ NN , DT NN WDT VBD $ CD VBD IN PRP MD VB DT NN POS JJ NN RB , CC NNP VBZ PRP MD VB JJ NNP IN JJR NN . -LRB- NN NNS , VBG NN CC NN NN IN DT JJ JJR IN $ CD DT NN , VBZ NNP . -RRB- IN NN TO VB RB IN DT JJ NN VBZ IN NNS , DT NN MD VB TO VB DT JJ $ CD . TO VB DT NN , NNP VBD DT NN NN . PRP VBD RP NN IN NNP POS NN NN VBN IN JJ NN IN CD NNS WRB DT NN VBZ RB JJ IN DT NN , DT NN RB RB VBN , CC VBD TO VB NNS VBN RB IN DT JJR NN . DT NN POS NN MD VB JJ RB RB IN DT NN , CC DT NNS VBN IN NN TO VB PRP$ NN , VB . NNP VBD DT JJ NN IN NNS IN NN CC VBD IN PRP MD VB DT JJ NN TO VB PRP RP . `` PRP VBD RB VB NN CC NN IN NN WDT VBZ JJ NNS CC NNS , '' VBZ NNP . DT JJ NN NNP VBD PRP$ NN , PRP VBD NN NN IN DT JJ NN IN NNP TO VB RP DT JJ NN NNS IN NNP NNP . NNP RB VBD IN DT NNP NNP IN NNP IN CD VBG `` DT NNPS VBP RB IN NN . '' CD NNS RBR , NNP VBD RB IN NNP VBG IN DT NN IN NNS WP VBD VBN VBN IN JJ NNS . NNP VBZ VBN TO VB VBN PRP$ NN CC VBN `` UH , NNP . PRP MD VB DT NN NN . VBZ NNP . CC RB IN NNP POS NN IN CD , DT NN NN MD VB TO VB DT NN IN NNS . DT JJ NN TO VB DT NN VBD , CC VBG DT NN IN NNS WRB NNS VBD VBN JJ . IN DT JJ NN RB , DT NN VBD DT VBN CD CD NNS , VBZ DT NNP NNP NNP -LRB- NNP -RRB- . IN CD , DT NN VBD DT JJ NN NN CC CD NNS RB , IN NNP CD , CD , PRP VBD NN VBN . RB RB , PRP VBZ DT JJ NN PRP VBP VBN JJ TO VB RP IN NNS , VBZ NNP NNP , DT JJ NN NN IN DT NNP NNP IN NNP CC NNP NNP . IN NN IN JJ NN WDT VBZ VBG DT NNP JJ NN IN DT JJ NN HYPH CD NN IN NNS CC NN NNS , NNP VBZ PRP VBZ NNS IN DT NN CC DT NN TO VB DT NN IN DT JJ NN WDT VBZ NN HYPH CD . `` -LRB- NNS -RRB- VBP RB VB DT JJ JJ NN IN WP VBZ VBG RP RB . PRP VBP RB VBG IN DT JJ NN . CC DT IN PRP VBZ DT NN IN NN CC IN NNP , '' PRP VBZ . DT NNP NNP VBZ IN DT NN IN WRB NN VBZ RB JJ , VBZ NNP NNP , DT JJ NN , RB IN DT NN IN DT NN IN DT NN HYPH CD NN . `` PRP VBZ JJ TO VB DT NN IN NN , CC PRP$ NN IN NN NN IN JJ NNS , '' PRP VBZ . IN DT NN MD RB VB NNS IN NN IN VBN , NNP VBZ PRP VBZ TO VB NNS IN DT NN IN NNS IN JJ NNS IN IN NNS , IN JJ NN , CC IN PRP$ NN NN . RB RB , DT NN VBZ VBN JJR IN $ CD . IN PRP VBP DT NNS IN DT NN , DT NN MD VB IN DT NN IN DT JJ NN TO VB NN . NN , VBZ NNP , VBZ VBN IN DT NN IN VBG DT JJ NN RB : `` DT NN IN NN VBZ IN NN MD VB IN DT RBS VBN IN NNS . ''"
48,439,mainstream,"JJ NNS NN VBZ IN NNS : CD IN CD NN . DT VBZ DT NN IN NNS IN DT NN WDT MD VB VBN TO VB NNS IN DT NN WDT VBD JJR NNS IN DT NN IN CD IN NN NNS CC NN . IN DT NN NN , DT NN VBZ NN VBG NNS , RB DT JJ , IN VBN IN CC JJ NN CC NNS IN NN . NNP CC NNP , IN NN , VBP VBN DT NN , IN NN NNS IN CD NN . DT NNP , VBN RP IN NNS WP VBP TO VB PRP$ NNS , VBZ RB . NN VBZ RB JJ IN CD NN IN NNS JJ IN NNP CC NNP , CC DT JJ NN VBZ CD NN . JJ NN , IN DT NN , CD NNS IN DT NNP VBD VBN IN NNS : JJR IN IN DT NN IN CD . WP VBZ TO VB VBN TO VB NNS IN VBG RB JJR . DT NN NNS VBP VBN IN JJ NNS WDT MD VB NNP -LRB- NNS , NNS CC NN -RRB- NNS IN DT NN HYPH NN NNS . CD IN IN CD NNPS MD VB JJ NNS , CD NNP NN VBD . CC JJ HYPH NN NNS MD RB VB CC VB DT NN NN , WDT VBZ VBN IN NNS IN NNS VBP NN CC JJ NN NNS . DT JJR NN , VBN IN JJ NN NN , VBZ TO VB JJ NNS POS JJ NNS IN JJ NNS . NNS WP RB VBP DT NNS VBP RB RBR JJ TO VB WRB VBN IN NN IN NN NN , NNS VBP VBN . RB , JJ NNS VBP RP RB RB CD NN IN NNS , VBG IN DT JJ NNP NN . PRP$ NN IN DT NN HYPH NN NN RB VBZ IN DT JJ CC VBN CD NNP NN . CC NNS VBP EX VBP JJ JJR NNS WP VBP RB VB PRP$ NNS IN PRP VBP RB JJ . IN NN , CD NN IN NNS IN DT NNP NN VBP RB VBN RP PRP$ NN IN NNS CC NN . DT NN HYPH NNS MD VB VBN IN VBG NNS . DT JJS NN TO VB DT NNS VBZ IN PRP$ NNS , WP NNS VBP TO VB CD IN DT RBS JJ NNS IN NN IN NNS . WRB NNS VBP RB VB RB IN NNS , NN NNS VBP RP . DT CD NN IN NNP , IN NN , VBD IN VBG NNS IN DT JJ NN -LRB- VBG , `` WP VBP PRP VB TO VB IN NNS . '' -RRB- RB IN DT NN IN NN -LRB- `` UH , PRP VBP TO VB DT NNS '' -RRB- VBD DT NNS IN NNS VBG RB CD HYPH NN . CC VBG NNS IN PRP$ NN MD VB DT NN IN PRP$ JJ VBN NN VBD PRP RBR JJ TO VB RP IN PRP IN IN PRP VBD RB VBN WDT NNS PRP VBD PRP$ NN TO VB . IN NNS WP$ NN IN DT JJ NN VBZ NN IN NNS -LRB- RB CD NN IN DT JJ NN -RRB- , VBG NNS CC NNS TO VB IN DT NN MD VB RBR JJ . NN NN CC JJ NNS VBP CD IN DT JJS NNS IN DT NN TO VB CC RB , NNS VBD IN CD IN DT NNPS IN DT NNP NNP NNP . TO VB NN IN DT NN , IN NNP NNP , DT JJ HYPH JJ NN NN VBZ NN NNS TO VB NNS IN PRP$ NNS . DT NNS VBP DT NN IN JJ NN CC VBP RB IN PRP$ NNS IN NNS CC NN NNS . RB VBG NNS TO VB RB VBZ DT NN TO VB JJR IN DT WP VBP VBG TO VB . IN DT CD NN , IN NN , NNS IN DT JJ NNS NN VBD VBN DT NN VBG PRP IN PRP VBD JJ IN DT JJ NN NN . IN DT NN VBD PRP TO VB RP CC DT NN CC DT NN IN DT NN , PRP VBD CD NN RBR JJ TO VB VBN IN JJ NNS VBD . -LRB- NN NNS VBP RB RB JJ IN NN NNS , CC DT JJ NN VBZ DT NN IN NN . -RRB- IN NNPS VBP VBG JJ NNS CC VB IN JJ NNS , PRP MD VB IN DT NN NN . RB , PRP MD VB TO VB DT RB JJ NN ."
49,303,mainstream,"DT NNP NNP NNP NN WP VBZ VBN DT JJ NN NN IN NNS RB VBN CC VBN IN DT NN NN VBZ VBN VBN DT NNP IN DT NNP NNP IN NNPS -LRB- NNP -RRB- . NNP NNP , NN IN JJ JJ NN IN DT NNP NNP NNP NNP NNP IN DT NNP IN NNP , NNP CC NNP NNPS IN NNP , VBZ DT CD NN IN NNPS VBG CD NN NNS CC JJ CC JJ NN NNS RB . PRP VBZ DT JJ NNP NNP NN TO VB VBN IN DT NN IN DT NNP . NNP POS NN VBZ NN NNS TO VB JJ NN NNS IN JJ NNS WDT MD VB VBN IN NNS : CC , RB , NNS : IN DT NN . PRP$ NN VBZ VBN IN NN IN CD NNP NNS : CD VBG NNS VBN TO VB DT NN TO VB CC VB DT JJ NN IN NNS , CD IN DT NN NN NN VBN IN NN , DT JJ NN IN NN HYPH VBN NNS , CC NNS , WDT VBP NN HYPH VBN NNS VBN IN IN DT JJ NN IN DT NN NN , CC CD IN DT NN JJ NN IN NN . CD IN PRP$ NNS VBZ VBG NN VBN IN NNP CC NNP , CC CD IN PRP$ NNS VBP VBG NN NN IN CD JJ NNS . DT NN NN PRP$ NN VBD TO VB NN JJ CC JJ NN NN , VBN IN NNP NNP IN CD , VBZ DT JJ NN . DT NN MD VB IN NN NNS CC JJ NN IN NNS IN DT NN NNS . `` DT NNS VBN IN PRP$ NN VB JJ NN , CC PRP VBZ RB JJ . PRP VBP DT JJ NN NN , CC DT VBZ WRB PRP VBP VBG JJ NNS IN NNS IN DT NN , '' NNP VBD . `` DT JJ JJ CC JJ NN NN CC NN NN NN VBP DT RB JJ NNS IN DT NN NN IN DT NNP CC RB . DT VBP DT NNS IN NNS WDT DT NNP NNP IN NNPS VBZ IN : JJ NN WDT VBZ IN DT NN IN DT JJ NN . '' NNP VBZ DT CD HYPH NN NN IN NNP HYPH NNP , DT NNP NNP IN NNP NNP NN VBG VBN NN CC NN NNS IN DT NN TO VB IN PRP$ JJ NN MD VB DT NN IN DT NN NN . PRP VBZ VBG IN JJ JJ NN NNS , VBG DT JJ NN NN VBN IN NN NNS CC DT NN NN VBN TO VB VBN IN NN IN NN NN . DT NNP NNPS NNP VBZ JJ NNS WP VBP `` VBN DT NN IN NN IN VBG CC VBG JJ NNS WDT VBP VBN DT JJ NN IN NN IN NN , JJ NN CC DT NN IN NN . '' NNP VBD IN DT NN IN PRP$ JJ NN NN , VBG JJ NN IN NN NNS , VBZ VBN PRP TO VB DT NN IN RB JJ JJ NNS CC NN NNS WP MD VB RB TO VB JJ NNS IN JJ CC NN NN . `` PRP VBP VBG NNS CC VBG DT NN NNS VB JJ NNS JJ IN VBG JJ NNS WDT VBP NN TO VB NNS , VB NN , VB NN CC VB DT NN , '' PRP VBD . NNP NNP , JJ JJ NN IN NN IN NNP NNP , VBD NNP VBZ DT JJ NN VBN TO VB JJ NN IN RB JJ NNS . `` NNP NNP VBZ RB VBN NNS WDT VBP VBG PRP VB DT NN IN NNS VBN IN PRP$ NN IN DT NN , '' NNP VBD . `` DT VBZ DT JJ NN TO VB DT NN IN NN . PRP VBP JJ TO VB PRP$ NN VBN IN DT NNP NNP IN NNPS . '' NNP CC DT NN IN DT CD NN IN NNS MD VB VBN IN NNP CD , CD , IN NNP , NNP , IN DT JJ NN IN DT NNP NNP NNP IN DT NNP NNP IN NNPS ."
50,858,mainstream,"DT JJ NNP CD NN MD RB VB VBG , IN DT NN VBZ VBN IN DT NNP IN NNP IN DT NN IN DT NN . IN EX VBP VBN JJR IN CD VBN NNS CC DT NN NN VBN RB CD NN , NNP MD RB VB DT NN IN NN IN VBN NN , NN , CC NN NN IN DT JJ NNS . DT JJR NN NN IN NNP VBN IN NNP VBZ VBN VBN IN DT JJR NN IN JJ NNS VBG IN NNP CC DT JJ NN IN NN NN CD RB , IN DT NN VBZ RB VBN IN DT NN , JJ NNS IN NN NN IN NNP SYM CD VBP VBN VBN . PRP VBD IN EX VBD DT NN IN NN NN CC NNP CD NN IN NNP . IN DT CD IN CD NN NN , DT JJ NN NN NN NN -LRB- NN -RRB- VBD JJ IN DT JJ NN IN NNP CC DT NN IN NNP , IN NN IN DT JJ VBN NN -LRB- NN -RRB- CC DT VBN NN , CD DT NN NN VBZ DT NNP NNP NNP NNP -LRB- NNP -RRB- NN NN , RB IN VBN NN NNS , IN VBG DT NN NN . LS DT NNP NN NN VBZ VBN JJ IN NN NNS IN NN NNS WDT VBP VBN DT NN NN IN NN IN JJ NN NN NNS , CC VBZ VBN VBN IN NN , NN , CC IN DT NN IN VBG NNS IN VBN IN NNP CC NNP NNP , NNP , CC NNP NNP NNP NNS . DT CD NNS IN DT NN NN VBD JJ IN JJ NN CC NN . PRP VBD RB JJ NNS TO VB DT NNP NN NN NN IN NN IN DT NN IN DT NN IN VBN NNS JJR IN CD NNS NN CC DT NN IN NN CD NNS IN DT NN IN NNP IN IN CD NNP CD PRP VBD DT JJ JJ NN TO VB DT NN IN NNP CD NNS VBN IN DT NN IN NNS JJR IN CD NNS JJ VBN IN NN . PRP VBD DT JJ IN JJ JJ NN -LRB- NN SYM CD , NN SYM CD , NN SYM CD -RRB- , VBG IN WRB EX VBD JJR NN NN NNS , JJR NNS IN NN CD VBD . RB , PRP VBD DT JJ JJ NN TO VB DT NN IN NNP CD NNS VBN IN DT NN IN NNS JJR IN CD NNS JJ VBN IN NN . DT JJ NN NN VBD VBN -LRB- NNP -LRB- CD -RRB- SYM CD , NN SYM CD -RRB- , IN DT NN CD IN CD . DT NN POS NN IN NNP CD NNS VBD IN CD IN DT NN IN NN IN NNS JJR IN CD NNS JJ VBN IN NN , IN VBN IN DT NN -LRB- NNP CD -RRB- . EX MD VB JJ JJ CC VBN NNS IN DT JJ NN , VBG DT JJ JJ NN IN NN NN IN NN CD NN CC NN . DT MD VB IN DT NN MD VB JJ VBN JJ JJ NN IN WRB DT JJ NN IN NNP NNP CD VBD , DT JJ NN NN NN MD VB VBN IN DT JJ NN , CC DT MD VB NN IN NN HYPH NN CC DT NN SYM CD NN NN . RB , DT NN MD VB RBR JJ TO VB IN DT JJ VBN NN NN , WDT MD VB RBR JJ TO VB IN JJ VBN NN IN DT VBN NN . DT NN IN DT JJ NN MD VB IN DT NN IN DT NN NN MD VB IN JJR JJ NNS , WP VBD RB JJR NN . PRP VBZ RB JJ IN DT VBN NN MD VB VBN IN NN , VBZ JJ IN JJ JJ NN NNS , CD CC VBZ RB JJ . RB , IN NN IN NN VBZ VBN TO VB VB NN CC TO VB IN DT JJ NN IN JJ JJ NN JJ NN , EX VBP RB VBN NNS IN NN NN IN NNS VBG NN HYPH NN NN NN . RBR JJ , JJ , CC NN NNS VBP VBN TO VB IN DT NN IN DT JJR NN IN NN NN CC JJR NNS IN NN CD IN NNP VBZ RB VBN CC RB ."
51,996,mainstream,"IN NNP , DT NNP NNP NNP VBD NN VBG DT NN IN NNS CC DT NN IN NNS IN VBG JJ NNS . PRP RB VBD DT JJ NN IN NNP NNP , DT NN WP VBD VBN IN CD IN PRP$ NNS POS NNS , RB RB IN DT , JJ NNS IN NNP NNP NNP -LRB- NNP HYPH NNP -RRB- , DT NN , WP VBD IN NNS MD RB VB VBN TO VB PRP$ NNS CC IN `` PRP VBZ JJ TO VB IN EX VBP DT NNS IN NNS . '' DT NNS VBP IN EX VBZ DT NN IN NNS CC NN , CC IN VBZ VBN RB VBN , DT NN RB VBZ RB VB . RB , DT NN VBZ RB RB JJ IN JJ NN , WRB JJ NN VBZ VBG TO VB , IN NNS IN NNP VBG PRP VBP VBG RP IN JJ CC JJ NN . DT NN NN VBZ VBN DT NN IN NNS VBG IN IN NNS IN JJ NNS IN CD NNS WRB PRP VBZ JJ TO VB RB , VBG IN DT CD NN IN DT NNP NNP IN NNP NN NNP NNP . RBR , DT NNP NNP NNP -LRB- NNP -RRB- VBZ VBN `` NN NN '' IN CD IN DT RBS VBG JJ NN NNS IN CD , VBG DT CD HYPH NN JJ NN IN DT JJ NNS NN IN JJ NN IN DT JJ NN . DT NNP NNPS VBZ VBN DT CD HYPH NN NN IN NNS NNS , CC EX VBP VBN NNS IN NNS NNS IN NNS IN NNP , NNP CC NNP . DT NN IN NNS IN NNP NNP NNP VBP RB VBN IN DT JJ NN VBZ RB RB VB NNS , RB . DT IN DT VBZ DT NN : WP MD RB VB IN NN VBD RBR JJ , CC NNS VBD VBG PRP$ NNS . IN DT NNP NNP IN NNP CC NNP NNPS , WRB DT JJ NN IN NNS IN DT VBN NN VBP VBN IN DT JJ NN , DT NNS VBP NN NN , CC NN NN . RB , DT VBZ DT NN IN IN NNS VBP IN VBG IN NN TO VB , IN DT JJ NN IN DT NN VBZ VBN IN DT JJ NN , WDT RB VBZ RP DT NN IN DT NN . CC DT NN IN NN NN VBZ JJ IN IN JJS CD NN IN DT NN VBG NNS . IN NN , NNS IN JJ NN NNS -LRB- JJ IN JJ JJ NNS IN NNP NNP , NNP , WDT VBD RB VBN IN NNS NNS -RRB- VBP VBN TO VB RB JJR NNS IN JJ NNS . RBR , CD VBP RB VB IN JJ NN NNS IN NN TO VB WP DT NN IN NNS MD VB IN . VB , IN NN , DT NN IN NN -LRB- NN NN -RRB- , DT NN HYPH JJ NN , IN DT NNP NNP IN DT NNS : VBG NN NNS IN DT NN -LRB- NN HYPH NN HYPH NN -RRB- NN VBD VBN IN NN NN , DT NN NN VBD IN CD NN IN CD NN IN CD CC CD . IN DT NN , CD NNS IN NN NN VBD VBN IN DT NN IN CD , RB RB IN CD NNS , RB IN NNS . -LRB- DT JJ NN VBD RB VBN IN DT NN CC NN NN . -RRB- PRP VBZ RB RB JJ IN RB VBG NN NNS MD VB IN DT NN IN JJ NN . IN DT NNPS IN NNP NNP -LRB- NNP -RRB- , JJR IN CD NNPS VBD IN NN IN DT NN VBD VBN IN CD : CC IN RB , EX VBP VBN RB DT NN IN NNS IN DT NN , IN CD NNS VBN IN DT NNP IN CD CC CD . NN : PRP VBZ IN DT NN IN PRP$ NN POS JJ NN : CC JJ NN IN JJ : TO VB PRP$ NN VBN ."
52,222,conspiracy,"IN DT NNP NN NN IN DT NN , NNP VBZ IN DT JJS NNS CC VBZ PRP$ NNS . IN DT JJ NN IN DT NN PRP VBP VBN IN NNP NNP NNP IN NNP TO VB IN DT NN IN DT NN IN NN , NN CC DT NN . DT CD NNS NN CD NN IN DT NN IN NNP NN : WRB DT NNPS VBP VBN IN NN NNS MD VB VBN IN NNS POS NNS VB NN NN WRB PRP$ NN VBZ PRP RB NN WP VBZ WRB NNS VBP IN JJ NNS . NN WP VBZ WRB NNS VBP IN JJ NNS . NN NNP NN : WRB JJ VBP NNS VB IN NN . NN NN : NN IN NN , JJ , NN CC JJR"
53,1148,mainstream,"CD IN DT NNS PRP VBP VBN RBS RB VBZ WRB PRP MD VB DT NNP HYPH CD NN . IN DT PRP VBP , DT NN VBZ RB WRB , CC IN . IN PRP VBP RB VB DT NN , PRP VBP RB RB VB WRB JJ CC JJ PRP MD VB . VBN PRP$ RB HYPH VBN NN VBG NN NNS IN NN CC NN , CC RB DT JJR IN JJ NNS IN JJ NNS VBG NNS CC JJ NNS , PRP MD RB VB RB JJ IN DT JJ NN TO VB DT NN HYPH CD NN MD VB IN JJ NN . PRP VBP RB VB IN DT NN MD VB NN , JJ VBG NN : IN VBN : CC RB JJ , JJ NN , IN VBZ RBR JJ . WP PRP VBP VB VBZ IN JJ NN IN DT NNP HYPH CD NN MD VB DT JJ NN IN PRP$ NN TO VB RB JJ NNS VBN IN JJ : CC IN DT NN , PRP VBZ RB RB JJ TO VB VBG PRP$ NNS TO VB DT NN . IN DT JJ NN VBN IN NNP VBZ JJ , JJ NN CC JJ NN VBZ DT NN . TO RB VB NNS IN NNP HYPH CD NN NN IN DT NNP NNPS , PRP$ NNS VBP , PRP MD VB RP JJ NN NN RB . DT NNS VBP IN DT NN IN NN JJ IN JJ NN IN NN VBZ NN . PRP VBP , `` VBN IN JJ NNS MD VB JJ IN NNP HYPH CD NN IN IN NN , NN , CC JJ JJ JJ NNS , DT NN NN NN JJR IN CD NN MD RB VB NN IN DT NN . '' DT NN IN NN VBZ DT IN NN NN , RB VBN IN IN DT JJ NN IN `` NN NN . '' WRB VBZ PDT DT JJ NN NN VBN . DT JJ NN VBZ IN DT NNP HYPH CD NN , IN JJS NNS , VBZ JJ TO VB JJ IN JJR NNS . IN PRP VBP , DT NN NN VBZ PRP$ NN TO VB IN NNS IN JJ NNS . DT VBZ DT NN , IN IN DT NN PRP VBZ DT NN WP VBP RBS JJ IN NNP HYPH CD : CC JJS IN NN IN NN . TO VB VB NN IN DT JJ IN NNP HYPH CD , DT NN MD VB DT JJ NN IN VBN NNS IN DT NN IN WP PRP MD VB DT NN . PRP VBP IN JJS NNS VBP RB JJ IN DT RBS JJ NN VBZ RBS JJ TO VB RB IN DT NNP HYPH CD NN , RB RB WRB JJ PRP MD VB . PRP$ NN CC NN VBP IN JJ NN NNS IN DT JJ NN . DT NNS VBD NNS IN NN IN NN NN . DT VBP : NN IN DT NN IN NN IN NN . DT NNS VBD RB VB DT JJ NN RB , CC PRP$ NN VBZ JJ . VBN , DT NNS VBP DT NN TO VB NNS TO VB DT NN IN DT NN WDT MD VB VBN , RB RB WRB JJ CC JJ PRP VBZ . VB RB DT NN IN DT NNS IN DT NN NN . NN CC NN IN DT NN RB VBZ RB JJ IN PRP VBZ RB . VB IN DT NN IN CD NN JJ NNS IN NNS IN PRP$ NNS VBZ VBN JJR IN CD CD NNPS : CC DT NN VBZ RB VBG . JJ NN CC JJ NNS IN DT NN"
54,976,mainstream,"NNP -LRB- NNP -RRB- , JJ NNS VBP VBN DT JJ NN JJ NN IN DT JJ NN NN , DT NNP IN NNP NNP IN NNP NNP IN NNP NNP -LRB- NNP -RRB- VBD IN NNP , IN NNS TO RB VB NN CC NN . RB DT CD NNS VBP IN JJ NNS IN JJ NNS RB , IN DT NNP NNP NNP VBZ DT NN NN VBZ VBG CC `` DT NN VBZ IN DT JJ CC JJ NN '' . RB , NN IN DT NN NNS VBP VBN JJ HYPH NN , JJ HYPH NN NN CD JJ NNS , DT JJ NN IN VBG JJ NN IN NN . NNP VBD IN NNP DT NN CD JJ NN IN PRP$ JJ NN , WDT VBZ IN CD JJ NNS JJ NNS VBP VBG IN NNS , VBG DT IN HYPH VBG NN HYPH CD NN WDT VBZ VBN RB CD NNS IN NNP , DT NN VBD IN NNP IN PRP$ JJ NN NN . DT NN HYPH CD NN MD VB DT NN POS NN CC VB TO VB IN DT JJ NN MD RB VB NN NNS IN JJ NNS . NNP VBD PRP VBZ TO VB DT NN VBN IN VBG DT NN NN DT NN TO VB IN NNP POS JJ NN NNS . RB RB IN IN DT NN IN CD , JJ NNS IN NNS IN JJ NNS MD VB JJ NNS IN JJ NNS , NNP NNP , NN IN DT NNP NNP IN NNP NNP CC NNP , VBD JJ NN . DT NN , WDT VBD RB VBN IN NNP RB IN CD , VBZ VBN CD CD NNS RB CC VBD JJR IN CD NNS ."
55,162,conspiracy,"`` DT NNS , PRP VBP DT HYPH JJ '' , '' VBD NNP NNP RB IN DT JJ NNS . NN VBZ PRP IN NN VBZ DT JJ NN . CC JJ NNS WDT VBP PRP$ JJ NNS IN DT NNP NNPS VBP VBN JJ NNS IN DT NNS IN JJ NNS . VBZ DT NNP VBG IN DT NNP NN WRB DT NN IN DT NNS VBP NNS RB CC IN VBG PRP : CC WRB NNS VBP VBN . DT NNP NNP VBD DT JJ NN IN NNP CD , CD . CD IN JJ JJ NN HYPH NNS IN DT NN NN WDT VBZ VBN RP JJ NNS IN DT NNP NN , VBG IN `` NNS VBP VBG TO VB JJ NNS IN DT NNS PRP VBP CC VBP RB VB . '' VBG PRP$ NNS IN VBG TO VB NN NNS VBD DT NN IN NNP NNP IN NNP . DT VBZ TO VB VBG NN IN DT NNP NNPS . JJ JJ NN CC NN NN NNP NNP , NNP , VBZ VBN DT JJ NN VBG JJ NNS IN JJ `` NN NNS , '' JJ IN WDT VBP DT VBN JJ NN . PRP VBD IN CD SYM CD IN DT NN NN IN DT NNP NNP NNP -LRB- NNP -RRB- IN DT NNP IN NNP NNP IN DT NNP IN NNP , NNP . IN CD , NNP NNP VBD NN NNS IN DT JJ NNP NN WDT VBD IN JJ NNP NNP -LRB- NNP -RRB- MD VB VBN IN DT JJ NN NN . IN DT NN VBD JJ IN VBG DT JJ NN CC NN , DT JJ NNS VBD JJ TO VB DT JJ NNS . NNP VBD NNP IN NNP CD , VBG PRP$ JJ NN IN NN . IN NNP CD , NNP VBD DT NN IN NNP . IN RB , NNP VBZ VBN TO VB NN IN DT NNS CC NNS IN JJ NN NNS , RB DT WDT VBP IN NN -LRB- DT NN IN NNS -RRB- . PRP VBZ VBN DT JJ NN IN DT NN IN PRP$ NNS . NNP , IN PRP$ NN IN DT JJ NN IN NNS , RB VBD DT NN NN NNP VBN IN VBG PRP$ `` IN DT NNS POS NN '' JJ NN NNS . IN PRP$ JJ NN , NNP NNP VBZ IN NNS VBP JJR NN IN JJ IN JJS NNS , JJS IN DT NN : `` DT NNS IN NNS RB CC IN VBG IN PRP$ NN VBZ NN HYPH VBG IN PRP . VBP PRP RB VB WRB JJ PRP VBZ TO VB VBG PRP$ NN NN CC VBG JJ NN NN . '' NNP VBZ RB DT JJ NN WP VBZ JJ IN DT JJ NN IN NNPS TO VB RP JJ NNS IN DT JJ NN IN NN : `` PRP RB MD VB WRB JJ PRP VBP VBN . PRP IN DT NN VBP TO RB VB IN -LRB- VBN -RRB- NN IN NN . PRP VBP RB VB DT JJ NN IN JJ NN VBG RB , PRP VBP JJ TO VB . '' NNP VBD WRB PRP VBZ VBG IN IN VBG DT NN : `` UH , VB PRP VB PRP RP IN PRP . DT NN VBZ JJ NNS IN NN IN JJ JJ NN . RB IN DT RB HYPH VBN `` NN . '' JJ NN IN PRP$ NNS CC NN VBZ JJ IN DT NN TO VB IN PRP VBZ TO IN NN TO VB RP DT NN . '' JJ NN VBZ JJ IN JJ HYPH NN NNS CC RB DT NN IN PRP , VBD NNP : `` NNS MD VB NN NN . IN PRP VBP VBG IN DT NN NN , PRP VBZ RB JJ . '' NNP RB VBD NN NNS IN DT NN HYPH JJ NN VBN IN DT NN WDT VBZ VBG IN DT NNP NNP NNP POS -LRB- NNP -RRB- NN : `` CC VB RB CC VB IN PRP$ NN NN IN PRP VBZ PRP VB JJR . PRP VBP RB VB IN DT NN WRB PRP VBZ TO VB PRP IN WRB TO VB NN , CC VBP PRP VB PRP$ `` NNS '' -LRB- WDT PRP VBP VBP VBN IN JJ NNS -RRB- . '' DT JJ NN VBZ IN DT JJ NN NN VBZ PRP$ JJS NN IN DT NNS , VBG NNS : `` PRP VBP TO VB JJ , RB VB JJ TO VB PRP IN DT NNS IN PRP$ NN . VB NN , VB PRP$ NN , VB VBG NN , VB RP PRP$ NN CC NN NN , VB VBG VBN IN NNS , VB VBG JJ NNS , VB VBG RB JJ NNS IN PRP$ JJ NN , VB JJ NN -LRB- VB PRP$ NNS -RRB- . `` RBS RB , VB RB CC VB RB , VB DT NN , VB NN IN -LRB- VBN -RRB- NN , VB RB CC VB TO VB IN PRP$ NN . '' JJ VBN NNS VBP VBG DT JJ NN : CC VBG NN NN IN DT JJ NN IN DT JJ NN IN JJ NN NNS , JJ NN , `` JJ '' NN NNS , CC -LRB- RB -RRB- VBN NNS . PRP VBZ NN IN NNPS TO VB RP IN DT JJ NN IN PRP$ NNS . IN NNP NNP , JJ JJ NN VBD : `` PRP$ NNS VBD RB JJ IN NNS , NNS , CC NNS : CC PRP VBD RB VB DT TO VB PRP$ JJ NNS . '' JJ NNS , NN NN . VB RP IN PRP$ JJ NNS ."
56,1066,mainstream,"WRB NN NNS IN NNP VBD VBN IN DT JJS NN IN NNS IN NNS , PRP VBD IN VBG DT NN POS NN MD VB JJ . DT NN IN DT NN RBS VBN IN DT NN WDT RB VBD CD NNS , DT JJ IN IN DT NN IN DT NNP IN DT JJ NN , VBD JJ NNPS . DT JJ NN VBD NNS IN CD WP VBD RB VBN VBN . DT NN POS JJ NNPS VBD TO VB PRP$ NNS JJR IN JJ NNPS , CC DT NN VBD , IN CD CC CD , IN CD NN NN IN CD NN NN . NNS VBP VBN DT IN NNS VBN IN DT NN IN JJ NN NNP NNP CC JJ NNS , WP$ NN RB VBZ . `` DT JJS NN VBZ VBG DT NN WDT VBZ CD WDT VBZ DT NN WP VBZ DT NN IN NN , CC VBG DT IN NNS , CC RB NNP , '' NNP NNP , DT NN JJ NN IN DT NNP NNP IN NNP -LRB- NNP -RRB- , VBD DT NNP JJ NN IN PRP VBD TO VB DT NN . `` IN PRP$ JJ JJ NN PRP VBP PRP$ NNS VB IN CD NN NN , WDT VBD JJR IN JJ NNS , RB IN CD NN NN . CC DT VBZ PRP IN DT RB , RB JJ NN . '' TO VB DT NN VB PRP$ NN VBN RBS RB , NNS VBD IN NN IN NN NNS , IN JJ NNS , WP VBP NNS IN NN NNS . NNP VBD PRP VBD PRP IN DT NNP VBZ RB VB IN DT NN VBG VBN IN PRP IN NNP CC NNS VBD JJ . PRP VBD DT NN VBD RB JJ IN PRP RB VBD EX VBD DT JJR NN IN NN IN JJ JJ NNS , NN NNS IN DT NN VBP VBZ RB VBN IN NN . IN DT NN , JJR IN CD VBD TO VB . `` DT NNS VBP RB JJ IN PRP$ NN CC PRP VBP RB JJ TO VB IN PRP IN WDT NN PRP MD . PRP VBP VBN DT NN WDT PRP VBP VBN JJ TO VB PRP IN DT NN CC WP PRP MD VB IN JJ NNS IN DT NN , '' NNP VBD . PRP VBD DT NNS VBD NNS IN JJ NN IN DT NN . IN NN , PRP VBD DT NNS MD `` VB NN CC NN IN NN IN DT NN IN PRP$ NN . DT VBZ NN WDT PRP VBP RB VB DT NNS IN , CC PRP VBP '' . DT NN IN NNS IN DT NNP NNPS -LRB- NNP HYPH NNP NNP -RRB- VBD DT JJS DT NNP NN VBD VBN IN NNS . CC PRP VBD RB JJ IN VBG TO VB DT NN . IN CD , RB CD NNS VBD VBN , DT JJ NN IN PRP NNS IN NNP , IN PRP VBD CD IN CD NNP NN NNS VBN IN NNP NNP . DT JJ NN IN DT VBN VBD VBN TO VB RB VBN DT NN NN , CC TO VB RB VBN CD NN -LRB- DT NN VBZ CD -RRB- . RBR DT NN , IN JJS CD NNS IN NNP NNP , NNP , VBD VBN IN DT NN , DT IN PRP NNS WP VBD RB VBN VBN . NNP VBZ CD IN DT CD NNS IN DT NNP WDT VBZ RB VB DT NN WDT VBZ NNS TO VB NNS , CC IN CD , NNS VBP VBN JJ TO VB IN IN JJ NN NN NNS IN PRP VBZ IN PRP$ `` JJ '' NNS . IN NN IN VBG DT NN IN NNP , DT NN VBZ DT NN IN NNPS IN NNP NNP , DT JJ NN NN WDT VBZ JJ NNS WP VBP NNS IN NN NN . IN VBG IN NNP IN DT JJ NNS , NNP VBD RP DT NNP NNP NNP IN NNPS , IN NNP , IN CD CC CD , WRB PRP VBD RB IN VBG PRP$ NNP JJ NN . DT NN RB VBD PRP$ NN IN DT NNP NNP IN NNP NNP CC NNP . NNS VBP PRP RB VBD DT NNP NNP NNP , WDT PRP VBD IN NNP NNP , DT JJ NN WP$ NN VBZ NN . NNP VBD VB NNP POS NN , NNP , WDT VBZ TO VB EX VBZ DT NN IN NN CC NNS . NNP NNP NNP , NN IN DT NNP NNP IN NNP NNP IN DT NNP NNP IN NNP IN NNP , VBD DT NNP NNP IN IN CD , DT NN IN NNS RB VBG IN VBG PRP$ NNS VBN VBD IN CD IN CD IN DT CD HYPH CD NN NN . DT VBD RB VB NNS IN NNS WP VBP VBN IN NN . `` NNP VBZ VBN DT CD HYPH NN NN IN JJ NN NNS IN CD , '' VBD NNP NNP . `` DT VBZ PRP VBP DT NNS IN CD IN CD NN NN IN DT NNS RB VBG VBN . '' VBG DT NN IN JJ NNS VBP IN DT JJR NN , DT NN VBN JJ NNP IN DT NNP IN DT NNP NNP NNP -LRB- NNP -RRB- VBD IN NNS WP VBD RB VB VBN VBD `` DT RBS JJ NN '' IN DT JJ NN IN DT NN IN NNS CC JJ NNS IN DT NNP . IN NNP , IN DT WP VBD DT NNS VBD NNP NNP , DT JJ NN WP$ CD HYPH NN HYPH JJ NN CC CD HYPH NN HYPH JJ NN VBD RB VBN CC WP RB VBD NNS . PRP VBD PRP$ NN , WP VBD DT NN , JJ NN CC NN , VBD TO VB CD NNS IN NN WRB PRP VBD VBN IN NN CC JJ NNS . `` PRP VBD , `` PRP VBP IN NNP . '' PRP VBD , `` PRP VBP IN DT JJ NN CC PRP$ NNS MD RB VB JJ IN DT NN , '' '' DT CD HYPH NN HYPH JJ VBD DT NNP NNP . PRP VBD VBG RP IN NNP , PRP VBD NNS IN DT NN , CC PRP$ NN VBD IN PRP . CC IN PRP$ NNS VBD JJ , PRP CC PRP$ NN VBP VBN NNS IN NNS . `` WRB DT NNS VBP JJ , PRP VBZ VBG TO VB NN . PRP VBZ RB VBG TO VB RB DT NN WP VBP DT JJ NN , '' PRP VBD . `` PRP VBP NN JJ . DT VBZ WRB PRP VBP RP CC VBP , `` UH , WP VBD '' . '' CD IN DT NNS WP VBD JJ IN DT NN POS NN IN DT NN VBD NNP NNP , DT JJ NN IN DT NNP NNP NNP NN IN DT NNP HYPH NNP NN IN NNP . PRP VBD PRP VBD JJ TO VB IN NNS VBG CC NN CC NN . PRP MD RB VB IN DT NN . `` NNP VBZ DT NN IN NN , '' PRP VBD , VBD IN DT JJ HYPH NN NN IN DT NN NN WDT RB VBZ DT NN . `` NNS IN DT NNP VBP , IN PRP VBP RB DT VB NN VB DT NN IN NNS WP VBP DT NN RB RB . '' PRP VBD IN JJ NNS RB , NNP VBD VBN CC VBN IN NNS IN DT NN . `` PRP VBP DT NN VBD RB , RB , RB JJ IN PRP VBD NNP CC NN CC IN IN IN DT JJ NN VBD DT NNP , '' PRP VBD . `` PRP VBP IN IN NNP VBD DT CD NNPS , JJ NNS VBD PRP$ NNS IN RB CD NN NN . CC RB RB PRP VBZ CD , CC DT VBZ DT NN POS NN CC IN IN IN PRP VBP DT NN NN IN DT NN IN NNP . '' NNP VBD DT JJ NN VBD VBN NN IN NN . CC IN PRP , NNS VBD VBN RB RB IN DT NN PRP VBD VBG TO VB . `` PRP VBP JJ CC PRP VBP JJR NNS , '' PRP VBD . `` PRP VBP DT NN TO VB DT NNS IN EX VBZ DT NN IN NN , RB IN PRP VBP PRP . '' NNS VBD NNP POS NN , NNP , VBD VBN IN JJ NNS IN DT NN IN NNS . NNP , CD , VBD IN CD VBN JJ IN DT NNP POS NNP NNP NNP IN CD HYPH CD NNS VBG NN CC NN IN NNS , RB IN DT NNP JJ NN VBD DT CD NN IN WDT PRP$ NNS IN DT NN -LRB- NNS , NNS , CC NN -RRB- NN VBD VBN . DT NN POS NN VBD IN DT NN IN NNS IN DT NN '' VBD RB JJ '' . CD NNS RBR , PRP VBD VBN IN DT NNP WRB PRP VBZ VBN DT VBG NN IN DT JJ NN , CC VBD DT CD HYPH NN NN IN IN DT NN IN CD IN NNP NNP , WP VBZ VBN EX VBZ DT NN IN NNS CC NN , IN PDT DT NN VBG VBN IN DT NNP POS JJ JJ NN NN CC JJR IN DT CD NN NNS . VBG IN DT NNP IN NNP NNP , NNP , WP VBZ VBN TO VB VBN NNP IN JJS CD NNS IN CD CC CD , VBD PRP VBD VBN RB TO VB IN NNS WP VBD VBN IN PRP$ `` JJ NN '' IN VBG NN IN NNS : NN NN NNS IN DT NN VBP VBZ RB VBN RP IN NNS . PRP VBD : `` PRP VBD DT NN CC PRP VBD PRP TO VB . `` PRP VBP VBN VBG DT NN IN NN WP VBZ TO VB PRP . PRP VBP RB VBN RB VBG PRP IN NNS IN NN . RB DT NN WDT PRP VBP VBN RB VBZ RB JJ . DT NN VBD VBN IN DT WP VBD TO VB RP . PRP VBD RB VB DT JJ NN . VB PRP VB DT JJ , '' PRP VBD . `` RB . PRP VBD RB VB IN NNP TO VB PRP IN DT JJ NN . RB RB IN PRP VBP JJ , PRP VBD RB VBN IN DT JJ NN IN DT , IN PRP VBD TO VB CC VB PRP . RB PRP VBD RB VBN RB . `` PRP VBP VBN IN NNP TO VB IN DT JJ NN RB . PRP VBD VBN VB RB TO VB VB RP DT NN TO VB CC VB DT NN IN WRB PRP VBZ IN JJ NNS VBP IN DT RB JJ NN IN DT JJ NN , VBG JJ NN IN NNS . DT VBD DT NN PRP VBD VBN TO VB CC VB VB IN DT NNPS . DT NNS VBZ DT NNS VBP IN JJ NN . '' DT NN RB IN DT NN , NN NNS IN NNP VBD PRP VBD RB VBG DT JJ NN IN DT NN CC PRP$ NN . PRP VBD PRP VBD VBN NNP POS NN IN DT NN CC PRP$ NN IN DT JJ NN VBD DT NN IN DT NN IN JJ TO VB PRP$ NNS VBN . `` NNS IN DT NN IN NN , VBN IN NN IN NNP NNP IN DT VBN NN IN DT NN NN CC NN , VBN IN JJ NNS IN NN NNS , VBD IN DT JJ NN IN NN NNS IN DT JJ NN , IN JJR IN CD NN NN IN CD IN RB CD NN NN IN CD , '' VBD NNP NNP , DT NN IN DT NNP NNP IN NNP . `` PRP VBP IN NNP VBD NNS IN DT NN IN IN JJS CD NNS . '' PRP VBD : `` PRP VBD JJ IN JJ NN NNS IN DT NNP NN CC NN RB RB IN CD , CC VBD VBN VBG NNS TO VB IN DT NN TO VB DT NNS CC VB NN NNS IN JJ NNS JJ IN DT NN . PRP VBP VBG TO VB JJ NNS IN VBG CC VBG PRP$ NNS IN DT NN CC VBG DT NN POS NN IN NNS PRP MD VB DT NN IN NN . ''"
57,546,conspiracy,"DT NNS RB VBD RB IN JJ NN VBD IN DT JJ NN IN DT NN IN NNS VBN IN DT NN . CC VBD EX JJ NN IN RB JJ NN . JJ NN NNS VBN IN NNP VBD IN , VBN IN DT NN VBN JJ IN DT NNP , NNP . HYPH VBN NN , EX VBZ RB DT NN TO VB WRB JJ : CC RB : DT NN MD VB . IN NNP VBD DT NN , PRP VBD RB JJ NN : CC JJS IN WP PRP VBD VB VBD NNS , RB NNS . DT VBZ JJ : IN PRP VBP NNS TO VB DT NN NN , PRP MD VB NN NNS , RB JJ NNS . IN NN , NNS VBP RB JJR IN NNS . -LRB- CD -RRB- CC DT JJ NN WDT DT NN NN VBD TO VB VBD DT JJ NN IN JJ NNS VBN IN DT NN IN DT JJ NNS . CD IN DT CD NNS -LRB- CD -RRB- IN DT JJ NN NN -LRB- CD NN -RRB- VBD DT `` JJ JJ NN '' IN CD NNS IN VBG NNP POS NN . RB CD NN IN DT NNS . DT NN NN VBD IN DT CD NNS VBD NN CD JJ NNS , WDT VBZ VBN IN DT NNP IN `` VBG JJ NN CC VBG JJ NN . '' -LRB- CD -RRB- DT NN RB VBD RB RB IN CD IN DT NNS VBG VBG NNS IN DT NN , WDT IN IN CD NNS RB VBZ RB RB JJ RB . CC VBZ VB DT VBZ JJ IN DT NN , DT NN IN VBG DT NN NN VBZ RB VBN DT NN , DT JJS NN TO VB VBZ WP VBZ WRB DT NN VBZ IN NN IN DT NN PRP . JJ NNS VBP RB VBN IN NN IN DT VBG NN VBZ :"
58,294,conspiracy,"NN VBZ DT JJ NN IN NNS VBN IN NNS IN JJ NNS , NN CC JJ NNS . NN VBZ DT NN NN , VBG DT NNS MD VB VBN IN NNS IN PRP$ NN IN DT NN . NNP NNP VBZ RP EX VBZ RB RB CD NN IN NN CC JJ NNS VBN IN DT NN IN JJ CC JJ NNS . DT NN VBZ DT JJ NN IN NNS CC NNS VBG WRB PRP VBP , VBP CC NN HYPH VB . IN DT NNS , NNS IN NN NN NN -LRB- NNP -RRB- VBP JJ NN , IN NNS MD VB RB CC VB JJ HYPH VBG NNS . JJ NNS VBP VBN TO VB DT NN IN DT NN . PRP VBZ RB VBN IN JJ NNS RB VBP IN JJ -LRB- NN -RRB- NNS , IN DT VBG DT JJS NN NNS RB VBG DT RBS JJ NNS IN NN . JJ NN RB VBZ DT JJ NN IN DT NN CC DT NN , CC WRB NN IN DT NN HYPH NN NN VBZ NN NNS . IN JJS NNS , NNS IN NN VBP IN NN CD CC CD , IN NNS IN VBN JJ NNS MD VB RB RBR . IN DT JJ NNS , NNS VBD NNS IN JJ NNS RB VBN NN , VBG DT NN VBZ DT JJ NN . RB , NNS VBP IN RB RB DT JJ , CC RB JJ , NN NN . NN IN NNP NNP NNP IN NNP , VBN IN CD , WDT RB VBD IN NNS , VBD JJ -LRB- JJ -RRB- NNS VBD RBR JJ TO VB DT NN NN IN JJ -LRB- JJ -RRB- NNS . JJ NNS VBP RB PDT PRP$ NN , IN JJ NNS VBP CD NN , WDT VBZ NN JJ IN NN VBZ JJ IN DT JJR NN IN JJ NNS IN JJ NNS . VBG IN DT NNS , JJ NNS VBP DT RBS JJ NN . IN NN , PRP VBD IN `` NN IN NNP VBZ JJ JJ NN CC DT JJ VBN NN JJ NN . '' DT VBZ RB DT RB JJ NN . EX VBZ DT JJ NN IN DT JJ NN , RB NN RB MD VB VBN IN DT NN IN DT JJ NN IN NN NNS . RB , NN VBN IN CD VBD FW FW NNS -LRB- JJ NNS WDT RB VBP -RRB- VBN IN NN VBD JJ IN RB CD NN IN NNS VBN IN NN . RB , DT NN IN NN NNS VBP TO VB IN DT NN CC NN IN DT NN IN JJ NNS , CC EX VBP JJ JJ CC JJ NNS WDT MD VB PRP . IN PRP : NFP JJ NNS , JJ IN DT JJ NNS NN CC NN IN VBN NN NN CC NNS , JJ NNS JJ IN NNS CC NN , NN CC JJ NNS IN NNS CC NNP , RB TO VB DT JJ . NFP NN NN VBN IN NN VBG NN , JJ NN , JJ NN HYPH NN NN , NN NN IN DT NN IN NN IN JJ , JJ NN CC NNS IN DT NN . NFP NN NN VBN IN DT JJ NN . VBG NNS VBP NN , JJ NN IN DT NN , NN HYPH NN IN NN NN CC DT VBN NN NN . JJ NN NNP NNP NNP HYPH NNP VBZ NN NN VBG IN NN NN , RB VBN IN NN CC NN NN -LRB- NN -RRB- , VBZ DT JJ NN WDT VBZ DT NN IN NN , RB WRB NNS VBP VBN IN DT NN . VBG IN NNP HYPH NNP , NN VBG IN DT NN POS NN VBZ DT NN IN NN , VBG PRP IN VBG PRP$ JJ NN CC VB JJ NN . IN VBN , JJ NN VBZ CC RB VBZ DT NN IN DT NN VBZ DT JJ NN IN DT NN IN NN . VBG IN DT NN , VBN IN DT NN NNP NNP : IN JJ NNS , JJ NNS VBN IN CC DT NN CC DT NN MD VB DT JJ NN . NN IN DT NN NN VBZ RB VBN VBN TO VB JJ NN IN DT NN CC NN , VBG IN JJ JJ NN . JJ NN VBZ VBN NN HYPH CD NNS MD RB VB `` VBN JJ NNS '' VBN IN DT JJ NNS . JJ NN VBZ RB VBN DT NN IN NN NN . NN NN NNP NNP HYPH NNP , NN NN IN NNP NNP IN NNP , NNP , VBD NNP NNP : DT VBN NN VBZ IN JJR NN , VBG JJ JJ NN IN JJ , JJ CC JJ NNS . NNP NNP VBZ : RB IN DT JJ NN , DT NN NN VBZ TO VB DT JJ NN IN NN . IN DT CD NNP CD NN , NNS VBD DT JJ NN IN JJ NNS IN CD JJ CC CD JJ NNS , VBG JJ NNS IN DT CD NNS . IN VBN IN NNP NNP NN : DT NNS VBD DT JJ NNS POS NN NN VBD VBN NN CC NN , WDT VBP JJ NNS IN VBG DT JJ NN JJ IN VBG IN JJ NNS . IN JJ NNS , VBG DT JJ NN NN MD VB DT NNS RBR JJ IN DT JJ NNS IN JJ NNS . CD IN DT JJ NNS VBD NNP NNP , `` PRP VBP IN DT JJ NN VBZ DT JJ NN , '' CC VBD IN NNS , WDT MD VB JJ NN CC VBP VBN VBN TO VB VBN RBR RB IN DT JJ CD NNS IN NN IN JJ NNS VBN IN JJ NNS , MD VB DT JJ NN . DT NNS NN MD VB DT NN IN JJ NNP HYPH NNP POS NN VBZ EX VBZ DT JJ JJ NN IN PRP$ NN , NN CC NN NN . PRP VBZ VBN WP MD VB CD IN DT RBS RB JJ NN NNS IN VBG NN . IN PRP$ NN , NNP HYPH NNP VBD IN RB DT IN DT NNS IN JJ NNS VBP JJ NN NN , WDT VBZ JJ IN NNS VBP PRP$ NN NN IN PRP$ NNS IN DT NN IN NN . VBG JJ NN NN IN DT JJ CD NNS CC RB IN NN VBZ DT JJ NN IN DT NN IN PRP$ NN POS NN NN . NNS WP VBP JJ NN NN VBP VBN IN VBN NN NNS , VBG PRP IN JJR NN IN VBG NN NNS . IN PRP$ NN VBZ JJ NN NN , NNS MD VB DT JJ `` JJ NN '' : DT NN WDT `` VBZ '' PRP$ , PRP$ JJ NN TO VB JJ NN NNS . DT JJ NN VBZ PRP MD RB RB VB NNS IN DT JJ NNS IN PRP$ NN POS NN , WDT MD VB PRP VB JJR HYPH VBN NNS IN NNS , CC IN WRB TO VB TO VB PRP$ NN IN DT NN IN NN . DT JJ NN IN VBG NNS WP MD VB IN NN IN VBG NN IN DT NN VBZ VBN IN PRP$ NN `` NN CC NN NN , '' CC TO VB PRP RP , IN PRP$ NN PRP VBZ RP IN VBG DT JJ NN NN IN DT NNS , CC PRP$ NN NN VBZ VBN . RB , IN DT JJ JJ NNS IN NN , DT NN IN DT NN VBZ VBN TO VB DT NN IN DT NN POS NN NN , VBN IN DT NN NN TO VB IN NNS . RB , DT MD VB PRP DT NN IN DT NN IN PRP$ NN POS NN NN . DT NNS VBP JJ IN JJS NNS IN DT NN . IN DT NN NNS VBP JJ , DT NN IN NN IN NN VBZ RB VBN . IN PRP VBP IN PRP$ NN VBZ JJ NN , CC VBZ TO VB NNS IN NN , DT NNS NN MD VB VBN RB , IN DT JJR DT NN VBZ WRB PRP VBP DT NN , DT JJR DT NNS . DT NN RB MD RB VB VBN DT NNS IN PRP$ NN NN VBZ JJ . VBG JJ NN NN RB IN VBZ JJ IN VBG PRP$ NN POS NN NNP HYPH NNP VBD PRP$ JJ NN POS NN VBG NN NNS CC NN , CC PRP$ NN VBZ IN PRP$ NN CD IN DT RBS JJ . PRP VBP PRP$ NNS JJ NN VBZ JJ IN JJS NNS DT NNS , IN DT NN VBP JJ NN NN IN IN JJ NN CC JJ NNS , CC PRP VBZ RB JJ IN JJ NNS CC JJ NNS . DT JJS NN TO VB NNS IN DT JJ NN VBZ IN DT NN TO VB DT VBN NNS , NN , NNS CC NN NN NNS IN NN IN DT VBP NN CC NN TO VB CC RB VB JJ NN . DT MD RB VB VBN IN NN CC VBG DT NN IN NNS IN -LRB- NN -RRB- CC IN NN . DT JJ NN VBZ NN NN NN : RB IN NN IN VBN NN NN . VBG PRP$ NN NN NNS CC PRP$ NN NN RB CC IN NN MD VB CD IN DT RBS JJ NN NNS VBN IN NN . IN JJ NNS WDT MD VB JJ IN DT NN CC NN IN NN , VB `` DT JJ NN : VBG IN DT NN . '' NFP DT NN -LRB- NN VBZ NN HYPH NN NN IN NN -RRB- VBD RB VBN IN ADD NFP"
59,357,conspiracy,"VBP PRP$ NN NNS . NFP NNS IN NNP NN CD NNP VBZ RP TO VB IN EX VBP DT NNS IN DT NNS VBG . DT NN VBZ DT JJ UH , CC DT NN WDT NNS VBP RB VBG IN DT NNS VBZ NNS IN CC IN PRP . VB NNP IN DT JJ NN HYPH VBN NN IN NNS IN NNP . VB DT NN IN NNP , NNP , NNP , NNP CC VB DT NN VB TO VB DT NN VBG RB IN NNP NNP NNP NN IN NNP IN JJR IN CD NNPS VBN IN NNP NFP NNP , CD NFP NN NNS IN NN IN NNP NN IN NNP , NNP IN NNS VB DT RB CC PRP MD NN NNP IN NN NN ."
60,103,conspiracy,"UH , DT NN IN NNS VBZ JJ . VB DT JJ NN IN DT JJ NN IN PRP$ NN IN PRP MD VB NNS CC RB NN IN DT `` JJ NN '' RBR . IN DT VBZ DT EX VBD IN PRP , PRP MD RB VB . RB EX VBZ DT NN NN WDT VBZ RB `` JJ '' CC VBN IN DT NN , NN , CC DT JJ NNS IN NN JJ NN . DT VBZ WRB DT JJ NN VBZ VBN . IN PRP VBP NNS PRP MD VB . IN PRP VBP NN PRP MD RB VB VBN IN NN . IN PRP VBP NNP , PRP$ NN POS NN MD VB JJ CC VBN . CC , WP IN PRP VBD RP NN IN DT JJS NNS PRP CC PRP$ NNS VBP IN VBG VBN IN NN , NN , CC NN VBP IN VBG VBN RB IN NNS , RB VBN NN , JJ JJ NNS IN JJ NNS CC NNS . VB DT : RB CD JJ NN RB VBN WDT VBZ VBN IN DT NNP NN VBZ RB VBN VBN JJ CC JJ . WRB . PRP VBP RB VB TO VB PRP . DT PRP VBP TO VB VBZ VB DT NN NN IN IN NN VBG NN , CC PRP VBZ VBN IN CD NNS . VBG DT CD RBS JJ NNS VBN IN NNS IN DT NN IN NN CC NN NN LS NN NN : VB IN DT NN DT NN IN JJ NNS WP VBP DT NN NN VBG IN NN CD IN DT RB VBN NN -LRB- NNS PRP VBP RB VB -RRB- VB IN JJ JJ NN CC DT IN NNS CC VBP , CC VB PRP RB VB IN DT JJ NN IN NNS DT NNS VBP IN DT NN WDT VBP RB IN NN , RB , RB DT WDT VBZ VBN RB IN NN NN CC DT WDT MD VB DT NN , NN NN . CC , VB TO VB DT NNS IN DT JJ , JJ , JJ JJ NNS IN NNP , IN EX VBP CD IN DT JJ NNS VBN . RB PRP VBP NN NN IN CD NN . RB VBN IN `` NN , '' DT VBZ DT JJ JJ NN IN JJ NN WDT VBZ VBN TO VB NNS . VBZ PRP$ JJ NN DT NN . VBZ PRP NN IN DT NN NNS VBN CC VBN IN DT NNP NN VBP DT IN NN NN NN . UH , PRP VBZ RB DT NN . VBD PRP VB IN NN VBN IN DT NNP NNP WDT VBZ NN MD VB DT NN NN VBG , `` MD NN NN '' CC `` MD VB DT JJ NN . '' DT VBZ WP NNP '' VBZ '' IN JJ CC JJ NNS WP VBP RB VBG DT NN IN NN . JJ . RB , NNP NNP VBZ NN IN CD , WDT VBZ NN NN NN CC VBZ DT NN NNS VB DT NN . VB PRP RB VB IN NNP NN VBZ NN CD IN CD NN . NNP CD VBZ VBN IN DT NN IN NNS , CC WRB VBN IN NNS -LRB- JJ IN NNS -RRB- , VBZ JJ , JJ NN IN JJ NNS , VBG NN . DT VBZ NN NN IN NNS , RB IN NNP NNP RB VBD IN DT NNP NN MD VB JJ IN VBG DT NN POS NN IN DT JJ CD . NNP CD VBZ WP VBZ DT JJ NN CC RB VBZ NN CC NN NNS , IN PRP VBP IN DT NN . JJ , CC EX VBZ RB JJ NN TO VB IN DT NN NN IN RB CD . NN LS . NN NN -LRB- NN -RRB- : DT VBN NN NN VBZ NN NN , NN -LRB- UH , NN NN IN DT JJ -RRB- , CC NN NN . IN CD , DT NN VBN IN DT NNP IN NNP NNP VBD IN NN NN MD VB DT JJ NN IN NN NN NN . NN NN VBZ NN IN NN NNS , VBG IN NN . VB NN . NNS IN NNP NNS VBN DT JJ NN NN VBP RB JJ CC VBP VBN . PRP VBD RB VBN IN DT NNP , CC DT NN VBG PRP VBD RB VBN , NNS , CC JJ NN NN . NNP NNP POS JJ NN CD VBD DT NNP NN TO VB IN DT NNP NN IN DT RB JJ NN NN . NN LS . NNP CD : IN NNP NN , VBN IN DT NNP NN , PRP MD VB DT NNS IN DT NNP -LRB- NNP HYPH CD -RRB- , DT NN NNS WDT VBP JJ JJ NN , NN , JJ NN , NN -LRB- NN -RRB- NN NN NN , JJ JJ NN NNS , CC JJ NN NN , IN JJ JJ NNS CC JJ NNS . IN DT `` NNP '' NN , CC NN -LRB- IN FW IN NN NN -RRB- , PRP VBP VBN NN NN HYPH NN , NN , CC NN HYPH CD NNS . CC IN NNS VBZ DT JJ NN VBN IN DT JJ NN CC NN NN WDT NN IN DT JJ JJ NN MD RB VB , DT NN VBZ DT NN IN VBG VBN IN NNS . NNP VBZ DT JJ NN WDT VBZ RB RB CC VBZ NN CC JJ NNS . JJ NN NN NN VBZ VBN IN NN NN CC WRB VBN VBZ JJ NN NNS , NN CC NN , RB NN IN NN , JJ NN NN , NN NN CC NN NNS . NN NN VBZ NN NN CC VBZ NN NN CC NN . JJ NN VBZ DT NN NN IN NN VBN JJ NN NN CC WRB VBN VBZ NN , NNS , NNS , NN , NN , NN , NN NN , CC JJ NN NN . VBG `` VBN NN '' MD VB IN DT NN IN NN NN NN CC VB NN NN NN , CC VB NN , NN , NN CC NN NN IN NN NNS . RB VBP DT NN NN . VBD RB VB RB . NN LS . NN NN : DT VBN NN NN NN VBZ VBN NN NN VBN IN JJ NN NNS . DT NN HYPH NN NNS VBP RB CD IN NN IN CD NNS NN . DT NN RB VBZ NNS NN CC NN WDT VBP JJ NN NN , VBG DT NN NN RB JJ IN NN . VB RP DT NN IN NN NNS CC PRP VBP CD IN DT RBS JJ NNS RB VBN CC DT NN VBN IN NNP , NNP CC DT NNP TO VB IN DT NNS . NN LS NN : DT NN VBZ VBN NN NN NNS , JJ NN NN , NN NN , NNS , CC NN NN . NNP VBD RB VB DT NN IN NN VBD JJ NNS IN PRP IN RB VBG JJ . VB DT NNS . NN LS . NN NN -LRB- FW DT NN NN -RRB- : RB , DT `` NN '' NN NN VBZ CD NN IN NN IN CD NN . DT NNP NN NN IN NN NN . RB CD NNS . VB DT NN , RB VB IN NNS VBP NN , NN , CC NN NNS . JJ NN NNS RB VBP NN CC NN CD . NN LS . NN IN NN : CD JJ NNS IN DT NNP HYPH VBN NN NN VBD RB $ CD CC VBP VBN IN RB CD CD NNS DT NN . NN NN VBZ CD JJ NNS , CC DT JJ NN NN CC NN NN JJ CC JJ NN WDT VBZ NNS . NN NNS IN NNP . NN NN , NN CC NN NN , VBN IN JJ NN . RB DT NNS VBP VBN CC VBN -LRB- VBN IN NN -RRB- WDT MD VB JJ CC VBZ NN IN NN POS NNS . VB JJ CC VB PRP$ NN RB RB IN PRP$ NN VBZ IN NNP ."
61,1316,mainstream,"NNS VBP VBN RB JJ IN VBG NN CC NN IN NN NN NNS . RB , VBN IN JJ NN JJ NNS RB VBP JJ , VBN NN IN JJ NNS MD VB VBN RB . WRB JJ NN NNS RB VBP DT NN IN PRP$ NN NN JJ NNS , JJ NNS VBG NNS , VBG DT VBN IN CC JJ IN NN , VBP RB RBR JJ IN NN VBZ RBR JJ , CC IN NN CC IN DT NNS IN NN NNS , NNS , CC NNS . JJ NN NN NNS : IN RB RB VBN CC VBN : MD VB NN NNS , VBG IN VBN NN NN CC NN IN DT NN JJ NNS . NN NNS MD VB VBN IN DT NN NN IN NNS TO VB PRP$ JJ NN IN NN NN IN CC JJ CC NN NNS . DT NN MD VB JJR NN IN DT JJ NN IN JJ NNS VBG NN CC , RB , VB JJ NN NNS IN DT NN IN NNS IN NNS CC VBN NN . JJ NN IN NN NN NN CC RB JJ JJ VBN NN NNS VBP RB JJ IN JJ NN NNS . JJ NN RB VBZ TO VB VBN IN JJ CC JJ NN NNS , RB DT VBN IN DT NN IN JJ NNS ."
62,756,mainstream,CC DT NN VBZ VBN IN DT JJ NN NN VBZ TO VB JJ . CC DT NN VBZ JJ TO VB DT RB VBN NN IN NN NN . DT NN VBD IN NN : DT NN HYPH VBG NN NN WDT VBD RB RB VBN IN NN NNS IN CD : VBZ VBN IN JJ CC JJ JJ NNS IN NNS NNS CD IN CD . DT NNS POS NNS CC JJ NNS VBP IN NN VBZ VBN DT NN IN NN NN . JJ NNS VBP VBN DT NN CC VBD DT NN IN NN VBZ VBN IN NN . DT RBS JJ NN VBD RB VB NN POS NN IN NN RB . DT NNPS IN NNP NNP CC NNP VBZ VBG DT JJ NN CC NN NN WDT VBZ VBN TO VB VBN JJ NN .
63,1333,conspiracy,"EX VBZ DT NN IN NN VBG NN NN DT NNP NN IN DT NN `` VBP NNS JJ . '' VBZ RP DT VBN NN NN IN DT NN POS NNS CC JJ NNS . DT NN PRP VBP VBZ RP DT NN , VB RB WRB PRP VBZ : `` IN DT NN DT NN VBZ VBN IN DT NN , PRP VBZ VBN VBN IN IN JJS CD IN CD NNS IN NNS IN NNS IN NN NNS , IN NNS IN NNS , NNS CC NN NN NNS . NN VBZ . NNS IN JJ NNS VBN IN JJ NNS IN JJ CC VBN NNS CC NNS IN DT NN VBP VBN IN NNS VBP JJ IN DT JJ NN IN NNS CC NNS . '' VBZ DT NN RB VBN IN JJ NN , RB . CC VBZ PRP RB NN VBN IN DT JJ JJ NN WDT VBZ NNS IN NNS IN NNS DT NN . DT NN IN DT NNS IN NNP NNP POS NN VBZ PRP JJ IN VBG PRP$ NNS IN PRP TO VB VBN VBZ CC JJ CC JJ . DT NN VBZ IN PRP VBP VBG IN DT JJ NN WDT VBZ NNS CC JJ NNS IN VBG RB NNS , RB VBG NNS IN VBG NN IN IN NN IN VBG WP VBP RB JJ NNS . DT NN NN NN VBN IN DT NNP NNP IN NNP NNP -LRB- NNP -RRB- VBZ IN NNP NNP VBZ VBN PRP$ `` JJ NN '' TO VB DT JJ NN IN NN IN DT NN , NN IN JJ NN CC DT JJ NN , RB VBG PRP$ $ CD CD DT NN NN NN . DT JJ NN POS NN IN DT NN VBZ IN PRP$ NNS VBG DT NN IN NNS MD VB VBN . NNP VBZ : DT JJ NN VBZ DT JJS NN IN DT JJ NN IN DT NNP NNPS NNP . IN DT JJ JJ NNS JJ NNS VBP VBN TO VB RB $ CD CD TO VB NNP NNP IN NN NNS IN JJ NN NNS . NFP DT JJ NN IN JJ NN NN VBN IN CD NNP NNS VBZ IN `` JJ NNS VBP VBN JJ NN , DT NN IN JJ NN , DT NN IN NN , NN NN , CC DT NNP POS NN IN JJ NN . '' IN NNP IN CD , DT NNP NNP NNP VBD IN PRP$ NN : `` NN IN DT JJ NN VBZ IN DT NNS IN DT NNS NN , IN NN CC NN IN NN CC NN . '' VB , DT VBZ DT JJ NN WDT VBZ VBN PDT DT `` JJ NN '' VBG IN NNS VBP JJ . CC CD IN DT RBS JJ NNS IN NN VBG IN NNS MD RB VB RB JJ IN NNP NNP VBZ VBZ DT NN IN DT NNP IN NNP NNPS IN DT NNP NNPS NNPS IN NNP NNPS , RB VBN IN DT `` NNP NNP . '' DT NNP NNP VBD VBN IN CD TO VB DT NNS IN NNP NNP WDT VBD VBG IN VBN JJ NN IN NNS WP VBD VBN VBN CC VBN JJ IN VBG DT NN . DT NNP NNP VBZ DT NNS VBN IN DT JJ NN NN NN VBN DT NNP NNP NNP NNP NNP -LRB- NNP -RRB- . NNS MD VB JJ NNS IN NNS IN DT NN , CC MD VB DT NN IN DT NN NN . CC EX VBZ DT NN : DT NN IN NN VBZ RB IN DT VBN NN , WP VBZ TO VB RB IN DT NN VBD PRP$ NN CC NN . DT MD VB RB JJ . IN NN , DT NNP NNP VBZ RB VB NN IN DT JJ NN , VBG IN NNS WP VBP PRP$ NNS VBP VBN JJ IN NN VBP PRP RB JJ TO VB PRP$ NNS . CC , RB IN DT NNP NNP VBZ IN NN IN DT NN , DT NN VBZ VBN IN IN DT JJ NN NN WDT VBZ RB VBN IN DT NN IN DT NN VBN . RB , RB IN DT JJ NN VBZ PRP RB JJ IN JJ IN NNS TO VB IN PRP CC PRP$ VBN NNS VBP VBN VBN IN DT NN IN NNS , DT NNP NNP NNP NNP NNP IN WDT DT NNS VBP VBN , VBZ VBN RP RB $ CD CD IN NN IN NNS . -LRB- JJ : NN NN VBZ VBN CC VBN DT IN CD NNS IN DT JJ NN . -RRB- VBZ PRP VB , VBZ RB PRP . VB JJR NN IN NNS IN NNP ."
64,798,mainstream,"DT NN NN VBZ DT JJ NN NN IN DT NN IN DT JJ JJ NNS VBN IN NN . DT NNS IN NNS VBP JJ CC RB HYPH VBG , RB NN RB . DT NN NN IN DT NN NN VBZ DT NN IN DT RBS NN HYPH JJ IN DT JJ NNS , JJ NNS IN JJ JJ JJ NNS . PDT DT NN VBZ DT NN IN DT JJ NN CC JJ NN , NNS TO VB CC , CC VB DT JJ NN CC VB PRP IN NN JJ IN VBG PRP$ NN . IN DT JJ NNS MD RB VB DT VBN NN IN JJ NN IN DT NN IN NN NN , JJS JJ NNS VBP IN VBN NN NNS VBN TO VB DT IN NN JJ NN TO VB DT NN CC NN IN DT JJ NN . PRP VBP RB VBG DT NN IN DT NN IN JJ CC , CC VBN NNS . DT VBZ RB IN IN DT JJ JJ NN IN PRP$ NN IN DT JJ NN CC IN DT JJ JJ NN CC NN IN NNS . VBG DT NN PRP VBZ RB JJ TO VB NNS IN JJ NNS WRB RB JJ NNS -LRB- CC NNS IN NNS -RRB- VBN IN DT NN VBP VBN , VBG JJ RB JJ NNS . IN RBR VBN JJ NNS VBD VBN IN NN NN VBZ JJ NNS MD RB VB VBN IN RB VBN NN NNS IN DT NN IN DT NN ."
65,368,mainstream,"IN PRP VBP DT NN VBN IN PRP$ NN IN DT NN IN IN NN IN DT NNP POS NN NN , UH VB NNP NNP NNP NNP NNPS IN NN NNS TO VB NN . DT NNP NNP NNP NN NN MD VB VBN JJ IN DT NN IN DT NN POS JJ NN . NN TO VB DT JJ NN MD VB IN DT NN VBN IN DT NN NN , VBG DT NN IN NNS CC NN IN NNS . NFP PRP VBP JJ IN DT NNP NNP NNP , VBP RB RB VBN NNS IN DT NNP NNP NNP . NFP PRP MD VB VBG DT NNP NNP . NFP PRP MD VB VBG IN JJS CD -LRB- CD -RRB- NN IN DT NN HYPH IN HYPH NN NN . NFP PRP$ NN NN VBZ NN HYPH NN CC JJR . IN NN IN DT NN NNS RB , JJ NNS MD RB VB DT NN NN CC NN NN IN PRP : NFP VB DT NNP HYPH CD CC NN HYPH CD NN NN NFP VBP JJ IN NNP NNP NNP , VBP RB RB VBN NNS IN NNP NNP , PRP VBP DT NNP NNP NNP JJ NN NN JJ IN NNP NNP , VBP RB RB VBN IN NNP NNP . NFP PRP VBP DT NNP NNP NNP NN WP VBZ VBN IN DT JJ NN IN DT NNP NN CC VBP JJ IN NNP NNP , VBP RB RB VBN IN NNP NNP . DT VBG NNS VBP VBN IN NN IN NNS VBN RB IN DT NNPS IN NNP NNP CC NNP -LRB- NNP -RRB- . SYM CD -LRB- CD -RRB- NNS IN NN CC CD -LRB- CD -RRB- NNS IN NNS , CD -LRB- CD -RRB- NNS IN NNS CC CD -LRB- CD -RRB- NN IN NN CC NN NN VBG NN NFP VBN IN DT NNS WP MD VB JJR IN CD HYPH CD -LRB- CD -RRB- IN DT NN IN PRP$ JJ NN IN NNP NNP , VBN IN DT NNS WP MD VB JJR IN CD IN DT NN IN PRP$ JJ NN IN NNP NNP , CD NNS IN NN CC NN SYM CD NN IN NN VBN IN DT JJ CD -LRB- CD -RRB- NNS CC NFP CD NN IN NN VBN IN NN CD CC CD -LRB- CD -RRB- NN CC CC NN CC NN IN DT JJ CD NNS NFP NN IN NN IN NN VBZ RB VB DT NN DT NNS VBP TO VB VBN JJ IN DT NN IN DT NN POS JJ NN ."
66,1190,mainstream,"NNP NNP , NN IN DT NNP VBZ VBN IN PRP$ JJS NN IN CD NNS , VBG RP IN CD NNS DT NN IN DT NN RB VBN IN NN WDT VBZ VBG NNS IN NNS . `` DT VBZ JJ , '' VBD NNP NNP NNP , DT NNP NNP NN NN . RB RB VBZ NNS JJ IN PRP , CC PRP$ NN MD VB JJ NN HYPH JJ NNS RB VBN IN DT NN MD VB VBG RB RB RB , PRP VBD . DT NNPS IN NNP NNP CC NNP VBD CD NNS VBD VBN VBN IN CD NNS DT NN IN IN NNP NN . DT VBD RB IN CD VBN NNP CC VBZ DT DT NN POS JJS NN IN NNS IN CD , IN CD NNS RB TO VB IN CD . EX VBD CD NNS IN CD . RB CD HYPH NNS IN DT NN POS NNS IN DT NNP VBP VBN IN NNP NNP NN , RB IN CD JJ JJ NNS IN NNP CC JJ NNP NNP . JJS IN DT NNS VBP VBN IN JJ NNS . DT NN IN NNS VBZ JJ TO VB RB JJR . NN VBZ RB JJ CC MD VB IN DT NN WRB NN VBZ CC VBZ . CC IN JJ NNS , JJ NNS VBP VBN VBG IN NNP NNS . PRP MD VB CD IN CD NNS IN NNS TO VB . DT NNP VBZ DT NN IN NN IN DT NN JJ , IN IN NNS WP VBD DT NN IN NNS . DT WP VBP VBN NNS VBP JJ . DT NN , WDT VBD JJ IN DT NNS , VBZ VBN JJ CC RB JJ , CC IN IN PRP , NNS VBD VBN RB CC VBN IN DT NNP IN CD . CC PRP VBZ VBN NNS IN RB , VBG CD NNS IN CD . JJ NN NNS VBP DT NNP NNS VBP JJ NN NNS IN IN DT NN IN JJ NN : RB DT RB HYPH VBN NN IN DT NNS HYPH NNS HYPH NN NN VBZ VBN IN NN : IN JJ NN , NNS , NNS CC JJ NNS . `` JJ NNS VBP JJ . CC IN PRP VBP TO VB PRP$ NN VBZ RB VB DT JJ NNS , EX VBZ NN IN NNS TO VB NNS WP VBP IN PRP , '' VBD NNP NNP NNP , JJ NN IN DT NNP NNP NNP NNP IN NNP NNP . `` PRP VBZ RB RB JJ TO VB WP VBZ JJ CC WP VBZ RB . '' NNS IN JJS NNS VBZ NN , JJ NN , NN CC DT NN RB IN DT NN . RB , DT RB JJ NN IN DT VBN MD VB NNS JJ IN NN CC DT JJ NN IN DT NN . VBG IN DT NNP , IN DT CD NNS WP VBP NNS , CD CC CD MD VB IN PRP . DT NNS VBP VBN VBN DT NN . NN POS NN MD VB DT JJ NN NN IN NNS IN JJ NN HYPH JJ NNS JJ IN NN , NN CC JJ NN , NNP VBD . `` NNS VBZ DT NN IN IN DT NNS WRB EX VBZ JJ JJ NN , PRP VBP JJ IN DT JJ NN IN JJ NNS PRP VBD VBD VBN IN NNP , '' PRP VBD . CD HYPH CD IN DT JJ NNS VBD VBN IN RB HYPH VBN NNP NNP NNP . IN IN RB , DT JJS JJ NNP NNS NN IN JJ NNS VBD IN CD , WRB CD NNS VBD VBN IN DT NNP NN IN CD NNP NNS . CC IN NNP , NNP NNP NNP NNS VBD DT NN VBN IN DT IN NNP JJ NNS VBZ VBN IN CD NNS IN NNP . `` DT NNS VBP JJ NNS IN WRB NNP NNPS MD VB VBN IN DT NNS RB RB IN JJ , '' NNP NNP NNP NNP NNP NNP NNP NNP VBD . JJ NNS RB VBP DT JJ NNS IN NNS CC VBP VBN PRP$ NNS TO VB VBN . CC DT `` JJ '' NN VBZ VBN NNS IN DT JJ , RB IN PRP VBP JJ NN IN DT NN . `` EX VBZ DT NN IN NN IN DT JJ NN IN DT NN . DT IN DT NN VBZ IN PRP VBZ NN , IN DT NNS VBP NN , IN DT NN , PRP MD VB PRP IN NN , NN , '' VBD NNP NNP NNP , DT NN WP VBZ DT JJ JJ NN IN NNP POS NNP NN . RBR DT NN , NN NNS VBD JJ NNS IN CD NN NNS IN NNP CC VBD NNS IN IN IN $ CD IN NN . NN NNS VBD CD NNS VBP VBN VBN NNS . EX VBP VBN CD NNS HYPH JJ NNS VBN IN DT NNP IN CD , DT JJ NN IN CD . DT JJS NN IN NNS IN JJ NNP NN VBD CD , IN JJR IN CD VBN NNS CC CD NNS . NNP NN NN NNP NNP VBD IN DT NN IN NNP NNP . DT NNP NNP NNP CC NNP NNP VBZ NN IN DT NNP NNP NNP NNP POS NNP IN NNP NNP . DT NN VBZ RB JJ IN DT NN ."
67,668,mainstream,"PRP VBZ RB VBN DT NN NN IN DT NN CC NN : DT NN VBZ PRP RB , CC PRP , IN NN , VBP NNS RB . CC IN DT JJS NN IN NN , JJS NN MD VB VBN IN DT NN . DT NN IN DT JJ NN VBZ PRP$ JJ NN IN NN IN NN : VBG DT NN NNS IN NNS IN NNS , IN NN . CC , WRB PRP VBZ IN NN NN , DT NN HYPH JJ VBN VBN JJ NN , WRB DT JJ NN IN NNS VBP VBN DT NN IN DT TO VB IN DT NN IN WDT NNS MD VB DT NNS IN DT NN VBG VBN IN DT JJ NNS . DT JJ NNS VBP PRP DT JJS NN . PRP VBP NN CC DT NN IN JJ NN , VBG NNS TO VB RP IN NNS VBP VBN . CC VB DT IN DT NN IN DT NN IN JJ JJ NN IN NNP HYPH CD . VBG TO VB WDT IN DT NN IN JJ NNS IN DT JJ NN MD VB JJ VBZ DT NN IN NN WDT JJ NNS VBP RB VB . IN DT NN , NN CC NN NN NNP NNP VBZ DT JJ NN IN DT NN IN NNS NNS VBP VBG TO VB RB , RB IN PRP VBP VBG VBN IN DT NN IN DT NN HYPH IN HYPH NN NN -LRB- VB `` RB VBZ WP PRP VBP IN DT RBS VBN NNS VBN IN NN SYM CD '' -RRB- . RB , NN NNP NNP VBZ DT JJ NN IN WP NNS RB VBP IN NN IN DT NN -LRB- VB `` WDT NN IN NN HYPH CD RB NNS '' -RRB- , CC NN NNP NNP NNP VBZ DT NNS IN DT NN NN -LRB- VB `` MD PRP RB VB DT JJ , JJ NN NN . '' -RRB- . DT JJ NN IN PDT DT JJ NNS . VBG JJ CC JJ NN VBZ NN : DT CD NN PRP RB MD VB ."
68,796,conspiracy,"IN DT NNP NNPS NNP DT NNP NNPS NNP VBZ DT JJ NN NN NN VBN IN NNP NNP NNP VBN , `` NN CC NNPS IN DT VBN NN . '' NNP NNP VBZ IN VBG RB IN DT NN NN WDT DT NN NN CC NNS RB VBP IN NN TO VB PRP IN VBG DT JJ NN IN PRP$ NNS CC NNS . PRP VBZ EX VBZ DT JJ NN TO VB JJ NN , CC TO VB NNS CC JJ NNS WDT MD VB DT NN IN JJ NNS . NNS VBP RB RB $ CD SYM NN . IN DT JJ IN VBG , PRP MD VB DT CD HYPH NN NN NN IN VBG DT NN VBG DT NN NN ."
69,527,mainstream,"DT JJ NN NN VBD IN NNP NNP IN CD . DT NN VBZ VBN VBN IN JJ NN HYPH NN IN NNS HYPH NNS HYPH NN -LRB- NNP -RRB- NN IN DT JJ NNS . TO VB JJR DT NNS WDT VBD IN DT NN PRP VBP DT NNS IN DT NN HYPH NN NN VBN RP IN DT NN NN IN CD TO VB NNS POS NN IN IN TO VB NNP . NNS WP VBD RB TO VB HYPH RP NN IN DT NN VBD RBR JJ TO VB JJR CC RBR VBN , RBR JJ TO VB VBG VBN IN NNS -LRB- VBN NNS NN -LRB- NN -RRB- CD , CD NN NN NN -LRB- NN -RRB- CD -RRB- , NN -LRB- NN CD , CD NN NN CD CD -RRB- , DT NN -LRB- NN CD , CD CD -RRB- CC NN NN NNS -LRB- NN CD , CD NN NN CD SYM CD -RRB- , CC RBR JJ TO VB VBN IN DT NN NN -LRB- NN CD , CD NN NN CD -RRB- . IN DT NN IN NNP , JJ JJ HYPH NN JJ NNS , NNP NN NNS CC DT NN VBD TO VB DT JJ JJ NN . PRP VBP DT NN IN DT NNS IN DT NN IN DT NN CC DT JJ JJ NN NN ."
70,1026,mainstream,"DT NNP NNP NN NN VBZ VBG IN NNS IN NNS IN NNP HYPH CD VBZ RB JJ RB IN JJR NN , DT VBG NN VBZ VBN . NNP NNP , JJ NN IN NN IN NNP NNP , VBD JJR IN CD NNS VBD VBN VBN IN DT JJ NN IN DT NN CC IN , RB RB , NNS VBD VBG RB CC DT NN VBD JJ . RB , IN NNS VBP IN DT `` NN NN '' WDT MD VB IN DT WP VBP VBN VBN DT NN MD VB RP DT NN , NNP NNP VBD EX VBD DT NN IN EX MD RB VB JJ `` JJ NN '' TO VB NNS , VBG DT NN TO VB JJ NNS . `` DT NN VBZ IN DT NN CC EX VBZ DT NN IN PRP MD RB VB JJ JJ NN TO VB NNS , '' PRP VBD NNP NNP CD POS NNP NN . `` PRP VBP VBG DT JJ NNS . PRP VBP JJ NNS RB IN WRB JJ NN VBZ RB . CC DT NN WDT VBZ RB IN RB JJ NN VBP NN NNS . `` RB PRP MD VB VBG , CC MD VB RB VBN IN DT NN NN NN , IN RB DT NN NN VBZ RB CD NN NN . RB PRP MD VB JJ TO VB DT NN IN DT NNS , PRP VBP . ''"
71,609,mainstream,"DT NN IN VBN NNS MD VB VBG IN WRB PRP VBP , PRP$ NN POS NN , DT NN IN NN , CC DT NNS JJ . DT IN DT NNS MD VB VBN IN NN IN DT NN NN IN IN DT NN VBZ JJR NNS . VB IN PRP$ NN IN WDT NNS PRP$ NNS VBP . SYM NN : NN NN NN . RB , DT JJ NN VBZ VBN IN CD NNS IN NN , CC NNS RB RB VBN MD VB PRP IN DT NN . DT JJ NN NN NNS MD VB PRP IN CD NN CC WRB PRP VBP VBN IN DT NN . SYM NN : JJ NN MD VB VBN CD IN CD NNS IN DT JJ NN . NFP NNP : DT JJ NN MD VB VBN , VBG IN DT NN IN NN VBN IN JJ NNP NNS . SYM NN : DT JJ NN MD VB VBN , VBG IN DT NN IN NN VBN IN JJ NN NNS . SYM NN -LRB- NN -RRB- : DT NN NN VBZ VBN DT NN IN NNS CD NNS CC JJR : SYM NNS JJR IN CD WP VBP DT NN NN IN DT JJ NN -LRB- CC WP VBP RB VBN CD NN IN NNP CD -RRB- MD VB PRP IN CD JJ NNS IN JJS DT NN RB . NFP DT JJR IN CD WP VBP VBN IN JJS CD NNS IN NN NN RB -LRB- IN DT JJ CC JJ NNS -RRB- MD RB VB CD NN . NFP NNS JJR IN CD VBP RB CD NN . NFP DT NN VBZ VBN IN NN IN DT NN -LRB- DT NN NN -RRB- CC IN JJ NN . DT NNS IN NN MD VB VBN DT NN NN -LRB- CD CD -RRB- IN PRP VBP TO VB RB RB . PRP$ NN MD VB WDT TO VB VBN IN PRP$ NN POS NN CC JJ NN . DT JJ NN VBZ RB IN JJ NNS NNS CD CD . NNS IN JJ NN NNS CC DT NN NNS -LRB- JJ IN NN -RRB- CC JJ NNS MD RB VB DT JJ NN NN . SYM NN : NN DT NN : VBN IN CD NNS IN JJS CD NNS RB SYM NN : JJ NN NN , VBN IN CD NNS IN DT CD SYM IN CD HYPH NN NN . PRP MD VB VBN RB RB IN NN CD . IN NNS CC JJ NNS -LRB- NNS CD SYM CD IN NNS CC NNS DT -RRB- , PRP VBZ VBN IN CD NNS IN CD NNS . PRP VBZ VBN IN CC NNS CC NNS TO VB JJ NNS CC DT NNS IN NN . SYM NN : NN , NN , CC NN NN . RB VBN IN DT NN DT NN VBZ . SYM NNP NN NN : CC DT NN NN VBZ VBN IN NN CD . SYM NNP NN NN -LRB- NNP -RRB- : DT NN NN MD VB VBN IN NNS CC NNS IN CD CC CD NNS , VBG IN DT NN . IN DT JJ NN NN , WDT VBZ VBN , DT NN TO VB DT NN NN VBZ VBN IN DT NNS , PRP$ NNS , CC DT NN . NFP NN MD VB VBN RB RB IN CD NNS IN NN IN NNS WP MD VB IN DT NN WRB NN NN VBZ JJ -LRB- PRP MD RB VB JJ NN IN PRP$ JJ NN -RRB- . PRP VBZ RB VBN IN JJR NNS WP VBD RB VB PRP IN DT NN . NFP DT NNP NN MD VB VBN IN NNS RB JJ IN CD NNS JJ IN PRP MD VB VBG RB . DT NNS MD RB VB DT VBN JJ NNS IN CD SYM CD NNS CC CD CD NNS IN NN , CC MD VB DT JJ NN RB RB IN CD NNS IN DT JJ IN PRP MD RB VB VBG CC IN NN . NFP DT NN NN VBZ RB JJ IN NNS WP VBP IN NN IN NN NNS IN DT NN . JJ HYPH NN NNS VBP , CC VBP RB VBN IN , NNS JJR IN CD NNS JJ CC DT IN JJ JJ NNS , JJ IN NN , NN NNS , NN NN NN , NN , CC NN . NFP JJ NNS MD VB VBN IN JJR NNS -LRB- NN CD CC NN -RRB- WP VBP NNS WDT VBP PRP$ JJ NNS , JJ IN NN CC NN NN , CC JJ NNS , IN DT JJ NN , JJ NN NN , CC JJ NN NN . NFP DT JJ NNS MD VB VBN IN NNS RB JJ IN CD NNS JJ -LRB- VBG IN DT NN NN -RRB- WP VBP IN NN IN DT JJ NN , JJ IN NN . DT VBZ NNS IN DT JJ NNS . NNS WP VBP IN -LRB- CC MD VB IN -RRB- NNS WRB NN VBZ JJ , CC WRB EX VBZ DT NN , RB MD VB DT NN . NN : DT NN VBZ WRB DT NN VBZ IN JJR NNS IN VBN IN DT JJ NN . IN PRP VBP NNS IN VBG PRP$ NN IN DT NN , VB PRP$ NN NN NN CC VB PRP$ NN CC JJ NN NN ."
72,496,mainstream,"VBN DT NN . WP VBP DT NNS VB TO VB . VB RB IN NNS IN JJ IN DT NNS NNS VBP PRP . NFP MD PRP VB RP IN NN NN . NFP VBP PRP VB TO VB PDT PRP$ NNP NN NNS . NFP VBP PRP VB DT JJ NN IN PRP VBD DT NN NN . NFP VBZ PRP$ NN VB TO VB IN DT NN IN PRP$ NN NN . NFP WRB VBP PRP VB NN IN NN IN PRP$ JJ NN . NFP PRP VBP RB VBN PRP$ NN , RB WP VBZ DT NN . NFP VBZ PRP JJ TO VB . NFP VBZ PRP JJ TO VB DT NN IN NN . NFP VBZ DT NN DT JJ IN DT JJ NN NN . NFP VBZ PRP JJ TO VB NNS IN DT NN . NFP VBZ PRP JJ TO VB DT NN IN VBG PRP$ NN . NFP PRP$ NNS NN IN PRP$ NN . WP MD PRP VB NFP WP VBZ DT JJS NN TO VB NN JJ NN . NFP WRB VBZ PRP NN TO VB VBG DT NN . NFP WRB VBP PRP VBG JJ NN NNS . NFP WRB VBZ PRP$ NN VBN . NFP MD PRP VB PRP IN VBG DT JJ NN . NFP PRP VBP NNS IN PRP$ NN . VBZ DT NN . SYM VBZ DT NN . WRB MD PRP VB IN PRP$ JJ NN IN JJ NNS . SYM UH DT NN . WRB VBP PRP VB DT NN IN PRP$ NN . NFP VBZ PRP JJ IN CD NN TO VB JJR . NFP VBZ PRP JJ TO VB DT NN WRB VBG RP . NFP VBZ PRP JJ TO VB . NFP WP MD PRP VB TO VB NNP VB . NFP WP MD PRP VB IN NNS IN PRP$ NNS . NFP WRB VBP PRP VB DT NN IN PRP$ NN NN . NFP WRB VBP PRP$ NNS VB . NFP WRB VBZ DT NN VB TO VB PRP$ NNS . SYM VBP PRP RB DT NNP IN PRP VBP DT NN . NFP MD NN NN VB IN NNS . NFP MD PRP VB VBG DT NN IN PRP VBP PRP$ NN . NFP MD PRP VB DT NN IN PRP DT NN . NFP MD PRP VB DT JJ NN DT NN . NFP MD DT NN VB JJ IN PRP$ NNS VBP JJ . NFP MD DT NN VB JJ IN PRP VBZ RB VBN PRP$ NN . SYM VBD PRP$ NN VB IN IN RB JJ NN . NFP WRB VBP PRP VB IN PRP$ NN VBZ JJ . NFP PRP VBP PRP VBD PRP$ JJ NN . WRB MD PRP VB JJ . NFP PRP VBP RP IN PRP$ NN . VBZ DT JJ . NFP PRP VBP CD CC PRP MD VB PRP$ NN CC . VBZ DT JJ . NFP PRP VBP RB VBN PRP$ NN , RB WP VBZ DT NN . NFP VBZ PRP JJ IN PRP$ NN TO VB IN NN . NFP VBZ PRP JJ IN NN NN TO VB RP IN NNS . NFP VBZ PRP JJ TO VB NN IN PRP VBP PRP$ NN . NFP VBZ PRP JJ TO VB DT NN IN DT NN CC NN . NFP VBZ PRP JJ TO VB NNS IN PRP$ NN . NFP VBZ PRP JJ TO VB PRP$ NN RB IN CD NN . NFP VBZ PRP JJ TO VB DT NN IN VBG PRP$ NN . NFP PRP$ NNS NN IN PRP$ NN . WP MD PRP VB NFP PRP$ NNS VBP JJ . WP VBZ VBG RP . NFP MD PRP VB NNS TO VB PRP$ NN . NFP WRB VBP PRP VB JJ WRB PRP VBP PRP$ NN . NFP MD PRP$ JJ NN VB RB IN JJ IN NN NN . SYM MD NN NN VB IN NNS . NFP MD VBG DT NN NN VB IN PRP RB VBP JJ NNS . NFP MD PRP VB NN IN VBG NN . NFP MD PRP VB JJ IN JJ NN . NFP MD PRP VB JJ IN PRP VBP JJ NN . NFP MD PRP VB JJ NN IN DT JJ NN . NFP MD PRP VB NN IN VBG NN IN NN WP VBZ NN . NFP MD PRP VB JJ IN NN . NFP MD PRP VB JJ IN PRP VBP NN VBG RP . NFP MD PRP VB DT NN NN IN VBG NN . NFP MD PRP VB DT NN IN NN CC JJ NN . NFP MD PRP RB VB JJ NNS IN PRP VBP VBN PDT DT NN NNS . NFP MD PRP RB VB PRP$ NN IN PRP VBP JJ . NFP MD PRP VB CD NNS IN JJ NN . NFP MD DT NN NN NN RB PRP VBZ IN PRP$ NNP . NFP MD DT NN VB JJ RB IN PRP$ NN NNS . NFP MD DT NN VB JJ IN PRP$ NNS VBP JJ . NFP MD DT NN VB JJ IN PRP VBZ RB VBN PRP$ NN . NFP MD DT NN VB JJ IN PRP VBZ NN IN PRP$ NN . NFP MD DT NN VB JJ DT JJ NN PRP VBZ NN . NFP VBP PRP VB TO VB PDT PRP$ NNP NN NNS . NFP VBP PRP VB TO VB DT NN TO VB RP IN PRP VBP DT NN . NFP VBP PRP VB DT JJ NN TO VB NN NN . NFP VBZ PRP$ NN VB TO VB IN DT NN IN PRP$ NN NN . NFP VBZ DT NN NN VB NN . NFP WRB MD PRP VB RP IN PRP$ NN VBZ DT NN IN PRP VBP NN . NFP WRB MD PRP VB PRP$ NNS TO VB JJ NN IN PRP$ NN . NFP WRB MD PRP VB IN DT NN IN VBG PRP$ NNS . NFP WRB MD PRP VB DT NN IN PRP MD VB DT NN NN . NFP WRB MD PRP VB IN PRP VBP DT NN NN . NFP WRB MD PRP VB IN DT NN VBZ JJ . NFP WRB VBP NNS VB IN NNS . NFP WRB VBP PRP VB RP IN DT NN PRP VBD NN IN VBZ DT NN . NFP WRB VBP PRP VB VBN IN NNS IN PRP$ NNS VBG . NFP PRP VBP NNS IN PRP$ NN . VBZ DT JJ . NFP IN NN IN NN VBZ DT NNS , MD PRP RB VB VBN IN . NFP VBZ PRP JJ TO VB NN IN PRP VBP PRP$ NN . NFP VBZ PRP JJ TO VB NNS IN DT NN . NFP WP VBP DT NNS IN VBG DT NN . NFP WP MD PRP VB IN DT NN WP VBZ VBG JJ NN . NFP WP IN DT NN VBD RP IN NN . NFP WP IN DT NN NNS . NFP WRB VBZ DT JJS NN TO VB NN CC VB NN . NFP DT NN VBZ VBG PRP TO VB JJ NN . WRB VBP PRP VB PRP VB . NFP MD PRP VB NN IN VBG NN IN NN WP VBZ NN . NFP MD PRP VB JJ IN NN . NFP MD PRP VB JJ IN PRP VBP NN VBG RP . NFP MD PRP VB DT NN NN IN VBG NN . NFP MD PRP VB DT NN IN NN CC JJ NN . NFP MD DT NN NN NN IN PRP VBZ IN PRP$ NN . NFP MD DT NN VB IN PRP$ NN NN IN PRP VBP VBN NN . NFP MD DT NN VB IN PRP VBP VBN VBG . NFP MD DT NN VB JJ IN PRP VBZ NN IN PRP$ NN . NFP MD DT NN VB NN IN DT NN IN . NFP VBP PRP VB TO VB DT NN TO VB RP IN PRP VBP DT NN . NFP VBZ PRP$ NN VB TO VB IN DT NN IN PRP$ NN NN . NFP WRB MD PRP VB DT NN WP VBD VBN . NFP WRB VBP PRP VB RP IN DT NN PRP VBD NN IN VBZ DT NN . NFP WRB VBP PRP VB VBN IN NNS IN PRP$ NNS VBG . NFP PRP VBP CD . VBZ PRP JJ TO RB VB JJ NNS . SYM PRP VBP RB JJ IN NN CC PRP VBP VBG VBN . MD PRP VB IN . NFP VBZ PRP JJ TO VB . NFP VBZ PRP JJ TO VB IN NN DT NN . NFP VBZ PRP JJ TO VB NN IN PRP VBP PRP$ NN . NFP MD PRP VB PRP$ JJ NN IN VBG NN . NFP MD PRP VB DT NN IN PRP VBP VBG NN . NFP WP MD PRP VB IN DT NN WP VBZ VBG JJ NN . NFP WP IN DT NN VBD RP IN NN . NFP WP IN DT NN NNS . NFP WRB VBZ DT JJS NN TO VB NN CC VB NN . NFP MD PRP VB DT JJ NN . NFP MD PRP$ JJR NN VB TO VB IN NN NFP WRB MD PRP VB RP IN PRP$ NN VBZ DT NN IN PRP VBP NN . NFP WRB MD PRP VB PRP$ NN VB VBG . NFP PRP$ NN VBZ DT NN NN . VBP PRP VB TO VB IN VBG . NFP MD PRP$ JJR NN VB TO VB IN NN NFP DT NN VBZ VBG PRP TO VB JJ NN . WRB VBP PRP VB PRP VB . NFP WRB MD PRP VB NN WP VBZ VBG VBN . NFP WRB MD PRP VB DT NN WP VBD VBN . NFP PRP VBD NN . WRB MD PRP VB . NFP PRP VBD VB DT NN . WP MD PRP VB NFP PRP VBP PRP$ NNS POS NNS . WP MD PRP VB , NN VBZ VBG NNS IN NNP WP MD PRP VB , WP MD PRP VB IN DT NN WP VBZ VBG JJ NN . NFP WP MD PRP VB IN PRP$ NN VBZ VBG DT NN NN HYPH RP . NFP WRB MD PRP VB IN PRP$ NN NN . NFP WRB MD PRP VB PRP$ NNS TO VB JJ NN IN PRP$ NN . NFP WRB MD PRP VB NN IN PRP$ JJ JJ NN . NFP WRB VBP PRP VB VBN IN NNS IN PRP$ NNS VBG . NFP WP IN DT NN MD RB VB VBG IN VBG . NFP WRB MD PRP VB IN PRP$ NN NN . NFP WRB MD PRP VB NN WP VBZ VBG VBN . NFP WRB MD PRP VB PRP$ NNS . NFP PRP VBP RB VB TO VB IN PRP$ NN NN . WP MD PRP VB , VBZ PRP JJ TO VB IN NN DT NN NFP PRP$ NN NN : NNS IN NNS IN NN NFP MD DT NN VB NN IN NN . SYM VBP NNS WP NN HYPH VB VB TO VB VBN . NFP PRP VBD VBG RB . WRB MD PRP VB . SYM `` NN IN NN . WRB MD PRP VB VB . NFP WRB VBP PRP VB NN IN JJ NN IN NN NN . NFP VBZ PRP JJ TO VB NN IN NN . NFP MD PRP VB IN DT NN . NFP WP MD PRP VB TO VB JJR . NFP MD VBG JJR NNS VB PRP VB NN . NFP WRB MD PRP VB VBN TO VB . NFP WRB VBP PRP VB NN IN JJ NN IN NN NN . NFP VBZ PRP JJ TO VB NN IN NN . NFP MD PRP VB IN DT NN . NFP WP MD PRP VB IN VBG . NFP MD VBG JJR NNS VB PRP VB NNP . NFP VBZ JJ , RB VBZ PRP VB WP PRP VBP . NFP WP MD PRP VB IN VBG . NFP MD PRP VB RP IN NN NN . NFP VBD PRP$ NN VB IN IN RB JJ NN . NFP WRB MD PRP VB VBN TO VB . NFP VBZ PRP JJ TO VB IN DT NN . NFP VBZ PRP JJ TO VB NN IN NN . NFP PRP$ NN NN VBZ RB VB . WP MD PRP VB , WP VBZ IN PRP VBP VBG NNS WRB PRP VBP VBN . NFP WP VBZ IN NN NN . NFP WRB VB DT NN IN PRP MD VB NNS . NFP MD VBG JJR NNS VB PRP VB NNP . NFP MD PRP VB NN IN PRP VBP NN . NFP WRB MD PRP VB PRP$ NN VB VBG . NFP MD PRP VB DT JJ NN DT NN . NFP WRB VBP PRP VB NN IN NN IN PRP$ JJ NN . NFP WRB VBP PRP VB NN IN PRP$ NNS . NFP VBZ PRP JJ TO VB JJ NN . NFP WP MD PRP VB IN VBG . NFP WP VBZ IN DT NN NN . NFP WP VBZ DT JJS NN TO VB NN JJ NN . NFP WRB VBP PRP$ NNS RB VB JJ . NFP WRB VBP PRP VB NN IN NN IN PRP$ JJ NN . NFP WRB VBP PRP VB NN IN PRP$ NNS . NFP PRP VBD NNS IN DT NN . WP MD PRP VB , WP MD PRP VB IN DT JJ NN IN PRP$ NNS . NFP WP MD PRP VB TO VB NN NN . NFP MD NN IN NN VB PRP$ NN . NFP VBZ DT NN IN DT NN CC NN VB PRP JJ TO VB . NFP WRB MD PRP VB PRP$ NNS . NFP VBZ PRP JJ TO VB DT NN IN NN . NFP VBZ PRP JJ TO VB RBR IN NNPS CC RBR IN NNS . NFP WP MD PRP VB IN PRP MD VB . NFP WRB VBP PRP VB VBN IN PRP VBP JJ . NFP WRB VBZ PRP$ NN NN IN PRP VBP JJ . NFP MD PRP VB PRP$ JJ NNS IN DT NN VBZ RB . NFP MD DT NN VB IN PRP$ JJ NN IN PRP VBP VBN NN . NFP VBP PRP VB TO VB PDT PRP$ NNP NN NNS . NFP VBP PRP VB DT JJ NN IN PRP VBD DT NN NN . SYM VBP NNS WP NN HYPH VB VB TO VB VBN . NFP VBZ PRP$ NN VB TO VB IN DT NN IN PRP$ NN NN . NFP VBZ DT NN NN VB NN . NFP WRB MD PRP VB PRP$ NNS TO VB JJ NN IN PRP$ NN . NFP WRB MD PRP VB DT NN IN PRP MD VB DT NN NN . NFP WRB MD PRP VB NN IN PRP$ JJ JJ NN . SYM IN DT NN . WRB MD PRP VB IN PRP$ JJ NN IN JJ NNS . NFP VBZ PRP JJ TO VB JJ IN DT NN NN . NFP VBZ DT NN DT JJ IN DT NNP NNP NNP . NFP PRP$ NNP NNP VBZ RB VB . WP MD PRP VB NFP WRB VBZ PRP NN TO VB VBG DT NN . NFP WRB VBP NNS VB IN PRP$ NN IN DT NN . NFP WRB VBP PRP VB DT NN IN PRP$ NN NN . NFP WRB VBZ DT NN VB TO VB PRP$ NNS . NFP MD PRP VB NN IN PRP VBP NN . NFP MD PRP VB NNP IN RB DT JJ NN . NFP MD DT NN VB NN JJR IN RB . NFP WP MD PRP VB TO VB JJR . NFP MD PRP VB NN IN VBG NN . NFP MD PRP VB DT NN NN IN VBG NN . NFP WRB MD PRP VB IN PRP VBP DT NN NN . NFP WRB MD PRP VB IN PRP VBP VBN NN NNS . NFP PRP VBP NN NN NN . WP MD PRP VB IN VBG RB IN NNP . NFP VBZ PRP JJ TO VB NNS IN PRP$ NN . NFP PRP$ NN VBZ DT NN NN . VBP PRP VB TO VB IN VBG . NFP WP MD PRP VB IN PRP$ NN VBZ VBG DT NN NN HYPH RP . NFP WP VBZ DT NN IN JJ CC JJ . NFP WP VBZ DT NN IN DT NN CC DT NN . NFP WRB MD PRP VB RB IN NN IN PRP VBP DT NN . NFP WRB VBP PRP VBG JJ NN NNS . NFP WRB VB DT NN IN PRP MD VB NNS . NFP MD PRP VB NN NN NN IN IN PRP$ NNS . NFP MD PRP$ JJ NN VB RB IN JJ IN NN NN . NFP PRP$ NN NN : NNS IN NNS IN NN , WRB MD PRP VB NN WP VBZ VBG VBN . NFP PRP VBD NN . WRB MD PRP VB . NFP PRP VBP RB VB TO VB IN PRP$ NN NN . WP MD PRP VB NFP PRP VBP NN NN NN . WP MD PRP VB IN VBG RB IN NNP . NFP PRP VBD VB DT NN . WP MD PRP VB , NN VBZ VBG NNS IN PRP WP MD PRP VB ."
73,236,mainstream,"DT JJ NN VBZ NN CC NN IN NNS MD VB JJ NNS JJ IN NN , NN CC NN NN TO VB . NNS VBP VBG NN NNS MD VB NN IN JJ NN NNS . DT NN MD VB RB JJ , CC PRP MD VB RB RB , RB RB . NNP NNP NNP VBD NN IN NNS MD VB VB DT NN IN PRP$ NN . . NN NNS VBP RB JJ . IN NN , WRB DT JJ NN RB VBD , DT NN NN , VBD VBN , EX VBD DT NN IN NN IN DT NN RB RB . CC NNS VBD JJ IN PRP MD VB PRP IN NN HYPH IN NNS IN IN DT NN IN NN CC NN . CC PRP VBZ VBN IN RB IN JJ NNS , . PRP VBD . EX VBD DT NN IN DT NNS IN DT NN CC NN NN NN , WDT VBD NN NN IN JJ NNS . IN DT NNS , EX VBD DT JJ NN IN DT NNS , NNS CC NN NN IN DT VBD PRP VBD NN . DT NN VBZ IN DT NN . NN IN DT NN NN IN NNS IN NNP VBD RB HYPH VBG NNS . . NNP VBD RB VBN VBN IN JJ NNP . CC WRB DT NN NN VBD IN DT NN NN DT NN NN VBD RB RB IN NN VBD CC PRP VBD RB RB IN JJ NNS IN NNP , CC JJ NNS RB RB . RB DT VB RP DT NN NN NNS IN JJ NNS , . PRP VBD . RB , DT NNS VBD DT NN IN NN NN . WRB RB VB VBN . NNP VBZ DT NN NN IN NN IN DT NNP IN NNP IN NNP , NNP . PRP CC PRP$ NNS VBD DT NN VBG IN DT NN IN NN CC NN IN NNS . . IN PRP VBP NNS WRB VBP PRP VBG , CD NN PRP MD VB VBZ . PRP . VBP JJ IN DT NN . DT NN PRP MD VB VBZ DT . JJ NNS VBP RB VBN VBN RB PRP RB VBP TO . RB DT NNS WP VBP RB VBG VBP VBG PRP IN PRP VBP IN PRP MD VB IN JJ NNS VBG VBN RB , . PRP VBD . CC IN JJ NNS IN DT NN VBP VBN , PRP VBD , DT NNS MD VB PRP$ NNS VBD TO VB VBN . DT NN VBZ NN IN JJ NNS RB TO VB . . EX VBP TO VB CD JJ NNS : RB , WRB DT NN VBZ RB VBN , IN PRP . VBZ DT JJ NN CC JJ NNS VBP RB VBN VBN IN PRP RB , CC RB EX MD VB NN IN PRP . CC DT JJ NN NN VBZ RB NNS IN DT NN WRB DT NN VBZ RB VBN CC EX VBZ DT JJR NN RB . CC RB DT NN IN DT VBZ CC RB NNS MD VB TO VB NN CC MD VB JJ IN DT NN , . PRP VBD . NNP VBD WRB NNS IN VBG NNS VBP DT NNS IN NN JJ NN PRP VBP RB RBR JJ TO VB PRP$ NNS VBN . PRP VBZ DT JJ NN NN VBZ DT CD JJ NN . . RB IN DT , PRP VBP TO VB DT NNS CC VB DT NNS . CC VB PRP IN RB VBZ DT NN NN CC RB VBZ DT NN NN . CC RB IN DT NN VBZ JJ PRP VBP RB RBR JJ TO VB RB JJ IN DT NN IN PRP VBP IN DT NN , . PRP VBD , VBG , . DT JJ NN WDT VBZ RB JJ VBZ RB TO VB IN WP PRP VBP VBN . IN NN , PRP VBP CD NNS WP VBP CD CC CD CC PRP VBP VBN PDT PRP$ NNS . RB RB IN PRP VBP JJ TO VB PRP$ JJ NNS RB PRP MD VB VBG DT NN WRB PRP VBP PRP VBZ DT JJ NN IN PRP MD VB NN IN PRP$ NNS WDT VBZ JJ . NNP VBD DT NN VBZ TO RBR VB WRB NNS VBP CC RB VB DT NN IN NNS . . IN NN , PRP VBP TO VB JJ TO VB DT NNS IN DT VBN NN VBZ RB RBR JJ IN NN NNS IN NNS . RB IN PRP VBZ DT JJ NN WDT VBZ VBG VBN CC PRP RB VBP NN TO VB RP . CC JJ IN DT , PRP VBP TO VB JJ TO VB PRP IN DT NN NN VBZ VBN CC NN NN VBZ VBN IN RB JJ NNS , WP VBP DT JJS NNS TO VB DT RP , . PRP VBD . PRP VBD IN NN NNS MD RB VB RBR JJ IN NN NN NNS VBP VBN . IN JJR NNS , DT MD RB RBR VB DT NN IN NNS . NNP VBD NNS , IN NNS , VBP NNS IN PRP$ JJ NN . DT NN NNS VBD VBN IN NNP NNP NNP ."
74,702,mainstream,"DT NN NN NNP VBD DT NN IN DT NN JJ NN WRB PRP VBD JJ NNS IN PRP$ IN HYPH NN NN IN DT JJ NN . NNP NNP , DT NN POS NN , VBD NNP IN NNP POS NN TO VB JJ VBD DT NN IN VBG JJ NNS NNS CC DT NNS IN JJ NNS . VBG IN DT JJ NN VBN IN DT NNP NNP NN NNP , NNP VBD NNP VBD PRP$ NNP CD NN NN : WDT VBD DT NN POS JJ NNS RB IN JJ NNS : TO VB DT JJ NN . CC DT NN VBD RP JJ NNS IN IN DT NNP NNPS IN NNP , WDT VBZ VBG DT NN NN , MD RBR VB DT NNS IN DT JJ NN , PRP VBD ."
75,669,mainstream,"NNP NNP NNP IN NNP VBD DT NN IN CD NNS TO VB PRP$ NN POS NN TO VB DT NN NN , VBN `` NNP NNP NNP . '' DT NN VBZ IN NNP NNP , DT JJ NN IN JJ NN NNP POS NNS NN , CC NNP NNP NNP , DT CD HYPH NN NNP NNP NN , NNP VBD IN DT NN NN IN DT NNP NNP NNP NNP . NNP MD VB IN DT JJ NN IN DT NNP NNP NN CC NNP MD VB IN PRP$ JJ NN NN , VBD NNP , WP$ NNS IN DT NN NN MD VB IN NNS VBP VBN RB VBN IN JJ NN NNS CC JJ NN NNS . NNP VBD PRP$ NN NN NNP , VBG PRP VBD DT NN JJ `` IN DT NN IN DT NN IN PRP MD . '' `` PRP MD VB TO VB IN PRP MD VB PRP JJ IN DT NN IN DT NN . PRP VBP PRP VBP VBG TO VB DT RB JJ NNS VBG RP RB RB , '' PRP VBD . NNP RB VBD IN PRP MD VB NN NNS TO VB PRP$ NNS RB IN IN DT NN VBD VBN , CC IN CD NN VBD , IN VBG NN , IN DT NN MD RB VB RB IN DT NN IN DT NN . `` PRP VBZ RB RB NN HYPH VBN . JJ NNS VBP RB VBN DT NN CC PRP VBP RB , '' PRP VBD . `` PRP VBP PRP VBP VBG TO VB DT NN IN DT RB JJ NN , '' DT NN VBD . `` CC IN PRP VBP , PRP VBP VBG TO RB VB DT JJ NN RB . CC IN PRP VBP RB , PRP MD VB IN RB JJ JJ NNS WRB PRP VBD DT NN VB RP , PRP MD VB RB IN DT NN , PRP MD VB RB . PRP MD VB RP CC PRP MD RB VB RP . '' `` NN CC DT NN , PRP VBP RB , '' PRP VBD . NNP , WP VBD RB VBG DT NN VBG , VBD VBN IN JJ JJ NN NNS CC NN NNS , VBG NNP NNP NNP , WP DT NNP NNP VBD VBN RBR DT NN MD NN HYPH NN IN JJ NN IN NNP HYPH CD . NNP , DT NN IN DT NNP NNP IN NNP CC NNP NNPS CC DT NN IN DT NNP NNP NN NN NN , VBD VBG RB IN NNP IN DT NN NN NNP CC VBD VBG DT NN NN . NNP VBD PRP MD `` VB NN '' IN NNS IN DT JJS NN IN NN HYPH CD NNS CC NNS TO VB VBN NN IN DT NN WRB PRP VBZ JJ . PRP RB VBD IN NNS VBD VBN DT NN IN NN NNS IN CD : IN NNP NNP VBD RBR DT NN : CC IN DT JJ NN MD VB VBG NNS IN DT NNS , IN IN IN CD VBZ VBN TO VB JJ CC JJ , PRP MD VB JJ TO VB VBN RB RB IN PRP VBZ VBN IN DT NNP . NNP VBD IN DT NNP MD VB VBG IN JJ NNS IN VBG DT NN CC IN DT NN TO VB DT JJ JJ NN MD VB PRP IN DT NN . NNP POS NNS , CC DT NNS IN NNS , VBD VBN RP IN DT JJ NN IN NN NNS VBG PRP$ NNS RB . NNP VBD DT NNS VBD VBG IN NN IN PRP$ NN , VBG NNS DT NNS VBD DT `` NN IN NN . '' CC DT NNS VBD DT NNP NNP NN IN NNP IN DT NN VBD DT NN TO VB JJ NN NN NNS VBN RP IN DT NN . NNP POS NN VBD RB CD NN IN DT VBN JJ NNP CC NNP NNPS NN VBD IN NNP IN DT NN POS NN IN DT NN NN VBZ RB RB JJ : CC IN EX VBZ `` DT NN '' TO VB VB CC VB CD . VBZ IN DT NN MD VB JJ IN CD IN CD NNS VB IN `` NN VBZ RB , '' DT NN , NNP NNP NNP , VBD DT NNP NNP CC NNP NN IN NN , VBG , `` PRP VBP RB VBN NN VB RB . '' NNP , WP IN JJ NN VBD NN JJ NN IN NNP CC NNP NNPS IN NN CC NN , RB RB IN NN IN DT NNP NNP NNP CC NNP NNP , VBZ PRP VBD VBN IN IN DT JJ NN NN NN IN VBG RB IN `` NNS TO VB RB JJ NNS VBN IN DT IN JJ NNS . '' RB NNP POS NNP CC NNP NNPS NN , NNP NNP , VBD IN DT NN RBR NNP IN NNP NNP IN DT NN POS NN IN DT NN TO VB IN DT NN IN DT NN VBD `` DT NN . ''"
76,325,mainstream,"SYM VB DT NNP IN NNP IN DT JJ NN IN NNS JJ IN NNP , VBG DT JJ IN DT NNP NNP NNP -LRB- NNP -RRB- SYM VB NN IN NN NNS IN JJ NN NN CC NNS WDT VBP JJR NN SYM VB NN NNS IN NN NN IN JJ NNS IN DT NNP NNPS NNP NNP -LRB- NNP -RRB- IN NN NN CC NN IN NNP . NNP NN MD VB NN JJ IN DT NN VBG DT NN IN DT NN -LRB- VB JJ NN NNS IN NN NN NNS CC NNS IN NN NN NNS -RRB- NFP VB IN JJ NNS TO VB DT JJ NN NN , VB IN JJ NNS IN VBG NN NNS , NNS CC NN NN . IN JJR NN , VB DT NN IN : NNP NNS IN IN NNP CD . NNP VB CD NNS DT NN . JJ NNS MD VB VBN IN VBN . NN NNS CC NNS VBP VBN IN NN . IN PRP VBP JJR NNS IN NN NNS CC NNS UH VB PRP . NNP VBZ RP VBG NNS TO VB IN NNS WDT MD VB VBN IN NNS CC DT JJ NN IN DT NNP NNP NNP . VBG NNS VBP NN WDT VBZ VBN IN JJ NN CC VBN IN DT NNS IN DT NN . DT VBZ VBG CC VBG NN IN DT NN IN NNS . PRP VBP DT NN IN DT NNP IN NNP CC DT NNP NNPS NNP NNP -LRB- NNP -RRB- . PRP$ NN VBZ RB VBN IN NNP IN PRP$ NNS IN NN NN IN DT NNP NNP NNP . DT IN DT VBG NNS , NNS VBZ VBN IN DT NNP NN CC VBZ NNS IN DT NN NN CC NN POS NN IN NN . RB , DT NN HYPH NN IN DT NN NN MD VB RP NNS IN JJ NN IN JJ NNS . VB DT NN CC NNS IN DT NNP NNP NNPS ."
77,803,mainstream,"DT NN VBG NN NN VBZ IN DT NN JJ NN VBG DT NNP NNP NN NN NNP , NNP CD , CD . JJ NNS VBD NNP IN NN IN DT JJ NN IN DT NN IN NNS IN DT NNP JJ NN IN DT JJ NN IN DT NN VBD NNP NNP IN DT NN . -LRB- NNP NNP , NNP NNP -RRB- DT NN VBG NN NN VBZ IN DT NN JJ NN VBG DT NNP NNP NN NN NNP , NNP CD , CD . JJ NNS VBD NNP IN NN IN DT JJ NN IN DT NN IN NNS IN DT NNP JJ NN IN DT JJ NN IN DT NN VBD NNP NNP IN DT NN . -LRB- NNP NNP , NNP NNP -RRB- NNP -LRB- NNP -RRB- : JJ NNS VBD NNP IN NN IN DT JJ NN IN DT NN IN NNS IN DT NNP JJ NN IN DT JJ NN IN DT NN VBD NNP NNP IN DT NN . NNP POS NN NNP CD VBD CD NN IN NN NN IN CD . NNP POS NNP , NNP CD VBD CD NN IN CD . NNP NNP POS NNP VBD RB CD NN IN CD . NNP NNP POS NNP NNP VBD CD NN IN CD , IN DT NNP NNP VBD RP CD NN IN CD . `` DT NN VBZ RB NN HYPH IN IN NN VBG VBN VBN RP IN JJ NNS VBN IN DT NN HYPH CD NN , '' VBD NNP NNP , NN NN IN NNP . NN VBD NNS IN NN NN NNP VBD VBN JJ NNS IN DT NN VBP `` RB RB VBN DT JJS NN NN IN NNS , VBN DT NN IN DT VBG NN NNS VBZ DT JJ JJS NN VBG RP DT NN IN NN CC DT NN IN JJ NN NNS VBG NNP HYPH NNP NNS . '' NNP HYPH VBN NNP VBD PRP$ NN VBD CD NN IN NNP NNP NN NNP . DT NNP CD VBD CD NN , PRP$ JJS NN IN JJ NNP . DT NNS VBD DT IN PRP$ NNS IN JJ NN , WRB DT NN VBD PRP$ JJS NN IN JJ NNP CC PRP$ JJ JJ NN IN DT JJ CD . NN NNS VBD RB IN DT NN IN NNS VBD VBG RBR JJ . NNS VBD RB VBN IN NNS IN DT NN IN NNP NNP NNP NNP NNP , WP VBD NN IN DT NNP NN MD VB TO VB IN DT JJ NN IN DT NN . IN DT NN VBZ VBN VBN , PRP VBD , DT NN MD VB JJ TO VB `` RB . '' DT NNP CD VBD CD NNS IN CD . DT NN NN VBZ RB RB CD NN IN PRP$ DT HYPH NN NN IN NNP CD . DT NNP NNP NNP NNP VBD CD NN IN CD . DT NNP NN VBD CD NN IN CD . JJ HYPH NN NNS VBD JJR IN DT NN IN DT NN . DT NNP CD NN VBD RP CD NN , IN CD . NNS VBP VBG IN DT VBG NN IN NNP HYPH CD MD VB VBN CC IN PRP MD VB VB NNS CC NNS IN NNS VBP . `` DT NN IN WRB RB NNS VBP RB , CC MD PRP VB RB IN DT NN PRP VBD TO VB NNS , DT VBZ RB JJ IN PRP VBP DT NN , '' VBD NNP NNP , NN IN NN NN IN NNP NNP NNPS . NNS IN NNP RB VBP VBG TO VB NNS , IN NNS VBP IN DT NN IN NNS . IN VBN NNS PRP VBZ JJ TO VB JJ NN . IN DT NNS VBP , NNS VBP VBG PRP$ NN RP IN VBG RP CC VBG IN NNS . CC NNS VBP VBN VBN IN NNS IN , RB RB IN JJS , EX VBZ RB VBN DT NN IN NNS VBG DT NN IN DT NN IN NN HYPH CD NNS , VBD NNP NNP , JJ NN NN IN NNP . `` IN NN , IN PRP VBP VBG IN NNS , PRP MD VB RP VBG RP DT IN DT NNS MD JJ NN VB PRP$ NNS , '' PRP VBD . NN , JJ CC JJ NNS VBD IN DT JJ NN IN NNP POS JJ NNS , IN IN NNS WDT VBP IN NN NN . NN NNS RB VBD IN DT NN IN NNP NN NN VBD IN $ CD DT NN IN DT JJ NN IN CD NNS . NN NN NNS VBP VBG RP IN DT JJ NN IN NN VBZ VBG IN DT NNP CC JJ NNS VBP DT IN DT NNS VBN IN VBG DT NN IN DT NN . NNP NNP NN NN VBD JJ IN $ CD IN NN IN JJ NN IN DT NNP NNP NNP NNP IN VBG $ CD IN NNP . NNP NN , DT JJ NN , VBD CD NNS IN $ CD DT NN . NNS NNS VBD RB , DT NN IN NN VBD VBG . DT NN IN DT CD HYPH NN NN NN , DT NN IN NN NNS IN JJ NN NNS , VBD IN CD NN IN CD NN RB NNP . IN NNP NN PRP VBD IN CD NN . NNS IN DT VBG NN IN IN DT NN VBD DT NN CD IN DT NN IN JJR IN CD NN IN PRP$ NN IN NNP . NNS IN DT RB JJ NN CC JJ NNS IN DT NNP NNP CC NNP TO VB DT JJ NN VBD DT JJ NN IN NNS IN NNP . NNP VBD RP IN DT JJ NN IN NNS VBP JJ NN IN DT NN IN NNS IN DT NN RB VBP RP RB IN NNS IN DT NNS MD VB IN DT NN IN NN NNS CC JJR JJ NN . CC NNP POS JJ NN IN DT NN VBD DT IN DT NN POS NNS RB RB DT NN . NNP NNP VBZ VBG IN DT NN IN NNS CC DT NN IN NN HYPH IN HYPH NN NNS VBP IN DT JJ NNS , VBG DT NN IN JJ NNS TO VB RB . DT NNP NN VBD RP IN CD JJ NN IN CD NNS IN NNP . DT NN VBD IN $ CD IN $ CD ."
78,1041,mainstream,"DT VBG NN VBZ RB VBN TO VB JJ NNS IN PRP$ NN . IN PRP VBP PRP$ NN MD VB JJ JJ NN , UH VB PRP$ NN RB . CC VB , UH VB RB VB DT NN IN PRP$ NN IN VBG IN PRP$ NN RB . NN JJ NN -LRB- NN -RRB- VBZ DT JJ NN WDT VBZ RB IN JJ CC JJ NNS . PRP VBZ VBN IN DT NN IN NN VBN DT NN , WDT VBZ TO VB DT NNS IN DT JJ NN . IN CD , DT NN WDT VBZ NNP VBD VBN CC VBN . IN CD , DT NN VBD VBN . IN DT NN VBZ RB JJ IN DT NN NN , NNS WP VBD VBN IN PRP VBD RB RB JJ NN CC VBD RB . NNP VBZ IN DT `` JJ '' NN CC DT `` JJ '' NN . NNS IN DT NNS VBP NN WDT VBZ RB VB IN NNS , NN , NN NN CC NN . IN NN , DT JJ NN IN NN VBZ VBN IN NN IN NN IN DT JJ NN , DT NN NN , CC DT . NNS IN NN IN DT NN VBP VBD NN . NNS IN NN IN DT NN VBP JJ , JJ JJ NN . IN DT JJ NN IN NN , JJ NNS IN JJ NNS , CC NNS , NN IN JJ NNS , CC JJ NNS VBP IN WDT NN VBZ VBN . IN DT NNS VBP VBN , JJ NN CC NN , NN CC NN NN VBP VBN , IN DT NN , NN . DT NNS CC DT JJ NN VBP RB VBN , RB RB . VBG NN VBZ JJ . IN DT NNS VBN IN DT NNS CC NN NNS , EX VBZ RB DT NN WDT MD VB IN DT JJ JJ NN CC DT JJ NN NN . DT JJ NN MD VB DT NN POS NNS , CC IN PRP VBZ JJ . PRP VBZ RB IN DT NN VBZ VBN VBN IN CC MD VB VBG DT NN . DT JJ NN RB -LRB- CC RB RB -RRB- VBZ IN DT NN VBZ JJ TO VB NN . IN DT NN VBZ WP VBZ TO VB DT JJ NN IN DT NN , NN NN IN DT IN DT NN MD VB DT NN IN NN . DT CD NN VBD IN NNS IN NNS JJ IN NNP , WP RB VBD DT JJ NN NN NN , VBD NNS IN NNS CC JJ NNS IN NNS IN DT NN , VBD DT CD NN NN IN VBG NN . VBG DT JJ NN IN DT NN VBZ RB RBR JJ , RB VBG NN IN VBN NNS ."
79,657,mainstream,"IN DT JJ NN IN DT JJ NN IN NNP , JJ NNS VBG DT JJ NN NN VBD NNP PRP MD RB VB VBG PRP IN NNS . DT JJ JJ NN , WDT MD VB NN IN NNP CC NNP , MD RB VB DT NN CC VB VBG DT NN IN CD JJ NNS . DT NN NN VBZ VBN TO VB DT NN IN DT NN CC VB IN PRP VBZ NN NNS . DT NN , VBN IN DT NNP NNP HYPH VBN NNP NNP NNP NNP -LRB- NNP -RRB- , MD VB VBN IN NN NNS IN NNP CC NNP RB RB IN IN NNS IN NNP CC NNP . VBN IN NNP , DT NN VBZ NN NN NN , JJ IN NNP NNP , NNP CC NNP WRB DT JJ NN IN DT RB CD CD NN HYPH VBN NNS VBP . DT NN POS NN NN , NNP NNP NNP VBD IN NNP IN NNP IN IN DT JJ NN NN VBD JJ , DT JJ CC JJ NNS MD VB VBN RP IN VBG NNS . NNS VBP IN IN DT NN VBZ JJ , PRP MD VB JJ IN DT NN IN CD IN CD NNS . NNP -LRB- NN -RRB- VBZ VBN RP IN NNS IN DT NN VBP DT NN IN VBG VBN IN DT NN NN . `` PRP MD RB RB VB VBN IN DT NN IN PRP VBP VBG RB JJ NNS IN DT NN . PRP VBZ RB IN IN DT NN IN DT NN IN PRP MD VB DT NN , PRP VBZ RB IN NN CC NN , '' PRP VBD . NNS VBP DT JJ NN , WDT VBZ RB VBN RB VBN IN NNS , VBZ JJ NNS IN JJ NNS IN DT NN NN . RB CD NNS VBP RB VBG VBN IN DT NN . IN DT JJ HYPH NN NN , NN MD RB VB JJ NNS IN NN IN VBZ DT NN IN JJ NNS . DT JJ HYPH NN NN NN MD VB RB JJ IN VBG NNS , WRB JJS JJ NN NNS VBP . IN DT NN VBZ VBN TO VB CD JJ NNS IN NN NNS , DT NN NN CC DT NN HYPH VBN NN , PRP VBZ RB RB JJ . NNP NNP NNP NNP , JJ NN IN NNP VBD , `` IN DT NN PRP VBP CD NNS IN DT NN NN . DT JJ NN VBZ IN VBG NNS IN DT NN , CC DT JJ NN VBZ IN NN NNS VBP NN HYPH VBN NNS , RB DT VBZ DT JJ NN NN . DT NN VBZ DT NN TO VB CC NNS IN DT JJ NN . '' NNS VBP IN DT JJ NN MD VB DT JJS NN IN VBG DT NN IN DT NN , RB VBG CD NNS RB , CD NN IN WP VBP IN VBG NNS . NNP NNP NNP , NN IN DT NNP HYPH VBN NNP NNP NNP VBD , `` JJ NN VBZ IN PRP MD RB VB DT JJ NN . RB JJ IN PRP VBZ IN PRP RB VBP NNS , WDT , RB , VBP RB JJ IN PRP MD RB VB VBN IN JJ NNP CC NNP NNP , PRP VBZ RB JJ IN NNS VBP RB VB DT NN NN , RB NNS MD . '' NNP VBD DT NN IN VBG NN CC VBD PRP VBD DT JJ NN TO VB JJ NN IN NN NN . `` NNP VBZ VBN IN DT JJS JJ NN IN PRP$ NNS , IN RBS JJ IN DT NN IN DT NN IN NNP CD NNS RB , '' PRP VBD . `` PRP VBP TO RB VB NN IN DT NN RB EX VBZ DT JJ NN IN DT NN MD RB VB IN IN NN , '' PRP VBD ."
80,1050,mainstream,"NNS VBP IN NNS WDT MD VB DT NN WDT VBZ NNS MD VB WRB RB DT JJ NN VBZ NNS IN NN NNS . PRP RB VBP DT VBN NN TO VB NN NN IN NNS . NNS VBP RBR IN VBG DT NN IN DT JJ NN . IN JJ NNS IN NN HYPH CD VBG CD , NNS VBP VBG IN NNS TO VB JJ JJ NNS . DT JJ NN , VBN NNP HYPH NNP HYPH CD , VBZ JJ NNS IN JJ NNS IN DT NN NN , RB DT WDT VBP NNS CC NN . CD JJ NNS VBD RB IN DT NN NN , VBG WRB NNP HYPH NNP HYPH CD VBZ NNS . RB , WRB RB VBZ DT NN VB NN IN NNS , CC WRB VBZ PRP JJ TO VB DT . VBG DT NN NNS WDT VBP JJ NN IN NNS VBZ JJ IN VBG WRB TO VB DT NN IN VBG . DT NNS VBP IN NNP HYPH NNP HYPH CD VBZ NN IN DT JJ NN IN JJ NN WDT DT NN NN -LRB- NN HYPH NN -RRB- VBZ . RBR RB , CC NN NNS VBD IN NNS IN VBG DT NN , VBG DT NN NN CC NNS IN DT NN NN . DT JJ NN , NNP HYPH NNP HYPH CD , VBZ DT NN IN NN VBN DT VBN NN NN . DT VBZ IN PRP$ JJ NN VBZ VBN IN JJ HYPH VBN NN NNS VBN IN DT NN NN VBN IN DT NN WDT PRP RB VBN . WRB VBN NNS VBP DT NN , PRP VBP DT VBG DT CD HYPH NN NN . DT JJ NN VBZ VBG DT NN IN DT NN IN DT NN IN DT NN NN . DT NN VBZ NN IN DT NN NN , CC IN DT NN IN DT NN CC IN DT JJ NN . IN DT NN IN NNS , DT JJ NN VBZ IN JJ NNS IN DT JJ NN , VBN NN -LRB- NN -RRB- NNS , VBP DT JJ NN . DT NN VBZ VBN NN NN NN . DT NNS JJ IN NN NN NN VBP JJ JJ NNS IN VBG PRP$ NN MD VB DT NN IN VBG JJ TO VB DT NN . `` VBG WDT JJ NNS VBP VBN IN NNP HYPH NNP HYPH CD IN NN MD VB NNS IN JJ NN CC VB JJ NNS , '' VB DT NNS CD IN DT JJ NNS IN NN . DT JJ NN NN VBZ NNP NNP , DT NN IN NNP NNP IN NNP HYPH NNP HYPH NNP CC NNP IN DT NNP NNP NNP IN DT NNP NNP NNP , DT IN NNP IN NNP . NNP CC PRP$ NNS VBP NN IN DT NNP HYPH NNP HYPH CD NN NN VBZ IN DT JJ NN IN DT NN NN NN NN . DT NN VBZ VBN NN HYPH VBG NN CD CC NN . IN NN , DT JJR NN IN DT NN NNP VBD RB VBN NNP IN DT NN WDT VBZ NNP HYPH NNP HYPH CD TO VB NNS . IN NN IN VBG JJR NN IN NNP POS NN , NNP CC DT NN RB VBD IN , IN NNP HYPH NNP , DT JJ NN NN NN VBZ DT NN VBN NN IN NN NN NN . RB , PRP VBD IN `` FW NN , DT NN IN NN , VBZ NN HYPH NN HYPH CD NN IN NN NNS . '' NNP NN VBZ DT NN VBN IN NNP IN DT NN IN NN . DT NNS VBP IN DT NN : `` DT NN CC JJ NNS IN RB VBN JJ NN MD RB VB VBN IN IN HYPH NN NN IN NN HYPH NN HYPH CD HYPH VBN NNS . '' NNP CC PRP$ NNS RB VBD IN NNS VBN IN NNS WP VBD DT JJ NN IN NN MD VB NN HYPH NN HYPH CD NN NN IN NNS . PRP VBD IN NNS IN DT NN HYPH NN NN NN VBD WRB RB DT NN NN NN IN DT NN HYPH NN HYPH CD NN NN MD VB NNS . PRP RB VBD JJ NNS IN NNS IN NN NNS VBN IN NNS . `` IN NN IN JJ NN VBZ VBG , PRP$ NNS VBP IN VBG NN NNS VBN IN NNP HYPH NNP MD VB DT NN IN NN HYPH NN HYPH CD NN , WDT MD VB NNS IN NN NN , '' DT NN VBZ IN DT NN . CC , NNP CC PRP$ NNS VBP RB DT JJ NNS VBG DT NN TO VB NNS IN NNP IN DT NN IN NN HYPH NN HYPH CD . NNP NNP , DT JJ NN IN NNP IN DT NNP IN NNP IN NNP , VBZ JJR NN IN DT NN VBZ NN NNS IN NNP IN DT NN VBN IN NN . IN IN PRP$ NNS , PRP RB VBD NNS IN NN NN NN NNS TO VB JJ NNS . DT NN VBD IN NN NN IN CD JJ NNS MD VB NN IN DT NN NN NN VBG DT NN HYPH NN HYPH CD NN IN CD NN . CC IN DT RB HYPH VBN NN HYPH NN HYPH CD NN VBZ JJ , JJR NN VBZ VBN . JJ NNS TO VB DT NN CC NN MD VB DT NN IN VBG DT NN NNS IN JJ NNS TO VB . IN NNP , DT NNP NNPS NNP VBD JJ NN IN PRP VBD VBG `` JJ NNS TO VB DT NN CC NN IN JJ NNS IN DT NN CC NN IN DT JJ NN . '' RB , IN DT NNP NNPS , DT NNP IN NNP CC NNP NNPS VBZ VBG IN NNP NNP CC NNP , NN IN JJ NN NNP CC NNP , TO VB DT NN IN NNP HYPH NNP HYPH CD . DT JJ NN , VBN IN DT NNP NNP IN NNP CC NNP NNPS VBG DT JJ NN IN NN HYPH VBN NN , VBZ RB JJ . IN JJ NNS IN DT JJS NNS VBG DT JJ NN CC NN HYPH CD , VB RB ."
81,1101,conspiracy,"NNS RB VBD RBR VB RB CC RB IN WP PRP VBP TO VB IN DT NN IN NN CC JJ NNS VBP TO VB NN IN DT NNP NN -LRB- NN SYM CD -RRB- IN DT NN VBZ RB VBN IN NNS VBP DT NNS MD VB DT NNS IN VBN NNS . RB IN NNP NNP VBZ VBN IN NNP NN -LRB- NNP HYPH CD -RRB- NNS MD RB VB VBN IN DT JJ NN , EX VBZ RB DT NN IN DT NNS MD VB TO VB PRP RB , WDT MD VB RB RB DT VBN IN NN IN DT JJ NN CC RB DT WP VBP DT NN IN JJ JJ NN . IN PRP VBD VBN RB IN NNP POS JJS JJ NN CC NN NN VBZ VBN RP IN DT JJ NN NN TO VB DT JJ NN NN NN IN NNP , NNP NNP NNP , NNP , NN CC JJ NN IN DT NNP NNP CD NNP NNP NNP CC NN IN NNP NNP NNPS VBD TO VB DT NN , IN WDT PRP VBD IN DT NN NN IN NN VBZ VBN IN VBN NN NN NNS . NNP NNP NNP , RB VBN IN NNP , VBZ DT NN IN DT JJ NN WDT VBD RP IN NNP POS NNP NNP NNP -LRB- NNP -RRB- TO VB NNS IN NNP HYPH NNP , IN PRP VBZ VBG VBN , WDT NNP NNP VBD VBZ DT NN NN VBN IN NN WDT VBD VBN IN JJ NNS WDT VBD VBN IN RB IN PRP$ NNS POS NNS . `` IN PRP VBZ VBG DT NN NN HYPH JJ NN , PRP VBZ VBG NN , '' NNP NNP VBD NNP . `` NN VBZ DT VBN NN NN NN . '' IN PRP$ JJ NNS , DT NNP HYPH NNP RBR IN RB MD RB RB VB IN VBN , NNP NNP VBZ . IN PRP VBZ RP , EX VBZ DT JJ NN IN NN IN NNP , RB JJS IN DT NNS WP VBP VBN IN PRP MD VB DT NN RB IN DT NNP NN -LRB- NNP SYM CD -RRB- . `` PRP VBP RB VB NNPS , '' NNP NNP VBZ RB VBN IN VBG . `` PRP$ NN CC NN -LRB- JJ NN -RRB- VBP VBN JJ NNS WDT VBP JJ . RB DT JJ NN NN IN JJ CC JJ . '' WP VBZ RB VBG VBZ DT NN IN NNP MD RB VB TO VB IN DT NN NN VBN IN IN NNP , WDT VBZ WRB DT JJ NN VBD . NNP HYPH NNP VBD RB RB VBN IN DT NNP NNP IN NNP WDT , IN DT JJ JJ NNS , VBZ VBN CC VBN IN DT NNP NNP NNP -LRB- NNP -RRB- . DT NN VBZ VBN TO VB DT JJ `` NN CD '' NN NN , VBG PRP VBZ VBN VBN TO VB `` RB '' VBN IN JJ NN NNS . CC DT JJ NN MD RB VB RBR JJ IN DT NN IN VBG RB JJ NNPS IN JJ IN PRP TO `` VB '' PRP IN DT NNP NN -LRB- NNP SYM CD -RRB- . `` NNP VBZ JJ IN PRP$ JJ NN IN NNP NNP , '' VBD NNP NNP NNP NNP IN DT JJ NN NN . NNP NNP NNP , NN CC NN IN NNP , RB VBD IN DT JJ NN NN IN PRP$ NN VBZ `` JJ NNS IN NNP '' CC VBZ `` JJ TO VB VBG IN JJ NNS CC VBG PRP$ JJ NN IN DT NNP TO VB NN NNS IN DT JJ NN . '' RB , CC DT NNP CC NNP VBP JJ IN PRP$ JJ NN VBN NN NN NN , WDT PRP VBP MD VB `` TO VB DT NN HYPH RP NN NN IN DT NN NN . '' IN JJ NNS , NN IN DT VBN NNS , NNP CC NNP MD VB JJ TO VB NNP NN -LRB- NNP SYM CD -RRB- NNS IN JJ NN RB JJR IN JJ , VBG DT NN IN DT JJ NN NN IN NN DT NN VBZ RB VBN . DT NN VBD VBN IN NNP , NNP NN , CD IN CD NN CC VBZ VBN IN NNP NNP PRP , NNP NNP , NNP , NNP NNP . PRP MD VB DT NNS IN DT NN IN DT NN CD NN ."
82,40,mainstream,"DT JJ HYPH JJ JJ NN VBG DT JJ NN TO VB DT JJ NNP HYPH CD NN VBZ RB VBG DT NN IN NN HYPH VBG NN NNS IN DT JJ CC JJ . DT VBN NN NN , WDT RB VBZ DT NN TO VB DT NN , VBZ JJ TO VB DT NN HYPH NN IN DT IN DT JJ NNS IN NN . NNS IN NNP NNS IN DT NNP CC NNP VBP RB IN `` JJ NN '' IN NN , IN NNS RB JJ DT JJ NN MD VB IN NN JJ NN . DT NN VBZ VBG JJ NN IN DT VBG NN , NNP , VBG VBN IN NNP NNP . DT NN DT NN VBD NNS TO VB CD CD NNS IN DT NN RB IN DT NN IN DT NN . PRP VBZ VBN NNPS MD VB NN IN DT JJ NNS IN NNP . CD IN DT JJ NNS VBN DT NN VBD IN DT NNP NNP IN NNP -LRB- NNP -RRB- , DT NN POS JJS NN IN NNS IN NN . NNP VBZ VBN PRP VBZ VBG JJ `` JJ '' NNS IN NNP , VBG PRP MD VB NN IN DT NN NN RB . NNP NNP , NNP POS JJ NN , VBD DT NNP NNP , IN DT NN VBG VBN VBZ `` DT NN IN CD NNS '' IN CD NN `` IN IN VBG CC PRP VBP DT NN IN NN VBG IN CD NN '' . NN NN MD VB VBN IN JJ NNS IN DT NN , WDT RB VBZ DT JJ NN TO VB PRP$ JJ NNS . RB , PRP VBZ RBR JJ TO VB IN DT NN RB MD VB VBN IN JJR CC RBR JJ NNS '' WP MD RB VB JJ TO VB DT JJ NN IN DT NN '' . DT JJS NN IN DT VBZ DT NNP NN , RB . CD NNS WDT MD RB VB JJ RB DT CD NNS VBD VBN IN NNP , CD IN WDT VBD IN NNP NN NNP NNP , TO VB NN IN DT NNS IN JJ CC JJ HYPH NN NNS . NNP NNP VBZ VBN PRP VBZ TO VB IN NNP IN DT NN NN VBZ JJ ."
83,134,mainstream,"NNP , NNP HYPH VBN NN NN NNP VBD NN PRP VBZ VBN VBG PRP$ JJ JJ NNS IN DT NN CD JJ NN . JJ NN -LRB- NN TO VB DT JJ NN -RRB- CC NN NNS IN DT NN CD NN IN DT NN VBP VBN IN NNP CD . NNP VBZ VBG DT JJ NN NN CC NN NN NN VBN IN PRP$ JJ NN NN , NNP , MD VB VB DT JJ JJ NN NN . NNP NN VBZ RB CD NN NN IN DT NN CC VBZ RB RB CD NN NN HYPH IN HYPH NN , CC DT VBZ RB VBN IN PRP$ NN RB . VB NNP VBZ DT JJ NN VBG $ CD CD IN NN IN DT NNP IN NNP NNP NNPS -LRB- NNP -RRB- NN DT NNP HYPH VBN NN VBZ IN NN NN CC VBD VBN IN NN NNP NNP IN CD . `` NNS VBP PRP$ JJS NN IN RB VBG DT NN , RB PRP VBZ JJ TO VB JJ NN VBG VBN IN DT NN IN NNP POS NN NN , '' VBD NNP NNP NNP , NN IN NNP , IN DT NN NN . NNP VBZ VBN RB JJR NNS VBG IN $ CD CD IN $ CD CD IN NNS VBG IN NN NNS , VBG NNP , NNP CC NNP . NN NNP NN NN NNP VBD PRP$ NN IN DT NN IN CD NNS TO VB VB DT NN . PRP VBZ VBN NNP HYPH VBN NNP NNP , WDT VBZ VBG DT NN , CC VBG IN JJ NN CC NN NNP IN DT NN CC JJ NN , RB . IN IN NNP CD , EX VBP CD NN HYPH CD NN NNS IN JJ NN CC CD NNS IN JJ NN , VBG IN NNP . DT CD IN DT JJ NN NN VBP IN : IN PRP VBP RB NNS , IN RB NNS , IN DT JJ NN JJ IN DT JJ NN , DT NNP NN VBZ VBG IN DT NN NN NN . `` IN VBZ DT JJ NN POS VB DT NNS RB , RB DT JJS IN JJ NN IN DT NN HYPH CD NN VB DT JJ NN NN CC DT NN IN DT NN HYPH NN NN , '' VBD NNP NN NNP NNP . `` DT VBD IN JJ NNS NN . NNP NNP NN VBD DT NNP RB IN NN VBG PRP$ NN NN NNS . NNP IN NN IN VBG JJR NNS IN NN , VBD IN DT JJ NNS IN PRP$ JJS NNS VBP VBG . RB NNP HYPH NNP NN NNS VBP VBN VBN IN DT JJ NNS , VBN IN DT NN NNS IN DT NN HYPH NN NN POS NN . ''"
84,596,conspiracy,"NNP NNP RB VBD DT NN , `` DT NNP NNP IN DT NNP IN DT RB VBN NNP IN NNP '' , WDT VBZ PRP$ NN POS JJ NN IN NN IN VBG VBN IN NN VBG DT NNP NN . PRP VBD TO VB PRP$ NN VBG NN NN -LRB- WDT VBZ JJ NNS IN DT NN -RRB- IN DT NN CC PRP VBP RB JJ . IN DT NN , NNP , JJ CD NNS CC CD NNS , VBD DT JJ NN . IN PRP$ NNP NN , PRP VBD DT NN NN CC NN , VBD DT NN TO VB NNP CC NNP , CC VBD VBG IN PRP$ JJ NN . PRP VBD NN CC RB IN VBG IN PRP$ NNS , MD VB PRP RP IN JJ NNS . PRP RB VBD CD CC CD NNS DT NN . RB , PRP$ NN VBZ IN IN VBG NN , DT NNS VBD JJ CC JJ . NN NN VBZ DT NN WDT VBZ DT NN IN NN NNS -LRB- JJ NNS , RB JJ , WDT VBP NNS IN NN NNS CC JJ NNS -RRB- TO VB JJ NNS IN DT NN . NNP VBZ DT JJ NN IN NN IN JJ NN CC VBZ RB VBN NN . `` DT VBZ RB DT RBS JJ NN PRP VBP RB VBN CC VBN DT NN IN . PRP VBP RB VBN DT RB CC PRP VBP VBN DT IN NNS CC NN NNS PRP VBP VBN IN . PRP VBD TO VB DT IN DT NNS WDT VBP RB VB NN , CC IN DT NNS IN DT NNS CC NNS WDT VBP RB VB NN IN PRP . IN PRP$ NN , DT VBZ DT JJS NN IN NN VBG IN DT NN VBN IN NN MD VB CC VB PRP$ NN IN DT RB JJ NN IN JJ NNS . PRP VBP VBN RP DT NN PRP VBP PRP . PRP$ NN VBD CD JJ NN . PRP VBZ VBN DT JJ NN IN DT NN IN DT NN . PRP RB VBD PRP VBD DT NN WRB PRP VBD JJR IN PRP RB VBD PRP . PRP VBZ RB VB DT IN PRP . IN NNP VBZ NN NN NN CC PRP$ NN RB VBZ WP VBD IN PRP WRB PRP VBD JJR , PRP VBD TO VB DT NN . EX VBZ VBN DT NN IN NN RB IN DT NN NN NNP -LRB- IN DT NN CC NNP VBP RB VB PRP TO VB -RRB- . PRP VBZ DT JJ NN IN DT JJ NN NN NN VBG IN DT NNP WP RB VBD RB VBG IN PRP$ NN NN VBD NN VBG NNS CC NN . PRP VBZ IN NN IN DT NNP CC VBZ RB DT `` NN '' NN WDT DT NNP MD VB PRP TO VB . NN MD VB PRP . PRP , IN JJ JJ NNS WDT VBP -LRB- VBD -RRB- DT NN IN DT NN , VBP NNS VBD IN JJS DT NN IN PRP$ NN POS NNS , CC PRP VBP RB IN VBG NN IN DT NN . EX RB VBZ TO VB JJR NN IN DT IN NN IN JJ NNS . IN DT NN NN VBZ VBG IN PRP VBZ , PRP VBZ VBN IN IN CD , NN IN DT NNS VBN MD VB VBN -LRB- CD NN IN DT NNS -RRB- . PRP MD IN DT NN IN PRP VB WRB NN MD VB DT JJ NN . NNS IN NN MD VB CC VB PRP$ NN -LRB- CC DT NN VBZ NN IN DT -RRB- , IN VBG DT NNS IN IN PRP WDT NNS CC PRP$ NN VBD RP . WRB NN VBZ JJ , NN VBZ JJ . JJ NN , NNP . PRP VBP DT JJ JJ NN . PRP VBP PRP , NN , CC PRP VBP RB JJ IN PRP . PRP NN . NN : IN DT NN , PRP VBP RB IN JJ NNS , CC PRP VBP IN JJS NNS IN DT NN MD VB IN PRP . NNP VBD RB RB , PRP VBD RB VB IN PRP VBD PRP . NNP VBD JJ TO VB NNS WDT VBD CC VBD JJ TO VB RB IN PRP$ NN , VBG VBG JJ TO VB RB IN DT VBN JJ NN CC VB WP VBD JJS IN PRP$ NN CC NN . PRP VBP DT NNS TO VB DT NN CC NN RB RB . PRP VBP RB JJ IN DT NNP NN CC RB JJ PRP VBD PRP$ NN IN DT NN . NN CD : NN TO VB RB VBN , IN NNS IN JJ NN"
85,1024,mainstream,"PRP VBZ RB RB JJ NNS WP VBP PRP$ NN IN VBN : DT NNS , PRP VBZ JJ IN PRP IN DT VBN NN . JJ NNS RB VBP NNS IN WP CD NNS RB VBD JJ JJ NNS IN NN CC NNS . RB , RB , DT NN NN IN DT NNP NNPS VBZ VBN DT JJ NN IN NN , VBG DT RB JJ NN IN JJ NN VBG RP PRP$ JJ NNS IN JJ NNS VBP NN . CC DT NN NN VBZ RB JJ : DT CD NN IN NNS IN NNP , IN NN , MD VB RB VBN IN DT JJ JJ , VBN CD HYPH NN HYPH JJ POS NN IN DT NN NN , WRB PRP VBD JJ JJ NNS . IN DT JJ NN , CD NNS IN NNS IN CD NNS VBD VBN IN DT NNP : RB DT IN PRP VBD IN DT CD NNP NN , CC JJ VBD . DT NN NN , DT NNS IN NNS NN IN DT NNP VBP RB RB JJ IN CD IN CD NN , IN CD IN CD NN VBG DT NN TO VB `` NN NN . '' IN JJ NNS VBP VBG NNS IN NNS WDT VBD RB RB JJ , IN NNS , PRP MD VB RB RP CC VB IN DT NN IN JJ NNS . IN DT NN IN DT NN , DT JJ NN VBZ RB WRB JJ NNS CC VBG NNS IN DT RB HYPH JJ NNS VBD VBN IN DT JJ NN NN . IN CD , NNS VBD DT JJ NN NN VBN NNP HYPH CD WDT VBD JJ NNS TO VB VBN IN NN , NN , NNS , NN , NN , NN , NN CC NN NN VBG IN DT NN POS NN , NNP HYPH CD VBD RB CD CD NNS IN NN CC CD CD NNS RB IN CD CC CD . IN DT NNP RB , RB CD CD NNS VBD VBN , VBG DT VBN CD NNS . DT NN IN DT JJ NN NN NNP HYPH CD VBD IN DT NN IN DT NNS IN PRP VBD VBN IN NN NNS , DT NN WDT VBD IN PRP DT VBN NN IN NN IN NN NNS . RB IN VB DT JJ JJ HYPH NN HYPH NN NN , NN NN VBD VBN RP IN DT JJ NN MD VB VBN . DT JJ NN VBD VBN IN NNP NNP IN DT NNP IN NNP , NNP NNP , CC RB VBN IN JJ NN NNS . `` VBN DT VBN JJ , JJ JJ NN NN IN NNS IN JJ , PRP VBD JJ WDT NN PRP$ NN IN NNP HYPH CD IN CD VBD IN VBG NNS CC VBG NN , IN DT JJ NN IN JJ NNS IN NN NN VBP VBN IN PRP$ NN NN CC PRP$ NNS , '' VBD NNP , CD IN DT NN POS NNS , IN DT NN NN . NN NNP NNP NNP , DT NN CC NN IN DT NNP IN NNP IN NNP NNP IN NNP NNP , VBD JJ TO VB DT NN IN NN NNS VBN CC NNS VBN IN NNP POS NN IN VBG RB IN NN NN NNS VBN IN DT NNS IN CD -LRB- IN DT NN IN NNP SYM CD -RRB- . IN DT NNS IN DT NNS VBD RP IN JJ NNS , NNP VBD DT NN IN NNS IN DT NN POS NN CC CD IN DT NN IN VBN NNS CC NNS IN CD , CC VBD DT NN IN DT NN IN RB . CC DT NNS IN PRP$ NNS VBP RB NN HYPH VBG : `` EX VBZ DT NN , NN NN , JJ NN NN , CC JJ NN RB VBN WDT VBZ RB VBN RB IN DT NN HYPH NN , NN HYPH VBG , CC JJ NN NNS VBN IN NNS , '' VBD NNP . CC CD NN VBZ : WRB VBP DT NNS VBG RB RB CC JJ IN PRP$ NNS '' CC PRP$ NN POS NN CC RB HYPH NN WRB PRP VBP DT JJ , NN VBG NNS . RB , NNP VBZ , PRP VBZ IN PRP VBP VBN JJ NNS CC MD VB VBG PRP TO VB PRP . `` PRP VBZ JJ IN DT NN NN VBZ VBN IN JJR NNS , IN NN , IN PRP MD VB NN IN DT NN IN NN , NN , CC NN VBN IN JJ CC JJ NNS , '' PRP VBD IN DT NN NN ."
86,459,mainstream,"JJ VBG IN DT JJ NN IN NNS CC NN MD RB VB RB IN DT JJ NN IN DT NN IN DT JJ JJ NN . NNS IN NNS VBD VBG TO VB NN CC NN IN CD NN NNS VBN IN DT NN . PRP VBD IN DT NN IN DT NNS HYPH NNS HYPH NN NN CC JJ NNS VBD NN . NNS IN DT NNP NNP IN NNPS VBD PRP VBD IN DT NNS , CC EX VBD JJ IN DT NN TO VB NNS IN DT NN HYPH NN NN . DT NN '' VBZ JJ , JJ CC JJ , '' VBD JJ NN NNP NNP . `` RB , DT NNS IN DT NN VBP VBN DT NNS IN JJ NN VBN TO VB NN RB IN TO VB JJ CC JJ NN '' IN NN . NFP NFP JJR NNS VBG IN JJ NN , CC MD PRP VB . NNS IN NNS WP VBP VBG IN JJ NNS , JJ IN NNP NNP , VBP VBN IN DT VBN CD NN IN JJ NNS , NNS VBP . CC JJ NNS VBP VBN IN DT NN VBZ RB VB DT CD NN NN , PRP VBZ JJ NN , CC NNS VBP JJ NNS , IN DT RB HYPH DT HYPH NN NN IN JJ NN . SYM NNP : CD VBD JJS NN IN NNP NNP IN NNP , WP VBZ NNS JJS . PRP , NN VBZ NNS MD VB NNS IN DT NNS VBD DT NN VBZ DT JJ NN . PRP RB VBD IN DT NN RB MD VB IN DT NN WDT NNS IN VBG DT NN HYPH VBG NN VBP TO VB . DT NN IN DT NN NN WDT VBZ NN NN VBD PRP RB VBD EX VBD DT NN IN DT NN . `` PRP VBP PRP VBZ DT NN TO VB IN IN DT JJ NN NNS VBD VBN NN , IN PRP VBZ VBN VBN NNS VBP RB VB DT NN IN JJ NN , '' VBD NNP NNP NNP , NN IN DT NNP NNP NNP NNP . NN NNS RB VBD EX VBZ DT NN , CC NNP POS NNS IN DT NN IN NNS RB VBP RB HYPH VBG NNS . DT NN VBZ NN IN NNS JJ IN VBG PRP$ NNS IN IN DT JJ CC JJ JJ NN . DT NN HYPH JJ NNS , VBG NNS , VBP IN DT NN , CC JJ NN DT NNP NN WP VBD RB VBN VBN IN NN VBD IN DT NN . `` PRP VBP JJ NN IN DT NNS IN NN CC MD VB JJ NNS VB PRP IN VBG PRP$ NNS DT VBN NN PRP VBP IN JJ NNS , '' VBD NNP NNP NNP , NN IN DT NNP NNP NNP . JJR IN CD NNS VBP VBN VBN IN NNS VBG NN IN DT NN POS NN NN NN NN . NNP POS NNS VBD IN DT JJ CD NN NNS TO VB WDT IN DT NNS VBD NN : CC IN IN JJ NN , DT NNP NNP IN NNPS VBZ RB VB DT NNS TO VB DT NNS RB VBD DT NN , RB IN PRP RB VBD . `` PRP MD VB DT NN RB IN NN CC IN VBG DT NN , '' VBD NNP NNP NNP NNP NNP , VBG RB IN NNP NNP IN NNP , NNP , WP VBZ VBN IN NN , JJ NN NN CC JJ NNS WDT PRP$ NNS VBP IN DT NN NN VBN IN CD NNS . `` RB , DT NNPS VBP VBN VBN IN NNS WP VBP JJ , IN PRP$ NN , IN JJ JJ NN , '' NNP VBD . NNS IN DT NNS VBD PRP VBD VBN . `` EX VBD RB DT JJ NN IN NNS VBD NN , CC DT VBZ RB DT NN , DT NN VBZ NN , '' VBD NNP NNP IN NNP , WP VBD DT NNP . `` PRP VBD PRP$ NN VBD JJ . '' NN VBZ RBS VBN IN VBG DT NN POS NN TO VB CC VB . JJ NNS VBP DT JJ NN IN NN NNS IN DT JJ NN , IN PRP VBZ JJ WRB JJ IN DT NN VBZ JJR NN ."
87,1105,mainstream,"NNS VBP NN IN JJ NNS , CC DT NN IN NN IN DT NN VBZ IN DT NN IN NNS VBN . NNS VBP NNS WDT VBP NNS . NNS VBP DT JJ CC VBN NN IN DT NN HYPH VBG NN , WDT VBZ VBN IN DT NN . DT JJ CC VBN NNS VBP DT JJ NN . DT VBZ DT NN NN , RB DT JJ NN NNS , TO VB JJ NNS , WDT VBP CC VB IN DT NN . DT NN VBZ CD NNS IN JJ NN NNS WDT VBP RB TO VB DT NNS . SYM NN DT JJ NN IN JJ NN NN VBZ NNS WDT VBP DT NNS TO VB RB . SYM NN DT JJ NN IN JJ NN NN NN VBZ DT NN IN VBG CC VBG PRP . DT NN VBZ RB VBN DT JJ NN NNS WDT VBP NNS VBP IN DT NN RB . DT VBP VBN NN NNS . PRP VBP DT RBR JJ CC JJR NN HYPH NN IN NNS VBG DT JJ NN IN DT NN . IN DT JJ NN DT NNS RB VBP , VBP IN RB CD NNS CC RB RB VB . DT JJ NN IN DT JJ NN VBZ DT JJ NN NNS TO VB RB IN NN TO VB NNS IN DT JJ NNS , WDT VBZ NN ."
88,569,mainstream,"NNP NNP -LRB- NNP NNP -RRB- , NNP NNP VBD PRP$ CD HYPH NN HYPH JJ NN , NNP , VBD DT JJ IN DT NN IN CD . RB , PRP VBD IN DT JJ NN . RB VBD DT JJ NN CC NN VBG . RB , PRP VBD VBG TO VB . NNP VBD VBN DT JJ JJ NN VBN IN NNP NN NN NN , CC NNP , NN WDT NNS RB VBP DT NN IN , CC IN NNS VBD TO VB IN DT NN . PRP RB VBD IN NNP IN PRP$ NN TO VB VBG NNP POS NNS , IN VBG IN NNS VBD JJ , MD RB VB VBN DT JJ NN . `` VBG TO RB VB PRP$ NN VBZ RB DT NN HYPH JJ NN , IN DT IN DT NNS MD VB PRP , '' VBZ NNP NNP , CD , NN IN DT JJ NN , DT NNP NNP : DT NNP NNP IN NNP , NNP CC NNP -LRB- NNP CC NNP , NNP CD , CD -RRB- . DT NN WDT VBD JJ NN NNP NNP POS NN IN DT VBN NN IN NN CC NNS VBD DT NN IN NN DT NN , WRB NNP NNP JJ NN NNP NNP NNP VBD IN NNP IN PRP$ NN , WP VBD JJ IN DT NN POS NN CC WRB TO VB PRP IN DT NN . -LRB- VB JJ HYPH NN IN DT NN NN , NN . -RRB- `` IN PRP VBD TO VB IN CD NN WDT VBD DT NN WDT PRP VBP RB VBG NN IN NNS CC PRP$ VBN NN IN JJ NNS , DT MD VB DT NN , '' NNP VBZ . NNP POS CD NN RB VBD IN DT NN IN NN CC DT VBN NN -LRB- NNS , NNS , CC NN -RRB- NN . IN DT NN NN WDT VBD , PRP VBD DT IN NN WDT NNS MD RB VB . `` PRP VBD IN PRP VBD IN NNS VBD RP DT NN NN CC RB VB DT NNS , '' VBZ NNP . DT NN IN DT NN NN , EX VBD NNS IN DT NNP NN WDT VBD IN DT NN WP VBD IN DT NNP NN . DT VBN NNS VBD RB JJ , RB NNS VBD VBG PRP IN PRP$ NNS RB IN VBG PRP IN DT VBN VBN NN IN NN . JJ IN JJS NN NNS , RB , VBD DT NN IN NNS , DT IN DT JJ NN IN DT NNP IN NNP POS NN , WP VBD RP DT JJ NNS IN DT NN . VBG IN DT NN , VBZ NNP , VBD DT NN IN NN VBN IN NNS JJ IN NNP NNP , WP VBD PRP$ NNS IN PRP$ JJ NN IN DT JJ NN , CC RB JJ NN . `` NN IN NN PRP VBD VBN NNS TO VB RP DT NN , IN DT JJ NNS , IN DT NN IN JJ NN NNS CC NNS TO RB VB WP VBD VBG RP CC WRB PRP$ NNS , WDT PRP VBD PRP VBD IN `` DT NN IN NNP , '' VBD RB JJ CC JJ , '' NNP VBZ . CC DT NN NNS WP VBD IN PRP VBD RB VBG WP NNS VBD VBP JJ IN VBG DT NN , PRP VBZ . `` DT NN VBD RB JJ VBG PDT DT NN RB , '' NNP VBZ . NNS CC NNS VBP RB VBG DT NNS IN NNP POS CD NN . PRP VBD RB JJ NN IN DT NNP VBD PRP , CC IN NNP VBD PRP$ NNP NN POS NN . DT NN , DT NNP NNP NNP VBD DT NN JJ , CC NNP , IN VBG NNP POS NN , VBD DT CD NN IN NNP NNP NNP NNP VBG IN NNS VBD JJ . CC IN DT NNS VBP JJ , PRP VBP RB VB DT JJ NN , VBZ NNP : DT NN MD VB VBN RB RBR JJ IN DT NN WDT VBD IN RB JJ NN IN DT JJ NN . VBG IN JJ NNS MD VB RB VBN VB DT NN IN NN , PRP VBZ . DT NNP VBZ VBN VBG RP IN NNS IN NNP POS NN IN DT NN CC WP DT NN RB VBD VBD CD JJ NNS . `` DT NN WDT PRP MD VB VBN RB IN DT NN VBZ `` WP VBZ DT NN VBG VBG DT WRB DT PRP VBZ VBG VBZ VBG RP DT NN NN IN CD NNS , '' '' NNP VBZ , DT NN VBN RB JJ IN NNS TO VB DT JJ NNS . NNS RB VBP TO VB RBR JJ IN WRB PRP VBP NN IN DT NN , NNP VBZ . IN NN , IN EX VBZ DT NN WRB VB , CD NN IN NN VBZ IN CD NN , NNS VBP VBG TO VB IN DT VBG CD NN , CC VB DT TO VB IN WP DT NNS VBP VBG VBZ RB JJ . `` CD JJ NN PRP MD VB IN DT VBZ EX VBZ DT NN IN NN IN NNS . DT NN VBZ JJ TO VB DT NNS IN WP PRP VBP , '' PRP VBZ . RB VBG TO VB PRP$ NNS NN IN DT NN WDT NNS VBP RB JJ VBZ IN PRP VBP RB RB IN NN , NNP VBZ RP . DT NNS IN DT NN VBP IN DT NN , CC NN VBZ WRB . IN NN , NNS WDT VBD RB JJ IN NNS CC NN RB VBP RBR JJ , IN PRP VBP VBN PRP$ NN IN PRP . DT VBZ NNS VB RB VBG PRP$ NNS VBN IN JJR IN DT NN , NNP VBZ . `` NNS IN PRP$ NN VBP RB RB VBN NN IN NN VBG IN DT NN NN IN PRP VBD VBN IN NN , '' PRP VBZ . `` IN NN , IN PRP VBP JJ NN , PRP VBD RB VB IN DT NN CC NN NN NN . '' IN DT JJ NN PRP , NNP VBZ PRP VBZ DT NNS , CC PRP VBZ IN DT NNS WDT VBP PRP$ NNS VBP VBN VBN IN NNS . NNP VBZ PRP VBZ JJ IN DT NN NNS VBP RB VBN VBN RP IN DT NN IN NNS WP VBP IN PRP$ NNS VBD VBN CC DT JJ NN NN . `` PRP VBZ RB RB VBN NNS CC NNS IN NNS IN DT NN NN VBN IN NN TO VB JJ NN IN NNS WDT PRP MD RB VB VBP VBN , '' PRP VBZ . WRB NNP VBD IN EX VBD DT NN IN NNS CC NN , PRP RB VBD NNS , VBZ NNP . CC PRP VBZ JJ WRB NNS VBD JJ , IN PRP RB VBD TO VB PRP$ NNS . CD IN DT JJ NNS VBD NNP NNP , WP$ NN NNP RB VBD . CC RB IN PRP$ JJ NN IN NNP . `` DT IN DT NNS VBP VBG IN DT NN IN JJ NN , '' VBZ NNP . `` PRP RB VBP IN -LRB- NNS VBD PRP$ NNS POS NN -RRB- , CC PRP MD VB WP PRP$ NN MD VB IN PRP VBD IN PRP$ NN . PRP VBP DT NN WP PRP MD VB . ''"
89,704,mainstream,"TO VB DT NN IN DT NN NN `` DT NNP , '' PRP MD RB VB DT JJ NN IN NNS . DT VBP JJ JJ CC JJ NNS . CC EX VBZ CD NN WDT VBZ DT JJ NN IN JJ NNS IN DT NN CC PRP$ NN NN , `` DT NNP , '' IN JJS VBG IN DT JJ NN NNP NNP : NN . IN NN , JJ NNS RB VBP PRP VBP DT RB VBN NN , CC NNP , IN PRP VBP IN DT NN NN . DT VBZ JJ , CC PRP RB VBZ RB JJ : DT NN VBZ , RB NN VBZ NN . RB RB PRP VBP VBG PRP$ NNS , JJ NN VBZ IN DT RB JJ NN VBN IN CC NN CD CC NN CD IN DT NN NN NN , CC NN . JJR IN CD IN CD NNS IN DT NNP , NNS CD IN CD , VBP NNP HYPH CD . DT VBZ RP IN RB CD CD NNPS . RB , JJS NNS IN DT NN IN NN VBP RB VB PRP VBP PRP , IN PRP VBP RB JJ NNS CC DT NNS IN DT . DT VBN CD NN IN NNS IN NNP HYPH CD VBP RB VBN DT JJ NN , VBG IN DT NNPS IN NNP NNP . VBG NN HYPH JJ VBZ RB VB PRP VBP IN IN DT NNS . PRP VBZ JJ IN NNS VBP PRP DT NN RBR JJ TO VB DT NN IN DT NN , CC NNS MD RB VB DT NN RB IN PRP VBP DT NNS , NN IN NN VBN IN JJ NN . RB CD HYPH NNS IN NNS VBP VBN IN IN JJS CD IN DT CD NNS IN NN , NNP HYPH CD CC NNP SYM CD . CC IN DT , IN DT NN VBZ PRP$ NN , PRP VBZ RB IN NN . IN DT , DT NN VBZ JJ , JJ NNS IN JJ NNS WDT VBP IN PRP$ NN CC NN . JJ NNS RB VBP DT NN IN VBG NN , VBP NN NNS IN NNS WP RB VBP NN , CC MD VB IN NNS IN NNS . DT VBG NN IN NNS VBP RB NNP HYPH CD IN PRP$ NNS , RB VBN IN JJ NN . RB PRP MD VB WRB NNS VBP VBN VBG TO VB DT NN IN NN IN DT NNS -LRB- NN NNP NNP VBZ VBG CD JJ NN -RRB- . RB , IN RB , NN IN DT CD JJ JJ NNS : NN , NN NN , NN , CC NN : VB DT NN . CC EX VBZ CD NN WDT JJ NNS VBP MD VB JJ TO VB DT CC DT IN PRP : NN NN . JJ NN NNS VBP RB DT JJ NN NNS VBP RB RB VBG IN DT NN NN . NNS IN NN , NN CC NN VBP IN , RB NN , NN VBZ IN NN POS NN . `` PRP MD RB VB DT JJ NN , CC DT JJ NN IN PRP , '' VBZ NNP NNP NNP , DT JJ NN IN DT JJ NN NN NN IN DT NNP NNP IN NNP CC NNP NNPS . VBG JJ IN NN VBZ DT VBN NN IN WRB DT JJ JJ NN MD VB WRB PRP VBP PRP$ NN . VBG NNS , VBG JJ NN RB CC VBG NN IN NNS MD VB DT NN IN NN . CC DT NN VBZ NN HYPH JJ . IN JJ , NN IN NN MD RB VB NNS IN NN WDT PRP VBP VBG PRP$ NN IN NN . `` PRP VBP VBN DT NN IN NNS WP RB VBP CC VBP RB VB TO VB -LRB- NN -RRB- IN NN JJ , '' NNP VBZ . NN NN NNP NNP VBZ VBN IN DT JJ NN PRP VBD NN IN VBG VBN IN JJ NN . RB IN PRP CC PRP$ NN VBD DT NN , CC PRP VBD VBG DT JJ NN TO VB DT NN IN NN , NNP RB VBD IN DT NN . `` MD PRP RB VB PRP JJ . '' PRP VBZ . `` WRB MD PRP VB IN DT JJS VBD . MD PRP VB RB JJ IN PRP$ NN . '' IN DT , PRP$ NN VBD VBN IN PRP$ NN NN IN VBG PRP DT `` NN '' CC VBG , `` DT VBZ WP PRP VBP IN VBG IN DT NN IN PRP . '' IN IN CC PRP$ JJ CC JJ NNS , NNS VBP VBN NNS VBG TO VB DT NN IN NN . CC RB RB , DT RBS JJ JJ NNS VBP VBN IN JJ NNS WDT VBP DT NN IN NNS CC NN . NNS IN NN -LRB- NNP -RRB- , VBN IN CD , CC NN -LRB- NNP -RRB- , VBN IN CD , VBP VBN NN NNS IN NNS IN NN IN CD IN CD NN . DT JJ NNS VBP IN VBG DT NN WDT NN VBZ TO VB PRP CC VB IN JJ NNS . DT VBZ JJ NN : FW DT JJ NN WDT MD VB NNS CC VB NNS : CC PRP MD RB VB DT JJ NN WDT VBZ NN JJ IN PRP$ NN . IN JJ NNS , NNS VBP DT NNS IN NN , CC RB DT NN . RB , NN NN MD VB DT JJ NN . CC TO VB WRB NN NN MD VB PDT DT JJ NN RB , RB PRP VBP TO VB WP VBZ NN RB JJ TO VB IN DT JJ NN . RB , NN VBZ JJ . DT NN DT NN VBZ RB IN NN VBZ IN PRP VBZ VBN TO VB RP JJ IN PRP$ JJ JJ NN , RB VBG PRP$ JJ NN . IN JJ NN , NNP HYPH CD VBZ RP IN DT JJ NN , DT NN NN IN PRP$ NN . IN JJ NN , CC NNP , CD CC NNP , CD VB RB RB IN PRP$ NN IN DT JJ NN NN . IN DT NN : RB IN DT NN NN VBZ VBN IN DT NN : DT JJ NN MD VB , VBG DT NN . `` RB WP PRP -LRB- NNP , CD CC NNP , CD -RRB- VBP VBZ PRP VB NN -LRB- NNS -RRB- CC RB PRP RB VBP RP VBG IN DT NN , DT NN NN , '' NNP VBZ . RB , DT NN '' VBZ DT JJ NN . '' PRP$ JJ NN MD VB DT NN IN JJ NN , CC RB IN PRP MD , TO VB PRP MD VB VBG PRP$ JJ NN NNS : WDT MD VB JJ NN NNS . IN NN , DT NN VBZ `` DT NN IN NNS PRP VBZ TO VB PRP$ JJ NN , '' NNP VBZ . IN PRP VBP VBN IN DT NN IN NN IN NNS , NNS VBP RB VBN JJ TO RB CC RB VB DT NNS . IN NN , JJS JJ NN NNS CC VBP TO VB NN IN NNS IN NN , CC VB JJ NN IN NNS WP RB VBP PRP . IN PRP$ JJ NN , NNS MD VB NN , VBG NN IN VBG NN NN . VB : NN NN . DT JJ NN VBZ IN VBG DT JJ HYPH VBN NN WDT `` VBZ '' NNS IN JJ NNS , CC MD RB VB PRP CC VB JJ NNS IN PRP$ NN . IN RB VBG VBN NNS VBN IN DT NN POS JJ NN , NNS VBP DT NN MD CD NN VB NNS WP VBP VBN VBN IN RB JJ NNS IN NN CC NN . `` IN NN NN , PRP VBP DT NN IN JJ CC RB NN HYPH NN VBG NN NNS WDT RB NNS VBP `` JJ NNS , '' '' VBZ NNP NNP , DT NN IN IN NNP NNP NNP NNP NNP WP VBD DT CD NN IN DT NN NNP NNP IN NN NN IN NN HYPH VBN NNS . PRP VBZ DT JJ NN TO VB IN NN HYPH NN NN MD VB DT JJ NN IN DT NN NN , CC DT JJ TO VB DT NN TO VB DT IN DT NN '' NN . IN NNP POS NN , JJ NNS VBP DT NN CC VBP IN DT JJ NN IN NN WDT VBZ RB VBN IN DT NN NN . IN PRP VBP DT NN HYPH JJ NN , DT NNS VBD PRP IN NN . DT VBZ DT NN IN IN `` PRP VBZ RB RBR JJ TO VB , VB NNS , VB IN DT JJ NN , DT IN DT NNS , '' PRP VBZ . VBN , DT NN HYPH NN NN VBN IN NNP POS NN VBD RB JJ TO VB JJ NN TO VB DT JJ NN IN DT NN IN NNS : RB CD IN CD NN . RB , PRP VBZ JJ IN JJ NN HYPH NN NNS IN NNP MD VB JJR . `` IN PRP MD VB PRP IN DT NN NNS , DT MD VB DT NN TO RB VB PDT DT NN IN DT NN , '' PRP VBZ . NNP POS NN VBZ TO VB WRB TO VB NN NN TO VB NN , RB RB IN NN , NN NN CC NN . VBG IN NNS POS NN VBZ DT RB RBR JJ NN IN JJ NN NNS VBP VBN , RB DT RBS JJ NNS . DT NN NN NNP NNP VBD PRP$ NN HYPH CD NN NN IN VBG DT NN HYPH NNS IN NNS WP VBD VBN VBN IN NN , RB VBG PRP IN NNS WP VBD VBN VBN CC RB VBN . VBG DT NN , PRP VBD DT NN WDT PRP VBD MD VB JJS NNS POS NN HYPH NNS VB NNS IN DT NN NN IN NN TO VB PRP , VBZ NNP NNP , DT JJ JJ NN IN NNP . DT NNS VBD IN IN NNS WP VBD JJ NN , DT NN VBD JJ TO VB JJ NN . CC IN DT IN DT JJ NN , DT NN VBD RB VB PRP RB . IN DT NN VBD RB VB TO VB JJR IN NN , DT NN HYPH IN NN IN VBG NN NNS , NNP NNP IN DT NNP NNP IN NNP CC NNP VBZ IN PRP '' MD VB TO VB DT JJ NN '' VBG PRP VBN . RB RB , DT NN MD RB VB JJ TO VB RB IN NNP NNS IN PRP VBZ NN IN DT NN . RB , NNS VBG NN NN VBP IN NN NN VBZ DT JJ NN IN VBG DT NN NN . JJS NN VBG NN NN CC NN , IN NN , RB VBZ IN JJ NN VBN IN NNS WP RB VBP NN . CC WP IN NNS WP VBP TO VB PRP IN VBG DT NN IN DT JJ NN . `` DT NN MD VB DT NN , NN HYPH NN RB RB , '' VBZ NNP NNP NNP , DT NN IN JJ NN IN NNP NNP NNP IN NNP WP VBZ VBG NN NN IN DT JJ NN NN , IN DT NN . `` NN IN NNS TO VB , VB NN NN NNS VBZ DT JJ NN CC MD VB VBN . '' CD JJ JJ NN IN DT NN VBZ DT NN NN VBG DT JJ NNS IN DT NN VBN IN NNP NNP NNP , DT NN IN NN IN DT NNP IN NNP . DT NN , WDT VBZ RB VBG JJ NNS , VBZ CD NNS WDT DT NN NN VBZ TO VB PRP$ JJ NNS . NNP VBZ IN DT NN MD VB DT NN TO VB DT NNS IN PRP MD VB DT NN NN IN PRP RB VBZ PRP . CC NNP RB VBZ IN DT NN IN PRP MD RB VB JJ IN NN , NNS MD VB TO VB VBN NNS . IN DT NN PRP VBZ IN DT NN IN NNP NNP , DT NN IN NN CC JJ , JJ CC JJ NN IN NNP NNP . NNP VBZ VBN VBG IN DT `` JJ CC NN '' NN WDT MD VB DT NN CC JJ NN TO VB VBN NN HYPH NNS IN DT JJ NN . NNP , RB , VBZ DT NN IN NN NN VBZ IN JJ NNS . `` DT JJ NN MD VB : PRP VBP DT NN IN NN NN IN DT NNS WP VBP VBN RB CC VBG NN IN DT NN MD VB VBN CC VB JJ IN DT NNS , CC PRP$ NN NNS VBP RP IN DT JJ NN WDT VBZ JJ NN , '' PRP VBZ . `` DT MD VB DT JJ NN . RB PRP VBP IN DT VBZ WP VBZ . ''"
90,767,mainstream,"-LRB- NNP NNP -RRB- , NFP JJ NNS WP VBP DT NN , CC DT NN NN , VBP RB VBG PRP$ NN POS NN IN DT NN NN NN -LRB- NN -RRB- , DT JJ NN VBZ . NNS VBD NNS IN CD NNS VBN IN CD IN CD IN DT NNP NNP NNP NNP NN NN IN IN JJS CD NNS NN . IN NN HYPH RP NNS VBG IN CD IN CD NNS , CD NN IN DT NNS VBD VBN IN NN . IN DT NNS IN DT CD NN , JJR IN CD NN VBD DT NN IN JJ , CC RB CD NN VBD VBN DT NN NN . CC NN NN CC NN IN NN VBD VBN IN NNS VBG VBN IN NN , DT NN NN VBZ IN NNP NNP . `` PRP$ NNS VBD RB RB IN EX VBD DT NN IN NN IN DT NN IN NN CC NN IN DT NN , '' VBD JJ NN NNP NNP , IN NNP NNP NNP NNP IN NNP . `` PRP VBP RB VBG IN DT NNS VBP VBN IN DT NN NN , '' NNP VBD NNP NNP . `` PRP VBP VBG NNS TO VB VBN IN JJ . '' JJ NNS VBG IN JJ NNS IN NN IN NN CC NNP VBD VBN VBN NNS , NNP CC PRP$ NNS VBP IN NNP NNP . CC IN RB , PRP VBP , DT NNS VBD VBN IN NNS IN NN CC NN NNS , WDT VBP VBN IN JJ NNS . NNS IN NN MD VB JJ , NN CC JJ NNS WDT MD VB PRP TO VB , VB CC VB IN NNS JJ IN JJS NNS , VBG IN DT NNP NNPS IN NNP NNP CC NNP -LRB- NNP -RRB- . DT JJ NN VBN IN DT JJ NN RB VBD DT NN IN NNS IN NN NN -LRB- NN -RRB- , RB VBN IN IN NN NN , IN NN IN CD SYM CD CC NNS RBR IN NN IN RB CD JJ NNS . DT NNS VBP DT JJ NN NN IN DT NN , VBP DT NNS , WP VBD VBN IN NNP NNP , IN DT NNP NNP NNP IN NNP . PRP VBP DT NNP NNP NNP POS NNS WDT JJ NNS MD VB DT NN NN . IN DT NNP VBZ IN NN RB CD NNS IN NN VBP DT NN NN , PRP VBZ RB JJ IN DT NNS , VBG JJ NNS , WP VBP RBR JJ TO VB NNS IN DT NN . `` DT NN IN NN VBZ JJ , '' VBD NNP NNP NNP , DT JJ HYPH NN NN NN IN DT NNP IN NNP NNP NNP IN NNP NNP . `` PRP VBP IN NNS WP VBP DT NN VB RB JJR CC PRP VBP PRP$ NNS VBP JJR . '' JJ NNS IN NN MD VB IN DT VBN NN IN JJ NN CC NN , VBG IN DT NNP . EX VBZ RB DT JJR NN IN NN NNS IN PRP$ NNS . `` EX VBP VBN DT NN IN NNS IN NNS , CC DT NNS VBP PRP VBP JJ CC VBP RB VB DT NN IN NN CC JJ JJ NNS , '' VBD NNP , WP VBD RB VBN IN DT JJ NNS . `` DT NNS RB VBP DT NNS CC JJ NNS WDT PRP VBP VBN . ''"
91,116,mainstream,"NN , IN DT NNP CD , CD , NN NN , NNS , NNS CC NN NNS VBP IN DT NN IN DT NNP NNP NNP NNP IN NNP , NNP . IN JJ NN POS NN IN NN , JJ NNS IN DT NNS IN NNS VBP DT JJ NN . IN NNS NNS VBG NN IN DT NN , NNP , NNP CC NNS VBP VBG TO VB DT NN RB IN DT NN , RB IN PRP VBP JJ , RB JJ TO VB JJ NN IN VBG NNS . -LRB- NNP NNP , NNP NNP , NN -RRB- NN , IN DT NNP CD , CD , NN NN , NNS , NNS CC NN NNS VBP IN DT NN IN DT NNP NNP NNP NNP IN NNP , NNP . IN JJ NN POS NN IN NN , JJ NNS IN DT NNS IN NNS VBP DT JJ NN . IN NNS NNS VBG NN IN DT NN , NNP , NNP CC NNS VBP VBG TO VB DT NN RB IN DT NN , RB IN PRP VBP JJ , RB JJ TO VB JJ NN IN VBG NNS . -LRB- NNP NNP , NNP NNP , NN -RRB- NNP NNP -LRB- NNP -RRB- : IN NN NNS VBG NNS IN NN , NN NNS VBP VBG TO VB NN HYPH JJ NN PRP VBP RB VBN VBN . RB RB , PRP$ NNS IN NN VBP VBG JJ . NNS IN NNP , NNP CC NNP VBP RP DT NNS IN JJ NNS IN NNS , VBG DT RB VBN NNS WDT PRP VBP NN CC IN NN NNS CC JJ NNS IN PRP MD VB CC RB VB NNS . DT NNS VBP IN DT JJ NN IN JJ NN IN NNS VBZ VBG CC VBG NNS IN NNS , CC PRP VBP PRP VBZ VBG IN DT NN IN JJ NNS IN JJ JJ NN NNS , VBG NNS , NN NN CC NNS . `` DT JJ NN VBZ VBN CD WDT VBZ VBN RB RB VBN RP IN NN VBN IN JJ NNS , '' VBD NNP NNP , DT NN IN JJ NN CC NN IN DT NNP IN NNP , NNP , WP VBZ NN NNS . `` JJ NNS VBP RB VB DT NN IN NN PRP VBD NNS RB . EX VBZ DT NN IN NN IN NNS NNS VBD NN IN . '' DT NN TO VB RP JJ NN NN RB VBZ CD JJR NN IN DT NN IN JJ NN TO VB IN JJ NN IN DT NNS , VBG JJ NN . -LRB- NNS VBP RB VBN NNP HYPH VBN NNS VBG TO VB NN IN VBG DT NNS IN DT NN NN . -RRB- NNP , DT JJ NN CC NN NN WDT VBZ VBN DT VBG JJ NN IN NN NN , VBD DT RB JJ NN IN CD IN VBG DT NNS IN DT NN `` NNS . '' CC PRP VBZ VBN DT JJ NN . RB , DT NN IN `` NNS NN '' RB VBN RP , IN JJ NNS , DT NN VBN `` WRB PRP VBD UH IN DT NNP NNP , '' IN IN DT JJ HYPH VBG NN IN DT NN VBG DT JJ NN VBN `` NN NN : VBG DT NN CD NN IN DT NN . '' NNP , RB , VBD IN NNP IN PRP MD RB RBR VB NNS CC NNS WDT VBD NNS IN NNS , CC IN PRP MD VB NNS WDT VBP DT . DT VBZ TO VB VBN RP DT IN DT RBS JJ NNS IN NN NN , JJ IN DT NN NNP . CC RB IN DT NNS , NN NNS VBD IN DT JJ NNS TO VB RP IN DT NN IN `` NN NN . '' DT NN IN `` NN , '' RB , VBZ RP DT VBN NN IN NNP NNP NNP , DT NN WP VBZ JJ IN PRP$ NNS IN : CC IN NNS NN IN : NNS . IN NNP POS NN , NNS JJ IN `` NN '' CC NNS IN VBG NNS VBP RB VBN IN DT JJ NN IN `` NNS . '' DT VBN NNS VBG RB VBP DT NN IN DT VBN NN IN NNS IN NNS VBZ RB JJ IN PRP$ NNS TO VB , IN NNS VBP NNS IN DT JJ NNS PRP VBP VBG TO VB , CC IN DT JJ NN VBN IN VBG DT NN VBZ JJR IN NNS . IN NN , NN CC NN IN NNS VBP VBN RB RB RB IN NNS VBP VBN . NN NNS VBD DT NN IN JJ NNP NNP IN DT NNS . CC JJ NN VBD RB RB IN NNP CC NNP . RB , NNS IN JJ NN VBP JJ NN CC DT NN PRP$ NNS VBP DT RBS `` VBG '' NNS : IN JJ CC RB : VBP VBN DT NN IN NN NN CC VBN NNS IN DT NN NN . NNP NNP , DT NN IN NNP NNP NNP WP VBZ JJ NN CC NNS , VBD JJ NN VBZ DT NNS CC VBZ NN NNS WDT MD VB JJ NN . NNP VBD PRP VBZ JJ TO VB DT JJ NN JJ NN VBZ VBN IN NN NNS , CC `` PRP VBP VB NN IN NN CC VB IN NNS IN NN , '' RB RB IN NNS IN NN HYPH JJ NNS . IN JJ HYPH NN NNS , JJ NN NNS VBP JJ IN DT NNP , VBG IN DT NNPS IN NNP NNP CC NNP . CC DT NN IN NNS IN CD WP VBP RB VBN DT NNS VBZ VBG . DT IN DT JJ NN RB IN NN CC NN VBZ TO VB VBN IN NNS WP MD RB VB PRP . DT VBZ VBN TO VB NN IN JJ NN . CC DT VBZ TO VB IN JJ NN . NNPS , DT NN NN VBN IN JJ HYPH NN NN NNP NNP , RB VBZ JJ NN CC NNS IN `` VBN NNS '' IN VBG WP VBP VBN IN NN NNS . NNP VBZ JJ NNS , RB . `` PRP VBZ DT NN NN , '' NNP VBD . `` RB VBN IN `` UH , PRP VBP IN NN , NN , NN , '' '' PRP VBD . `` CC RB PRP VBZ RB JJ IN JJ NN . ''"
92,587,mainstream,"IN DT JJ NN NN IN NN NNP CD , NNP CD , DT JJ NN VBN IN DT NN NNP NN , VBZ VBN JJ IN RB CD CD VBN NNS , CC RB CD NNS RB . DT NN VBZ VBN IN RB NN IN DT NN POS NN VBG IN NN NNS . TO VB JJ NN TO VB , JJ NN NNS MD VB VBN TO VB JJR NNS IN NNS IN NN NNS VBP VBN . IN CD IN DT RBS JJ NNS IN JJ NNS , DT JJ NN VBZ VBN JJ IN VBG DT NN SYM CD NN . VBG DT NN IN DT NN NN IN NNP NNP , NN NN VBZ VBN IN DT JJ NN IN DT NN . RB PRP VBP DT JJ NNS VBN TO VB NNS , DT JJ NNS IN NN CC WRB PRP MD VB VBN IN DT NN NN . PRP VBP IN NN NN IN DT NNP CC NNS WDT VBP VBN JJ NNS IN DT NN ."
93,166,mainstream,"NNS RB VBP VBG TO VB JJ NNS CC NNS TO VB DT JJ NN , VBN NNP HYPH NNP HYPH CD . RB , DT NN IN NNS VBZ VBN RP DT JJ NN IN DT JJ NN WDT DT NNS TO VB JJ NNS , RB VBG DT NN IN DT NN IN DT NN , VBG IN JJ NNS . JJ NN VBD IN NNS VBP NNS IN RB HYPH VBN `` NN '' NNS , CC DT NNS VBP IN JJ NNS IN JJ NNS . VBG RP DT NN IN DT NN NN IN NNP HYPH NNP HYPH CD VBZ DT NN IN VBG RP WRB TO VB DT NN , VBD NNP NNP , JJ NN IN DT NN CC DT NN NN IN JJ NN IN DT NNP IN NNP IN NNP . IN DT NN VBZ JJ JJ NNS TO VB CC VB NNS , DT NN NN VBZ DT JJ NN NN WDT PRP VBZ TO VB IN DT NN : DT NN WDT VBZ IN DT NN IN DT JJ NN . IN DT NN NN VBZ IN DT JJ NN NN , DT JJ NN NNS IN DT JJ NN NN , VBG DT NN IN DT NN TO VB JJ NNS CC VB NN . RB `` IN PRP MD VB NN CC NN , PRP MD VB NN , '' NNP VBD NNP NNP . CC TO VB DT NN , PRP VBP TO VB WP PRP VBZ IN . JJ : VBG NN : CD JJ NNS IN NNS RBR DT NN , NNS IN NNP HYPH NNP HYPH CD . VBG DT NN , NNP CC PRP$ NN , IN NN IN DT NNP NNPS IN NNP -LRB- NNP -RRB- , VBD DT JJ NNS WDT VBP IN DT NN NN . PRP RB VBD DT NN NN IN DT NN WDT VBD DT NNS CC VBD PRP RP . DT NN RB VBD DT NNS IN JJ NNS IN DT NN NN CC DT NNS VBD DT NN NNS . RB , VBG DT RB JJ NN NN VBN JJ NN NN , DT NN VBD DT NN `` NN , '' CC `` NN , '' IN DT NN NNS . DT NN VBD DT NN IN DT NN , VBG DT NN IN DT IN PRP$ NNS IN NN . `` PRP VBZ JJ IN DT NNS VBD JJ TO VB DT NN RB RB , '' VBD NNP NNP , DT NN NN IN NN IN DT NNP IN NNP WP VBD RB DT NN IN DT NN . `` PRP VBZ DT RB JJ NN RB CC MD VB IN DT NN IN DT NN IN NN HYPH NN HYPH CD . '' NNP NNP , DT NN IN NNP NNP POS NNP NNP IN NNP NNP WP VBD RB RB DT NN IN DT NN VBZ . DT NN NN '' MD VB DT JJ NN IN JJ NN IN NN NNS '' CC NNS , PRP VBD NNP NNP IN DT NN . VBG DT NN MD VB `` RB JJ IN VBG NNS CC NNS IN JJ NN , '' IN MD VBG JJR NNS IN DT NNS , PRP VBD . DT NN VBZ VBG DT JJ `` NNS '' IN NNS IN NN NNS IN DT NN WP VBP VBG TO VB NNS CC NNS TO VB NNP HYPH NNP HYPH CD . RB , NNP CC PRP$ NN VBP TO VB DT NN IN DT NN NN IN DT NN IN DT . WRB JJ NNS , JJ IN CC , VBP DT NN , NN NNS VBP RB IN VBG NNS VBN NNS . DT NNS VBP IN JJ NNS IN DT JJ NN , VBD DT NN . CC VBG NNS MD VB NN . NNS VBP JJ CC VBN NNS WDT VBP DT NN NN TO VB DT NNS IN DT NN VBZ VBN IN DT NN . IN NN , DT NN NN PRP '' MD VB CC DT NN CC NNS IN DT NN , '' NNP VBD . WRB PRP VBP DT NN HYPH NN HYPH VBN NN , `` NNS MD VB NNS IN DT NN , CC RB IN PRP VBD RB VBN IN DT JJ NN , '' DT NN MD VB VBN , PRP VBD . VBN IN JJ NN PRP VBD IN JJ NNS , DT NNS VBD NNS , CC NNS TO VB DT RBR JJ NN . RB , `` DT NN VBZ RB JJ , PRP VBZ RB RB VBN , DT NN NN IN VBZ IN DT NN VBZ JJ IN DT JJ NN WDT PRP VBD VBG IN , '' NNP VBD . `` RB RB PRP CC NNS MD VB DT NN WDT PRP VBD IN DT NN IN NN NN . '' PRP$ NNS IN DT NNP MD RB VB DT NN NNS IN NNS TO VB WRB RB DT NNS VBP NN NN . RB , NNP VBZ DT NN VBZ JJ RB CD IN CD NNS RB . DT VBZ `` RB RB RB VBN IN JJ NN NN , WDT MD VB UH CD NNS , '' PRP VBD . DT NNS VBD VBN NN -LRB- NNP CD -RRB- IN DT NN ."
94,839,conspiracy,"NN CD : NNP NNP JJ NN IN NNP NNP NNP UH IN DT JJ NN IN NNP NNP NNP NNP : DT NN NN IN NNP NNP CC NNP NNP WDT VBZ DT IN DT RBS JJ NNS IN JJ NN NN NN . DT NN : VB DT NN IN NNP , NNP , NNP CC VB DT NN NN NN CD : NNP NNS IN NNS VBG NNP POS NNP NNP IN NNP VBZ NNP VBD IN NNP NNP IN NNP WRB JJ VBZ DT VBN NN NN . $ CD CD CC $ CD CD . IN DT NNP , PRP VBZ DT NNP IN PRP `` NNPS VBP NN RB : '' NN VBZ NNS VBG IN NNP NNP NN NN : VBG PRP$ VBN NN CC DT NN NNP NN , NN NN VBG NNS IN NN NN NN TO NN NN PRP MD VB VB PRP$ JJ CC JJ NN IN VBG NNP CC ADD VBP PRP ."
95,443,mainstream,"NNP NNS NN NN NNP NNP VBZ VBN PRP$ VBG CD NN IN NN NNP -LRB- NN -RRB- NN NN VB NNP IN DT NN IN NN NNS IN JJ JJ NNS . DT VBN NN MD VB NNP POS NN NN CC NN NNS IN NNP NNP POS NN CC NN IN NN NN CC NN . VB NNP VBZ VBG PRP$ NN NN IN DT NN , NN CC NN IN NN NNS IN NNP NNP POS NN NN MD VB VB DT NNS POS NN . RB , NNP NNP MD VB NN CC NNS IN NNP NNP TO VB CC VB NN NNS IN JJ NNS . RB , DT NNS VBP VBG JJ NNP HYPH CD NN NNS IN HYPH NN IN NN CC VBG NN NN . NNS VBP VBN TO VB JJ NN NN . DT NN VBZ TO VB DT JJ HYPH IN HYPH JJ JJ NN IN DT JJ NN IN DT NN . DT NNS VBP VBG IN DT NN NN NN NN IN NN . PRP VBP TO VB DT NN IN JJ NNS CC VB JJ NNS AFX JJ NN . NNP NNP JJ NN HYPH NN NNP NNP VBD : `` PRP VBP VBN IN DT JJ NN CC NN VB NNP VBZ , CC PRP VBP IN VBG DT NN NN IN PRP$ NNS NN NNS MD VB PRP VB NN IN JJ CC JJ JJ NNS . '' IN DT NN NN , NNP MD VB DT JJ NN IN $ CD CD , VBG DT $ CD CD NN NN CC DT JJ NN NN IN $ CD CD IN $ CD IN NN . IN NN , NNP NNP MD VB JJ IN JJ NNS CC JJ NNS IN IN IN $ CD , VBG $ CD CD IN NNS VBN IN DT CD NN , RB RB IN NN NNS IN JJ NNS . RB $ CD CD IN DT JJ NNS CC JJ NNS VBP VBN IN DT VBG NNS , VBG NNP HYPH CD NN NN NNS . NNP NNP MD VB JJ IN DT NNS IN DT NN NN . IN DT NN , DT NN MD VB JJ JJ NNS IN JJ NN NNS ."
96,631,mainstream,"DT NN POS JJ NN IN VBN NNP HYPH CD NNS VBZ VBG RB IN CD CD . CC DT JJ NN NN IN DT NN : DT JJ NN IN DT JJ NN TO VB NN : MD VB PRP$ NN IN VBG DT RB HYPH VBN NN TO VB DT JJ NN . IN DT NN IN NNP , IN DT NN IN DT NNP NNP NNP NN IN NNS , JJ NN NNS IN NN CC NNS VBD VBN IN NN TO VB VBG DT NN . IN DT NN , VBZ NNP NNP NNP , NNP POS NN IN NN NN , `` PRP VBP JJ NNS IN NNS IN DT NN IN CD WP VBP JJ CC VBP RB VBN DT NN TO VB VBN . '' DT NN VBZ DT NN IN DT NN : RB CD NNP NNS , NNS , CC NN NNS WP VBP DT NN NN IN CD NNS VBP VBN VBN IN DT NNP HYPH CD NN , VBG IN NNP . CC PRP VBZ DT JJ JJ NN IN DT CD HYPH NN NN . `` PRP$ NN VBZ JJ , '' VBZ NNP NNP NNP , DT JJ NN IN DT NNP NNP NNP IN NNP NNP , DT NN IN DT NN , PRP$ NNS VBP VBN JJR IN CD CD NN NNS . `` CC PRP VBP DT NN IN DT NNP NN . PRP VBP JJ TO VB DT NN IN DT NN NN IN DT NN PRP MD VB IN PRP JJ NN RB RB IN JJ . '' DT VBN NN VBZ IN NN IN DT JJ NN IN DT NN NN . IN PRP$ NN IN CD , WRB RB CD NNS VBD VBN IN DT NN DT NN , DT JJ NN VBD RB VBN NN IN IN NN . IN CD , EX VBD RB CD RB VBG NNS IN DT NN , CC DT JJ CD IN WDT DT VBN NN VBN IN DT NN NNS VBD IN NN CC VBD NN . CC IN CD , NN VBD VBG RB , IN CD NNS IN DT RB VBG NN , WDT VBZ IN NN IN NN IN JJ NNS CC VBN NN , CC DT JJ CD NNS IN WP VBZ VBN NN HYPH VBN NN . IN NNP CD DT NN , EX VBD VBN CD NNS IN JJ NN CC DT CD NNS IN NN HYPH VBN NN : CC IN POS IN DT JJ JJ NN , RB DT JJS NN IN DT NN IN NN , RB TO VB . DT NNS VBP JJ , CC PRP MD VB RB JJR . IN DT NN VBD , DT JJ NN IN NN NNS VBZ VBN VBN RP IN DT NNS NNS IN JJ NNS IN NN . WRB PRP VBZ RB JJ NNS VBZ DT JJ NN . EX RB VBP CD NN NNS , CC IN JJS CD NNS : DT VBN NN WDT VBZ DT JJ NN TO VB DT JJ NN , CC DT JJ NN WDT VBZ VBN JJ NNS . TO VB NN , DT VBP JJ NNS IN DT JJ NNS IN DT NN POS NN , CC NNS RBR . -LRB- DT NN EX VBP CD NNS RB IN DT JJ JJ HYPH RB NN IN CD NNS : NNP NNP , NN IN DT JJ , JJ NN , CC NNP NNP , WP VBD DT JJ NN DT JJ NNS RBR . -RRB- DT JJ NN VBZ RBR JJ TO VB CC TO VB , IN PRP VBP VBN NN NN NNS TO VB NNS , IN IN DT VBN NN IN VBG IN PDT DT NNS RB . JJS VBN NNS VBP DT NN . CC DT NN NN VBZ IN DT JJ NN , WDT VBZ JJR TO VB CC RB JJ TO VB , PRP RB VBZ VBG DT NN IN DT NN POS NN . VBG DT VBN CC NN NN VBZ IN DT NN CC RB DT NNS . DT NN VBZ IN , IN PRP VBZ RB VBG , DT NN VBZ PRP IN DT NNS IN PRP VBZ VBN , VBG IN NNS IN DT NN IN DT NN . DT VBZ DT NN HYPH VBG NN MD VB DT NN IN NNS CC : IN NNS IN JJ NN : VB IN JJ NNS CC RB VB IN PRP$ NNS , VBG NN IN PRP RB RB ."
97,614,conspiracy,"JJ NNS VBP VBN IN NN NNS CC NNS VBP VBN DT JJ CC JJ NNS IN DT JJ NNS VBP NN IN DT NN . NNS CC NNS VBP VBN JJ NNS VBG DT NN CC VBN NNS VBN IN DT VBN NNS IN VBN CC VBN NNS , CC IN DT IN PRP VBG TO VB NN CC VB PRP TO VB PRP$ NN . RB PRP VBP WRB PRP VBP IN NN VBN NNS CC NNS . DT VBZ RB WP PRP VBP . JJ NN NN VBZ VBN IN RB DT IN JJ NNS MD VB VBN TO VB DT NN VBN IN RB CD NNS RB . DT NN VBD RB VBZ DT RB JJ NN IN DT NNS IN `` JJ NNS '' VBN JJ . DT NN IN DT NN VBZ DT NN IN NN NN , CC RB IN DT JJ CC JJ NN PRP VBZ VBN VBN IN NNP . VB PRP CC VB IN DT NN IN DT NN NN CC NN VBZ DT NN , CC DT VBN NN IN JJ NN NN . LS DT JJ NN NN IN NN NN , VBN IN PRP$ NN IN CD IN VBG DT JJ NNS IN NN IN JJ CC JJ NNS TO VB NN CC NN CC IN VBG DT NN NN IN JJ CC JJ NNS TO VB DT NN IN NNS CC VB PRP JJ . IN : DT NNP IN NNP CC NNP NNP IN NNP NNP NNPS RB IN VBG DT NN , DT NN VBZ VBN IN PRP VBZ JJ , CC VBD PRP DT IN DT NN JJ , IN WRB PRP VBP PRP$ NN NN . DT NN VBZ VBN IN DT NN TO VB PRP$ NNS VB DT NN CC VB IN PRP . IN DT NN PRP VBP VBN IN DT NN NNS JJ NNS MD VB . IN DT NN IN DT JJ NN VBP RB JJ JJ NNS WDT VBP DT NN PRP MD RB VB TO VB PRP RB . IN NN JJS IN PRP VBP IN DT NN IN NNS TO VB CC VB IN , VBG DT NN IN DT NN IN JJ NN NNS VBN IN DT NN NN . NN NNS MD VB VBN IN , RB RB PRP VBP VBN CD NNS IN NNS VBG IN NNS PRP MD VB CC VB TO VB RBR RB . SYM NN NN NN NN CC NN DT VBZ DT JJ NN IN DT NN WP VBD TO VB DT NN VB IN NN IN IN DT NN IN DT NNP . RB VBG DT NN PRP RB VBD PRP IN DT JJ NNS . IN DT NN PRP VBD RP TO VB PRP IN JJ JJ NNS IN JJ NNS . RB DT NNP CC JJ NNP VBP VBG TO VB DT NN , RB JJ . PRP VBZ IN IN DT NN CC VBG RB RB IN DT NN . VB DT NN CC VB IN PRP VBZ DT IN NNS RB RB IN NN . CD NN PRP MD VB VBZ IN DT NN PRP VBZ VBG VBN VBZ RB VBN IN DT NNP NNS , CC DT NN VBZ DT NN NN . PRP VBZ JJ NN IN DT NNP IN DT JJ NN NN . VB PRP$ NNS CC VB PRP JJ . NFP DT JJ NNS IN NNS : DT NN IN NNS SYM JJ NN NNS : WP DT NNS MD RB VB PRP : NNS CC NN , NNS CC NN IN JJ NN RB VBN IN NNS IN NN IN DT NN PRP VBP VBN NNS CC NN WDT MD VB VBN DT IN DT NNS PRP VBP VBN TO VB PRP$ NNS , CC DT MD VB VBN IN JJ NNS CC NNS . WRB PRP VBZ RB VBN CC VBN , PRP VBP PRP MD VB IN PRP VBP JJ IN JJ NN , VBN IN DT JJ NN NN CC JJ NN IN PRP CC PRP$ NN . DT IN DT VBZ RB VBN IN DT NN ."
98,1246,mainstream,"NNP NNP NNP , NNP , VBZ RB DT NN NN IN DT NNP NNP NNP IN DT NN IN NNP NNP NNP . NNP NNP VBZ VBN NN NNS IN JJ JJ NN NNS IN NN CD IN NN CD JJ NNS , VBG NNS IN NN NN , NN NN NN NN , NN , NN , CC NN NN NN . NNP NNP NNP , NNP , VBZ JJ NN NN IN NNP NNP IN NNP . NNP NNP VBZ SYM CD NNS IN NN NN IN NN CC JJ NN IN JJ NNS , VBG NNS IN NN NN CC NN IN NNS WDT VBD IN CD VBN NNS WDT VBP SYM $ CD IN JJ NNS . PRP VBZ DT VBG CC JJ NNP HYPH IN HYPH NNP IN DT NNP HYPH , NNP HYPH VBN NN NNP NNPS CC NNP . NNP NNP NNP , NNP , NNP , VBZ RB DT JJ NN CC VBN NN NN IN DT NN NNP NNP IN NNP CC NNP , NNP NNP NNP VBZ VBN IN DT NN IN NNS CC NNS NNS CC NN NNS . PRP VBZ DT JJ NN IN DT NNP NNP NNP CC VBD DT JJ NN IN DT NNP IN NNP NNP . NNP NNP NNP , NN , VBZ NNP IN DT NNP IN NNP NNP IN NNP NNP , NNP . PRP VBZ DT JJ NN IN DT NNP NNP NNP -LRB- NNP -RRB- CC NNP NNP NNP -LRB- NNP -RRB- CC VBP VBN JJR IN CD NNS CC NNS IN DT NNS ."
99,1265,mainstream,"DT NN IN VBN NNS MD VB VBG IN WRB PRP VBP , PRP$ NN POS NN , DT NN IN NN , CC DT NNS JJ . DT IN DT NNS MD VB VBN IN NN IN DT NN NN IN IN DT NN VBZ JJR NNS . VB IN PRP$ NN IN WDT NNS PRP$ NNS VBP . SYM NN : NN NN NN . RB , DT JJ NN VBZ VBN IN CD NNS IN NN , CC NNS RB RB VBN MD VB PRP IN DT NN . DT JJ NN NN NNS MD VB PRP IN CD NN CC WRB PRP VBP VBN IN DT NN . SYM NN : JJ NN MD VB VBN CD IN CD NNS IN DT JJ NN . NFP NNP : DT JJ NN MD VB VBN , VBG IN DT NN IN NN VBN IN JJ NNP NNS . SYM NN : DT JJ NN MD VB VBN , VBG IN DT NN IN NN VBN IN JJ NN NNS . SYM NN -LRB- NN -RRB- : DT NN NN VBZ VBN DT NN IN NNS CD NNS CC JJR : SYM NNS JJR IN CD WP VBP DT NN NN IN DT JJ NN -LRB- CC WP VBP RB VBN CD NN IN NNP CD -RRB- MD VB PRP IN CD JJ NNS IN JJS DT NN RB . NFP DT JJR IN CD WP VBP VBN IN JJS CD NNS IN NN NN RB -LRB- IN DT JJ CC JJ NNS -RRB- MD RB VB CD NN . NFP NNS JJR IN CD VBP RB CD NN . NFP DT NN VBZ VBN IN NN IN DT NN -LRB- DT NN NN -RRB- CC IN JJ NN . DT NNS IN NN MD VB VBN DT NN NN -LRB- CD CD -RRB- IN PRP VBP TO VB RB RB . PRP$ NN MD VB WDT TO VB VBN IN PRP$ NN POS NN CC JJ NN . DT JJ NN VBZ RB IN JJ NNS NNS CD CD . NNS IN JJ NN NNS CC DT NN NNS -LRB- JJ IN NN -RRB- CC JJ NNS MD RB VB DT JJ NN NN . SYM NN : NN DT NN : VBN IN CD NNS IN JJS CD NNS RB SYM NN : JJ NN NN , VBN IN CD NNS IN DT CD SYM IN CD HYPH NN NN . PRP MD VB VBN RB RB IN NN CD . IN NNS CC JJ NNS -LRB- NNS CD SYM CD IN NNS CC NNS DT -RRB- , PRP VBZ VBN IN CD NNS IN CD NNS . PRP VBZ VBN IN CC NNS CC NNS TO VB JJ NNS CC DT NNS IN NN . SYM NN : NN , NN , CC NN NN . RB VBN IN DT NN DT NN VBZ . SYM NNP NN NN : CC DT NN NN VBZ VBN IN NN CD . SYM NNP NN NN -LRB- NNP -RRB- : DT NN NN MD VB VBN IN NNS CC NNS IN CD CC CD NNS , VBG IN DT NN . IN DT JJ NN NN , WDT VBZ VBN , DT NN TO VB DT NN NN VBZ VBN IN DT NNS , PRP$ NNS , CC DT NN . NFP NN MD VB VBN RB RB IN CD NNS IN NN IN NNS WP MD VB IN DT NN WRB NN NN VBZ JJ -LRB- PRP MD RB VB JJ NN IN PRP$ JJ NN -RRB- . PRP VBZ RB VBN IN JJR NNS WP VBD RB VB PRP IN DT NN . NFP DT NNP NN MD VB VBN IN NNS RB JJ IN CD NNS JJ IN PRP MD VB VBG RB . DT NNS MD RB VB DT VBN JJ NNS IN CD SYM CD NNS CC CD CD NNS IN NN , CC MD VB DT JJ NN RB RB IN CD NNS IN DT JJ IN PRP MD RB VB VBG CC IN NN . NFP DT NN NN VBZ RB JJ IN NNS WP VBP IN NN IN NN NNS IN DT NN . JJ HYPH NN NNS VBP , CC VBP RB VBN IN , NNS JJR IN CD NNS JJ CC DT IN JJ JJ NNS , JJ IN NN , NN NNS , NN NN NN , NN , CC NN . NFP JJ NNS MD VB VBN IN JJR NNS -LRB- NN CD CC NN -RRB- WP VBP NNS WDT VBP PRP$ JJ NNS , JJ IN NN CC NN NN , CC JJ NNS , IN DT JJ NN , JJ NN NN , CC JJ NN NN . NFP DT JJ NNS MD VB VBN IN NNS RB JJ IN CD NNS JJ -LRB- VBG IN DT NN NN -RRB- WP VBP IN NN IN DT JJ NN , JJ IN NN . DT VBZ NNS IN DT JJ NNS . NNS WP VBP IN -LRB- CC MD VB IN -RRB- NNS WRB NN VBZ JJ , CC WRB EX VBZ DT NN , RB MD VB DT NN . NN : DT NN VBZ WRB DT NN VBZ IN JJR NNS IN VBN IN DT JJ NN . IN PRP VBP NNS IN VBG PRP$ NN IN DT NN , VB PRP$ NN NN NN CC VB PRP$ NN CC JJ NN NN ."
100,960,mainstream,"NNS IN JJ NNS VBP RB JJ . CC IN DT JJ NNP HYPH CD NN VBG VBN IN NNP NNP VBZ VBN VBG IN NNS , PRP VBZ VBN DT RB RBR JJ NN : NN NN NNP NNP , DT CD HYPH NN HYPH JJ IN NNP . NNP VBZ VBN IN DT NN IN NNP CC NNP . PRP RB VBD PRP MD VB TO VB VBN IN DT JJ NN , NNP HYPH NNP HYPH CD , IN NNS VBP TO VB TO VB IN DT NN VBD RB JJ . CC RB IN RB PRP VBZ VBN RP DT JJ NN : PRP VBZ , RB , CD IN CD NNS IN DT NN WP VBD DT JJ JJ NN IN DT NN . CD NNS IN VBG PRP$ JJ NN , PRP VBD DT NN IN JJR IN CD NNS , VBD JJ NN , CC , IN VBG VBN IN DT JJ NN NN , VBD IN PRP$ NN . PRP VBD IN DT NN . PRP VBZ RB VBN RP DT NN NNS RB , PRP VBD , IN IN `` DT NN IN NN . '' `` PRP VBP IN VBG DT NN , PRP VBZ VBG TO VB JJ IN DT NNS , '' PRP VBD . `` PRP VBP IN PRP VBZ RB VB DT NN IN JJ NN IN NNS IN JJ CC IN RB DT NN . '' CC PRP VBD TO VB RB IN PRP VBZ PRP$ NN VBZ DT NN WDT DT NNS VBP TO VB DT NN IN NN RB IN DT NNS . NNP VBZ RP IN DT JJ NN IN DT NN PRP VBD IN , VBN IN DT NN CD JJ NN , VBZ TO VB DT JJ NN IN DT NN VBG RB . DT VBZ TO VB DT NN WDT VBZ DT NN TO VB NNS , CC VBZ RB VB IN RB JJ NN NNS . `` IN PRP VBP TO VB DT NN VBN RB RB IN JJ , DT NN IN NN NN VBZ IN PRP MD RB VB VBN RB RB CC DT NN RB VBZ TO VB NN , '' NNP VBD . `` PRP VBP TO VB IN DT NN PRP VBP IN . CC NNS IN WP VBD IN PRP , PRP VBP IN PRP VBP DT NN NN . '' IN DT CD HYPH NN NNP NN , CD NNS VBD WP VBP VBN IN `` NNP CD '' JJ NNS : NN NNS WDT VBP JJ CC RB JJ CC RB RB NN HYPH VBG . CC DT NN CC DT NNP NNP IN NNP CC NNP NNPS , WDT VBZ VBG DT NN , VBP RB VBN DT NN IN DT NNS , CC NNP VBD VB IN CD , RB VBG NNP , VBD DT JJS NN IN DT NN WDT VBD VBN , CC VBD NNS WDT VBD PRP$ JJ NNS . DT JJ VBD DT JJR NN CC VBD DT NN IN DT NN NN . JJ NN NNS VBP `` JJ , CC PRP VBZ RB VB DT NN , '' VBD NNP NNP , DT NN IN JJ NN CC JJ NNS IN NNP NNP NNP NNP . DT NN IN NNS VBZ TO VB DT NN IN WDT NN MD VB JJ . IN NNS , NNP VBD , NNS VBP DT NN IN NN NNS IN PRP VBP TO VB JJR . `` IN NN , '' NNP VBD , `` PRP VBP NNS IN JJ NNS IN NN IN PRP MD VB DT NN , DT NN , IN DT NN . CC IN PRP VBP PRP IN JJ NNS , RB PRP$ NNS IN NN VBP JJR IN PRP VBP IN NNS . '' IN NNP POS NNS : `` DT NN IN DT NN CD NN VBZ TO VB RP IN NN NNS . '' PRP VBD PRP VBD JJ JJ NN , CC IN PRP VBD RBR JJ IN PRP RB VBZ RB , PRP VBD RB JJ IN PRP$ JJ HYPH NN NN . `` PRP VBP RB VB DT NN PRP VBD TO VB IN DT NN . '' NNP , DT NNS NN IN DT NN , RB VBD RP IN DT NN , WDT VBD VBG VBN IN NNP , IN DT NN WP VBD PRP DT NN . PRP , IN IN NNS IN JJ NNS , VBD . PRP VBD PRP CD NNS IN PRP VBD . PRP VBD IN DT NN NN IN DT NN , CC VBD DT CD HYPH NN NN NN . DT NN , PRP VBD PRP , MD RB VB JJ JJ NN , CC EX VBD DT NN TO VB RB WRB PRP$ JJ NN MD VB IN DT JJ NN . PRP VBD VBN IN NN IN JJ NNP JJ NNS , WDT VBP IN DT RB JJ NN WDT VBZ NN NN , DT NN POS JJ NN IN JJ NN IN NNS , CC VBD PRP VBD RB JJ . IN DT NN , NNS VBD NN , DT NN NN VBD RB DT NN RBR , CC PRP VBD PRP$ JJ NN IN DT NN IN NNP CD . NNP VBZ RB VB NNS , CC VBD RB JJ IN DT NN NN : WDT VBZ DT JJR NN : IN DT JJ NN . PRP VBZ VBG , CC VBG VBN IN DT NN PRP VBD VBG VBD IN NNS VBD VBG NNS IN VBG NN , CC PRP VBD TO VB DT JJ NN IN DT NN . CC DT NN VBD JJ . IN PRP$ NNS VBD VBN , PRP VBD , PRP MD RB VB VBN PRP . PRP VBD VBN DT NN NN IN WDT TO VB RP DT NNS , DT JJ NN , CC DT JJ NN TO VB DT NNS IN DT NN NN . PRP VBD NN NN DT JJ NN , `` IN VBG VBN IN DT NN , '' PRP VBD , CC IN DT NN PRP VBD NN VBG PRP$ NN IN DT NN . CC IN NNS PRP VBD RB IN JJ . NNP VBD PRP VBD RB JJ IN DT JJ NN . PRP VBD IN JJ NNS VBD VBN TO VB DT JJ NN POS NN , CC VBD IN PRP MD VB JJR NN NNS . PRP$ NN VBD JJ RB RBR RB DT NN . PRP VBD RB IN DT NN IN IN NN . IN IN CD NN , PRP VBD TO VB NNS . PRP VBZ RB RB JJ IN NN , CC PRP VBD RP IN NNS . PRP$ NNS VBD JJ . PRP VBD RB , CC VBD RP DT JJ NNS RBR IN DT VBG NN . IN CD NN , PRP$ NN VBD CD NNS . IN CD , PRP VBD CD NNS . PRP VBD JJ , CC PRP$ NNS VBD . DT NN WRB PRP VBD VBN VBD VBN PRP DT CD HYPH NN NN NN TO VB , CC PRP VBD VBN JJ . PRP$ NN , IN WP PRP VBZ , VBD . PRP VBD TO VB IN JJ NN . PRP VBD DT CD HYPH NN NN . PRP VBD IN CD NN . DT NNS VBD PRP IN WP VBD IN NN NNS . RB IN PRP VBD VBN DT NN , PRP VBD RB DT JJ NN NN . PRP VBD PRP IN DT NN NN , VBD DT NN IN NN , CC VBD PRP DT JJ NN . PRP VBD PRP TO VB PRP$ JJ NN , WRB PRP VBD VBN DT NN , CC PRP VBD RP VBG NN IN DT IN PRP$ NNS . PRP$ NN VBD RB VBN IN CD NNS . PRP VBD PRP NNP . DT NN VBG NN IN PRP VBD TO VB TO VB PRP VBN IN DT VBG NN , CC PRP VBD TO VB RB . PRP CC PRP$ NN VBD RB IN CD NN , CC PRP VBD IN NN . PRP$ NN VBD CD . PRP VBD RP TO VB IN DT NN , CC VBD RB JJ PRP VBD RP . IN PRP$ NN RB IN DT NN , PRP VBD . PRP$ NN VBD PRP CC VBD PRP$ NN IN VBG DT NN . PRP RB VBD CD IN DT NNS VBG IN DT NN , CC VBD WP PRP MD VB . DT NN VBD PRP PRP MD VB RB IN JJ NN , CC VB CD , CC VBD PRP IN PDT PRP$ JJ NNS MD VB VBN IN DT NN . CC PRP VBD IN DT NN CC VBD VBN NNS NNS . PRP VBD DT NN RB , IN DT JJ NN IN PRP$ NN , VBG DT NN . IN CD NN , PRP VBD RB RB IN CD . PRP VBD RP . PRP VBZ PRP VBD JJR IN DT JJ NNS , CC VBZ VBN DT NN NNS RB . NNP VBD DT NN VBD PRP RB JJ IN PRP VBD RB VBN . CC JJ NN HYPH JJ NNS WDT VBP IN DT NN VBP RB RB VBN DT NN RB TO VB DT NN WDT VBZ DT RBR JJ NN . VBN DT NNS IN DT NN HYPH CD NN , DT NN NNS VBN IN DT NNP NN MD RB VB VBN IN JJ RB IN PRP VBD RP TO VB VBN IN JJ NNS . DT JJ NNS VBD RB VBN IN JJ NNS WDT VBP RB VBG VBN RB . DT JJ NN IN WDT JJ NNS VBP JJ VBN NN IN RB NN IN NNS . CC PRP VBZ RB RB JJ WP MD VB IN DT NN VBZ IN JJR NNS . `` NNS VBP DT RB JJ JJ NN , '' VBD NNP NNP , DT NN CC NN IN DT NNP NNP NNP NNP , DT NN . `` CC RB PRP VBP IN NN IN DT NN CC , PRP VBP , NN CD CC PRP MD VB IN DT JJ NN MD VB RB , RB JJ . '' DT NN , NNP VBD , VBZ IN RB RB PRP VBP RB VBG `` NNS '' IN NN IN DT JJ NN . `` NNS IN NN VBP RB JJ IN DT NN TO VB IN PRP VBP DT JJ NN , CC DT JJ NN IN NN , IN PRP VBP VBG NN CC RB , '' NNP VBD . `` CC RB NN PRP VBP NN RB JJ . CC IN PRP VBP PRP , DT NN IN DT JJ NN VBZ VBN CC NNS VBP VBG . '' WP VBZ PRP VB RB . `` PRP VBZ RB RB JJ NN IN DT JJ NN . '' DT VBZ WRB PRP VBP JJ NNS : CC NNS IN NNP NNP ."
101,176,conspiracy,"NNP JJ NN VBZ NNS IN NNP RB NNS IN VBG NNS IN VBG PRP NNP NNP NNP NNP NNP VBZ RB VBG DT JJ NN TO VB PRP$ NN RB CD NNS IN PRP VBD TO VB DT JJ NNS IN NNS WP VBD PRP . JJ NN , NNP VBD DT NN VBG NNS CC NNS IN NNS IN DT NN IN NN CC NN IN DT JJ NN VBG `` NN HYPH CD NNS VB VBN IN NN CC NN TO VB PRP$ NN CC TO VB DT NN IN DT NN IN JJ NNS IN NN TO VB DT NN IN NN HYPH CD IN DT NN . '' JJ NNS VBD VBN IN `` JJ NN , '' IN NNP VBG IN NN VBD RB VBN DT NN IN `` NN IN NN . '' WRB RB NNS VBP . CD NNS RBR , NNP VBZ RB VBG DT NNS TO VB PRP$ NN . `` PRP VBP TO VB IN NNS VBP DT NN TO VB DT NNS , '' PRP VBD . `` PRP RB VBP TO VB JJ IN DT NNS WP VBP NNS WDT VBD NNP HYPH CD VBP NN IN DT NN PRP VBP . CC RB DT IN DT NN WDT PRP VBP VBN VBZ VBG TO VB DT NN . '' PRP VBZ RB JJ VBG IN NNP NNP NN NNP NNP VBD VBN TO VB DT NN WDT VBD NN IN DT NN HYPH CD NN IN NN IN NN IN PRP RB VBG VBN VBN IN DT NNP . IN PRP$ NN NN , DT NNP VBD , `` VBN IN DT NN IN JJ NN JJ IN NNP , PRP VBZ JJ TO VB IN NN NN CC NN NN MD VB JJ IN VBG NN HYPH CD . ''"
102,510,mainstream,"PRP VBP VBN NN HYPH VBG DT RBS RB VBN JJ NN NNS DT NN . EX VBZ DT JJ NN NN IN NNP RB , PRP VBP VBN IN DT RB VBN NN VBN IN NNP WDT VBZ NNS VBN IN NNP NN VBP DT NN DT NN TO VB NNS IN DT NN IN DT NN NN . IN JJ NNP NN , RB , DT VBZ RB DT NN , NNS VBP RB JJ . DT NN IN DT NN VBZ DT NN IN DT NNP NNP -LRB- NNP IN NNP -RRB- NNP CD , WDT VBZ IN NNP CC NNP . DT NN VBZ DT NN NNS TO VB , VB CC VB DT NN IN DT NN CC NN . RB , PRP RB VBZ IN NNS MD VB DT NN TO VB JJ NN , VBG NN . DT NNP NNP VBN IN NNP CD VBD DT NN IN NNP CC NNP NNP . DT JJ NN '' VBZ RB JJ IN DT NN TO VB JJ NNS VBZ RB VB JJ NN CC NN '' , VBZ NNP NNP , DT NN IN NNP NNP NNP IN NNP . NFP WRB PRP VBP IN IN DT NN , WRB VBP NNS JJ IN NNS . DT NN RB VBZ DT NN VBZ VBG NNS TO VB NNS VBN TO VB JJ IN DT NN . PRP VBZ JJ EX VBP NNS IN VBG NNP NN TO VB DT NN IN NN , JJ IN VBG NN TO NN HYPH VB IN RB JJ . `` DT VBP RB HYPH VBG , RB , EX VBP JJ NNS IN DT IN DT NNS , '' VBZ NNP NNP . DT NN MD VB VBN WRB PRP VBP VBG VBN TO VB , PRP VBZ VBN IN CD NNS CC MD VB VBN IN IN DT NN . DT MD RB VB VBN CC RB MD VB VBN DT CD NNS . IN DT NN IN DT JJ RB VBN NN , DT JJ NNP HYPH CD NN VBZ DT `` NN '' , VBG PRP VBD DT VBN NN . RB JJ VBZ DT JJ NN VB IN DT NN VBD , IN DT NN , DT NN HYPH VBG NN IN DT NNP . PRP VBZ VBN RP NNS IN NNS , NN NNP VBZ VBN VBN NNS IN NNS IN NNS . DT NN VBZ VBN IN JJ NN IN DT NNS IN DT NN CC WRB PRP VBZ VBN . PRP VBZ DT NN IN NN NNP NNP , RB HYPH VBN IN PRP$ NN NN , WP VBZ NNP HYPH CD VBD RB `` RB VBG '' CC VBD `` VBN '' IN DT NN . DT VBZ DT RB VBN NN , CC EX VBZ DT JJ NN IN PRP . JJ NNS IN DT NN VBP VBN VBN IN NNP , WDT VBZ DT NN VBZ `` NN WDT VBZ RB JJ JJ NN IN NNP HYPH CD '' . JJ JJ NNS VBP RB VBN VBG PRP RP . IN DT NNS TO VB PRP , NNS VBP VBN RB VBG DT NN . IN IN DT NN IN JJ NN NNS -LRB- JJ IN VBG NNS IN JJ NN , NN NN CC NN -RRB- , DT NN , DT NN VBN JJR IN DT CD NNS IN NNP RB VBZ IN DT NN IN DT NN NN IN DT JJ NN VBD VBN RP RB IN DT JJS NN VBD . DT NN VBZ VBN VBG RB RB IN NNS , VBG DT NN IN DT RB VBN NN . RB , DT `` NN NN '' VBN IN IN DT NN VBD CD WDT VBD VBN IN IN CD IN DT NN NN IN JJ JJ NNP NNP -LRB- NNP -RRB- , DT JJ NN IN NN . DT NN VBD RB RB VBN . DT NN RB VBZ IN DT NN IN DT NN IN DT `` NN NN '' , CD VBN IN DT JJ HYPH VBN NNP NNP . DT NN VBZ TO VB IN DT VBZ VBN IN DT JJ NN WDT VBZ NN . DT NNP NNP VBZ DT NN IN DT NNP CC NNP NNP NNP . DT VBZ VBN IN DT JJ CC JJ JJ NNS IN NNP NNP VBZ DT NN IN DT NNP HYPH CD NN . NFP UH , NNP . NNP VBZ RB VBG NN NNS . DT JJ NN NN WDT RB VBD PRP VBP VBN RB IN DT JJ NN VBG VBN IN NNP NNP NNP IN DT NN NN IN NNP IN DT NN IN NN . DT NN , VBN IN DT NN NNP NNP , VBZ RB VBG RB VBN IN JJ NNP IN DT NN IN JJ NN . IN DT VBG PRP$ NNS IN DT NN VBZ NNP POS NN NNP NNP , WP VBD DT NN IN DT NN TO VB RP NNS , IN VBP NNP NNP CC NNP HYPH NNP . NNS IN NNP CC NNP VBP RB VBN NNS TO VB NNP NNPS TO VB IN DT NN . CC DT NNP HYPH CD NN NN IN DT NNP NNP IN NNP VBP VBN PRP VBP TO VB PRP$ JJ NN VBG NNP NNPS IN DT NN . DT NNP VBZ VBN DT NN IN NN IN DT NN IN DT NNP NNPS NN , IN DT JJ NNS CC NNS MD VB VBN IN NN CC JJ NN HYPH NNS . `` NNPS VBP TO VB NNS VBN IN DT JJ NNS IN NNS IN DT NN IN DT NN , '' PRP VBD IN DT NN . DT JJ NN IN DT NN IN NNP VBD NNS IN NNS IN NNP VBZ DT NN VBN IN `` NN NN NN '' -LRB- NN -RRB- MD VB VB NNP HYPH CD . PRP VBZ NN NN , DT NN NN , CC NN NNS VBP VBN IN DT NNS IN VBG PRP . NN NNS VBP VBN RB VBN IN JJ NN CC IN NNP NNP CC IN DT NNP NNPS , WRB PRP RB VBP IN NNP NNS IN NNS IN DT JJ NN IN NNS . DT NNP NNP CC NNP NNP -LRB- NNP -RRB- VBZ VBN PRP VBZ `` RB JJ IN DT JJ NN VBG PRP$ NN CC NN CC PRP VBP JJ NNS IN NN NN '' . DT NNP VBZ EX VBP VBN NNS IN NN HYPH VBG NNS IN VBG NN NN NNS ."
103,1207,mainstream,"SYM NNP NNP HYPH CD NN NN NN VBN IN NNP POS JJ NN NN NN , MD VB JJ RB VBN NN HYPH NN HYPH CD NNS IN DT JJ CC JJ NN HYPH VBN NN HYPH CD NN . DT JJ NN NN , NNP , VBN IN DT NNP NNP IN DT NNP CD NN , MD VB NN NN IN JJ JJ JJ NN NN NNS IN DT NNS IN NN NN , NN CC NN NNS NNP , NNP , NNP , NNP CD , CD , NNP NNP -LRB- NNP : NNP -RRB- , DT NN CC NN IN DT NN CC NN IN NN HYPH VBN NNS IN NN NN CC NN NN NNS , VBD NN IN PRP$ NN , NNP NNP , VBZ VBN DT NN TO VB NN IN DT JJ NN NN NNP NNS IN DT NN CC NN IN NN HYPH VBN NNS IN NNP HYPH CD , DT NN VBN IN NNP HYPH NNP HYPH CD . IN NNP , NNP VBZ VBN DT NN IN DT JJ NN IN DT NNP HYPH CD NN HYPH VBN NN CC VBZ RB VBG IN VBG JJ NNS TO VB VBG DT RBS JJ NNS . IN NNP , NNP MD VB NN IN JJ NNS WDT NNP VBZ VBN CC VBP RB JJ IN NNP HYPH NN HYPH CD NN NN CC NN NNS . NNP NNP -LRB- NNP : NNP -RRB- VBZ DT JJ VBN NN NN , IN DT NN NN IN DT NNPS , VBN IN DT NN IN JJ HYPH NN JJ NNS IN JJ CC NN NN NNS . PRP RB VBZ JJ NNS IN PRP$ NN , IN WDT VBP DT NN HYPH CD NN , JJ NN CC NN , CC JJ NNS IN DT NN IN NN NN CC IN NN . NNS POS NN NN CC NN VBP IN DT NN IN NNS , NN HYPH VBN NNS VBG JJ NN JJ NNS CC JJ NN NNS , IN NN IN RB VBN NNS . DT NN POS NNS VBP VBN TO VB NN IN JJ NN CC NN , VBG IN CC DT JJ CC NN NN NN . IN JJR NN , UH VB ADD . NNP VBZ JJ NN NN CC NN -LRB- NN -RRB- NN WDT VBZ TO VB DT NN IN JJ , JJ CC JJ NNS , IN PRP VBP CD IN DT RBS JJ CC NN HYPH JJ JJ NN NNS IN NN NN . RB , NN NN VBZ NN HYPH VBG CC JJ , VBG DT NN IN VBN NNS CC JJ NNS RB RB JJ IN DT JJ NN . IN NN TO VB NN IN DT NNS CC NNS , CC TO VB NNS IN DT JJ NN NN NNP VBZ JJ NN JJ NNS IN CD JJ NN NNS : NN -LRB- IN NN NN CC NN NN -RRB- , NNS CC NNS NN , NN NNS , CC NN IN JJ NNS . NNP VBZ VBN NN IN DT NNP NNP POS NNP CD NN CC NN NN IN NN NN NN CD . DT JJ NNS NN NN NN IN CD VBZ DT `` JJ NN '' IN JJ HYPH NN NNS , WDT VBP VBN IN DT NNS `` VB , '' `` VB , '' `` VB , '' `` VB , '' `` NN '' CC JJ NNS . DT NNS VBN RB WDT VBP RB VBN IN JJ NNS VBP JJ HYPH VBG NNS WDT VBP VBN CC JJ NNS CC NNS WDT MD RB VB PRP$ JJ NNS , NN CC NNS IN DT NN CC , RB , JJ JJ NNS , NN CC NNS MD RB VB IN DT VBN CC VBN IN DT JJ HYPH NN NNS VBN IN CC IN PRP$ NN . DT NNS CC NNS VBP , CC VBP RB VBN IN , NNS VBN IN PRP$ NN TO RB VB CC VB PRP$ JJ NN , PRP$ NN TO VB JJ NN TO VB JJ NNS CC NN IN JJ NNS CC NNS IN JJ NNS CC DT NN IN JJ NNS . VB NNP POS RBS JJ NN CD SYM CD IN DT NN IN JJ NNS , NNS CC JJ NNS . NNS VBP VBN RB TO VB JJ NN IN DT JJ HYPH NN NNS WDT VBP RB IN IN DT NN DT NNS VBD VBN ."
104,525,conspiracy,"NNP NN : `` PRP VBD VBN TO VB RP NN HYPH NN NN '' -LRB- NN -RRB- DT NN VBZ DT JJ NN IN JJ NNS . JJ NNS , RB . WRB DT NN VBZ DT NN CC DT NN VBZ DT NN . DT NNS , NN VBZ RB RB JJ NN , CC VBZ PRP DT JJ JJ JJ NN : EX VBZ DT JJ NN . PRP VBZ RB RB DT NN IN DT NN . PRP VBZ DT IN DT JJ , CC RB RB JJR . PRP VBZ DT JJ JJ NN . RB PRP VBZ RB JJ TO VB JJ JJ NNS IN NNS NNS . VB RB VB IN JJ NN NNS CC VBG NNP IN DT NNS IN NN NN NNS . RB VB DT NN , DT NNS . DT NN VBN . VBG NN VBZ RB DT NN . VB DT NN , VB DT NN . IN RB CD NNS RB , WRB NNS CC NNS VBD DT NN IN NNP POS NNP NN VBG DT JJ NN IN NN , IN VBN NN VBN IN JJ JJ JJ NNS . VBN NNS VBN IN NN , NN , JJ RP VBG IN NNP CC PRP VBD RB VB DT NN IN `` VB DT NN . '' NNP NNS VBD DT NN IN NNS VBN IN DT NNP NN MD RB RB VB DT JJ JJ NN VBN IN PRP IN NN . IN NN VBD VBN , PRP$ NNS CC NN MD VB , RB , DT NNS , RB VB DT NN CC VB IN PRP$ JJ NN . VB DT NN CC CD . VB DT NN IN DT NN VB . CC WRB DT NN VBZ TO VB RP PRP VBZ VBN , VBN CC VBN . CC DT NN MD RB VB VBN . RB VBZ DT IN IN DT NNP NNP NNP POS NN IN NNP NNP : `` PRP VBP CD NNS IN DT NN , CC PRP MD VB VBN DT NN PRP VBD VBG , IN CD NN VBD RB , -LRB- NNP NNP -RRB- DT JJ NN , DT NNP NN VBG , `` PRP VBD IN NN IN DT NN WRB PRP VBD DT NNS CC PRP VBD DT NNP NN VBD RB VBN IN NN CC PRP VBD DT NNS . PRP VBD PRP IN CD NNS CC PRP VBP VBN IN CD NNS IN DT NN VBZ RB VBN IN NN CC PRP VBP VBN PRP . PRP VBP VBN NNS IN NNPS NNS IN NNS NN CC PRP MD VB IN DT RB RBR . '' PRP VBZ DT NN IN NN IN DT NN RB RBR MD VB IN PRP$ NN . RB PRP VBZ RB CC VBZ DT JJ NN . DT VBZ VBN NN . NNP MD VB NN . PRP MD VB DT NN NNP CC VB DT NN NNP NNP , VBD DT NN VBG NNP NNP , DT JJ NNP JJ NN VBN NN . NNP VBZ VBN DT NN CD NN NN IN RB DT RB JJ NN IN DT NNP , NNP NNP , NNP , VBD NNP POS NNP NN MD VB NNS . RB IN CD , NNP NNP VBD RB JJ VBG IN PRP$ JJ VBG NN NN IN NNP IN DT NNP NNP IN NNP . VB DT NN NNS NNS , NN CC JJ NN , WDT DT NN , NN VBZ VBN , NNS VBP VBG CC PRP$ NN VBZ VBG PRP VBZ JJ , RB RB DT CD CD IN DT NN , CC DT NNS WP VBP VBN JJ , VBP DT NN CC RB VBP RB . NN VBZ VBN RP DT NN IN PRP$ JJ . NNP , NNS VBP NNP . PRP VBZ JJ TO VB DT NN . DT NN IN DT NN VBZ JJ NNS WP VBP VBN VBN IN VBG JJ NNS NNS . CC WRB DT VBZ , DT NNS VBP . DT NN , CC DT NN IN NN , NN , NNP NNP , NNP , NN NN NN NN NNS , NN CC DT NN IN NNP VBZ RB RB . VB PRP CC VB VBN JJ ."
105,369,mainstream,"CD IN DT NNS VBG DT NN TO VB DT NN NN VBZ VBG WP VBD RB VBN DT JJ NN . IN NNP , NNP -LRB- NNP : NNP -RRB- VBD JJ JJ NNS IN PRP$ NNP HYPH NN HYPH CD NN NN , NN SYM CD , MD VB RB , IN JJ HYPH NN NNS VBN TO VB IN DT JJ NN . RB , DT NN VBD VBN NN MD VB DT NN IN DT NN IN NNP , CC JJ HYPH NN NNS VBD RB VBN TO VB IN DT NN . NNP VBD JJ HYPH NN NNS NNP , CC VBN IN PRP VBZ DT JJ HYPH NN NN IN NNS TO VB , PRP VBD RB VB JJ JJ NNS TO VB . NNS VBD PRP $ CD CD IN DT NN , WDT VBD DT NN IN RB $ CD CD IN NN , NN NNS , CC NNS IN DT NN IN NNP . DT JJ NN IN NN HYPH CD MD VB DT NN POS NN NNS RB IN DT NN IN CD . DT NNP RB VBD DT JJ NN DT CD HYPH NN JJ NN IN DT NNP HYPH NNP HYPH CD NN NN . NNP VBZ RB VBG DT NN IN DT NN CD NN . DT NNP HYPH NNP HYPH CD NN NN WDT MD VB NN IN CD VBZ RB DT JJ JJ HYPH NN NN NNP POS VBG RB IN JJ NN . DT NN POS NN NN HYPH VBN NN VBZ VBN DT JJ CD NNS RB IN JJ NNS IN JJR IN CD JJ NNS . IN JJ NNS WDT VBP DT NN NN IN NNS IN DT NN , NN HYPH CD VBZ RB DT JJ NN WDT MD VB NNS TO VB RB DT JJ NN NNS VBN IN DT NN IN NNP HYPH NNP HYPH CD . NNP VBZ RB DT JJ NN NN VBG TO VB NN HYPH CD IN NN , CC VBN IN PRP$ JJ NN , PRP MD VB DT JJ TO VB ."
106,240,mainstream,"NN VBZ DT NN VBN IN NN NNS VBN IN DT NN IN JJ NNS IN NN NN IN NNS IN NNP NNP , DT NNP NNP CC NNP CC NNP NNP . NNS IN NN IN VBN NNS MD RB VB DT NN . VBG IN DT JJ NN IN DT NN , DT NN IN NN MD VB JJ NNS IN DT NN , NN , NN CC NN CC VB RB JJ NN CC NN NN . CD IN DT JJ NNS IN VBG DT NNS IN NN VBZ PRP VBP IN JJ NNS . NNP NNPS JJ NNS CC NNS VBN IN NNS IN DT NN WRB NN VBZ VBP IN NN IN NN . DT NN VBZ VBN IN JJ NNS IN IN JJ NN IN DT NNS IN NNP NNS . EX VBZ DT NN TO VB DT NN , CC DT NNS MD VB NN IN DT NNS JJ TO VB DT NN IN PRP VBP VBN IN DT JJ NN IN NN . NNP VBZ VBG NNS VBG NN HYPH IN HYPH DT HYPH NN NNS TO VB DT NN . IN NN , PRP VBZ VBG NNS CC NNS IN NN NNS MD VB TO VB DT NN CC NN IN JJ NNS . DT NN VBD VBN IN NNP NNP , JJ NN CC NNP NNP , JJ NN IN DT NNP NNP NNP NNP . PRP VBP RB JJ TO VB NNP CC NNP IN DT NN NN NN IN NNP ."
107,910,conspiracy,"NNS VBP IN RB DT NNP NN MD VB DT NN IN NN IN NN . PRP VBP VBN IN DT JJ NNS IN NNS , NNS CC NN NNS VBP DT JJ NN IN JJ NNS IN DT NN VBG NNP HYPH CD , VBN IN NNP HYPH NNP HYPH CD . PRP$ NN VBZ IN NNS VBP VBG TO VB IN DT NNP NN , VBN IN JJ NNPS TO VB NN , MD RB VB IN NN . DT NNP NNS VBD PRP$ NN IN DT NNP NN IN VBG DT NN IN NN NNS . PRP VBD IN DT `` NN NN '' IN NN HYPH NN HYPH CD VBZ CD NN NN JJ IN DT NNS `` NN NN '' . -LRB- CD -RRB- PRP VBZ IN DT NN IN EX VBZ DT NN IN DT NN IN IN PRP VBP VBN JJ DT JJ NN IN DT NNS WDT DT NN VBZ IN , RB PRP MD VB RB RBR VBN IN DT NN . CC RB WP VBP PRP VB IN JJ NN . DT MD RB VB DT RB VBN NN IN `` NN VBZ JJ IN PRP$ JJ NN '' ."
108,1106,mainstream,"NNP MD VB NNS IN NN IN DT NN , NNS CC NNS IN NNS CC NNS IN NN HYPH CD IN DT VBN NN , IN NN TO VB RP DT NNS POS NN CC NN . DT NN NN MD RB VB VBN , IN JJ . NFP EX VBP DT JJ NN NN NNS , NFP NN IN DT NN VBZ VBN IN DT NN IN CD NNS -LRB- IN CD NNS -RRB- . JJ NN VBZ IN NN IN NN CC DT NN IN DT NN TO VB IN NNS , NFP NN NN VBG DT NN VBZ VBN IN CD NNS -LRB- IN CD NNS -RRB- , NFP EX VBZ DT NN IN DT NN TO VB DT VBN JJ NN , VBN IN DT NN HYPH IN HYPH NN NN , SYM NN NN MD VB VBN IN CD NNS . IN JJR NN , VB : NFP NN IN NN NNS CC NNS IN NN SYM CD : VBN NNS IN NN HYPH CD NNS CC NNS , NN NNS IN NN IN NN NN CC NN NNS IN NN HYPH CD NNS CC NNS"
109,1045,mainstream,"IN DT JJ CD HYPH CD NN NN RB JJ IN JJ NN NNS POS NNS , DT NN POS NN VBZ VBG RP TO VB RB RB JJ . NNP NNP , NN IN DT NNP NNP IN NNP CC NNP NNPS -LRB- NNP -RRB- , VBZ DT NN NN MD VB CD IN DT JJS IN NNS . `` DT JJ NNS VBP DT VBZ RB VBG TO VB DT JJ NN : DT VBZ VBG TO VB DT JJ NN , '' NNP VBD NNP RBR DT NN . JJ NN , DT NNPS IN NNP NNP CC NNP VBD IN EX VBP VBN IN JJS CD CD NNS IN DT NN IN JJ NNP . DT NNP VBZ RB VBN VBG NN NN , VBG IN JJS CD NN JJ NNS DT NN . DT JJ , JJ CC NN HYPH VBN VBP RB JJ IN DT NN : DT NN , CD NNS VBP VBN IN DT NN . RB IN JJ NNS , DT NN NN MD VB JJ NNS IN JJ NNS , NN NNS CC NN . TO VB PRP IN DT JJ NN NN , JJ NN NNS VBP DT JJ NN IN NN : VB PRP$ NN NN . IN DT NN NN VBZ DT JJS NN RB JJ IN JJ NN , PRP VBZ RB CD NN JJ . DT NNP VBZ IN DT NN NN RB VBZ DT NN IN NN IN IN CD CC CD NN , CC DT VBZ RB IN DT NNS VBN IN DT NN VBP DT NNS IN NN VBG DT NN . IN DT NNP NN , NN VBZ DT JJ NN TO VB , NNP VBD NNP . RB IN NNS IN NN , DT NN POS JJ NN VBZ RB VBG , VBG NN HYPH IN HYPH NN NNS WDT NNS VBP JJ NN . `` JJS IN DT NN , DT NN VBZ RB RB IN CD NN IN DT IN IN JJ NN POS NN VBZ RB RB DT JJ IN WP DT NN POS NN VBZ , '' NNP VBZ . `` IN NN TO VB JJ NN , PRP VBP VBG NNS DT NN . DT VBZ RB JJ . EX RB VBZ DT JJ NN WDT PRP VBP NN VBG VBN DT JJ NN . '' TO VB RP IN JJ NN , NNS VBP RB VBG DT NN NN , WDT VBZ VBN TO VB IN DT NN NN VBN NN , VBG WP NNP VBZ DT `` NN '' IN DT NN . `` WRB PRP VBP DT JJ NN , DT JJ NN VBZ PRP VBP VBN . DT NN VBZ , DT NN VBZ DT NN IN DT NN WDT VBZ DT NN TO VB DT NN . '' DT JJ NN IN DT NN : DT `` NN '' : VBZ RB RBR JJ IN NNS . DT NN WDT VBZ DT NN NN VBZ DT NN TO VB NN IN DT NNS IN NN CC NN RB IN JJ NN , VBG DT RB JJ NN IN DT NN . NNP , NN IN DT NNP NNPS IN NNP -LRB- NNP -RRB- , VBZ RB VBG TO VB DT NN IN DT JJ NN NN IN DT NN CD JJ NN , DT JJ NN DT NN NN VBZ VBN VBN IN NNS . NNS IN DT NN CC NN IN DT NN VBP JJ IN JJ CD . IN IN VBG IN DT JJ NN , DT JJ NN MD RB VB NN IN DT NN IN DT JJ NN NN IN DT NN . NN NNS VBP RB RB CC RB , RB WRB DT NN IN NN VBZ IN NNS IN NNS . DT NN , VBN JJ NN , VBZ DT NN RB NN IN NNS IN PRP$ JJ NNS VBP VBN RB IN NN . DT RBS JJ NN NN IN VBN NN VBD DT CD NN , WDT VBD CD HYPH NN IN DT NN POS NN CC VBD IN JJS CD CD NNS . DT JJ NN IN NN VBD IN NNP NNP IN NNP NNP , NNP , IN NNP CD , VBG IN DT NNP . JJ NN VBZ DT JJ NN VBD IN DT NN . DT NN IN NNS TO VB IN NNP NNP CD VBD IN DT NN IN NN , CC IN DT NN IN DT NN , DT NN POS NN NN VBD DT JJ NN IN JJ CC JJ NNS IN IN DT NN . IN DT JJ NN , DT CD NN VBD JJ IN JJ RB JJ NNS JJ CD IN CD , VBG DT NN NN IN DT NNP NNPS IN JJR IN CD NNS . NNP NNP , NN IN DT NNP NNP NNP NNP NNP IN NNP CC NNP IN NNP , VBZ EX VBP CD NNS IN DT NN IN NN TO VB VBN NN : NN , NN CC NN TO VB NN . `` IN DT JJ NN VBZ , PRP VBP TO VB CD NNS , '' PRP VBZ . `` WP VBZ DT NN IN PRP MD VB NNS CC VB . CC RB , IN PRP VBD TO VB DT , WRB JJ IN DT NN MD PRP VB IN JJ NN . '' DT NN CC NN IN NN MD VB IN DT NN VBZ RP TO VB RB JJ , IN DT CD NN NN , CC RB JJ IN DT CD NN . NNP NNP , NN IN DT NN `` NNP : NNPS IN DT NNP NNP '' IN DT NNP POS NNP NNP IN NNP NNP , VBZ DT JJ NNS WDT VBP DT NN CC NN IN NN : IN VBG IN JJ NNS CC VBG IN DT NN : VBP RB VBN IN CD . CC IN NN MD VB DT NN IN NN , PRP MD RB VB DT JJ NN IN NN . `` RB , PRP VBP DT NN TO VB CC VB RB WDT VBD RB VB IN DT NN -LRB- IN CD -RRB- , '' NNP VBZ . `` PRP VBP IN DT NN VBZ DT JJ NN , CC DT VBZ DT NN TO VB RB RB WRB NN IN DT VBZ . '' NNP VBZ IN DT NNP POS NNP NNP NNP CC NNP NNP -LRB- NNP -RRB- IN CD NN IN JJ NN IN NN NN . PRP VBZ IN EX VBP RB CD JJ NN NNS IN CD NNS VBG JJ NN , RB RB IN DT NN NNS WDT VBP TO VB IN NNS IN NNS . IN DT NN IN NNP , NNP NN HYPH NNP NNP NNP NNP VBD DT NNP NNP NNP IN DT JJ NN . DT NN VBZ CD JJ NNS : TO VB DT NN POS NN TO VB CC VB IN NN CC TO VB JJR NNS TO VB CC VB NN . NN IN DT JJ NN MD VB DT JJ NN IN VBG DT JJ NN IN DT JJR NN IN DT NN . `` DT NN IN NN NN VBZ RB HYPH JJ , '' NNP VBD IN DT NN . `` PRP MD VB JJ CC VBN . DT NN IN DT JJ NN NN MD RB VB DT NN IN NN . ''"
110,1222,conspiracy,"IN IN NN , JJ NNPS VBP VBN IN DT NN TO VB CC VB DT NNS . `` DT NN IN DT JJ NNS VBD IN NN IN DT NNS , RB PRP$ NNS . DT JJR DT JJ NN , DT RBR JJ PRP$ NN IN DT JJ NNS . IN NN , IN DT NNS POS NN , DT NN MD VB CC VB DT JJ NN IN VBG PRP$ NN IN DT JJ NN . '' IN NNP POS NNS , `` NNP CC NNP VBP DT NN HYPH RB IN DT NN IN JJ NNP , VB JJ IN DT JJ NN . '' JJ JJ NN , VBN IN CD , VBD VBG PRP$ NN POS `` NN '' IN DT NN CC VBG IN DT JJ NN HYPH VBN NN DT NN VBD IN PRP$ NN IN NNPS IN NNP VBD VBN CC JJ . JJS , IN PRP$ NN POS NN , VBD JJ . CC PRP$ NN POS NN VBZ IN JJ NNPS VBD NN IN DT NN NN . NNP NNP POS NN `` NNP NNP , NNP NNP : DT NNP IN CD NNPS '' -LRB- CD -RRB- VBZ IN DT JJ NN VBN IN NNS MD VB IN DT JJ NN . VBG IN NNP , JJ NNPS VBD DT JJ NN IN DT VBG NN . DT NNPS MD `` VB DT NN '' IN DT NNS . IN NN , DT NN NN MD VB JJ NNPS TO VB PRP$ `` NNS . '' RB DT NN MD VB DT NN . DT `` JJ '' NN VBD RB JJS WRB DT VBG NN VBD RBS JJ , CC WRB EX VBD JJS JJ NN . NN , JJ NNPS -LRB- IN NN , NN , NN CC RB DT NN -RRB- VBP DT JJ NN IN DT NN POS NN IN `` NN , '' WDT VBZ DT JJ NN IN NN . RB RB , `` JJ NN '' VBZ VBN TO VB NNPS -LRB- CC NNPS -RRB- TO VB DT JJ NN . NN VBZ NN IN DT NN . JJS NNS MD VB VBN IN PRP VBD DT NN . NNP NNP , WP VBD IN CD , VBD RB DT NN . DT NN IN JJ NN IN NNP NNP , PRP VBD DT NN IN JJ NN . PRP VBD RB DT NN NN NN , DT JJ NN NN CC DT NN IN JJ JJ NNS . NNP VBZ IN NNPS VBP TO VB PRP IN PRP$ NN CC NN . NNPS VBP `` DT VBN NN '' WDT VBZ `` JJ NN '' TO VB NN , WDT VBZ VBN `` NN '' CC `` NN HYPH NN . '' NNP VBZ NNP VBZ RB DT JJ , JJ , JJ NN . NNPS VBP VBN VBN NN IN NNP WDT VBZ DT NN IN DT NNP . JJ NNPS , RB NNPS CC RB DT NN VBZ VBN IN DT JJ NN . DT JJ NN VBZ CC VBZ PRP$ NNS IN VBG CC VBG PRP JJ . DT NNP VBZ VBN IN JJ NN CC NN IN NNP CC NNS IN JJ . DT NNP VBZ JJ NNS VBG NNP . -LRB- NNP , NN CD -RRB- DT VBG VBZ DT JJ NN IN NNP POS NN IN DT NN , `` DT NNP IN NNP . '' LS . IN NN IN NN , NNPS IN NN VBD DT JJ NN IN DT JJ NNS . DT JJS NN VBD RB JJR RP IN DT NNS . IN RB CD , PRP$ RBS JJ JJ NN '' VBD TO VB DT NN IN DT NNS IN NN IN DT NN CC DT NNP . '' LS NNP NNP -LRB- CD SYM CD NN -RRB- VBD NN CC NN IN NN IN DT NN CC IN NNS IN DT NN . `` DT VBN NN IN JJ NN CC NN , VBZ VBN RP IN DT NN IN NN IN DT NN IN DT JJ NN IN NN WP VBD RB VBN IN DT JJ CD NNS , DT NNS . '' -LRB- CD -RRB- LS IN NNPS , IN JJ , VBD VBN , JJ NNS VBD DT NN IN DT NN . JJ NNS , NN NNS CC NNS MD VB VBN IN IN DT NN , NN , NN CC NN IN DT NN WDT DT NNP MD RB . DT JJ NN VBD JJ NN CC JJ NNS CC JJ VBD NN IN DT VBG NN . RB PRP VBD DT NNS , NN CC JJ . -LRB- CD -RRB- LS . DT NN IN JJ NNPS VBZ `` RB JJ IN JJ NNS , WDT VBP VBN DT JJ NN '' CC VBP VBN IN DT NNS PRP VBP . `` CC IN DT NNS WRB , DT NN VBZ IN NN IN DT NN -LRB- CC IN IN JJS NN IN DT NN -RRB- TO VB DT NN , WDT VBZ DT JJ NN , '' DT NN IN DT JJ NN VBZ . LS . RB , DT NN IN DT JJ NNS VBD IN NN IN DT NNS , RB PRP$ NNS . DT JJR DT JJ NN , DT RBR JJ PRP$ NN IN DT JJ NNS . IN NN , IN DT NNS POS NN , DT NN MD VB CC VB DT JJ NN IN VBG PRP$ NN IN DT JJ NN . IN NNP POS NNS , `` NNP CC NNP VBP DT NN HYPH RB IN DT NN IN JJ NNP , VB JJ IN DT JJ NN . '' `` DT NN IN NNP RB VBZ IN DT VBN NNS IN JJ NNS , RB RB IN DT NNP NNP , CC RB IN PRP , DT NN RB IN DT NNPS IN NNP NNP : DT IN DT NN IN DT JJ NN . '' PRP VBZ IN NNP POS NN IN DT NN IN DT JJ NN . PRP VBZ VB VBG JJ NNS IN NN -LRB- CD -RRB- CC NNS NNP NNP NNS . PRP VBZ WRB JJ NNPS VBP JJ NNS IN DT NNS NN CC NNS VBP JJ . NNP VBZ DT JJ NNS VBP TO VB DT `` NN '' IN PRP$ NN . RB DT `` JJ NN '' IN DT NN MD VB DT `` JJ NN . '' -LRB- CD -RRB- DT JJ NN VBD IN PRP : `` PRP VBZ DT JJ NN TO VB DT JJ CC JJ NN IN DT NNS , PRP -LRB- VB -RRB- DT JJ CC JJ NNP , IN WDT PRP MD VB IN NN IN DT NN . CC PRP VBZ DT WDT VBZ VBN NNP TO VB NNPS IN DT NNS . '' PRP VBP TO VB . RB IN VBG DT `` NN IN NN '' JJ NNPS -LRB- RB RB IN RB HYPH VBN NNPS -RRB- `` VB DT NN '' IN DT VBG NN . DT CC DT NN IN NNP VBN IN NNP VBZ NNP , VBP DT JJ NNS IN NN . DT NNP NNP NNP VBZ DT NN IN NN . DT JJ NN IN NNS CC NN VBZ JJ . PRP VBZ VBG IN PRP$ NNS . NN , NN CC NN VBP VBN . JJ NNS VBP VBN RB . NNS VBP VBN CC NNS VBN . NN CC NN VBP VBN RB . DT JJ JJ NN . WRB IN `` PRP MD RB VB '' CC `` PRP MD RB VB . '' NNPS VBP VBN DT NNS CC NN WRB NNPS VBD IN JJR IN CD NNS . PRP VBP VBN PRP IN DT NN IN NN WRB PRP VBP IN NNS CC NNS CC VBP NN IN NN IN NNP NNP . `` NN IN NN . '' VB RB VB PRP VB . PRP MD VB DT NN RB IN PRP VBP RB VB PRP . DT JJ NN IN JJ NN VBZ DT JJ NN CC DT JJ NN , PRP$ NNS CC NNS . JJ HYPH NNP , DT NNP CC DT NNPS NFP NNP , RB NNPS VBP , VBZ NNP DT JJ NN ."
111,663,mainstream,"DT NNP NNP NNP VBD NN IN JJ NNS CC JJ NN IN DT NNP NNPS IN DT NN IN PRP$ JJ NN IN NNP , IN NNS VBD IN DT JJ NN IN NNP HYPH CD CC VBD NNS IN DT JJ NN MD VB JJ IN DT . `` NNP HYPH CD MD VB DT NN HYPH RP NN . PRP VBZ NN IN DT NN IN DT NN , '' NNP NNPS NNP HYPH NNP NNP NNP VBD DT JJ NN . `` CC PRP VBP IN DT NN RB , CC PRP VBP , '' NNP VBD . DT JJ NNP NNP NNP -LRB- NNP -RRB- VBZ DT NN VBN VBN IN DT JJ CD NNS IN RB CD NNS , CC VBZ VBG RB IN DT NN , WDT VBZ VBN RB CD NNS RB . VBG IN NN HYPH NN , DT JJ NN IN NN NNS CC NN NNS VBD DT NNP POS NNS TO VB DT NN , CC VBD JJR NN CC JJR NN IN DT NNP NN . CC NNP NN NN NNP NNP VBD DT NNP IN RB VBG CC VBG DT NN VBN TO VB DT NN . `` PRP MD VB JJ IN CD IN DT JJ NNS DT NN VBD IN IN NN : EX VBD DT NN IN DT NN TO VB DT NN WDT DT NN VBD , CC IN NN VBD JJ NNS , '' PRP VBD . WP NN HYPH NNP NNP NNP NNP RB VBD IN DT NN IN PRP$ NN VBD `` VBN DT NN RB , CC PRP VBD PRP RB '' . CC NNP VBD : `` JJ NNS VBP VBN DT NNS IN DT NNP NNP NNP . '' DT NN VBD `` VBG DT JJ NN '' IN DT RB JJ NNS , PRP VBD . NNP VBZ VBN IN DT RB JJ NN IN NNP , WRB DT NN VBD RB JJ NN . CC PRP VBZ RB RB VBN NN IN DT NNP . NNP NNP NNP NNP VBD JJ NN IN NNP , DT NNP POS JJS NN , MD VB PRP$ NN IN DT NN . IN DT VBG NNS IN DT NN POS CD JJS NNS , NN NNS VBP DT NNP MD VB DT NN VBN IN VBG DT JJ NN , VBG NNS IN JJ NN IN JJ NNS CC NNS . JJ NNP NNP NNP VBD NN IN DT JJ NN , VBG IN PRP$ NN TO VB DT NN PRP$ NN VBD JJ IN DT . `` IN DT NN CC NN IN NNP POS NN NN VBZ VBN CC PRP VBZ VBN IN NN , PRP MD VB VBN DT JJ JJ NN , '' VBD NNP , WP$ NN RB VBZ CD JJ NNS IN JJ NNS . JJ NNP NNP NNP VBD DT NN MD `` VB DT JJ JJ NN '' . JJ NNP NNP NNP RB VBD PRP `` MD IN NN VB JJ CC JJ IN DT '' . DT NNP NN VBN IN DT NNP NNP RB VBZ IN DT `` JJ , JJ CC JJ NN '' IN DT JJ NN IN DT NN NN . DT NNP NN VBD DT NN IN `` JJ '' , VBG RP IN IN PRP VBD IN NN IN VBN , PRP MD VB DT JJ NN DT JJ NN VBD VBN JJ NN IN DT NN IN DT NNP HYPH CD NN . NNS VBD RB VBN RB IN JJ NNS , VBD DT NN : VBG DT NN IN JJR NNP NN IN VBG IN PRP$ NNS VBD `` VBN JJ TO VB DT NN IN DT NN '' . NNP VBD IN DT JJ NN IN `` DT NN '' IN DT NNP NN NN POS NN IN DT NN . NNP RB VBD NNP MD VB DT `` JJ NN '' IN DT JJ NN IN DT NN : IN DT NN VBD VBN VBN IN NN . NN NNS RB VBD JJ IN DT JJ NN IN IN TO VB NNP NN NN , DT NN RB VBN IN NNP , WDT VBZ DT NN NN IN PRP$ NN . RB CD NNS , VBG NNP , NNP CC NNP , VBD DT NN IN NNP POS NN TO VB VBN IN DT NNP NN . -RRB- IN NN IN NNP HYPH CD NN , NNP VBD IN NNP NN NNP VBZ RB VBN RB JJ , IN NNS IN NNP VB VBN IN IN DT NN . CC IN NNS DT NN MD VB DT JJ NN NN POS NN TO VB DT NNP HYPH CD NN , NNS RB VBD NNP TO VB DT NN IN RBR IN DT NN . IN NNP VBD RB VB IN DT NN IN DT NN , NNP IN NNP NNP NNP VBD `` NNP POS NN '' . DT NN `` RB VBZ DT NNP POS NN CC NN '' , PRP VBD ."
112,1216,conspiracy,"NNP NNP NNP , DT NN IN DT NNP , CC NNP NNP NNP : DT NNP NN IN DT NNP NNP : VBD DT NNS IN DT JJ NNP IN NNP NN IN NNS IN DT NNP NNP CC NNP NNP NNP VBD DT NN IN JJ NN IN JJ NNS IN DT NN , NN NN . NNP NNP VBD JJ JJ NNS IN DT NNP IN NNP IN DT NNP NNP NNP IN NNP CC IN DT NNP NNP NNP VBG DT NN CC DT NN IN DT NN POS JJ NN . NNP , IN DT NN IN DT NNP POS NNP , NNP NN NN , WP VBD VBN IN NNP , : VBG IN DT NNP NNS , DT NN VBD VBN IN NN IN NNS , JJ JJ NNS , CC VBN NN NN CC NN TO VB TO VB DT JJ NN VBN IN DT NNP TO VB NN NNS . NNP VBZ DT NNS WDT TO VB PRP RB , VBP JJ . DT NN VBZ : WRB VBD NNP VB RP VBG DT NNP CC WRB IN NNP , DT NNP NN IN PDT DT JJ JJ NN , VBG DT NNP NNP NNP NN . VB RB `` DT CD MD VB VBN VBN CC VBN , '' NNP VBD . `` DT NNS VBP DT NN . WP VBD DT NNP VB . PRP VBD DT JJ NN RP TO VB NNS IN NNS IN NN NN IN NNP CC JJ NN IN DT NN CC JJ NN IN PRP DT VBD VBG RP ."
113,687,mainstream,"JJ NN , NN , CC WRB VBP PRP NN . PRP VBP VBG RB JJ , VBP PRP , IN DT JJ NN DT NNS . IN DT , DT NNS VBP RB VBG CC DT JJ NN VBZ VBG IN . RB , DT VBZ DT NN IN DT NN , WDT VBZ PRP VBP VBN TO VB RB RB . CC DT VBZ IN NN , UH . RB UH VB PRP IN PRP VBP DT NN IN JJ NN . VB , DT NN VBZ VBN . RB , RB VBP DT JJ NNS IN NN . VB DT JJ NN , CC VB PRP DT NN IN PRP VBP NN JJ . . DT NNP NNP VBD IN JJ NNS TO VB TO VB NN NNS IN JJ NNP HYPH CD NNS TO VB `` JJ NN '' CC VB DT JJ NN VBZ JJ IN JJ NNS , NNP VBZ . IN DT CD JJ NNS RB IN JJ NNS , JJ NNS VBP VBG TO VB NNS IN NN IN NN NNS TO VB NNS MD DT VB JJ . DT NNP NNP VBZ VBN DT MD VB NNS IN NN CC RB VB JJ NNS , RB JJ NNS , VBG TO VB DT NN ."
114,885,mainstream,"JJ NN NNP CC NNP VBZ TO VB JJ JJ NNS IN PRP$ NNP HYPH CD NN IN NNP IN DT NN IN DT JJ NNS VBG VBN JJ IN NN NN NN IN RB JJ NN , VBG IN DT NN NN VBN NNP . NNP CC NNP VBZ PRP VBZ VBN VBG IN DT NN IN NNP CC VBZ VBG IN DT NN IN DT NNP NNP NNP CC NNP NNP -LRB- NNP -RRB- , DT NN IN DT NNP IN NNP CC NNP NNPS . NNP CC NNP CC NNP MD VB $ CD CD TO VB NN NN , NN CC JJ NN , DT NN VBD . `` DT NN VBZ VBG DT JJ JJ NN NN CC PRP VBP VBN IN VBG PRP$ NN TO VB DT NN HYPH CD NN JJ CC JJ RB RB RB IN JJ , '' NNP CC NNP NN CC NN NNP NNP VBD IN DT NN NN . NNP CC NNP MD RB VB PRP$ JJ NN NN IN PRP MD RB VB DT NN IN PRP VBZ VBN , DT NN VBD . NNP CC NNP VBZ RB DT JJ NN VBG TO VB DT NN IN DT NNP HYPH CD NN NNS IN NN IN DT NN . NNP NN NN NNP VBD PRP$ NN IN NN NNS IN NN IN NNP CC DT JJ NN VBD VBN IN NN NNS RBR DT NN , VBG IN DT NNP NNP IN NNP CC NNP NNPS ."
115,251,conspiracy,"`` DT NN PRP VBP NN : IN DT NN PRP MD VB IN NN . '' WP PRP VBP RB VBG VBN IN DT NN PRP VBP IN WRB DT `` NN NN '' NN VBD VBN TO VB DT NN NN WRB JJ JJ NNPS VBP DT NNP TO VB , VB , CC VB NNS JJ NNS IN DT NN VBP : NNP NNP NNP NNP -LRB- NN : VB IN JJ NN RP IN RBS JJ NN IN DT JJ NN . -RRB- VBN NNP NNPS NNP NNP IN NNP NNP VBZ IN NNP NNP NNP IN NNP NNP NNP NNP NNP VBN IN NNP NNP NNPS NNP : NNP VBZ VB PRP IN CD SYM CD NNS NNP NNP NNP NNP IN NNP NNPS IN NN IN VBN NNP NNP NNP NNP NNPS IN NNP NNP VBZ NNP IN CD RBS NNP NNS IN NNP VBZ NNP NNP IN `` NNP NNP '' NNP JJ IN NNP RB VBZ NNP NNP NNP VBP NNP IN NNP NN NNP NNP NNP NNP NNP IN NNP VBZ PRP$ JJ NN NNP NNP VBD IN $ CD CD `` NN NN '' VBN IN NNP NNP IN NN NN NN NNP NNP IN NNP VBZ JJ NNS IN NNP NNP IN NNP VBZ NN NN IN CD NN NNS NNP CC NNP VB NN IN DT NNP NNP NNP : RB PRP VBZ JJ NN NN NN VBN `` NN POS JJS NN '' CC VBN '' MD VB DT NN IN NNP '' NNP VBZ `` EX MD VB NN '' IN NNP NNS IN `` CD NNS IN NN '' CC NNS VB IN PRP$ JJ NNS NNPS NNP NNP NNP NNP NNP TO VB NNPS VB DT CD NNS CC JJ NNP IN NNS CC NN NNP NNP `` PRP VBZ DT VBG TO VB RP '' IN NN VBZ `` JJS NN IN DT NN IN DT NN '' IN : NNP NNP , CC IN VBN IN PRP$ JJ NNS DT JJ JJ NNP NNP -LRB- NNP -RRB- NN VBG IN DT NNP NN VBG IN NNP NNP VBZ RB VBN RB VBN NN JJ NN NNS IN NNP JJ IN DT NNP NNP NN VBG NNP NN NN , RB VBZ IN JJ NNS MD RBR RB VB DT NN `` NN HYPH NN '' IN VBG PRP : DT NN WDT MD VB DT JJ NNP VBG IN NNP SYM CD IN PRP$ NN IN NNS IN DT CD HYPH CD NN NN MD VB RB RB JJ IN DT JJ NN : WDT VBD NNP TO VB DT JJ NN IN PRP$ NNS TO VB DT NN IN DT NN IN RB DT JJ NNS IN DT NN : CC IN CD NNP CD , VBD VBG IN DT JJ NN NN IN DT JJ NNS DT JJ VBN NN IN DT JJ NN NNP HYPH CD IN PRP$ NNP NNP : WDT IN NNP SYM CD , VBD DT NN VBG IN DT NN IN NNP , NNP : DT IN WP$ NNS VBD VBN IN JJ NN NNS NNP VBD RB JJ TO VB NN NNS IN : CC DT VBG IN DT JJ NNP JJ NN HYPH NNS VBD VBG IN DT NN NN VBZ DT NN NN IN CD NN : DT NN NN RB VBN IN JJ JJ JJ NNS IN NNP NNP NNP WP RB VBD PRP$ NN VBN `` DT NNP IN NNP IN DT NNP NNP IN NNP NNP '' WDT VBD NNS IN DT `` JJ NN NN MD VB VBN IN NNS VBN IN NN '' IN NNS WRB PRP VBD VBN RP RB , JJ IN IN NNP : CC VBD PRP$ NN NN NNP NNP HYPH NNP NNP NNP , NN VBG IN JJ NN : `` VBG RP NNS IN NNS IN NNP NN IN DT JJ JJ NN IN NN VBZ VBN TO VB IN DT JJS NN NN VBZ VBN IN DT NN IN DT NN '' . DT NN NN VBD IN DT NN VBG IN JJ NNS RB VBG NNP NNS IN NNS IN WP VBZ RB VBG : CC IN NNP WRB PRP$ NN HYPH JJ NNP NNP NNS VBP RB VBG CC VBG DT `` NN HYPH CD NN NN NN '' JJ IN NN NNS , NNS CC NNS , VBZ VBG WP VBP VBG VBN `` NNP NNPS '' TO VB IN DT JJ NN : DT NN IN NN VBN IN DT VBG TO VB JJ JJ NNS VBG VBN IN DT NN IN DT NN IN VBG DT `` NNP '' NN PRP RB VBZ : RBS VBN IN VBG JJ IN DT RB JJ TO VB JJ NNP NN NNS VBG PRP$ NN POS NNS VBP RB JJ : DT JJ NN NN WDT MD RB RBR VB VBN IN DT NN HYPH JJ VBN NNP JJ NN NN , WDT VBZ WRB DT RB NNP JJ NN NNP NNP NNP VBD PRP$ JJ NN VBN `` WRB VBP PDT DT NN NNS VBN . '' : WRB UH DT JJ NNS VBP TO VB DT JJ NNS IN PRP$ NNS VBP JJ IN DT IN RB NN VBZ VBN VBG NN NNS , NNS CC VBG NN : WDT IN JJ MD VB DT NN HYPH CD NN DT JJS NN NN IN NNS CC NN RB VBN IN DT IN JJ NN . DT NN , RBS RB , VBN IN NN HYPH JJ NN NNP NNP : WP RB NNS RB '' VBD TO VB DT NN IN NN '' IN NNP NNP NNP VBZ RP CC VBZ IN DT JJ NN HYPH NNS , CC WP VBZ RB VBG IN DT JJ NN IN JJ NNP NNP NNP NN TO VB IN NN : DT JJ NN VBN IN NNP NNP , WP RB VBD PRP$ JJ NN NNP NNP TO RB VB RB IN NNP IN DT JJ NN VBG DT JJ NN : `` PRP VBP NN IN PRP$ NNS , PRP VBZ DT VBG TO VB RP '' : CC WP$ RB JJ NNS , IN NNP POS , TO VB VBN IN DT `` NNP NNP NNP '' VBZ RP , VBP DT VBG VBN IN DT JJ NN NN NN WP VBD NN IN PRP$ JJ JJ NN IN JJ JJ NN , NNP NNP : WP RB CD HYPH NNS RB , IN CD , VBD DT JJ NN NN NN IN VBG RP DT NNS IN DT JJ NNS JJ JJ NN : CC WP NN VBZ RB WP DT JJ CC JJ IN JJ NN JJ NN NNP NNP VBZ VBG IN PRP$ `` NN IN DT JJ JJ NN '' : CC IN VBG , VBZ NNP RB VBG DT JJ NN : `` VBZ PRP RB JJ IN RB IN NNS CC DT NNS NN MD VB NN POS JJ NNS , NN VBZ DT NN , DT NN IN NNS , DT JJ NN VBZ VBN PRP IN DT NN IN VBG TO VB IN NN CC VB PRP RP , VBG DT NNS WDT PRP VBP . IN NN POS NN , DT NN MD VB TO VB IN NN . '' . -LRB- NN : DT NNS CC , CC NNS VBG IN NNS IN DT NN VBP JJ NN NNS IN JJ NNS , NNS VBG DT JJ NN . -RRB- VBG IN DT NN , IN DT NNS IN DT `` NNP NNP NNP '' VBG TO VB WRB , IN RB CD HYPH NNS IN NN , NNP NNP VBD PRP$ NNP NNS TO VB DT JJ NN IN NNP NN IN CD NNP CD , DT JJ NN VBN RB RB VBN IN DT JJ WDT VBD VBN WRB JJ NNP NNS VBD IN DT NNP DT NN IN NNS RBR , IN NNP SYM CD , TO VB IN PRP NNS CC NN NNS , WDT VBD RB VBN IN DT NN CC VBN IN NNP : WDT VBZ PRP DT NN IN JJ NNS VBP VBN IN PRP VBP VBN DT NN NN : CC IN VBG , VBD NNP NNP VBG PRP$ JJ CD NNS IN NN TO VB PRP$ `` JJ CC JJ `` NN IN JJ JJ NN : IN WDT PRP VBD DT JJ NN IN NN PRP VBZ RB IN IN VBG DT JJ NN IN NN IN NN HYPH JJ NNS IN PRP$ JJ NN IN PRP$ NN POS NNS WDT `` NNP MD RB VB DT NNP NNP '' . IN DT JJ NN , JJ CC JJ NNS IN RB IN DT NN VBG IN JJ NN CC NN NNP NNP POS NNS IN NN IN PRP$ NN HYPH JJ NNS , DT NN VBZ , CD IN DT RBS JJ IN PRP VBZ DT JJ JJ NN CC NN NN NN NNP NNP : WP RB IN PRP$ RB VBN JJ NN IN `` DT NNP NNP POS VBN . '' : RB VBZ IN `` DT VBZ DT JJS JJ NN IN DT IN PRP$ NNS : CC PRP VBZ VBG . '' , IN PRP$ JJ NN DT NN WDT : `` PRP VBZ DT NNP NN NN WDT VBZ DT NN IN PRP$ NN , RB IN DT CD POS : PRP VBZ DT NN NN WDT VBZ DT RB JJ NN '' . DT `` JJ NN '' IN DT NNP NN , DT NN VBZ , VBZ IN IN PRP VBD VBN DT NN POS NN NN IN DT NN IN NNP NNP CD , DT JJ HYPH JJ NNS VBG NNP VBP VBN PRP TO VB JJ NNS VBG NNS IN NNS , RB RB IN VBG DT JJ NNS IN NNS HYPH IN HYPH NNS IN PRP$ NN RB RB VBN TO VB PRP$ NN IN IN NN HYPH JJ NN IN JJ NN : WDT VBD JJ NN NN NN NNP NNP VBZ RB RB VBN `` DT NNP POS JJS NNP NNP '' , IN PRP$ JJ NN DT NN IN CC `` NN NN CC NN VBP IN PRP$ NN TO VB '' : DT NN RB VBG VBN IN NNP NNP , WP VBZ RB VBN IN DT `` NNP NNP NNP '' VBZ VBN `` DT JJS NN NN IN NNP '' : CC VBZ DT NN IN DT JJ NN NN CC PRP$ JJ NN HYPH NN NNS CC NNS , RB DT NNP NNPS PRP : WDT VBZ WRB NNP VBZ VBG IN NNP NNP MD VB PRP$ NN POS NNS IN DT JJ NN IN PRP$ VBG PRP$ JJ JJ NN CC RB VBG NNS TO VB RB IN NNS VBG PRP$ NN : DT NN , RB , JJ JJ NNS VBP RB RB VB IN , IN PRP VBP DT NN VBZ NNP NNP VBZ VBG TO VB DT NNP NNPS IN DT NN NN , CC WRB VBG '' MD VB DT JJ NN IN DT NN '' : CC VBZ RB JJ JJ JJ NNS VBG IN , WP VBP RB VBG JJ JJ NNS IN : NNP MD VB NNP NNP NNP , WP , VBG DT RB JJR NN IN DT NNP NNP , VBD DT JJ NN CC , IN RB RB , VBD DT NNS IN NN VBG RB . NNP , IN NNP WP VBD VBG PRP$ NNS IN CD DT , VBZ RB VBN IN NNS . NNP VBZ DT NN TO VB WP DT JJ , JJ , NNP POS JJ NN NNP NNP VBD NNP IN CD : `` VB IN NN CC VB WP VBZ JJ . '' DT NN IN JJ NN : VBG NN IN DT NN , RB NN NNS VBN IN DT VBG NNS : RB VBZ RB VBN IN JJ NNS . DT NN VBZ IN DT JJS NN NN VBZ DT NN NN . DT NNS VBP RB VB DT . NNP VBZ . IN RB RB VBN JJ JJ NN NN NNP NNP VBG DT JJ NNS IN DT `` NNP NNP NNP '' , DT NN VBZ , PRP VBD DT NN IN RB IN NNP PRP RB VBD `` `` PRP VBP IN DT NN NN IN DT NN NN NN , WDT VBZ PRP RB VBP IN CD . PRP VBZ RB DT NN IN WRB RB MD PRP VB PRP IN NNS IN DT NN PRP VBP JJ TO VB JJR JJ NNS IN PRP$ JJ NN IN PRP VBZ IN CD IN DT NN IN PRP PRP VBP DT NNP NNP VBZ IN DT NN IN VBG IN NN NN , VBG DT NN IN DT NNP CC VBG NN IN NN IN NN IN DT NN NN '' : CC WDT DT NNS VBZ IN DT NN , VBZ IN NNP NNP MD RB VB RP WP MD RB VB VBN IN DT JJ NN IN DT JJ HYPH JJ NNP NNP NNP : DT NN VBD IN IN DT NN WDT VBZ VBN JJ NNS VBN CC VBN IN NN IN RB VBG TO VB WP NNP NNP VBZ VBG : CC VBZ , RB , DT RB JJ NNP NNP WP VBZ RB DT NN IN DT IN PRP$ NN POS `` VBN NN NNS '' PRP VBZ JJ TO VB IN PRP MD VB NNP , CC PRP IN IN PRP . NNP CD , CD , NNP CC NNP DT NNS VBN . NN TO VB DT NN IN PRP$ NN VBZ VBN IN DT NN PRP VBZ VBN IN PRP$ JJ NN IN NNP . NN . NNP NN VBN IN NNP HYPH NNP CC NNP . -LRB- NN : JJ NNS CC PRP$ NN NNS RB VBP IN DT NN VBN IN DT NNS IN IN RB TO VB PRP$ NNS IN DT JJ JJ NNP NNS CC NNS TO VB , DT NN WDT DT NNPS IN NNP NNP RB VBP IN IN VBG IN PRP VBZ DT JJ NN POS NN TO VB DT NN . IN IN PRP$ NN POS NNS IN DT IN DT NNS , DT NNS IN PRP$ `` NNS '' VBZ VBN DT JJ NN , NN NN VBN TO VB PRP , CC NNS IN PRP , WDT VBZ VBN IN JJ NNS , VBG RB . -RRB- -LRB- NN : DT NNP NN VBD VBN IN CC VBN IN DT NNPS IN NNP NNP IN CD IN DT JJ NN IN JJ NN NNS VBN IN DT JJ JJ NN NN NNP NNP -LRB- CD -RRB- TO VB DT NN VBG VBN IN DT NN TO VB PRP$ JJ CD NN IN NNP . -RRB- -LRB- NN : DT NN NNP -LRB- NN IN DT NN -RRB- IN VBN IN DT NN VBZ IN JJ NNS , VBG IN , VBG NNS WP$ JJ NN NNS -LRB- JJ NNS -RRB- VBP , JJ IN WP VBP VBN IN DT NN IN DT NNPS IN NNP NNP . -RRB- NN MD RB VB DT JJ IN JJ NN IN NNS NNS IN NN"
116,352,mainstream,"WRB DT NNP NN VBD DT NNP NN IN NN PRP VBD DT JJ NN WDT VBZ NN . CC DT JJ NN VBD NNP NNP NNP `` JJ '' CC `` JJ '' . DT JJ NN VBD DT NN IN DT VBG JJ NN DT NNP IN CD WDT VBD IN DT JJ NN IN DT JJ NN VBG NNS IN NNS , NNS CC NN . NNP NNP NNP VBD DT NNP NN IN NN . PRP VBD DT NN IN JJ NNS RB IN DT NN VBD VBN . RB JJ NNS VBD VBG PRP$ NNS RB , VBG IN NNS IN NNS . IN CD DT NNP NNP NNP IN DT NNP VBD NNP NNP `` JJ '' CC `` JJ '' CC VBD PRP IN DT JJ NN . NN : NNP NNP NNP VBZ IN DT NNP NNP NNP IN NNP TO VB DT JJ NN , NNP NN CD -LRB- NNP NNP , NNP NNP -RRB-"
117,121,mainstream,"NFP NNP CD VBZ DT NNP HYPH NNP NNP HYPH CD JJ NN VBN IN NN HYPH JJ JJ NN NN NNS VBG NN HYPH VBN NN NN IN DT NN HYPH NN HYPH CD NN : DT NNP HYPH NN NN VBZ VBN TO VB CC NN NN CC NN NN NNS IN NNP HYPH NNP HYPH CD , NNP VBZ IN JJ NNS IN DT NNP POS NNP IN NNP NNP CC NNP TO VB NN IN JJ NN IN DT JJ NN -LRB- NNP NN CD -RRB- , IN DT NN TO VB VBG IN DT JJ JJ NN RB RB IN NN CD , NNP VBZ PRP$ VBG NN NN NN NN NNS MD VB DT NN TO VB JJ NN NN TO VB DT NN IN NNS IN JJ NNS IN DT JJ NN NN -LRB- NN -RRB- , IN VBN : DT JJ NN WDT VBD DT NNP HYPH NN JJ NN NN VBZ VBN VBN IN DT JJ NN IN `` NN IN NNP NNP '' -LRB- ADD NNP NNP , NNP CD , CD -LRB- NNP NNP -RRB- , NNP NNP , NNP -LRB- NNP : NNP , `` NNP '' -RRB- NN VBD PRP VBZ VBN VBG IN DT JJ NN JJ NN IN NNP HYPH CD -LRB- NNP SYM CD -RRB- CC VBZ IN JJ NNS IN DT NNP POS NNP IN NNP NNP CC NNP IN NNP NN CD VBG DT VBN NN HYPH VBG NNS , NN -LRB- NN , NN CC NNS -RRB- , JJ NN CC NN HYPH NNS IN JJ VBN NN . IN VBG NN IN DT NNP , NNP VBZ TO VB DT JJ NN IN DT NN NN WDT MD VB JJ JJ NNS TO VB RB RB IN JJ . DT NN NN NN -LRB- NNP HYPH NNP , WDT VBZ NN HYPH NN NNS -RRB- VBZ VBN VBN CC VBN IN NNP NNS VBG NN VBN IN DT NN IN NN . NNP VBZ TO VB DT RB HYPH VBN VBG NN NN -LRB- JJ NN , CD -RRB- TO VB NN HYPH NN HYPH CD POS NN NN CC PRP$ NN NN IN DT JJ NN IN IN DT JJ NN VBZ VBN IN DT NN NN NN TO VB CC NN NN CC NN NN NNS . DT VBN NN NN VBZ VBN VBN RB IN NN NN NNS CC VBZ RB VBN -LRB- JJ NNS VBG NN VBG JJ HYPH NN NN HYPH VBG NN VBP VBN VBN IN DT NN NN -RRB- . IN NN IN DT JJ NN IN DT NN NN , DT NN NN '' VBZ IN '' DT NN IN DT JJ NN POS NN NN . IN NN TO VB DT NN IN DT NNS , DT NNS MD VB VBN IN JJ NN IN DT NN . IN DT NN IN DT `` NN RB '' NN NN , DT NN MD VB DT JJ NN NN CC VB VBG NN NNS IN DT NN HYPH NN HYPH CD NN . IN DT VBN NN VBZ RBR VBN IN DT NN HYPH NN HYPH CD NN , PRP$ CC PRP$ NN NN NN CC VBG NNS VBP VBN TO VB DT NN NN IN VBG IN DT NN -LRB- NN VBG NN CD -RRB- IN DT JJ JJ NN NN , RB RB VBG CC VBG DT NN HYPH NN HYPH CD NN WDT VBZ NN HYPH CD NN . DT JJ NN VBG DT NN NN VBD VBN IN NN IN NNP IN NNP NNP -LRB- DT NNP NN VBN JJ NN NN . DT NN MD VB VBN IN NNP -RRB- . IN DT NN , `` DT JJ NN TO VB DT JJ NN HYPH VBG , JJ JJ NN IN CC DT NN , CC IN DT JJ NN HYPH VBG NN VBZ NN . DT NN VBZ IN DT NN MD VB VBN IN DT NN NN , CC DT VBG NN NN MD VB . DT RBS JJ NN IN DT NN VBZ IN PRP MD VB IN JJ NNS TO VB NN NNS CC VB NNP NN NN WDT IN JJ MD RB VB DT JJ NN NN NN CC RB NN IN NN HYPH NN HYPH CD NN . DT NN MD VB JJ IN PRP VBP VBG NN NN NN WDT VBZ NN JJ . DT NN VBZ TO VB RB JJ CC MD VB TO VB JJ NN NN . CD JJ NN VBZ IN MD DT NN VB NN CC NN IN NN NN : DT NN RB VBZ TO VB UH IN DT NNS MD VB VBN NN HYPH NN IN NN TO VB PRP$ NN NN CC RB RB IN FW NN NN . IN NN DT JJ NN VBZ VBN RB CC IN JJ IN PRP VBZ TO VB PRP MD VB DT NN IN DT NN IN NN HYPH CD . '' LS NNP VBZ RB VBG TO VB PRP HYPH NNS POS NN TO VB JJ NN NN CC NN NN NNS IN DT NN NN . NNP VBZ VBN DT VBG JJ NN NN NN NN TO VB DT NN CD JJ NN CC VBN NNS . NNP VBZ VBN NN NN , NN CC VBN RP NN NN IN PRP$ NN HYPH IN HYPH DT HYPH NN NN NN NN NNS IN NNP NNP IN NN IN JJ JJ NNS CC NN . NNP VBZ DT NN NNS MD VB VBN IN DT JJ JJ NNS . VBG IN NN NN CC DT NNP POS NN , NNP VBZ PRP MD VB IN DT NN TO VB JJ NN NNS RB RB IN NN CD . NNP NNP , JJ NN IN NNP NNPS , DT NN IN NNP NNP , WP VBZ VBN VBG NNP , VBD , `` DT JJ NN NN VBZ RB VBN IN JJ NN NN CC NN IN DT NN . PRP VBP JJ IN DT JJ NN MD VB DT NN IN DT NNS IN RB JJ . '' `` PRP VBP VBN DT JJ NN IN NN WDT PRP VBP MD VB DT NN IN DT NN IN NNP HYPH CD . PRP VBP VBG DT JJ NN IN DT NN NN VBZ JJ CC JJ TO VB JJ IN NN , '' VBD NNP NNP NNP , NN CC NN IN NNP NNP . `` IN VBG DT VBG NN NN WDT VBZ RB VBN VBN TO VB NN NNS , PRP VBP PRP VBP DT NN NN IN DT JJ NN NN . PRP VBP RB JJ IN , IN PRP$ NN NN VBZ VBN , PRP MD VB DT VBN NN IN NN TO VB JJ NNS TO VB NNS IN NNS IN DT JJ NN . VBG IN PRP HYPH NN VBZ IN NNS VBZ PRP$ JJ NN CC PRP$ RBS JJ NN . '' NNP VBZ DT JJ NN , NN HYPH JJ , JJ NN VBG JJ NNS TO VB JJ NNS IN JJ CC RB JJ NNS . NNP POS JJ JJ NN IN VBG NN VBZ VBN JJ IN PRP$ JJ NN HYPH JJ NNS , VBG JJ NNS JJ IN RB JJ NNS -LRB- `` NN HYPH NNP FW NN '' -RRB- , JJ NN NN HYPH JJ NNS -LRB- `` NN HYPH NN '' , `` NN HYPH NN '' -RRB- , JJ VBG NNS -LRB- `` NNS '' -RRB- , NN HYPH NN NNS -LRB- `` NN '' -RRB- , CC JJ NN JJ NN -LRB- `` NNP '' -RRB- . NNP VBZ RB VBG JJ NN JJ NNS , VBG NNP NN , NNP HYPH NNP CC NNP HYPH NNP . NNP POS NN IN NN HYPH VBG NNS IN NNS VBZ RB VBN IN PRP$ NN TO VB DT JJ HYPH IN HYPH NN -LRB- NN NN -RRB- JJ NN NN JJ NN , NN -LRB- `` NN '' -RRB- , CC NNP -LRB- NN JJ NN -RRB- CD NN IN DT NN IN NN HYPH JJ NN . NNP VBZ VBG DT NN NN NN IN JJ NN VBN IN NN CC DT NN CD NN IN NN NNS . NNP VBD VBN IN DT NNP IN NNP CD , CD . DT NN NN CC DT NNS VBN IN CC IN DT NN CC NN VBP JJ HYPH NN NNS JJ IN NNP NNP , NNP , IN DT JJ NN NNS IN NN CD IN DT JJ NNS NN NN NN IN CD CC JJ IN NNS CC NNS WDT MD VB JJ NNS TO VB RB IN DT VBN . JJ HYPH VBG NNS VBP NNS VBG DT VBN NN IN VBG CC VBG JJ NNS CC IN VBG DT NN NN IN NNP HYPH NNP NN HYPH CD IN DT NN IN DT NN HYPH NN HYPH CD NN : DT JJ NN IN NN HYPH NN NN HYPH CD IN DT NN IN NN HYPH NN HYPH CD CC NN HYPH CD NN : NNP HYPH NN NN HYPH CD POS NN TO VB NN NN CC NN NN NNS IN NNP HYPH NN HYPH CD : DT NN IN DT NN NN NN TO VB DT JJ NN -LRB- NN CD -RRB- IN NNP HYPH NNP NN HYPH CD : DT VBN NN IN DT JJ NN -LRB- NN CD -RRB- IN NNP HYPH NNP NN SYM CD : DT VBN NN IN NN IN DT NN NNS NNP HYPH NNP NN SYM CD : DT VBN NN IN VBG CC VBG JJ NN NNS IN NNP HYPH NNP NN HYPH CD : JJ NNS IN NNP HYPH NNP NN HYPH CD : DT NN CC NN IN NNP HYPH NNP NN HYPH CD IN NNP HYPH NN HYPH CD NN CC NN HYPH CD : DT NN IN NNP POS NN NNS IN JJ HYPH NN NN IN NNP HYPH NNP NN SYM CD IN NN CC NNP POS VBN NN TO VB NN NN : DT VBN NN VBN IN NNP POS NN NNS TO VB NNS IN NNP HYPH NNP NNP HYPH CD : DT NN CC NN IN NNP HYPH NNP NNP HYPH CD , CC NNP POS JJ NN IN DT NN NN . NNS CC NNS WDT MD VB PRP$ JJ NNS TO VB RB CC RB IN DT VBN IN PRP$ JJ HYPH NN NNS , VBP , CC VBP RB VBN IN : NNS JJ IN NNP POS CC PRP$ NNS '' , NNS POS CC NNS POS NNS CC NNS CC NNS IN NNS , VBG , CC RB VBN IN NNS JJ IN VBG JJ NNS CC VBG NNP JJ NN IN NNP HYPH NNP NN HYPH CD , VBG CC VBG NNS IN JJ NNS IN NNP HYPH NNP NN HYPH CD : DT JJ CC JJ NN IN DT NN IN NN HYPH NN HYPH CD NN NNS VBG NNP HYPH NNP NN HYPH CD : DT NN CC NN IN VBG NN HYPH NN NN HYPH CD IN JJ JJ NNS , VBG NNS : JJ NN NNS , VBG NNS IN DT NN , NN , NN , CC NNS IN JJ NNS CC NN NN NNS : NN IN NNS CC NNS IN VBG JJ NNS : NNS WDT JJ NN NNS MD RB VB DT CC DT NNS IN DT JJ NN CC IN DT NNS VBN IN JJ NNS MD RB VB DT JJ NN CC NN , NNS IN NN CC VBG NN NN , NNS JJ IN VBG DT NN IN PRP$ NNS , NNS , NNS CC NNS TO VB DT NN IN DT NN IN PRP$ NN HYPH NN NN HYPH CD NN NNS : NNS JJ IN NNP POS NN NNS : NNS JJ IN DT JJ NN IN NN HYPH CD , CC JJ NNS WDT VBP VBN IN NNP POS RBS JJ JJ NNS VBN IN DT NNPS CC NNP NNP , VBG NNP POS JJ NN IN NN CD SYM CD IN DT NN VBN NNP CD , CD , CC JJ JJ NNS IN NN CD HYPH NN VBN IN DT NNPS CC NNP NNP , VBG DT NN NNS VBN RB IN DT NNS . NNS VBP VBN RB TO VB JJ NN IN DT JJ HYPH NN NNS , WDT VBP RB IN IN DT NN IN DT NN CC PRP VBP DT NN TO VB DT JJ HYPH NN NN IN DT NN NN IN IN VBN IN NN . NNP CC DT NNP NN VBP VBN NNS IN NNP NNP , NNP , NNP NN , NNP HYPH NNP CC NNP HYPH NNP VBP NNS IN NNP NNP , NNP VBZ DT NN VBN IN NNP NNPS NNP VBZ DT VBN NN IN NNP NNP NNP , DT RB HYPH VBN NN IN NNP NNP , NNP CC NN IN DT NN IN NNS VBN IN NNP NNP , NNP . DT JJ NNS VBP DT NN IN PRP$ JJ NNS . SYM CD NNP NNP , NNP DT NNS VBN ."
118,808,mainstream,"NNP , NNP VBD NNP IN PRP MD VB `` IN NNS '' NN CC NN IN DT JJ NN NN IN VBG NN HYPH CD , DT JJ NN VBN IN DT NN . IN IN NNP NN NNP , VBG IN NNP NNP NNP NNS , DT NN VBD VBN JJR IN CD NNS CC VBD JJR IN CD CD RB IN RB IN CD , WRB PRP VBD RB IN NNP . NNP NNP , NNP POS NN NN , VBD NNS IN NNP IN DT JJ JJ NN , NNP NNP NNP , MD VB DT NN IN NN IN NNP POS NNP , WDT VBD NN . PRP VBD IN NNP MD VB CD IN RB CD NNS TO VB CC VB DT NN . `` DT NN IN DT JJ NN MD VB IN CD IN CD NNS CC PRP MD VB JJ RB RB IN NN NNS IN NNP , CC PRP MD RB VB VBN IN CD NNS , '' NNP VBD . NNS IN NNP VBP VBN NN NN IN NN , WDT VBD TO VB DT NN NNS VB JJR IN JJ NNS . DT NNP JJ NN VBZ RB VBN NNS IN CD NNS IN VBG NNP TO VB VB CC VB DT NN IN DT NNS . IN DT `` JJ NN '' NNS IN DT NNP JJ NNS , NNP VBD , DT NNS DT MD VB DT `` NN TO VB DT NN NN IN DT NNP NN NN IN NN TO VB PRP TO VB RP PRP$ NN RB . '' NNP NNP NNP , DT JJ NN IN DT JJ JJ NN , VBG IN NNP , VBD IN NN VBZ , DT NN MD VB VBN IN CC JJ CC JJ HYPH NN NNS . `` PRP VBP VBN RB IN NNP TO VB DT NN IN JJ NN CC VB PRP RBS JJ IN DT VBG NN , '' NNP VBD . NNP , IN DT NN IN CD CD , VBZ VBN IN JJR IN CD NNS VBP VBN DT NN CC JJR IN CD IN PRP VBP VBN IN DT NN VBD DT NN RB CD NNS RB . NNP NNP NNP NNP VBD NNP TO RB VB DT JJ JJ NN , VBG DT RB RB JJ NN IN NNS CC NNS IN VBN IN DT JJR JJ NNS . NNP VBD PRP$ NN , VBG IN DT NN HYPH JJ NN VBD IN NN , '' RB CD CD NNS '' IN NNP , VBG JJ NNS CC NNS , MD RB VB VBG IN NN IN IN DT JJ NN . `` IN DT NN VBZ JJ , DT NN MD VB RB IN DT NN . RB , PRP MD VB TO VB TO VB IN PRP IN RB , '' PRP VBD ."
119,551,conspiracy,"NNP NNP VBN IN VBG TO VB JJ NNPS TO VB NNP NNP NNP NNP VBZ VBN VBN IN VBG TO VB NNS IN NNP IN NN TO VB DT JJ NN NN , VBG IN NNS . DT NN NNP NN CC JJ NN VBZ VBN VBG JJ NNS DT $ CD CD NN TO VB DT NN , NNP POS NNP NNP VBD IN NNP . NNP POS NN NN , DT NNP IN NNP NNP NNPS -LRB- NNP -RRB- , VBZ IN NNPS VBD NNS $ CD CD TO VB DT `` JJ NN '' IN DT NN NN . DT NN VBZ DT `` JJ NN NN '' IN DT NN . DT NN VBZ TO VB DT NN IN JJ NNS IN DT NN , WRB DT NNP CC NNP NNP NNP VBZ JJ NNS . DT JJ NNP IN NNPS NN VBZ RB VBG DT VBN NN . DT NN VBD IN DT NN IN DT NNP CC NNP NNP NNP VBG DT NNS IN NNP , VBG IN NNP . `` DT NNP CC NNP NNP NNP VBZ RB VBN VBN JJ IN DT NN VBG IN JJ NNS IN DT JJ NN WDT DT NNP VBD VBN IN DT NN RB VBN IN DT NNP NNP IN NNPS , '' DT NNP NNP POS NNP NN , NNP NNP , VBD . `` DT JJ NNS VBP RB JJ CC IN NN . `` TO VB JJ , DT NNP VBZ RB VBN DT JJ NNS IN DT NN IN NNP POS JJ NN IN DT NN IN NN CC VBZ PRP VBN DT NNS IN NNS IN NNP IN NN IN DT JJ , '' NNP VBD . DT VBN NN VBZ VBN NN IN NNP . NNS VBP DT NN VBZ JJ NNS JJ NN TO VB NNS VBN TO VB DT NN IN JJ NNS JJ IN NN , NN , CC NN NN . DT NN RB VBZ IN `` JJ NN . '' IN NNP CD , DT NNP NNP VBD IN DT NN POS RBS JJ NNS : NNS CD CC CD IN DT NNP VBP IN JJ NN IN NNS CC NNS IN DT VBN NNS . NN CD IN DT NNP VBZ DT NNP -LRB- NNP NNP IN DT NNP NNP IN NNP NNP -RRB- TO VB DT NN TO VB RP DT NN POS NN CC VB PRP DT NN NN IN DT NN CC NN IN DT NN . NN CD VBZ DT NN NN TO VB DT NN IN DT NN -LRB- NN -RRB- TO VB DT NN WRB JJ NN VBD . IN CD , DT NNP CC NNP NNP NNP VBD TO VB RP NNP POS $ CD CD NN NN , WDT DT NN VBD VBN TO VB PRP$ JJ NN NN . DT NNP VBD DT NN NN HYPH RP IN NNP VBD JJ NNS , VBG DT NN IN `` JJR IN CD NN NN NN IN IN JJS CD NN -LRB- IN NN HYPH VBN NN -RRB- DT NN IN RB JJ HYPH NN NNS '' IN NN ."
120,1311,mainstream,"NNP NNP VBZ RP PRP$ JJ NN , VBZ DT JJ NN NN CC VBZ IN JJ NNS IN PRP$ NN IN DT NN WDT VBZ VBN DT NN IN PRP$ NN IN NNP NNP : DT NN JJ IN NNP NNS VBG DT NN WDT PRP VBZ MD VB IN DT NN IN DT NN . RB RB , DT NN VBZ VBN IN DT NN CC NN NNS . `` DT VBZ PRP$ NN , '' VBZ NNP , DT CD HYPH NN HYPH JJ NN . `` PRP VBD PDT PRP$ NN HYPH WRB IN PRP . DT RB VBZ JJ TO VB NN IN DT NN . '' NNP CC PRP$ CD NNS VBP VBN VBG IN DT NN NN IN NNP , CC DT NN VBZ VBN NN NNS IN PRP$ NN NNS . VBN IN NNP IN DT JJ NN IN NNP NNP HYPH NNP , NNP NNP VBZ RB VBN NN NNS TO VB DT NN NN NN IN NN . DT NNS VBP NNP VB NNS WDT MD VB VBN TO VB DT NN IN NN NNS IN NNS . VB JJR : WRB VBZ NN VB JJR NNS IN NNP NNP . VBG DT NN TO NN VBZ DT NN WDT RB VBZ CD IN CD NNS . RB , DT NNS VBP VBN IN PRP MD VB DT NN IN DT NN IN CD . NNP VBZ DT VBZ RB JJ . PRP VBZ TO RB VB PRP$ NN POS NN IN JJ NNS DT NN CC RB VB DT JJ JJ NNS IN DT NN IN DT NN . NNP VBZ RB VBG RP NNS IN DT NN IN NN . `` EX VBZ DT NN RB RB IN RB CD CD NNS IN PRP , NNP VBZ . `` PRP VBZ JJ . DT NN IN JJ NNS IN DT NN IN JJ NNS MD VB VBN TO VB DT NN IN NN . '' VB JJR : MD NN VB `` JJ '' NN VB NN . NNP HYPH VBN NNP VBZ RB VBN JJ JJ NNS , DT JJ NN IN NN . DT NNP NNP IN NNP HYPH VBN NNP NNPS VBD NNP IN NNP , IN NNP , MD RB VB NN CD NN IN NNP . EX VBP RB CD NN NNS JJ IN DT NN . VBN IN NNP , NNP , NNP NNP VBZ CD IN DT NNS RBS RB IN DT NN . NNP VBZ RB VBN RP TO NN CD : NNS TO VB DT NN POS NN TO VB NN NNS IN NNS VBP NNS IN JJ NN NNS . NN CD VBZ DT JJR NN IN NNS . PRP VBZ IN NNS CD CC CD IN NN NN NNS VBP VBG NN . IN DT VBP VBN , NNS VBP VBN IN NN . DT JJ NN IN DT NNP NNP IN NNP NNPS CC NNPS , NNP NNP , VBD DT JJ NN NN IN DT NNP VBZ `` RB VBN IN PRP$ NN TO VB NN , NN CC JJ NN IN JJ , JJ CC JJ NN HYPH CD NNS . '' DT NN VBZ IN DT NN CC PRP$ NN VBP VBN NNS IN NN NNS WP VBP VBN IN NNS VB VBN IN DT JJ NN . IN DT NN , DT NN IN NNS VBP VBN RB TO VB IN DT NNP NNP NNP NN VBN TO VB NN . VB JJR : VBZ JJ NN VBG NNS IN NN NN . IN JJ NNP , NNS , NNS CC NNS VBD RB $ CD CD -LRB- $ CD CD -RRB- IN DT NNP NN . RB , NNP , DT NNP NNP : DT JJ HYPH JJ NN VBN IN DT NNP CC NNP NNP NNP : VBD DT NN IN JJ NNS WDT VBD $ CD CD IN DT NN IN JJ NNS . DT NNP NNP RB VBZ TO VB JJ NNS IN DT NN IN JJ NNS TO VB IN NNP NNS VBP JJ NN IN JJ NNS IN NN WRB PRP VBZ . NN VBZ TO VB RB VBN IN DT NNP NN NN NN IN DT $ CD CD NN . NNP NNP , IN DT JJ NN NN NN NNP NNP HYPH NNP , VBZ NNS WDT VBP JJ NN IN NN NN VBP RB VBG TO VB DT JJ NN . NNP VBZ IN DT NNS VBN IN DT NNS MD RB VB JJ . `` IN DT NN VBZ TO VB PRP$ NNS IN NNS , RB NNS MD VB PRP$ NNS JJ IN DT JJ NNP NNP NNP , '' NNP VBZ . DT NN NN VBZ VBN JJ NN JJ IN NNS JJ IN NN . VB JJR : DT NN VBZ DT VBN NN IN NNP NNP VBZ RB VB PRP$ JJ NNS . RB , PRP VBZ PRP$ NN IN VBG NN NNS . NNP VBZ DT NN VBD RB VB NN JJ NN IN PRP$ NN NN , CC VBZ IN `` PRP MD VB TO VB JJ PRP VBP NNS IN PRP$ NN . '' NN IN NNP EX VBZ DT JJ NN IN DT NN . DT VBZ WRB DT NN IN WP NNP VBZ `` DT NN '' VBZ VBN IN NN CC NN NNS CC NNS . NNP VBZ IN IN CD IN CD NNS PRP$ NN MD VB RP IN CD NNS -LRB- CD NNS -RRB- IN RB VBN NN IN CD NNS -LRB- CD NNS -RRB- IN NN . `` IN DT , PRP MD VB CD NNS -LRB- CD NN -RRB- IN DT NN PRP VBP , '' PRP VBZ . NNP VBZ DT MD VB JJ TO VB RB JJ IN CD NNS IN NN . DT NN NN NN VBN IN NNP VBZ RB VBG VBN IN DT NNP NNPS , NNP , NNP , NNP CC NNP . NNP VBZ NNS IN DT NNS MD RB VB IN DT NN IN NN NN . JJ NN VBZ DT JJ NN RP , CC NNS MD VB TO VB IN NNS IN JJ NNS . `` IN PRP$ NN VBZ , PRP MD VB IN DT NN RB JJ NN PRP VBP DT JJ NN , '' NNP VBZ . `` PRP MD RB VB DT JJ NN , '' PRP VBZ . NNP VBZ RP DT NN IN DT NN POS NN CC NNS . VB RP RB ."
121,431,conspiracy,"IN NNP , NNP CD , CD , NNP NNP NNP NNP VBD DT JJ NN VBG IN DT NNP DT NN MD VB IN NN CD IN PRP$ CD HYPH NN NN HYPH CD '' NN , '' WRB NN IN `` JJR HYPH NN NNS '' CC NNS MD VB VBN TO VB , TO VB VBN IN DT NN IN JJR HYPH NN NNS CC NNS IN NNP CD . RB RB , NNP VBZ DT NN IN : NFP DT NNP NNP NNP NNP TO VB DT NNS CC NNS IN NN CD '' IN PRP VBZ JJ TO VB IN DT JJ NN VBN IN NN '' , CC IN NFP NNP CC JJ NN NNS `` TO VB CC VB JJ NN NNS IN PRP$ JJ NNS WDT VBP RBR JJ IN '' DT JJ NN CD NN . IN DT NN , NNP POS NN CD NN VBZ IN DT RBR JJ NN VBN NNP IN CD NNP NNP NNS -LRB- NNP , NNP NNP , NNP , NNP NNP , NNP NNP CC NNP NNP -RRB- WDT VBZ TO VB JJS NN NNS , IN IN `` JJ '' NNS JJ IN NN NNS , IN VBG IN NNP CD . NNP VBD NNS MD VB PRP$ RBR JJ NNS IN NN CC VBP RB VB TO VB IN NN IN DT NN NN : `` PRP VBP RB VBG NNS WDT VBP PRP VBZ RB RB , RB JJ TO VB . '' NNP VBZ IN DT `` JJR HYPH NN NNS '' WDT VBP VBN TO VB IN NNP CD VBP NNS , NN NNS , NN NNS NNS CC NN NNS , VBN IN -LRB- LS -RRB- PRP$ JJ NNS VBP NN , CC -LRB- LS -RRB- DT NNS VBP NNS IN PRP$ NNS , JJ IN VBG NNS VB NNS . NNP MD VB DT JJ NNS CC NNS RBR DT NN . NN HYPH IN NNS CC NNS MD VB NN IN DT `` JJR NN CD NN '' NN WDT VBZ . RBR JJ RB VBZ WP NNP VBD IN DT NN NN IN NNP NN : NNP MD RB VB IN `` JJ '' IN EX VBZ NN IN DT NNP NN NNP HYPH NNP HYPH CD IN DT NN . PRP VBD : NNS POS NNS IN NNP VBP RB JJ IN NNP . DT JJS NN VBZ DT NN IN NN `` FW '' : DT NNS IN DT NN VBP : NFP IN IN NNP NNP , DT NN NN VBN IN NNP , NNP , CC DT NNP VBZ VBG DT NN IN JJ NN , PRP MD VB CD IN CD NNS IN JJS IN PRP VBZ JJ IN DT NN : WDT VBZ NNP MD RB VB IN JJ IN CD IN CD CD NNS IN RB , IN JJS . NFP DT NNP NN VBZ RB VBN IN IN JJS CD JJ NNS , WDT VBZ WDT NN WDT VBZ VBN MD RB VB CD NN JJ , RB IN DT NN IN DT JJ NN VBZ , IN JJS , RB RB JJ . IN DT NN , DT CD HYPH CD JJ NN NN VBZ RB : `` JJ '' VBN IN NN IN NN POS NNS IN NN NN . NFP VBG IN DT JJ NN , CD HYPH NN IN NNPS VBP PRP MD RB VB VBN IN DT NNP NN RB IN , WRB DT NN VBZ JJ . -LRB- JJ NN -RRB- NNP NNP VBZ VBN IN DT JJ NN . VB RP NNP NNP , DT NNP POS JJ NN VBN IN DT JJ NN ."
122,725,mainstream,"NNS VBP VBN DT NN IN DT JJ NN IN NNP HYPH NNP HYPH CD WDT VBZ NNS NNS VBD IN DT CD NNP NN . DT RB VBN NN IN NNP HYPH NNP HYPH CD VBZ DT NN IN WRB DT JJ NN MD VB . DT NNS CC NNS VBP VBN IN RB JJ NNS IN DT NN IN NN . DT NN MD VB IN IN NN . VB PRP$ NN NN CC VB PRP$ JJ NNS NN IN DT RBS JJ NN IN DT NN HYPH CD NN . NNP HYPH NNP HYPH CD VBZ DT NN WDT VBZ DT NN NN HYPH CD . IN DT NN , CD NNS IN DT NN POS NN VBD VBN VBN . JJ NNS VBP DT JJ NN IN DT NN POS NN CC MD VB DT NN IN DT NN PRP VBP . IN DT NN IN NNP HYPH NNP HYPH CD , DT NN VBZ IN NN IN DT NN IN DT NN VBZ PRP MD VB DT NN IN DT RBR JJ NN IN DT NN . DT RBR JJ NN MD VB DT JJ NN IN JJ NNS . DT NN , IN DT NN IN NNS IN DT NNP NNP NNP -LRB- NNP -RRB- , NNP NNPS , VBZ RB DT NN NN IN DT NNP IN NNP . VB VBN IN JJ NNS IN DT JJ NN HYPH CD NN CC VB PRP$ NN NN IN JJR NN IN NN CC NN . IN DT NNS VBP VBN JJ NN IN VBG DT NN IN NNS IN NN HYPH CD IN DT JJ NN IN NNP HYPH NNP HYPH CD , NNS VBP VBG DT NN IN PRP VBZ TO VB , VBG NNS IN PRP$ JJ NN WDT MD VB WRB PRP VBZ . NNS VBP WRB DT NN IN JJ NN VBZ IN DT JJ NN CC VBZ RP IN DT VBG NN . IN DT NN IN NNS , DT NN VBZ RB DT NN IN NN IN DT JJ NN . DT NN IN NNP VBD RB VBG NN IN NN NNS , VBG JJ NN NNS PRP VBD IN NNS IN NNP . RB , IN NN NNS VBD VBG NN HYPH CD NNS IN NNP , DT NN VBD TO VB PRP$ NN TO VB IN NNP HYPH NNP HYPH CD . VBG IN NNP NNP NNP , DT JJ NN IN DT NNP IN NNP NNPS IN NNP CC NN IN DT NN NN , `` UH -RRB- PRP VBD DT JJ NN IN DT NN IN NNP TO VB JJ TO VB TO VB WRB DT NN VBZ VBG IN PRP$ NN . IN DT NN , PRP VBD PRP MD VB DT JJ NN . '' IN VBG DT NN JJ NNS IN PRP$ NN , DT NN VBD CD NNS VBN . IN DT , PRP VBD IN CD VBD NNP HYPH NNP HYPH CD . DT NN RB VBD JJ NN NN IN DT NN IN DT NNP HYPH NN HYPH CD NNS , WDT VBD PRP TO RB VB DT CD NNS IN DT NN POS JJ NN . IN VBG DT IN NNS IN NNP HYPH NNP HYPH CD VBN IN DT NN NNP POS NNP NNP , PRP VBD JJ IN CD IN DT NNS VBD DT JJ NN WDT VBD DT NN IN CD NNS IN PRP$ NN . IN NNP NNP , `` -LRB- IN -RRB- NN IN DT NNS WRB DT NN VBZ IN NN VBZ IN PRP VBZ DT JJ NN WDT VBD IN DT CD NNP NN . '' JJ NN VBZ VBN IN JJ NNS VBD DT NN IN DT NN IN DT NN IN DT CD NNP NN TO VB . DT VBN NN MD VB DT VBN JJ HYPH NN JJ NN : CC PRP MD VB DT VBN JJ NN IN DT NN IN JJ NN . DT NNS WDT DT NNP NN VBD IN NNP HYPH NNP HYPH CD VBP NNS IN DT NN WDT VBP DT JJ NN . DT NNS VBP IN DT NN VBZ JJ IN VBG NNP HYPH NNP HYPH CD VB JJ NNS , VBG PRP TO VB RB . VB IN JJ NN DT NN IN DT NN MD VB JJ IN VBG NNS RBR VB WRB NNP HYPH NNP HYPH CD VBZ NNS JJ . RB , PRP MD VB IN DT NN IN JJ NNS WDT MD VB DT NN IN DT NN IN DT JJ NN VBZ RB . RB , NNS VBP TO VB JJR NN RB . DT NN IN NNP VBZ RB VBG RB WDT NN DT NN VBZ IN DT NN DT NN VBZ . DT NNS VBP RB VBN RP IN DT NNP NNP NNP NNP , DT NNP IN NNP , CC NNP NNP NNP TO VB DT NNP NNP HYPH CD NNP NNP , WDT VBZ TO VB NNP HYPH NN HYPH CD NNS RB . IN JJ NNS IN DT JJS NNS VBG DT JJ NN CC NN HYPH CD , VB RB ."
123,716,mainstream,"NNP CD , CD , DT NN NN NNP VBZ VBN NN CD IN PRP$ NN IN DT NN NN IN VBG DT NN IN DT JJ IN CD NNS , DT NN VBD NNP IN DT NN NN . NNS MD VB CD NNS CD NNS RB IN DT NN , DT CD HYPH NN NN CC DT CD NN NN , DT NN NN VBD . DT NNP HYPH VBN NN MD VB RB CD NNS CD SYM CD NNS JJ CC CD NNS JJ CD CC RB IN NN CD . IN DT VBZ RB , DT NN VBD PRP VBZ TO VB NN CD IN NNP , IN NNS IN CD CC CD NNS . NNP CC JJ NNS VBP VBG TO VB DT NN TO VB NN HYPH CD , WDT VBZ VBN JJR IN CD NNS IN DT NNP NNPS RB . DT NNS IN NN NN IN DT NNP NN , WDT VBD DT RB JJR NN IN NNS , VBD VBG . DT NN VBD CD JJ NN NNS SYM CD , CD CC CD NNS , VBD VBN IN CD NNS CC DT IN PRP VBD JJ NNS . DT CD NNS WP VBD NNS IN CD CC CD NNS VBD RBS , VBG NNS WDT VBD RB RB JJ CC JJR IN DT NNS VBN IN NNS WP VBD VBN NN CC RB VBN , DT NN VBD . DT NN VBZ VBG VBN IN NN IN DT NNP NNPS IN NNP CC DT NNP NNP IN NNP CC NNP NNPS . PRP VBZ RB VBN NN HYPH VBN CC VBN IN DT JJ NN ."
124,456,conspiracy,"NN PRP VBP PRP DT JJ NN CC NN . PRP VBD RB VBN NNS IN NNP VBG NNP NNP CC DT NN , VBG IN DT NNP NNP VBD VBN VBN RP IN DT `` NN NN '' NN NN NNP NNP CC JJ NNP NNP NNS . PRP MD RB VB PRP NN IN PRP$ NNS VBD JJ . NNP NNP VBZ RB VBN RP IN NNP NNP CC DT NN NN , CC PRP RB VBD NNP IN DT NN IN NN TO VB JJ JJ NN WDT VBZ RB VBN DT NNP NN IN WP PRP RB VBZ . IN DT JJ NN , NNP VBZ VBN JJ NNS WDT VBP JJ CC JJ : PRP VBZ RB VBN PRP VBZ VBG NN CC NN , VBG DT JJ CC JJ JJ NN WP VBZ VBN TO VB DT JJ NN IN DT JJ NN IN DT NN . PRP VBZ VBN DT JJ HYPH VBN NNP CC VBN DT JJ NN IN DT JJ NN VBZ JJ NNS . PRP VBZ VBN IN DT NN NN MD RB VB JJ CC RB VBN IN NN IN `` DT WP VBP PRP . '' PRP VBZ VBN IN DT NN MD RB VB JJ CC IN NNP MD VB `` IN CC IN DT NN , '' VBG IN PRP VBZ RB VB DT NN VBN IN DT NN . PRP VBZ VBN IN NNS VB VBN TO VB IN `` JJ '' NN , RB IN NNP . IN JJ NNS , NNP , NN NNS CC NNS VBD VBN TO VB IN NNS VBD VBN TO VB VBN . RB , RB NN , PRP VBD IN RB IN EX VBZ DT JJ NN IN NNS , PRP MD RB VB NNP IN DT JJ NN . RB , PRP VBZ IN PRP MD VB IN JJ NNS WDT MD VB NNS , NNS CC NNS -LRB- RB NN . NN -LRB- VBG NNS IN VBN NNS . -RRB- IN NN , IN PRP$ NNS VBD VBN IN RB VBN NNS VBG NNP , PRP$ `` NN NN '' CC NNP NNP POS NN IN DT NNP NNP , PRP VBP RB VBN IN JJ NNS IN NNP VBZ RB JJ IN DT NNS IN NNS , DT NNS IN DT NNP NNP NN NNS CC DT NN TO VB NN NN IN NNP . DT VBZ DT JJ NN IN NNP VBZ PRP$ JJ NN TO VB IN DT NN JJ NN CC DT JJ `` NN NN '' NN . RB , PRP VBZ VBN IN NN CC NN IN NNP NNP , CC PRP VBZ VBN DT NNS , RB IN VBG DT JJ NNS WP VBD RP TO VB NNS -LRB- NNP NNP , NN . -RRB- . CC IN WP PRP VBP VBN , NNP VBZ RB VBG IN NN , CC PRP VBZ RB VBN RB IN DT JJ NN IN JJ IN PRP VBD VBN . PRP VBP VBN JJR NNS IN DT NNS IN DT JJ NN , RB . DT NN VBD VBN IN NNP , NNP NN , CD IN CD NN CC VBZ VBN IN IN NNP , NNP . PRP MD VB DT NNS IN DT NN IN DT NN CD NN ."
125,255,mainstream,"NN IN NNP NNP NN VBZ NNS `` VB PRP JJ CC VBP NN . '' RB RB . DT NN IN NNP NNP NNS NN NNP NNP VBD NNP IN DT NNS , RB IN DT NN IN NNP NNP CC NNP NNS , `` VB PRP JJ '' CC `` VB NN . '' DT NNS IN NNP NNP VBD IN DT NN IN NN NNS VBG PRP$ JJ NNS POS NNS CC VBG PRP$ NN IN DT JJ NN . `` DT JJ NNP NNP NN JJ NN VBD DT NN NNS IN NNS VB RP PRP$ NN NN NNS PRP VBP PRP JJ CC VBP NN , '' NNP VBD IN NNP . PRP VBD , VBG DT NN NN VBN IN NNP : `` PRP VBD DT NN NNS NN NNS NN NN IN DT NN CC RB VBD DT NN PRP VBD , RB PRP$ NNS VBD NNP IN PRP MD RB VB DT NN JJ JJ NN PRP VBP . VB VB IN PRP . '' NNP , DT JJ NN NN , VBD IN DT NNS IN DT JJ NNP NN IN DT NN NN , WDT PRP VBD `` JJ '' CC `` NN . '' DT NNS NNS IN NNP NNP CC NNP VBD JJ NN NNS VBG TO VB DT NN VBN IN DT NNP NNPS RB CD NNS RB . CD NNP NN POS NN VBD CD HYPH CC NNS IN DT JJ NN , WDT VBZ DT JJ VBN NN IN DT NN WDT VBZ IN DT NN . NN NNS IN NNP VBP VBN DT JJ NN NN , DT NNP NNP NNP VBD DT NN . CC DT NN IN JJ NNS IN CD NNS IN NN VBZ IN DT NN , IN DT NNPS IN NNP NNP CC NNP . JJR : PRP VBP DT NN JJ IN NNS . WP VBP PRP VB TO VB . DT NN NN POS NN VBZ RB IN DT VBN NN IN NNS VBP VBN IN NN . DT NNS IN NNS VBP NN , DT NNP VBZ . NNP NNP NNP , DT NNP NNP NNP NNP IN NNP NN , VBD NNP IN NN IN NNP POS NNS IN NNS MD VB JJ CC IN PRP$ NN VBZ VBN VBN IN JJ NNS IN IN DT NN IN NNS . `` PRP$ NNS , IN RB VBG VBN IN -LRB- NNS -RRB- , PRP VBP RB JJR , '' PRP VBD , IN DT NN IN DT VBP VBD DT NN VBP JJ . `` PRP VBP RB RB VB DT NN IN PRP VBP VBN DT NN . '' IN IN NNS IN NNS VBP NN , NNP VBD IN DT CD NNP NN IN WDT DT `` RB VBN , NN HYPH VBN NN NN JJ IN DT NN NN '' VBD VBN TO VB DT NN NN , DT NN VBN NN . CC DT VBN NN NN VBZ RB VB RB , NNP VBD DT NN : `` PRP VBP RB VBG NNS IN DT NN TO VB TO VB NN . '' NNP POS NN , NNP , VBZ DT JJ NNP NNP NN WP VBD DT NNP NNP JJ NN IN NNS IN PRP VBD VB RP JJ NN IN DT NN ."
126,449,mainstream,"-LRB- NNP -RRB- , JJ NN NNP POS JJS NN TO VB PRP$ JJ NN HYPH CD NN , IN NNP NNS , VBZ IN JJ NN IN DT NN VBN IN DT NNP IN NNP . PRP VBZ CD IN JJ NNS VBG VBN IN DT NN IN NNS VBP TO VB DT NN WDT VBZ VBN JJR IN CD RB . EX VBP RB DT VBN NNS CC NNS IN NN HYPH CD . IN DT NNP IN NNS CC NNS , VB RB : RB VBP DT JJ NNS IN DT JJ NN CC NNP POS NNS RB RB TO VB NN CC NN NNS : PRP VBD VBN IN DT NNP IN NNP CC VBN IN NNP , CC VBZ DT JJ JJ NN NN . PRP VBZ DT VBN NN IN DT JJ HYPH JJ NN VBN IN NNS IN DT JJ NN TO VB NN . JJ TO VB NN IN VBG NN HYPH CD IN RB DT NN . DT NN , NNP , MD VB RB CD NNS -LRB- $ CD -RRB- IN NN IN NNP , VBG IN NNP POS NN NN , CC DT NN VBZ RB VB TO VB IN PRP IN DT NN . DT NNS IN JJ NNS VBP RB VBN VBN . RB IN JJ HYPH NN JJ NNS IN NNS IN NNP . NNP CC DT NNP NNPS VBP RB VBN NNS . -LRB- NN CD -RRB- JJ NN IN NN MD RB VB IN NNP CC NNP . NNS IN NNS VBZ VBN IN NNP IN NNP . NN IN JJ NN VBN IN NNP CC NNP . NNS VBP DT JJ CC JJ NN MD VB CD SYM CD NNS TO VB . RB IN NNS CC JJ NN IN DT NN POS NN CC NN , NNP VBZ VBN NNS TO VB DT NN IN : NN VBN IN NN NN IN RBR NNP CC DT IN NN NNS NN IN CD , IN DT NNP VBZ RB IN NNS IN NNP , NNP , NNP , NNP CC NNP"
127,852,mainstream,"DT NN VBZ VBN WRB VB RB VBN VBN IN DT NNS IN PRP$ NNS , WP PRP VBD VBD VBD JJ `` NN NNS '' , PRP VBD IN DT NN . NNP NNP , CD , VBD IN NN IN DT NNP NN , VBG WDT NNS PRP MD VB , IN PRP VBD PRP VBD RB VBN DT , IN `` PRP$ NNS VBP NN IN JJ CC VBP RB VB IN NNS '' . `` NNP VBZ WRB PRP VBP RB JJ , '' PRP VBD . IN VBG DT NN , CC VBG IN DT NN , DT NN JJ NNP VBD IN DT NN IN NN NN IN NNP , NNP , CC VBD NNS IN NN NN , NN NN , NN CC NN . IN DT NN PRP VBD RP IN VBG DT NNS , NNS , CC NN -LRB- NNP -RRB- NN , WDT JJS NNS VBP NNS VBP IN NN TO VB NN , CC WDT DT NNPS IN NNP NNP CC NNP VBZ VBZ VBN IN CD NNS . `` DT NNP NNPS POS JJ HYPH NN NN NN NN RB CC RB VBZ DT NN IN NNS , '' PRP VBZ . DT NN VBD PRP VBD TO VB CC VB DT NN IN PRP$ NN , NNP NNP , WP VBD PRP$ JJ CD NNS VBN , IN PRP VBD PRP MD VB PRP RP . `` PRP$ NN VBD RB `` DT VBZ WP PRP VBP PRP TO VB '' , '' PRP VBD NNP . `` PRP VBD RB VBN RB WDT PRP VBP , DT JJS NN NN IN DT JJ NN MD VB VBN RP IN DT NN IN NN NN HYPH JJ NN IN DT . '' PRP VBD PRP$ NN VBD VBN IN DT VBN CC VBN JJ JJ NN , NNP NNP , WP IN DT NNS VBD EX VBD DT JJ NN IN DT NN NN CC NN JJ NN CC NN . DT NN PRP VBD VBD VBN IN DT NNP CC PRP VBD VBN JJ IN JJ NN IN DT NN IN NN NNS VBD IN JJ NNS . NNP NNP VBZ RB VBN PRP IN DT NNP , WRB NNP NNP VBZ IN DT WP VBP EX VBZ DT NN IN NNS CC NN , IN DT NNS IN DT JJ NN POS NNS . NNP NNP VBD IN CD VBG NN NNS WP VBD DT JJ NN IN DT CD NN IN NNP RB IN DT NN . DT CD HYPH NN HYPH JJ , WP IN CD VBD VBN IN DT NN IN NNS IN DT JJ JJ NN IN NNP IN PRP VBD CC VBD PRP$ NNS IN PRP , JJ NN VBD DT NNP : `` PRP VBD VBN IN DT NNS IN DT WP VBD TO VB PRP VBN . IN JJ NNS , DT WP VBD DT NN IN VBG DT NN NN . '' VBD IN PRP RB VBD EX VBD DT NN , PRP VBD : `` VBZ EX DT JJ NN TO VB . RB . VBP PRP VB NNS VBP NN . UH PRP VBP . VBZ DT NN RB RB JJ IN DT NNP . UH PRP VBZ . '' DT JJ NN IN NNS IN DT NN VBP NNP NNP VBZ JJ CC VBP IN RB JJ IN CD NNS VBG DT NN IN NN CC DT NN NN . CC NNP NNP CC PRP$ NN MD VB RB VBN IN NNP . PRP VBD NN . NNP PRP$ NN POS NNS VBD VBD DT `` NN IN DT NN '' . `` PRP VBD IN PRP VBG IN PRP , VBG `` PRP VBP RB VB NN , PRP VBP RB VB PRP IN NN . PRP VBP RB VB WP PRP VBP VBG IN . PRP VBD VB DT JJ NN CC PRP VBP TO VB VB PRP '' , '' PRP VBD . DT NNS IN NNP NNP VBP IN NNP NN VBZ VBN DT JJ NN VBG DT NN IN NNS IN JJ NNP NNP WDT VBZ VBN IN JJS CD NNS , RB NNS . DT CD NNS VBP VBN VBN IN VBG NNP NNP , NNP . DT NN VBZ VBN VBN IN NNP NNP , WDT VBZ NNP . CC NNP CC NNP VBP IN CD NNS WDT VBP NNS TO VB IN NN JJ IN IN JJ NNS . DT NN NNS VBD TO VB VBG NNS IN DT NNS . CD NN VBD CD HYPH IN HYPH CD NNS VBG NN IN NNP , VBP RB VBN VBN ."
128,1262,conspiracy,"RB NNP VBZ NNS : IN NN PRP VBD RB RB VB . `` NN : DT NN CC DT JJ NN RB VBD DT NN IN DT NN IN DT NN VBN IN DT NN . DT NN VBZ VBN VBN . '' DT VBZ PRP . DT VBD DT JJ NN IN PRP$ `` NN '' IN DT NN VBN TO VB NN IN NNS CC VB PRP VBG TO VB PRP$ NNS . RB , PRP VBD VBN CC VBN JJ , IN `` NNS '' PRP VBD VBG TO VB NNS IN VBD RB DT NN IN DT NNP NN . VB , PRP$ NNS CC PRP VBD DT NNS CC RB VBP NN NN . SYM NNP NN : NN NN IN NNS VBD VBN VBN , NN NNS VBP PRP VBP IN RB RB , IN NNS IN VBN NNS VBP PRP MD VB PRP$ NNS VB NN RB IN DT NNS CC VB DT `` JJ '' NN RB IN VB DT NN CC IN DT NN VBN NN , PRP MD VB PRP , DT NN VBZ JJ PRP . UH VB IN PRP VBP . CC IN DT NNS WP VBP CC VBN PRP$ NNS IN NN IN NN -LRB- IN PRP VBD DT NN -RRB- CC VBP VBN VBN IN DT NN WDT VBZ JJ NN MD VB IN PRP . DT NN VBZ JJ DT . WDT VBZ WRB PRP VBP PRP TO UH , VB DT NNS IN DT JJ NN IN VBG DT NN . NN CD : NN TO VB RB VBN , IN NNS IN JJ NN"
129,762,conspiracy,"NN : IN DT NNS IN NN IN NNS , DT NNS IN VBN NNS IN NN RB VBN IN NNS VBP RB RB HYPH VBN , RB IN NN IN WRB NNS IN NNS VBP NN CC WRB NNS JJ IN NNS CC JJ NNS IN NN NN NN . JJ NN NNS VBP VBN IN RB JJ JJ NNS , IN DT NN IN NNP VBN IN JJ HYPH NN NN NNS VBN IN DT NN VBG DT JJ JJ NN . IN DT NN , PRP VBP DT VBN JJ NNS CC JJR HYPH NN JJ HYPH NN NN , NN IN CD NN NNS : DT JJ NNP NNPS IN NNP NNP CC NNP -LRB- NNP -RRB- NN , DT JJ NNP NN VBG JJ NN CC DT NN NNS , CC NNP NNP NNP POS `` NN JJ NN '' NN . . JJ JJ NNS -LRB- NNS -RRB- IN NN -LRB- IN DT NN IN NN NN , NN NN , CC NN NN NN -RRB- VBP JJ IN DT JJ NN NN VBN IN NNP , NNP CC NNP -LRB- CD -RRB- , VBN IN DT NN POS NN IN CD NN IN NN IN NN IN NNS . VBG DT JJ NN NN IN CD NNS CC VBG NNP POS NN -LRB- VBN IN NNP , NNP CC NNP -RRB- VBZ IN DT NN `` JJ '' NN IN CD NN IN NN IN NNS IN NN NN IN DT NN IN VBG DT NN NN HYPH VBN JJ NN NN -LRB- NNP : NNP , NNP CC NNP , CD -RRB- : NN CD . DT NN , VBN IN NNP , NNP CC NNP , VBZ DT JJ JJ NN NN IN JJ NNS WDT VBZ NN NN . IN DT NN , PRP VBZ IN DT JJ NN CC NN NN IN DT NN IN DT NNS VBP VBN . DT NN NN IN NN NN VBD VBN IN IN NN NNS IN DT NN TO VB DT JJ JJ NN -LRB- NNP -RRB- IN NN NN IN DT NN IN DT NN POS NN CC NN NN . . NNP LS . NN NN NN IN NN NN VBN IN NN POS NN -LRB- NNP POS NN -RRB- VBG NNP , NNP CC NNP -LRB- CD -RRB- . NN IN DT JJ NNS VBZ DT NN IN DT NN IN CD NN IN NN IN DT NN -LRB- NN CD -RRB- . RB , IN IN JJ NNS RB VBN RB IN CD , CD , CC CD NNS , DT NNP NN VBZ DT NN RB VBG DT NN NN -LRB- -LRB- CD -RRB- , CD -RRB- . VBG DT JJ NN NN VBN IN DT NN POS NN IN DT NNS RB VBZ IN NNS WDT RB VBP DT VBN JJ NN IN JJ NN -LRB- NNP , NNP CC NNP , CD -RRB- . VBG NN POS NN IN DT JJ NNS VBZ PRP TO VB DT JJ NN IN DT NN IN JJ NNS VBN IN DT NN HYPH NN VBN JJ NN -LRB- NN CD -RRB- . NNP LS . NN NN IN NN IN JJ CD NNS IN CD NN NNS . DT NNP NN VBZ DT VBN NN IN NN IN DT NN IN VBG JJ NNS VBG NN VBG VBN RB . VB IN IN DT NNS IN NN DT JJ NN IN DT NN VBZ VBN IN DT CD NNS , DT VBZ IN JJ NN NN CD . NNP LS . NN NNS IN NN NN -LRB- NN -RRB- NN IN CD NNS CC CD NNS . `` DT NNS IN NN , VBG PRP$ JJ , VBP NN NN NN NNS IN NNS , WDT RB VBZ DT RB JJ NN NN NN IN NNS CC NNS . JJS NN IN NN VBZ VBN IN NN IN NN IN DT NN IN DT NN IN DT NN . JJ NN IN NNS VBZ RB RB VBN : NNS POS NN NN NN -LRB- NN -RRB- VBZ RB RB RB IN NN . '' ."
130,353,mainstream,"NNP NN NN NNP VBD VBG JJ NNS IN NNP IN DT JJ JJ NNS IN DT JJ NN IN DT JJ NN VBN IN DT JJ NN IN NNS . DT NNP , NNP HYPH VBN NN VBD DT NN NN , NNP HYPH CD , VBD TO VB DT JJ NN IN CD NNS WP VBD PRP JJ IN DT VBN IN NNS VBG IN DT NN . `` DT JJ NN CD NNS , IN RB , VBP IN NN IN NN HYPH CD VBZ DT JJ NN IN DT NN VBN IN JJ NN , '' VBD NNP POS JJ JJ NN NNP NNP . `` DT NNS VBP PRP$ NN IN NNP HYPH CD VBZ DT NN TO VB NN HYPH CD NN CC VB PRP$ NN TO VB DT NN IN JJ NNS , '' NNP VBD . NNP , WDT VBD VBN CD NNS RB , VBD DT NN `` VBD RB JJ CC RB VBN '' CC IN NNS VBD RB JJR IN NN CC NN IN DT NNS . IN DT NN NN , NNP NN NNP NNP VBD DT JJ NNS VBD NN IN NNP HYPH CD VBZ `` DT JJ NN TO VB NN '' IN DT NN . `` PRP MD RB VB JJR IN DT JJ NNS , '' NNP VBD IN DT NN CD NN , DT JJ IN CD IN DT NN IN DT NN . JJ NNS VBN IN NNS VBD IN DT NN VBD DT NN IN VBG IN PRP$ NNS , VBG IN DT NN . DT NNP NN VBZ VBN RB PDT DT CD NNS IN DT NN IN NNP POS NN NN . PRP VBZ VBG VBN IN DT NN IN DT NNP NNP IN NNP CC NNP NNP VBN IN NNP NNP CC DT JJ NN VBD VBN RP IN DT NNP NNPS IN NNP . NFP `` RB RB IN RB JJ '' , CD NNS IN CD NNS JJ CD IN CD VBD CD JJ NNS IN DT NN IN DT NN CD NN , DT JJ NNS IN WDT VBP RB RB VBN . DT NNP CD NN , IN CD NNS , VBZ RB VBN DT JJ NN IN DT NNP NNP CC NNP NNP CC NNP VBD PRP MD VB DT NN . DT NN CD NN , DT JJS CC RBS JJ TO VB DT NN IN DT NN , MD VB IN NNP . `` DT NNP NN VBZ TO VB IN VBG RB RB IN RB JJ TO VB PRP$ JJ NN CD NN IN NNP , '' VBD NNP , NNP POS NN . VBN IN DT NN CD JJ NNS , NNP VBD PRP MD RB RBR VB DT JJS NN IN DT JJR NNS VBD TO VB DT NN . `` DT JJR DT NN , DT JJR NNS PRP VBP TO VB JJ TO VB , '' VBD NNP NN NNP NNP . NNP NNP NNP VBZ VBN IN PRP VBZ CD CD NN NNS IN NNP CD TO VB DT NNP NN CC PRP$ NN VBZ VBN NN IN NNP , NNP CC NNP , CC NNP POS NNP . DT NN IN DT NN RB VBZ NNS CC DT NN NN , WDT VBZ VBN JJR IN CD NNS , VBZ VBN JJ NN IN DT NN . DT CD JJ NNS VBP VBG NN IN DT NN , NN IN PRP IN NNP , VBG IN DT NNP NNP IN NNP CC NNP NNP . NNP VBZ VBN IN PRP VBZ VBG RP NNS IN NNS IN CD JJ NNS . DT NN VBZ RB RB VBG DT JJ CC JJ NN CC RB VBG NNS IN NNS . JJ JJ NNS , VBG NNP , VBP VBN PRP MD RB VB NN IN DT JJ NN RB IN DT NN IN DT IN DT JJ NNS . NNP RB VBD DT NN IN DT JJ NN NNP TO VB PRP$ NN NN IN IN IN CD CD NNS DT NN ."
131,1012,mainstream,"IN NNS IN DT NNS IN PRP$ NNS VBP `` RB JJ NNS RB RB , '' DT JJ NN VBZ IN JJ NNS , RB IN DT JJ NN , VBP RB VB DT NN IN NN . IN DT JJ CD NNS IN NN , NNS VBP RB JJ IN CD NN NNS IN CD JJ NNS , CC IN DT NN PRP VBP CD NNS JJ , DT NN IN CD NNS IN CD NNS . JJR IN PRP$ NN NN JJ : NFP IN NNS : CD NNS WDT MD RB VB NN SYM CD JJ NNS WDT RB MD RB VB RB IN DT CD NN , RB DT NN IN NNS VBD NNS IN PRP$ NN VBD RB JJ NNS IN NN CD , CC RB JJ NNS IN DT JJ NN . JJ NNS VBP VBN DT NN IN DT NN IN NNS DT NN VBZ CC PRP$ NN IN JJ JJ NNS -LRB- IN DT NNS VBD RB RB VB NN -RRB- . DT JJ NN VBD DT NN RBR IN VBG IN DT NN IN DT NN POS JJ NN IN NNS : DT NNS IN NNS WDT VBP DT NN POS NN NN : CC PRP$ CC PRP$ NN IN NN . DT NNS VBD IN JJ NN NN RB IN DT JJ NN IN NNS NNS VBN IN , IN DT NN IN NNS POS NNS VBZ DT NN IN `` RB PRP VBP RB JJ JJ NN , RBR RB IN DT JJ NN POS JJ NN MD VB , '' VBD NN NN NNP NNP NNP , IN DT NNPS IN NNP NNP CC NNP . -LRB- DT JJ NN IN NNS MD RB VB RB JJ DT NN IN JJ NN IN NNS VBP JJ NNS IN NNS , CC DT VBP IN JJR IN CD NN , NNP VBD . -RRB- NNP CC NNS VBD NN IN RB CD NNS IN NN CC CD NNS IN NN , VBN IN CD CC CD . NNS IN NN VBD VBN IN RB JJ JJ NN IN NNS IN NNS IN NN IN NNS CD NNS , CD NNS CC CD NNS . EX VBD RB DT NN IN DT CD NNS IN NNS IN DT JJ NN IN NNS PRP VBD VBN IN IN DT JJ NN . `` JJ NNS WDT PRP$ NNS VBP VBG RB JJ NNS IN DT JJ CD NNS IN NN , CC RB JJ NNS IN DT JJ NN NN VBP RB VBN IN NNS IN DT VBN NN IN NN , '' DT NNS VBP IN DT NNP CD NN IN DT NNP IN NNP . NNS VBP VBN IN JJ NNS CC JJ NNS WDT VBP PRP$ JJ NNS IN DT JJ NN NNS VBP , CC VBZ VBN VBN IN NNS MD RB VB NNS IN NNS IN RB , DT NNS VBD . IN NNS NN VBP JJR NNS IN NNS IN DT NNS , DT NNS VBN NN VBP JJR NNS . RB IN NNS IN DT NNS VBD VBN IN RB CD CC CD NNS IN DT JJ CD NNS IN NN , NNS NN VBP VBN IN RB CD NNS , DT NNS VBD . NN CD NNP , DT NNP NN . DT NNS VBN . DT NN MD RB VB VBN , VBN , VBN CC VBN ."
132,477,conspiracy,"NNP NNP VBZ NNP TO VB VB IN NNP NN IN DT JJ NN VBZ IN JJR NN IN NN DT NNP NN VBD IN DT NNP RBR DT NN TO RB VB IN DT NN IN DT NNP IN NNS DT NN VBD NNS VBG DT NN IN NN NN CC DT NN NN . CD NNS IN DT JJ NN , NNP NNP NNP IN NNP VBD IN PRP RB VBG NNP TO VB NNS VBN IN JJ NNP NN NNP NNP NNP , WP VBD PRP CC JJ NNP NNS VBD NNS VBG DT JJ NN IN NNS IN DT NNP , NNP CC NNP NN IN DT JJ NN CC NN HYPH JJ NNS . -LRB- NN -RRB- '' : -LRB- PRP RB VBZ JJ IN PRP IN IN DT JJ NNP NN IN NN NNS , PRP VBD RB VBN IN PRP$ NN VBZ VBN RP RB CD CD NNS IN DT NN NN NN NN IN NNS WDT VBP VBN VBN IN NNS , '' NNP VBD RP . IN DT IN HYPH NN NN VBN JJ NN , NNP VBD IN NNP NNP NNP IN PRP CC JJ NNS VBD CC VBD NN IN VBG DT NN IN DT JJR NN RB VBN IN DT JJR NN CC NN IN NN . NNP RB VBD NNP NNS WDT VBD VBN VBN , CC WDT PRP VBD TO VB NNS IN . `` PRP VBP PRP VBZ PRP$ NN WDT DT NNS NNP NNP VBD VBP RB VBN , '' NNP VBD , VBG NNS VBN IN PRP$ JJ NN . CC DT VBD RB NN IN WP NNP NNP POS NN VBD VBN RP . `` DT NN IN NN IN JJ NN NN VBD VBN IN JJ NNS , JJ NNS . DT NNS IN DT NN VBP IN RB JJ NN , '' DT NN IN DT NN , NNP NNP NNP , VBZ . `` JJ IN DT NNP POS JJ NNS , DT NN IN JJ NN IN JJ NNS VBZ VBN TO VB RB DT IN JJ NNS . '' IN VBG PRP$ NNS VBG PRP VBD `` RB , RB JJ , '' NNP VBD NNP TO VB DT NN IN DT NN NNS . `` VBG DT NN IN DT NN POS NNS , RB RB IN DT NN IN DT NNP , DT NN CC DT JJ NN VBZ VBN . RB PRP VBP NNP NNP , PRP VBP , PRP VBP PRP$ NNS IN DT NNPS NNS TO UH , UH VB JJ NN , '' NNP VBD . DT NN VBD VBN : NNP , NNP CD , CD IN CD NN"
133,102,conspiracy,"DT NN IN NNP NNP VBZ VBN IN CD NNS VB VBN IN DT NN PRP$ NN VBD DT NN IN NN . DT NN IN DT CD NNS VBD NNS IN JJ NNS NNS CC DT NN IN PRP$ NNS MD RB VB VBN TO VB NN IN DT NN IN PRP VBD VBN . DT NN VBD IN JJ NN IN NNP NNP , IN NNP POS JJ NN . DT NN VBD RP IN DT NN IN DT NN , WP VBZ VBN IN IN NNP , IN DT NN -LRB- NNP -RRB- VBD TO VB IN NN HYPH NNS CC NNS IN DT NN POS NN . NNP CC NNP VBP DT CD JJ NNS IN DT CD HYPH NN NN WDT VBD IN CD . DT NN VBD TO VB IN NN DT NN VBN IN DT NNP NN , NNP NNP NNP NNP -LRB- WP PRP VBP VBN CC VBN DT NN IN IN IN JJS CD NN -RRB- , WP VBD IN DT JJ HYPH NN NN IN DT NNP NN WP VBD IN NNS TO VB IN VBG PRP$ JJ NN . DT JJ NN VBZ DT NN IN DT NNS IN VBG NNS IN NNS VBN IN NN . VBG IN NNP NNP : NNP NNP VBD NNP NNP NNP NNP POS NNS TO VB IN NN , NN CC NN RB RB IN PRP$ NNS TO VB DT NN IN `` NN NNS . '' `` PRP VBZ JJ TO VB IN CC RB DT VBZ NN NN CC DT VBN VBG NN , '' NNP VBD IN PRP$ CD HYPH NN NN . `` VBN IN PRP VBZ IN PRP$ NN , PRP$ NN CC NN VBZ IN DT NN NN . '' NFP PRP VBD VBN IN NN NNS VBD DT NN : RB RB IN DT NN POS NN VBZ IN DT JJR NNP NNP NNP NN IN WDT DT NN VBD NNS TO VB NNS IN NN . PRP VBD PRP VBD VBN DT JJ NN RB , VBG : NNP VBZ DT VBZ RB JJ , CC VBD PRP VBD IN DT NN NN CC `` VBD VBG NNS IN JJ NNS IN WP VBD VBG IN DT NN NNS . '' PRP VBD PRP VBD VBN IN DT NN IN JJ NNS CC VBD PRP VBD DT NNS VBN IN DT NN NN RB RB IN NNS CC NN NNS IN VBG VBN . NNP VBD IN VBG IN NN WDT PRP VBD VBD JJ . SYM NNP , NNP VBZ NNP VBZ IN NN IN DT `` NN IN NNP NNP NNPS '' IN VBN IN DT NN NN NN NN DT NN IN NNP VBD VBN IN DT NN , CC DT NN VBD PRP IN NNP TO VB PRP VB PRP$ NN . NNP VBZ DT NNP NN WP VBZ RB VBN NNS . PRP VBD IN DT NN IN NN IN NNP NNP , DT NNP NN WP VBD NNS IN DT NNP VBG NN . VBG IN NNP : IN DT NN IN DT NN VBD NNP TO VB IN PRP$ JJ NN , PRP VBD TO VB NNP IN DT NN NN IN NNS , VBG DT JJ NN IN NN IN NNP POS NNS CC NNS . `` CD IN DT NNS WDT PRP VBD VBZ RB JJ NN TO VB VBZ NNS , '' NNP VBD . `` DT VBZ RB RB DT NN . PRP RB VBZ NN , WDT VBZ RB RB VBN IN DT NNS IN JJ NNS . PRP VBZ DT NNS VBP JJ IN DT VBN CC VBN NNS VBP RB VBN IN VBN NNS . '' NNP VBD CD VBG NNS IN DT NNP NNP NNP IN WDT NNS VBD IN DT NNS IN NN VBD DT NNS IN RB VBG VBN , IN IN NNS IN NNS IN DT NN IN NN IN DT NN IN JJ CC NN NNS . NN VBD IN NN VBZ RB VBN IN NN , CC DT CD NNS VBD RB VB IN DT NN . DT NN VBD : NN VBD IN NNP MD VB JJ NN IN DT JJ CC JJ NNS IN CC NNS CC IN PRP MD VB VBN VBG IN NN NNP POS NN NN . NN CD : NN TO VB RB VBN , IN NNS IN JJ NN"
134,104,mainstream,"NNP NNP VBZ DT JJ NN IN NNS WDT VBZ IN DT NNS VBN IN DT JJ NNS VBG DT NN : NN IN NN NN -LRB- CD -RRB- , NN IN NN NN NN CD , WDT VBZ NN IN NN NN NN CD -LRB- DT RBR JJ IN DT CD NNS -RRB- -LRB- VB NN NN -RRB- , -LRB- CD -RRB- DT JJ NN IN NN NN , -LRB- CD -RRB- CC DT JJ NN IN NN . -LRB- CD -RRB- IN JJ NN NN VBZ DT NN IN NN NN NN CD , DT NN VBZ RB VBN RB IN NN . IN NNP , DT NNP VBZ NN NN . DT VBZ RB VBN DT NN NN CC VBZ RB RB VBN IN DT NN . -LRB- CD -RRB- DT NN VBZ RB VBN IN NNS IN CD SYM CD NNS IN NN , VBN IN CD SYM CD NNS IN NN , CC RB CD SYM CD NNS IN NN . DT NN VBZ VBN RB IN CD NN IN NN CC RB RB , CC DT CD NNS VBG IN JJ CC JJ NNS . DT NNS POS VBN NN NNS MD VB IN DT . -LRB- CD -RRB- NNP VBZ RB VB NN IN NNP , CC DT NN IN NN IN NN RB VBZ NN NN NN IN NN IN NN , NN , CC NN . NNP , NNP , NNP , CC NNP VBP RB DT JJ . DT NNS VBP RB VBN RB CC PRP VBP JJ . NN , NN NN CD -LRB- RB NN -RRB- , NN , CC NN VBP VBN IN DT CD , CC RB NN VBZ NN . NN NNS VBP RB RB JJ IN DT JJ HYPH NN NN IN DT NN IN DT NN . -LRB- CD -RRB- JJ NNS VBP RB IN JJ NNS WDT MD VB IN JJ NNS WDT DT NN MD VB IN PRP$ NN . -LRB- CD -RRB- DT NNP NN VBZ IN DT JJ CC JJ NN NN NN . DT NN VBZ DT JJ JJ NN WDT VBZ JJ NN , NN , JJ JJ NNS JJ IN NN CC NN , CC NN NN , RB RB IN JJ JJ NNS CC NN , JJ NN , CC NN . -LRB- CD -RRB- EX VBZ DT JJ NN JJ IN DT NN NN NN . NN VBZ JJ CC VBZ IN NNS TO VB JJ NNS , NNS IN NNS , CC JJ NNS TO VB NN . -LRB- CD -RRB- VBN DT NN IN NN CC DT JJ NN IN NN NNS IN DT NN , DT JJ NNS VBP DT NN NN . PRP VBZ VBN IN DT NN NN VB IN NN RB IN DT JJ NNS VBP RB DT NN . NN VBZ VBN IN DT NNP NN VBG DT NN NN CD . NN NN CD VBZ JJ IN DT JJ , JJ NN NN NN . DT VBZ DT JJ JJ NN RBS VBN IN NN CC NN -LRB- NN IN DT JJ NNS -RRB- . -LRB- CD -RRB- JJ NNS CC NNS VBP RBS JJ IN DT NN . NNP RB VBZ IN DT RBR JJ NN , NN NN CD -LRB- VB NN NN -RRB- . NN CD NN , RB VBN NN NN , VBZ DT NN NN JJ JJ NN VBN IN NN IN DT JJ NN . NNS VBP : NN , NN , NN , JJ NN NNS , JJ NN , CC DT VBN NN . -LRB- CD -RRB- NNP NN VBZ DT JJ NN IN NN , CD IN DT RBS JJ NNS DT NN VBZ DT NN IN . NN VBZ NN , JJ NN , NN , JJ NN , CC NN . DT JJ NN IN NN VBZ IN NN CC NN NN IN VBZ RB JJ . NN VBZ VBN IN NN HYPH IN HYPH NN NN , VBN NN NN , NN CC NN NNS , VBN NNS , CC RB DT NN CC NN IN NNS WP VBP VBN NNS IN NN RB . -LRB- CD -RRB- -LRB- VB NN NN -RRB- NNS IN CD NNS JJ CC JJ NNS VBP DT RBS JJ IN DT NN . DT JJ NN IN NNP VBZ IN NN . DT NN VBZ VB IN DT RB JJ NN WDT VBZ VBN IN NN , JJ NN , NN IN NN , NN , NN , CC RBS RB , DT JJ NN . DT NN NN VBZ CD IN DT JJ NN JJ NNS WDT MD VB NN NN . DT NN VBZ VBN IN NN HYPH IN HYPH NN IN JJ NNS JJ IN NN NNS , NNS , NNS , NN NNS CC VBN IN VBN NN IN NN CC IN JJ NN NNS IN NN CC NN IN DT VBN NN . -LRB- CD -RRB- DT VBZ JJS IN DT NNS IN NN NNS WRB VBG DT NN NN . DT NN VBZ RB DT JJ NN , CC VBZ RB VB DT NN RB . IN DT NNS , NN VBZ VBN IN VBN NN NN , NN CC NN NNS , CC NN IN DT RB VBN NN . NNS VBP DT RBS JJ CC DT NN RB VBZ RB CD NNS CC VBZ VBN IN NN , NN IN NN , CC JJ NN , JJ NN . PRP VBZ RB DT JJ NN . -LRB- VB RB NN -RRB- -LRB- CD -RRB-"
135,1158,mainstream,"CD IN CD NNP NNS VBZ DT NNS VBP NN IN JJ NNS , CC RB JJ IN DT JJ IN NN NNS VBP PRP$ NNS MD VB VBN . JJS NNS VBP TO VB DT NN IN PRP$ NNS POS NNS , VBG IN DT NN VBN IN DT NN IN CD NNS . JJ NN VBZ VBN DT NN IN NN CC NNS . `` CD IN IN CD NNS VBP IN NN VBZ DT JJ NN TO VB NNS IN PRP$ NNS , '' VBD JJ NN NNP NNP NNP IN DT NNP IN NNP . `` RB PRP$ NNS VBP RB VB PRP$ NN TO VB NNS IN PRP$ NNS MD VB VBN IN NN HYPH VBG NNS . '' IN CD , JJ NN HYPH NN NNS VBD IN NNS NNS IN NNP , NNP , NNP , NNP CC NNP NNP , VBD NNP NNP NNP IN DT NNP NNPS IN NNP NNP CC NNP . CD NN IN DT CD WP VBD JJ DT NN VBD VBN . `` PRP VBZ JJ IN NN VBD , '' NNP VBD , VBG IN NNS MD VB JJ . `` IN PRP VBP RB VB , DT NNS MD VB RB . '' NN IN DT NN HYPH NN NN VBZ IN DT JJ CC JJ CD NN WDT RB VBD VBN IN DT JJ JJ NN . DT NN VBD IN DT NN WDT VBZ NNP POS NNS VBD DT NN POS NN VBD RB CC RB . DT JJ NN VBZ VBN IN DT NNP IN NNP NN IN NNS DT NN RB , RB IN DT NN IN DT CD NN . RB , JJ VBZ VBN VBN IN NN WDT VBZ VBN TO VB DT NN IN NNS CC NN . JJ NN NNS IN NNP NNPS RB VBP NNS TO VB PRP$ NNS . `` RB IN PRP VBZ VBN VBN TO VB DT JJ NN , RB PRP MD VB JJR NNS IN DT MD RB VB DT NN , '' VBD NNP , WP$ NN VBZ IN DT NNP NN IN NNP , VBN NNP . DT NNS VBP VBG DT JJ NN , VBG NN HYPH VBG NNS TO VB JJ NNS CC VBG JJ NNS `` JJ . '' DT NN IN DT NN NN IN NNP VBZ PRP$ NNS POS JJ NN IN NN VBN NNS CC PRP$ NN IN `` NNS VBP RB VB NN CC JJ JJ NNS . '' `` RB , IN RB VBG PRP$ NN PRP VBP VBG JJ NN IN NNS IN JJ WP VBP VB PRP$ NNS . PRP VBP PDT DT NN TO VB NN HYPH VBN CC JJ , '' DT NN VBZ , VBG DT WP `` RB VBP '' NNS TO VB DT NN . `` PRP VBP PRP DT NN , '' VBD NNP NNP NNP IN DT NNP NNP IN NNP , NNP . NNS IN NNS VBP VBN TO VB DT NN , NNP VBD , CC RB DT NN IN NNS VBP VBN PRP$ NNS RB . `` NNS VBP VBN , `` VBP PRP IN VBG DT . PRP VBP RB JJR IN PRP , '' '' NNP VBD . DT JJ NN VBZ VBN IN DT JJ NN IN NNS IN NNS CD CC JJR . PRP VBD DT NN IN DT RB VBN NN IN RB JJ NNS . NNS VBD VBN NN NN IN PRP VBD RB RB VB PRP TO VB JJ NNS IN DT NNS VBD VBN . NNS VBD RB VBN IN DT NN NN CC NN NNS VBD IN NNS IN JJ NNS . CD HYPH CD NN IN DT NNS VBD PRP VBD `` DT NNS VBP NN IN JJ NNS . '' IN NNS , CD NN VBD IN DT NN , IN NNS , PRP VBD CD NN . RB CD NN IN DT NNS VBD PRP VBD VBN DT NN IN PRP$ NNS WDT DT NN VBD . IN DT , CD NN VBD PRP VBD VBN DT RB JJ NN IN JJ NN , CC NN , WDT MD VB JJ NN . NNS VBD NNS IN JJ NN -LRB- CD NN -RRB- , NN -LRB- CD NN -RRB- CC NNS HYPH NNS HYPH NN -LRB- CD NN -RRB- . NNS WP VBD DT NN NN , VBN IN NNS IN CD , VBD JJ NNS . NNS WP VBD DT NNP NN , DT NN RBS VBN IN PRP$ JJ NN NN , VBD PRP MD VB CC VBN IN NNS IN PRP CC VBD PRP$ NNS VBD RB JJ . DT NNS MD VB NNS VB JJR NNS TO VB IN NNS , VBD NNP NNP NNP NNP IN DT NNP IN NNP NNP IN NNP CC NN IN DT NN NN IN NNS . `` IN PRP$ NNS POS NN , PRP VBP TO VB IN NNS , '' VBD NNP , WP VBD RB VBN IN DT JJ NN . `` PRP VBP TO VB DT JJR NN VBG DT NNS IN NNS VBP WRB NNS VBP VBN DT NN IN NNS VBP RB VB NN . ''"
136,689,mainstream,"NNP POS NN IN DT NN VBD DT VBG NNS IN DT NN VBZ JJ . VBZ RP , JJ RB VBP VB CD WDT VBZ RB JJ TO VB . NNP NNP , NNP NN , `` NN NN : NN NNS VBG NNP HYPH CD NNS IN DT NN CD VBP NN , '' CD NNP CD CC , WP VBZ VBG JJS RB VBP NNS WDT VBP NN IN NN NN WDT VBP VBG TO VB NN NNS CC VB DT NNPS DT NN IN NN NN WDT JJ NNS VBP VBN VBG IN IN NNS . DT JJ NN VBN IN DT NNP VBZ DT NN TO VB CC VB DT NN . NNP NNP , NNP , `` DT NNP IN NNP NN , DT NN NN NN CC WP DT NN VBD , '' CD NNP CD DT NN , DT NN POS NNP NNP NNP , VBN IN CD , VBD TO VB DT NN . NNP NN , `` NN RB VBN IN CD HYPH NN HYPH JJ NN POS NN VBN IN CD NNS , '' CD NNP CD CC NNS RB VBZ DT NN IN JJS NNS VBP NN RB IN NN , WRB NN VBZ RB VBN IN IN DT JJ NN . NNP NNP , NNP , `` VBG NN . DT NN IN JJ NN : CC PRP$ NN IN NN , '' CD NNP CD RB , IN DT JJ CD NNS , NNP NNP VBZ VBN DT NN NN IN NNP NNS -LRB- NNP NNPS VBD DT DT NN -RRB- . VB VBG DT NNP NNP NNS CD NNS RB VBD RB VB PRP$ NN IN DT NNS IN VBG NNS IN PRP$ NNS IN DT . ADD , `` PRP VBP VBG DT NN NN IN JJ CC NN NN . , '' CD NNP CD NNP VBZ VBN IN NNS VBP NN , DT NN VBN IN JJ NN ."
137,863,mainstream,"NNP CD , CD , NN NN NNP MD VB DT JJ NN IN JJ NNS IN DT NN NN IN NNP , IN CD NNS VBG CD NN NNS IN DT NN , DT NN VBD NNP IN DT NN NN . NNP HYPH VBN NNP '' VBZ IN NN '' TO VB DT NN TO VB RB CD CD VBZ IN NN : CC RB CD CD NNS IN NN , VBG IN CD , DT NN NN VBD . DT NN MD VB VBN IN DT NN POS NNP NNS CC IN NN IN DT JJ NN NNP . DT JJ NN IN DT NN VBZ TO VB NNS IN VBG DT NN , DT NN VBD . DT JJ NN VBZ TO VB JJ NNS WDT VBP NN . JJ NNS VBP VBG TO VB DT NN NN . NNP VBD DT JJ TO VB JJ NNS IN NNS . DT NNS , IN DT JJ NN IN NNS , VBD DT JJ NN VBD JJ , DT NN VBD . DT NN VBD IN NNP CD IN PRP VBD VBN DT JJ NN IN VBG IN RB CD NNS JJ CD SYM CD . DT NNS VBP CD NNS CD NNS RB , IN DT NN , DT CD HYPH NN NN CC DT CD HYPH NN NN , DT NN VBD . IN DT VBN , NN HYPH VBN NN CD , CD NNS '' VBD VBN IN DT JJ NN NN TO VB DT JJ NN IN VBG JJ NNS , '' DT NN VBD IN PRP$ NNP NN NN . NN CD NN MD VB VBN IN NN IN DT NNP NNP IN NNP CC NNP NNPS , WDT VBZ NN IN DT NNP NNPS IN NNP ."
138,964,mainstream,"DT JJ NN VBZ DT JJ NN NN . VBN IN PRP$ NN VBP DT NNS IN JJ NNS , VBN IN DT NNS IN DT NN NN VBP DT NNS IN JJ NNS . CC WRB DT NN VBZ VBN IN VBN JJ NNS , NNS MD RB VB JJ . DT VBN NN IN NN CC RB VBN NN MD VB DT NN POS NN IN VBG JJ NN : DT RB VBG NN IN JJ HYPH CC JJ HYPH NN NNS , WRB NN NN NNS VBP RB JJ CC JJ . DT NNS VBP RB IN DT VBN NN : JJ NN VBZ VBN TO VB DT JJ NN IN DT CD CD NNS WDT VBP IN IN NN DT NN . RB , DT NN VBN IN NNP NNS VBZ VBN RB IN DT JJ NN WDT MD VB DT JJ NN NN RB IN DT NN POS NN . VBG NN POS NN HYPH VBG NN , PRP VBP , MD RB VB VBG NNS IN JJ NNS IN DT NN . IN NN NNS , DT NNS MD VB VBN CC VBN IN NNS , CC RB VB NN NNS TO VB CC VB NNS POS JJ NNS IN DT NN CC NN IN JJ NNS . DT NN HYPH JJ NN , VBN NN IN DT NN NNP NNP NNP , VBZ RB IN DT JJ NNS IN NN , CC VBZ RB RB VBN VBN IN NNS . CC DT NN POS NNS IN NNS VBP IN DT JJ NNS VBP CC JJ CC RB HYPH VBG , CC MD VB VBN IN NNS IN VBG NN . IN DT NN POS NN VBZ , JJ NNS MD VB IN VBG DT NN IN NNS IN JJ HYPH CC JJ HYPH NN NNS , WRB JJ RB VBP IN NN NNS CC NNS TO VB PRP$ NN NN . CC JJ NNS VBP IN CC JJ CC JJ NNS MD VB PRP$ NN : VBG IN NNS WRB JJ NNS TO VB DT NN IN NN VBP VBN JJS . `` VBG RP WRB TO VB JJR NN IN NN VBZ RB JJ IN DT NN NNS CC JJ NN NN , '' VBZ NNP NNP NNP NN NNP NNP , WP VBD RB VBN IN DT NN . CC JJ NNS WDT VBP JJ NN IN DT NN '' MD VB JJ IN NNS CC NNS , '' PRP VBZ . DT VBZ RB JJ VBN DT JJ NN IN NN IN NNS IN DT JJ NN , VBG DT NNP NNPS . IN JJ NNS IN NN , DT NNS , VBN IN NNS NNP NNP CC NNP NNP , VBP VBG TO VB NNS TO VB IN DT JJ NNS MD VB VBN IN NNS IN JJ HYPH NN NNS . VBN IN DT NNP CC NNP NNP NNP , NNS IN NNP , NNP , NNP CC NNP MD VB RB JJ NN . `` PRP VBP NNS TO VB JJ , '' VBZ NN NN NNP NNP , DT NN IN NNP NNP . `` DT NN VBZ JJ NN . '' IN RB JJ IN NNS , DT NNS PRP VBP NN IN JJ NN . VBN IN DT NN NN : DT CD HYPH IN HYPH CD NN IN JJ , CD HYPH CD HYPH JJ NNS WDT VBP JJR IN JJ NNS : PRP VBP VBN RP IN NNS WDT VBP JJ IN JJ NN , VBG RB WRB VBN IN JJ . IN DT NN IN CD NNS , DT NNS VBP IN IN DT NNS IN DT JJ NN IN NN , WRB PRP VBP VBN IN JJ NNS IN NNS , DT JJR IN PRP$ NN HYPH NN NN . DT NN VBZ RB VBN , VBG IN DT JJ NN WDT MD RB VB VBN IN VBG VBN IN DT NN IN CD NNS POS NN IN NN , DT NN POS NNS VBP . `` DT VBZ DT NN IN DT NN PRP , CC VBZ DT NN IN DT NN , '' NNP VBZ . `` PRP MD RB VB VBN , PRP MD RB VB VBN . '' IN RB , VBG DT NNS VBZ DT NN IN VBG DT NN NN . IN JJ IN DT JJ NN , NNS VBN IN NNS IN NN CC JJ NN VBD RP IN JJ NNS : DT NN , NN CC NN : WRB VBN IN DT NN VBN IN DT JJ NN , DT NN VBD . IN NN , DT NN MD VB DT JJ NN IN NN , NNP VBZ , CC VB VBN IN DT JJ NN NN NN WDT DT NN VBZ RB VBN CC VBN . RB IN JJ NNS , PRP VBZ , DT NNS VBP JJ RB IN `` PRP$ JJ NN IN NNS MD VB IN DT NN NNS . '' IN DT NNS PRP VBP RB VB RB JJ NNS , DT NNS RB VBD PRP IN NNS IN DT NN NN , WDT VBD TO RB VB PRP$ JJ NNS . DT VBZ DT JJ NN , NNP VBZ : TO RB VB DT NN CC DT NN IN NN , RB EX VBZ DT NN IN VBG CD IN DT JJ . CC WRB DT NN VBD DT NNS CD NNS RBR , PRP MD RB VB DT NNS DT NN NN VBD VBN . CD NNS VBZ DT JJ NN IN NNS , WDT VBP RB DT NN NNS , CC DT NN IN DT JJ NN IN DT NN . DT JJ NN , NNP VBZ , VBZ TO VB DT JJ NN IN JJR HYPH VBN NNS IN NNS , WDT VBP DT NN IN JJ NNS IN NNS , VBG DT NN IN PRP$ NN . RB , DT NNS MD VB JJ IN IN JJS JJ NNS , CC RB RBR , IN JJS NNS VBP VBN IN JJ NN , NNP VBZ . DT JJR HYPH NN NNS MD RB VB DT NNS DT NN TO VB JJR NN IN NN CC JJ NN NNS . IN DT NNS POS NN RB VBZ , DT NNS VBP RB IN JJ . IN RB , DT NNS MD RB VB DT NN IN JJ NNS . CC VBG JJR NNS MD VB DT NNS RBR JJ , RB VBG NN IN DT NN POS NN , NN , NN NN CC JJR . `` TO VB -LRB- NNS -RRB- IN NN CC NNS , '' NNP VBZ , `` PRP RB VBP DT NN IN NNS . '' JJR NN , RB , RB VBZ DT NN IN JJR NN . IN DT NNS VBP VBN , RB HYPH VBG , RB VBN CC RB VBN , JJ NN NNS MD VB RP RB IN JJ CD IN DT NN HYPH VBG NN , VBZ RP NNP NNP , DT JJ NN NN IN NNP NNP POS NNP NNP NNP POS NNP WP VBD RB VBN IN DT NN . WP VBZ JJR , DT NN POS NN VBZ DT JJ NN IN DT NN WDT MD VB NNS : RB NNS : TO VB CC VB JJ NN NNS , VBZ NNP NNP , DT NN NN NN IN DT NNP NNP NNP NNP IN NNP WP VBD RB VBN IN DT NN . `` PRP VBZ RB JJ RB TO VB NNS VBN TO VB IN DT NNS , '' PRP VBZ . DT NN NN IN DT , PRP VBZ , MD VB JJ NN . CC DT VBZ RB IN DT JJ NN . VBG DT NN JJ VBZ RB VB PRP MD VB VBN , CC EX VBP NN IN NNS WRB NNS MD VB TO VB RP IN PDT DT JJ NN . CD IN DT JJS NNS , NNP VBZ , VBZ NN , NN WDT VBZ RB DT JJ HYPH NN NN IN DT NN IN NN NNS . VBG JJ NN IN DT NN : RB IN DT NN WDT VBZ `` JJ '' IN DT JJ NN : MD VB NN , NN CC JJR . DT NN IN VBG NNS IN NN MD RB VB RB VBN , VBZ NNP NNP , DT NN NN IN NNP NNP POS NNP NNP IN NNP WP VBD RB VBN IN DT NN . JJ NNS MD VB DT NN IN IN NN CC NN , VBG , IN NN , IN NNS VBP VBG DT NNS TO `` VB '' NN IN NNS . VB DT IN DT NN WDT RB VBZ NN CC NN IN NNS IN DT NN , CC DT NN MD VB NN CC NN , PRP VBZ . VBN DT NN IN DT NNS , DT NN POS NNS MD VB RP VBG DT NN IN NNS CC NN NNS , CC JJ CC JJ , NNP VBZ . IN NN IN DT NN VBZ RB VBN RB , `` PRP VBP IN DT JJ NNS , '' PRP VBZ . `` PRP MD VB NNS JJR IN PRP RB VBP . '' NNP VBZ IN IN DT NN NNS RB VBP PRP RP IN DT NN , PRP MD RB VB JJ NNS IN NN , CC NN HYPH JJ NNS MD VB JJ IN DT JJ NNS . DT NN POS JJ NNS , PRP VBZ , MD RB VB DT NNS VB PRP$ NN IN NNS POS NNS , NNS CC NNS . DT VBZ JJ , NNP VBZ . VBG IN DT NNS CC NNS IN DT NNS WP VBP TO VB DT JJS IN DT NN VBZ NN WDT MD VB RB , CC VB . IN DT , EX VBZ DT NN IN VBG DT NN WDT DT NN VBZ VBG TO VB . IN DT NN IN PRP DT , DT NNS RB VBP DT RB JJ NN , NNP VBZ . PRP RB VBZ TO VB VBN IN DT JJ NN . PRP VBZ TO VB VBN IN DT NN NNS VBP DT NN . VBG IN RP MD VB `` DT JJ NN TO VB DT NN IN DT NN IN DT RB JJ NN , '' NNP VBZ . `` PRP VBP TO VB NN . CC PRP RB VBP TO VB IN DT JJ NN WDT NN MD VB . ''"
139,761,mainstream,"IN DT NN : NN NNP NNP POS NN IN NNP NNP NNP POS NN CC PRP$ NN IN DT NNP NN POS `` NN NN '' NN TO VB CC VB DT NN NN VBP FW NN NNS IN DT NN NN . IN DT JJ NNP NNP NNP NNP IN CD , PRP VBD DT JJ NN IN DT NNP IN NNP NNP VBG IN DT NNP NNP IN NNP IN PRP$ CD HYPH NN NN NN . IN NN IN CD NNS POS NN IN JJ NN CC NN , PRP VBP DT NN IN DT NNS CC NN IN NN IN DT NNP NN NN WDT VBD IN JJ NN . NNP POS NN RB VBD IN DT NN IN PRP$ VBN HYPH NN NN MD VB JJ NN TO VB IN DT JJ NN VBD . CC DT NN VBD RB RB VBN IN DT JJ JJ NNS VBG TO VB NN . RB , JJ NN IN DT NN VBD RB VB CC VB JJ NN IN NNP NNP CC NNP NNP NNS IN JJ NN IN DT NN NN , WDT VBZ VBN NN . NN NNS , JJ IN JJ NN , VBD TO VB JJ NN IN JJ NNS . DT VBG NNS IN NNS VBN CC JJ NNS VBZ VBN DT NNP NNP . JJ NNS POS NNS RB VBD NNS . IN NN , DT NNS VBD VBN JJ NN IN JJ NNS RB VBN , CC RB VBN IN DT NNP . DT NN NN VBD VBN , CC PRP VBD DT JJ JJ NN NN IN NN TO VB DT NN HYPH VBG NN . IN DT `` NN NN '' VB IN DT NN HYPH CD NN , DT NNP NN POS JJ NNS CC NN NNS IN JJ NNS , PRP$ NN IN NNS IN NNP NNP NNP , CC PRP$ NN IN NNP POS JJ JJ NN NNS VBP JJ IN DT NN POS NN RB RB IN NNP , CC RB . DT NN VBZ DT NN IN NN NN IN NNP NNP . IN DT NN : IN NNP CD , CD , NNP NNP NNP NNP VBD IN DT JJ NN IN NNP PRP$ NN IN VBG DT NN IN DT NN IN DT NN IN DT NN . IN DT NN , NNP VBD VBN RB CD CD HYPH NN JJ NN . RB NN VBD JJ , CC DT JJ CC JJ NN IN DT NN VBD VBN IN NN . VBG IN DT NNP NN , CD NN IN NNPS VBD VBN IN NNP POS NN NN . RB , IN DT NNS , IN DT NN IN DT NN NNP POS NN VBD DT NN . RB , NNP NNP POS NN IN VBG DT NN IN DT JJ NN IN DT NN IN DT NN VBZ VBN RB RB IN NN CC RB NN . WRB . IN RB JJ NNS CC NNS VBG RB TO VB DT NN , VBZ PRP JJ TO VB IN NN MD VB DT NN TO VB DT NN . RB , `` JJ NNS '' VBP VBN IN DT IN NN POS RBS JJ NNS . VB PRP VB DT NN NN VBZ DT `` NNP '' NN . IN DT NN : IN VBG PRP$ NN IN DT NN PRP MD RB VB TO VB , VB CC VB DT NN HYPH CD NN , PRP VBD VBN IN PRP$ NN IN DT NN NN IN DT NNS . PRP VBD CD NNS JJ WRB CD IN PRP$ NN NNS VBD IN CD NN . RB , PRP VBD RB IN PRP VBD IN NN IN NNP POS NN VBD JJ ."
140,568,conspiracy,"JJ NN : NNS VBG DT JJS NNS VBP TO VB DT JJS NN NN NNS DT JJ NN , VBN IN NNP CC NNP NNP -LRB- ADD DT NN HYPH VBN NN VBN IN DT NNP NNP IN NNP , VBD IN NNS IN JJR -LRB- JJR -RRB- NN NN NNS VBP TO VB PRP$ NNS JJR NN NNS . IN NN , DT NNP NNPS VBZ NNS TO VB CD NNS : DT JJS IN DT NN : CC JJR IN CD NNP NNS VBP IN DT CD JJ NNS . IN NN , NNP CC NNP VBP CD NNS IN NNS , DT JJS NN , CC VBP JJR IN CD NNS IN CD JJ NNS . DT NNS IN DT NN , NNP NNP NNP CC NNP NNP NNP , VBD DT NN NN TO VB DT NN NNS IN DT NNP NNPS CC DT CD NNS IN JJR JJ NN NNS IN DT NNP NNPS . DT JJ NN IN NN NNS VBN IN NNS VBN JJR IN CD NN VBD RB VBN IN DT NN . DT CD NNS VBD RB VBN IN NN NNS VBG IN JJ NN IN NN NNS VBN IN PRP$ NNS CC JJ NN NNS . DT NN NN IN DT NN NNS VBD NN IN DT JJ NN : NN NN NNS CC NN NNS VBP TO VB RB . NNS VBD RB VBN IN CD JJ NN NN NNS . DT JJ NN NN NNS IN DT NNS IN DT NN VBD RB VBN . NN VBD `` DT JJ RB JJ NN IN VBG NN IN NN NNS CC VBG NN NN NNS . '' PRP VBZ JJ TO VB IN JJ VBG NNS VBP PRP$ NNS TO VB JJ NN NNS CC VB JJ NN NN NNS -LRB- DT NN IN DT NN NN WDT VBZ VBN VBN -RRB- IN CD NN CC JJR , CC PRP$ NN NN NNS VBP JJ . NN NN NNS MD VB JJ IN NNS WDT MD VB JJ NN , JJ NN , VBN NN , CC JJR NN IN NN NN . NNS IN JJR -LRB- JJR -RRB- NN NN NNS VBP PRP$ NNS , IN NN , JJR NN NNS . DT JJ NN , VBN IN DT NNS , VBZ DT JJ NN : VBP DT NN NNS VBN IN IN HYPH NN . VBZ PRP JJ IN DT NNS VBP VBG RB JJ NNS IN PRP$ NNS CC DT JJ NNS VBP DT JJ NN IN PRP$ NN . NN RP IN JJ NN WDT VBZ IN NNP -LRB- NN -RRB- EX VBZ DT NN IN DT NN IN NNS MD VB RBR JJ IN NNS RB IN VBG VBN . IN NN , NNP VBD IN JJ NNS WP VBD IN NNS VBD RB RBS RB IN DT NN CC NN IN VBN NNS VBD RBS RB IN CD CC CD NNS : DT JJ NNS WRB JJ NNS IN NN VBD VBN IN NNS . PRP VBD IN NNP '' MD VB DT RB JJ JJ NN IN JJ NN CC JJ NN NN , CC IN DT NNS IN NN MD VB PRP$ JJ NNS . '' PRP VBZ IN IN DT NN NNS VBN IN NNS MD VB NN JJ , RB VBN IN JJ CC JJ NN IN IN IN HYPH NN . DT NNS VBP DT NN TO VB IN PRP$ NN NNS VBP VBG PRP$ VBN NNS . PRP MD VB DT JJ NN IN : ADD NN NN : DT NN VBD DT JJ NN IN DT NN NN IN DT JJ , JJ , CC RB HYPH IN HYPH NN NNS . JJ NN : DT NNP NNP NNP NNP -LRB- NNP -RRB- VBD $ CD CC NNP NNP VBD $ CD -LRB- IN NN IN PRP$ NN , NNP -RRB- IN JJ NN IN DT NN NN -LRB- VBG PRP RB JJ IN DT NNS -RRB- . NNP VBZ VBN IN VBG NN NNS CC NNS IN JJ NN . RB DT NN : NNP NNP NNP DT JJ NN . PRP VBZ VBN DT JJ CD NNS IN VBG NNS CC NN NNS IN NNS , VBG VBN NN CC JJ NNS . NNP NNP VBZ NNS IN NNS CC RB CC RB . JJ NNS WDT PRP VBZ VBN IN VBP DT NNP NNP NNP NNP , DT NNP NNP IN NNP NNP , NNP NNP , NNP NNP , DT NNP NNP IN NNP NNP , CC DT NNP IN NNP . IN NNP CD , NNP NNP MD VB VBG DT NN NN IN NNP NNP NNP POS NNP IN NNP NNP NNP . NNP NNP VBZ DT NN IN NN CC VBZ DT NN IN NNP . VB NN : NNP NNP NNP DT NN VBD VBN : NNP , NNP CD , CD IN CD NN"
141,913,mainstream,"NNP POS NNP NNP NNP VBZ VBN NN IN DT JJ JJ NN WDT PRP VBZ VBG IN DT NN IN NNP HYPH CD VBZ DT NNP POS JJ NN IN NNP . DT NNP NNP NNP -LRB- NNP -RRB- VBZ VBN IN VBG JJ NNS . NNP NNP POS NN VBZ RB VBN IN JJ NNS . DT NNP NNP VBZ RB VBN PRP VBD TO VB DT JJ NNS IN DT `` NN CC NN '' IN DT NN , VBN IN NNP HYPH NNPS . `` IN PRP VBD DT JJ NN WDT VBD RB VBN DT NN , MD EX VB RB JJ NN . PRP VBP RB VB RB , '' NNP NNP VBD IN DT NN IN JJ NN NN , NNP CD . NNP VBZ VBN CD NNP HYPH CD NNS CC DT NNS . DT NN VBD VBN RP IN JJR IN CD NNS IN CD NNS , DT JJ NN VBD DT NNP , WRB DT NN VBD RB VBN JJ NN , WDT VBZ RB IN NN IN NNP NNS IN JJ NNS . IN DT NNS , JJ JJ NNS , VBG NNP , NNP HYPH NNP , NNP NNP CC NNP , VBP RB VBN NNP HYPH NNPS , WDT VBZ VBN IN DT NN NN , DT NN IN DT NN VBN IN DT NN NN , CC JJ JJ NNS . NNP VBZ VBN NNPS VBD NN IN NNS WDT VBP VBN IN JJ NNS RB IN PRP VBP VBN IN JJ NNS . NFP WRB RB IN VBG DT NN VBP PRP . IN DT NN NN , NNP NNP VBD `` JJ NNS , MD RB VB VBN . '' CC EX VBZ DT NN HYPH VBN NNS TO VB IN NNP HYPH NNPS VBZ JJ . DT NN IN CD NNS IN JJ JJ NN VBZ VBN IN JJ NNS IN DT NNS MD VB VBN RP , DT NNP POS NNP NN VBZ VBN . EX VBZ RB VBN NN IN NNS IN DT NN MD VB NNS DT JJ NN IN NN WDT MD VB NNS TO VB PRP IN DT NN . JJ NN , JJR IN $ CD CD -LRB- $ CD CD -RRB- VBD VBN TO VB VB DT NN NN CC VB NN IN DT NN CC NN IN DT NN . NNS IN NN NNS VBG TO VB DT NN VBP RB IN NN IN DT NN . JJS NNS VBP PRP MD VB IN NN , RB CD SYM CD NNS IN DT JJ NN RB VBD , IN DT NN TO VB JJ . PRP MD RB VB JJ IN : JJ JJ NNS VBD RB IN VBG TO VB DT NN IN NN IN VBG NNS CC NNS . CC DT VBP RB VBG TO VB VBN IN NNS VBP TO VB NN CC JJ NNS . DT NN IN DT NNS VBZ VBN NN IN DT NN TO VB NNS . NFP DT JJ NN : WRB VBP PRP VB PRP . NFP NN NNS : MD PRP VB VBG CD ."
142,1069,mainstream,"NNP -LRB- NNP -RRB- : NN NNS , NNS CC NNS IN NNP VBD CD CD NNS -LRB- $ CD CD -RRB- IN NN TO VB DT NN IN DT JJ NN , CC VBD IN PRP VBZ RB DT NN IN DT NN WDT MD VB VBN IN NN TO VB DT NN . DT NNS , VBN IN DT NN HYPH NN NN VBN IN DT NNP NNP , VBD RB JJ IN DT CD CD NNS VBG VBN , CC JJR NN MD VB IN VBG NNS . RB JJ IN DT NN VBD DT NNP NNPS , WRB JJR IN CD NNS VBP VBN , CC NNP . IN DT NN , NNP NNP HYPH NNP NNP NNP VBD , DT NN VBG VBN NNP TO VB VB DT NN , JJ NNS CC JJR NNS IN DT NN MD RB RB VB IN DT `` NN HYPH NN '' IN DT NNS WDT MD VB VBN TO VB DT NN . `` TO VB NN , RB , PRP RB VBP CD NNS DT NN , '' NNP VBD . NNS VBP VBN RB CD CD NNS CC JJR IN CD NNS IN DT NN , VBG IN DT NN IN NNP NNP NNP . CC RB VBN NNS , JJ NN NNS CC DT NN IN NN NN NNS VBP DT JJ NN IN DT NN VBZ RB JJR . NNS IN JJ NNS IN DT NN , CC RB IN NNP DT NN , VBP RB VBG IN NN CC NNS VBP JJ IN DT JJ NN IN NNS , CC DT NN VBZ DT JJ JJ JJ NN TO VB NN IN JJ NN TO VB . `` IN DT NN IN RB DT JJ NNS PRP VBP RB VBN CD CD NNS IN NNS , NNS CC NNS , '' NNP NNP NNP NNP NNP NNP NNP VBD , VBG RP DT NN IN CD NNS . `` PDT DT NN MD VB VB HYPH VB JJ JJ NN . '' DT JJ NN VBD TO VB RB CD CD NNS -LRB- $ CD CD -RRB- IN NN NN , DT CD CD NNS IN NNS CC CD CD -LRB- $ CD CD -RRB- IN NN . DT NNS VBD JJ TO VB , IN VBG IN JJ NNS . DT NNS VBD NN IN PRP$ JJ JJ NN NNS VBN IN DT PRP MD VB IN JJ NNS . NNS RB VBD DT NN IN NNS IN PRP$ NN . NNS VBN IN NN NN IN NNP CD VBD RB VBN . RB IN JJ JJ NNS , NNS IN NN CC NN IN NNP , NNP , NNP , NNP , NNP , NNP NNP CC NNP VBD IN DT NN , IN IN NNP POS NNP NN . NNP NNP NNP VBD IN `` DT NN IN NN VBZ JJ , '' IN PRP VBD CD CD NNS IN NN IN NNP . RB IN JJ JJ NNS , NNS IN NN CC NN IN NNP , NNP , NNP , NNP , NNP , NNP NNP CC NNP VBD RB JJ TO VB , IN IN NNP POS NNP NN . JJ NNP NNP NNP NNP VBD IN `` DT NN TO VB DT NN TO VB DT NN VBZ RB DT NN IN NNS , CC DT RBS JJ VBN NN IN PRP$ NNS . '' IN DT JJR NNS , NNP VBD JJR IN $ CD CD IN NNP VBD CD CD NNS . NNP CC NNP , RB DT JJS VBN IN DT NN IN NNP , DT VBD PRP MD VB JJR IN CD CD NNS . NNP , DT NNPS CC NNP RB VBD CD CD NNS , CD CD NNS CC CD CD NNS , RB . NNP NNP , NNP IN DT NNP CC NNP NNP NNP , VBD IN VBG DT NN '' MD VB JJR IN VBG DT NN JJ IN DT RB JJS NN . PRP VBZ VBG TO VB JJR IN VBG PRP RB IN NNS IN JJ NNS . DT NN MD RB VB IN NNS RB MD VB VBN IN PRP . '' RB CD NN NNS VBP VBG NNS , IN RB DT CD IN JJ NNS IN JJ NNS CC VBN TO VB . CC RB RB EX VBZ DT NN TO VB WDT : IN DT : NN MD VB RB , CC RB TO VB DT NN HYPH NN . NNP NNP NNP , DT NNP NN POS JJ NN , VBZ VBN IN RB IN NN VBZ RB , VBG DT NN IN CD IN CD NNS MD VB DT NN IN NN . RB IN DT JJ JJ NN VBZ VBN , EX MD RB VB JJ IN NN RB . DT VBG NN IN NN NNS VBP PRP VBP RB VBG TO VB NNS IN NNS : VBG NNS IN NNS IN PRP VBP IN DT JJ NN CC VBG DT JJ NNS RP NN NNS IN PRP$ NN VBZ RP . VBN IN DT NNP NN , WDT VBZ IN PRP VBD NN IN DT NNP NNP NNP , DT JJ NN VBD IN `` DT NNP NNPS VBZ IN DT NN IN VBG $ CD CD IN JJ NN , JJ , CC JJ NN IN DT NN HYPH CD NN , CC PRP VBP TO VB IN DT JJ NNP NN CC JJ NNS IN DT NN VBP DT JJ CC VBN NN IN DT JJ NN IN NNP HYPH CD . '' DT NN VBD RB VBN TO VB DT NN IN NN CC VBD IN NN IN NN . NNP NNP IN NNP , NNP NNP IN NNP CC NNP NNP IN NNP , VBD IN DT NN ."
143,362,mainstream,"IN NNP CD , CD , DT NNP NN NN NN NNS , VBG CD CD NNS , VBP IN DT NNP NNP NNP NNP IN NNP , NNP . NNS IN DT NNP NNPS , NNP CC NNP VBD IN DT NNS , WDT VBD IN DT JJ NN DT RB HYPH JJ JJ HYPH JJ NN , WRB CC DT NN CC VBG NN VBD IN DT NN VBD DT NN CC DT NN . IN NN RBR , IN NNP CD , CD , NNS VBD DT NN VBD JJ CC JJ CC PRP RB VBD DT JJ NN IN NN NNS IN NNP . IN DT JJ NNS , NN NNS MD RB CC VB RP DT RB JJ NN IN DT NNP NNP . VB JJR : VB DT NN NN RB NN , VBN RB IN NN , VBZ DT JJ NN WDT VBZ VBN IN JJ NNS CC VBZ VBN IN DT NN . PRP VBZ RBS RB IN NNS CC MD VB IN NN . DT NN VBD NN NNS IN DT JJ NN IN DT JJ NN . IN DT NNS CC NNS , NN VBD VBN IN DT NN NN , DT JJ NN NN VBN TO VB NN NNS VBG IN JJ NN VB . NNP NNP NNP VBD VBN IN NN IN CD IN DT NN IN CD CC VBD VBN VBN IN DT NN RP CC VBN TO VB NN NNS CC DT NN IN DT NN IN PRP$ NN . IN CD , NNP VBD VBN DT NNP NNP IN NNP NNP , RBR VBD DT NNP IN NNP . DT NN VBD JJ IN VBG JJ IN DT NN VBG DT NN , VBG DT NNP NN NNS . DT NN IN DT JJ NN VBD NNP NNP HYPH VBN NN CC NN NNP NNP -LRB- CD CD -RRB- . NNP POS NN IN DT JJ NN IN DT NNS , IN IN DT NNP IN NNP NNP IN NNP NNP , VBD PRP , IN CD IN DT NNP IN NNP , TO VB DT VBN NN NN -LRB- NNP -RRB- , VBN IN DT VBN HYPH NN NN IN DT NN . DT CD NN NNS WDT VBD , DT JJS IN NNP NN IN DT NN , VBD VBN IN NNP POS JJ NNP IN NNP NN , NNP NNP NNP , NNP VB JJR : CD NNS PRP MD RB VB IN NNP NNP CC DT NNP NN IN DT JJ NNS , JJ HYPH VBN NN CC NN NNP NNP -LRB- CD SYM CD -RRB- VBD DT JJ NN NN -LRB- NNP -RRB- PRP VBD VBN IN DT VBN JJ NN . DT NN , JJR TO VB CC JJR TO VB IN NNP POS , VBD JJ IN NN IN NNP IN DT JJ NNS CC RB VBD NNP POS IN DT NN IN NN IN JJS NNS . NN , NN VBZ VBN VBN IN JJ IN DT NN IN IN DT NN , RB , EX VBZ RB DT NN IN DT NN CC PRP VBZ IN DT JJ NN IN NNS IN NNP CC NNP ."
144,234,mainstream,"WP MD VB VBN . NN CD NNS IN NN CC JJR , RB : NFP DT NNS WP VBP IN JJ NN IN NNS IN DT NN : NFP NNS IN JJ JJ JJ NNS IN NN , NN CC NN CC NN NN NFP DT NN NNS CC NNS WP VBP IN CC VBP IN DT IN JJ NN IN NNS IN NN , CC WP VBP IN NNS IN CD NNS IN NN , WP MD RB VB VBN . NNP VBZ JJ NNS IN VBG PRP$ NN NN : SYM NN HYPH IN NN NNS : DT NN VBD -LRB- VB NNS NN IN NNS -RRB- IN NN IN DT VBN NNS , DT NN NN MD RB VB JJ NNP IN NNP IN DT NNP NNP NNP NNP NNP IN CD NN SYM CD NN ."
145,1198,conspiracy,"IN CD , PDT DT NNS VBN IN DT NNP MD VB VBN IN NN , VBG IN NNP NNP NNP , JJ NN NN IN DT NNP NNP NNP CC NNP NNP NNP . PRP , IN JJ NNS VBZ NN VBZ RB RB JJ : PRP VBZ RB RB IN IN JJ NNS . RB DT NN IN DT NNS VBP NNP POS NN -LRB- NN -RRB- CC JJ NN IN DT NN IN JJ NNS , VBG NN . NNP NNP VBZ RB VBN IN DT NN NNS IN DT JJ NN NN CC JJ NN , CC PRP VBZ NN TO VB IN NN . PRP VBZ DT NN NN WP VBD IN NN CC NN , RB NNS VBP TO VB PRP$ NNS , CC WP NNP NNP VBZ TO VB VBZ JJ , CC JJ JJ JJ NNS VBP VBN JJ IN VBG DT NNS . PRP VBZ VBN VBG NN IN RB CD NNS , IN IN DT JJ NNS WDT VBP IN DT NN . VBN NN IN NN , JJ NN , NNS -LRB- RB NN CC NN -RRB- , RB RB IN NN NNS IN NN VBP VBG VBG NNS IN NN . PRP VBZ DT IN DT CD HYPH NN NN VBN RB IN NNP CD . NN CC NN RB VBP DT NNS IN DT JJ NN -LRB- NN NN -RRB- , VBG IN JJ NNS IN NN . PRP VBZ DT NN IN VBG NN IN PRP$ NN , WDT MD VB VBN RB . RB , NN VBZ NN . NNP NNP VBZ IN RB DT NN IN JJ NNS IN NN MD VB TO VB NN . NNP RB VBZ NN NN IN PRP$ NNS , CC VBZ DT JJ NN IN NN NN NN VBN DT NN NN , IN PRP$ NNS . IN NN , JJ NNS VBP RB VB DT NN IN NNP . PRP VBZ RB VBN IN PRP VBZ VBN CD IN DT `` JJS '' IN DT NNS . DT NN VBZ VBN IN NNP CC JJ JJ NNS , CC PRP VBZ RP IN NNP VBZ CD IN DT JJS JJ NNS IN DT NN . RB , NNS VBD JJ IN DT JJ NN NN , CC PRP VBP IN PRP IN JJ JJ NNS IN PRP$ NN , VBG VBG PRP$ NN IN NNS IN NNP RB RB IN JJ NNS CC NNS . IN NNP NNP POS NNS VBP IN DT NN NNS , EX VBP NN IN NNS WDT VBP JJ NNS WP VBP VBN TO RB VB PRP$ NNS POS NNS , VBG DT NNS , NNS CC RB JJ NNS IN JJ IN VBG JJ NN . PRP RB VBP DT JJ NNS , VBG NN IN PRP$ NNS POS NN NNS , JJ NNS , CC JJ NNS IN NNS , RB NNS . DT VBZ IN JJ NN , CC PRP VBZ NNP NNP POS NNS . DT NN IN WDT NNS IN NN -LRB- IN IN NNP POS , NNP POS CC NNS -RRB- VBP VBG MD VB JJ IN RB CD NNS RB . PRP MD RB RB VB DT NN IN DT NN IN `` JJR NN CC NN . '' IN DT JJ CD NNS RB , NN NNS VBP VBN IN CD IN CD . DT VBZ DT JJ NN , PRP VBZ RB JJ . WRB PRP VBP IN DT NNS IN NN VBG VBN IN NNS POS NN NN VBZ CD NNS DT WDT VBZ VBN IN JJ NN NN , CC NNS IN CD JJ NNS VBD VBN TO VB NN IN PRP$ NN , PRP VBP TO VB DT NN IN NN IN DT NN , RB IN DT JJ NN , CC VB DT NNS . DT VBZ IN NN IN DT JJ NN WDT VBZ IN JJ VBN NN NNS : IN NNS -LRB- JJ , PRP VBP -RRB- . `` RB DT NN VBZ RB JJ IN VBG NN RP . DT NN MD VB RB JJ IN WP VBZ IN DT NN , VBG PRP VBP DT JJ NN . NNP VBZ DT JJ NN , CC DT VBZ VBG TO VB DT NN VB RP . WP PRP VBP RB VBZ IN DT NN IN DT NN VBZ RB RBR JJ IN DT NN IN DT NN WDT VBZ RB IN DT NN . DT CD IN PRP VBP JJ , IN DT NN VBZ DT NN IN DT NN CC VBZ PRP IN VBG VBN . DT NN VBZ RP VBG , VBG VBN IN DT NN , CC RB DT NN VBZ RP IN DT JJ NN , CC VBZ RP NN , CC VBZ DT JJ NN IN NNS IN DT NN . DT NN CC NN VBP VBG RB TO VB RB RBR JJ IN PRP MD VB , VBG RB . '' NN NNS VBP DT RBS VBN NNS IN JJ VBN HYPH IN NNS JJ IN NNP NNP NNP , RB RB IN JJ NNS . IN RB CD NNS , DT NN IN NN NNS IN JJ NNS VBD JJR IN CD NN . JJR IN CD NNS VBP RB VBN IN NN NN , NN CC JJ NNS . PRP VBP VBG VBN IN DT NN . DT VBZ RB JJ NNP IN DT NNS RB , PRP VBZ IN JJ NN . PRP MD VB NNP NNP POS NN IN NNP NNP , RB . RB , DT IN NNP NNP POS NNS MD VB VBN TO VB PRP$ NNS IN NN CC NN , IN JJ JJ NNS , VBP RB VBG NN : NFP `` NNP NNP CC NNP NNP , `` NNP POS NN IN NNP NN NNS CC NNP NNP NN IN DT NN NN : NNS IN JJ NNS '' NN CD , CD -LRB- CD -RRB- , CD , NN -LRB- NN -RRB- SYM NNP NNP NNP , NNP NNP CC NNP NNP , `` JJ NN NN CC NN : DT JJ NN IN NN CC JJ NNS '' NN CD , CD , CD , CD , CD -LRB- NN -RRB- SYM NNP NNP , NNP NNP , NNP NNP CC NNP NNP HYPH NNP , '' VBZ NN DT NN TO VB NNP IN NNP . '' NN CD , CD , CD , NN -LRB- NN -RRB- SYM NNP NNP , NNP NNP , NNP NNP CC NNP NNP HYPH NNP , '' VBZ JJ NN NN NN DT NN NN WP$ NN NN VBZ NN NN NN . NNS IN NNP NNP , NNP CC NNP NNP . '' NN CD , CD , CD , NN -LRB- NN -RRB- SYM NNP NNP , NNP NNP NNP CC NNP NNP , `` VBZ NN NN NN DT JJ NN IN NN , NN , CC JJ NN . '' NN CD , CD , CD , NN -LRB- NN -RRB- SYM NNP NNP CC NNP NNP , `` JJ NN NN CC NN : VBZ EX DT NN IN NN . '' NNP CD , CD , CD SYM CD : NNP -LRB- NN -RRB- SYM NNP NNP , NNP NNP NNP , CC NNP NNP , `` JJ NN NN NN NNS JJ IN NN CC NN NN , '' NN CD , CD , CD , NN -LRB- NN -RRB- SYM NNP NNP NNP , CC NNP NNP , `` DT JJ JJ NN IN NN , NN , CC JJ NN , '' NN CD , CD , CD SYM CD : CD -LRB- NN -RRB- SYM NNP NNP , NNP NNP , CC NNP NNP , `` NNP CC NNP POS NNP : DT JJ NN IN DT JJ NNP NNP , '' NNP NNP IN NNP NNP CD -LRB- CD -RRB- CD : CD -LRB- NN -RRB- SYM NNP NNP , NNP NNP , CC NNP NNP , '' VBZ DT JJ NN VBN IN DT JJ NN , CC RB JJ NN , JJ NN NN . '' NNPS IN NNP NNP , CD : CD , CD : CD SYM CD , CD -LRB- NN -RRB- SYM NNP NNP , NNP NNP , CC NNP NNP , `` MD NN NN NN VB IN DT NN IN JJ NN NN . '' JJ NNS , CD , CD , CD . -LRB- NN -RRB- ''"
146,1048,mainstream,"IN NN NNS IN DT NN VBP IN JJ NN TO VB NN NNS CC NNS , EX VBP NNS IN DT NN , RB VBN IN VBG RB NN HYPH JJ , MD VB PRP$ NN IN RB VBG IN NN NN CC NN CC VBG DT JJ NNS CC NNS VBP RB JJ , RB IN JJR NNS . JJR IN CD NNS VBP IN NN CC RB RB JJ NNS VBP VBG VBN , IN DT IN PRP RB VBG JJ NNS . NNP VBD IN NNP NNP , DT JJ NN CC DT NN IN DT CD NNS VBG NNP : NNP , NNP , CC DT NNP IN NNP , TO VB IN DT NN NN MD RB VB NNP NNP VB PRP$ VBN NN . RB VBZ DT VBN NN IN DT NN . NNP : WRB VBZ NNP NNP VBG IN DT NN NN . NNP NNP : EX VBP CD NNS IN DT . IN PRP VBP VBG IN PRP RB IN DT NN NN IN NN , VBG VBP PRP VBG RB CC JJ TO VB NNS CC VB IN DT NN . DT NN VBZ UH . RB , EX VBZ DT NN . EX VBP NNS IN NNS RB VBG DT NN CC DT JJ CC JJR NN VBG IN JJ NNS . CC PRP VBP VBG RP PRP$ NNS IN JJR NNS , NNS CC JJ JJ NNS WDT MD VB VBN , RB IN NNP HYPH NNP HYPH CD . RB , PRP VBP IN PRP VBP JJ IN DT . CC , PRP VBP IN DT JJS NN , DT IN HYPH NN NN CC PRP IN NNS , NNS CC NN NNS , MD VB DT NN IN DT JJ NN IN DT NNS , DT JJ NN CC DT NN IN IN DT NN NNS VBP RB VB PRP IN DT NN IN JJ NNS . CC IN DT NN , PRP -LRB- NN NNS -RRB- VBP RB VBG RB RB RB . CC PRP VBZ RB JJ TO VB DT JJ NN . NNP : JJ NNS , RB DT JJ NNS , VBP RB VBN VBN IN VBG JJ CC NN HYPH JJ . VBP PRP VB PRP VBP VBG RB IN DT JJ NN TO VB PRP$ NN . NNP : UH . IN DT NN IN NN , PRP VBP NN IN DT NN . IN NN , NNP -LRB- NNP IN NNP NNP NNPS -RRB- , DT NN IN NNS IN IN NNP , VBZ VBN TO VB DT NN WDT PDT DT NN IN DT IN DT NN NN WDT PRP VBP MD VB VBN NN . RB , DT NN MD VB DT JJ NN NNS IN PRP . CC RB DT NN NN VBZ VBN IN DT . PRP VBZ DT NN IN PRP CC PRP DT NN RB IN DT NNP WRB PRP VBP DT NN VBZ TO VB DT NN VBN . CC , PRP VBP , PRP VBZ JJ TO VB . IN NN , MD DT JJ NN RB VB NNP TO VB DT CC , IN DT NN IN NNP , MD NNP VB JJ TO VB PRP TO VB PDT PRP$ NN NN . PRP VBP RB RB JJ DT VBZ JJ . DT JJ NN VBZ IN DT IN DT NNS VBP RB JJ IN NNS IN JJ NNS . RB , NNP CC NNP CC NNP , CD JJ CC CD NNP NN , PRP VBP VBN IN PRP MD VB DT NN IN DT JJ NNS IN NN . RB , IN PRP VBP IN DT , PRP VBP DT VBZ JJ . PRP$ NN , PRP VBP , PRP VBP VBG NN JJ RB . UH , IN PRP VBP IN DT JJ NN IN DT NN , DT JJ NN IN DT NN NN NNS , DT JJ NNS , DT IN DT NNS CC DT RBS IN NN , IN DT JJ , DT JJ CD CD NNS WDT MD VB RP MD VB IN NN . CC RB PRP MD VB DT NN IN CD CD IN CD CD TO VB NN NN IN DT NN . DT NNS VBP RB VBG IN NN NNS IN DT NN . PRP RB VBP NNS TO VB DT NN IN NN EX VBZ DT NN . RB , PRP VBP VBG IN NN , CC PRP VBP VBG PRP VB IN IN PRP VBP VBG PRP IN NN . PRP RB MD VB IN DT JJ NN , IN PRP VBZ DT IN HYPH NN NN . JJ IN PRP VBP JJ NNS . PRP VBP TO VB NNS CC PRP VBP VBG TO VB RB JJ IN JJ IN DT IN VBG NNS RB JJ IN PRP VBP DT NN IN PRP . NNP : VBP PRP VB DT NN IN DT NN DT JJ NN NNS VBP VBN IN DT JJ NN CC IN NNS IN PRP . NNP : PRP VBD DT NN NN IN DT NNP RB WDT VBD IN PRP VBD VBG VBN IN RB JJR NN IN PRP VBD VBN IN DT NN . PRP VBZ RB DT JJ NN CC PRP VBP IN DT NN IN JJ JJ NN RB VBZ NN IN EX MD VB DT NN CC NNS RB RB . PRP VBP VB IN IN NNP NNP CD , WRB DT JJ JJ NNS VBD NN , WDT VBD JJ IN DT NN , IN NN NNS CC VBD DT NN IN NNS IN DT NN RB RB IN DT NN IN JJ NNS . IN DT NNS , DT JJ NN VBD VBN IN RB JJ NN IN PRP VBD VBN IN IN DT JJ NN WRB PRP RB VBD VBN IN NNS VBN IN NN . IN RB , EX VBP VBN JJ NNS , RB IN NNP , WRB PRP VBP VBN JJ , NNS IN NN CC JJ NNS . RB JJ IN PRP VBZ DT JJ NNS CC DT JJ NN CC DT JJ NNS . PRP VBP PRP VBP RB JJ , RB IN JJ NN . DT NN VBZ DT NN IN PRP RB RB TO VB NN , CC RB TO VB DT JJ NN IN DT NN DT JJ NN . IN PRP VBD JJ TO VB RP IN JJ NNS CC NNS IN JJ NNS , CC PRP VBD PRP JJ IN VBG NNS RB RB CC VBD IN DT NN IN PRP . PRP VBP DT NN IN NNS , VBG PRP , MD VB : DT RB , PRP VBP RB VBN RP IN DT NN . PRP VBP RB VBN NN JJ IN DT NN WRB DT NN VBZ VBN DT RB IN DT NN JJ NN NN . PRP VBP RB VB IN DT MD VB , RB . PRP VBZ RB IN PRP$ NN . NNP : EX VBP DT NNS IN NN HYPH JJ NNS IN NN HYPH CD . VBZ PRP JJ . NNP : VB , EX VBD DT NN IN NN , WDT VBD NN VBD PRP . IN DT NN , IN NNP NNP CD IN DT NNS , DT NN IN NN VBD RB , RB JJ . DT NNS VBD RB VB JJ NN IN PRP . RB , WP PRP VBD VBD TO VB RP IN NN NNS IN JJ NNS IN NNS . PRP VBD RP IN , PRP VBP , NN , CC JJ NNS IN NNS . PRP VBD RP VBG NNS IN DT CC PRP VBD PRP$ NN . RB , IN PRP VBD DT JJ NNS IN PRP MD VB TO VB DT NN IN NN HYPH CD NN CC NNS CC IN EX MD VB DT NN IN PRP , RB PRP MD RB VB NN IN JJ NNS . CC , PRP VBP DT VBZ RB VBG TO VB CC PRP VBP DT IN PRP IN DT NN . EX VBZ DT NN , VB PRP NNP NNP , NNP NNP , NNP CC NNP , WDT VBZ VBG TO VB : PRP VBP VBG TO VB DT NNS WDT PRP VBP CC VB PRP IN DT NN IN NN . WP PRP VBP VB PRP MD VB , CC PRP VBP RB VB TO VB DT JJ NN TO VB VBZ TO VB DT NNS VBP VBG PRP$ NN , PRP VBP VBG NNS IN NNS . CC IN , IN NN , PRP VBZ PRP$ NN WDT VBZ DT JJ NN , RB DT IN DT NN IN PRP$ NNS MD VB RB IN DT NN IN IN PRP MD VB PRP IN JJ JJ NN IN DT NN . RB RB , PRP VBP PRP IN PRP , CC PRP VBP PDT DT NN . NNP : PRP RB VBP TO VB IN DT NN IN NN NN IN PRP VBP VBN IN DT NN IN NNP . WRB VBP PRP VB DT JJ NNS MD VB IN DT . NNP : UH , PRP MD VB IN DT JJ NNS VBD . PRP VBP RB VB IN PRP MD . IN NNP VBD VBG JJ NN CC VBD DT IN DT NN MD RB VB IN NNP . PRP VBP NNP VBG : UH , PRP VBP DT JJ NN CC PRP MD VB VBN RB RB . IN NNP VBZ , PRP VBZ NNP RB , CC DT JJ NN VBZ DT NN CC PRP VBZ PRP VBN RB IN NNP . DT VBP RB JJ NNS . DT JJS NN , IN NN , TO VB DT MD VB TO VB DT NN IN WDT DT JJ NN WDT VBD DT NN , RB RB WDT NN PRP VBD IN , VB DT JJ CD CD , CD , CD CD NNS WDT MD VB RP IN DT NN RB RB IN DT NN WRB PRP VBZ VBN , IN PRP VBZ NNP , NNP , NNP CC NNP , CC RB IN JJ NNS , IN JJ HYPH NN NNS , IN DT NNS WP VBP VBG IN DT NN NN , DT NNS WP VBP VBN , DT NNS WP VBP RB , IN DT WP VBP RBS IN NN IN DT JJ NNS . PRP MD VB IN DT VBZ DT JJ NN CC IN DT NN VBZ DT NN IN NNS . PRP VBZ RB VB IN PRP VBP VBG CD NNS DT NN CC RB VBG JJ NN IN NNP CC IN PRP VBP DT NN IN NNP NNP VBG IN DT NN . PRP MD VB IN NNS IN VBG DT , MD VB NN NNS TO VB DT JJ NN . NN VBZ DT JJ NN PRP VBP ."
147,812,mainstream,"IN CD NNS JJ , NNP NNP VBD DT JJ HYPH JJ , JJ NN WP VBD PRP$ JJ NNS IN `` NN '' CC `` NN . '' DT NN NNP VBD DT JJ NN IN NNS , NNS CC NN . PRP VBD RP IN DT NN WDT VBD CD NNS CC , VBG IN PRP$ NNS , VBD IN DT JJ NN . `` PRP VBD RB VB IN PRP$ NN RB RBR , '' VBZ PRP$ NN , NNP NNP . `` PRP VBD RB VB IN PRP . PRP VBD RB VB . '' NNP VBD RBR VBN IN DT JJ NN IN NN : DT JJ NN WDT VBZ CD IN CD JJ NNS : CC , CD NNS RBR , PRP$ NNS VBP RB VBG TO VB RP WP VBD JJ . IN NNP CD DT NN VBN IN DT NNP NN IN DT NNP IN NNP CC NNP NNPS , WDT VBZ DT NN TO VB NNS VBN IN NNS , VBD IN NN IN NNP , NNP DT NN VBZ IN NN , DT NN HYPH VBN NN RB JJ IN NN NNS -LRB- PRP VBD VBN RP VBG IN CD IN DT JJ NN CC VBZ RB VBN IN DT NN NNS -RRB- , IN NN IN PRP$ NN POS NNP NN , RB VBD PRP$ NN . PRP$ NN IN DT NN POS RB HYPH VBN NN NN VBZ DT JJ IN CD NNS VBG NN CC NN NNS TO VB VBN IN DT CD NNS . DT NNS VBP VBG RB VBN IN NNS IN NNS JJ TO VB WP NNS VBP RB RB VBN JJ TO VB : WP VBZ PRP$ NNS POS NN . DT NN VBZ RB VBN JJ , VBG IN DT VBG NN NN , NNP NNP , WRB NNS NNP CC NNP NNP VBP VBN IN PRP$ NN NNP , WP VBZ NNS VBD PRP$ JJ NN POS NN . `` EX VBZ DT NN IN NNS IN DT NN WP VBP RB VBN VBN IN DT VBN NN NN IN DT NNP NNPS , '' VBZ NNP NNP IN DT NNP NNP NNP . RB DT JJ CC NN NNS , RB , VBP EX VBZ DT NN . DT CD NN IN DT NNP IN NNP POS NNP NNP NNP NNP VBD DT JJ NN . `` PRP MD VB DT NN IN DT JJ NN IN WDT CC NN CC NN MD VB NN , '' VBZ NNP NNP NNP IN NNP POS NNP IN NNP NNP , WP VBD DT NN . IN DT NN IN DT NN VBZ -LRB- VB NN -RRB- , DT NNS VBP RP . DT NNPS POS NN NNP NNP , WP$ NN VBZ VBG RB CD NN NNS , VBZ DT NN IN NN IN JJ NNS , IN JJ NNS IN NN NN CC NN , VBD NNP POS NN NN IN DT JJ NN IN NN . RB , VBG IN DT NN POS NN , NNP VBD DT NN NN IN JJ CD , WDT IN IN DT NN POS VBN NN NN VBD JJ TO VB IN PRP$ NN IN DT NN , WRB PRP VBD NN CC VBD RP NN . DT NN RB VBZ DT NNS NN IN NNP POS JJ JJ NNS . IN IN DT NN , VBZ NNP , `` PRP VBD JJ TO VB DT NN NN IN DT NN -LRB- IN PRP$ NN -RRB- . '' NNS VBG DT NN VBP JJ TO VB DT NNP POS NN IN JJ NNS . NNS , VBG DT JJ NNS IN NN IN VBN IN NNS , VBP RB VBN IN DT NN IN DT NN , VBZ NNP NNP , NN IN NN , NN CC JJ NN IN NNP NNP NNP . NNP NNP NNP , WP VBD VB DT NNS NN , VBZ , `` PRP VBP DT NN DT NNS NN VBZ IN DT NNS IN NN , RB JJ HYPH JJ NNS . '' -LRB- CC NNP CC NNP VBZ VBN IN DT NNP NN . -RRB- DT NN IN DT NN VBZ RB VBN IN IN IN DT NN . DT NNPS VBP JJ . IN PRP VBP , PRP VBP TO VB NN IN DT JJ NN VBN RP IN NNS VBN IN NNS . NNS IN JJ NNS VBP VBN IN IN $ CD CD : DT NN WDT MD RB VB . NNP , CD , DT NN IN NNP , NNP , CC PRP$ NN , NNP , CD , DT NN NN , VBD RB $ CD JJ NN VBG IN NNP , RB CD , WP MD RB VB IN NN CC VB CC VBZ VBG NNPS CC VBG IN NN . `` PRP VBD RB VB DT NN IN DT NN IN VBG , `` VB , PRP VBD PRP RB , '' '' NNP VBZ . `` PRP VBP JJ IN NN JJ MD VB IN IN PRP . ''"
148,317,mainstream,"RB CD NN IN NNPS VBP DT JJ NN . DT NN IN IN WRB VBZ VBN NNS . IN NN IN NNS VBN IN JJ NNS IN DT JJ NNS , NNS VBD VBG IN NNS , IN PRP VBP RB VBN , VBP DT NN NNS IN JJ NNS , RB VBG PRP IN NN IN VBG JJ NNS . DT JJ NN IN DT NN NN NN NN IN DT NNP IN NNP VBD DT NN TO VB DT NN IN NNS POS NN NNS VBP JJ IN VBG DT NN . WRB PRP VBD JJ JJ NN , PRP$ NNP VBD RP DT NN . MD PRP$ NN VB DT JJ NN . MD NNS , IN JJ NN NNS VBP , VB DT JJ NN IN DT JJ NN WRB VBG JJ NNS VBD IN NN . IN IN PRP$ NN IN NN , PRP$ NN POS NNP VBD IN PRP NN IN NN POS NNS , IN PRP$ JJ NN IN DT NN , JJ CC VBN IN DT NN , PRP VBD IN PRP MD VB DT JJ NN IN VBG PRP$ JJ NN POS JJ NN . IN JJ NNS VBP VBN TO VB IN JJ NNS VBG IN DT JJ JJ NN , PRP VBD PRP RB JJ IN DT `` VBP RB VB DT JJ NN NN '' NN IN NN . PRP VBP RB JJ . PRP VBD RB RB JJ IN JJ NN . CD NNS RB , PRP$ NN VBD VBN IN JJ NN , DT JJ NN WDT VBD CC VBD DT NN IN PRP$ JJ NN IN DT JJ NN . VBG IN PRP$ NN , PRP VBD IN CD IN DT JJ NNS WDT PRP DT VBP IN IN NN VBD RB JJ RB . PRP VBD DT NN , RB DT NN : NNP . DT NN PRP$ CD HYPH NN HYPH JJ NN VBD PRP$ JJ NN IN NNS , PRP VBD JJ . PRP MD RB VB DT NN IN EX VBD DT JJ , JJ NN IN PRP$ NN WDT IN CC PRP$ NN CC NN MD VB DT NN IN PRP$ NN . JJS IN DT NNS PRP VBP VBD JJ NNS , VBG TO VB PRP$ NNS CC RB VBG DT NN VBN IN DT NNPS IN NNP NNP CC NNP . RB PRP VBD JJ , JJ NNS VBP IN VBG IN NN VBD VBG DT VBG JJ NN IN NNS . IN NNS , PRP VBP JJ IN VBG NNS . WP PRP VBP RB JJ IN VBZ VBG DT NN IN DT NNS VBG NN . RB , PRP VBP IN DT JJ NN VBN IN DT NNS JJ IN NNS VBP NNS IN NN JJR IN DT DT NN POS NN NN VBZ IN JJ NN NNS . IN DT JJ NN VBZ RB VBN VBN IN DT NN NN NN WDT VBZ RB VBN IN NNS CC NN , DT NN VBZ VBN VBN . RB , DT RB JJ NN IN NNS VBP VBN VBN IN DT VBN NN IN VBG JJ NNS , JJ IN JJ VBN NN -LRB- NN -RRB- IN NNP HYPH NNP NN IN DT VBN IN DT CD NN NN NN . CC JJ NNS IN NN VBP : IN NNS , IN JJS : CC PRP VBP IN JJR IN NN . IN NNS , PRP VBP JJ IN VBG NNS . WP PRP VBP RB JJ IN VBZ VBG DT NN IN DT NNS VBG NN CC DT JJ NN WDT MD VB PRP JJ . WP PRP VBP JJS VBP RB DT NNS WDT VBP JJ : NN NNS , JJ NNS , JJ NNS : CC DT WDT PRP VBP PRP MD VB . RB , IN VBG DT NNS , PRP RB RB VBP JJ NNS -LRB- IN NN , IN NN VBZ IN NN CC JJ NN -RRB- JJ . NN VBZ DT JJ NN IN NN NN . DT JJ NN NN IN DT NN VBZ VBN RB VBN . IN DT JJ VBP JJ NN IN DT VBN , PRP VBP NNS WP VBP RB RB JJ TO VB VBN IN JJ NNS RB RB IN DT IN VBN NN NNS IN NN IN NN , NN NN CC NN . IN DT NN IN DT CD HYPH NN HYPH JJ , PRP VBP JJ IN JJ NNS IN JJ NN CC JJ IN DT NNP NN NN VBD DT NN DT NN IN NN NN . IN VBG DT JJ HYPH NN NNS , PRP$ NNS VBP . DT JJ NNS VBN TO VB CC VB DT JJ NN IN NNS CC DT IN DT NN IN JJ NN VBP JJ -LRB- NN -RRB- , VBG JJ NNS IN JJ CC RB JJ HYPH IN HYPH VB NN NNS . RB , PRP$ NN POS NN VBZ TO VB IN NN : RB IN DT RB JJ NN VBZ IN PRP$ NN . VBP PRP DT JJ NN . RB DT MD VB RB . CC WDT NN IN NN MD PRP VB IN PRP VBD DT VBN NN IN DT NNS , RB RB WRB JJ , TO VB DT NN NN NNS PRP VBP IN PRP$ NN . IN DT JJ NN IN PRP VBP VBN DT NN , PRP VBP VBN IN DT NN VBZ RP IN NNS PRP VBP PRP MD VB CC NNS PRP RB VBP . VBG VBN DT NN IN PRP$ JJ NN , PRP MD VB IN DT NN RB TO VB VBZ JJR IN DT JJ NN IN JJ NN IN IN NNS POS RB HYPH NN . IN CC JJ , PRP VBZ RB JJ NNS WDT VBP VBG VBN CC NNS ."
149,995,mainstream,"NNP NNP NNP VBZ DT NNP NNP NNP IN DT NNP NNP NNP -LRB- NNP -RRB- IN DT NNP NNP NNP NNP NNP -LRB- NNP -RRB- CC DT NNP NNP NNP NNP -LRB- NNP , NNP -RRB- . PRP VBZ DT NN CC NN , WP$ NN VBZ IN JJ NNS IN JJ CC JJ JJ NNS -LRB- NNS , NNS CC NNS -RRB- IN NN NNS CC NNS . PRP$ NN VBZ JJ NN CC NN NN CC VBZ RB VBG IN DT NN IN NN CC NN NNS IN NNS CC NNS IN NNS CC DT NN NN IN DT JJ NN NN , NNS CC JJ NN . PRP$ NN POS NN IN DT NN HYPH NN NN NN NN -LRB- JJ NN IN DT JJ JJ NN NN -RRB- IN NN VBD DT NN IN NN IN JJ NN NNS TO RB VB JJ NNS . PRP$ NN VBD JJ JJ NNS -LRB- NN NN NN , NNS -RRB- , VBD PRP$ NN CC VBD JJ NN NNS , JJ NNS CC NNS IN PRP . PRP$ JJ NN VBZ VBN CC JJ VBN NN HYPH IN NN -LRB- NN -RRB- NNS CC NNS -LRB- NN NN , NNS -RRB- TO VB JJ NNS IN NNS CC NNS CC PRP$ NN IN JJ NN NN NNS . PRP$ NN RB VBZ DT NNS IN NN NNS , RB NNS , CC PRP$ JJ NNS TO VB PRP$ JJ NN , NNS IN NNS NN CC JJ NNS . NNP NNP VBZ DT NN IN DT NNP NNP NNP IN NNPS -LRB- CD -RRB- CC DT NNP NNP NNP NNP NNP NNP NNP -LRB- CD -RRB- . PRP VBZ DT VBN NNP IN DT NNP NNP IN NNP NNPS -LRB- CD -RRB- , DT NNP NNP IN DT NNP IN NNP -LRB- CD -RRB- CC DT NNP NNP IN NNP -LRB- CD -RRB- . PRP VBD VBN DT NNP NNP IN DT NNP IN NNP , NNP -LRB- CD -RRB- . IN CD , PRP VBD DT JJ NN TO VB DT NNP NNP IN NNP . PRP VBZ VBN IN DT NN IN JJ NNS IN JJ NNP CC JJ NNS -LRB- NNP , NNP , NNP , FW -RRB- , PRP VBD DT NNP NNP -LRB- NNP -RRB- CC PRP VBZ IN JJ NN JJ NNS -LRB- NNP NNP NNP NNP , NNP NNP NNP NNP -RRB- . PRP$ NN VBZ IN DT NNP NNP NNP NNP IN NNP NNPS IN DT NNP NNP NNP CC IN DT NNP NNP NNP IN NNP NN NN IN DT NNP NNP NNP NNP , NNP , NNP . NNP NNP VBZ VBN CC VBN RB CD NN NNS CC CD NN NNS VBG IN PRP$ NN . DT JJ NN IN PRP$ NNS VBZ JJ IN NN ."
150,726,conspiracy,"DT NN IN NN NN NNS -LRB- NNS -RRB- IN DT NNP VBZ VBN DT JJ JJ NN IN JJ NNS . IN DT RBS JJ NNPS IN NNP NNP CC NNP -LRB- NNP -RRB- NN IN CD , DT VBN NN IN NN IN NNP NNP : DT NN IN DT RBS HYPH VBG CC RBS JJ NN : VBD CD IN CD NNS , RP DT VBG CD NN IN CD . DT NNP NN VBD , `` IN NN IN NN VBG RB CD NN IN DT NNS CC VBG DT NN IN CD NN IN CD , NNP VBZ DT JJ JJ NN NN WDT MD VB IN VBN NNS , TO VB JJ NN NNS . '' IN NN IN DT JJ NN TO VB JJ NN NNS , PRP VBZ NN TO VB NN IN DT IN DT JJ NNS VBN TO VB DT JJ NN IN NN NN , VBG NNS IN NN . NN VBZ IN JJ JJ NNS '' MD VB JJ NNS IN JJ NNS '' IN RB VBG VBG NN NN CC JJ NNS . DT JJ NN VBG DT NN IN NN , VBN IN JJ NN NN -LRB- NNP -RRB- , VBZ IN NN IN DT JJ NN POS NN NN '' MD VB DT NN IN NNS IN DT JJ NN . '' DT NN HYPH JJ JJ CC JJ NNS WDT VBP IN NN VBP DT NNS IN JJ NNS JJ IN NN CC NN . NNS IN NNP VBP RB VBN IN PRP VBZ DT `` NN IN NN '' -LRB- DT JJ NN NN -RRB- '' RB IN NN PRP '' -LRB- IN DT NN -RRB- WDT VBZ JJ IN DT VBN NN HYPH JJ NNS . DT VBZ IN NNP VBZ DT NN IN JJ JJ NNS VBN NNS IN DT JJ NN CC JJ NN . -LRB- NNP NN HYPH VBG NNS WDT VBP DT NN IN JJ NNS , VBG JJ CC JJ NNS . -RRB- WRB DT VBZ , `` NNP VBZ IN NN DT NN HYPH VBG NN IN JJ NN IN DT NN WDT RB RB VBZ JJ NN , CC RB RB VBZ JJ JJ NN . '' VBG DT JJ NN NN IN DT JJ NN VBZ DT `` JJ '' CC JJ NN NN VBG IN DT JJ NNS VBN IN NN , DT JJ JJ NN VBZ VBG WP MD VB VBG DT JJ JJ NN TO VB IN . NNS VBP VBN JJ NNS JJ IN VBG JJ NN NN . DT JJ CC JJ NN IN NN CC NN VBD RB IN JJ NN IN JJ CC JJ NNS JJ IN NN CC NN . IN NN NNS IN NNP , NNS RB VBP JJ NN NNS IN VBG JJ NNS CC JJ NNS IN DT `` JJ '' NN WDT VBZ JJ CC JJ NN . DT NN IN NNS IN DT VBN NN HYPH VBG NNS VBZ JJ IN DT JJ JJ NN IN JJ NN . IN NN NNS , NNP VBZ VBN VBN TO VB NN IN CC DT JJ CC NN HYPH NN NNS . JJ NN VBZ IN JJ JJ NNS MD VB DT NN IN NN IN NN . IN NN , DT NN VBN IN DT NNP IN DT NNP NNP NNP -LRB- NNP -RRB- VBD VBN NN NNS IN DT NN IN NNS IN CC NN CD NN , NN CD NN CC JJ NN -LRB- VBN IN DT NN -RRB- , IN VBN IN CD NNS POS NN . DT NNS VBD DT VBN NN NN IN `` DT NN IN JJ NN CC DT NN IN NN -LRB- RB RB JJ IN NN -RRB- . '' IN NN , NNP MD VB IN DT `` NN NN '' WDT VBZ NN NNS IN NN WRB JJ JJ NNS RB VBP JJ . DT JJ NNP NN , VBN `` IN NN : JJ NN NN IN JJ NNS , '' VBZ DT JJ NN IN NN VBN IN JJ NNS . IN DT NNP NNS VBP RB VB RB , NN IN NN VBZ DT JJ JJ NN WDT MD VB VBN . JJ NN NNS VBD DT IN CD WRB PRP VBD : `` NNS VBP NNS CC NNS -LRB- FW , NN -RRB- , DT IN WDT MD RB VB NN , CC DT JJ NN VBZ DT JJ NN WDT , PRP , MD VB JJ IN DT VBG JJ NN . '' IN VBN RP IN DT NN IN NNP NNP NNP NN NN NNP NNP , DT NN WP VBD RP DT NN VBG NN IN NN -LRB- NNP NNP NNP -RRB- VBD DT JJ NN NNS IN JJ NN RB IN CD : DT JJ NN IN DT NNP VBD TO RBR RB VB NN NN IN JJ NNS . IN DT NN , NNP NNP VBD IN IN DT JJ `` NN '' IN NN VBZ TO VB DT NN NN , `` JJ NN IN JJ NNS MD VB PRP IN DT JJ JJ NN IN NNS . '' CD NNS RBR , IN CD , NNP NNP VBD , `` IN PRP VBP NN , RB WP VBZ VBG TO VB . NNS MD RB VB WRB RB DT JJ JJ NN MD VB IN JJ NN NN , CC RB IN PRP VBZ JJR IN CD NN IN DT NN , VBG DT JJ NN IN JJ NNS MD VB NNS IN NNS . '' NNP RB VBD IN DT NNP VBD RB VBN DT NNS . NNP NNP POS NNS VBD JJ , IN RB JJ , VBN IN VBG NNS VBP VBN VBG DT NNS IN NN , NN CC NN . IN NN , DT CD NN VBD DT NN IN CD JJ NNS : NN JJ NN -LRB- NN -RRB- CC NN NN NN HYPH NN -LRB- CD IN DT JJ NNS VBN , IN DT NNS , IN NN -RRB- : IN JJ NNS IN CD NNS IN VBG DT JJ NN NN . IN DT NNS VBD DT NN HYPH VBN JJ NN IN `` JJ , '' EX VBZ RB JJ NN TO VB VBN IN PRP$ NNS . DT CD NN IN CD CD JJ NNS VBD IN NNS IN NN -LRB- CD IN DT NNS IN NN WDT VBD IN NN NN -RRB- VBD VBN IN DT CD NN JJR NN IN VBG DT NN IN NN . DT NN IN DT JJ NN VBD DT JJ NN IN VBN NN CC NN . IN CD , DT NN IN NNP NNP VBD DT CD NNS IN NNS RB , VBG DT VBN NN IN NN NNS CC NN IN DT NN IN NNS WP VBD NN NNS IN NN . RB , JJ NNS VBP RB JJ TO VB NN HYPH VBN JJ NN NN . DT VBZ JJ IN JJ NN NNS VBP DT JJ NN IN VBG VBG NN NNS IN JJ NNS RB RB IN VBG JJ NNS CC NNS . RB , WRB NNS IN NNP -LRB- DT JJ JJ NN -RRB- VBD DT NN IN `` JJ JJ NN CC JJ NN NN IN -LRB- JJ JJ NN -RRB- NNS '' IN CD , PRP RB VBD IN `` NN IN NN VBZ RB VBN VBG IN DT NNS VBN IN NN IN NN . '' IN DT NNS RB VBD TO VB DT NN IN NN HYPH VBN NNP , PRP VBD -LRB- RB RB -RRB- IN DT JJ NNS VBP JJ TO VB DT NN : `` DT VBG NN NNS VBG JJ NN IN NN RB VBZ IN JJ NNS , CC IN JJ JJ CC NN NN , JJ HYPH NN NN HYPH RP NNS IN DT NN IN JJ NNS IN DT NN IN NNS VBN IN NN VBZ JJ . IN NN , IN DT NN POS NN NN IN NN MD VB DT NNP NN IN PRP$ JJ NN : '' -LRB- NN VBN -RRB- . IN DT NNP , DT NNP VBZ RB JJ TO VB JJ NN IN DT RB JJ NN IN NN CC JJ JJ NNS , RB IN JJ NNS RB VBD DT NN IN PRP VBD JJ TO RB VB JJ CC JJ NN IN VBG DT NN IN NN IN NN . RB : IN VBG VBN DT IN DT NNS JJ IN DT JJ NN : DT NNP RB VBZ IN `` NN IN DT VBG NN IN NN IN DT NN IN NN VBZ JJ . '' IN NN , IN NN IN PRP$ NN IN DT NN NN IN NN , DT NNP VBZ IN DT JJ NNS VBP DT NN -LRB- NN HYPH NN HYPH JJ NN -RRB- NN -LRB- IN DT NN -RRB- CC RB VBZ DT NN JJ IN IN IN CD JJ JJ NNS -LRB- VB NN . -RRB- JJ NNS MD VB JJ NNS CC NNS IN JJ JJ NNS . IN DT VBN NN IN DT JJ NN IN JJ NNS , EX MD VB JJ NN IN NNS JJ IN NN IN NN NNS CC NN IN DT NN NN MD RB VB DT JJ NN IN DT VBG NN . CC NNS RB , DT JJ NN NN VBN IN DT NNS PRP MD VB JJ NNS IN NNS , CC IN NN CC IN NN . IN NNS IN DT NNP IN NNP HYPH NNP VBP VBN RP , JJ JJ NN NNS IN NN '' RB VBP RB VB IN JJ NNS IN NN CC VBP TO VB VBN IN JJ NN NNS WDT VBP IN JJ CC JJ NN TO VB IN `` JJ NNS . '' '' PRP VBP IN RB `` JJ NN '' MD VB DT NN IN JJ NN NNS MD RB VB NN . PRP VBZ NNS , RB , TO VB JJ NN IN VBG DT JJ NN HYPH JJ `` NNS '' IN NN . DT NNS VBN RB VBP RB RB VB DT IN NNP . DT NN NN IN JJ NN NNS VBZ RB IN NN . VB NN NN NN IN CD NN RP IN JJ NN NNS CC JJ NN NN ."
151,664,mainstream,"DT NNP NNP NNP -LRB- NNP -RRB- VBZ VBN DT JJ NN IN NN DT JJ JJ NN NN , VBG PRP DT JJ NN TO NN TO VB DT NN . IN NNP , CD NNS IN DT NN VBP VBN VBN RB RB IN CD NNS , VBG IN DT NNP NN NN . RB , CD NNS VBP VBN VBN IN CD NNS IN IN NNP . IN NN , WRB NNS VBP NNS , NNP VBZ RP TO VB DT JJ NN NN TO VB NN NN . `` DT JJ NN IN DT NN VBZ RB IN IN WP VBZ VBG IN NNP , CC IN IN WP VBZ VBG IN JJ NNS , '' VBD NNP NN NNP NNP NNP IN DT NN NN . `` PRP$ JJS NN VBZ DT NN IN DT NN TO VB IN NNS IN JJR NN NNS , CC WDT VBP RB HYPH VBN TO VB IN PRP . '' IN NNP , DT NNP NNP NNP IN NNP NNP -LRB- NNP -RRB- VBZ VBN IN `` DT JJ NN WDT VBZ VBN TO VB DT JJ NN NN IN JJ NNPS IN DT JJ NN IN NN , CC TO RB VB DT VBN JJ NN . '' DT NN MD VB DT NNP TO VB DT NN NN IN JJ NN NNS VBN IN DT NN , VBZ NNP POS NNP NNP . DT NN VBZ DT NN CC VBZ VBN DT NN TO VB JJ NNS TO VB VB JJ NN IN DT NN . IN VBG JJR NN CC NNS IN DT NN , DT NN RB VBZ VB JJ NN IN DT NN . DT NN IN NNP POS NN IN NNP NN NN VBZ RB JJ , VBG RB IN DT CD NNP NN RB IN NNP . IN DT CD NNS RB , PRP VBZ VBN VBN RB CD JJ NNS , VBG CD NNS : NNP IN NNP NNP IN DT NNP CC NN IN NNP , NNP CC NNP : WDT VBP RB JJ . RB VBZ DT NN IN DT IN DT NNS : RB VBN IN NNP CD , NNP VBN IN DT JJ NN IN NN : VBD VBN DT NN IN NNP IN NNP IN DT NN . IN DT NN , CD NNS VBD VBN NNS IN DT NN . IN CD , DT JJ NN IN NNS VBD IN DT NN MD VB VBN IN IN CD NNS RB : RB CD NNS JJR IN NNS VBN IN DT NN IN DT NN . DT NN VBD TO VB RBR DT NN . IN DT NN VBD VBN CC VBN , NNP VBD DT NN IN DT NN IN NNP CD . PRP VBD RBR VBN , RB , IN NNP VBD VBN DT NNS IN NNS VBG VBN IN JJ NNS WDT VBD IN VBG NNS CC NNS , RB NNS VBD VBN IN JJ NNS IN NN , VBZ NNP POS NNP NNP . `` DT NN VBZ VBN RP TO VB RB RBR JJ IN WP PRP VBD DT JJ IN DT NN RB , '' VBD DT NNP NN HYPH NNP NNP NNP IN DT NN . `` PRP VBP VBN VBN IN JJ JJ NN . DT NN VBD RB VB IN DT NN IN DT RBR JJ NN . '' IN CD CC CD , DT NNP NN VBN IN NNP NNP , NNP CC NNP VBD IN RB CD NNS CC VBD RB CD NNS IN DT NNS . RB , EX VBD CD NNS CC CD NNS VBN IN JJ NNS , VBZ DT NNP IN NNP NNP CC NNP -LRB- NNP -RRB- . DT NN IN VBG NNS , VBG IN NNP , VBZ JJR IN DT JJ NNP NNS VBN . IN DT NN VBG , DT NNP VBD DT NN IN NNP NNP DT JJ NN NN IN NNP CD , CD . IN DT NNP NN VBD VBN IN NNP CD , WRB DT NN NNS CC JJ NNS VBD VB DT NN , DT NNS VBP RB VBG VBN IN NNP NNP . RB RB VBD PRP VB DT NNS IN NNP NNP , NNP CC NNP DT VBN $ CD CD , CC PRP RB VBD IN NN NNS CC NNS WDT VBP VBN NNS IN NNS IN NNS : CC VBP TO VB RB NN , VBG IN DT NNP JJ NN . `` IN DT JJ NN IN DT JJ NN , NNPS VBD IN NN IN DT JJ NN NN -LRB- NN -RRB- NN , '' VBZ DT NNP POS NNP NNP . IN JJ NNS VBD VBN CC VBN VBG DT NNS , DT NN , WDT VBD JJ NNS , VBD RB VBN . RB , IN CD , DT NNP VBD DT NN IN NN TO VB DT JJ NN NN IN JJ NN . `` IN JJ , DT NN MD VB IN NN TO VB RB CD IN DT NN POS RBS JJ NN JJ NNS , '' VBG IN DT NNP NN . NNP VBD VBN TO VB DT NN IN CD , WRB DT NN IN NN HYPH VBN NNS RB VBD , IN NNS IN NNP NNP , DT NNP NNP CC JJ NNP VBG DT JJS NN . IN NNP CD , EX VBD CD VBN NNS IN DT NN , RB JJR IN DT CD VBN NNS IN DT JJ NN DT NN RB , VBZ DT NNP . RB , IN JJ JJ NN CC NN , NN , DT JJ NN IN NN NNS VBZ VBN IN CD NN , VBG IN DT NNP NNP NNP NNP . DT JJ JJ JJ NN NN VBD VBN IN CD , IN DT NN IN DT NNP NN . IN RB VBN IN CD , DT NN , VBN IN NNS , VBD RP IN NNP IN CD . JJ NNS CC NN NNS VBP RBS JJ IN DT NN . NNS RBR VBD DT NN IN NNP CC CD JJ JJ NNS : DT NN NN VBN NN WDT VBZ NNS TO VB VBN IN RB JJ NNS CC DT JJ NN VBN DT NNP HYPH NNP NN IN WDT DT NN NN VBZ VBG DT NN POS NNS . IN DT NN IN DT NNS , NNP VBD IN DT JJ NN VBZ JJ , VBZ NNP POS NNP NNP . IN NNP CD , NNP VBD IN DT NN VBZ RB RBR DT JJ NN NN . IN DT NN , EX VBD VBN RB CD VBN NNS IN NNS VBN IN NN , JJS IN PRP IN NNP , IN DT NN PRP VBD TO VB VBN . DT NN RB VBD PRP$ NN IN VBG DT NN CC NN NNS VBN IN PRP , VBZ NNP POS NNP NNP . NNP NNP IN DT NNP NNP IN NNP SYM CD VBD DT JJ NN NN IN NNP CD , DT NN IN NNP IN DT NNP NNP IN NNP VBZ DT RB HYPH JJS NN IN DT NN , VBG DT CD NN IN NNP NNP . IN PRP$ NN IN NNP CD , NNP VBZ DT NN IN CD VBN NNS CC CD NNS . IN NNS VBP RB VBN VBG , NNS VBP RB VBG VBN . `` DT NN VBZ JJ IN DT RB HYPH VBN NN , WDT VBZ RB VBG DT JJ HYPH VBG JJ CC NN NN , '' VBG IN DT NNP NNP IN NNP NNP CC NNP . DT NNS VBP IN JJR NN IN DT NN TO VB NN NNS , CC JJR NN IN VBG NN NNS IN DT NNS IN DT NN . VBG DT JJ NNP NN VBN IN DT NN NN , NNS JJ IN NN IN NN NNS , NN IN DT NN CC JJ NN MD VB VBN IN DT JJ NN , VBZ DT NNP POS NNP NNP ."
152,358,mainstream,"NNS IN JJ NN VBP NNP NNP VBZ VBG DT NN IN NNP IN RB VBG NNS IN NNS RB . DT VBZ JJ . DT NNS IN DT NN , VBN `` NNP NNP NNPS NNP IN NNP IN RB NNP NNP NNPS IN NNPS '' , MD VB VBN RB CC RB . DT NN IN DT NNP NNP VBD IN NNP IN NN IN DT NNS IN DT NN VBP JJ . EX VBZ DT VBG NN IN NNPS CC PRP$ NN IN NN IN DT . DT NN NN IN NN VBD RB JJ , IN PRP VBD RB VBN CC VBZ VBN DT NN IN NN IN NNP . DT NNS VBP IN DT NNP NNP NNP -LRB- NNP -RRB- NN NN VBN IN DT NNP JJ NN NNP IN NNP NNP IN NNP -LRB- NNP -RRB- . DT NN , WDT VBD VBN IN DT NNP CC NNP NNP NNP , VBD VBN IN CD IN JJ NN VBD DT NN IN CD NNS VBG NN -LRB- RB , RB -RRB- . DT NN VBD VBN IN CD VBG JJ NN NNS VBG DT NN IN CD NNS VBG NN . NNP NNP VBD IN NNS VBN RP IN DT NN VBN IN DT JJ NN RBR VBD DT NNS VBD JJ IN DT NN NN : `` CD VBD RB JJ IN DT NN : CD NN VBD IN DT NN , DT VBD IN DT NN NN , CD VBD NN IN VBG NNS , CC CD VBD IN NNS IN NN . DT NNS IN NN IN DT JJ CD NNS VBD RBR JJ : CD RB IN NN , CC JJ NN , CC DT NN IN DT VBN JJ NN . '' -LRB- RB -RRB- IN NNP CD , CD DT JJ NNP POS NNP NNP IN NNP CC NNP NNP VBD DT NN NN IN NNP VBD JJ NNS , VBG DT `` JJ NN IN DT NN CC JJ NN IN NN '' -LRB- VB NN CD RB -RRB- . IN DT NN VBD VBN , NNP VBD PRP `` RB VBP IN DT NNS , NNS , CC NN IN DT VBN NN CC PRP$ NN IN DT NN CC NNS . '' -LRB- RB -RRB- VBG IN DT NNP CC NNP NNP NNP POS NN , PRP VBP VBN VBG IN NNP IN IN DT NN , IN DT NN IN DT NN POS RBS JJ NNS -LRB- RB -RRB- . IN IN NNP CD , CD DT NNP VBZ DT NNS IN NNP CC VBZ TO VB IN DT NN . JJ . NNP NNP VBZ RB VBG NN IN NNP IN DT JJ NN NN . DT NN VBD VBN IN DT NNP NNP NNP NN . VB JJR IN PRP$ NN IN NN HYPH VB JJ NN NNS RB ."
153,1113,conspiracy,"DT NNS : DT NN VBD VBN IN NNP NNP , NNP NNP , IN NNP POS NNP NNP , VBN RB IN NN . VB IN : WRB JJ VBP JJ NNS RB VB IN PRP$ NN . WRB VBZ JJ NN IN NNS RB VBN CC VBN IN DT NN . IN DT NNP NNPS , JJ NNS CC JJ NN NNS VBP JJ VBG TO VB NNS FW FW JJ : CC IN VBG JJ , JJ NN VBN IN VBG NN NNS CC IN VBG JJ NNS CC NNS IN DT WP VBP RB VB IN DT NNPS IN NNP NNP CC NNP POS -LRB- NNP POS -RRB- NN NNS . NNS IN NNP VBP VBG TO VB JJ NN IN NN IN NN , IN DT IN NNP NNP VBP VBG DT NNS HYPH NNS HYPH NN -LRB- NNP -RRB- NN IN CD SYM CD HYPH NN HYPH JJ NNS IN WP PRP$ NN CC NN '' VBP RB VBN VBN . '' JJ NNS MD VB RBR VBN IN DT NNS : IN VBG JJ CC JJ NNS : VBD NN NN NNS IN NNP . IN DT NN IN CD CD , NNP VBZ DT JJS NNS CC DT RB JJS `` JJ NN NN '' IN DT NN : CC DT JJS VBN NNS IN DT VBN NN . DT NNP , IN NN , VBZ DT VBN NN POS RBS JJ NN NN IN NN CC NN , VBG IN NN , IN NN CC IN DT JJ CD NNS IN NN . VBZ DT VB NNP NNS JJR . DT JJ NN VBZ UH . DT NNP VBZ DT RB JJS NN NN NN IN DT VBN NNS , IN JJR JJ NNS VBG IN NN CC IN PRP$ JJ NN IN IN DT JJ JJ NN : CC JJR IN NN IN DT WP VBP VBP IN JJS CD JJ NN . NN IN JJ HYPH NN NN NN CC NN NNS VBZ IN NNP NN NN VBZ RB VB RP IN DT NN IN JJ NNS . NNP CC DT NNP : CD JJ NN NNS IN CD , NNP VBD RB IN VBN NN IN JJ NN NNS IN JJ NN IN NNS POS NNS , VBN IN `` DT NN WDT PRP VBZ JJR IN NNS VBP VBN IN NNS POS NN NNS WP VBP JJ IN PRP$ NN NNS . '' DT NN VBD CD NNS IN JJ NNS : `` JJ '' NNS WDT DT NN VBZ CC `` RB VBZ '' CC VBZ RB VB , CC JJ `` JJ '' NNS , RB VBN IN IN HYPH IN HYPH NN . IN IN DT NNP , NNP VBZ DT NN NNS IN NNS VBG NN CC JJ NN . NNP RB VBD DT NNP NN IN DT JJ NN NN , IN IN NNS IN JJ NN DT CD HYPH NN NN : VBG DT NN NN IN CD IN CD NNS WDT VBD `` RB CD NNS JJR IN DT VBN NN . '' PRP RB VBD JJ NNS CC NN NNS VBG PRP$ NN IN DT NNP NN , NNP RB VBZ DT VBN NNS HYPH NN -LRB- NN -RRB- NN IN JJ NN CC RB VBZ DT NN . DT NNS NN VBZ IN DT `` JJ '' NN . RB VBP JJ NNS IN DT JJ CC NNP NN NNS : NFP NNP VBZ DT NN NNS , RB VBG NNS WDT -LRB- IN VBN RB -RRB- VBP CC `` JJ '' -LRB- VBN IN NN -RRB- CC `` JJ '' -LRB- NN HYPH NN -RRB- . NFP NNP VBZ RB VB NNS IN DT NN NN -LRB- NN -RRB- NN , IN DT NN VBZ JJ NN JJ . NFP NNP VBZ RB VB JJ NNS IN DT NN HYPH NN HYPH JJ NN -LRB- NN -RRB- NN . NFP NNP VBZ RB VB NN NNS IN JJ NNS CC IN CD HYPH NN HYPH JJ NNS . NFP NNP VBZ RB VB DT NNP NN , RB VBG DT NN NN . NFP NNP VBZ RB VB DT JJ NN -LRB- NN -RRB- NN . IN NN , DT NNP NN NN -LRB- VB NNP CD -RRB- VBZ JJ NN IN NN , VBZ IN DT JJ NNP NN NN IN CD NNS IN NN : RB IN CD NN IN JJ NNS , IN NN , VBP NN NN JJ , CC VBZ RP IN CD IN CD NN NNS IN DT JJ NN RB . DT JJ VBN NN VBZ RB JJ NN NNS IN DT JJ CD NNS IN NN . DT NNP NN VBZ DT NN IN DT CD HYPH NN NN IN NN , DT JJ CC JJ HYPH JJ NN VBN TO VB DT JJ NN . EX VBP DT NNS TO VB RP DT NN IN VBG NNS IN JJ JJ NNS IN DT VBN NN . IN NN , DT NNP CC NNP NNP POS -LRB- NNP POS -RRB- JJ NN IN NN IN JJ -LRB- NN -RRB- NNS IN NNS VBZ RB JJR IN CD NNS IN NN IN NN -LRB- NN NN , NN -RRB- : CC RB IN DT NNS , NNS VBP VBN DT NN IN JJ JJ NN . IN DT JJ NN VBG CD NNS , DT NN NN VBZ RB CD NNS JJR NN IN DT NNP POS JJ NN IN NN NNS . IN NNP , DT NNP VBZ NN CC NN NNS IN JJ NNS -LRB- IN DT NN -RRB- CC NNS VBP NN NNS IN CD NNS IN NN , VBG DT JJ NN RB . NNS VBP RB VBN DT NN IN NN NNS VBN IN NN , CC DT NNP VBZ RB RB VBN DT NNS '' RB IN NN IN NN TO VB DT NN . '' NNP NN NNS VBP DT NNP NN NN VBZ JJ IN NNS IN JJ VBN NNS , CC DT NN VBZ JJ IN NN . JJS JJ NNS VBP RB VB NN IN NN , CC RB JJ VBP IN DT JJ NN IN NN . DT VBZ JJ IN DT NN , NN CC NN IN NN IN NNS MD RB VB PRP$ JJ NN IN VBG NNS CC NNS , WP VBP RB JJ IN JJ NNS CC JJ JJ NN . NNS VBP IN NN IN JJ NNS POS NN NNS MD VB JJ NNS IN PRP$ NN . WRB VBP JJ NNS IN DT NNP VBN TO VB PRP$ VBG NNS IN VBG NN CC NN HYPH VBG NN NN , CC RB VBN TO VB NN HYPH VBG NN CC NN NNS , WDT RB VBP NN -LRB- IN NN HYPH NN NNS -RRB- CC JJ JJ NNS . NNP RB VBD DT NN NN CC VBD VBG RB IN CD IN JJ NN NNS VBD JJ NNS . JJ NNS VBP RB VBN DT JJ NN IN NN NN CC NNS POS NN IN NNS . NNP NNS VBP VBN DT CC JJ NNS CC RB RB VB TO RB VB CC RB VB DT RB JJ NN NN VBG IN NN CC VBP RB VBG PRP IN NN . DT NNP HYPH VBN NN NN VBD RB HYPH VBN NN IN DT NNP IN NN IN DT JJ NN NNS VBG JJ JJ NNS IN CD NNS . JJS CC JJS : CD JJ NN NN NNS DT NNP VBZ NN NN IN CD IN DT RBS JJ NNS IN DT NN POS JJ NN . DT NN MD VB NN IN NNP POS NN , WDT , IN CD NN NNS IN CD JJ NNS , VBZ DT JJ JJS IN DT NN , RB RB IN DT NNP IN NNP . IN NN , RB CD NNS RB JJ JJ NNS VBP -LRB- CD IN CD JJ NNS -RRB- , IN JJ IN NN NN IN NN NN IN NNS -LRB- VB NNP CD -RRB- . NNP NN NN VBZ IN CD JJ NNS CC VBZ JJR IN DT NN IN NNP , NNP CC NNP . TO VB , DT NNP VBZ DT RBS JJ NN NN IN VBN NNS -LRB- VBG DT JJS NNS DT JJS -RRB- . IN NNS VBP NNS , WRB VBP JJ NNS `` VBG IN DT JJR NN , CC : VBG JJR '' VBN IN NNS IN CD JJ JJ NNS : VBG IN DT `` CD NN JJR NN IN NN IN VBG NN '' . JJ NNS , WP VBP DT JJS NNS : IN DT NN NNS IN NN : VB RP TO VB `` JJ CC JJ '' NNS . JJ NN NN CC NN NNS CC PRP$ NN IN NN NNS VBP NNS WDT NN CC NN NNS VBP VBG IN PRP$ NNS POS JJ NN . IN DT CD NNS IN DT NN POS JJS NN NN NNS , RB CD NNS -LRB- NNP NNP , NNP CC NNP -RRB- RB VBP DT NN NN IN DT NNS : VBN IN DT NN IN NN NN NN VBZ RB JJ IN DT NNS . JJS IN DT JJ CD NN HYPH NN NNS : VBG NNP : VB DT NNP NN IN NN RB IN DT NN VBZ NN NN JJ -LRB- NN CD -RRB- . DT NNP , IN PRP$ JJ NN CD NN NN NN , VBZ DT NNP NN IN DT CD CD NNS VBN RB IN DT JJ NN IN NN NN . VBZ DT NNP VBG NNS POS NNP IN NNS . NNP , DT NNP NN POS NN , VBZ IN NN IN NN HYPH JJ NN . NNS VBP DT JJ NN VBD PRP$ NN NNS IN DT NN POS NNS NN TO VB PRP$ VBN NN NN . DT NN NN VBZ VBN NN IN CD JJ NN NNS . IN NN , DT NNP NN VBZ VBN DT NNP NN VBZ NN NNS IN DT NNS . NNS VBP VBN IN DT JJ NN IN JJ NN DT NN NN VBZ DT NNS IN VBG NNS . WRB VBP DT NNP CC NNP VB TO VB DT JJ NN NN IN NNP POS NN IN NN IN DT NN POS NN CC NN . WRB VBP NNP NNS CC NN NNS RB VB DT JJR NN , IN NNP VBD RB CD NNS RB . WRB VBP NNP NNS CC NNS VBG NNP POS NN NN IN JJ NNS . VBZ DT NNP NN VBG NNS , CC NNP . WRB VBP NNP NNS VBG NNP POS JJ NN , WDT VBZ IN DT RBS VBN NN NN IN DT VBN NN CC `` JJ HYPH NN NN CC NNS IN NN '' MD VB JJ NN NN NNS WDT VBP VBG DT NN . DT JJ NN IN DT JJ CC JJ NN VBZ DT NN TO VB VBN NNS IN JJ NNS WDT VBP JJ JJ NNS . DT VBZ DT NN TO VB VBN IN NNS CC NNS : CC DT NN TO VB UH . DT NNP NNP IN NN VBD DT NN IN VBN NN IN `` DT NN IN NN , NN , NN , NN , IN HYPH NN , CC JJ JJ NN IN NN CC NN . '' VBG DT NNP NN , CC DT JJ NN , IN DT WP VBP JJ CC WP VBP RB VB VBZ NN JJR IN JJ NN . NN : PRP IN NN IN NN -LRB- NNP -RRB- VBP PRP NN WDT VBZ RB VBN IN DT JJ NN , CC RB MD VB JJ . DT NNS , NNS , NNS , CC , CC NN PRP VBP VBP RB RB VBN , VBN , VBN , CC VBN TO IN VB IN NNP , PRP$ NN NN , NNS , DT WP VBP IN NNP , CC DT WP VBP PRP$ NN . RB , PRP VBP RB JJ . UH VB NN . VB JJ NN , PRP$ JJ NN CC PRP$ JJ NN IN NNP , NNP CC JJ NNPS TO VB PRP VB WP VBZ JJ CC WP VBZ RB . IN VBG NN CC VBG NN , PRP VBZ PRP$ NN TO VB NN CC NN IN JJR NNS TO VB PRP IN NN IN DT NN IN DT NN NN ."
154,355,mainstream,"PRP RB VBD DT NN TO VB IN DT NNP NNP NNP VBG DT NN IN DT NNS NN -LRB- NNP -RRB- NN TO VB NNP POS NN . DT NN VBD DT NN IN DT JJR NN IN DT NNP NN VBZ NN , CC EX VBZ DT NN HYPH NN NN IN DT NNS IN NN VBZ VBN IN DT JJ NN IN JJ NN , RB HYPH VBN JJ NN . PRP VBD , IN JJ , JJ IN IN WRB -LRB- CC WRB -RRB- DT JJ NN VBD DT NN TO VB NN , RB IN DT NN IN NNS . RB , NNS IN DT NNP NNP NNP NNP , WDT VBD VBN IN DT NNP IN NNP IN CD CC CD , VBD NNS IN VBN CC JJ JJ NNS VBG NN CC DT JJ NNS IN WDT NN MD VB NN -LRB- CC NNP POS NN -RRB- . DT NNS VBD IN DT NN IN JJ NN VBD NN IN DT JJ NN IN CC DT NNP NN CC DT JJ NN -LRB- VBN IN DT NNP IN NN -RRB- . RB , JJ NNS IN DT JJ NN IN DT NN NN , JJ NN CC JJ NN VBP VBN RB JJR NN IN DT NN , RBR RB IN DT NNP IN IN DT NNP . DT NNS VBP RB VBN VBN IN JJ JJ NNS -LRB- NNP -LRB- CD -RRB- CD : CD CC NNP NN IN JJ NNS CD , NN CD . NN NN : CD . ADD -RRB- . DT NN IN DT NN IN DT NN NN CC NN VBZ VBG VBN IN DT NNP NNP VBN IN NNP NN WDT VBZ NN IN NN HYPH JJ NNS . PRP VBP DT NNS IN NNS IN DT CD NNP NNP NNS : CD NN VBD VBN IN `` JJ NN '' CC DT JJ IN DT `` NN IN DT NN '' . DT NN IN DT NNP NNS VBZ DT NN VBN IN `` RBR JJ IN RB '' CC DT JJR IN CD NN NN IN DT NN VBD DT JJ NNS . DT NN PRP VBD VBD DT NN IN DT JJ NN WP VBD NNS IN NN RB IN VBG DT NNP NN . PRP RB VBD DT NN IN JJ NNS -LRB- NN , NN , NN -RRB- CC NNS -LRB- JJ NN CC JJ NN -RRB- VBN IN JJ JJ NNS -LRB- NN CC NN -RRB- . PRP VBD RB VB IN EX VBD JJ NN IN DT NN IN NNP POS NN CC , RB , VB IN DT NN IN DT JJ NN IN JJ NN VBZ RB JJ . DT NNS IN JJ NN MD VB VBN VBN IN DT JJ NN IN NNS , WDT VBZ DT JJ NN NN VBN IN JJ NNS WP VBP NN NNS CC JJ NN NN NNS IN JJ NN NN . IN DT JJ JJ NNS VBZ IN NNP POS NN VBZ VBN IN JJ NN VBP VBN IN NNS IN DT NN CC DT NN VBG DT NN IN DT NN NN CC , RBS RB , DT NN VBG DT NNS IN NN NN VBZ VBN IN NNS VBG NNS . TO VB DT NNS , NN NN VBZ RB VBN IN DT NN IN NN NNS IN JJ NN . RB , DT NNP NN NN VBD VBN RB IN NN IN NNP POS NNS . IN NN , CC JJ NN CC NNP NNS VBP DT JJ NNS IN NN : JJ IN DT JJ NNS ."
155,340,mainstream,"DT NN VBZ DT JJ NN IN JJ NNS VBP PRP$ NNS . JJ NNS CC NNS , IN NN , MD VB TO VB CD NNS JJ . IN DT NNS , NNS VBP RB IN NN . CC VBG IN NN IN NN CC NN IN NN MD VB JJ IN DT JJ NNS . DT NNS VBP IN NNS IN VBN HYPH RP NNS CC JJ NNS . `` PRP VBP VBN , VBN NNS , '' NNP VBZ . `` DT NNS WP VBP RP DT NN VBP VBG DT JJ NN , IN DT NN IN PRP VBZ DT NN IN NNS VBG TO VB NNS . '' VBG IN DT NNS NNP VBZ PRP$ JJ NNS VBP DT NNS , IN JJ NN CC DT JJ NN IN NN IN JJ NNS . VBG CC VBG IN JJ NNS MD VB JJ , CC NNP RB VBZ DT NNS VBG JJ NNS IN PRP$ NNS . `` PRP VBP PRP VBZ DT NN TO VB DT JJ NN WDT PRP MD VB , '' NNP VBZ . `` DT NNS VBP RB JJ IN PRP$ NNS IN PDT PRP$ NNS . DT NNS IN NNS VBP RB VBN IN DT NN NN IN PRP , RB , CC VBP DT NN IN VBG VBN . ''"
156,1239,mainstream,"DT JJ NN IN NN NNS MD VB VBN RB IN NN PRP MD VB NN . DT JJ NN NN IN VBG PRP VBZ NN IN DT : DT NN NN VBD DT JJ NN , CC RB RB VBZ VBN IN DT NN WDT VBD JJ NN NNS RB IN JJ NNS , IN JJ DT NNP NNP JJ NN . IN IN NN CC JJ NN , NNP VBD , IN DT NNS IN NNS , IN DT NN WDT VBD DT NN . PRP VBD VBG TO VB NNS IN DT JJS HYPH VBN NNS WDT VBD JJ RB IN DT RBS VBN NNS . IN RB RB VBN IN RB JJ , NNP IN DT NN VBD VBN IN NNS VBN IN JJ NN . DT NNP NNPS , IN DT NNS , VBZ DT JJ CC JJ NN , CC NN VBZ NNS DT NN TO VB WRB TO VB IN JJ NNS . DT JJ NN NN IN VBG PRP VBZ RBR IN DT : IN NN IN NNP NNP . IN PRP$ JJ JJ NNS CC NNS IN JJ NNP CC JJ NNP , DT NNP NNP NN VBD RB RBR JJ IN DT NN IN DT NN , CC RB HYPH NN IN NN , IN NNP VBD . PRP VBZ PRP$ NN WDT VBZ DT NN IN RB IN NNP HYPH CD NNS , RB IN DT NN VBD IN NN HYPH VBN NN NNS . CC DT NN NN VBD NNS IN NNP IN PRP$ NN , IN VBG DT NNP NN -LRB- PRP$ JJ NN IN NN IN DT NN WDT , `` PRP VBP PRP RB IN NN '' -RRB- IN VBG NN IN DT NN IN NN CC NN IN NNS -LRB- DT JJ JJ NN IN WDT DT VBD VBZ RB TO VB -RRB- . `` NNP VB DT NNP RB VB PRP$ NNS , '' VBD NNP NNP , IN NNP , CC JJ NN IN NNP NNP NNP . `` NNP VBZ RB NNP NNP . PRP VBP RB VB IN PRP VBP , PRP VBP RB VB IN PRP VBP , PRP VBP RB VB IN PRP VBP . CC VBP PRP RB VBN IN PRP VBP . '' DT VBZ IN DT JJ NN IN NNP NNS , WDT MD VB VBN RB IN NN . NNS VBP NNP IN VBG VBN RB IN DT JJ NN : WRB DT NN IN JJ NN MD VB VBN : DT VBZ JJ . NNS VBP WP PRP VBP IN DT JJ NN IN NNS CC NN NNS IN VBG JJ NNS IN NNP WDT PRP VBP RB VB IN NNS , RB RBR IN PRP . UH , DT NNS IN NNP NNP VBD RB RB VBG NNP HYPH CD -LRB- RB CD NNS IN CD IN NN , VBG IN NNP NNP NNP POS NNP NNP NNP -RRB- . JJ IN NNP -LRB- CD NNS IN CD -RRB- . CC DT NNP NNPS POS NN RB RB -LRB- CD IN CD -RRB- VBZ VBN JJR IN NNP POS -LRB- CD IN CD -RRB- CC DT NNP NNP POS -LRB- CD IN CD -RRB- . `` DT JJ HYPH NN VBN NNS VBP VBN RB RB CC RB RB , JJ VBZ JJ IN JJ HYPH NN CC JJ NNS , '' VBD NNP NNP , DT CD HYPH NN HYPH JJ NN NN IN NNP NNP . `` DT NN DT NN VBZ VBN IN DT NNP NNP IN NNS PRP DT VBP CC VBP VBG TO VB VBZ RB RB IN NN VBD JJ IN DT NN . IN DT JJ JJS , EX VBZ DT NNS WDT VBZ DT NNP VBZ VBN RB JJ WRB VBN IN WRB DT NN VBZ VBN IN DT NN . '' DT NN VBD WP MD VB VBN NN . NNS VBP IN NNP POS RB JJ NNS . RBR DT NN PRP VBD NNS VBN RB IN PRP$ JJ NN NNS CC DT JJ NN VBD JJ NNS IN VBG PRP$ NN NNS IN NN RB IN DT NN POS JJ NNS VBD RB DT . PRP$ NNS , RB , VBP RB VB DT IN NN . PRP VBP NNP , DT NN NN , VBG IN JJ NNS VBP VBN . `` EX VBZ NN JJ IN NNP VBG DT JJ NN NN IN WRB TO VB DT NNS IN JJ NN CC JJ NN , '' VBD NN NNP NNP . `` PRP VBP CD CC PRP VBP JJ TO VB JJ NNS IN PRP VBP TO VB IN PRP$ NNS CC NN , VBG RB DT CD NN JJ NN . IN PRP VBP NNP HYPH CD PRP VBP IN NN CC IN PRP VBP RB JJ , PRP MD RB VB DT RB JJ NN IN VBG RB JJ . DT NN VBZ JJ CC , IN NNS IN NNP CC NNP VBP VBN , JJ JJ NNS RB VBP JJ JJ NNS . NNP VBZ DT CC , RB , VBZ IN NN CC JJ NNS TO VB JJ NNS IN DT JJ NN IN JJ NN CC JJ NNS . PRP VBP JJS NNS VBP DT CC IN JJ NN NNS CC DT JJ NN VBP RB VBN IN NN IN DT RB HYPH JJ NN . '' IN DT NN IN DT NN , PRP VBD IN WP VBD IN NNP IN DT CD NN , DT NN RB VBD `` DT NN IN NNP . '' WP VBZ DT NN IN JJ NN NNS IN DT NN IN DT NN WDT VBZ NNS CC VBZ RB JJ NNS . PRP VBP RB JJ RB TO VB PRP IN DT NN IN NN NNS . CC PRP VBZ JJ PRP RB VBD WRB JJ NN NNS MD VB VBN IN JJ NNS WDT RB VBD DT NN . NNP NNP , CD , IN NNP NNP , NNP , VBD PRP VBZ NNP DT `` JJ CC JJ '' NN . CC PRP VBZ RB VBN IN `` DT NN HYPH NN NN IN JJ NNPS TO VB NN TO VB VBZ DT NN RB IN JJ NN . NNS MD VB IN NN IN PRP$ NN CC WRB TO VB IN DT JJ NN . '' NNP NNP VBZ DT NNP VBG IN NNP NNP , CC PRP$ NN RB VBD DT NN IN JJ NNS IN DT NNS . DT VBZ DT NN WDT RB VBZ NNP , DT NN WP$ NNS RB VBP PRP IN DT JJ NN CC RBR JJ IN DT NN . `` PRP VBP WRB PRP VBP IN DT NN NN VBZ VBN IN NN CC DT NN VBZ PRP , '' NNP VBD . IN VBG RB JJ NNP NNS , PRP VBD : WRB MD CD IN DT JJ NNS IN DT NN POS NN NN VB . NNP NNP , DT JJ NN IN NN IN NNP NNP NNP NNP WP VBD NNP NNP POS NN IN DT NNP NN NN IN CD CC CD , VBD PRP VBZ DT NN VBG CC VBG IN DT NNS IN JJ NNP NNS . NNPS MD RB VB JJ NNS IN VBG CC VBG IN NN IN DT NN . PRP VBZ JJ TO VB CC JJ NN CC DT NN . DT NN IN NNP , PRP VBD , VBZ IN IN DT JJ CC JJ NN IN NNS : VBG NNS DT JJ NN IN DT NN NNS , IN NN : PRP VBZ VBN DT NN IN NN IN DT NNS . DT NN MD RB VB IN DT RB JJR NN IN CC DT NN CC JJ NN . IN DT JJ NNS VBD JJR NN NNS IN DT NNP NNPS , PRP VBD , PRP VBP RB VBG JJR NNS . `` DT VBZ RB NN , DT VBZ RB NN , '' NNP VBD , `` DT VBZ NN . '' PRP VBZ RB DT NN WDT MD RB MD VB VBN IN NNP CC RB RB . VB TO VB RP . VB PRP$ NNS IN -LRB- NN VBN -RRB-"
157,445,mainstream,"DT JJ NN NN NNP VBZ VBN JJ NNS IN DT JJ JJ NN IN JJ NNP NN -LRB- NNP -RRB- , DT RBS JJ NN IN NNS POS NN . DT NN VBD JJ NN IN CD NN NN IN NNS WP VBD NN IN DT NN VBN IN NNP NNP POS NNP , NNP . JJR NN VBZ VBN TO VB DT JJS NN NN CC DT JJ NN NN , CC PRP VBZ JJ TO VB NNS IN DT NN TO VB JJ RB . RB , DT NN VBZ JJ NN WDT MD VB DT JJ NN IN NN HYPH JJR NNS : NN VBZ RB VBG IN JJ NNS IN NN , NN NN CC RB NN . DT JJ NN IN NNP MD VB VBN IN NNP IN DT NN IN NNS . NNP VBZ RB JJ IN JJ NNS , VBG NNP CC NNP . NNP NN CC NN VBP JJ NNS WDT VBP DT NN IN NN IN DT NN WDT VBZ JJ IN JJ NN . IN NNP VBZ NN IN DT NN , PRP VBZ VBN VBN IN DT NNS IN DT NN IN CC NN CC NNP NN . PRP VBZ RB RB VBN VBN IN NNP MD VB VBN IN CC WRB PRP VBZ VBN IN NNP . DT JJ NN IN NN VBZ RB VBN JJ IN NNS , CC PRP VBD JJ NN . NNS IN NN VBP VBN NN DT RB RBR JJ NN , CC DT JJ NN MD VB JJ , RB IN JJ NNS CC DT VBG CC VBG IN DT VBG NN . NNS POS NN VBZ DT RBR JJ NN , VBG IN JJS CD HYPH NNS IN DT JJ NNS . IN NNP VBZ DT RBS JJ NN , PRP RB VBZ IN RB RB CD HYPH NNS IN NNS . DT NN VBP VBN IN DT JJ NN IN NN , NNS CC NNS , CC EX VBZ DT NN IN VBG DT JJ NN IN DT IN PRP . NFP NNP NNP VBZ DT NN IN NN NN IN DT NNP NNP NNP , NNP -LRB- CD CD CD -RRB- ."
158,45,mainstream,"IN VBG CC VBG DT NNP NN PRP VBP IN DT NNS IN NN . UH VB NNS IN NN WRB JJ PRP CC PRP$ NNS VBP NNP RB VBZ IN PRP$ NN MD VB VBG TO VB NN IN DT NN . DT NN IN NNS PRP VBP NNP , DT NN IN NNS PRP VBD , CC DT NN IN NNS PRP VBD MD VB VBN IN PRP$ NN CC IN NN IN JJ NNS CC RB IN PRP$ NN NN . PRP VBP DT NN TO VB HYPH IN IN VBG PRP$ NN NN IN PRP$ NN CC VBG RB MD RB VB PRP$ NN POS NN TO VB PRP$ NN IN NNP . IN PRP VBP HYPH RP PRP$ NN MD RB VB VBN IN NN NNS ."
159,1037,mainstream,"IN NNP , RB , NNP HYPH NNP POS NN VBD JJ NN WRB PRP VBD IN DT NNP IN NNP CC NNP NNPS DT NNS IN DT JJ NN IN JJR IN CD NNS IN CD NNS IN DT NNPS , CD IN WDT , NNP , VBZ VBN IN DT NNP NNP NNP . DT NNS VBD IN CD IN CD NNS RB JJ NNS IN NNP VBD VBN VBN IN NN IN NNS IN NNP CC NNP , NNS IN JJ NN CC JJ JJ NNS WDT VBP RB VB DT JJ NN IN NN NNS CC NNS . NNP HYPH NNP VBZ IN DT JJ NN VBZ NN HYPH RP TO VB RP NNS IN DT NN IN JJR JJ NNS IN NNP . PRP RB VBZ RB IN VBG RB RB RB RB IN DT JJ HYPH NN NN CC VBG JJ NNS IN PRP IN WP MD CC MD RB VB WP . NN VBZ PRP JJR IN DT NN IN NNS MD VB PRP$ NN . IN PRP VBD IN VBG IN VBG PRP$ NNS IN DT RB VBN NN NNP NNP VBD JJ NNS IN DT NNP NN . `` PRP VBZ RB JJ TO VB JJ CC VB NN , '' PRP VBZ . `` PRP MD VB JJ . '' CC PRP VBZ RB JJ DT NN IN DT NNS MD RB VB RB , CC IN DT NNS MD RB VB VBN . IN IN DT NN IN NN . DT NN VBZ RB CC VBZ RB JJ NNS . PRP$ NN NNP , NNP HYPH NNP VBD IN DT RB NN HYPH VBG JJ NN PRP VBD IN DT NN NNP NNP IN CD , VBD VBN IN NN NN CC JJ JJ CC JJ NNS . `` PRP$ NN IN PRP VBZ IN DT JJS PRP VBP , '' PRP VBD . `` PRP VBP JJ IN PRP VBZ JJ CC IN PRP VBD RB VBN IN IN NN IN NN CC IN PRP$ NNS VBD RB VB TO VB PRP$ NN . '' IN EX VBZ CD NN NNP HYPH NNP VBZ , PRP VBZ NN , RB RB IN DT NN NN CC IN DT JJ NN . NNP VBZ DT NN IN NNP NNP NNPS : NNPS CC NNPS IN DT NNP IN NNP VB IN NN MD VB CD IN CD NNS ."
160,220,mainstream,"PRP VBZ CD IN DT RBS JJ NNS WDT MD VB VBN IN DT NN : VBG NNS POS NNS TO VB NN . RB PRP VBZ DT NN IN DT NNS , VBN IN NNS IN DT NNP NNP NNP -LRB- NNP -RRB- IN NNP IN JJ NN NNP NNP , VBP RB VBG JJ NN . RB DT JJ NN NN NN VBZ VBN DT NN IN NNP , WP IN CD VBD DT NN , RB RB VBN , IN DT NNS , NNS CC NN NN -LRB- NN -RRB- CC NN . IN NNP CD , NNP NNP IN DT NNP NNP POS NNP IN NNP NNP VBD DT NN IN DT NNP -LRB- NNP VBG IN NNP VBD RB VB NN NN . NNP VBD NNP IN PRP VBZ DT NN IN JJ NNS CC DT JJ , JJ NN VBZ VBN DT NN RB VBG WP TO VB CC VBZ JJ IN DT VBN NN . `` -LRB- DT NN -RRB- VBZ NNS IN NNP IN DT DT HYPH NN POS HYPH NN , '' NNP VBZ . NNP VBD DT JJ NN IN DT CD NN IN DT NNP -LRB- NNP NNP NNP FW FW NNP CD , CD , CD -RRB- VBG IN DT NN NNS IN CD NNS WP VBD VBN DT NN NN CC VBD NNS IN NN CC JJ NN NN . DT NN VBD JJ NNS IN NNS , CC PRP VBD VBN IN CD IN DT NNP NNP NNP NNP -LRB- NNP -RRB- VBD IN NNP VBD DT NN IN JJ JJ NN TO VB , IN NN IN PRP VBD IN PRP$ NN VBD RB VB JJ JJ NN IN NNS VBN IN DT NNS . RBR IN DT NN , DT NNP VBD PRP JJ IN DT NN NN CC VBD PRP$ NN TO VB IN DT NN . IN RB , JJR IN CD JJ HYPH NN JJ NNS VBD VBN TO VB NN IN DT VBN NN -LRB- NNP NNP NNP CC NNP NNP NNP NNP NNP . NNP CD , CD , CD -RRB- CC DT NNP NN VBZ NN VBN IN JJ . CC VBD DT NN RB JJ , CC DT JJ NN . NNS IN JJ NN NNP NNP VBN IN DT NNP IN CD CC CD VBD NNP IN VBG NNS IN DT NNS WDT VBD RB JJ IN PRP$ NNS CC PRP$ NNS POS NNS , IN DT NN WRB NNP VBD RB VBG VBN IN NNS VBG TO VB NNP NNS . NNP POS NNS PRP VBD RB VB NN , CC IN PRP$ NN DT NNP NN IN NNP CD VBD DT NN JJ . NNP VBZ RB VBN NNS IN VBG NNS CC VBG DT JJ NN IN DT NNP NN , CC DT NN VBZ RB VBN IN DT NN . IN NNP , NNP NNP NNP -LRB- NNP -RRB- , WDT VBD RP NNS IN DT NNP NNP NNP WRB NNP VBD , VBD PRP VBD VBN DT NN . IN DT NN , NNP , DT NN CC JJ NN WP VBZ PRP VBD RB VBN IN NN IN VBG NNS IN JJ NN CC DT NN IN NN NN , VBD NNP IN DT NN TO VB PRP$ NNS . PRP$ NNS VBP RB JJ TO VB DT NN VBN IN JJ JJ NN IN DT NN VBZ RB VB NN . CC PRP MD VB DT NNS IN NNP POS NN CC DT NNP NN . DT NNS WDT NNP VBD VBP JJ NNS VBG NNS IN DT NNS IN NNS . DT NNS VBD VBN RP IN NNS NNP NNP CC NNP NNP , WP VBD IN NNP IN DT NNP NNP . DT NNS , NNP VBZ , VBP JJ IN NNP POS NN IN NNS PRP VBD VB RB VB NNP POS NNS IN DT NNP NN IN DT NNS VBD JJ NN , DT VBN NN IN DT NN HYPH VBN NN . IN NNS IN CD IN DT NNS VBN IN NNP , DT JJ NN `` NN '' VBZ , CC NNP VBD DT NN VBN `` JJ '' IN CD NNS . NNP POS NNS VBP VBN IN DT NNP NN , IN NNP POS VBP VBN RB . NNP VBZ IN DT NNS VBP IN NNP CC NNP VBD VBG JJ HYPH NN NNS IN NN . NNP , WP VBZ VBN NNP , MD RB VB VBN IN NNP , CC NNP VBD IN NNP VBD VBN PRP RB TO VB . -LRB- CC VBZ VBN VBN IN VBG NNS . -RRB- IN VBG NNP POS NN , DT NNP VBD NNP NNP , DT NN IN NNP POS NNP NNP , NNP , TO VB DT NNS . NNP VBZ PRP VBZ RB VB PRP VBP JJ TO VB NNS IN DT NNP NN IN DT JJ NN NN . PRP RB VBZ IN `` JJ '' IN DT NN NNS VBZ IN NN , VBG PRP MD VB IN DT NN IN NN NNS . CC PRP VBZ IN DT NNS VBP RB RB VB NNS IN NNP RB VBD DT NNS . `` DT NNS VBP JJ . PRP VBZ JJ TO VB PRP VBZ JJ NN , '' PRP VBZ . NNP VBZ IN PRP RB VBD NNP IN NN IN PRP$ NN IN NN NNS . CC PRP VBZ IN NNS VBD IN PRP IN DT NNP NNP NN NN RB VBD IN DT NNS POS NN NNS VBD IN JJ NNS , RB IN PRP VBD VBN IN DT NNP NN IN VBG NN . NNP NNP , DT NN IN DT NNP , VBZ IN DT NN POS NN IN NN VBD RB VBN IN DT NN CC IN DT NN IN NNS IN DT NNS POS NNS CC DT NNS IN DT NNP NN . PRP VBZ PRP MD VB VBG IN DT JJ NN IN DT NN , VBG IN PRP VBZ VBN JJR IN DT NN IN PRP RB VBD NNP IN NNS IN NNP POS NN . NNP VBZ NNS IN NN NN . PRP VBZ IN NNP VBZ RB TO RB VB PRP$ NN IN DT NNS CC PRP VBZ RB VBN IN DT NN MD VB PRP DT JJ NN . DT NNP NN VBZ IN DT NN MD VB `` JJ , JJ CC JJ HYPH VBG '' . CC CD NNS IN VBG PRP$ NN , DT NN VBZ RB VBG IN DT JJ JJ NN . DT NN VBZ VBN IN NN IN DT NN NNP . DT NN VBD RB VBN IN NNP CD , CD ."
161,940,mainstream,"VBN IN DT NNP NNP , DT NN VBZ IN DT NNP NN TO VB DT JJ NN IN DT `` JJS JJ NN . '' NNP VBD DT NN IN DT VBN NN , VBG NN TO `` VB RB . '' CC DT NN JJ VBD TO VB DT JJ NN . `` DT JJS NN IN NN VBZ TO VB IN DT NN , '' VBD NNP NNP NNP NNP NNP NNP NNP , VBG IN DT NN VBD . `` DT VBZ RB VB IN IN DT NN MD VB VBN CC IN PRP VBP VBN IN PRP$ NN TO VB DT NN , PRP MD RB VB IN NNS TO VB DT NNP , TO VB WP MD VB VBN IN DT NNP TO VB TO VB RP IN DT JJ NNS , IN PRP VBP JJ NNS . '' `` CC VB PRP IN RB VB IN PRP$ RBS JJ NNS , '' PRP VBD , VBG `` PRP MD VB IN NNP TO RB VB IN DT NN . '' NNP POS NN IN DT NNP VBZ IN VBG NNS IN NNP . DT NN TO RBR VB WRB DT NN NN VBN TO VB PRP$ NN IN JJ NNS VBZ RB VBN IN DT NN : DT NN WDT MD VB NN IN NNP : CC NNP POS NNS IN NNP POS JJ NN VBP RB VBN IN JJ NNS . CC RB , RB , DT NN VBZ NN . JJ NNP NNP NNP , VBG DT NNP IN NNP , VBD NNP MD VB `` DT NN IN DT JJ NN IN DT JJ NN IN NNP HYPH CD IN PRP VBZ VBN IN NN . '' DT JJ JJ NN IN DT NNP NN NN VBD DT JJ NN , VBG IN VBG IN DT NN RB RB MD VB DT NN IN DT NN . IN JJ NNS VBN IN DT NN IN DT NNP POS NN IN NNP HYPH CD IN NNP CC NNP , DT NNP NNP CC NNP NNP IN DT NNP NNP NNPS NNP VBD DT NN IN DT NNP NN POS NN IN DT NN MD VB VBN . RB , PRP VBD , `` VBG PDT DT NN IN DT NN IN DT NN , RB IN DT JJ NN , MD VB NNP POS NN TO VB RB . '' DT NN , VBN NNP VBG IN NNP , VBZ RB VB RP IN WRB DT NNP VBD IN NNP . RB , PRP VBZ IN DT NNS VBD RB VB TO VB DT NN POS NNS RB RB . DT VBZ IN NNP POS NN IN NNP VBP HYPH VBD DT NN IN DT NNP NNP NNP IN NNP NNP -LRB- NNP -RRB- IN NNP POS NN . CC DT NN NN VBD DT JJ NNS IN NNS IN DT NN , VBN IN NNP CD , '' VBZ NNS IN IN NNP NNPS VBP DT NNP NN IN DT RB JJ NN . '' PRP NN RB VBD VBN `` NN CC NN '' JJ IN DT NN NN WDT VBZ DT NNP NN IN VBG JJ NNS . JJ NNS IN NN VBN IN NN VBD JJ JJ NNS JJ IN NNP POS NN IN DT NNP -LRB- IN PRP VBZ RB DT NNP NN , PRP MD RB RB VB -RRB- : NNP POS NN IN NNP : CC NNP NNS IN NNP CC NNP . CC EX VBD NN IN DT JJ NN IN DT NNP : DT NNP HYPH CD NN , VBN IN NNS CC VBN IN IN JJS CD IN DT NNP POS CD NNS . IN NN IN VBG IN DT NN , DT NN RB VBZ RP NNS IN JJ NN IN NN NNS , VBG NN DT `` JJ JJ NN . '' `` DT NN NN MD RB VB DT NN IN DT VBN JJ , '' NNP NNP NNP VBD . IN PRP$ NN , NNP VBD RB RB VB DT NN . CC PRP VBD VB DT VBN NN VBG PRP IN JJ NNS , VBG NN IN NN NN ."
162,131,conspiracy,"NNP : PRP MD VB TO VB `` VBN NN NN , PRP MD VB `` JJ CC JJ '' NN NN NN NNP NNP VBD DT JJ NN IN DT NN IN DT JJ NN HYPH CD NN DT NN , VBG IN PRP MD VB TO VB PDT DT NN IN PRP VBD VBN IN NN . JJ NNP NN , NNP VBD , `` NN NN . PRP MD VB TO VB PRP . PRP MD VB JJ CC JJ . EX VBP RB CD VBN NNS . '' NNP VBD , `` PRP VBP RB VBN DT NN NN , CC PRP MD VB TO VB DT JJ NN . IN DT NNP VBZ PRP `` JJ '' WP MD PRP VB . '' DT NN NN NN VBD IN PRP$ NN IN NNP POS NN IN DT NNP NNP NN . `` PRP VBD NN WDT VBD PRP JJ , IN PRP VBP RB VBG IN DT NN NN , CC PRP VBP , VBG VBN DT NNS , VBG VBN DT NN NNS WDT VBP RB CD IN CD , RB CD NN JJ : IN PRP VBP IN NN NNS , RB RB VBP PRP JJ : CD HYPH CD NN IN CD NN VBZ WP PRP VBP VBG IN NNS : EX VBP JJ NN NNS IN NN NNS , '' NNP VBD . `` RB RB PRP VBP VBG PRP PRP VBP TO VB DT NN NN WRB PRP VBP EX VBP VBN CD IN CD NNS IN DT NN RB , CC PRP VBP RB , RB JJ IN PRP VBP VBG RP DT NN WDT MD VB JJ , JJ , FW FW , RB PRP VBD DT , '' NNP VBD IN VBG DT NN RB . NNP VBD , `` CC IN DT JJ , NN , JJ NNS VBP PRP VBP DT NN IN PRP$ NNS WDT PRP VBP VBG VB MD VB RB IN DT NNS , VB IN PRP VBP TO VB PRP IN PRP MD VB DT NN TO VB PRP$ NN . PRP MD VB DT NN IN PRP VBD DT NN . PRP MD VB IN DT NNS , PRP VBP RB VBG PRP , PRP VBP . CC PRP VBP RB VB WP VBZ PRP PRP VBP TO VB PRP , IN NNP NNP VBZ PRP TO VB PRP , PRP VBP RB VBG PRP , PRP VBP PRP . PRP VBP RB VBG PRP IN NNP , PRP VBP RB VBG PRP IN NNP , PRP VBP RB VBG PRP IN NNP , PRP VBP RB RB VBG PRP IN NNP , PRP VBP RB VBG PRP IN NNP , PRP VBP RB VBG PRP IN NNP NNP , PRP VBP RB VBG PRP . '' NNP POS JJ NN IN NNP MD VB VBN IN DT NNP CD NN IN PRP$ NN IN IN DT CD NN NN . DT NN VBD VBN : NNP , NNP CD , CD IN CD NN"
163,997,mainstream,"PRP VBP RB VB JJ NN RB TO VB IN VBG IN NN HYPH CD VBZ NN , CC IN DT NN MD VB RB HYPH VBG NN IN DT NN VB PRP VBP VBN NN HYPH CD CC VBD : VBP PRP RB JJ IN NN , CC MD PRP VB PRP RB . PRP RB VBP RB VB RB . IN NNP , NNS VBD IN DT NN IN NNP WP VBD VBN VBN DT DT HYPH JJ IN VBG NN HYPH CD CC RB VBN JJ IN DT NNP HYPH NNP HYPH CD NN DT JJ NN . EX VBP RB VBN NNS IN DT NN IN NNP VBG JJ IN VBG VBN DT DT HYPH JJ , CC JJ NNS IN JJ NNS VBP VBN IN NNP , RB . DT VBZ VBN NNS IN NNS MD RB VB NN IN DT NN . DT MD VB IN , IN PRP VBP DT JJ NN , PRP MD RB VB VBN NNS IN NN . CC DT NN VBZ RB JJ . `` EX VBZ DT JJ NN IN NNS , CC PRP RB VBP RB VB , '' VBZ NNP NNP IN DT NNP IN NNP . PRP MD VB IN DT NNS VBN VBD JJ , WDT VBZ DT NN IN NNS IN JJ JJ NNS , VBZ NNP NNP IN NNP NNP IN NNP NNP . JJ NNS IN JJ NN NNS VBP JJ . DT NN IN DT NNP NNP IN NNP NNPS IN NNP VBD CD NN NNS IN DT NN . DT NN RBR , DT CD VBD JJ IN NN HYPH CD HYPH JJ NNS CC VBD JJ NN NNS . CD NNS RBR , DT NNS VBD VBN CC VBD VBN TO VB NNS IN DT NN IN PRP$ NN . `` PRP MD VB VBN IN JJ NNS RB CC RB . PRP VBP RB VB IN DT VBZ JJ IN DT NN '' DT NNS RB VBD TO VB CD IN PRP CC VBD , WDT VBZ DT NNS VBD NN -LRB- NNP , NNP -RRB- . `` DT NN VBZ RB JJ , IN PRP VBZ IN PRP VBZ JJ TO VB JJ NN IN DT NN , '' VBZ NNP NNP HYPH NNP IN DT NNP IN NNP NNP IN NNP . CC DT VBZ RB RB VB JJ HYPH NN NN . EX VBP JJ NNS VBG IN NNS CC IN PRP VBP NN , DT VBZ RB VB . `` DT JJ NNS IN DT NN NN , JJ IN DT WDT VBP JJ NNS , VBP TO VB NN WDT VBZ RB JJ HYPH VBN , IN RB CD NNS , '' VBZ NNP NNP IN NNP NNP NNP . `` IN -LRB- DT NN -RRB- VBZ RB JJ , PRP VBP RB RB VB WRB RB DT NN VBN IN NN MD VB . PRP RB VBP JJR NN VBG IN DT JJ NNS IN NNS WP VBP VBN IN NN TO VB JJ , '' VBZ NNP . JJ NNS VBP . `` NN IN NN HYPH NN HYPH CD VBZ RB RB RB VBN CC PRP VBP RB VB WRB JJ DT NN NN MD VB IN DT JJ HYPH NN , '' VBZ NNP NNP IN DT NNP NNP IN DT NNP . `` IN JJ NN NNS , PRP VBP RB VB VBG NN , '' VBZ NNP . `` PRP MD VB VBN RB CC RB , CC PRP RB VBP RB VB IN DT JJ NN IN DT VBZ RB JJ . '' JJ JJ NN NNS VBP RBR JJ . `` DT NN VBZ RB JJ IN NN IN NNP HYPH NNP HYPH CD VBZ IN DT NN NN WDT VBZ JJ . RBS JJ DT NN VBZ IN NN , '' VBZ NNP NNP IN DT NNP NNP IN NNP CC NNP NNP . `` IN PRP VBP JJR NN TO VB JJ IN DT , NNS WP VBP VBN VBP JJ TO VB VBN IN NN HYPH NN HYPH CD RB . '' NN NN NN VB DT JJS NN NN IN PRP$ NN DT NN NN , NN"
164,243,mainstream,"DT JJ CC RB JJ NN MD VB VB DT NNS IN NNS RB JJ IN NN . DT JJ HYPH NN NN NN NN VBZ DT JJ NN IN DT NN IN DT JJ NN , NNP NNS VBP . DT NN VBZ NN IN DT NN POS JJS NN NN VBG NNS TO VB IN PRP RB VBP IN NN . PRP VBD DT NN IN NN IN DT NN IN NNS IN NNS . IN DT IN NN , PRP VBD NNS IN DT NN . VBD DT NN VBD VBN VBN TO VB NNS IN DT NNP IN DT NN IN DT NN , IN IN CD NNS MD VB VBN VBN , NNS VBP . CC PRP MD VB IN JJ NN IN JJR NNS IN JJ NNS IN NNP HYPH CD NNS . DT NNP NN VBZ CD NNS IN DT NN IN PRP$ NN CC VBZ DT NNP MD VB NN JJ IN NNS . NNP NNP NNP NNP VBD EX VBD DT JJ NN TO VB `` DT JJ JJ JJ NN '' , VBG : `` PRP VBP VBN NNS TO VB PRP VBP JJ NNS , RB IN DT NN IN DT JJ NN . '' NNP NNP NNP IN NNP NNP NNP NNP VBD PRP MD VB NNS IN DT NN . NFP WP VBZ NN CC WRB VBZ PRP VB . NFP DT NN NN WDT MD VB PRP VB NNP RB CD IN IN CD NNS IN NN VBP IN VBG VBN IN NN . IN DT WP VBP VBN , JJS RB VBP CC DT MD VB NN CC JJ NN . CC DT VBP DT JJ HYPH NN NNS NN VBZ TO VB . DT NN VBZ RB VBN TO VB NN IN DT NN IN JJ NNS , VBG NN , NN CC DT NN NNS . CC PRP VBZ TO VB VB DT IN DT NN WDT MD VB WRB DT NN POS NN NN VBZ IN NN IN PRP VBZ TO VB RP NN . DT IN HYPH NN , DT NN NN , MD VB JJ . IN DT NN , VBN IN DT NN IN NNP NNP , RB CD NN NNS VBD VBN NN CC VBN IN JJR IN CD WP VBD RB . IN NNS IN NNS , PRP VBD DT NN IN NN IN CD NN IN CD NN . IN NNS VBG NN , PRP VBD DT NN IN NN IN CD NN IN CD NN . JJ NN NNP NNP NNP VBD : `` DT VBZ DT JJ NN RB RB WDT VBZ VBN VBN TO VB NN , CC PRP VBZ PRP RB . PRP VBZ DT JJ NN . '' JJ NN NNP NNP NNP VBD DT NNS VBD CD NN MD VB VBN IN : SYM DT CD NNS IN DT NN `` EX VBZ DT JJ , JJ NN , '' PRP VBD . `` DT NN VBZ IN IN CD NNS IN NN CC PRP VBZ RB $ CD IN NN . `` RB RB PRP VBZ $ CD TO VB DT NN . `` DT VBZ DT NN WDT VBZ RB JJ . '' WRB JJ , NN NNS MD RB VB VBN PRP IN NN , NNP NNP VBD . CC NNS MD RB VB RB CC VB PRP TO VB IN NN . NNP VBZ RB VB TO VB NNS IN JJR NNS IN NN WP VBP RB VB NN IN PRP$ NN . DT NN NN , VBG IN NNP , RB VBD IN DT NN NN NN , WDT VBZ RB VBN VBN IN NNS PRP VBZ NNS CC NN NNS . DT JJ NN NN , RB , WDT VBZ TO VB NN NN IN NNS IN NN , VBZ RB VBG VBN JJ IN DT NNP . DT JJ NN VBN TO VB NNS IN NNP HYPH CD VBZ RB DT JJ , JJ NN CC DT JJ , JJ HYPH IN HYPH NNS NN . DT VBZ NN TO VB IN PRP VBZ NNS IN DT NN MD VB RB . CC DT VBZ WRB DT JJ HYPH NN NNS IN DT NN VBP VBN VBN RP , IN DT NNS VBP RB JJ RB . NN VBZ VBN VBN IN DT JJ NNS TO VB DT JJ NN IN NNS , JJ IN NN NN CC NN . NN IN DT NNP NNS WP VBP DT NN VBP RB VB , RB VBG DT NN IN DT NN MD VB DT JJ NN . DT NN VBZ VBN RB IN JJ NN CC IN NN NN IN RBR RB JJ NNS . RB RB , DT JJ JJ NN VBN TO VB NN NNS VBZ NN , WDT VBZ VBN VBN IN NNP . DT VBZ VBN VBN TO VB DT NN IN NN NNS IN CD NNS IN CD . CC DT NN VBD RB JJ RB TO VB IN PRP VBD NN . IN NN , NN VBZ DT JJ NN IN JJ NNS CC DT NN VBZ RB TO VB VBN . SYM NNS : WP VBP PRP CC WRB TO VB IN PRP . NFP NNP NNP : WRB VBZ PRP VBG VBN . NFP DT NN NN : WP PRP VBZ CC WRB PRP VBZ , NN : WRB TO VB IN PRP$ JJ NN"
165,797,conspiracy,"NNPS VBP NN IN JJ NN NNS VBN IN JJ NNS CC VBP NN TO VB JJ NNS IN NN NNS DT NN IN NN IN WDT JJ NNPS VBP VBG IN DT VBN NN IN JJ NN NNS IN NNP POS JJ NN MD VB PRP VB IN IN DT NN NNS VBP RB RB IN DT JJ NNS DT NN VBG IN DT NNS RB : IN DT VBZ RB RB DT NN . PRP VBP , PRP VBZ RB JJ RB RB , IN NNP NNP IN NN , IN DT NNP NNP TO VB DT JJ JJ NN NN NN IN NNS WDT VBZ DT NNP HYPH IN HYPH NNP VB IN DT NN . RB PRP VBD NNS `` IN NNS , '' RB PRP VBD NNS VBG , RB PRP VBD NNS VBG TO VB NN NN , CC RB RB CC RB RB . IN JJ NN NNS , DT NNS VBP VBN IN VBG NNS IN NNS VBG RB IN NN NN NN NNS CC VBG IN DT NN IN NN VBZ DT `` VBG '' NNP VB JJ CC JJ : IN RB DT NN MD VB JJ NNS -LRB- RB IN JJ IN DT NNS VBG VBN VBD RB VBN IN NNP VBD IN NN -RRB- . RB , DT JJS NNS IN DT NN HYPH VBG NN VBP TO VB IN DT JJ NN DT JJ NN : CC CC PRP VBP RB TO VB VBN IN VBG JJ NNS IN RB JJR NNS , IN JJ NN . IN PRP VBD RB IN CD , IN NN , NNP NNP NNP NNP , DT NNP , JJ HYPH RB VBN NN NNS IN DT NNP NNP VBG NNS TO VB PRP$ NNS IN IN JJ NN IN JJ CC JJ NNS , CC DT NNP NNP VBD JJ TO VB DT NNS IN NN , JJ . JJ . RB IN NNS VBP CC VBP NNS IN NNS IN JJ NNS DT JJ NN , RB NN IN DT NNP VBZ RB VBN DT NN IN DT JJ NN VBG IN `` NN . '' RB , DT NNP VBZ RB JJ WRB PRP VBZ IN DT JJ JJ NNS WP VBP VBN VBN CC VBN IN DT JJ JJ NNS WP PRP MD VB TO VB PRP$ NN HYPH CD NN . WRB VBZ DT , PRP VBP RB VBG . IN DT NNP VBZ VBN IN JJ JJR IN DT NN IN JJ , VBN NN . DT WP VBP IN WP DT NNS IN NNP CC NNP VBP TO VB IN NN NNS VBP VBN VBN TO VB IN VBG NN NNS VBZ `` JJ , '' CC VBG NNS IN JJ NNS WDT VBP PRP IN NN , CC IN JJ NNS VBP PRP , VBZ RB JJ . NNP NNP VBZ DT JJ NN IN JJ NN TO RB VB VBG JJ NNS DT JJ NN PRP VBZ DT NN IN JJ NN CC JJ HYPH NN JJ NN IN DT NN IN DT NN HYPH VBG NNS , WP VBP RB JJ TO VB JJ IN NN . VB IN NN IN NNP NNP , WP JJ IN DT NNS VBP TO VB `` RB NNP , '' VBZ RB DT JJ NN IN JJ NN TO RB VB NNPS DT NN RB IN JJ NNS CC JJ JJ NN NNS . DT VBD VBN JJ RB IN NNP WRB NNP NNP POS NNP IN NNP CC NNP NNPS -LRB- NNP -RRB- VBD NNS TO VB DT `` NN CC NNP NNP NN '' WDT MD VB JJ NN RB : CC DT VBD RB VBN IN DT NN IN NNP NNP PRP . NNP NNP VBZ RB VBG PRP$ NN IN VBG IN DT JJ NN NN VBZ VBN IN DT NNP NNPS CC NNP TO VB JJ NNS , JJ NN , CC JJ JJ NNS IN VBG TO VB RB CC RB IN DT NN : RB DT NN IN PRP VBZ IN NNPS CC VBZ TO VB PRP IN DT NN IN NN . CC DT NNP VBZ JJ TO VB DT IN DT , RB , CC MD RB VB IN IN DT NN VBZ VBG RB IN DT NNP NNP VBG IN PRP$ NN IN DT NN IN NNP NNP IN JJ NN NNS VBP VBG VBN IN NNP NNP . PRP VBZ NNP NN NN IN DT NN , CC PRP VBZ RB VB TO VB VBG RP RB RB ."
166,1040,conspiracy,"NNP NNP , RB NNP NNP , VBD DT NN NN IN NNP NNP IN NNP WP VBD IN VBG DT NN NN IN NN IN DT NN NN POS NN VBD RB IN PRP VBD TO VB NNP VBD NNS WP VBD VBG NNS TO VB IN NN POS IN NN TO VB PRP IN VBG VBN . `` DT NN VBZ VBN NNP NNP TO VB DT NNP NNP NN POS NN NN NN IN PRP VBD PRP VBD VBN IN IN DT NN POS NN NN IN VBG NNS PRP VBD VBD NNS TO VB IN NNS IN NN TO VB PRP . RB , PRP VBZ RP IN DT JJ $ CD CD NN IN DT NN NN PRP MD RB VB . IN NNP , NNP CD , NNP NNP NNP NNP NNP NNP NNP NNP VBD RP IN DT JJ NN VBG NNP NNP RB $ CD : DT NN IN PRP$ NN NN NN : IN DT NN IN NNP NNP . NNP VBD IN DT NN IN NNS VBN IN NNP : WP VBD VBN IN NNP POS NNP NN CD NNS IN PRP VBD VBN TO VB : VBD JJ IN DT IN PRP$ NN NN NN . RB , NNP HYPH VBN NN NNP NNP NNP , WP VBZ NNP IN DT NN , VBZ IN DT NNP NNP NN MD VB VBN IN JJ IN `` DT NN PRP MD RB VB '' IN IN VBG VBN IN DT NN . `` PRP VBZ $ CD CD , '' NNP VBD . `` DT VBZ PRP$ NN NN NN IN DT NN PRP MD RB VB IN PRP VBD RB VBN . -LRB- NNP -RRB- VBZ RB VB IN RB JJ . '' NNP VBD PRP VBZ TO VB NNP POS NN IN DT NNP NNP IN NNPS IN NNS IN VBG DT CD HYPH NN NN IN PRP$ NN . IN DT NN IN NNS VBZ NNP POS NN , DT NN MD VB IN NN , NNP VBD . NNP VBD IN IN IN DT NN , WDT VBZ NNP $ CD IN NN CC VBZ $ CD IN NN IN DT NN , PRP VBZ JJ TO VB VBG DT NN NN . NNP : WP VBZ RB VBG IN DT JJ NN IN NNP NNP NNP : VBZ VBN IN DT JJ NN IN VBG RP PRP$ JJ NNS TO VB NNP NNP , WP VBZ TO VB DT JJ NN POS NN IN JJ , NNP VBD , VBG NNP `` CD JJ NN . '' EX VBZ DT NN , IN PRP VBP NNP PRP JJ TO VB , IN IN CC RB NNP VBD JJ TO VB RB IN NN CC VB IN DT NN IN NN . MD DT NN VB JJ , PRP MD VB DT NN . IN NNP IN CD , PRP VBD RB IN NNP NNP NNP IN NN NN NNP NNP , RB NNP NNP , VBD VBN IN PRP$ NN NN RB IN NN IN PRP RB VBD TO VB NN IN VBG IN NNS IN NN TO VB NN NN , IN VBN IN PRP$ NNS . VB : NN WP VBD TO VB IN NNPS CC VBD VBN IN IN NN NN NNS RB IN NN NNP NNP VBD DT NN VB VBN , CC NNP NNP NNP VBD DT NN , CC NNP POS NN MD RB VB VBN IN DT NNP NNP NN . PRP$ NN VBD VBN IN NN IN NN CD . NNP POS NN , NNP NNP NNP , VBD DT VBG NNP NN . NNP , NNP : DT NNP NNP NNP NNP VBZ VBN DT NN IN NNP NNP TO VB CC JJ RB VB DT NN VBN IN DT JJ NN NN WP VBZ PRP VBD RB VBN IN DT NN NN IN NNP POS NNP NN IN IN NNS VBG NNS . NN NNS VBN TO VB IN NNS IN NN TO VB PRP VBN NNP NNP VBZ VBG NNP NNP IN PRP VBD VBN IN DT NN POS NN NN IN PRP VBD WRB NNP NNP VBD NNS TO VB CC VB IN NNS IN NN TO VB PRP VBN . DT NN VBZ IN CD JJ NNS VBN IN CD IN CD JJ NNS WP , IN NNS IN DT JJ , VBD NNS WP VBD IN DT NN IN NNS IN JJ NNS TO VB CC VB NNS IN VBG NNS . NNS VBD DT NN IN NN JJ NN NNS , NN IN NN IN NNS , CC DT NN IN JJ NN . IN NNP NN , NNS VBP DT NN TO VB : CC VB : DT CC DT JJ NNS VBN IN NNS . IN NNS , DT NNP NNP NNS VBP DT NNS VBD VBN . NNS IN DT NN IN DT NN VBP VBN , IN NN , JJ NNS VBD VBN . SYM NN IN NNP . CD NNS VBG JJ JJ NNP IN NNS NNP , DT NN WP VBZ VBN NNP NNP JJR IN $ CD IN NN CC NNS , RB VBD CC NNS , WRB MD NNS VB DT . IN DT NNS VBG , DT NN NN POS NN VBD TO VB NNP IN DT JJ NN RB IN DT VBN NN . NNP , IN NN NNS , VBZ PRP$ NN VBD IN RB VBG DT JJ NNS IN DT NN NNS . NNP NNP VBZ PRP$ NN VBD IN DT `` JJ '' CC `` JJ '' NN NNP POS NNS VBD VBN . `` NNS VBP TO VB DT NN POS NNS , RB VB CC VB '' IN JJ NN NNS , NNP NNP VBD DT NN TO VB DT NN VBG IN NNP POS NN , VBG NN HYPH NNS IN NNS IN NNS IN IN NNP NNP , VBD NNP NNP POS NN HYPH NN NNS . NNP NNP RB VBD TO VB DT NN IN NNS VBN IN NNP . IN DT JJ NN IN DT NN , NNP NNP NNP VBD DT NNS VBG IN NN IN DT NNS VB NN CC DT NN IN NNS IN DT NN . DT NN RB VBZ DT NN TO VB IN DT NNP NNP NN . RB IN DT NN , NNP NNP RB VBD TO VB DT NN IN JJ NNS IN DT NN NN POS NN CC DT NN IN DT NN , CC TO VB DT JJ NN IN DT JJ NN , DT JJ NN NN . DT NN VBD DT IN NNP POS NNS . NN CD : NN TO VB RB VBN , IN NNS IN JJ NN"
167,955,mainstream,"DT NN IN JJ VBN NNS VBG NNS VBZ PRP NNS VB IN `` DT NN IN NN , `` NN CD NNS VB IN `` DT NN IN NN , `` NN CD NNS VB IN `` DT NN IN NN , `` NN CD DT JJ NNS '' PRP RB VBD IN DT JJ NN WP VBZ VBN DT NN TO VB IN NN . RBR , PRP VBD PRP DT NN IN DT IN DT JJ NNS . DT VBP VBN VBG . DT NN RB , NNP NNP , DT NN IN NNP NNP , WP PRP VBD RBR , VBD PRP RB . PRP VBD PRP DT `` VB NN . '' IN PRP VBP JJ , IN PRP VBP , IN DT NN NNS IN NNP VBP NN CC NN IN NNS TO VB PRP$ NNS VB DT ."
168,1203,conspiracy,"`` DT NN PRP VBP NN : IN DT NN PRP MD VB IN NN . '' WP PRP VBP RB VBG VBN IN DT NN PRP VBP IN WRB DT `` NN NN '' NN VBD VBN TO VB DT NN NN WRB JJ JJ NNPS VBP DT NNP TO VB , VB , CC VB NNS JJ NNS IN DT NN VBP : NNP VBZ IN VBN JJ NN WDT VBN RP JJ NNPS VBZ JJ NN JJ JJ NN NN IN NN VBN IN NNP VBG RP NN NN IN NN NN NNP IN JJ NN IN NNS VBN IN JJ NN NN IN NN VBG `` NNP VBZ PRP$ NN '' NNP VBZ NNP NNP NN IN NN NN VBZ CD : CC NN IN NN IN : NNP NNP , CC IN VBN IN PRP$ JJ NNS DT JJ JJ NNP NNP -LRB- NNP -RRB- NN VBG IN DT NNP NN VBG NNP NNP NNP NNP VBG VBN DT NN TO VB DT NNP NNP CD HYPH NNP IN DT NN IN NNS VBG DT NN IN NNS , VBG PRP IN CD JJ NNS JJ IN NN , NN , NN , JJ NN , NN CC DT NN , VBZ DT JJ NN NN VBD JJ IN CD JJ NNS VBG NNP VBD VBN VBN IN DT NN : DT NN NN IN DT NN WDT RB VBD NNP TO VB DT NN NN NNS IN NNP IN DT NN NN IN JJ NNP IN DT NN VBZ VBN NNS CC NNS VBP RB VBG IN DT NN MD RB VB DT NN : NNS VBN IN NNP NNP CC NNP NNPS NNP NNP NNP VBG VBN DT NN TO VB DT JJ NN NN IN DT NNP NNPS WRB DT NNS IN PRP VBP VBN VBN : DT NN NN NN , RB , VBG IN DT RB JJ NN DT NNP VBZ VBN DT VBG CD NNS VBN IN DT JJ JJ NNS IN IN DT NN NN : RB RB DT NN NN , CC CD IN DT JJS NNS VBN IN NNP NNP NNP , NNP CD : WDT VBZ RB VBG IN DT JJ NNP , CC VBZ RB VBN DT NN IN PRP RB VBZ CC VBZ : VBD JJ NN VBN IN DT NNP IN DT CD HYPH CD NN NN : WDT VBZ WRB DT NNP VBZ RB VB DT NN NN IN PRP DT NN , IN DT NN VBD PRP VBG : DT JJ NN , RB , VBG DT JJ NN HYPH NNS IN DT NNP NNP CC NNP NNP -LRB- NNP -RRB- : WP IN DT NNS RB JJ IN DT NN IN DT NNP IN NNP CD HYPH CD NNP NN NN , IN CD NNP CD , VBD DT JJ NN NN IN JJ NN NNS : JJ NNS WDT VBD VBG TO VB IN PRP$ NNP JJ NN NNS IN NNP IN NNP IN VBG IN NNP NNP NNP NNP NNS : CC RBS JJ TO VB IN DT NN NN NN VBZ RB VBN TO VB NNS CC NNS , -LRB- NN : DT NNS CC , CC NNS VBG IN NNS IN DT NN VBP JJ NN NNS IN JJ NNS , NNS VBG DT JJ NN . -RRB- VBG IN DT NN , IN NNP SYM CD , DT NN NN VBD VBN IN DT NNP NNP NNP IN NNP NNP CC JJ JJ NN NN NNP NNP : DT NN WRB NNP CC NNP VBD DT NN IN JJ NN , NN NN : DT NN IN WDT NNP VBZ `` NN VBZ '' WP DT NNS IN JJ NN NN VBP , IN PRP VBZ VBN NNP VBG NNS TO `` VB DT NNS '' IN NN NN IN `` JJ JJ NNS '' : JJ NNS WDT VBD RB VB DT NNP HYPH NNP NN NN IN DT NNS VBG IN NNP VBG TO VB VBN IN JJ CD WRB PRP VBD IN DT NN IN NNP : NNS IN NNP VBG RB RB DT JJ NNS RBR IN NNP SYM CD , PRP VBD NNP TO VB DT JJ JJ NN RB TO VB DT NNS IN WP VBD VBN DT NN NN : DT JJ JJ NN VBG JJ NNS IN CD JJ IN `` VBG NN IN DT NNP VBZ VBG JJ NNS '' CC `` NN NN : JJ NNS MD VB CC IN JJ NN '' : DT IN WDT VBD VBN IN NNP SYM CD WRB NNPS VBD IN DT NN VBN IN DT NNP NNP NNP CC DT NNP NNP NNP IN NNP CC RB VBN : `` DT NN VBZ TO VB IN NNS IN DT JJ JJ NN PRP VBZ IN NN '' . IN CD NNP CD , DT NN VBZ , DT NNP NNP IN NNP NNP VBD DT JJ JJ NN VBN `` NNPS IN NNP NNP NNPS IN DT NNP NNPS '' : WDT IN VBN : `` DT JJ NN NN VBZ RB VB DT NNS IN NNP . NNS IN DT NN VBP JJ CC IN JJS NNS VBP IN NNS IN JJ NNS . DT NNS IN NN NNS IN JJ NNS IN JJ NNS MD VB NN IN DT NN IN PRP$ NN CC NN IN DT NN NN '' : JJ IN DT JJ NN NNS VBP JJ NNS IN IN JJS CD NNS -LRB- CD NNS -RRB- IN NNS CC CD NNS -LRB- CD NNS -RRB- IN NNS : IN NNS IN PRP DT NN VBG IN PRP$ NNP NN NNS VBN IN NNP NNP NNP NNP IN DT NNP NNP NNP RB IN NNP NNP , CC DT NNP HYPH NNP NNP NNP NNP : CC WRB VBG TO VB , VBD NNP NN NNS VBG CD NNS IN DT JJ NN NN NN . IN DT JJ NN NNS RB VBG VBN VBG DT NNP NNPS VBN IN DT NNP IN NNP , DT NN VBZ , PRP VBZ PRP IN JJ NN IN DT JJ NNP NNP JJ NN NNS WP$ JJ NN VBZ DT NNP NNP VBN IN DT NNP NNP NNP : DT NN DT JJ NNP HYPH CD WDT VBD VBG JJ NNS IN DT JJ NN WDT VBD NNS IN JJ NNS CC JJ RB JJ NNS VBZ VBN IN DT NN NN : CC IN VBG JJ NN NNS IN DT NN , RB VBD NNP JJ NN NNS VBG DT NN IN VBG VBN IN DT JJ NNS . IN IN IN DT JJ NN VBZ VBN IN DT NN NN IN NNP NNP JJ NN TO VB VBG PRP$ NN , DT NN VBZ , DT JJ NN IN DT VBG MD VB DT JJ NN CC JJ NN IN JJ NNS RB VBN IN JJ NN : JJ IN DT JJ JJ NN NN RB VBN IN NNS CC NNS RB VBG NNS IN NNS IN DT NNP NNPS : RB RB IN DT RB RB VBN NN VBG IN NNP CC WDT VBZ RB VBG IN DT NN : DT IN WDT VBD RB VBN IN DT NN NN WDT VBZ VBN RB CD NN IN DT NNS IN NNP : CC IN PRP MD VB TO VB IN NNS VBP NN POS `` NN NNS '' : CC IN NNP VBZ DT NNS RB VBG DT JJ NN TO VB DT RB RB VBN NN IN PRP VBZ PRP : CC IN VBG RB , MD VB TO VB RP RB RBR VBN NN NNS IN DT JJ NN VBZ . DT JJ NN VBG IN VBG NN VBG DT NN NN NN `` JJ NN '' NN MD RB VB NN JJ . NNP CD , CD , NNP CC NNP DT NNS VBN . NN TO VB DT NN IN PRP$ NN VBZ VBN IN DT NN PRP VBZ VBN IN PRP$ JJ NN IN NNP . NN . NNP NN VBN IN NNP HYPH NNP CC NNP . -LRB- NN : JJ NNS CC PRP$ NN NNS RB VBP IN DT NN VBN IN DT NNS IN IN RB TO VB PRP$ NNS IN DT JJ JJ NNP NNS CC NNS TO VB , DT NN WDT DT NNPS IN NNP NNP RB VBP IN IN VBG IN PRP VBZ DT JJ NN POS NN TO VB DT NN . IN IN PRP$ NN POS NNS IN DT IN DT NNS , DT NNS IN PRP$ `` NNS '' VBZ VBN DT JJ NN , NN NN VBN TO VB PRP , CC NNS IN PRP , WDT VBZ VBN IN JJ NNS , VBG RB . -RRB- -LRB- NN : DT NNP NN VBD VBN IN CC VBN IN DT NNPS IN NNP NNP IN CD IN DT JJ NN IN JJ NN NNS VBN IN DT JJ JJ NN NN NNP NNP -LRB- CD -RRB- TO VB DT NN VBG VBN IN DT NN TO VB PRP$ JJ CD NN IN NNP . -RRB- -LRB- NN : DT NN NNP -LRB- NN IN DT NN -RRB- IN VBN IN DT NN VBZ IN JJ NNS , VBG IN , VBG NNS WP$ JJ NN NNS -LRB- JJ NNS -RRB- VBP , JJ IN WP VBP VBN IN DT NN IN DT NNPS IN NNP NNP . -RRB-"
169,765,mainstream,"VBG IN DT NN POS JJ NN CC NN IN JJ NN , NNP MD VB JJ CD IN CD NN IN DT NN , WDT VBZ WRB JJ CC JJ NN NNS VBP RB RB TO VB NNS . DT CD CD NN IN NNP , NNP , CC NNP NNP : DT JJS IN NN : VBD CD NNS CC VBD CD RB . CC IN CD CD NN VBZ , DT VBN NNS POS JJ NN HYPH NN NNS CC VBG NN VBD IN DT NN VBD VBG NN NNS . IN CD , DT VBN CD CD NNS IN DT NNS IN CD IN CD VBD IN IN NN IN IN DT NNP NN . NN NN NNS RB RB VBN , VBG NNS IN NNS IN NNS VBN IN JJ JJ NNS JJ IN NNS . CD CD NN VBD IN DT NN VBD IN RB JJ IN CD JJ NNS , RB IN IN DT NN HYPH NN NN POS NN . RB JJ IN NNP CC JJ NNS VBP , RB , PRP VBZ JJ TO VB CC VB PRP$ NN . IN CD , NNS IN NNP '' VBG JJ , '' IN DT NNS VBD IN DT CD HYPH CD NN , VBP JJ : EX VBZ DT NN IN NNP VBZ VBG TO RBR RB VB IN DT NN . EX VBZ RB DT JJ NN IN JJ NN NNS , JJ IN DT VBN IN DT CD NN , VBP JJ IN VBG RP DT NN IN NNS JJ IN NNP . NN NNS MD RB VB DT NNS JJR IN VBG CC VBG DT JJ NNS WDT VBP DT JJS NN . IN DT CD HYPH CD NN , DT NNP NNPS IN NNP NNP CC NNP -LRB- NNP -RRB- VBD NN NNS CC JJ NNS TO VB NNS IN VBG NNP IN VBG DT NN IN JJ NN CC NN . NNP VBZ RB RB IN DT JJ JJ NN WDT NNS VBP . IN NNP CD IN NNP CD RB , RB CD CC CD NNS IN DT NNP NNPS VBD IN NN , VBG IN NNP NNS . IN CD , NNS VBD CD NNS RB : IN DT NNS NN , DT CD CD NNS VBD DT NN IN DT NN . DT NN IN DT NNP NN VBZ DT JJ NN JJR IN DT NN IN DT NN RB . DT NN VBZ DT NN POS NN , DT NN IN JJ NN RB CD NN NNS JJ WDT VBZ CD NNS . DT NN POS JJ NN VBZ VBN IN JJ NNS IN NNS CC NNS , VBN NNS , WDT VBP IN NN NNS IN DT JJ `` NNS '' IN DT NNS IN PRP$ NNS POS NNS . NNP VBZ NNS IN DT JJ NN : DT NN POS NN VBZ PRP RB VB DT NN WDT VBZ IN NN , DT JJ , VBN NN IN DT NN . RB , JJ NNS MD VB DT NNS IN PRP$ JJ NNS CC VB DT NN IN NN : WDT VBZ IN WRB PRP VBP NNP , PRP RB VBP PRP IN DT NN POS NN . IN RB , NNP VBZ VBN IN DT NN IN JJ NN NN , DT JJ NN VBN DT NN . CC NNS IN CD NN IN DT NN VBD PRP VB PRP$ NN IN IN DT NN CC IN DT NN POS NNS . IN DT NNP NNP VBZ JJ IN DT NN , PRP VBZ DT NN POS NN TO VB JJ NNS IN PRP$ NN NNS , WDT RB VBP . IN VBG DT NN POS RB JJ NN NN , PRP VBP RP TO VB JJ NNS . RB , VBG DT JJ NN VBZ RB JJ IN DT NN TO VB , CC PRP VBZ . NNP VBZ DT NNS PRP VBZ IN IN DT NNS IN NNS PRP VBZ , WDT VBP DT NN IN JJ NNS VBN JJ NNS WDT VBP DT NN IN DT NN POS NN NNS . IN PRP$ NN , JJ NNS IN NN NNS VBP VBN VBG JJ : IN DT NN MD VB RB . IN NN , NNP MD VB NNS POS NN TO VB NN : DT JJ NN NN : CC MD RB VB DT NN NNS TO NN HYPH VB . WRB NNP VBZ JJ JJ NNS , DT NN VBZ NN NNS TO VB CC VBZ DT NN IN JJ JJ NN NNS , VBG IN DT NNS CC NN VBN IN DT , CC RB DT , NNP NNS . NNS IN DT NN , JJ NN , CC JJ NN VBP RB , VBG DT VBN NN POS NN IN NN ."
170,843,mainstream,"NFP NNP NNP NNP NNP VBZ VBN TO VB DT NN IN NNP CD , WDT NNS VBP MD VB TO VB `` RB JJ '' IN DT NN NN . NFP NNP VBD CD JJ VBN HYPH CC CD JJ HYPH NN HYPH CD NNS IN NNP CD , DT JJS IN NNP CD , VBG IN NNS VBN IN DT JJ NN NN IN NNP . NFP JJ NNS VBP NNP MD VB DT NN IN CD CD NN NNS CC CD NNS DT NN IN DT NN NN VBZ RB . NFP JJR IN CD CD NNS IN NN VBP VBN VBN IN DT NN , RB CD CD VBP VBN , CC IN JJS CD VBP VBN , VBG IN NNP NNP NNP . RB VBP DT JJS NNS : CD NNP , NNP NNP VBZ IN JJ NN NNS IN NNP JJ NNS IN NNP MD RB VB RB VBN IN DT NN VBZ DT `` JJ CC JJ '' NN HYPH NN NN , VBD NNP NNP NNP POS JJ JJ NN NNP NNP . IN DT NN IN DT JJ NN DT NNP , NNP RB VBD IN DT NN VBZ RB IN DT `` RB JJ NN IN DT NN '' CC VBD IN VBG IN VBG DT NN . DT NNS VBD IN DT NN VBD PRP VBZ VBG PRP$ CD HYPH NN JJ NN NN RB IN DT JJ NN IN NN NN VBN IN NNP CD . IN JJ JJ NNS VBP TO VB JJ NNS , DT VBG NN IN NN , CC JJ JJ NNS IN NN CC NN , MD VB NNS RBR . JJ NN VBN IN IN NNS WDT VBP VBN RP IN NNS VBZ VBG PRP$ JJ NN . NNS VBP VBN RP IN NN CC NN NNS . DT IN JJ NNP , VBG NNP , MD VB IN DT `` JJ NN '' IN DT JJR NN IN NN VBG IN NNP , VBD NNP NNP NNP . DT VBZ IN NNS CC NNS IN DT JJ NN MD VB IN JJ CC RB RB IN NNS . `` DT NN IN DT NN VBZ RB VBN CC PRP VBP JJ IN DT JJ NN IN DT NN , '' PRP VBD IN DT VBN NN . NNP RB VBD IN PRP MD VB IN VBG DT NN , CC NNP , RBR JJ IN JJ NNS IN DT NN VBZ VBN `` PRP$ NN IN JJ NNS TO VB PRP$ NNS IN DT NNS '' . `` PRP VBP PRP TO VB PDT DT NNS IN WP PRP VBP VBN , '' PRP VBD . NNP VBD CD JJ NNS , RB JJ DT NN IN WDT PRP VBD VBN IN JJ NNP WRB NNP VBD NN NNS CC VBN NNS . DT JJS NN VBD DT NN IN NN HYPH CD NNS IN CD , IN DT NN POS NN NN VBD IN CD IN CD , VBG IN NNP IN NNP NNP NNP . `` DT NN IN NNS VBD IN DT NN IN JJ NNS . PRP VBP VBG RB IN DT NN , '' NNP VBD IN NNP . `` PRP$ JJ NN VBZ JJ NN . VB PRP VB JJ NNS , '' PRP VBD . IN VBG JJ NNS IN NNP IN IN DT NN , NNP VBD PRP MD VB PDT PRP$ NNS VBG IN NNP . `` VBG IN NNP CD PRP MD VB DT NN NN IN PDT DT NNS IN DT NN , IN NNS WDT MD VB IN PRP , '' VBD NNP NNP NNP NNP NNP . JJ NNS MD VB VBN TO VB IN NNS IN CD JJ NNS , IN DT NN VBD IN NNP PRP MD VB NNP POS JJ NN NNS IN JJ NNS CC JJ NNS IN NNP CD . NNP POS NN NN VBD IN CD IN CD , VBG IN DT NNP NNP NNP . DT NN IN JJ NNS VBD IN CD IN CD , DT JJ JJS RB IN DT IN DT NNP NNPS , NNP , NNP , NNP , NNP CC NNP . DT JJ NN IN NNP , WRB DT JJ NN VBD VBN , VBZ IN RB DT RBS VBN IN NNP POS CD NNS , VBG IN CD IN DT CD JJ NNS . CD NN , NNP NNS , NN TO VB VBN DT JJ NN VBG IN NNP CD , NNP NNS CC NN MD VB VBN DT JJ NN IN DT NN IN DT NN VBZ JJ TO VB DT NN , VBG IN JJ NNS . DT NNP VBZ TO VB RB IN NNP CD , IN DT NN IN CD NNS IN VBG DT NNS IN NNP NNP NNP IN NNP , NNP . DT NN VBD IN NNP CD IN IN DT NN . IN CD NNS IN JJ NN , NNP POS NNP NNP NNP NNP VBD DT $ CD NN NN CC JJ NN NN TO VB IN DT NNS IN DT NN . DT NN VBD IN DT NN VBD JJ TO VB DT JJ NN IN VBG RB VBD DT JJ NN TO VB NNS `` DT NN IN NN '' IN DT `` JJ NN '' IN DT NN POS NN , VBD NNP . DT NN VBD IN DT NN IN IN DT NN VBD `` DT JJ NN IN NN CC NN IN NNS IN NNS , NNS , NNS CC NNS . '' CD NNP , NNP NN IN NNS MD VB IN CD DT NN IN NNS IN NNP MD VB IN DT NN IN NNP CC VB JJR IN DT CD NNS RB DT NN RBR , VBD NN NN NNP NNP . `` NN VBZ DT NN IN VBN NNS MD VB RP IN CD IN DT NN IN NNP IN PRP VBP IN VBG NNS -LRB- JJ NN NNS -RRB- CC VBG DT NN RB , '' VBD NNP , WP VBZ VBG VB DT NN POS NN NN . `` PRP VBP DT NN IN VBN NNS MD VB RP RBR IN CD CD IN DT NN IN JJ NN , '' PRP VBD VBG IN NNS IN NNP . IN RB CD NNS CC JJR IN CD NNS , DT NN VBD NNS TO VB NN IN JJ NN , NN CC JJ NNS TO VB DT NN . NNP NNP VBD PRP$ NNS TO VB IN NN NNS IN DT NN VBD CD JJ NNS , PRP$ JJS HYPH RB JJ NN IN DT NN IN DT NN . IN JJR IN CD NNS CC RB CD NNS , DT NN VBZ VBN DT JJS NN IN NNS IN DT CD NNP JJ NNS . `` EX VBP CD NNS IN PRP . DT JJ NN NN MD VB IN NNS VBP RB TO VB , CC PRP MD VB DT NN RB RP , '' DT NN NN NN VBD . DT NN VBD VBG PRP$ NNS JJ NN IN VBG PRP$ NNS TO VB IN NNS , JJ NNS TO VB CC NNS IN NNS TO VB IN DT CD HYPH NN NN . DT NN VBZ JJ TO VB IN NNP CD . CD NNP , NNP POS NNS VBP VBN IN DT CD NNS NNP VBD DT NN IN PRP$ NNS IN DT CD NNS IN NNP CD , VBD NNP NNP NNP NNP , DT NN IN DT NN POS JJ NN NN . DT NN VBD PRP$ NNS IN NNP IN NN IN PRP$ NNS TO VB DT NN IN DT NN WDT VBZ VBN JJR IN CD NNS CC VBN CD . RB RB , NNS VBP JJ RB IN NNS VBG NN , JJ NN , NN NNS POS NNS CC VBG NNS . IN DT NN IN NNS CC NNS IN DT NNP VBP VBG , NNP NNP NNP NNP VBD IN DT CD HYPH NN JJ NN NN VBD IN NN RB IN DT JJ JJ NN IN NN NNS IN NNP CD . `` IN PRP VBP DT NNS RP , RB PRP VBZ CD IN CD , CD IN CD , RB RB JJR , PRP$ NNS IN VBG CD NNS , CC CD NN , CC RB DT NN RB IN NN WP VBZ DT NN VBZ RB VBG RP RB , RB PRP VBP TO VB DT JJR NN IN NN , '' PRP VBD . `` PRP MD VB VBG IN DT CC VBG PRP IN JJ NN IN PRP VBP RB IN DT JJ NN IN PRP$ NN , WDT VBZ IN PRP VBP NNP CD . '' DT NN VBD IN DT NN VBD CD JJ NNS , PRP$ JJS JJ NN IN DT NN VBD IN NNP CD . DT JJ NN NN RB VBZ IN CD . CD NNP , NNP VBN TO VB PRP$ NNS IN JJS NNP NNS NNP MD VB PRP$ NNS IN DT NNS IN NNP POS NNP NN , IN NNP , IN NNP CD VBD JJ NNP NNP NNP NNP . NNS VBG IN RB MD RB VB TO VB IN NN IN CD NNS IN NN WRB DT NN VBZ IN DT NN . NNP CD MD RB VB IN DT NN IN DT NN POS NN IN NN WRB NNPS MD VB JJ TO VB RB IN DT NN IN NNS , RB NN NNS MD VB JJ IN JJ NN CC IN VBN NNS . NNP CC NNP MD VB PRP$ NN VBN IN JJ NNS IN NNP CD . UH , DT VBZ NNP NNP IN NNP VBG RP IN PRP$ NN NNP NNP . DT NN IN NNP VBZ VBN DT NN IN DT NN TO VB IN DT JJ NN IN DT NN NN , DT NN NN NN NN VBD . NNP , DT JJ NN NN RB IN PRP NN NNS , VBZ VBN VBN RB IN DT NN NN CC JJ NN NNS . DT NN , VBN IN DT NN NN , MD VB DT JJ NN IN JJ NNS , PRP VBD NNP VBZ JJ NN NNS CC NN NNS TO VB NNS VB IN DT NN NN , NNP NNP NNP NNP VBD . NNS WDT VBP IN NNS IN DT JJ CD NNS MD VB CD NN IN PRP RB IN DT NN , PRP VBD NN NNP RB IN DT CD HYPH NN NN NN IN JJR NN NNS . DT MD VB DT JJ NN IN CD NN CC JJ NN IN NN IN NNS IN NN , DT NN NNS CC NN NN , PRP VBD , VBG DT CD NN NN IN NN MD VB `` JJ '' . NNP NNP VBD IN NNP HYPH CD IN DT NN IN PRP$ NN VBD IN JJ NNS TO VB PRP RP . PRP VBD DT JJS NN IN DT NN VBG IN DT JJ NN CC VBG DT JJ NN IN NN NNS . `` PRP VBP RB VB IN PRP VBP CC VBP , '' VBD PRP$ CD HYPH NN HYPH JJ NN NNP , WP$ NN , NNP , VBD IN NNP IN DT NN IN DT NN IN PRP$ JJ NN IN NNP NNP . `` PRP MD RB VB IN PRP CC PRP VBP VBN PRP$ NN , PRP VBD DT NN IN PRP , '' PRP VBD , NNS VBG RP IN PRP VBD DT NN IN PRP . DT IN DT NNS DT CD HYPH NN HYPH JJ NN POS NN VBD VBD TO VB NNP , RB IN DT NN VBN RP IN DT NN NN VBD IN NNP HYPH CD NNS VBD JJ , NNP VBD DT NNP NN NN . IN VBG NNS VBG DT JJ NN IN DT JJ NN NN , DT NN IN NNP CC NNS IN PRP VBP VBN NN IN NNP NNP IN DT VBG NN . IN NNS RB IN DT NN NN , NNP NNP VBZ TO VB PRP$ NNS RB VBG NNP IN DT JJ NN IN JJS IN DT NN VBD VBN IN DT NN . NNP MD VB IN NNP , NNP , DT NN WDT VBZ VBN RB JJ NN HYPH CD NNS . CC NN NNS VBP DT NN , VBG DT NN IN NN VBG IN DT NN CC VBG NNS WRB NNS VBP IN PRP$ NNS . NNP NNP NNP , NN IN NNP POS NNP NNP NNP , VBD DT VBG NNP NN `` DT RB JJ NN IN DT NNS VBG CC DT NNS WP MD VB PRP CC VB PRP CC VB PRP RB '' . CD NNP , NNP VBZ CD JJ NNS IN JJ CD NNS IN NNP CD NNP NN VBZ VBN CD JJ NN NNS IN DT JJ CD NNS IN NNP CD , DT NN NN VBD . NNP NN NN NNP NNP VBD IN DT JJ NN NN IN NNP IN DT CD NNS VBP RB VBN IN NNP NN , DT JJ NN NN NN IN DT NN POS NNP NNP NN . CD NNP , NNP JJ NN NNS VBP CD IN JJ NN IN CD NNS : NNP NNP VBZ VBN JJR IN CD NN NNS IN DT JJ NN IN DT JJ NN IN CD NNS . IN VBN NNS , NN NN NN NNP NNP NNP VBD CD NNS IN DT JJ CD NNS , VBG DT JJ NN IN CD . NNP VBZ VBN CD JJ NNS CC CD JJR NNS , VBG DT JJ NN IN NNS IN NN IN CD CC NNS IN CD , NN NN NN NNP NNP VBD . NNP VBD CD JJR NNS VBD VBN IN DT NN , VBG DT JJ NNS IN CD . CD NNP , NNP VBZ NNP NNP RB JJ IN DT JJ NN NN : NNP NNP NNP JJ NN NNP NNP VBD IN NNP DT NN IN NNP NNP NNP NNP VBZ RB JJ IN DT JJ NN IN NN NNS , DT NNP NNP NNP VBD . NNP , NN IN DT NNP NNP NNP NNP NNP , VBD PRP$ NNS IN DT JJ JJ NN IN NNS IN NN NN NNP NNP , DT NNP VBD , VBG DT NN VBN IN DT NN . `` RB , DT NN VBZ EX VBP VBN DT NN HYPH NNS IN DT NN , RB JJ , '' NNP VBD VBN IN DT NN IN VBG . PRP VBD PRP$ NN IN DT VBN NN VBD VBN IN NN NNS . CD NNP , NNP TO VB NNS IN NNP NNP NNS IN NNP CD : NNS NNP MD VB PRP$ NNS IN NNS IN DT NNP NNP POS NNP NN IN NNP CD , IN IN NNP WRB DT NN MD VB IN NNP CD IN RB VBN , JJ NN VBD . DT JJ NN VBD RB VBN PRP MD VB JJ NNS TO VB NNP IN NNP CD IN NN HYPH VBG , RB IN DT NNP NNPS WDT MD VB VBG NNS IN NNP IN NN IN DT NN NN . DT NNPS VBZ VBN CD JJR NN NNS , VBG DT JJ NN IN VBN NNS IN CD . DT NNP IN NNP RB VBD CD JJ NN NNS , VBG DT NN NN IN CD . CD CD NN NNS TO VB IN NNS , DT JJ NN HYPH RP IN NN , CC NN HYPH IN HYPH NN NN NNS IN DT JJS HYPH VBN NNS VBD IN DT NNS VBN TO VB DT VBG NN IN NN HYPH CD NNS IN DT JJ NN . NNP VBZ VBN CD JJ NNS IN DT JJ CD NNS , CC VBZ VBN IN CD IN DT JJ NNS IN DT NN IN NNP IN IN DT NNS IN NNP CC NNP . CD NNP , NNP MD VB IN CD HYPH NN VBG NN RB : NNP DT NNP POS NN MD VB PRP$ CD HYPH NN -LRB- CD HYPH NN -RRB- JJ NN NN IN DT NN IN NN IN PRP VBZ TO VB DT NN POS NN VB IN DT CD HYPH NN NN IN DT NN IN DT NN NN , NN NN NNP NNP VBD . NNP VBD NN IN VBG DT NN IN NNP HYPH CD VBD DT NN VBD JJ TO VB DT `` JJ NN '' IN DT CD HYPH NN NN WDT JJ NNS VBP VBN MD VB PRP JJR IN PRP TO VB RB IN IN NN IN DT NN NN . CD NNP : VBG NN NN TO VB NNP DT JJ NN , VBZ NNP NN NN NNP NNP NN NNP NNP VBZ VBN PRP VBD DT JJ NN TO VB DT CD HYPH NN NN NN TO VB DT NNP NNP -LRB- NNP -RRB- VB DT JJ NN IN DT NN HYPH CD NN . NN VBD VBN IN NNP IN IN DT NN CC NNP POS NNS IN NNP , NNP , NNP CC NNP VBD VBN . NNP CD VBD RB VBN RB IN DT NN . DT NNP VBD DT NN IN JJ NNS CC JJ NN NNS MD VB PRP CD CD NNS -LRB- $ CD CD -RRB- CC NNP VBD IN DT JJ NNS TO VB NN NNS IN CD NNS VBG IN NNP . NNP NNP VBZ VBN CD JJ NNS IN NN IN DT JJ CD NNS , IN CD NNS VBD . VBG IN NNP NNP NN NNP NNP NNP , DT NNS VBP NNS IN NNS IN JJ NNS IN DT NN . DT JJ NN IN VBN IN DT NN IN DT NN VBZ RB VBN IN CD . DT JJ NN IN NNS VBZ CD . NNP VBD PRP$ JJS NN IN NN HYPH CD NNS , IN CD JJ NNS CC CD NNS IN DT JJ CD NNS . DT NN RB VBZ RB CD NNS IN DT JJ NN NN VBZ VBN CD . DT NNP NNP NNPS NN IN NNP IN NNP MD VB VBN IN CD NNS IN NNP CD IN IN NNS IN NN HYPH CD NNS , NNP POS NN NN VBD . CD NNS IN DT NNP CD NN IN DT JJ NN IN DT JJ JJ NN VBD JJ IN DT NN , VBG DT NNS IN DT `` NN NN '' NN IN DT NN , DT NNP NNP NNP IN NNP IN DT NN . NNP VBD CD JJ VBN NNS VBG NNS IN RB IN NNP CD , IN CD IN PRP VBG IN NNP NN . DT JJ NN IN DT JJ NN , NNP , VBZ VBG RB IN IN DT NN IN NN NNS IN NN . DT NN VBD DT NN IN NNP RB NNP , CC VBD RB VB WRB JJ NNS VBD VBN . RB , DT JJ NNP IN NNP VBD IN , VBG NNP , PRP$ NN IN NN NNS MD VB IN CD NNS VBD VBN JJ IN NN . DT NN VBZ VBG VBN , CC NNS VBD VBG RB , VBG IN DT NN . DT NN IN NNP POS NNP NNP NNP IN DT NNP NNPS CC NNP NNPS VBZ VBN VBN IN NNS DT NNPS NN MD VB VBN VBN IN DT NN . NNP NNP NNP VBZ DT NN IN DT NNP NNP NNP NNP IN NNP , NNP IN WDT DT NN NN VBZ VBN JJ IN NNP HYPH CD . DT NNP NNP NN VBZ CD IN CD JJ NN NNS VBN IN DT NNP NNP POS JJS NN IN NN , DT NN VBD . DT NNP NNP , WDT VBZ VBN VBN IN NNP CD IN IN DT NN , VBZ VBN TO VB IN CD NNS IN NNP CD IN NNP VB NNP IN PRP$ NN NN IN NNP CD . DT CD NN NNS CC NN NNS VBP VBN VBN RB RB IN NNP HYPH CD . IN DT JJS NN IN NNP CD SYM CD , DT NN IN CD JJ NNS VBP VBN VBN IN DT JJ CD NNS . UH , DT VBZ NNP NNP IN NNP VBG RP IN PRP$ NN NNP NNP . NNP NNP NNP VBZ VBN IN NNP NNP POS NN MD VB TO VB IN NNP CD , VBG NNS IN JJ NN . DT NN MD VB IN JJ NNS , IN DT NN RB VBG NNS IN NNP CD , NNP VBD . NNP VBZ VBN DT IN DT JJS NNS IN DT NNPS IN DT NN , IN WDT NNP NNP VBZ VBN CD NNS CC CD NNS . PRP VBD VBN IN NNS WP VBD DT JJR NN IN DT NN , VBG PRP MD VB RB JJ . IN VBG NNS IN DT NN POS NN , PRP VBD NNS TO VB IN PRP$ NNS DT NN RBR IN VBN . NNP MD VB DT NN IN JJ NN NN IN DT JJ NN CC NN IN DT JJ NN , DT NN NN NN VBD IN NNP . PRP VBD DT NN NN NNP VBZ VBN DT `` JJ NN '' IN DT NN VBD DT JJ CD VBN JJ NNS IN DT NN IN NNP . NNP NN NNP VBZ VBN DT NN IN NNP POS NNP NNPS NNP TO VB IN IN CD CD NNS IN DT JJ NN HYPH CD NN , NNP NN NN VBD . DT NN VBN IN NNP , NNP , NNP CC DT NNPS VBZ VBN TO VB NN IN DT NN IN CD IN DT NN VBG VBN IN DT NNP IN NNP . DT NN VBD NNP VBZ TO VB DT NN JJ IN JJ JJ NNS WDT VBP TO VB NN . DT NN VBZ VBN TO VB VBN IN NN IN DT NNS . NNP , DT JJ HYPH JJ NN , RB VBD JJ NNS IN NNP , DT NNP , DT NNP IN NNP NNP NNPS , CC NNP , DT NNP NNP IN CD CD NNS . DT NN RB VBZ VBN VBN IN DT NNP NNP IN NNP IN CD CD NNS . DT NN IN VBN NN NNS IN NNP VBD IN CD IN CD , VBG IN NNP NN NN VBG DT NNP NNP NNP IN JJ NNS IN NNP . DT VBN NN NN VBD IN CD IN CD . NNP NNP VBZ VBN CD NN NNS IN DT NN IN DT JJ NN IN JJ NNS , RB IN DT RB VBN NNP NN , NNP NN NN VBD . DT NNP NNPS IN NNP NNP CC NNP VBD NNP IN CD IN DT JJ NNS VBP IN DT JJR NNP NN , WRB NN IN DT NN POS CD CD NNS VBP . JJ NNS VBP VBN VBN IN NN NNS , NN NNS , DT JJ HYPH NN NN NN CC NN HYPH IN HYPH NN NNS . DT NN VBZ NNP NNP VBZ RB VBN CD NN NNS : CD VBP VBN , CD VBP IN NN , CC CD VBD . JJ NNS VBP VBN CC VBN RP RB CD JJ NNS TO VB DT VBG NN IN JJ NNS . DT NN IN JJ HYPH NN NN VBZ IN NNP VBD CD NN NNS IN NNP , DT NN POS JJS JJ HYPH NN NN . NNP VBZ VBN DT NN IN CD NNS , VBG CD NNS . NNP VBD PRP$ JJ NN IN CD CD IN NN IN NNP . DT NN VBZ RB VBN NNS , VBG PRP VBD JJ TO VB DT NN , CC PRP VBZ VBN DT NN IN NNS . NNP NNP VBZ DT JJ NN IN VBG NN NN NNS IN JJ NNS VBZ VBN IN CD NNS IN NNS CC NNS IN NN NNS . NNP NNP VBZ RB RB DT NN IN NNP POS NN NNS , IN JJR IN CD , CC CD NNS . DT NN VBZ VBN RB DT NN IN DT NN NNS IN NNP , CC NNS IN JJR NNS MD VB JJ NNS CC JJR . DT JJR PRP VBZ TO VB DT JJ NN , DT JJR DT NN IN DT JJ NN VBZ RB VBG DT NN . DT JJ NN RB VBZ JJR IN CD NNS . NNP VBD CD JJ VBN HYPH CC CD JJ HYPH NN HYPH CD NNS IN NNP CD , DT JJS IN NNP CD , VBG IN NNS VBN IN DT JJ NN NN IN NNP . DT NNP NNP NNP VBD IN DT NN IN CD IN DT JJ VBN NNS VBD RB VBN , IN CD IN PRP IN NNP . DT VBZ DT JJS JJ NN NN IN NNP POS NN IN NNS VBD VBG NNS . EX VBD DT JJ VBN NNS . DT JJ NN IN NN HYPH CD NNS IN JJ NNP RB VBZ IN CD , IN DT NN NN VBD JJ IN CD . NNP VBZ RB VB JJ NNS , WP VBP VBN IN DT NN CC VBP RB VB NNS , IN VBN NNS . NNP POS JJS JJ NN VBZ NN NNS RB RBR VB VBG JJ NNS , VBG IN NNP NN NN . IN DT NN WDT VBZ NNS IN NNS RB , DT NNP IN NNP POS NN VBZ NNS TO VB RB RB IN NN NNS VBP VBN , DT NNS VBP VBN IN NN IN NNS , CC RB VBN DT NN IN JJ NN . DT NN VBD IN DT JJ NN IN NN NN CC JJ NN VBD RP IN NNP . NNS VBD IN JJS CD NNS IN VBG IN DT NN NNP , VBG NN NNS IN DT NN IN JJR IN CD NNS . NNP NN NN VBD CD JJ VBN NN NNS CC CD JJ NNS IN NNP , VBG DT NN IN DT NN IN CD NNS CC CD NNS . DT NN VBZ VBN DT JJ NN IN VBN NNS VBZ RB RB JJR IN DT JJ NN , VBG IN NNP NN NN . CD NNP , NNP VBZ JJS JJ NN IN JJ NN IN DT NN NNP VBZ VBN PRP$ JJS JJ NN IN JJ NN NNS IN DT JJ NN IN DT NN , JJR IN JJ DT NN RBR IN DT NN . DT NN NN IN NNP VBD CD JJ NNS , VBN IN CD DT JJ NN . IN JJ NNP , NNP VBD VBG JJR IN CD JJ NNS DT NN . RB , NNP VBZ CD VBN NN NNS CC CD NNS . NNP NNP NNP VBZ VBN CD JJ VBN NNS IN NN , DT JJS CD HYPH NN NN IN DT NN VBD RB VBN IN DT NN IN NNP , VBG IN DT NNP NNP NN NN . DT NN RB VBD CD NNS IN NNP HYPH CD . DT NNS VBP NNP POS NN NNS IN CD NNS CC CD VBN NNS . DT NN VBZ CD NNS VBP VBN VBN IN PRP$ NN . NNP VBZ DT JJ NN POS RBS JJ NN , CC PRP VBZ DT JJS NN NN IN NNP HYPH CD IN JJ NNS . PRP VBZ JJ IN DT NNP NNP IN NNP CC NNP . UH CC UH IN NNP NNP POS VBG NN IN DT NN NN . PRP VBP NNP NNP IN NNP NNP , NNP PRP MD VB PDT DT NNS IN NN , NNP CD , RB ."
171,57,conspiracy,"NN NN NNS MD VB DT JJ NN IN VBG DT NN IN PRP$ NN NN , NNP NNP NNP NNP VBD NNP . `` TO VB JJ TO VB RB , PRP VBP NN IN PRP$ NN , RB NNS IN NNS IN NNS IN NN , PRP VBP NN NNS VBG IN NNS , PRP VBP DT NNS IN NNS TO VB JJ IN NN WP VBZ JJ VBZ RB VBN CC VBN IN NN , '' NNP NNP VBD IN NNP POS `` NNP NNP . '' PRP VBD DT JJ NN DT NN VBZ VBN NN NNS IN NN IN DT NNP NNP POS NN NN . NN VBZ DT NN NN IN NN HYPH CD . IN DT NN , NNP NNP NNP NNP NNP VBD NNS VBG NNS MD VB VBN IN DT NN IN PRP$ NN VBZ IN PRP$ NN HYPH IN HYPH NN NN . NNP CC NNP RB VBP PRP$ NNS IN NNS ."
172,904,conspiracy,"JJ NNS `` RBS JJ IN DT NNP NNP NNP . '' NNP VBZ VBN DT NN NN WDT VBZ IN DT NN TO VB NNS TO VB DT NN IN NN . DT NN NN VBZ NNS JJ NNS TO VB DT NNP HYPH CD NN CC MD VB IN NN IN NNP CD . NNS WP VBP TO VB VBN IN DT NN MD VB NNS CC JJ NN NN , CC MD VB VBN IN VBG NNS , NN NNS , JJ NNS CC NNS IN RB VBG VBN IN VBG JJ NN . `` RB RB IN VBG NN NNS , DT NN RB VBZ DT NNS TO VB NNS TO VB VBN , RB IN EX VBZ RB DT NN IN DT NN , '' VBZ DT NNP . NNP NNP NN NN NNP NNP NNP VBD DT JJ NNS VBD `` RB DT RBS JJ IN DT NNP NNP NNP . '' DT JJ NN IN DT NN VBD RB RBR JJ , CC MD VB VBN NNS TO VB JJ NNS IN DT NN IN EX VBD DT NN IN DT NN NN . RB , DT NN VBD VBN IN NN IN JJ NNS IN DT NNP . NNP RB VBZ CD VBN NN NNS CC VBZ VBN CD NNS . PRP$ NN VBZ VBG VBN IN JJ NN HYPH VBG NNP NNP NNS WP VBP PRP VBD RB . PRP VBZ JJ IN PRP VBP PRP . UH VB RP IN DT JJ NN RB . VB IN PRP IN NNP RB . VB PRP$ NN : NNP NNP : DT JJ NN IN JJ NN IN DT NN . DT NN VBD VBN : NNP , NNP CD , CD IN CD NN"
173,146,mainstream,"WP VBD IN JJ , JJ HYPH VBN NNP NNP VBZ RB JJ IN DT NN IN NN . PRP VBD DT JJ NN , PRP VBD TO VB VBG RB HYPH VBG , NN , VBG IN JJ NN , VBG RB CD NNS IN CD NNS . CC RB , RB IN VBG DT NN IN NNS , PRP VBD JJ CC PRP DT VBD . NNP , RB CD , VBD IN PRP$ JJ NN CC PRP VBD PRP$ NNS , PRP$ NN NN CC , IN DT NN IN NNS , VBD VBG DT JJ NNS CC JJ NN WDT VBP NN . `` NN VBD IN DT NNS , '' VBZ PRP$ NN , NNP NNP , WP VBZ DT VBN NN CC DT NN . `` PRP RB VBD CC RB VBD RB . '' NNS IN NNS IN NNP VBP VBN VBG NNS , CC , IN JJ , DT NN HYPH VBN NN NN NN , IN DT NN IN NN IN IN DT NN , CC NNS VBP RB VBN TO VB DT NN . WP VBZ JJ IN NNP POS NN VBZ IN IN DT JJ NN JJ NNS VBP VBN DT NN IN PRP$ JJ NNS CC DT NNS PRP VBD , IN DT NN VBZ IN DT NNS JJ . DT NN IN JJ NNS IN DT NNP IN NNP CC NNP NNPS VBD IN NNP VBD VBN VBN IN NNS , CC VBD IN PRP$ NN VB VBN IN DT NNS . DT NN VBD IN NNP VBD DT JJ JJ NN WDT VBD VBN IN DT NNS , VBG NN NN IN NNS IN NN NN NN -LRB- NNP -RRB- . DT JJ JJ NN NN VBZ RB TO VB NNS , CC DT NN , VBN JJ JJ NN , VBZ VBG DT NN IN DT NN NN NN . DT NNPS , WP VBP IN NNP , NNP , VBD RB NN IN DT NN IN RB CD NNS IN JJ NNS VBG NNS IN DT NNP NNP NNP NNP NNP . DT JJ NNS VBP IN DT NN . DT NNP NN VBZ RB VBG JJ NN IN JJ NN NNS , JJ TO VB NNS IN NNS VBP JJ CC , RB , RB JJ . IN DT JJ NN IN NNP , NNP NNP NNP , NN IN DT NNPS IN NNP NNP CC NNP -LRB- NNP -RRB- , VBD IN `` DT NN VBZ VBN RB DT NN IN VBG IN NNS VBP DT NN IN NN , IN DT MD VB DT JJ NN IN DT IN DT NN WDT PRP VBP IN PRP$ NN NN . '' NNP CC JJ NN NNS VBP RP IN DT NNS IN NNS RB VBP PRP$ NNS . PRP RB VBP IN NN VBD VBN IN RB VBN NN NNS VBN IN CD , CC CC NN NNS VBP VBN TO VB . DT JJ NNP NN VBZ IN CD IN CD JJ NNS VBZ DT NN NN NN . RB , EX VBZ DT VBG IN DT NN POS NN TO VB NNS IN DT NNP NN VBZ DT NN , DT NN NN '' IN WP VBD VBN DT JJ NN IN NN NN IN NN IN NN . IN NNP NNP VBD DT JJ NN WDT VBD PRP JJ IN VBG VBN IN NNS , PRP VBZ IN NN IN JJ NNS MD RB VB JJ NNS . CC EX VBP NNS WDT VBP NNP POS NN DT NN JJ . IN CD NN , PRP VBD DT RB JJ NN IN NNS IN CD -LRB- WRB NN VBD RB IN NN -RRB- . IN IN DT NN IN NN NNS , NNP VBD VBN RB IN DT NN NN , RB IN DT JJ NN PRP VBD VBN CD NNS VBG DT NN IN CD NNS : NNS , NNS , NN , NN , NN , NN , NN , NN , CC NN NN . `` DT VBD RB RB JJ NNS , '' VBZ NNP NNP . `` PRP VBD RB VB RP IN JJ NNS IN PRP VBD NN , WDT VBZ NN , DT JJ NN . VBD PRP VBN , PRP RB MD VB VBN PRP TO VB VBN IN PRP$ NN . '' DT VBG NN IN NNP POS NN VBZ DT NN IN PRP VBZ IN DT JJ NN , DT NN IN JJ NN NN . NNP VBP IN NN NNS IN DT NN IN DT NN , VBG NN CC NN IN NN . EX VBP DT JJ NN IN DT NNS , VBG NNS WDT VBP RB CC MD VB NN NN , JJ CC NN NN , NN , JJ NNS CC NN IN NN . IN NNP POS NN , DT NN NN VBD IN DT JJ NN IN PRP$ NN VBD PRP IN DT VBN NN IN NN IN NNS . DT NN , RB , VBZ IN DT NN IN NNS IN JJ NNS . IN NN IN DT NNP NN , DT NNP NNP NNP NNP VBZ VBN DT NN VBG , `` EX VBP DT JJ NNS VBG IN NN NNS VBP JJ NNS CC VB JJ NN NNS . '' NNP NNP NNP , DT NNP HYPH VBN NN WP VBD NNP NNP POS JJ NN , VBZ `` RB VBN '' IN DT NN POS NN . NNP , WP VBZ VBN VBG CC VBG DT NNS IN CD NNS , VBZ PRP VBZ JJ TO VB IN NNP POS JJ NN VBD , IN NN , DT VBG NN WDT VBD DT NN IN PRP$ NN -LRB- IN DT NN VBZ -RRB- CC IN PRP VBD IN IN PRP$ NN . DT NN IN NN NNS , PRP VBZ VBG DT NN IN NN CC DT NNS CC VBZ TO VB DT NN IN DT NN IN DT JJ NN IN DT NNP NNP IN NNP IN NNP . `` IN DT NN IN NNS IN NN , DT JJ NN IN NNS , PRP VBP HYPH JJ NN VBZ DT JJ NN IN PRP$ NN . CC PRP VBZ RB JJ TO VB IN PRP VBZ DT NN VBG CC IN PRP VBZ RB IN DT NN VBD VBG . '' NNS IN NN NN NNS VBP IN JJS NNS VBP VBN IN DT NN IN JJ NNS CC JJ NNS . EX MD VB NNS IN NNS IN NN , VBG JJ NNS IN NNS CC JJ NNS . MD NN CC DT JJ NN IN NNS VB CD IN DT NNS . `` PRP VBZ RB JJ IN EX VBZ DT JJ NN IN NNS WDT VBP DT NN , '' VBZ NNP NNP NNP , NN IN DT NNP IN NNP POS NNP NNP CC NNP NNP IN DT NNP IN NNP , NNP . NNP POS NN VBZ VBG IN NNS IN JJ JJ NNS , VBG NNS , NNS CC NN HYPH NNS . `` DT VBZ DT RB JJ NN , '' PRP VBZ , `` CC PRP VBP JJR NN VBN IN DT NNS . '' PRP VBZ JJ TO VB DT JJ NNS IN DT NN IN NNP NNP , JJ IN DT JJ NN IN JJR NN . CD JJ NN VBZ IN NNS MD VB VBG JJ NNS DT JJ NN IN NNS IN RB , RB IN PRP VBP NN HYPH JJ . JJ NNS VBP DT JJ JJ NN WDT VBZ RB HYPH VBN TO VB DT NN , VBZ NNP NNP NNP NNP NNP , DT NN WP VBZ IN NNP IN NNP NNP . `` DT NNS , JJ IN DT VBN IN JJ NNS , VBP VBN TO VB RP DT NN NN IN NN NN , '' PRP VBZ . `` PRP VBP VBN TO VB DT NN . RB PRP MD VB VBG CD IN CD NN , WRB JJ PRP MD VB . '' IN NN , PRP VBZ , EX VBZ DT NN , IN NNS WP VBP NN MD VB NN NNS WDT VBP RB JJ TO VB . NNP NNP NNP VBZ IN JJ NN NNS MD VB RB JJ IN DT NNS . PRP VBZ IN NNS WP VBP VBN IN NN NN VBP PRP$ NNS TO VB JJR IN DT NN . CC , PRP VBZ , VB RB VB DT NN WRB PRP CC PRP VBZ JJ . NNP NNP VBZ RB DT JJ NN IN JJ NN , VBG CD HYPH IN HYPH CD IN NNS IN DT JJ HYPH NN NN . PRP VBZ TO VB IN DT NNS IN NN CC RB VBZ NNS . PRP$ NNS VBP VBG PRP$ NN MD VB JJ NN IN DT NNS IN NN , VBG DT NNS IN NNS CC JJ NNS . `` PRP$ NN POS NN VBZ JJR NNS IN PRP VBZ , '' VBZ PRP$ NN , NNP NNP NNP , DT NN WP RB VBZ DT NN IN NN . NNP VBZ IN DT NN IN VBG NNS : `` NNS VBP CD IN DT RBS JJ NNS IN DT NN IN NN , '' PRP VBZ , '' CC NNS VBP TO VB EX VBZ DT NN IN DT NN . EX MD VB DT JJ NN IN NNS WP VBP JJ IN NN . '' PRP CC PRP$ NN MD VB TO VB NN VBN IN NN NNS , WDT VBP TO VB VBN IN NNS CC JJ NNS , DT NN WDT , PRP VBZ , MD VB CD NN NN NNS VBP RB VBN . CC PRP VBZ NNS TO VB DT JJ NN IN DT NN IN WDT NNS VBP VBN . `` PRP VBP PRP VBP DT JJ NN IN NNS TO VB RBR JJ , CC RB VB RB JJ NNS IN RB . ''"
174,853,mainstream,"DT NNS VBP IN NNP POS NN IN DT NNP HYPH -LRB- NN CD -RRB- NN IN NN IN IN DT JJ NNS VBD IN PRP MD VB JJ NN IN NN IN NN . NNP NNP VBZ IN IN DT JJ NNS MD VB RP , PRP MD VB WP PRP MD VB . CC PRP VBZ JJ , IN DT RBS JJ NN WDT PRP VBZ VBN JJ TO VB , IN DT NN NN VBZ VBN . NFP NNP NNP VBZ VBN DT JJ NNS IN PRP$ NN . IN DT NN IN NN , EX VBZ DT NN IN NNS TO VB NN IN PRP$ NNS TO VB DT NNS RB TO VB VBN . IN DT JJ NNS VBP , PRP VBP JJ TO VB JJ , CC IN JJ , RB JJ IN DT CD NN IN CD WDT VBZ RB IN NN NN . DT NN IN DT NN IN DT NNP NN , IN DT JJ NN NN , MD VB NNP NNP POS NN DT NN IN RB . NNP NNP VBZ JJ NN IN PRP$ NN MD VB DT NN IN JJ NN , NN IN DT MD VB JJR NNS . `` DT NN POS JJ NNS VBP DT JJS NN IN JJ NN , '' VBZ DT NN NN , WP , RB , VBZ DT JJ HYPH NN NN . CC DT NN VBZ JJ TO VB RP CD NN CC DT . IN DT NNP NN VBZ JJ IN RB CD NN , CD MD VB DT NN IN NN NN IN NN , IN PRP VBZ RB , JJ MD VB RB VBN CC JJ NN VBN IN DT JJ NN . NFP VBN IN NNP NNP POS NNS IN NNP NNP , RB CD , WRB PRP VBD NN NN CD NNS RB . PRP$ NN VBD RB JJ IN DT NN NN CC DT NN VBD PRP IN `` NNP . '' IN DT NN PRP VBZ RB VBN , IN NN IN NN , IN JJ JJ NNS . NFP RB DT NN , RB , NN IN DT JJ NN -LRB- NN IN DT JJ NN -RRB- . NFP CC PRP$ NNS VBD NNS IN DT NNS IN NN . NNP CD , VBZ DT NN IN NNP , NNP NNP , CD , VBZ DT NN IN DT NN . IN JJ NN IN DT NNP IN NNP . NFP RB IN DT VBN JJ NNP NN -LRB- VBN IN DT NN VBN IN NN NN IN NNP NNP -RRB- ."
175,235,mainstream,"IN JJ NNP , NNP NNP VBD IN NNP NNP IN PRP$ NN IN NN . PRP VBD PRP IN PRP VBD VBG DT NN NNS CC VBG PRP RB RB , CC VBD JJ TO VB IN DT NN RB RB IN PRP VBD JJ . `` PRP VBP RB VBG TO VB RB VBG DT NN , '' PRP VBD . `` CC EX MD VB DT NN WRB PRP VBP TO VB . PRP VBP , WRB JJ NNS VBP IN DT NNP DT NN . PRP VBP DT NN . PRP VBP JJ TO VB PRP , CC PRP DT MD VB , NN . '' DT NNS VBD RB VB JJ IN DT NN WRB PRP RB VBD PRP , CC PRP VBD RBR DT NN IN DT NN WRB PRP VBD NNS IN DT NN IN CD NNS . PRP VBD VBN RP NNP CC RB VBD RB IN DT NN IN IN PRP VBD JJ . IN NNP NN , NNP VBD IN PRP$ NNP NN TO VB DT IN DT IN NN . PRP$ JJ NN VBZ RB : UH , NNP RB . RBR IN DT NN , NNP NNP VBD DT NN NN IN PRP$ NNP NNP NN . PRP VBD DT NN DT NN CC DT NN RB , NNS VBP RB RB RB RB , RB PRP VBD TO VB CC VB DT JJ NNS IN NN RB . PRP VBD DT NN NNP NN WRB PRP VBD RB JJ NNS IN DT NN HYPH IN HYPH NN , WDT PRP$ NN CC PRP VBD RB RB , CC NNS VBD VBG TO VB RP , DT NN VBD VBG VBG . RB WRB PRP VBD VBN IN PRP MD VB JJ RB TO VB RB IN NN IN DT NN VBD RB , PRP VBD RB JJ . PRP VBD , `` UH , RB RB RB . PRP VBP TO VB JJ PRP VBZ RB VBG . WRB PRP VBZ VBG CC VBZ TO VB VBG RB . '' JJ NN , PRP VBZ IN VBG RB IN NN IN DT JJ CC JJ NN CC VBG DT NN VBG RB . PRP MD VB PRP$ NN . PRP VBP IN DT . PRP VBP CD NNS RB CC WRB PRP VBP RB JJR . IN NN NN , PRP VBZ DT NN CC VB IN DT JJ JJ NNS CC PRP VBP RB JJ IN IN DT JJ NNS CC NN NNS IN NN , PRP MD VB JJ TO VB NNS DT NN . DT VBN , IN NNS VBP , IN DT JJR CC JJR , PRP MD RB VB PRP$ NNS ."
176,880,mainstream,"VB : WP PRP VBP TO VB IN DT NN DT CD NN NN , IN DT JJ NN NN , VBD IN JJS VBN IN DT JJ NN , VBN TO VB IN DT JJ NN POS NNS . DT NN HYPH CD NN , IN NN , MD VB RB JJ . `` IN NNS , IN JJ JJ NNS : IN NNS : NN VBZ RB RB DT JJ NN , '' VBZ NNP NNP , DT NN IN JJ NN IN DT NNP NNP NNP . IN NN NNS VBP VBN JJ TO VB NN IN JJ NNS WDT VBP NN CC NN TO VB DT NN HYPH CD NN IN JJ NNS RB , DT JJ NN NN VBZ RB VBN VBN . DT NN IN PDT DT NN MD VB RB NNS IN NNS IN JJ NNS VBP . DT NN HYPH CD NN MD RB VB DT NN WRB DT NN PRP VBZ VBN RB VBN , WRB RB VBG CC RB VBG DT NN , IN NN , MD VB VBN IN DT JJ NN . IN CD , NNP NNP CC NNP NNP VBD DT NN VBG DT NN IN NNP , DT NN IN DT JJ NN -LRB- NNP -RRB- , IN WP PRP VBD DT `` VBN '' NN HYPH NN NN . NNP VBD RB HYPH VBN IN NN IN CD , WDT IN RB VBD PRP$ NN IN NNS CC JJ NNS , IN WP DT NN IN JJ NN IN NNP VBD DT VBN NN . CC DT NN RB VBD DT NN IN DT NN IN DT NN NN IN DT NN IN JJ NNS . -LRB- CD NNS CC JJ NN RBR , NNP VBD RB VBN IN NNS IN CD . -RRB- `` PRP VBZ DT JJ NN IN NN WDT VBD RB VB TO VB RB JJ , CC IN IN DT NN PRP VBD VBN IN DT JJ NN , PRP VBP JJ NN , '' NNP VBZ . `` PRP VBZ RB DT JJ NN WDT VBD RB IN NNP HYPH CD . '' NN NN VBZ RB RB JJ , CC PRP VBZ IN NNS IN CC DT NN CC DT NN . CC DT NN IN NN HYPH CD MD VB NN IN DT NN HYPH CD NN RB . DT JJ NNP , NNP NN VBD IN CD NN IN NNPS VBP JJ CC DT NN IN VBG DT NN NN . WRB VBN IN DT NN IN WDT NNP NNP VBD IN DT NN VBD JJ , CD NN VBD PRP MD VB RBR JJ , CC CD NN VBD PRP MD VB RBR JJ . WRB RB DT NN HYPH CD NN MD VB VBN VBZ JJ TO VB IN PRP$ VBN NNS CC NNS , WDT MD VB IN PRP$ NN CC DT NN IN DT NN NN IN WDT PRP VBZ . DT CD NN NN VBD , IN DT , VBN IN DT NN IN DT VBN NN NN VBD RB VB , DT NNS IN DT NN RB VBD DT NNS . `` NNS VBP RB JJ IN NNS VBP RB VBN IN DT JJ NN PRP MD VB RB IN JJ , '' NNP VBZ . `` IN PRP VBP RB CD NN JJ , CC VBP RB JJR , EX VBZ JJ TO VB NN , CC DT MD RB VB IN NNS IN NNS RBR RB . '' IN JJS NN NNS JJ IN DT IN NNS CC NN VBP JJR IN CD NN JJ , DT JJ NN NN VBZ RB RB CD IN CD NN JJ . PRP MD RB VB DT NN : IN RB IN DT JJR NN : IN PRP VBP DT NN NN . DT VBZ CD IN DT NNS WRB VBG NNS TO VB NN NNS VBZ RB JJ IN DT JJ NN . IN IN WRB DT NN VBZ DT JJ NN , CC WRB NN IN NNS RB VBZ , DT NN HYPH CD NN MD VB CC RB VB DT NN ."
177,1054,conspiracy,"`` NN NN NN '' VBZ VBG DT NN : VBZ PRP$ NN VBG IN NN . NN VBZ IN DT NN CC DT NNS VBP VBG . RB IN CD , JJR IN CD NNS RB , NNS VBP EX VBD RB CD NN NNS IN CD NNS IN DT NNP NNPS . RB VB IN DT JJ NN , CD , WRB DT NNP VBD JJ NNS VBG IN CD IN DT CD JJ NNS VBP DT NN IN NNP NNP NN -LRB- NNP -RRB- , IN DT RB JJR NN IN NNS IN NNS . WP VBD RB RB IN JJR IN CD NNS IN NN NNS VBD IN CD IN CD IN CD IN CD . RB JJR IN CD CD NNS RB VBP VBN IN DT NN IN NN . VB PRP VB DT RB JJ NN IN JJ NNS CC VB DT `` NN CC NNS '' VBN TO VB PRP IN VBG DT NN IN NN NN NN , DT NN VBN IN DT NN CC VBN IN DT NN WDT JJ NNS VBP RB VBN TO VB CC VB , RB VB IN NNS WDT VBP IN DT NNS . JJ NNS RB , DT NN VBZ RB VBN VBN VBN IN NN NN NN , RB DT `` VBN '' NN NN MD VB VBN RP DT NN RB . JJ NNS VBP TO VB JJ NNS IN PRP MD RB VB IN DT NN , CC RB PRP MD VB DT NN IN NN JJ , VBG JJ NNS IN NN . NN NNS CC NNS VBP IN CD CC CD NNS IN NN , CC NNS IN NN NN RB VBP IN DT JJ NN IN NN , WRB NNS CC JJ NNS VBP TO VB NN NN , NNS VBG NN , JJ JJ NN , JJ NNS , NNS , NN , CC JJ NNS . DT NN IN DT NNS : VB NNP NNP NNP IN NN , JJ NNS IN NNP NNP NNP NN , JJ NN NNS , NN NNS CC JJR . CD JJ NNS , NNS CC NN . VB JJR IN DT NNP NNP NNP CC VB VB DT NN NN . JJS JJ NNS VBP IN DT NN IN NNS IN DT NN PRP$ NN NNS VBP DT RB JJ NN : VB RP PDT DT NNS PRP VBP , VBG DT PRP VBP , VBP , VBP RP , VBP IN PRP$ NN , NN CC NNS , CC DT WDT VBP VBN IN PRP$ NN NN . CC WRB MD PRP$ NNS , NN , CC NN VB PRP$ NN NNS IN PRP VBP RB VBN , JJ , CC RB VBN IN NNS , NNS , JJ NN NNS , CC RB VBN NNS IN JJ NNS . VB PRP VB PRP , DT JJ CD NNS VBP VBN RB IN NNPS , VBG DT NN IN NNS IN NN CC NN , JJ NNS VBG NNS , CC DT NNP HYPH VBN NN IN CD NNS IN NN CD . UH . VBG IN NNP , NNP NNP NNP VBZ DT JJ NN NN IN NN , NNP -LRB- CC NNP POS -RRB- NN , CC DT JJ JJ JJ , JJ , JJ , JJ NN CC NN NN . NN VBZ WRB NN NNS CC NNS IN DT NN VBP VBN , VBN , VBN CC VBN . RB DT NN VBZ : WRB VBP DT NN CC JJ JJ NN VB RB RB VBN IN NN . MD PRP VB DT IN DT NN NN . DT NN NN RB VBZ IN DT NN NN NN CC DT NN IN RB VBN NNS IN NN , WDT DT VBD IN DT JJ NNS . VB NN . IN DT NNP VBZ CC VBZ IN NN VBZ VBN VBN IN DT NN NNS , DT NN NN VBZ RB HYPH VBN IN NN CC DT NNP VBZ DT NN NN IN DT JJ NNS CC DT NNS IN CD NNS IN NN . VB , WP . NNP VBZ DT RB RBS JJ NN VBN IN NN , RB RB IN NN . PRP VBZ DT JJ NN IN JJ NN NNS RB VBP IN DT NN IN NN IN CD NN IN NN . RB VBZ DT NN . NNP VBZ DT NN HYPH VBG NN -LRB- RB CD NN NN -RRB- CC DT NNP NNP NNP VBD IN PRP$ NN IN NNS RB RB IN CD . CC , NN , DT JJ NN , VBZ DT JJ NN , VBG DT NN VBZ NN VBG PRP CC PRP VBZ RB IN NN . VBZ DT NN IN NNP RB VB VBG NNS IN JJ NN NN . UH . VBZ DT NN CC NN IN NNP VB DT NN NN CC NNS NN IN NN IN PRP$ NNS CC NNS IN NNS . UH . JJ NN : DT NNS VBP JJR NN IN CD NN IN DT NNP NNP NNP -LRB- NNP -RRB- VBZ IN DT NN IN NNS IN CD NNS NN IN NN . RB , DT JJ NN IN NN IN DT NN TO VB MD RB VB CD . EX VBZ DT JJ NN IN NN IN DT JJ NN , CC TO VB IN EX VBZ MD VB IN VBG DT JJ NN IN NN NN , CC NN , CC NN CD -LRB- NN NN -RRB- , IN DT NN . PRP VBP RB RB VB NN TO VB IN NN -LRB- NN HYPH VBN -RRB- JJ NNS RB RB . NN NN NN VBZ JJ : VBZ NN IN JJ NN NNS , NNS , CC NNS VBZ PRP$ NN , NN , NN , NN , NN , NN CC NN VBG IN NN RB RB . RB PRP$ JJ JJ NN , NN , NN , CC NN NNS VBP VBN IN NN , NN NN -LRB- NN -RRB- , NN , NN , NNS , NNS , NN , CC NNS . WRB JJ NNS IN NN RB MD VB IN NN RBR IN NN . EX VBZ DT NN PRP VBP TO VB . PRP VBZ NN TO VB WRB NNP NNP NNP RB VBD IN DT NNS . IN DT NNS , JJ NN NNS IN NN CC NN VBD RB VBN IN NN NNS CC VBN IN NN -LRB- NN -RRB- . NNS VBD RB VBG NN NNS TO VB PRP$ NN , CC NN HYPH VBG JJ NNS VBD RB IN NN VBN `` NN '' CC `` CD . '' NN POS NNS , NNS , NNS CC NNS VBP VBN IN JJ NN NNS , JJ NN NNS CC JJ NN NNS . VB IN JJ NNS WDT VBP JJ NN NNS IN IN DT NN , IN NN NNS , NN , CC NN . NNP VBZ DT JJ NN NN CC NN RB VBN IN NN NN IN PRP VBZ IN JJ NNS CC JJ JJ NNS CC VBZ PRP IN DT NN RB CC RB . CC , NNS RB VBP JJ NN NNS RB : VB RBR JJ NN TO VB RP . JJ NNS IN NN IN NN , CC JJ NN NNS IN NN NNS VBG JJ IN VBG DT JJ NN POS NN . PRP VBP RB JJ . PRP VBZ NN TO VB DT JJ CC JJ NN NN . DT VBP NNS WP VBP DT NNS IN NN CC NN , RB VBP PRP , RB IN RB VBG DT NNS IN NNS . MD NN VB DT NN IN JJ NN NN . DT NN NN VBZ VBN $ CD CD IN JJ , JJ NN NNS TO VB DT NN IN DT NN PRP VBZ RB . RB PRP VBZ NN TO VB PRP$ VBN NN WP VBZ VBG IN NN IN DT JJ NN WP MD VB PRP$ NN CC VB DT JJ NN , NN CC NN NN RB RB CC IN RB RB . VB PRP MD RB VB TO VB JJ . RB PRP MD VB DT NN NN . JJ NNS IN NN NN NN VBP VBN CC PRP MD VB DT NN TO VB PRP VB DT JJ NN NN . RB VBP DT NNS IN NNP NNP WDT VBP VBN NNS IN NNS IN NNS WP$ NNS VBP VBG IN NN ."
178,653,mainstream,"-LRB- NNP -RRB- , CD NNS RB , IN DT NN NN IN DT JJ NN IN DT NN RB RB IN NNP NNP , NNP NNP VBD IN DT NN NN . RB IN VB JJR NNS IN WP VBD IN DT JJ NN IN DT NN NN , PRP MD VB RP DT NN HYPH VBN NNS IN RB . VBG IN DT NN IN NNS CC JJ NNS , NNP , DT JJ NN IN DT NNP NNP NNP IN NNP CC NNP NNPS , VBD PRP MD VB NNS IN NN NN NN TO VB DT JJ NN . DT NN , IN PRP VBZ RP , MD VB IN DT IN DT NNS DT NNS VBP IN NNS HYPH NN , NN , NN , NN , JJ NN , JJ NNP , NNP NNS CC NN JJ WDT MD VB . `` PRP VBP JJR JJ NNS , '' VBD NNP . DT NN IN DT MD VB `` DT NNP NNP . '' IN NNP , DT NNP VBD DT JJ NNS IN DT NN IN PRP$ NNS : DT JJ HYPH RB JJ NN IN DT NN NN NN IN NNS . DT NN VBD IN DT NN NN HYPH VBN NN VBD JJ CC IN PRP VBD NN CC JJ NNS . NNP NNP , DT NN RB VBN IN DT NN , VBD DT JJ NNS `` JJ . '' `` DT VBZ JJ , JJ NN , '' VBD NNP , WP VBZ NN NNS IN NN HYPH VBN NNS IN DT NNP NNP NNP NNP IN NNP IN NNP . `` NNS VBP RB DT JJS NN IN NNP . '' NNP RB VBZ JJR IN CD NNS DT NN , VBG IN DT NNP NNP NNP . DT NNS VBP RB IN JJ NNS WDT VBP RB VB RB JJ NN NN CC NN . IN IN JJ NN , RB , DT NNS WDT VBP IN DT NNS VBP VBG IN JJR NNS DT NN . DT JJ NN IN DT NN HYPH CD NN VBZ VBN DT JJ NN IN JJ NNS CC NN NN . CD IN DT JJ NNS IN NN VBP NNS VBN IN NNS . DT JJ NN , VBN TO VB VBN IN NNS , VBZ RB RB VBN JJR IN CD CD NNS CC VBN RB CD RB . DT NNP NNP NNP VBZ DT NN MD VB DT JJ NN RB RB IN $ CD CD . NNP POS NN VBZ JJ IN NNS , CC VBZ DT NN IN WRB NNS VBP VBG PRP$ NN IN WRB TO VB JJ NNS , CC DT JJ NNS IN NNS PRP VBP VBG . WP NNP VBZ VBG IN VBZ VBN DT NN HYPH VBN NN . DT NN VBZ DT NN NN , IN DT NN , WDT VBZ DT NN JJ IN NN HYPH IN NNS , CC IN NNS IN NNS . DT VBG NNS IN NNS VBP DT NN . NNP POS VBZ IN DT NN . DT NN VBZ TO VB DT NN POS NN NN TO VB DT NN NNS CC VB DT NN WDT MD VB CC VB DT NN . NNS VBP VBN IN NNS IN NN NN VBZ VB NN HYPH VBN NNS CC VB PRP$ NN . RB RB , NNS VBP VBN TO VB DT . DT NN IN NN NNS VBN IN CD VBD NN IN NN NN NN VBN NN NN NN CC NN NN . DT NN IN NNS VBN IN CD VBD NN IN NN NN NN VBN IN NN . DT NN NN VBN JJ NN VBD NN IN NN NN NN VBN NN IN DT NNP NN . DT NN VBN IN DT NNP VBD VBN IN CD . DT NNP CD NN VBN IN DT NNP NNPS IN NNP NNP NNP IN NNP , NNP , VBN IN NN CC NN NNS IN CD JJ NNS . NNS VBD RB VBN TO VB CD IN CD NNS IN DT NN CC DT NN . IN DT JJ NNS , JJ NNS VBD VBN IN DT NNS IN NN NNS . DT NN VBD JJ NN IN DT NN NN NNS CC VBD RB VB NNS . JJR NNS VBP VBN TO VB DT NN DT NN NN NN MD VB IN JJ NNS . DT JJ NN NNS VBD VBN . CD NN VBD DT CD HYPH NN -LRB- CD NNS -RRB- VBN NN IN DT NN NN CC VBD VBN IN NNS CC NNS . `` PRP VBP RB RB JJ IN NN IN PRP MD VB IN NN RBR JJ IN NN , NN , NN NNS , NN CC NN , '' VBD NNP NNP , DT JJ NNS NN IN NNP NNP NNP NNP WP VBD RB VBN IN DT NN . NNP VBZ RB VBN IN NN NN NNS IN DT NNP NNP IN NNP CC VBD VB PRP$ NN IN NNP CC DT NNP NN . DT NN IN DT NNP IN NNP VBZ VBG DT NN HYPH RP NN IN JJR NN NN NNS CC DT JJ NN NN . RB , NNP VBZ VBN IN NNP CC VBZ VBG DT NN NN TO VB NN HYPH NN NN NNS IN NNP NNS . PRP RB VBZ DT JJ NN VBG DT NNS IN DT NNS VBN IN NNP CC NN NNS , DT IN WDT MD VB NNS . CD NN NN RB RB . `` PRP VBP DT NN IN JJ NNS WDT PRP VBP RB RB VBG . ''"
179,879,conspiracy,"NN IN JJ NNS VBN IN NN IN NNS , CC NNS RB VBP NN NNS IN NN NN NN VBD JJR NNS IN JJ JJ JJ NNS : JJ IN NN , NN CC NN RB RB IN NN CC NN : VBN IN PRP$ JJR NNS , VBG IN DT NN VBN IN DT NN NNP NNP NNP NNP . IN NN IN DT NN , DT NN IN NNS IN DT NNP NNP NNP VBD NN CC NN NNS IN CD NNS IN NN JJ CD IN CD NNS IN CD JJ NNS IN DT JJ NN CC NN . DT NN NN VBD IN NNS IN NN VBD CD NN JJR NN NN NNS CC CD NN JJR JJ NN NNS VBN IN PRP$ JJR NNS . DT NNS RB VBD IN DT NN NN VBD CD NN JJR NN NNS CC CD NN JJR NN NNS IN DT IN DT NN NN . IN NN , NNS IN NN VBD DT CD NN JJR NNS IN NN VBN IN DT NNS . NN , NN , NN , CC NN VBD RB VBN TO VB NN NN CC NN , CC MD RB VB DT JJ NN IN JJ NNS CC NNS IN DT NN , VBD NN NN NNP NNP . IN NN , DT NNS VBD DT JJ NN TO VB IN DT NNS IN JJ NNS VBP IN DT NN IN NN IN NNS . DT NN NN VBD CD JJ NN NN NNS IN DT NN . DT NNS VBD IN CD IN CD NN IN DT NN IN NN NN VBD VBN IN DT NNS IN JJ NNS JJ . DT NN NN RB VBD IN JJ NNS JJ IN NN CC NN VBD RB VBN IN NN NN . NNP NNP POS NN NN : NNP NNP NNP NNPS RB JJ , VBG CD NNS IN JJ HYPH NN NN , VBG DT JJ `` NN '' CC `` NN '' NNS VBN RB IN JJ NN NNS . DT NN NN VBN . VB NN RB . `` PRP VBP IN VBG JJ NN IN JJ NNS MD VB VB NNS IN NN , CC NN TO VB JJ NNS MD VB NNS IN NN , DT NNS VBP JJ NN , IN EX VBZ DT VBG NN IN NN TO VB PRP , '' VBD DT NNS IN NNP NNP . DT NN NNS NNP NNP NNP CC DT NNP NNP VBD DT NN . DT JJ NNS VBP IN DT VBG NN VBG JJ NNS CC NN IN NNS . DT NN VBN IN DT DT NNP IN NNP NNP VBD IN CD IN IN CD JJ NNS VBD DT JJ NN IN JJ NNS CC DT NN IN NN IN NNS . DT NN NN RB VBD JJ JJ NNS IN DT NNS , CC VBD DT NN TO VB RP DT NNS . DT NN VBD IN NNS IN NN RB VBD JJR NNS IN JJ NNS IN PRP$ NN . IN DT NN , NN NN NNS WDT VBD NNS JJ IN DT NNS JJ NN NN VBD NN NN VBN IN DT JJ NNS . JJ NNS VBP VBN DT NN IN NN NN CC NN NN . DT NNS IN DT NNS VBD VBN IN DT NN NNP NNP NNP . `` DT JJ NN IN NN MD RB VB VBN RB IN NNS IN JJ NNS CC NN . PRP MD VB IN WP NNS CC JJ NNS VBP VBG VBN IN WDT VBZ VBN DT NN CC VBP JJ NNS TO VB PRP$ NNS IN DT JJ NNS . IN PRP VBP IN DT NN TO VB , DT NN MD VB NNS TO VB PRP$ NNS IN NNS WDT MD VB JJ CC JJ NN VBG IN JJ NNS IN NN . DT NN MD VB NNS VBN IN NN , MD VB NNS IN PRP$ NN POS NN NN , CC MD VB NNS WDT VBP RB NN HYPH JJ , '' VBD NNP NNP , NN IN DT JJ NNPS . CD NNS VBN IN DT NN NNP NNP NNP VBD IN NN VBD VBN IN NN NN . TO VB RP DT NN , NN NNS VBD CD NNS CC VBD IN DT IN NN VBD RB JJR NNS IN NN VBN IN PRP$ NNS CC PRP$ JJR NNS . DT NN NN RB VBD IN NNS IN DT JJS NN NNS VBD DT RBS JJ NNS IN NN ."
180,1346,conspiracy,"IN NN TO VB DT `` DT NN , DT NN '' NN , DT NNP NNP NNP NNP VBZ TO VB IN DT NN NN NN TO VB NNP NNP NNP NNS TO VB IN PRP VBP TO VB DT NN NN . DT NN NN VBD VBN IN NNP TO VB IN TO VB NNS TO VB VBN IN NN IN JJ NN NNS WDT MD VB DT NN POS NN IN NNP CD . PRP VBD IN DT NN IN JJ NNS , VBG NNP NNP POS NNP NNP , VBD NN , CC NNP NN NNP NNP , NNP NNP CC NNP NNP VBD TO VB DT NN . NN NNS NNP NNP NNP VBD DT NN IN NNP , VBG NNP NNP NNP NNP POS NN IN NNS WP VBD NN MD VB VBN , VBG JJ NNS IN DT NN IN `` JJ '' . RB , DT NNP VBZ VBN TO VB DT NN NN TO VB NNP NNS WP VBP NN DT NN TO VB TO VB CC VB . DT NN VBD VBN TO VB DT NN IN DT NN POS NNS IN NNP CC DT NNP NN VBD DT NN NN NN IN PRP$ NN . PRP VBD RP DT NN `` IN PRP VBP IN JJR NN IN VBG DT NN IN PRP VBP RB VBN '' . PRP VBZ VBN PRP VBD DT NN IN JJ NNS . PRP VBZ VBN DT VBN NN RB VBZ NNS TO VB IN PRP VBP VBN VBN IN DT VBN NNS IN RB VBG VBN . SYM NN CD NNS IN NNS WP MD RB VB DT NN NN , NN CD HYPH NN HYPH JJ NNS IN `` NN JJ NN '' , NN VBZ `` PRP VBD PRP$ NN NN , WDT VBZ PRP JJ TO VB '' DT NNP VBZ RB CD NN IN PRP$ NNS CC NN : JJR IN CD NNS : VBP VBN DT NN NN . DT NNP NN VBD : NNP VBD IN JJ NN TO VB PRP `` MD RB VB VBN '' IN VBG DT NN IN VBG NN IN PRP$ NN . DT VBN NN VBZ VBG VBN IN NNP NN NNP NNP VBD NN IN DT NNS POS NN . NFP NN NN : JJ NN IN DT NNP NNP NNP VBZ NN NN IN NN NN , VBZ IN JJR NN NNP VBD JJR NN IN DT NN NN IN NNP IN VBG NNP POS `` DT NN , DT NN '' NN , VBG DT NN MD VB DT NN NN IN NNS WP VBD DT NN . PRP VBD DT NN NN VBD VBN VBN IN DT NN CC JJ NNS MD RB VB JJ . IN NNP NN , NNP VBD IN DT NNS POS NN IN DT NN VBD JJ IN NN NNS , VBG : DT NNP NN VBZ RB RB IN VBG . NNS VBD IN DT NN NN IN DT JJ NN IN NNP . NNP POS NNS VBD IN NNP VBD DT JJ NN IN JJ NN IN NNP NN , VBG : `` PRP MD RB VB VBN IN VBG NNS WDT MD VB PRP$ NN CC DT NN IN PRP$ NN . VBG PRP DT NN IN VB -LRB- NN -RRB- DT NN CC VB VBN RP VBZ NN CC VBG JJ JJ NN VBZ JJ . IN IN PRP VBG DT JJ CC RB RB CD VBG DT NN VBZ JJ CC RB IN DT NN . '' NN CD : NN TO VB RB VBN , IN NNS IN JJ NN"
181,667,mainstream,"WP VBZ DT NN NN . DT NN NN VBZ DT NN POS NN IN NNS . DT NN -LRB- NN HYPH NNP -RRB- NN VBZ NNS CC VBZ VB PRP JJ . WP VBP DT NNS IN DT NN NN . JJ NNS CC NNS VBP RB TO VB DT NN . JJ NN NNS , RB VBN NNS -LRB- NN HYPH NN HYPH NNS -RRB- , VBP DT JJ NN IN DT NN NN . DT NNS IN JJ NN NNS , VBN NNS -LRB- NN HYPH NN HYPH NNS -RRB- , VBP RP VBG NNS . NNS , VBN NNS -LRB- NNP HYPH FW HYPH NNS -RRB- , VBP DT NN VB DT NNS CC VB PRP . CD NN IN NN VBZ DT NN -LRB- FW HYPH FW HYPH NN -RRB- , WDT VBZ NN . WRB NN MD VB JJ NN , NNS MD VB DT NN NN TO VB IN PRP VBD DT NN TO VB NNS IN NNS . JJ NNS IN NNS VBP PRP$ JJ NNS TO VB JJ IN DT NN VBZ IN NNS . DT CD NNS IN NNS VBP JJ NNS CC NN NNS . NNS VBP RP IN DT NN NN CC CC VBP RB CC VBP IN NN NNS , CC VBP IN DT NN NN TO VB IN NN NNS . NN NNS VBP IN DT NN POS JJ NN NN : PRP VBP PRP$ NNS CC VBP NNS TO VB IN PRP . NN NNS VBP IN DT NNS : PRP VBP DT NNS WDT DT NN NN VBZ . WRB VBZ DT NN NN VB . WRB DT NN VBZ JJ NNS -LRB- VBN NNS -RRB- , DT NN NN VBZ TO VB DT NNS CC VB JJ IN PRP . NN NNS VBP VBN TO VB NNS -LRB- RB VBN NNS -RRB- . DT NNS VBP IN JJ NNS . IN PRP VBP VBN , NNS RB VBP IN PRP$ NNS IN NN PRP VBP TO VB DT JJ NN RB . DT VBZ WRB NN WP VBZ JJ IN DT NN , IN NN , RB MD RB VB JJ IN PRP RB . DT VBZ RB WRB NNS -LRB- NNS -RRB- VBP DT NNS . DT NN VBZ DT NN IN DT NN IN DT NN WDT VBZ RB VB NN JJ . CC PRP VBZ VB DT NN VB NNS WDT MD VB DT NN IN JJ NN IN DT NN . IN NNS MD VB DT NN CC VB IN PRP , PRP MD VB PRP IN NN . DT VBZ DT NN IN DT NN NNS . PRP VBP NNS VBN IN NNS CC NNS WDT VBP VBN CC RB VBN . -LRB- DT NN NNS VBP RB VBN `` NN NNS . '' -RRB- NN NNS RB VBP VB JJ NNS -LRB- IN NNS -RRB- TO VB PRP$ NNS . SYM VB NNS -LRB- JJ CC JJ NNS -RRB- VBN IN JJ NNS NFP VB DT NN IN NNS VBN NN WDT VBP NN IN DT NN NN . NN VBZ VB NN , NNS , CC VBN NNS . DT VBN NNS CC NNS IN DT JJ NN VBP DT NN NN IN NN . DT NN VBZ VBN NN . NNS VBP CD NNS IN NN : JJ , JJ , CC JJ : NFP JJ NN : NN VBZ VBN IN JJ -LRB- CC JJ -RRB- NN , DT NN IN JJ NN . IN NN , DT NN VBZ IN DT NN TO VB NNS IN VBG DT NN . CC DT NN NN VBZ WRB JJ NNS VBP JJ CC MD VB JJ . NFP JJ NN : JJ -LRB- CC JJ -RRB- NN VBZ IN PRP$ NNS . PRP VBP JJ NN WRB PRP VBP VBN IN NNS CC WRB PRP VBP VBN IN PRP IN NNS . SYM JJ NN : JJ NN VBZ `` VBN '' IN DT NN CC PRP VBZ IN DT JJ NN . IN NN , NNS IN DT NN POS NN NN VBP DT NN JJ NN IN NNS DT NN VBZ VBN VBN IN . DT NN NN VBZ DT NN TO VB CC VBZ NN IN NNS . IN VBG PDT PRP$ NN POS VBN NNS IN NN , PRP MD VB VB PRP$ NN RB JJ IN JJ ."
182,1338,conspiracy,"DT NN , NNS IN NNS IN JJ NNS VBP VBN VBG IN DT NN NN VBN RB IN DT NNPS IN NNP NNP CC NNP -LRB- NNP -RRB- . DT JJ NNP NN VBZ RB CD NNS IN DT NN DT NN VBZ CD NNS IN NN . -LRB- LS -RRB- DT NN IN DT NNS IN DT NNS VBP DT NN IN PRP$ NNS CC DT NNP , WDT VBP IN NNS VBP CC JJ CC JJ CC IN , IN NN TO VB NNS IN NNS IN NNS IN NN , PRP MD VB PRP$ NNS . PRP$ JJ NNS VBP PRP IN PRP MD RB VB PRP$ NNS TO VB VBN IN NN JJ CC VBN TO VB JJ . PRP VBP IN NNS , RB WRB JJ NNS VBP VBN IN DT JJ NN , VBP JJ CC VBP `` RB VB DT JJ NN NNS . '' -LRB- LS -RRB- RB , PRP VBP IN DT NNS VBN IN NNS VBP CC JJ CC VBN IN JJ JJ NNS WDT PRP VBP DT NN NNS . DT JJ NN RB VBZ RB IN EX VBZ DT NN IN NN CC DT VBG NN IN NN NN NN . NN WP VBZ DT NN IN NN VBZ RB VBN IN JJ CC DT NN WP VBZ IN NN . VBN IN NNS VBP JJ IN JJS NNS IN JJ NNS , PRP VBZ NN IN PRP MD VB RB VBN TO VB JJ . RB , IN DT JJ NN IN NNS IN NNS IN DT NN HYPH VBN NN IN NN CC NN , RB MD PRP VB NN IN DT NNS IN NN NN VBP VBN IN DT NN NN IN JJ NN : JJ HYPH NN , JJ HYPH JJ , NN HYPH VBN NNS . WP VBZ RB JJ VBZ NN VBG DT JJ JJ NN IN DT NNP NN NN IN DT JJ NN IN NN . RB VBZ DT JJ JJ NN VBN VBN WDT VBZ DT JJ HYPH NN NN NNS IN DT NN IN NNS CC NNS VBN DT VBN NNP NN NN CC DT NN IN JJ NNS . IN JJ NN VBZ RB VBN VBN RP , PRP$ JJ NNS VBP VBG IN JJ NN WDT VBZ RB NN HYPH VBN IN NN TO VB JJ NN NN . JJ NNS , RB , VBP VBN IN PRP$ JJ NNS TO VB PRP$ NNS RP IN JJ NNS , VBG JJ NN IN JJ NN . DT NNS VBP DT JJ NN WDT VBZ PRP RBR CC RBR JJ IN JJ NNS IN NNS . IN CD NN MD VB VBN IN DT VBN JJ NN IN NN IN DT JJ NN , DT NN MD VB NN NNS CC JJ NN NNS . NN NN VBZ RB VBN IN VBG DT JJ : IN RB DT NN WP VBZ DT JJ NNP NN NN VBZ NN . IN PRP VBP DT RB VBG NN IN VBN NNS VBG VBN IN NNS JJ IN NN , NN NNS , NN , NN CD NN , CC NNP POS NN , PRP VBZ JJ IN PRP VBP RB DT NN VBN IN JJ NNS TO RBR VB PRP$ NN . CC WRB PRP VBP IN DT JJ NN IN DT NN IN NNS , PRP VBZ RB JJ IN JJ IN DT NNS VBN IN NNS VBP JJ , RB IN JJ NNS , CC MD VB IN DT NN IN NNS , VBG NN . RB PRP MD RB VB DT JJ NN IN DT NNS CC NNS VBG IN NNS VBP JJ IN PRP$ NNS . PRP MD VB IN RB DT JJ NN IN PRP$ JJ NN VBZ NN IN DT JJ NN VBN IN NNS IN NN CC NN , VBG PRP JJ IN PRP RB MD VB PRP$ NN NNS IN DT NN IN NN NN . WP VBZ VBZ DT JJ NN IN JJ NNS VBG DT NNS IN JJ NNS IN NNS . PRP VBP RB VBG DT NN IN NNS IN DT JJ NN . JJ NNS VBP IN DT NN IN DT NN IN `` NNP NNPS '' . NNP VBZ DT JJ NN HYPH VBG NN WDT VBD , RB IN RB , RB VBN IN NNS IN DT NN . JJR IN CD NNS VBP VBN NNP TO VB JJ IN JJ NN . -LRB- LS -RRB- NN NN VBZ VBN VBN IN NN NN NN , JJ JJ NNS , CC JJ NN NN . -LRB- LS -RRB- PRP RB VBZ VBN VBN IN JJ JJ NNS JJ IN NNP POS NN . DT VBG JJ JJ NN VBZ DT RBS JJ IN PRP$ JJ NNS , CC JJ NN IN JJ NNS IN NN VBZ VBN VBN TO VB JJ NN CC JJ NN . -LRB- CD -RRB- IN DT NN IN NN VBG NNP POS NN , DT NNP VBZ PRP$ NN IN NNP VBZ RB JJ IN JJ NNS , VBG DT NN IN NNP HYPH VBN JJ NNS . CD NN VBD NN IN JJ `` JJ NNS CC `` NN '' IN PRP$ NN . -LRB- LS -RRB- RB IN NN NNS VBP VBN RP DT NN IN NNP IN JJS NNS , DT NNS IN DT NN NN , VBG NN , NNP CC NN HYPH NNP , RB VBP NNP . -LRB- CD -RRB- IN DT CD NN VBN IN DT NN NNP NNP NNP , NNS IN DT NNP IN NNP NNP VBD NNS IN NNS WDT VBD TO VB DT NN IN NN CC NN IN JJ NNS JJ IN NN , VBN IN NNS . DT NN VBD IN JJ IN DT NNS VBD JJ NNS CC JJ NNS TO VB PRP$ NNS CC IN IN NN , NN VBZ IN DT NN HYPH NN NN MD RB VB VBN IN DT JJ NN . -LRB- CD -RRB- DT CD NN VBN IN NNP NNP NNP NN NNP NNP CC NNS IN DT NNP IN NNP , NNP CC NNP NNP NNP VBD IN NNP CC JJ NNS VBN IN NNS VBP DT JJ NN IN NN IN DT JJ NN . NN VBZ DT JJ NN IN JJ NN NN CC JJ NN IN NNS CC NNS . DT NN POS NNS VBP IN NNS VBN IN NNS VBP IN NNS JJ IN NN CC NN NN NN NN . -LRB- CD -RRB- DT NNP HYPH NN NN VBZ VBN IN DT NN IN NNP NNP NNP , WP VBD IN DT NN IN DT NNP IN NNP POS NNP IN NNP CC VBD CD NNS IN DT NNP NN HYPH JJ NN IN NNP NNP NNP NNP POS NNP IN NNP . NNP POS NN VBZ VBN NN , RB IN NN NNS , TO VB DT JJ NN WDT VBZ JJ NN CC VBZ DT JJ NN IN NN NN NN . NNP NNP POS JJ NNS VBP VBN JJ NN VBG WRB NN VBZ DT NN IN NN -LRB- DT RB JJ JJ NN IN DT JJ NN NN -RRB- , VBZ DT NN IN JJ NNS IN DT NN CC VBZ DT NN IN NN NN . DT IN DT NNS VBP JJ NNS IN DT NN IN JJ NN . -LRB- CD -RRB- IN DT NN VBN IN DT NNP IN NNP CC NNP NNP IN NNP CD , JJ NNS NNP NNP CC NNP NNP VBD DT NN IN NNS WP VBD NNS IN NNP NNP CC JJ NNP , DT NN RB VBN IN NN IN NN VBN IN NN NN , NN NNS CC JJ NNS . IN DT NNS IN NNP NNP VBD VBN TO VB JJ IN NN , DT NN VBD RP TO VB IN CC RB JJR NNS IN NN VBD JJ IN DT NNS POS NNS . NNP CC NNP VBD IN CD IN CD IN DT NNS POS NNS VBD DT NN IN NN NN NN . DT NN IN NN IN NNS IN DT JJ NN IN NNP IN DT JJ NN NN IN DT VBN VBZ CD IN CD . DT NNS RB VBP IN NNS IN DT NN NN IN NN IN NN NN VBP RB RBR JJ TO VB NN . -LRB- CD -RRB- NN VBZ DT NN , DT JJ NN VBN IN NNS TO VB DT JJ NN . JJS NNS IN DT NNP NN VBP DT NN NN . RB , EX VBZ DT JJ NN IN JJ NN TO VB DT NN IN NN CC NN . DT JJ NN NNS IN NN VBD VBN IN DT CD NN VBN IN DT NNP IN NNP NNP VBN IN NNP NNP NNP IN DT NNP IN NNP NNP . DT NN VBD IN NNS IN NN NN NN IN NNS VBP JJR IN NNS WRB NNS VBP VBN IN DT JJS NNS IN NN IN NNS . DT NNS RB VBD `` DT NN IN NN IN NNP -LRB- NN -RRB- NNS RB VBZ IN DT NN IN NN -LRB- NN NN NN -RRB- NN IN DT NNP NNPS VBD IN DT JJ CD NNS '' . -LRB- LS -RRB- DT JJ NN IN NNP NNP , CC VBN IN DT CD NN IN DT NNP NNP , VBD DT JJ NNS IN NN IN DT JJ JJ NN . DT NN VBZ DT NN VBN IN DT NN IN VBG JJ CC JJ NNS , VBG JJ NN CC VBG IN JJ NNS . -LRB- CD -RRB- DT NNS VBP RB VBN IN NNP NN NNP NNP NNP . NNP POS JJ NN IN DT NN IN NN VBZ VBN RP NN IN DT NN IN NN VBZ RB VBN WRB VBN IN NN , NNP POS RB RB VBN NN WDT VBZ VBN IN NNS IN DT NN . NNP VBZ IN RB RB VBP DT CD NNS VB TO VB JJ NNS CC MD RB VB DT NN POS NN , RB VBG IN JJ NN NN , NN NN , CC JJ JJ NNS . -LRB- CD -RRB- PRP VBZ JJ VBG IN DT JJ NN NNS VBP VBN IN DT JJ NNS VBN IN NN NN , JJ IN DT CD NN NN VBN `` NNP NNP IN NNP '' VBN IN CD IN DT NNP IN NNP CC NNP NNPS POS NNP IN NNP NNPS CC NNP NNP . DT NN , WDT VBD RB VBN IN NNP NNS , VBZ : EX VBZ DT RB JJ NN IN DT JJ NN IN NN IN NNS . DT NNS RB VBP DT JJ NN IN DT RBS JJ NN IN NN NN CC JJS IN DT NN NNS VBP VBN IN NN CC JJ NN . -LRB- CD -RRB- IN DT NN POS JJ NN IN NN POS NN NNS , DT NNP CC JJ JJ NNS VBP VBN DT NN TO RB VB DT JJ JJ NN IN DT JJ NN NN . NN VBZ DT RB VBG NN RB VBN IN JJ CC JJ NNS . VBG IN DT NNP `` PRP VBZ VBN TO VB NNS IN IN PRP VBP RB VB NN -LRB- FW , NN NN VBN TO VB NN NN -RRB- CC TO VB JJ NNS , JJ IN DT NN VBN TO VB NN NN . '' -LRB- CD -RRB- IN NN MD VB RB JJ NNS IN NNS , DT NNP NNP NNP VBZ PRP IN DT `` VBN JJ NN . '' VBG IN DT NN IN DT NNP POS NNP NNP CC NNP NNP -LRB- NNP -RRB- , VBG `` NN MD VB JJ , CC JJ HYPH NN NN IN JJ NNS IN DT NN CC IN DT NN MD VB NN HYPH IN JJ NNS CC NN NN JJ IN NN CC NN . '' DT NN RB VBZ NN IN `` DT NN NN '' . -LRB- CD -RRB- JJR NN VBZ NN VBZ JJ NNS RB RB -LRB- CD -RRB- DT NN IN PRP$ NN NNS VBZ IN NN VBZ VBN IN JJ JJ NNS IN NNS WDT PRP VBZ RB VB JJ NN . RB , EX VBZ DT JJ NN IN NN IN DT NNS IN NN NN IN JJ NNS IN JJ NNS . VBN IN NNS CC JJ NNS VBP DT RB JJR NN IN NNS VBN IN NNS CC IN NN VBZ VBN IN NNS IN NNS VBG DT NN IN JJ JJ NNS , PRP VBZ JJ IN PRP VBP PRP$ NN IN NNS . NN NN , RB VBN IN NNP , VBZ VBN VBN IN DT NN NN IN IN DT NN , VBG DT JJ NN WDT VBZ IN JJ NNS . PRP VBZ RB VBN PRP$ NN IN NNS . NNP NNP NNP VBZ IN NNP VBZ VBN IN DT NN , CC DT NN WDT RB VBZ NN NNS IN PDT DT NN IN DT NN VBZ TO VB RB , VBG IN NN IN NN NNS CC VBG IN NNS . -LRB- CD -RRB- NN CC RB JJ NNS VBP VBN IN DT NN NN TO VB DT VBN NN CC NN VBN IN NNS . NN , NN NNS VBP VBN IN NN NN NNS CC NNS , NN JJ CC NN NNS , NN CC NN NN NNS , VBN JJ JJ NN NN NNS CC NN NN NN , TO VB DT JJ . -LRB- CD -RRB- IN CD , DT NNP VBD DT NN IN NN NNS RB IN NN NNS IN DT NN NN . RB , JJ NN IN DT NN WDT MD VB VBN IN DT NN VBZ DT JJ NN NN . DT JJ NN IN JJ NN CC JJ NN IN DT NN VBZ PRP$ NN IN DT NN WDT VBZ RB VBN IN NNS . NN NNS MD VB IN PRP$ NN POS NN NNS RB VBG JJ JJ NNS . VBG DT JJ NN IN JJ NNS IN DT JJ CD NNS , PRP VBZ JJ TO VB IN DT JJ NN IN JJ JJ NN VBN IN PRP$ NNS VBZ VBG NN IN JJ NN NNS . EX VBP RB NNS IN JJ NNS VBG DT JJ JJ NN , JJ IN DT NN NN NN NN CC NN CD NN NN , CC DT NNP NN JJ NN NN , WDT VBD VBN IN JJ NN IN DT NNS . -LRB- CD -RRB- NNP CD VBZ DT JJ NN VBN IN DT NN IN NNS . NN VBZ IN NN IN NN CD MD `` VB JJ JJ NN NNS . '' -LRB- CD -RRB- DT NN VBD DT NN IN DT NN CC NNP POS NN . -LRB- CD -RRB- DT NN IN NN VBN IN DT NN NNS , NNP NNP HYPH CD VBZ VBN VBN TO VB NN NN CC VB JJ NN IN NN NNS . -LRB- CD , CD -RRB- NN VBZ DT NN IN NN RB VBN IN NNS . DT NN VBG IN DT NN IN NNS IN NNS VBD IN NN , IN NNP , VBZ JJ . DT NNS VBD IN `` -LRB- NN -RRB- NN NNS IN NNP HYPH VBN NNS , NNS MD VB VBN IN JJ NN NNS IN JJ NN NNS , VBG DT NN IN NNS CC DT JJ NN IN NNS . '' -LRB- CD -RRB- DT NN VBN IN CD HYPH NNP VBZ RB VBN IN DT JJ NN IN NNS . IN PRP$ VBN . NNS VBP DT NN IN NN , NN , CC JJ NN . -LRB- CD -RRB- JJ NN NN NNS CC WRB PRP VBZ VBN VBN IN JJ NN NN VBZ WDT MD VB DT JJ NN IN EX VBZ DT NN IN NN , PRP VBZ RB JJ IN DT NN CC DT NN CC NN CC NNS IN NN VBP PRP$ JJ NN IN JJ NNS , NNS , CC RBS RB , IN DT NNS PRP . TO VB IN DT JJ NN NN VBZ VBN IN NN JJ NN MD VB JJ NNS , JJ NNS CC VBG DT NNP , DT NNP , NNP JJ NN NNS CC JJ NNS . IN NN , DT MD VB DT JJS JJ NN NN IN JJ NN , CC DT NN MD VB RB JJ . VB PRP RB VB DT NN IN RBR JJ NN VBG NNS IN NN CC JJ NN CC DT JJ NN IN DT NN . LS NNS IN DT NNP IN NNP VBD DT NNS IN NN IN DT NN IN JJ NN NNS . DT NNS VBD VBN DT NN IN NNS JJ IN DT NNS NN NN . IN NN IN DT NN NN , VBN NNS VBD JJ NNS IN NN NN CC NN IN DT NN : CC JJ NNS IN NN WRB PRP VBP IN NNS . -LRB- CD -RRB- LS . IN CD , DT NNP IN NNP NNP VBD NN VBN RP IN NNS IN NNP NNP NNP POS NNP IN NNP VBG DT NNS IN DT NN NN IN DT JJ JJ NN . IN PRP$ NN , DT NN VBD IN JJ NNS WP VBP DT NNP VBP DT JJR NN IN JJ NN JJ IN NNS . DT NNS VBP DT JJ JJ NN WDT RB VBZ DT NN POS NN NN . NN VBZ IN JJ NN IN DT NN NN MD VB JJ NN NNS CC VB NN . -LRB- CD -RRB- LS . DT NNP IN NNP NNP NNP CC NNP NNP NNP NNP VBD DT NN VBG DT JJR NN IN NN IN NNS WP VBD VBN DT NN NN CC RB VBD NN CC NNP . PRP$ NNS VBD VBN IN DT JJ NN NNP . -LRB- CD -RRB- LS IN DT NNP NNP NNP NNP NNP -LRB- NNP -RRB- , DT JJ NN VBN IN DT NN IN RB VBG NNS IN NNS VBN CC VBN IN NNS , DT NNP NN VBZ RB CC VBN IN DT NN IN NNS , JJ NNS CC NN . DT JJ NN NN VBG IN DT NNP NNP NNP NNP IN NNP CD VBD IN DT NNP VBZ VBN RB VBG CD NNS IN NNS IN NN HYPH VBN NN CC JJ NN NN VBN IN NN . IN CD IN DT NNS , DT NN `` NN '' VBZ RB VBN IN NN NNS TO VB DT NNS WDT VBD IN NN . DT JJ NN VBZ IN , IN VBG DT NNS , DT NN VBZ RB VBN DT NN IN NN CC NN . -LRB- CD -RRB- LS . DT JJ NN IN DT NNP IN NNP VBD IN IN DT CD NN NN IN NNP CD HYPH NNP CD , CD NN HYPH VBN NNS CC NNS VBD VBN IN NNP . DT NN IN DT NNS VBN IN DT NN VBD VBN IN DT NN NN CC DT RBS JJ NN VBN IN DT NN NN VBD NNP HYPH NNP NNP , DT JJ NN IN WDT DT NN NN VBZ CC VBZ DT NN POS NNS , RB VBG IN JJ NN NN CC RB NN . -LRB- CD -RRB- WRB PRP$ NN NNS NNP VB VBN NN VBZ IN NNS IN NN VBP IN DT NN NN , VBG PRP JJ TO VB NN IN PRP$ NN NNS . -LRB- LS -RRB- JJR RB , NN VBZ IN JJ NN IN JJ NN NNS CC NNS IN DT JJ HYPH JJ NN . RB PRP MD VB IN DT IN DT RBS JJ NNS . IN NNP CD , DT NN IN JJ JJ NNS , NN NNS , DT NNP , DT NNP , DT NNP NNP NN CC NNS IN DT JJ NN VBD IN DT JJ NN VBN IN DT NNP IN DT NNP NN NN IN NNP , NNP . RB VBN DT NNP NNP IN NNP NNP NNP NNP , DT NNP NN VBD DT NNS IN DT JJ JJ NN VBG DT NN IN NNP CC NN . DT NN VBD RB JJ IN DT NN CC VBD JJ IN DT JJ NN NN . NN IN DT NNP IN NNP NNP NN VBN IN NNP NNP NNP NNP , DT NN IN DT NN VBD JJ . DT NN VBD WRB NN NNS VBD IN DT JJ HYPH VBN NN HYPH NN IN JJ NN VBG NNP NN IN NN IN DT JJ NN IN NN NNS CC JJ JJ NNS . -LRB- LS -RRB- DT NN IN DT NNP NN , NNP NN NNP NNP NNP , VBD VBN IN VBG , `` PRP VBD RB VBN IN WP PRP VBD , '' VBG DT JJ NN IN JJR NNS WDT VBP DT NN IN NNP CC NN NNS , NN NN NN , NN CC NN . VBG IN DT NN , NNP NNP NNP , RB DT NNS NN IN DT NNP NNP NNP , VBD IN DT IN `` RB DT NN MD RB VB VBN VBN IN DT . '' -LRB- CD -RRB- NNP NNP VBD IN DT NN DT NNS IN WDT PRP$ JJ NN VBD VB DT JJ NNS IN VBG DT JJ NN : DT NNP VBD DT NNP IN NNP TO VB DT JJ NN TO VB DT NNS IN NN , VBG NNS TO `` VB RP '' DT NN POS NN IN NN . PRP VBD NNP POS NNS , RB IN PRP VBD VBN VBN IN JJ NN , CC VBD JJ NNS IN PRP$ JJ NNS VBD VBN `` VBN '' CC MD RB VB VBN . CC TO VB DT NNP IN NNP NNP , PRP VBD PRP$ JJ NN IN NN NNS RP IN DT JJ NN , VBG PRP IN HYPH NNS IN NNS . IN DT NN NNP RB VBD PRP$ NN IN CD , PRP VBD VBN IN NN IN NNP CC VBD PRP$ NNS TO VB DT NN IN NN CC NN . -LRB- CD -RRB- EX VBZ DT NN NN IN DT NN NNS CC DT IN NN WP VBP JJ IN VBG DT NNS . DT JJ NN VBZ JJ NNP NN NNP NNP NNP , WP VBD DT NN IN CD TO VB DT NN IN JJ NN NNP IN DT NNP IN DT NN POS NN NN . NNP VBD IN DT NN IN PRP VBZ `` RB JJ IN NNS '' . -LRB- CD -RRB- PRP$ NN VBZ RB JJ VBN PRP$ JJ NN IN VBG IN NN NNS . IN IN PRP$ NN IN DT NNP , DT NN VBD VBN TO VB RB VBG DT NN IN DT NN NN NN , CC VBG RB JJ NNS IN DT JJ NN IN JJ NN NNS . -LRB- CD -RRB- IN PRP$ JJ NN IN NNP NNP , NNP NNP NNP RB VBD DT NN HYPH NN NN IN DT CD NN IN NNP POS NNP NNP IN VBG IN DT NNP POS NN . NNP VBD : UH , PRP VBP , PRP VBP RB VB PDT DT NNS IN PRP RB VBP RB VBN JJ TO VB DT NN NNS PRP . CC PRP$ NN VBZ IN DT NN VBZ DT : WP PRP VBP VBZ DT JJ NN NN . CC NNS WDT VBP DT NN , NN WDT VBZ PRP VBZ DT NN WRB PRP$ NNS RB MD RB VB JJ NN TO VB PRP$ NNS VBG RB . RB , PRP DT VBP IN NNS MD RB VB NNS IN NNS . RB IN DT NN VBD VBN , VBD DT NN , VBD JJ NNS IN DT NNS . CC IN PRP VBP VBN IN DT JJ NN , PRP MD RB VB RP DT NN . DT IN DT NNS MD VB NNS WDT VBP NNS IN NN . -LRB- CD -RRB- DT JJ NN IN DT NN IN DT NNP IN NN NN VBZ DT NN IN NNP NNP NNP , DT JJ NN WP VBD CD NNP NNS , CD IN WDT VBP RB VBN NNS VBG TO VB DT NN HYPH NN NN . IN CD IN CD NNP RB VBD JJR IN $ CD CD IN NN NN VBN IN NN CC VBD DT NNS TO VB JJ NNS , VBG DT NN IN NNP . -LRB- CD -RRB- NNP VBZ RB IN NNP VBG NN IN DT NNP NNPS . IN DT JJ NN , NNP NNP NNP VBD IN VB DT JJ NN IN NNP NNS IN VBG NNP VBG IN : DT NN IN PRP VBZ VBG JJ CC VBZ JJ TO VB , IN DT NNP JJ NN , VBZ RB VB NNP POS NN . RB PRP VBZ DT NN IN NN IN NNP CC NNP TO VB IN PRP$ NN CC NN . DT NN RB VBZ IN DT JJ NN MD VB DT JJ NN IN NNP POS NN NN CC DT NN IN DT NN VBG NNP POS NNS IN NNP NN . -LRB- CD -RRB- DT CD NN HYPH NN NNS VBN IN NNP CC PRP$ NN VBP VBN VBN IN NNS IN JJ NN . VBG IN VBN NNP NNS , DT NNS IN CD IN DT NNS , WDT VBD NNS IN NN IN NNP IN DT NN HYPH JJ NN IN IN NNP , VBD RB VBN TO VB PRP VB IN NN NNS VBD PRP$ NN IN NNS , WRB IN NN NNS VBD . DT NN POS NN VBD RB JJ IN NNS JJ IN DT NNP CC DT NNP IN DT NNP NNP NNP VBD VBG DT NN , CC PRP VBD RB IN DT NNP NN VBD DT RB HYPH VBN NN IN NN IN DT NN NNP , IN DT NN VBD RB VBN . -LRB- CD -RRB- DT JJ NN HYPH NN NN VBN IN NNP , WDT RB VBD DT NN NN IN DT NNP NN VBD VBN IN CD . IN PRP$ JJ NN , NNP NNP NNP VBD IN DT NN POS JJ NN : DT NN VBD NNP POS NN NN IN VBG JJ NNS WP VBD RB JJ TO VB DT NN NN , WDT IN DT NN RB VBD IN NN CD . NNP NNS VBP RB VBN DT NN IN PRP$ JJ NN NNS TO VB DT NN NN CC VB DT NN . DT CD NNP FW FW . NNP NN RB VBD DT JJ NN IN JJ NNS CC VBD DT NN IN JJ JJ NNS TO VB DT NN IN DT NN NN . -LRB- CD -RRB- IN CD , DT JJ NN IN DT NNP , NNP NNP NNP , VBD JJ IN NNS IN PRP CC PRP$ NNS RB VBD NNS IN DT NN WDT VBD DT NN IN NNS CC NN . IN VBG DT NN IN DT NN NN CC DT VBN NN IN NN IN JJ JJ NNS IN CD NNS IN NN , NNP VBZ IN PRP CC PRP$ JJ NNS VBD TO VB DT NNS CC RB VBD JJ NN IN VBG NN WDT VBD PRP$ JJ NN NNS . -LRB- LS -RRB- VBG IN WRB PRP CC PRP$ NNS VBD PRP$ NNS , NNP VBD IN : PRP VBD TO VB VBG DT NN NNS , DT NNS VBD DT NN TO VB NNS JJ IN DT NN . DT VBG CD NNS RB VBD CC VBD DT JJ NN NN IN DT NN NN CC VBD CC VBD IN PDT DT JJ NN NNS WDT PRP VBD VBN PRP MD VB CC VB PRP IN DT JJ NN NN . RB , IN PRP VBD PRP VBD JJ CC MD VB CC NNP CC NNP NNS , PRP VBD JJ NNS IN DT NNS IN PRP$ NN CC PRP VBD DT VBN NN NNS . PRP VBP PRP RB VBD JJ NNS IN DT JJ NN IN DT NNP NN . -LRB- CD -RRB- IN CD , NNP NNP NNP VBD DT NN IN NNP IN DT NN HYPH RB IN DT JJ NN . -LRB- CD -RRB- IN DT NN JJ NN , NNP NNP VBD IN DT `` RB JJ '' NN IN NNP NN IN NNS CC NN , NNP NNP NNP IN PRP VBD VBG : PRP VBD PRP DT RB JJ NN . `` VBP PRP VBN DT NN VBG NN NNS IN VBN IN JJ NNS . NFP PRP VBD VBG PRP IN NN PRP VBZ VBN : IN PRP VBD CD NNS , PRP VBD PRP RP CC PRP VBD IN PRP VB DT NN . CC RB , RB RB , VBD PRP VB IN DT JJ NN VBZ RB VBN DT RB JJ , JJ , JJ NN . -LRB- CD -RRB- IN NN IN DT VBG NN IN NN CC NN IN DT NNP , NNP NNP NNP VBZ VBN IN DT NN IN DT NNP IN DT NN IN NN NN . -LRB- CD -RRB- RB DT JJ NN IN DT JJ JJ NN IN DT NN IN NNS CC PRP$ NNS VBZ RB IN PRP$ JJ NNS IN NN VBP RB JJ . DT NN IN NN MD VB DT NN IN NNS VBP DT JJ NN IN DT JJ NN WDT MD VB DT JJ NN IN JJ NN NNS VBG JJ NN . DT NN IN PRP$ NN NNS TO VB JJ , NN JJ NN VBG DT JJ HYPH NN NNS IN DT NNP NN NN VBZ DT NN IN WDT PRP$ JJ NNS IN NN VBP VBN IN JJ JJ NNS . PRP MD VB TO VB IN DT JJ NN WDT VBZ JJ NNS IN PRP$ NNS CC PRP MD VB DT NN IN DT JJ NN IN PRP . NFP NN NNP NNP , FW FW . JJ JJ NN IN NNS VBG JJ NN IN NN IN DT JJ VBG NN : DT NN IN NN HYPH NN NN NN . NN NNP CD : CD . NFP NN FW FW , FW FW JJ NNS IN NN IN JJ NN NN -LRB- NN -RRB- : JJ NNS IN JJ NN CC NNP NN NN . NNP NNP CD : CD . SYM NN NNP NNP , FW FW . DT NN IN NN CC NN NN . NN . CD : CD . SYM NN NNP NNP , FW FW . JJ NN NN CC NNS : JJ , JJ , CC JJ NN . NNP NNP NNP . CD : CD NNP CD . SYM NNP NNP , NNP , NNP NNP , NNP NNP , NNP NNP , NNP NNP , NNP NNP , CC NNP NNP . `` JJ NNS CC NN IN NN IN NN VBG TO VB NNP IN NNS VBZ JJ . '' NNP NNP NNP , CD , CD SYM CD . VBN NNP CD , CD . ADD NFP NN NNP NNP , NNP NNP . NNP NNP , NNP NNP . `` VBG RP DT NN IN NN : JJ NNS CC DT NN IN NN '' NNP NNP NNP -LRB- NNPS -RRB- . CD CD . NFP NN NNP , NNP , CC NNP NNP NNP . `` NNP IN NNP NNP -LRB- JJ NNP -RRB- VBN IN DT NN NN IN NN NN NNS . '' NNP IN NNP CC NNP NNP , NNP SYM CD -LRB- CD -RRB- : CD CD NNP CD . NNP SYM NNP NNP , NNP NNP , NNP NNP , CC NNP NNP . `` VBP PRP$ JJ NN NNS IN NN NNS VBN IN NNS CC NN . '' NN CD , NN CD -LRB- CD -RRB- : CD CD . VBN NNP CD , CD . LS . NFP NN `` NN VBN : JJ NN IN NN CC NN '' . NNP NNP , NNP CD , CD , ADD NFP NN FW FW , FW FW , `` NNS NNP NN NN HYPH JJ NNS IN CD NN JJ NNPS , '' NNPS IN NNP NNP IN NNPS , CD NNP , CD : CD . SYM NN NNP NNP , NNP NNP , `` NN IN NNS IN NN JJ NN VBG CD NNS IN NN NN NN NN VBZ JJ NN IN NN CC NN , '' NNP CD NNP , CD -LRB- CD -RRB- : CD . SYM NN NNP NNP NNP NNP IN DT NNP IN NNP CC NNP NNPS , NNP CD , CD SYM NNP NNP , NNP NNP , NNP NNP NNP , NNP NNP NNP , NNP NNP , NNP NNP NNP , NNP NNP NNP , CC NNP NNP NNP . `` NN IN NNP POS NN NN NN IN NNS : JJ NNS IN JJ NN NNPS CC NNPS . '' NNP CD -LRB- CD -RRB- : CD . CD . NFP NN NNP , NNP , NNP NNP , NNP NNP , NNP NNP , NNP NNP , NNP NNP , NNP NNP , NNP NNP , NNP NNP , CC NNP NNP . `` NN IN NNS IN NN VBZ NNS CC VBZ JJ NN NN . '' NN IN NN NN CD , NN CD -LRB- CD -RRB- : CD . SYM NNP NNP , NNP , NNP NNP , CC NNP NNP . `` NN IN JJ NN IN NNS IN NNP NNP CC NNP . '' NN IN JJ CC JJ NNS CD , NN CD -LRB- CD -RRB- : CD SYM NN NNP NNP , NNP NNP , NNP NNP `` DT JJ NN IN NNS VBN IN NNS IN NNS CC NNS . '' NNP NNP NN CD , CD CD -RRB- : NN HYPH NN . SYM NN NNP NNP , NNP NNP , NNP NNP , NNP NNP , NNP NNP '' NN IN JJ NNS IN NN NN CC JJ NN NN IN NN NN NNS : DT NN NN . '' NNP NNP NNP -LRB- NNPS -RRB- . CD CD . NFP NN NNP NNP , NNP NNP , NNP NNP , NNP NNP `` JJ NN HYPH NNS HYPH NN NNS CC NNP NN IN NNS IN NN '' NNP NNP NNP CD NNP HYPH NNP CD . SYM NNP NNP , NNP NNP , NNP NNP NNP HYPH NNP , NNP NNP NNP , NNP NNP NNP , NNP NNP NNP , CC NNP NNP `` NNP -LRB- NN -RRB- NN , NN HYPH NNS HYPH NN NN , CC JJ NN : DT NNS IN DT NN NN . '' NN , CD , CD . VBN NNP CD , CD . ADD NFP NN FW FW FW FW '' FW NNS IN DT NN NN NN NN : DT NN IN VBN NNS IN NN HYPH VBN NN NN , '' NN JJ NN NN NN CD , NN CD , NN CD . SYM NN NNP , FW `` NNS IN NN IN NN NN NN . '' NN IN NN CD , NN CD -LRB- CD -RRB- : CD SYM CD . VBN NNP CD , CD . CD . NNP NNP , NNP NNP . DT JJ NN IN DT NNS IN NN NN CC NN NNS IN NN HYPH VBG NN NNS IN DT NN NN IN NN . NNP NNP NNP . CD NNP -LRB- CD -RRB- : CD . NNP NNP , NNP NNP . NN IN NNS IN NN CD NN NN VBG CD NNS IN NN VBZ JJ IN NN IN NNS CC NN IN NN CD NN NN IN JJ JJ NNS . NNP NNP NNP . CD NNP CD . NN : NN , NNP , JJ , NN : NNP NNP IN DT NNP NNP NNP NNP , NNP NNP NNP NNP NNP , NNP NNP NNP , CC NNP NNP , . JJ NNS IN NNS NN NNP NN NN NNP NN CD NNP CD , NN CD NNP , NNP , NNP NNP NNP , NNP NNP NNP , CC NNP NNP NNP NNP . `` NN HYPH VBN NNS RB VB NN NNS IN NN NN NN . '' NN CC NN CD -LRB- CD -RRB- : CD . VB . NNP , NNP NNP JJ NNP NNS IN JJ NNS IN NN NN NN . NNP NNP NNP CD NNP CD -LRB- CD CD . DT NN JJ . NNP : CD NNP NNP , NNP NNP , NNP NNP NNP IN NNP IN NNP NN NN CC NN NN IN NN NNS NNP NNP CD NNP CD : NNP NNP , NNP NNP , NNP NNP , NNP NN , NNP NNP JJ CC JJ NNS IN NN IN NNS . NN NN NN . CD NNP CD . NNP HYPH NNP NNP , NNP NNP , NNP NNP , NNP NNP , NNP NNP , NNP NNP , NNP NNP , NNP NNP , NNP NNP , NNP NNP NNP IN NNP HYPH VBN NN IN JJ NN IN NN IN NN NNS : DT NN JJ NN IN CD HYPH NN NN . NNP IN NNP . CD NN CD NNP NNP . VBG JJ -LRB- IN NN CC IN FW -RRB- NN NNS IN NN HYPH NN NN JJ IN NNS . NNP NNP CD NNP CD . NNP NNP , NNP NNP , NNP NNP , FW FW . JJ NN IN NN VBN NN WDT VBZ NN NN . NN IN NNP -LRB- NN RB -RRB- . NNP CD SYM CD NNP NNP NNP , NNP . NNP , CC NNP NNP NNP , NNP JJ NNPS VBN IN NN NNS : NN NN IN NNP . NNP IN NNP -LRB- NNP -RRB- . CD . NNP NNP , NNP NNP , NNP NNP , NNP NNP , NNP NNP NNP DT JJ NN NN IN DT NN . JJ CC JJ NN : NNP NNP IN DT NNP NNP NNP FW -LRB- NN -RRB- . NNP CD : CD VBG JJ NNS IN NN NN IN JJ JJ NN IN NN . NNP NNP . CD . NN IN NN IN NN NN CC NN IN JJ HYPH NN NN NN . NN NNP NN . CD CD . NNP CD NNP CD . NNP NNP , NNP NNP , NNP NNP , NNP NNP , NNP NNP HYPH JJ JJR CC JJR NNS IN NN NN IN JJ NNS IN IN JJ NNS . NNP NNP NNP -LRB- NNPS -RRB- . CD . NNP NNP , NNP NNP , NNP NNP , NNP NNP , NNP NNP , NNP -RRB- , NNP NNP , NNP NNP , NNP NNP , NNP NNP , `` NNP IN NNP NN IN NNS '' NNP IN NNP , -LRB- CD -RRB- NNP : CD -LRB- NNP -RRB- : CD . NNP , NNP , NNP NNP , CC NNP NNP . `` JJ NN , JJ NN HYPH NN NN , NN , CC NN IN JJ NN CC NN NNS VBN IN NN HYPH NN NN IN NN CC JJ NN NNS . '' JJ CC JJ NN CD -LRB- CD -RRB- : CD . NNP CD NNP CD . JJ NN IN NN NN IN NN NN NNS . NNP NNP , NNP NNP , NNP NNP . VBP NNP NNP . CD CD SYM CD NNP CD NNP CD . NNP CD NNP NNP , NNP NNP NN , NNP NNP , NNP NNP , NNP NNP , NNP NNP NNP NN VBZ VBN IN NN NN : NN IN NN NNS . NN . CD NNP CD -LRB- CD SYM CD . VBG JJ -LRB- IN NN CC IN FW -RRB- NN NNS IN NN HYPH NN NN JJ IN NNS . NNP NNP , NNP NNP . JJ JJ JJ NN NN IN VBN NN NN IN DT NN IN NNP . NNP , NNP . NNP NNP NNP NNP CD CD NNP NNP , NNP NNP VBN NN NN CC JJ NN NNP POS NN IN DT NN RB VBN IN NN : DT NN NN . NNP NNP NNP NNP CD CD NNP NNP , NNP NNP , NNP NNP , FW FW . NN NNS IN NN , NN CC NN CC PRP$ NNS IN NN HYPH NN NN IN CD JJ NNS . NNP NNP NNP CD CD CD NNP NNP , NNP NNP , NNP NNP , FW FW . NN , NN CC NN IN JJ NN NNS VBN IN DT JJ NN NN POS JJ NN CC NN NN . NNP CD SYM CD NNP NNP NNP MD VB NNP POS NN IN NN NN , IN JJ JJ NN IN NN CC NN , DT JJ NN JJ NN VBG NN NN , NN HYPH NN NN CC NNP NN . NN NNS . CD NN -LRB- CD , NN : CD . NNP CD NNP CD . NNP NNP VBN NN IN NN CC NN IN NN VBN JJ NN IN NN NN . NNP NNP NNP NNP NNP . CD CD , CD NN : CD . NNP CD NNP CD . NNP NNP . DT NN IN JJ NN VBZ RB DT NN . NN . CD CD . NN : CD . NNP CD NNP CD . NN . NNP NNP , NNP NNP , NNP NNP , NNP NNP , NNP NNP , NNP NNP , NNP NNP NN NNS IN NN IN NN NNS CC NNP POS NN . NN . CD CD . NNP NNP FW NNP , NN NN CC NN HYPH VBN NN IN NN NN CC NN NN IN VBN NNS ."
183,1247,mainstream,"DT NN IN NN NNS VBZ VBG IN NNP . NN NN VBZ VBN IN DT JJ NN IN NN , RB VBG IN NNS VBN IN JJ NNS . PRP VBZ DT JJ , CC RB JJ JJ NN WDT RB VBZ IN NNS CC JJ NNS . JJ NN NN VBZ DT NN WDT MD VB NN , NN NNS , JJ NN CC NN IN JJ NNS . DT NN VBD VBN IN DT NN NN IN CD NNS IN NN NN NN . CD IN DT NNS VBD VBN IN JJ NN NN CC NN NNS . DT NN VBZ VBN IN DT JJ CD NNS IN NN . JJ NN NN VBZ CD IN DT VBG NNS IN NN NNS , CC VBZ NN JJ . JJ NNS VBN IN NN NN VBP IN NN IN JJ NN CC JJ NNS , WDT VBZ VBN IN JJ NN NN . NNP VBZ VBN IN JJ NNS WRB DT NNS WP VBP VBN IN PRP VBP CC VB . IN DT NN VBZ VBN IN NN , DT NN VBZ IN DT NN IN RB CD IN CD NNS . RB VBN : VBP VBG NNS JJ IN VBN NN NN NNS . EX VBZ DT JJ NN IN NN , DT NN VBZ JJ IN NN . NNS IN NN NN VBP JJ NN , NNS CC NN IN NNS . JJ NNS VBN IN NN NN VBP IN NNS IN NN , JJ NN CC NN . NNS VBP IN NN IN JJ NN NNS , VBN IN JJ NN NN . RB VBN : CD NNS WRB PRP$ NN VBZ RB VBG IN NN DT NNS VBP RB JJ TO VB IN NN NNS CC NNS IN NN CC NN . PRP VBP JJ TO VB IN JJ NNS IN NN NN , NN NN CC NN . RBS JJ NNS IN NN NNS MD VB VBN IN DT JJ NN IN NN . NNS MD VB PRP$ NNS NN NN RB IN PRP$ JJ NN . NNS IN JJ NN IN NN NNS VBP VBN JJ NNS . IN DT NN VBD JJ IN CD , NN NNS VBD DT CD IN CD NNS IN NNS IN CD IN CD NNS IN NN . NNS IN JJ NN NN VBD RB JJ . RB VBN : NN NN : RB VBZ NN PRP MD VB IN PRP CD NNS IN JJ NN NN VBP VBN VBN IN NNP DT NN . DT NNS NN NN NNS VBP VBN VBN IN CD NNS CC NN NNS IN NNP . NNS IN VBG NN IN DT NN VBP RB VBN RP IN CD NNS . CD NN NNS VBP VBN RB VBN IN CD NNS CC NN NNS RB RB . NN : DT NN VBG NN VBZ JJ NN RB . PRP VBZ IN DT NN DT NN IN JJ JJ NN . RB VB DT NN CC PRP$ JJ NN IN JJR NN . NNP VBZ RB VB NN IN DT NN ."
184,616,mainstream,"DT NNP NNP VBZ DT JJ NN IN JJ JJ NN . PRP VBP RB NN NNS CC VBP RB VBG TO VB DT VBG JJ NN NN TO RB VB DT NN NN IN NNP HYPH CD . DT NN VBZ VBN IN DT NN IN NN NNS JJ IN NN , NNS CC JJ NN TO VB NN NN WRB NNS VBP VBN NN . PRP VBZ DT JJ NN NN , NN NN , CC NN , WDT VBZ DT NN HYPH JJ NN . WRB VBN IN NN IN JJ NN IN JJ NNS , NNP MD VB JJ NN , IN NN CC NN , IN JJ NNS IN DT NN , VBG PRP JJ TO VB NN . DT JJ NNS VBP NNS , JJ IN JJ , JJ CC JJ NNS , IN NN IN VBG . IN VBG DT NN NN , DT NN VBZ NNS IN NN PRP MD VB IN DT NN NN . RB VBZ WRB PRP VBP DT NN MD VB VBN IN NN HYPH CD NN : WRB VBG DT NN NN , DT NN VBZ TO VB DT NN NN IN DT NN IN VBG PRP$ NNS CC NNS , DT NNS IN DT NN WDT VBP DT NN TO VB NNS . DT NN IN DT NNS CC NNS VBZ DT NN TO VB DT NN IN JJ CC VB DT JJ NN IN PRP . WRB DT NN VBZ VBN IN DT JJ NN VBN IN NN NN , DT NNP VBZ DT NN POS JJ NN CC RB VBZ PRP IN VBG . CC DT NNP NN VBZ DT NN IN DT NN : RB DT JJ NNS : JJ . DT VBZ JJ IN DT NN VBZ TO VB NNS WDT VBP IN DT VBG NN IN NN IN DT NN TO VB JJ NNS CC VB IN DT NN . NNS VBP DT JJ NN IN DT NN WDT MD VB NN TO VB DT NN NN . IN CD , IN DT NNP NN NN , DT NNP VBD NNS IN DT NN IN VBN NNS , IN DT NN TO VB DT NN VBD IN JJ NN CC DT NN NNS WDT VBD DT NN IN NNS TO VB DT NN VBD JJ . DT VBD IN DT NN IN JJ NNS TO VB NNS , DT IN WDT VBP RB IN NN . CC , EX VBZ RB DT NN NN IN DT NN IN VBN NNS IN DT JJ NN NN . JJS NNS WDT VBP VBN NN TO VB VBN NNS VBP NNS WDT VBP CC JJ CC IN DT NNS RB VB NN NN , VBG IN NNS VBP TO VB VBN CC VBN IN NNS WDT VBP NNS CC DT NN IN PRP$ NN CC NN . NNP VBZ DT NN WDT VBZ RB VBN IN JJ IN IN PRP$ JJ NN IN NNS CC NNS CC PRP$ NN IN JJ NNS NNS RB VBP . VBG DT NN MD VB DT NN IN NN NN RB JJR CC JJ IN NN IN JJ JJ NN NNS . WDT JJ NN VBZ VBG VBN IN DT JJ NN , EX VBP VBN NNS IN NN CC IN NNS TO RB VB DT NN . PRP$ NN VBZ VBN VBN JJ IN DT NNS VBN IN DT NNP NN NN IN DT NNP NNP IN NNP CC NNP NNPS IN NN TO VB NN CC NN NN CC TO VB NNS IN DT JJ NN IN NN . PRP VBD IN DT NN IN DT NN NN CC NN NNS WDT VBP RB VBN IN NN , NN CC JJ NNS VBG NN CC NN NN IN NNS , NNS CC JJ NNS . IN DT NN IN NN RB VBD IN DT NN WDT VBD RB VBN , EX VBZ DT NN IN JJ NN NN TO VB VBG NNS WDT VBP JJ NN IN DT JJ NN , JJ IN NNP . PRP$ NN NN , WDT PRP VBP NNP , VBZ VBG NN NN CC JJ NN NN , JJ IN VBG DT NN IN DT NN IN DT JJ NN WDT DT NN VBZ CC PRP$ JJ NN WRB VBN IN NNS . PRP VBD PRP$ JJ NN NN NNS RBR DT NN . DT NNS MD VB IN PRP MD VB NNS WDT VBP VBN IN NN IN VBG DT NN WRB PRP VBP RBR VBN IN DT JJ NN . DT NN VBZ DT JJ NN IN DT NN IN JJ JJ NN . PRP RB VBP DT NN NNP NN NN IN NNP NNP NNP , WRB NN CC NN IN DT NN NN IN NN NN MD VB VBN . IN JJ NNS IN NN NN CC NN NN IN DT NN VBP JJ , DT JJ NNS IN JJ JJ NN CC NN CC JJ JJ NNS VBP DT JJ JJ NN . -LRB- PRP VBP TO VB DT NN NN , CC PRP MD VB . VB DT NN POS NN . -RRB-"
185,300,mainstream,"VB VBG NN NNS CC JJ NNS . DT NN CC NNS WDT VBP , VBD NN NNS . IN DT JJ NN VBD RB VBN IN NNP IN JJ NNP , DT NN VBZ VBN DT JJ NN IN DT NN PRP VBZ , NNP HYPH CD , WDT VBZ VBN NNS IN NNS IN NNS IN DT NN . JJ NNS IN DT NN CC NN HYPH CD VBP VBN VBN IN NN NNS CC NNS VBP IN DT NN . NNS VBP RB IN DT NN VBZ RB IN NN IN NN , PRP MD VB VBN IN NNS WP VBP RB VB DT NNS IN DT CC NNS MD RB VB DT NN . NNP HYPH CD VBZ RB VBN RB IN JJ NNS , CC EX VBZ RB JJR TO VB IN DT NN NN . RB VBZ WP PRP VBP RB RB . NNS VBP DT NN IN NNS WDT MD VB DT NN IN NNS VBG DT JJ NN , NN , JJ NN CC NN . DT VBP JJ , JJ IN DT JJ NN , IN NNS VBP RBR JJ TO VB IN NN . PRP VBP RB VBN IN JJ NN IN DT VBN NN . DT NN VBZ PRP$ NN IN DT NN HYPH JJ NNS IN PRP$ NN , VBG IN DT NNPS IN NNP NNP CC NNP . -LRB- `` NNP '' VBZ NNP IN `` NN . '' -RRB- VBG DT NN WDT VBZ NN HYPH CD , EX VBP DT NN IN CD NNS WDT MD VB NNS , DT NNP VBD . JJ RB HYPH VBN NNS VBP DT WDT VBP NN CC NN . NNP HYPH CD VBZ IN `` NN NN CD , '' DT NN PRP VBD VBN . VBG IN DT NNP , JJ NNS TO VB IN VBP : JJ NNS : VBG NN , NN CC NN : MD RB VB CC VBP RBR JJ . IN IN CD NN IN NNS WP VBP VBN VBP RB VB TO VB VBN CC MD RB RB VB PRP VBP JJ . CC IN JJ NNS , DT NN MD VB NN , NN NN CC NN , VBG IN DT NNP NNP NNP . JJ NNS , VBG NN NNS , NNS CC JJ NNS , VBP RB VBN VBN . IN DT NNS : VBG DT WP VBD RB JJ RB TO VB VBN : NNS VBG NN CC NN MD VB IN NNS . DT NNS VBP VBN JJ JJ HYPH VBG NN WDT PRP VBP VBN IN JJ NN IN NN WRB PRP MD RB VB NNS IN PRP$ NNS . IN RB , JJR NNS : RB NNS IN NN CD IN JJ JJ NNS , JJ IN NN NN , NN CC NN NNS : VBP RBS JJ IN NNS IN DT NN . JJR NNS , RB , VBP RB JJ IN JJ NNS IN NN HYPH CD . DT NNP NN IN NNP VBD IN IN DT NN IN VBN NNS , JJR IN NN VBD IN CD , CC CD NN VBD IN PRP$ NNS , NNS CC JJ NNS . JJ JJ NNS VBP RB DT NN : NNS IN NN , NN CC JJ NN NN VBP IN JJR NN IN NNS IN DT NN , VBG IN DT JJ NN IN VBN NNS . NNP , CD NNS IN NNS VBP JJ , CC JJS IN DT NN , DT NN VBZ JJ . PRP VBZ JJ WRB JJS NNS VBP TO VB VBN . IN JJ NNS , RB , NNS IN NN HYPH CD MD VB RB JJ , CC JJ NNS VBP VBN VBN . JJ WDT VBP VB RB JJ VBP JJ JJ NNS . DT NN VBZ RB VBG VBN IN DT JJ CC RB JJ JJ NN WDT MD VB IN NNS JJ NNS IN PRP VBD VBN IN DT NN . DT NN , RB VBN NN JJ NN IN NNS , CC NNP , VBZ VBN VBN IN JJ NNS IN DT NNP . DT NN VBZ JJ JJ NNS VBG NNP NN CC JJ NN NN . NNS VBP DT NN IN IN JJS CD NNS , NN IN NN IN DT NN CC NN IN NNS IN IN JJS CD NNS , CC DT JJ NN HYPH CD NN CC NN IN DT JJ NN . DT NN VBZ IN JJ NNS WRB DT JJ NN VBZ , VBZ CC VBZ . NNS IN CD NNS IN DT VBN NN VBP RBS IN NN IN VBG DT NNS . DT JJ NN DT NN VBZ VBZ IN JJ NN IN JJ NNS . PRP VBZ JJ IN DT NN MD RB VB IN NN IN VBN NNS , CC VBG IN DT NNP , DT VBZ RB VBN TO VB DT JJ NN IN NN . RB , PRP VBZ VBN IN NNS RB VBP CC VBP NNS . DT NN POS NN NN : VBG DT NN PRP VBZ IN DT NN VBG VBN IN DT NN IN WRB PRP VBP VBG NNS : VBZ TO VB RB IN CD IN CD NNS . IN , DT JJ NN IN NN PRP VBZ DT NN TO VB NNS VBZ RB CD NNS , VBG IN DT NNP NNP NNP . UH , DT NN MD VB DT NN RB WRB PRP VBP RB VB NNS . RB , DT NN IN NN VBZ VBN IN IN `` JJ NN , '' VBG IN DT NN MD VB RP TO VB NNS . IN JJ NNS , VBN IN `` JJ NN , '' WRB DT NN RB VBZ NNS CC MD RB VB JJ . JJ NN MD VB IN IN IN DT NN IN NNS IN DT NN , CC VBG IN DT NNP , DT VBN CD NN IN NNS VBN VBP JJ . DT NN IN DT NNP NNP , VBN IN NNP , VBD IN NNS IN JJ NNS : JJ NN , NN , JJ HYPH NN NN : VBP RBS JJ IN DT JJS NNS IN PRP$ NN , CC RB IN PRP$ NNS VBP CC IN DT JJ JJ NNS . PRP VBZ RB JJ TO VB IN VBG DT NN VBZ PRP NN IN VBG DT NN RB . NN VBZ IN IN , IN NNS VBP JJ , PRP VBP DT NNS VBN TO VB RP DT NN : CC WRB RB DT NNS VBP IN DT NN . JJ NNS VBP IN NNS MD VB NN IN DT NN , IN JJS IN DT NN IN NN , IN VBD DT NN IN CD JJ NNS , NNP CC NNP . NN IN CD NN VBG NN NNS : NNS WDT VBP DT NN IN PRP$ NNS IN NNS : VBP VBN IN IN DT NN NN , DT NNS VBD NNS WDT VBD PRP IN VBG JJ RB . NN RB RB IN NN NN VBZ NNS VBP VB NNS IN DT NN NN . CC PRP VBZ RB JJ IN DT NNS VBP JJ , CC RB NN MD VB WRB RB PRP VBP IN DT NN . EX VBZ DT VBG NN IN DT JJ NN IN DT NN IN VBG DT NN RB VBZ JJ . NNS RB VBP IN PRP VBZ JJ TO VB NN RB , VBN IN NNS VBP JJ NN NNS CC VBP JJ NN . NNS VBP JJS NN NNS VBD IN JJ NN IN DT VBN NN , RB WRB IN DT VBN NN , JJ IN IN DT NN . CD IN DT JJS NN NNS DT NN MD VB VBZ JJ NN HYPH NN . DT NNP VBZ VBG NNS IN NN CC NN IN VBG , IN VBG DT NN , VBG PRP$ NN , NN CC VBG , CC RB CC IN VBG IN DT JJ NN CC DT NN NN . DT RBS JJ NN TO VB NNS VBZ TO VB PRP IN JJ NN , RB VB NN CC NN IN IN JJS CD NNS , IN VBG CC VBG IN DT JJ NN . NN VBZ VB NNS IN DT NN IN DT NN , CC PRP VBZ DT NN WDT VBZ NNS IN NNS . NN NN VBZ DT JJ NN , CC PRP MD VB IN JJS CD NN NN TO VB JJ , VBG IN DT NNP . RB DT JJS NN TO VB DT NN IN DT NN VBZ TO VB JJ NNS VBN IN JJ NNS . DT NN , VBN JJ NN , VBZ VBN IN DT JJ NNS NNS , NNS NNS , NN NNS CC NNS VBP VBN TO VB RP IN JJ NNS . JJ JJ NNS VBP VBN CC VBN , NNS CC NNS VBP VBN TO VB PRP$ NN IN NN . RB , JJ NN NNS VBP VBG CD NNS RB IN NNS . NNS MD VB DT NN CC RB VB PRP VBP JJ . VBG DT NN NN VBG IN PRP$ NN CC NN VBZ VB NN NNS IN VBG IN NNS WRB PRP VBP CC VB . DT NN VBG RB VBZ RB VB PRP$ JJ NN IN VBG JJ , CC PRP VBZ VB NNS IN PRP . VBG IN NNP , DT NNP VBD IN NNS VBP NN NN NNS `` IN JJ NNS WRB JJ JJ NN NNS VBP JJ TO VB , '' JJ IN NN NNS CC NNS . DT NN VBZ NNS VB NN NNS , RB JJ NNS CC VBN NN NNS , WDT MD VB VBN IN NN NN NNS . NN IN WRB TO VB NNS IN NN VBZ JJ RB . EX VBZ RB DT NN TO VB DT NN . DT JJS DT NN MD VB JJ VBZ CD , CD IN CD NNS IN NNS VBD NN NN . IN DT NN VBZ RB VBN IN DT NN NN , PRP MD VB DT JJS RB VBN . NNP NNP NNP , NN IN DT NNP NNP IN NNP CC NNP NNPS , VBD NNP `` PRP VBZ JJ '' IN DT NN MD VB JJ TO VB IN NNP CD CC NNP CD . DT NN IN NNS VBP IN NN , VBG JJ WDT VBP VBN JJ NNS , WRB DT NNS VBP VBN IN NNS . NNP , DT NN VBN IN NNP , NNP , VBZ IN VBG JJ NN CD NNS IN DT NN . IN DT JJ NN , NN NNS VBP VBG TO VB JJ NNS IN DT JJ NNS , IN IN IN PRP VBP RP TO VB JJ , PRP MD VB JJ TO VB . RB RB , CD NN , VBN NN , VBZ VBN DT NN NN NN IN DT NNP IN NNS IN NN HYPH CD WP VBP RB JJ . NNP VBZ DT JJ NN RB VBN TO VB NNP . DT NN VBN IN DT NNP NNPS IN NNP VBD IN VBN NNS WP VBD NN VBD JJ TO VB VBN IN CD NNS , IN NN , VBN IN CD NNS IN NNS WP VBD DT NN . RB , DT NN VBZ RB VBN DT NN , CC JJ NN VBZ JJ . JJ JJ NNS VBP RB VBG VBN IN IN JJ NNS , VBG JJ NNS CC RB HYPH VBN JJ NN , WDT VBZ DT NN HYPH JJ NN NN VBN IN DT NN WP VBZ RB VBN IN NN HYPH CD . IN NNP , JJ NNS VBD IN DT NN , DT NN VBN NN , VBD VBN TO VB NNS IN DT JJS NN HYPH CD NNS . UH , PRP MD . DT NNP VBZ IN NN VBN IN DT VBN NN VB DT `` JJ HYPH NN '' NNS , JJ IN NNS , NNS , NNS , NN NNS , NNS , NNS , NNS , NNS CC NN NNS . NN NNS MD VB DT NN NN IN DT NN WDT VBZ `` NNP HYPH VBN , '' VBG IN DT NNP . DT JJ NN MD VB VBN , VBG CD NNS IN NN IN CD NN IN NN . NNS VBP IN WRB PRP VBP NN CC VBP NN NNS , PRP VBZ JJ TO VB DT NN JJ IN DT NN , RB IN VBG PRP RP ."
186,168,mainstream,"JJ NN -LRB- NN -RRB- VBZ DT RB VBN NN -LRB- NN -RRB- . PRP MD VB JJ NNS CC NNS IN DT NN WDT MD VB IN JJ NN . PRP MD RB VB IN NN IN JJ NNS , JJ IN DT NN , NN , NN , NN , CC NN . JJ NN VBZ PRP MD VB VBN IN JJ NN IN NNS . DT NN VBZ VBN IN NNS CC NNS CD CC CD NNS JJ , CC IN JJR NNS WP VBP RB RB VBN . IN VBN , NNS MD VB DT NN VBG IN NN CD . DT NN VBZ VBN IN DT NN IN NNS : NFP NNS NNS CD SYM CD VBP DT NN IN CD NNS IN DT CD SYM IN CD HYPH NN NN . NFP NNS CC JJ NNS -LRB- NNS CD SYM CD -RRB- VBP PRP IN CD NNS IN DT CD HYPH NN NN . WRB VBZ DT NN NN VBN . NN MD VB JJ NNS JJ IN JJ NNS CC DT NNS IN NN . DT NN VBZ DT JJ NN TO VB NN CC DT NN IN NN . PRP VBZ RBS WRB VBN IN NN VBZ RB JJ . DT NN NN VBZ RB VB IN DT NNS IN NN . RB NNS WP VBP RB JJ MD RB VB NNS . NNS CC NNS MD VB PRP$ NN RB CC VB NN NNS IN VBN -LRB- RB VBG IN NN CD -RRB- . JJ NNS IN DT NNP NN DT RBS JJ NN NNS VBP JJ NN CC NN , NN , CC NN IN DT NN NN . NN , NN , NN , CC NN RB MD VB DT NN . JJ NNS IN DT NN VBP JJ . WRB TO VB CC VB NNP NN DT NN VBZ RB VBN IN : NFP PRP$ NN VBZ RB JJ . CC JJ NNS CC JJ JJ NNS MD RB VB NN . NFP PRP$ NN VBD DT JJ JJ NN IN DT JJ NN IN NN NN CC VBZ DT NN NN . NFP PRP$ NN VBZ JJ -LRB- PRP MD VB PRP IN PRP VBZ NN -RRB- . VBG IN PRP$ NN IN NN NN PRP$ NN MD VB DT NN , NN , CC DT NN CC NN IN DT NN WRB DT NN VBD VBN . VB IN PRP$ NN TO VB IN PRP MD VB CC NN CC NN IN NN CC NN , CC TO VB RP DT JJ NN . WRB MD PRP VB DT NN . NFP PRP VBP RB JJ IN DT NN MD VB VBN CC VBN . NFP EX VBP NNS IN DT NN ."
187,785,mainstream,"JJS IN JJ NN IN NN NN : JJ NNP NN VBN IN NNP CD , NNP VBZ CD NNS : NNP VBZ IN NNS DT JJ , DT HYPH RP JJ NN TO VB DT JJ NN IN DT JJ NN VBZ JJ . DT NNS MD RB VB JJR , IN JJ NN NNS CC NN NNS VBP DT JJ NN CC NN IN DT NN WDT VBZ DT NN NNP HYPH CD VBZ JJ TO RB VB NNS CC VB JJ NN . IN DT NN VBZ , NNP NN VBZ VBG RP DT IN DT NN POS RBS JJ NN NNS . RB VBZ WP PRP VBP IN DT JJ NNP NN VBG VBN IN NNS IN NNS , DT CD JJ NNS VBG VBN IN DT NNP NNP NNP , CC DT $ CD CD WDT VBZ NN NNS . JJ NNP NN NN VBN IN NNP IN NN CD IN NN DT JJ NNP NNP HYPH NNP HYPH CD NN NN VBZ VBN VBN TO VB IN NN CD NN IN DT NNP CC NNP NNP , NNP HYPH VBN NNP VBD NNP . DT NN NN -LRB- DT JJ NN WDT MD VB VBN IN VBN JJ CC JJ -RRB- VBZ VBN NN SYM CD CC VBD RB VBN IN NNS IN NNP IN NNP CD IN NN CD NN VBD . NNP VBZ VBN PRP$ NN IN NNP POS NNP NNP NNP NN IN NN HYPH CD , WDT VBZ PRP TO RB VB IN NN CD NN . NNP VBZ JJ NNS TO VB `` RB , '' PRP VBD IN DT NN NN . NN CD NN VBZ VBN IN JJ CD NNS CC VBZ TO VB WRB PRP$ JJ NNS VBP IN DT NN CC IN PRP VBZ PRP JJ IN DT NN . NN CC NN NNS VBP RB VBN . NNP VBD PRP VBZ VBG DT NN IN NN CD NN IN NN SYM CD . DT NNS VBP VBN TO VB IN JJ NN . NN CD NNS VBP VBG DT NN IN JJ NNS IN NNS TO VB IN PRP VBZ , IN PRP VBZ JJ CC IN PRP VBZ JJ CC JJ NN NNS . DT MD VB IN DT NNS IN DT NNS IN NNS IN NNS . VB DT : TO VB DT NN NN , MD PRP RB VB NNS IN DT NN IN DT NN . WP VBZ VBG CD NNS IN JJ NN IN IN NNP , DT NNP NNP NNP VBD VBG CD JJ NNS IN NN HYPH CD -LRB- VBN NN NNS -RRB- IN JJ NN . DT VBD CD IN NNP , CD IN NNP , CD IN DT NNP NNPS CC CD IN DT NNP NNP . DT NN RB VBZ CD NN NNS IN JJ NN , VBG PRP VBP RB VBG VBN IN NN NNS CC IN NNS . DT JJ NN IN DT NN , VBN IN NNP CD , VBD CD NN NNS IN JJ NN CC CD IN JJ NN . NNP NNP HYPH VBN NN NN NNP IN NNP VBD VBG DT NN NN IN NNP HYPH NNP HYPH CD , DT NN WDT VBZ NN HYPH CD . IN PRP$ NN , DT NN VBD PRP VBD IN JJ NNS IN NN NNS CC NNS IN VBG NNS IN DT JJ NN IN JJR IN CD NNS . DT NNS , WDT VBP VBG NN IN DT NNP NNPS , VBP RB NN CD . DT VBP IN DT JJ NN VBZ JJ , VBZ NN NNS CC VBZ DT VBN NN IN DT NN POS NN NN . NNS MD VB IN NN CD , CD CC CD NN IN PRP MD VB VBN . DT NN VBZ JJR NNS IN NNS . NNP VBZ VBG IN JJ JJ NN NNP IN DT NN NN , VBN NNP . DT NN RB VBD PRP IN NNP JJ NN IN CD JJ NNS . DT NNS VBP PRP VBP TO VB DT NN NN IN CD JJ NNS IN DT NNP NNPS NNP VBZ DT NN NN NN WDT VBZ NNS TO VB DT JJ NN IN NN TO VB WP VBZ IN NNP HYPH NN HYPH CD POS NN NN . DT NN VBZ DT NN NNS MD VB DT NN TO VB NNS WDT MD VB DT NN IN VBG JJ TO VB IN CC VB NNS . NNS IN NNP NNP POS NNP NNP VBP TO VB DT NN NN IN JJR IN CD NNS IN DT NN IN NNP . IN PRP VBZ JJ CC JJ , PRP MD VB NNS IN NNS JJ IN DT NN . DT NN VBZ VBG VBN IN DT NN POS NNP NNP , VBN IN NNP NNP , DT JJ HYPH NN JJ NN WP VBD DT NN NN . NNS VBN IN CD NN NN NNS VBD TO VB DT NN NN VBD JJ . RB NN CD JJ NNS VBP VBG . DT NN VBZ VBG IN DT JJ JJ NN NNP TO VB RB IN NN MD DT NN NN VB JJ . DT VBP VBN TO VB IN DT RB HYPH IN HYPH NN NN IN DT NN IN DT NN NN , IN RB DT NNS IN NN CC NN VBG VBN . NNP NNP CC PRP$ NN HYPH RP NN NNP , WDT RB VBP DT NNS IN DT NN VBN TO VB DT NN NN , MD VB DT NNS IN DT NN , DT NN VBD . IN DT NN NN IN NNP VBN IN DT NNP NNP , NN NNS , NNS CC NNS VBD $ CD CD TO VB NNS VBG TO VB CC VB DT NN . DT NN VBD IN DT NN IN NN HYPH CD NNS NN , CC DT NNP NNP , DT NN IN DT NNP NNP NN CC NNS , NNS CC NN RB . PRP VBD VBN NNP CD . PRP DT VBD TO VB IN CC VB DT NN . DT NN POS NN NN VBD IN NN , `` PRP VBP IN RB RB IN NN VBZ IN NN IN DT NN , DT JJ NN VBZ IN NN : DT JJ NN IN DT NN VBZ TO VB VBN IN DT NN . '' DT NNP NNPS VBD IN DT JJ NNS RB VBG NN IN DT NN HYPH NN NN . DT CD HYPH NN NN NN NN IN NNP VBD NN IN DT JJ HYPH JJ NN , IN DT NN IN DT NN VBG DT JJ NNS IN DT NN NN TO VB NN IN DT NNP NNP . TO VB DT NN IN DT JJ NN , CC VB JJ NN NN , UH VB NNP NNP IN ADD"
188,287,mainstream,"DT NN NN VBD IN DT NN VBD RB DT JJ `` NN '' IN DT NN : DT JJ VBN JJ NN TO VB NNS IN DT JJ NN NN . CC PRP VBD DT NNS VBP JJ IN `` WP PRP VBZ VBN VBZ IN DT NN MD VB DT NN . '' NNP NNP NNP , WP VBZ RB VBN JJ NN NNS IN NNP NNP NNS , VBD RBR JJ IN DT NN NNS . `` PRP VBZ DT RB JJ NN , '' PRP VBD . NN NNS WP VBD NN VBD IN DT NN IN CD NNS VBN IN CD NNS IN NNS IN DT NN NN , WP VBD DT NN . CD NN IN NN NNS VBD IN DT NN IN CD NN IN DT NN NN . DT NN NN VBZ RB RB JJR IN DT NN NN , CC JJR NNS VBZ TO VB VBN , NNP VBD . CC DT NN , WP VBZ VBN NNP IN CD , VBD DT NN VBD PRP IN DT NN CD NNS RB WRB JJ NNS IN DT NN NNP VBD DT JJ JJ NN IN NNP . `` DT VBD RB DT NN NN , IN VBG IN DT DT NN IN PRP VBD RBR CC RBR , PRP VBD JJR NNS IN DT JJ NN , CC PRP VBD NNS IN JJ NNS , '' NNP VBD . NNP , CC NNP , VBD RB VBN IN DT NN NN . IN NNP CD , PRP VBD NNP NN : IN JJ NN : IN NN IN NN , IN DT NN WRB NN RB VBD IN DT JJ CC JJ NN . DT NN VBD IN JJ NN NNS , CC NNS IN IN PRP RB VBD NN . PRP VBD DT NN IN NNS VBD DT NN NN NNS WDT VBD NN IN DT JJ NN . NNS IN DT NN VBP VBN VBG TO VB NN NNS , CC DT NN VBZ VBN RB VBN JJ . JJ JJ NNS IN NN VBP VBN VBN , VBG DT NN IN NNS WP$ NNS VBD VBN NNS RB IN DT NNP NNS . NNP VBD PRP$ JJ NN NNS DT NN VBG IN RB JJ NNS VBG CD NNS IN NN VBN RB RB RB IN NNS VBG DT CD HYPH NN NN NN . JJR IN NN IN DT NN NNS VBD VBN IN DT NN IN CD NNS IN VBG PRP$ NN . CD NN IN NNS IN DT CD HYPH NN NN VBD IN CD NN IN DT CD HYPH NN NN VBD . CC DT CD NN IN DT JJR NN NN VBD TO VB NN IN IN JJ NN NNS , CC DT NN VBD DT NN NN . NNP VBD DT NNS RB VBZ IN NNS WP VBD NN RB IN PRP$ NN VBD TO VB JJR IN DT WDT VBD PRP RBR . DT NN VBZ RB DT JJ NN IN DT NN NN TO VB IN NN IN NN , VBG NNP DT NN IN NN NNS IN VBG DT NN IN DT NNP NNS . `` VBG DT JJ NN NN IN -LRB- DT NNP NN -RRB- VBZ DT NN WDT VBZ JJ , '' VBD NNP NNP , NN IN NNP NNP HYPH NNP POS NNP IN NNP NNP CC NNPS . VBG NNP POS NNS JJ RB IN PRP VBD IN DT NN IN DT NN NN `` VBZ DT NN IN JJ NN , '' PRP VBD . DT NNP JJ NN VBD IN NNP POS NN DT NN IN VBG TO VB DT JJ NNS IN DT JJ NN RB VBN JJ NN IN DT NNP NNP NNP ."
189,1006,mainstream,"NNS NN NNP VBZ VBG RP TO RB VB RP CD CD NNS IN DT NN . DT `` JJS NN '' MD VB JJ NNS VB NNS IN NNP CC NNP CC DT NN IN DT NN IN NNP , DT VBG NN VBZ VBN . DT NN VBZ IN DT NNP NNP NNP -LRB- NNP -RRB- VBD IN JJ NNS WDT VBD RB JJ IN DT NN IN DT NN VBP VBG DT NN IN NNS . CC NNP NNP NNP , DT NN IN DT NNP NNP IN DT NNP IN NNP , VBD RP DT NN IN DT JJ NN IN DT NNP NNP IN NNP . NNP NNP VBD NNS IN DT NN DT NN VBZ VBN RB IN NN NNS . PRP VBD : `` DT NN VBZ VBN RB JJ NNS IN NNS IN NNS , CC VBZ RB VBN RP IN DT JJ NN IN JJ NNS . `` CD IN PRP$ NNS IN DT NN VBD TO VB IN JJ NNS IN JJ NNS , VBG CD JJ NN IN DT JJ NN , VBD JJ IN NNS . '' NNS VBP RB VB WRB RB DT NN MD VB JJ IN . JJ VBP DT NN MD VB VBN RB IN DT WP VBP DT NN . DT VBZ IN DT RB JJ NN IN DT NN MD VB VBN NNS IN DT NN VBZ VBN IN DT NN . NN NNP NNP NNP VBD IN NNP IN NNP MD VB DT JJ NN TO VB DT NN MD NNS VB JJ . VB JJR : NN NN : MD NN VB RP IN PRP$ JJ . PRP VBD : `` EX VBP JJ NNS RB RB WDT VBP VBN NN IN VBG NN CC VBG JJ HYPH IN HYPH JJ NN IN DT JJ NN WDT VBP VBG TO VB VBG NNS . '' PRP VBD JJ IN VBG PRP IN DT `` JJ NN '' . `` DT NN WDT DT NN VBZ TO VB NN , PRP MD , '' PRP VBD , VBG NNS TO `` VB NN PRP MD '' IN VBG JJ NNS TO VB VBN NN NN . DT NNP POS JJ NNS NN , NNP NNP , VBD IN EX VBD TO VB JJ NNS IN NNP NNP VBN IN NNS , NNS CC NN NNS . CC PRP VBD IN JJ NN NNS VBD `` RB , RB JJ CC RB VBG '' CC VBD NNP POS NN . PRP VBD : `` PRP$ NN VBZ IN DT JJ NN IN NNS VBG VBN VBP VBN IN VBG CC VBN NNS CC IN JJ DT NNP JJ NNS RB VBP JJ NN IN WRB DT NN VBZ CC DT NNS IN WDT DT NNS VBP VBG . NNP NNP JJ NN NNP NNP VBD IN NNP EX VBZ DT JJ NN IN DT NN NN IN DT NNP NNPS ."
190,696,mainstream,"IN NNP CD , CD , IN VBG DT NN IN JJ JJ NNS , NNP VBZ DT NNP IN NNP , VBG PRP TO VB NNP NNP CD IN DT NN IN DT NNPS . IN DT NN IN JJ NN VBG IN NNP CD , DT JJ NN IN NNP IN NNP NNP NNP VBD VBN VBG IN NN IN NNP , VBG IN NNP POS NN IN DT NNP NNP IN NNP CC NNP HYPH NNP . IN DT NNS IN DT NN , RB , NNP VBD RB VBN TO VB PRP$ NNS IN CD IN PRP VBD VBN RB . JJ NNP NNP NNP NNP VBD DT JJ HYPH JJ NN IN NNP RB DT NN DT NN IN NN , VBG IN NNP VBD JJ IN PRP$ NN NNS , CC VBD RB JJ . IN DT JJ NN IN NN , DT NNS : DT NNP NNPS CC DT NNP , IN DT JJ HYPH JJ HYPH JJ NN VBD VBN : VBN TO VB JJ NNS VBG NNP , NNP , NNP CC NNP , TO VB DT NN IN PRP$ NN . NNP , JJR IN DT JJ NN , VBD JJ IN PRP$ NNS IN VBG DT NN NN : TO VB DT RBS JJ NN IN PRP CC VB PRP$ NN IN DT NN IN DT JJ NN . IN NN , NNP POS JJ NN : VBN IN DT NNS IN DT NN , CC RB JJ IN NN IN NNP POS JJ NN : VBD PRP TO VB DT NNP . RB , JJ NNS IN NNP CC NNP , NNP VBD VBN VBN RBR IN JJ NN IN NN , IN DT NNPS VBD VBN VBN TO VB DT NNPS IN IN PRP$ NN IN NN TO VB NN IN CD . IN VBG DT NN IN NNP POS NN IN NNP NNP CD , DT NNP NNPS VBD IN NNP POS NN TO VB DT NNPS DT NNP NN -LRB- RB VBN IN NNP -RRB- IN NN IN PRP$ NN IN DT NN . IN NNP , NNP VBD TO VB DT NNP IN NNP CD , PRP$ NN POS JJ NN IN NNP VBD DT NNPS JJR NN NN CC VBD PRP TO VB RB JJR NN . DT NNP , IN PRP$ NN , VBD RB JJR JJ NNS IN NN : JJS IN WDT RB VBD IN DT NNP HYPH JJ NNP : CC PRP VBD IN DT NNS WDT NNP VBD DT NNP IN NNP IN NNP CD , CD . NNP VBD VBN DT NN IN PRP$ JJ NN : NN IN NN IN PRP$ NN IN NNP , NNP VBG IN NNP IN DT NNP NNP IN NNP . IN DT NN , DT NNPS VBD PRP DT CC JJR , VBG NNS IN NNP CC JJ NNS IN NNP , NNP POS NNP NN : DT JJ NN NN IN NNP -LRB- NNP : NNP -RRB- CC DT JJ NN IN NNP , CC NN IN DT NNP NNP . VBG RP PRP$ NN IN DT NN , NNP VBD NN IN NNP HYPH NNP -LRB- CC RB IN NNP -RRB- IN NNP CD . DT NNPS RB VBD DT RBR JJ NN IN DT NN IN PRP$ JJ NNS : DT JJ NN , VBN NNP CD , VBD VBN NNP NN IN NNP CC DT NNP . DT NNS VBD IN DT JJ NN IN DT NNP NNP IN PRP$ VBN NNS , WDT IN DT NN VBD IN DT NN JJ . DT JJ NN IN DT NNP IN NNP CD VBD VBN RB , DT JJ JJ HYPH JJ NN NN , VBN DT NN IN DT NNP IN NNP VBD VBN , MD RB VB VBN IN DT JJ JJ NN ."
191,1099,mainstream,"DT NNP NNP IN NNP VBD VB DT NN WDT MD VB DT NNP NNP RB VB DT NNP HYPH CD NN IN NN IN DT NNP NNS . IN NN , TO VB DT JJ NN CC NN IN DT NN , DT NN MD RB VB DT NN VB JJ IN DT IN DT NNS VBN IN NN NNS , IN NN IN DT NN TO VB DT VBN NN IN NNS IN DT VBN NN . DT NN VBG DT NN VBD VBG `` NN NN IN NNP NN VBZ DT NN IN NN CC NN IN NN IN CD JJ NNS . '' PRP VBD , `` DT NN NN IN PRP$ JJ VBZ DT NN TO VB DT NN IN VBG CC VBG DT JJ NN IN NNS . '' DT NN VBZ IN PRP$ NNP HYPH JJ NN MD VB DT NN IN NNS IN CC NNP NNS CC NNS . IN NN NNS , DT NN VBZ PRP$ NN MD VB JJ NN CC VB DT `` RB VBN NN NN IN DT JJ NN IN NN . '' WRB DT NN MD VB : TO VB JJ NN IN DT NN IN DT NNP , DT NN MD RB VB IN JJ NNS CC VB IN DT NNS IN NN IN JJ NNS IN VBG NN IN DT JJ NN NN TO VB IN JJ HYPH NN NN IN DT NN . IN NN IN VBG JJ , DT NN MD VB `` DT NN TO VB DT VBN NN IN NN NNS IN DT VBN NN CC IN DT VBN NN , '' VBG IN PRP$ NN . TO VB DT NN , DT NN VBZ VBG TO VB DT JJ CD CD NN NN VBN DT NN NN NN WDT VBD VBN TO VB NNP NN NNS VB IN DT NNP HYPH CD NN . IN NNP NNS , DT NN VBZ NN NNS , `` MD VB JJ TO VB IN VBG NNS IN DT JJ NN NN , '' CC MD RB VB IN DT `` JJ CC JJ NN IN DT NN . '' DT NN VBZ RB VBG NNS TO `` VB IN DT NN IN DT NN '' CC `` VBP PRP$ NN IN JJ NN NNS '' . JJ NN NNP , NNP , NNP CC DT NNPS VBD DT NNP NNP NNP TO VB DT JJ NNS IN DT NNS TO VB CD CD NNS IN DT NN VBG VBN IN NNP CC DT NNP IN NNP ."
192,165,mainstream,"NNP : DT NN NNP VBD IN DT NN IN NN POS JJ NN WRB DT NN VBD WP NNS VBD VBD TO VB NN IN DT NNP NN IN VBG , `` DT VBZ IN DT JJ NNS . '' DT NN IN DT NN VBN IN DT NNP NN VBN NNP VBZ DT NN VBG NNP NNS `` PRP$ JJ NN VBZ RB IN DT NNP NN '' IN VBG VBN . DT NN VBZ NNS IN NN NNS WDT VBD NN NNP IN DT NNP . NNP NNP NNP NNS VBD DT NN CC VBD DT NN , WDT VBD IN CD NN , VBG DT NN IN NN NN NN . JJ NNP NN , DT NNP VBD PRP VBD VBN DT NN IN CD NNS IN PRP `` VBD DT JJ NN NN VBG WP VBD TO VB NN IN DT NNP NN . '' NNP VBD DT JJ NN IN NN IN NNS VBP DT NN TO VB NN IN NNP NNP NNP . DT NNP VBD NN RB IN CD NN , IN DT NNP VBD IN CD NN IN PRP$ JJS NN NN IN PRP$ NNS VBD DT NN NN . PRP VBD DT JJ NN DT NNP VBD RB VB IN PRP$ JJ NNS IN CD , WRB DT NN VBD DT JJ NN IN DT NN NN IN DT NNP WRB DT JJ NN VBZ . NNS VBP DT NN VBD NN IN DT JJ NNS WDT VBP VBN IN DT NN IN NNP VBD NN NNP VBG RP IN JJ NN NNS . JJ NNS VBP VBN DT NN IN DT JJ NNS , VBG NNP NNS RB RP . PRP VBP RB VBN NNP IN JJ NNS , VBG IN DT NN POS NN IN VBG CC VBG PRP$ NNS IN NN . NNP NN NNP NNP VBD DT NN POS NN VBZ DT NN CC VBD PRP `` JJ . '' DT NN VBN IN DT JJ NN VBD JJ NNS , VBG IN DT NNP . DT NN VBD RB JJ IN NNP NNP NNP POS -LRB- NNP HYPH NNP NNP -RRB- NN . NNP . NNP NNP -LRB- NNP HYPH NNP -RRB- VBD DT NN IN DT JJ NN IN JJ NN RB . PRP VBD IN NNP , NNP NNP NNP -LRB- NNP HYPH NNP -RRB- , NNP NNP NNP -LRB- NNP HYPH NNP -RRB- , NNP NNP NNP -LRB- NNP HYPH NNP -RRB- CC NNP NNP NNP -LRB- NNP HYPH NNP NNP -RRB- VBD VBN IN DT NN . IN VBG NN , NNP NNP NNP NNP NNP NNP -LRB- NNP HYPH NNP NNP -RRB- VBD , `` DT NN VBD VBN NN , CC DT NNP MD RB VB VBN IN VBG DT NNS POS NN . PRP VBP NN VBN TO VB . '' NNP JJ NNP NNP NNP -LRB- NNP HYPH NNP -RRB- , VBG IN NNP , VBD DT `` NN IN NN '' VBZ IN NN CC `` MD VB VBN IN DT JJS NN IN DT NN . '' NNP NNP NNP NNP -LRB- NNP HYPH NNP -RRB- , NN IN DT JJ JJ NN NN , NNP NNP -LRB- NN -RRB- , VBD DT NN NN . DT NN VBD CD NNS IN PRP VBD VBN IN DT NN NN , NNP NNP NNP , IN DT NNP . NNP VBD VBN IN DT NN NN . `` IN NNP NNP , DT NN VBD VBN IN DT JJ NN VBN IN NNS IN DT NN NN . IN PRP$ NN VBZ , PRP$ NNS IN NN VBZ RB RB . DT VBZ DT NN IN DT JJ NN CC PRP MD VB VBN IN JJ NN IN NN , '' NNP VBD IN DT NN . DT NNP IN NNP NNP , WDT VBD NNS DT NN TO VB NNP POS NN , VBD IN DT NN IN NNP IN PRP '' VBZ RB RB CC RB MD VB , VB CC VB DT JJ NN . JJ NN VBZ DT NN IN DT NN CC DT NN VBZ JJ , VBZ PRP$ JJ NN CC DT NNS JJ NN . '' NN NNS VBN IN DT NNP NN , IN DT NN IN NNS VBG JJ NNS VBG JJ NNS . `` VB RB VB PRP$ NNS , '' CC `` RB VBZ JJ '' PRP VBD IN PRP VBD DT JJ NNS IN DT NNP . DT NNS VBD DT NN IN DT NN IN NN VBD IN NN . VBD RBR IN DT NN WP PRP VBD TO VB , NNS VBD PRP VBP NNP CC NNS TO VB PRP$ NN TO VB DT NN VBN IN NN NNP . CD NNS VBD NN DT NN IN DT NN IN DT CD NNS NNP VBD ."
193,377,mainstream,"DT NN IN JJ NN NN . VBG IN NNP NNP , DT JJ JJ JJ JJ NN NN IN DT JJ NN , PRP TO VB RP JJ NN IN NNS , NNS CC NNS IN JJ NNS WDT DT JJ NNP MD VB IN . NNP VBZ DT NNP HYPH VBN NN IN DT NN NN IN JJ NN . IN NNP , WRB PRP VBZ IN PRP IN DT `` NNP NN , '' PRP VBZ CD NNS , VBG PRP CD IN DT RBS JJ NNS RB IN NN NNS , JJ NNS CC NNP NNP POS RB HYPH VBN `` RBS JJ NN , '' NNP NNP . DT JJ NNS , PRP MD VB DT NN CC DT NN IN PRP IN NNS IN IN NNS IN DT JJS NN CC NNS IN NNS PRP VBZ , CC NN IN NNS VBG TO VB PRP$ JJ NN IN NNS . PRP VBZ RB JJ IN NNP , NNP POS NNP CC NNP -LRB- WDT VBZ NNP -RRB- . CC NNP VBZ IN PRP$ VBG VBZ IN NN IN NNS IN `` NNP NNP , '' WRB CD CD NNS VBP RP IN DT NNS IN DT NN , WP VBZ IN NNS WDT MD VB NNS VBG IN NN IN NN . -LRB- NNP NNP POS NNP VBZ VBN IN DT NN POS NN RB . -RRB- CC IN NNP CC NNP , WRB NN NN VBZ VBN RB RBR JJ IN JJ JJ NN NN . RB , IN NN NNS IN NNP CC NNP , NNS VBP VBN JJ CC JJ NN `` NNS , '' VBG DT JJ HYPH NN NN WDT VBZ VBN IN VBG NN IN NNS . `` DT VBZ DT JJS NN PRP VBP RB RB IN NN NN , '' VBD NNP . `` NN MD VB RB RB , CC PRP VBP PRP VBP CD IN DT JJ . '' VBG IN NNP , NNS VBP RB VBN JJ TO VB DT VBG IN JJ NN IN DT NN IN NNS . PRP VBP PRP IN DT NN IN NN , PRP VBP RB VB WRB , CC PRP VBP PRP MD VB DT JJ NN CC VB IN NN IN DT NN . NNS VBP TO VB PRP$ NN VBG IN PRP$ NNS IN JJ NNS . CC IN NNP VBZ RP , JJS NNS VBP RB VB IN DT JJS JJ NN . RB NN NNS VBP TO VB DT NN TO VB VBG IN PRP WRB PRP VBP VB PRP$ NN : CC DT VBZ IN NNP CC NNP . RB PRP VBZ VBG TO VB DT NN IN NNS , NNS , NN NNS , CC JJ NN NNS TO VB RB . PRP VBZ RB VBG IN PRP$ NN NN IN NNP NNP , CC IN JJ NNS IN PRP$ NN . PRP VBD VBN IN PRP$ `` JJ CC JJ NN '' IN DT NN IN CD , WDT PRP VBD IN DT NN IN NNS IN DT NN NN POS NN NNP NNP . NNP VBZ DT NN CC JJ JJ NN NN PRP , IN CC JJ CC JJ NNS . PRP VBZ RB DT JJ JJ HYPH NN IN DT NN WP RB VBZ DT IN DT RBR VBN NNS IN DT NN HYPH NN NN RB CC IN NNS , VBG NNS IN DT VBN NNS CC DT NNS IN JJ NN . IN PRP$ JJ NN , NNP VBZ VBN VBG IN NNS IN NN NNS IN WRB TO VB DT JJ JJ NNS , VBG NNS IN VBG DT NNS IN NN . PRP VBZ IN JJR NN IN NNS IN NN MD VB NNS VB NN IN DT NN . TO VB DT NNS , PRP VBZ VBN RP DT JJ NN IN NN NNS VBN DT NNP IN NNP NNP NNP . PRP VBZ RB VBN DT JJ NN HYPH VBN JJ NN NNS , VBG CD VBN NNP TO VB DT NNS IN NNS , CC DT VBN NNP TO VB JJ NN . NNP , NNP POS NN , VBZ DT JJ NN NN IN VBG NNP POS RB CD NNS VBG IN JJ NN . `` NN IN DT NN IN CD VBZ NNP CC NNP IN DT NN , CC PRP VBP PRP TO VB NNP IN DT NN IN PRP$ NN IN PRP MD VB IN PRP '' PRP VBD . RBR RB , PRP VBZ NNP POS NNS IN DT NN IN NN NN . NN NNS VBP VBG , IN NNS IN DT NN , WDT JJ NN NNS VBP RP IN NNS VBG TO VB PRP$ NNS . DT VBZ CD IN DT NNS IN NNP VBZ TO VB RB JJ RB CC IN DT NN , IN IN NNS WP VBP TO VB JJ NN MD VB PRP . `` VB IN PRP MD VB JJR TO VB DT NNP NNP IN DT NNP NNP , '' PRP VBD . `` PRP VBP IN DT VBZ WP VBZ VBG IN NN NN RB RB . ''"
194,1211,mainstream,"IN CD , IN JJ JJ VBN NN NNS , VBG NNP POS CC NNP NNP , VBD VBN VBN , DT NNP NNPS NN NN , NNP NNP NNP , VBD DT NN IN NNPS . NNS IN NNS VBD VBN PRP TO VB RB RBR VBN , CC RB RB JJR , IN NNP NNP . `` PRP VBD PRP VBD DT NNS CC DT NNS IN PRP$ NN , '' NNP NNP VBD IN NNP NNP . `` NNP NNP POS NN IN NNP MD VB VBN , `` IN PRP VBD VBN PRP$ NN WRB PRP VBD , IN DT JJ NNS , EX MD VB NNS IN NNS IN NNS WP VBP RB VBN RB . '' '' IN NNP , WDT PRP VBD IN CD IN CD , NNP NNP VBZ VBN IN VBG DT NN IN DT JJ JJ NN IN DT JJ HYPH NN NN NN . JJ JJ NNS VBD VBN RB IN PRP$ NN , VBG CD IN NN , VBN IN DT NNS IN NNP NNP . IN PRP$ JJ NN IN DT VBN NN NN , WDT PRP VBD VB IN DT NNS , NNP NNP VBD VBN IN JJ JJ NN IN DT JJ NN IN JJ NNS . VBG RB IN DT NN , DT NNS VBP DT NN NN VB JJ NNS IN NNS . VBN IN NN IN DT NN , PRP MD VB VBN TO VB DT NN IN JJ NNS , RB RB IN JJ NNS . NNP NNP , WP VBD NN NNS IN DT NNP IN NNP , IN WDT NNP VBZ VBN , VBD RBR VBN IN NNP NNP NNP IN NNP ."
195,109,mainstream,"PRP VBP RB VB WRB RB PRP MD VB TO VB DT NN IN NNP HYPH CD , CC PRP VBP VB DT : IN CC WRB PRP VBP CD , EX MD VB JJ NN IN DT NNS WDT VBP IN PRP . JJ JJ NNS IN NN VBP RB VBG VBN . DT VBP DT WDT VBP VBN NNS IN DT NN PRP CC NNS WDT VBP IN DT NN . DT NN VBZ DT NNS WRB PRP VBP VBN CC VBZ NNS VBN NNS WDT VBP PRP IN NNS IN NNS . PRP MD RB VB JJ TO VB NNP HYPH CD NNS IN NNS RB . DT IN DT NNS MD VB PRP TO VB HYPH VB JJ NNS , CC RB . CC WRB VBP PRP VB DT . DT NN VBZ PRP$ JJ NN . JJ NN , DT NN IN DT NN VBD PRP IN DT NN NNS IN NNP CC NNP IN , RB JJ IN PRP VBZ , DT NN NN MD VB DT JJ NN TO VB DT JJ NN . NN , DT JJ NNS IN NNS VBP VBN VBG NN , NN CC NN NN NNS IN NNS VBN NNS . DT JJ NNS VBP VBN IN VBN NNS IN JJ NNS . IN DT NN IN NNS , RB , NNS VBP VBN IN NNS MD VB IN NNS RB IN NN NNS . NNS VBP VBN DT JJ NN IN RB JJ NNS IN NN , CC PRP VBZ RB RB VBN JJ : NN IN NN : TO VB NNS TO VB JJ NNS IN DT VBN NN . DT VBZ VBN IN `` NN '' . RB RB MD DT VB DT JJR NN TO VB IN HYPH NN NNS , CC , RB , RB RBR JJ . IN NNS MD VB VBN IN DT NN , PRP MD VB IN JJ NNS CC NNS IN JJ NNS . JJR CC JJ HYPH NN NNS MD RB VB IN DT JJ HYPH NN NN , IN NN NN NNS VBP JJR NN NN . IN DT NN , VBN NN NNS VBP RB VBN IN NNP CC NNP NNP . NN IN NNS VBZ RB VBN IN JJ NNS , RB . PRP VBZ RB JJ TO VB JJ , JJ CC JJ NNS IN NNS . PRP MD VB NN HYPH JJ IN DT NN IN DT JJ NN MD VB VBN IN DT NNS IN CD IN DT NN POS RBS JJ NNS . CC EX VBP JJ NNS WRB DT NN NN NN NN CC PRP$ JJ NN NN VBP JJ NNS IN NN . DT VBP RB VBN CC RB PRP VBP VBN VBN IN DT NN NNS IN DT NN NN NN , IN NN IN IN NN POS JJ NN . NN VBZ PDT DT NNS PRP VBP WRB VBG DT JJ NN : PRP VBZ JJ HYPH VBG , JJ CC EX VBP NNS JJ IN VBG PRP RB IN DT NN . JJ NNS VBP RB VBN NN IN VBG PRP TO VB NNS IN DT NN IN NN CC DT NNP NN . RB PRP VBZ RB DT NN IN NNP NNP NNP RB VBD PRP$ NN TO VB IN CD IN CD CD NNS IN DT JJ NN NN VBG NN . DT NNS VBP IN VBN , JJ NN . CC TO VB IN NN , PRP MD VB TO VB RB . DT VBZ WRB PRP VBD NNP CC NNP : CD IN NNP POS JJS NNS IN NN : JJ NN , IN NN TO VB IN NNS CC PRP$ NNS TO VB IN PRP MD VB JJ IN VBG NNS . DT NN , WDT MD VB VBN IN DT JJ NN NN , VBD RB JJ . NN NNS VBD DT IN DT NN TO VB NN IN DT VBG JJ NN CC VB DT NN PRP VBP TO VB VBG . NN VBZ RB IN PRP$ NNS , DT IN WDT VBP IN DT JJ . PRP VBZ VBN DT JJ NN IN DT JJ NN VBD VBN DT NN IN NN , RB IN IN DT NN TO VB IN NN HYPH VBN NNS VBP RB JJ CC JJ IN DT WDT VBP IN NN NNS , WDT PRP VBP RB JJR CC VBP RB DT VBN NN IN JJ NNS . CC PRP VBZ RB IN NN VBZ JJ NN , DT RB JJ NN IN DT NN . -LRB- NN IN JJ NN VBZ RB VB TO VB IN NN NN NNS , WDT RB RB VBP IN VBN NNS . -RRB- JJ NN VBZ DT JJ NN . DT VBZ NN VBZ RB VBN IN RB VBN NNS JJ IN NNS CC VBZ VBN CD IN NN POS JJS NNS : DT NN IN PRP MD VB VBN IN JJ NN IN JJ NNS . DT JJ NNS IN JJ NN RB VBP DT JJ NN IN JJ NN , IN DT NN IN IN JJS CD NNP HYPH VBN NN VBZ VBN IN PRP VBZ JJ TO VB JJ NNS IN DT NN . VBG NN IN DT NN VBN IN JJ NN IN JJ NNS MD VB RB JJ , RB IN JJ NN NNS VBP VBN . CC DT NN VBZ RB IN PRP TO VB NNS CC NNS RB CC IN NN , VBG DT NN NN IN JJ RB IN VBG NNS POS NN . CC IN NNP HYPH CD VBZ DT NN , EX VBZ RB VBN JJR IN DT NN TO VB RB . NNP NNP VBZ DT JJ NN NN IN NNP NNP NNP , NNP NNP . NNP NNP VBZ NNP NNP IN NNP NNP , NNP NNP POS , NNP IN NNP . CC NNP NNP NNP VBZ DT NN IN DT NNP IN NNP CC NNP , NNP NNP POS , NNP IN NNP . DT NN RB VBD IN DT NN"
196,601,mainstream,"NNP : NNP VBD DT JJ NN IN DT NNP HYPH VBN NN WDT VBD $ CD CD IN NNS IN DT JJ NN IN NN : CC PRP VBZ RB TO VB WRB PRP VBZ VBG CC VBG PRP$ JJ NN . IN DT NN IN NNP , NNP NNP NNP VBD NNP MD VB CD CD IN DT NN IN NNP HYPH CD NNS NN , DT JJ NN VBN TO VB RP DT NN CC NN IN JJ NNS , NNS CC NNS . CC CD NNS RBR , CC NNP POS NN CC DT NNS VBN -LRB- VBG NN CC NN -RRB- VBP VBN JJ TO VB NNP WRB DT NN VBZ VBG IN , CC WRB PRP MD VB VBN . IN NNP , DT JJ NN JJ IN DT JJ NNS IN NNS VBD NNP IN `` WP VBZ VBZ RB IN NN '' CC JJS IN DT NNS MD VB JJ NN . DT NN IN NN VBZ DT JJ NN IN DT NNS VBN IN JJ NN HYPH VBG NN NNS . PRP RB VBZ NN IN NNS WP VBP DT NN POS NNS VBD RB JJ , IN JJ NNS IN WP JJ NNS VBD CC WP VBZ JJ NN . DT NNP , WDT VBD DT NN , VBD $ CD CD , CC NNS VBD IN DT NN VBZ RB VBN NN IN RB IN DT NN POS NN , IN IN CD CD IN NN NNS . DT $ CD CD NN RB VBZ NN VBN IN DT NN NN IN NNP CD , CC DT NN VBD RB JJ TO VB RP DT NN IN JJ CC JJ NNS WRB VBN IN NNS DT NN . DT NN NN VBD PRP VBD RB VB TO `` VB '' NNS IN VBG NN RBR IN DT NN NN . `` PRP VBP RB VBG DT NNS TO VB WP VBZ JJ CC WP VBZ RB JJ , '' DT NN VBD NNP . JJS IN DT NN POS JJ NNS VBD JJ NNS , WDT VBP JJ NN NNS RB RB IN JJ NNS CC JJ NNS IN WRB JJ NNS VBP VBN . WRB VBN IN DT JJ NN IN DT NN , PRP VBD VBN TO VB JJ `` NNS '' IN PDT DT JJ CC JJ NNS VBD VBN VBN RP . NNP VBZ VBN DT JJ NN IN VBG DT JJ NN : VBG DT JJ NN IN NN IN DT NNP NNP NNP -LRB- NNP -RRB- WRB PRP VBZ VBN IN NN IN NNP . PRP VBZ RB VBG VBG NN IN NN IN DT JJ NN IN DT NN , WDT VBZ VBN JJR IN CD NNS . IN NNP VBD PRP , NNP POS NN MD VB VBN IN CD NNS , DT JJ VBG DT `` JJ '' NN IN NN IN DT NNP IN DT JJ CD NNS , IN IN $ CD CD IN CD CC CD . DT NN : IN NN , DT NN IN DT JJ NN VBZ VBN JJ TO VB DT JJ NN . EX VBP RB JJ NNS IN DT JJ CD NNS : VBG DT NN CC NN IN DT NN NN , VBG JJ NN IN NNS CC NN , CC VBG NN NN NNS IN JJ NNS , RB IN NNP . IN NN , DT JJ NNS VBP VBN RBR TO VB PRP$ NNS . IN NN , DT JJ NNP HYPH VBN NN NNP NNP VBD IN IN NN IN DT JJ NN IN $ CD CD IN NNS NN NNP , PRP MD VB DT $ CD CD IN DT NNP NN , CC $ CD CD TO VB JJ NN CC NN NN IN JJ HYPH CC JJ HYPH NN NNS . NNP POS NNP NNP NNP NNP , RB , RB VBD DT NN IN PRP$ NN POS NN IN NN NN CC NN , RB RB IN DT JJ JJ NN IN DT NNP . WRB VBN IN DT NN IN JJ NNS , JJ NNS VBD DT NN IN NNP POS NN VBD RP DT JJ NN CC NN IN DT NNP , NNS CC NNS IN DT JJ NN IN DT NN NN . DT NN VBZ NN IN NNP POS JJ NN NN : NNP NNP NNP . IN NN NN , NN , NNS , NN CC JJR , PRP$ JJ NNS VBP PRP IN NN IN DT NNS VBG DT NN NN NN NN . VB NNP IN DT JJ NN ."
197,542,mainstream,"DT NNS VBD CD HYPH NN NNP NNP NNP NNP VBD RB VBN VBN TO VB VB `` NN NN NN . '' NNP MD VB IN DT JJ NN CC NNP MD VB IN DT JJ NN NN VBG NNS . DT NNS VBP CD NNS IN NNP VBD DT NN TO RB VB RP NN CC VB NN NNS IN DT JJ NN , WDT NNS VBP VBZ RB NNS CC NNS RB . DT NN VBD VBN VBN IN NNP CC NNP NNPS NNP NNP NNP CC NNP NNP NNP NNP , CC PRP$ NNS MD VB VBN IN DT NN , NNS VBD . DT NN IN NNS VBD VBN IN DT JJ NN IN DT NN JJ NN IN NN IN NNP , CD NN VBD , VBG NNP NNP , DT JJ NN IN NNP NNPS IN NNP IN NNP NNP NNP NNP CC NNP NNP , DT NN IN NNP . NNP VBD NNP POS JJ NNS NN IN CD SYM CD . IN IN PRP VBD IN PRP$ JJ NN IN JJ NN CC NN . PRP VBD VB NNS TO VB JJ NN NN , JJ NN CC NNS . IN NNP , NNP NNP NNP VBD NNS IN DT NN IN DT NN IN NN MD VB VBN IN DT NN CC CD CC IN PRP VBD JJ TO VB JJ IN NNP , WRB NNS VBP VBG IN NN . DT NN IN NNP POS `` NNP NNP NNP '' , WDT MD VB JJ TO VB , VBZ TO VB CD CD NNS IN DT NN JJ IN NNP , CD CD NNS IN NNP CC CD CD NNS IN NNP , DT JJ NN NN VBZ VBN NNP . NNS WP VBP NN IN DT NNP NN POS NN NN NN VBP VBN CD NNS TO VB IN IN NN , VBG IN DT JJ NN NN . DT VBN IN DT NN VBP TO VB CD IN CD IN DT NNS VBG VBN VB PRP IN JJ NNS IN NNS , DT NN VBD . NNS VBP TO VB CD IN CD NNS VB PRP IN JJ NN CC VB VBN JJ , CC DT VBZ IN WRB DT NN CC JJ NNS VBP CC WRB JJ PRP VBP . DT NNP IN NNP CC NNP NNPS NN VBD IN NN NN , NNP , VBZ VBN PRP$ NN IN NN IN DT JJ NN NNP NNP NNP VBD VBN . NNP VBD DT JJ NN NN IN NNP VBG PRP$ JJ NNS IN NN VBD VBN IN IN PRP$ NNS IN VBG DT JJ NN VBN IN DT NNP VBD IN PRP$ NN . NNP VBZ VBN JJ IN $ CD CD IN NNS IN NNP CC NNP CC NNP TO VB DT NN . IN DT NN NN VBZ VBN DT NNS IN DT JJ CD NNS , EX VBZ RB VBN DT JJ NN TO VB PRP RB . NNP , IN PRP$ NN IN DT NNP , VBZ VBN VBN IN NN NN , CC PRP$ JJ NNS IN DT NN NN VBP RB VBN PRP$ NN . , DT NNP POS JJ NN CC NN HYPH IN HYPH NN , VBZ JJ TO VB `` VBN '' IN DT NN POS NN NN , DT JJ NN NN VBD JJ NN . CC DT NN VBD DT NNP NNP VBD VBG DT `` JJ '' CC `` VBN '' NN TO VB DT NN . , DT NNP POS JJ NN CC NN HYPH IN HYPH NN , VBZ JJ TO VB `` VBN '' IN DT NN POS NN NN , DT JJ NN NN VBD JJ NN . CC DT NN VBD DT NNP NNP VBD VBG DT `` JJ '' CC `` VBN '' NN TO VB DT NN . NNP NNP , DT NNP POS JJ NN CC NN HYPH IN HYPH NN , VBZ JJ TO VB `` VBN '' IN DT NN POS NN NN , DT JJ NN NN VBD JJ NN . CC DT NN VBD DT NNP NNP VBD VBG DT `` JJ '' CC `` VBN '' NN TO VB DT NN ."
198,273,mainstream,"NN WP VBD DT NN NN DT NN VBP RB CD NN RBR JJ TO VB DT NN IN NN WP VBD RB VB DT NN , DT NNPS IN NNP NNP CC NNP -LRB- NNP -RRB- VBD IN DT JJ NN NNP . DT NN NN , NNP NN NNS VBP VBN DT RBS JJ , CC DT NNP VBZ IN RB CD NN IN PRP VBP RB VBN IN IN PRP VBP RB RB JJ IN DT NN NN IN PRP VBD IN DT NN . DT VBZ JJ WRB DT NN VBZ TO VB RBR JJ , DT NN DT NNP VBZ IN VBG IN DT NN IN JJ NNS JJ IN DT NN . IN DT NN NN VBZ VBN VBN IN JJ NNS IN WP NN NNS MD VB RBS JJ IN DT JJ NN , PRP VBZ RB JJ IN DT NNS MD VB IN CC DT NN MD RB VB IN DT RBS JJ NN NNS VBG . IN DT NNP VBD VBG NN NN NN IN CD , DT NNS VBP VBN IN CD NN IN CD NN . WRB DT NN NN VBZ RBR JJ , NNS VBP TO VB RBR JJ CC JJ IN JJ NNS TO VB NN , IN NN NNS CC VBG DT NN IN NN IN PRP VBZ VBN . `` NNS MD VB JJ IN DT VBN NNS CC DT NNS IN JJ NN IN JJ NNS MD VB VBN RB RB IN JJ IN CD IN CD JJ NN JJ NNS IN NN VBZ VBN , '' NNP NNP , DT NN IN DT NNP POS NNP NN , IN DT NN . DT NN VBZ IN DT NN VBZ DT JJ IN NNS NNS CD IN CD . DT NNP VBD PRP VBZ VBG DT NN NN IN RB JJ , CC IN PRP VBZ JJ IN DT CD HYPH CD NN ."
199,35,conspiracy,"RB IN VB NNS IN WRB TO VB PRP$ JJ NN CC VB PRP$ NN IN JJ NNS , NN NNS , CC JJ NN , DT NNS , WDT HYPH VB VBP VBG DT NN IN DT JJ NN TO VB DT NN NN VBZ TO VB DT NN IN DT NN CC RB VB DT JJ NN IN DT NN . DT NNP NN IN IN JJ NNS IN NNP VBP RB VBG RB IN NNS TO VB NN NNS CC DT NN TO VB NNS IN NNS IN NNS IN NNS IN NNPS IN DT NN IN DT NN . IN DT NN IN DT NN VBZ NNP NNP , WP VBZ VBN RB IN DT NN POS VBG NN IN NNS CC NNS . IN PRP$ NN PRP VBZ DT NNP CC DT NN IN JJ NNS , CC VBZ RB VBG DT NN IN JJ NNS IN PRP VBP TO VB DT NN WDT MD VB DT NN IN NNP HYPH CD . RB , DT NN IN VBG , NN CC NN VBG NNS VBZ NNS , CC NN IN RB VBG , JJ NN , NNPS VBZ TO VB JJ TO VB `` CD CD JJ NNS '' IN JJ NN . DT JJ NN IN NNS VBZ VBG IN PRP VBP . IN NN EX VBP DT NN CC NN NNS VBN IN JJ NN , CC IN NNP VBZ IN DT VBG NN IN PRP$ JJ NN , DT NN IN VBG DT RP IN NN VBZ VBN . IN DT VBG NN PRP VBZ DT NN IN JJ NNS CC NN , NN NNS , WDT , RB , VBP RB VBN VBN IN JJ NN : `` NNS VBP DT JJ NN IN VBG PRP$ NN WRB TO VB DT NN IN RB VBG JJ . DT CD RBS JJ NNS : CC DT NNS PRP VBP RB RBS JJ IN : VBP VBN CC NNS . VBN NNS VBP NNS WDT VBP VBN VBN . JJ NNS , IN DT JJ NN , VBP VBN IN NN NNS WDT VBP VBN VBN -LRB- CC `` VBN '' -RRB- . PRP VBP RB JJ CC RBR JJ IN NN NNS IN PRP$ VBN NNS . VBN CC JJ NNS VBP WP PRP VBP `` JJ '' NNS . EX VBP DT NN IN NN HYPH CD NN NNS IN DT NNS , CC IN JJ NN : PRP VBP RB HYPH VBN . PRP VBP WRB TO VB CC VB PRP . DT NN VBZ IN PRP VBP NN HYPH VBG TO VB . EX VBZ DT NN IN NN IN DT NN IN DT NN . JJS IN DT NN VBZ JJ , WDT VBZ PRP VBP TO VB PRP . DT VBZ NN , RB . DT VBZ WRB PRP VBP RB VBN IN CD JJ NNS WDT DT IN DT NNS VBP VBG : NN CC NN NNS . IN CD IN DT JJ NNS VBZ RP , PRP MD RB VB JJ TO VB NNS RP IN DT JJ NN RB JJR . -LRB- IN DT NN IN NN , PRP VBP RB VBG TO VB NNP NNS . NN NNS VBP JJ , RB IN DT JJ NN IN JJ NN CC NN IN NN . -RRB- PRP$ NN : CC IN PRP$ JJ NN CC IN NNP : VBZ VBN VBG DT NN IN DT NNP NN NN IN RB DT NN . PRP VBD VBG TO VB PRP TO VB NNS IN NNS WDT VBP DT JJ IN NN , CC RB PRP VBZ VBG IN CD IN DT RBS JJ NNS IN NN . DT JJ NN TO VB JJ NNS VBD DT NNP NN VBN IN DT NN VBN NNP . RB VBZ WRB DT NNP NN VBZ : RB IN VBG DT NN POS NN IN PRP$ NN , PRP RB VBP DT NN DT JJ NN VBN TO VB DT NN PRP . WRB DT NNS VBP IN DT NN IN PRP$ NNS , PRP$ JJ NN VBZ PRP : CC VBZ WRB TO VB JJ NNS IN DT NN . PRP RB VBP PRP$ NN IN PRP$ JJ NN NN NN . RB VBZ WRB DT NNP NN VBZ : RB IN VBG DT NN POS NN IN PRP$ NN , PRP RB VBP DT NN DT JJ NN VBN TO VB DT NN PRP . WRB DT NNS VBP IN DT NN IN PRP$ NNS , PRP$ JJ NN VBZ PRP : CC VBZ WRB TO VB JJ NNS IN DT NN . PRP RB VBP PRP$ NN IN PRP$ JJ NN NN NN . IN NNP NNS VBP PRP$ NN VB JJS IN DT NN , PRP VBP RB VB JJ NN . DT VBZ PRP RB JJR TO VB . EX VBZ DT NN , RB : PRP VBP RB VB IN JJ RB IN NNP VBZ DT JJ NN IN NNS . IN NNP MD VB DT JJ NNP NN IN IN DT NN , PRP VBP TO VB CC IN DT NN PRP VBZ CC IN PRP VBZ NN . PRP VBZ DT NN IN VBG PRP$ NN NN CC PRP$ JJ NN IN NN IN DT JJ NN . '' NFP NNP NNP RB , DT VBN NNP HYPH CD NN MD RB VB DT JJ NN . PRP MD RB VB VBN IN DT JJ CC JJ NN VBN DT JJ NN IN NN . PRP MD VB VBN IN DT NN , CC PRP NN IN DT NN MD VB TO VB PRP . `` CD JJ NNS VBP IN DT NNP NN NN IN PRP VBP : NN CC NN NNS . PRP VBP RB VBN VBN IN JJ NN . NN NN VBZ RB NN NN . NNS VBP VBN IN DT NN , CC PRP RB VBP DT JJ NN IN DT NN IN JJ NNS . NN NNS MD VB DT NN IN VBG JJ NNS , VBG DT NN RB VBZ IN NN IN PRP . DT NN WDT VBZ VBG VBN IN DT NNP NN : IN PRP$ NNP NNPS IN NNP , IN NN NN NNP : VBZ RB VBN VBN IN DT JJ RB . PRP VBZ RB VBN IN JJ NN . NNP NNS CC DT NN PRP VBP VBP RB JJ . CC DT VBZ DT NN IN NN VBG VBN IN NN IN CD NNS . WP IN DT NN MD RB VB JJ . CD NN TO VB RP VBZ TO VB PRP IN NNS IN NNS , VB RB , CC VB . '' NFP NNP NNP VBP JJ IN PRP$ NN CC PRP$ NNS TO VB VBN IN NN NNS IN DT JJS JJ NN NN RB VBN ."
200,939,mainstream,"JJ NNS TO VB DT NN NN VBP , RB IN JJ NNS IN JJ NN CC NN NN VBP IN NNS IN DT NNP NNPS CC IN DT NN , VBG NNS IN DT NNS MD VB JJ NNS IN NN . IN DT NN IN VBN NN NNS VBD IN RB CD CD RB , NNS VBD PRP$ NN IN IN JJS CD JJ NN NN MD VB VBN IN DT NN IN DT NN . NNP NNP NNP , NN IN DT NNP NNP IN NNP CC NNP NNPS CC DT NN IN DT NNP NNP NNP NNP NNP , VBD IN DT NN IN DT NNP IN DT NNP NNP NNP , CC NNP , IN PRP VBZ DT NNP MD VB `` DT NN CD CD NNS '' IN DT JJ NN IN DT NN IN CD . IN JJ NN NNS VBP VBG IN JJ JJ NNS , PRP VBZ RB RB JJ TO VB IN DT MD RB VB NNS IN NN HYPH CD , DT NN VBN IN DT NN . NNP VBD IN RB IN DT JJ NN VBZ VBN , PRP VBZ RB VBN WRB RB HYPH VBG DT NN MD VB . `` WRB PRP VBP IN DT NN IN NNS , DT JJ NNS WDT VBP DT JJ NN , DT NNS IN DT NN VBP IN DT NN IN NN WDT VBZ JJ NNS IN CD IN CD NNS IN RB RB JJR IN DT NN , '' PRP VBD , IN VBN IN NNP . `` DT VBZ RB DT NN IN NN CC NN . '' RB VBZ DT NN IN DT RBS JJ NN NN IN DT NN . DT NNP NN VBZ RB VBN TO VB PRP$ NN IN CD NNS , IN DT NN TO VB DT JJ NN RB JJ IN NNP CD . VBG IN DT NNP NNP NNP , DT VBN NN VBZ NNS VBG VBN IN NNP , DT NNP IN NNP CC NNP , NNP , NNP , CC NNP CC NNP . DT NN VBZ VBG JJ NN IN DT NNS IN NN IN PRP$ NN TO VB CD CD NNS IN DT JJ CC JJ NN NN JJ IN JJ JJ NN : DT NN WDT VBZ VBN VBN NNP NNP NNP . CC NNP CC DT NNP IN NNP VBP VBN TO VB IN JJ NNS IN JJ NNS IN PRP$ JJ NNS DT NN . NNP NNP NNS VBP VBN TO RB VB DT NN IN DT JJ JJ NNS , DT NNP VBD , VBG WRB DT JJ NN MD VB VBN CC RB VBN RB IN DT NNP . NNP NNP NNP NNP , DT NN NN CC NN WP VBZ DT NNP NNP NNP CC VBZ DT NN NN IN DT NNP NNP NNPS , VBD IN PRP VBZ VBG CD IN PRP$ NNS TO VB DT JJ NN NN . DT NNS , NNP CC NNP NNP , VBP RB VBN DT IN PRP$ NN NN , CC PRP VBD NNP CD IN DT JJ NN VBZ VBG VBN IN NNP NNP NNP . RB , NNP VBD DT NN VBD VBN IN NN NNS VBN IN DT JJ NN , CC DT NNP IN NNP CC NNP NNPS VBZ RB VBN DT NN , IN VBN IN NNP . JJ HYPH JJ NN NNP VBZ VBG TO VB CD CD NNS IN DT JJ NN NN CC MD VB DT JJ NNS IN DT NNP CC DT NNP NNP IN NNP CC NNP , VBG IN NNP . NNP VBZ VBN IN DT NNP IN NNP TO VB DT NN NN CC DT NN VBZ VBN JJR IN $ CD CD IN DT NNP NNP IN NNP POS NNP NNP NNP CC NNP NNP . NNP VBD NNP IN CD CD NNS MD VB VBN IN DT NN IN DT NN . DT NN RB VBD PRP VBZ VBN CD CD NNS IN JJ HYPH CC JJ HYPH NN NNS , IN NN IN DT NN NN IN DT NNP NNP IN NNP . DT NN NN VBZ JJ , RB , IN DT NNS IN JJ JJ NNS . DT JJ NN VBZ VBN DT NN TO VB IN DT JJ NNS IN JJ NNS , VBN TO VB DT NN ."
201,969,mainstream,"DT NNP NNP NNP -LRB- NNP -RRB- VBZ : `` NN IN JJ NN '' , RB VBN IN DT NNP NNP , VBZ DT JJS NN IN NNS CC NN NNS IN DT NNP . NN NN NN NN -LRB- -RRB- NNS VBP JJ IN NN CC NN TO VB NNP JJ NN NNS . NN NN NNS VBP NNS IN DT NN CC NNS IN DT NNP NNP . VB DT JJS NN NN NN CC NNS . NNS IN DT NNP NNP IN NNP CC NNP -LRB- -RRB- NNS VBP JJ . NNP VBZ JJ NNS TO VB JJ NN CC NNS IN DT NN NN TO VB DT NN IN DT NN NN NN . DT NN VBG DT NN CC NN IN NNS IN DT NNP IN CD IN CD . JJ NNS IN DT NNP IN NNP , NNP NNP NNP CC NNP NNP VBP NNS IN NN NNS . NN NN NNS CC JJ NNS TO VB DT JJ NNS VBP RB JJ : SYM JJ NN -LRB- -RRB- NN IN NNS WP VBP NN IN NNS -LRB- -RRB- NN NNP VBZ DT NNP NNP NNP NN VBN TO CC VB NNS IN NN NN IN DT JJ NN NN , CC VB NN NNS IN NNS VBN IN DT JJ NN NN , CC JJ NNS VBN IN NNP IN JJ NNS , JJ IN NNS CC NN IN DT JJ NN . EX VBZ DT NN NN TO VB PRP VB DT NNP NN VB NN IN NNS CC NNS IN DT NN IN CC DT VBN NN IN NNS CC JJ NNS RB VBN IN NN . VB NN NNPS NN TO VB NN NNS IN NNS ."
202,324,mainstream,"DT NNP NN VBZ IN NNS , NNS , CC NN -LRB- JJ NNS -RRB- . NNS VBP DT NN NN IN NN IN CD NNS : NNS VBG IN DT NNP NNPS MD VB DT NN RB RB IN CD NNS IN NN . PRP RB MD VB DT JJ NNS IN CD SYM CD NNS CC CD CD NNS IN NN . IN PRP VBP VBG IN DT NN WRB NN NN VBZ JJ , PRP MD VB DT JJ NN IN CD NNS CC DT JJ IN JJS CD NNS RBR . JJR NNS RB MD VB DT NN IN PRP VBD RB VB PRP WRB PRP VBD JJR . RB NNS VBP NNP IN NN IN DT NN NN IN DT NN VBN NN . DT NNP VBZ VBN JJ NNS IN NNS CC NNS . DT NN VBZ WRB DT NN VBZ IN JJR NNS IN VBN IN DT JJ NN . IN DT NN , NNS MD VB DT JJ NN NN IN DT NNS . IN PRP VBP NNS IN VBG PRP$ NN IN DT NN , VB PRP$ NN CC PRP$ NN CC JJ NN NN . NNS , NNS , CC NN VBP NNS WDT MD VB IN JJ NN . JJR IN CD NN IN NNS WP VBP DT NN NN MD VB VBN IN DT CD NNS IN PRP$ NNS . JJ NNS IN DT NNP NN JJ NNS JJ IN JJ NNS VBP JJ . JJ IN JJ NN NNS MD VB , JJ IN NN , NN , JJ NNS , JJ NNS , CC JJ JJ NN . WRB TO VB CC VB NNP NN DT NNP NN VBZ RB VBN IN PRP$ NN : SYM VBD DT JJ JJ NN IN DT JJR NN IN NN NN , CC NNS IN DT NN , WDT VBP NN CC DT NN NN NFP VBZ DT NN WDT VBZ DT NN NN -LRB- JJ IN NN -RRB- NFP VBZ VBG NNS CC JJ NN WDT VBZ DT JJ NN VB IN PRP$ NN IN IN DT NN VBZ DT JJ NN IN PRP$ NN : NFP VBZ RB JJ . CC JJ NNS CC JJ JJ NNS MD RB VB NN . SYM VBD DT JJ NNS IN DT JJ NN . DT MD VB IN WRB RB DT NN NN MD VB . NFP VBZ RB VBN DT JJ NN NN PRP$ NN MD VB IN DT NNS IN VBG PRP$ NN VBP DT JJ NNS . JJ NNS MD RB VB DT NN NN IN IN NN . VBG IN PRP$ NN IN NN NN IN PRP$ NN VBZ DT NN IN JJ NNS , DT NN VBZ VBN . DT NN MD VB RB IN JJ NNS . VB IN PRP$ NN TO VB IN PRP MD VB CC NN CC NN IN NN CC NN CC TO VB RP DT JJ NN . WRB MD PRP VB DT NN . NFP PRP VBP RB JJ IN DT NN MD VB VBN CC VBN . NFP EX VBP NNS IN DT NN ."
203,293,mainstream,"DT JJ NN VBZ VBN IN DT NN IN NNPS MD RB VB JJ NNS RB IN DT NN IN DT NN VBZ JJ . DT NNP HYPH CD NN VBZ VBN IN JJ NNS CC NNS RB TO VB VBN CC VBN , IN JJ HYPH NN NNS JJ IN NNP CC NNP IN DT TO VB VBN VBN DT NN . SYM VB JJR : NN : DT VBN NN , NN CC NN IN DT VBN NN IN JJ NNS VBZ VBN TO VB IN NN IN DT VBG NNS , NNP , NNP VBP VBN DT JJ NN NN IN WDT PRP VBD NNP NNS IN PRP MD VB JJ NNS IN EX VBZ DT VBN NN HYPH CD NN . IN IN CD JJ NNS WP VBD NN IN DT NN IN NNP CD IN CD , RB CD NN VBD IN PRP MD VB RB IN NNS CC RB JJ NNS IN DT NN VBZ VBN . DT CD NN VBD PRP MD VB IN NN IN DT NN VBZ JJ , IN DT VBG CD NN VBD PRP VBD JJ CC MD RB VB IN JJ NN NNS RB . IN NNS IN DT NN NN , PRP VBD VBN IN RB CD NN IN NNPS MD VB JJ TO VB IN DT NN IN DT NN NN VBZ VBN . PRP VBZ VBN VBN IN PRP MD VB IN IN CD NNS IN DT NN NN TO VB IN DT NN , WDT VBD VBN JJ IN NNS IN DT JJ NN . DT VBZ IN DT JJ NN NN VBD IN NNS CC NNS VBD JJ TO VB IN NN CD . `` JJR NNS : NNS , NNS , NN NNS : WRB NNS VBP PRP VBP VBG TO VB DT NN CC NN NN IN NNP CD , PRP VBP DT NN WRB PRP VBP DT VBZ DT JJ NN . PRP VBP DT NNS MD VB DT JJ TO VB , '' VBD NNP NNP , DT NN CC NN IN NN NN . IN DT NNS TO VB VBN IN NN IN DT NN VBZ DT CD NN IN NNP NNP , WDT VBD IN JJ NNP IN DT NNS IN NNP CD CC NNP CD . IN DT NN IN JJ NNS , JJ NNS VBP VBN VBG NNS IN DT NN IN JJ HYPH VBG NNS IN PRP$ NNS . JJ NN , DT NNP NNP HYPH VBN NNP NNP : RB IN NNP NN VBD DT NN IN JJ NNS VBN JJ NNS IN NN IN DT NN HYPH CD NN NN ."
204,1221,mainstream,"NN VBZ VBN IN DT JJ NN IN NNS CC NN VBG DT NN IN DT NNP NNP IN NNP IN CD NNP CD , IN WDT DT NNP NNP IN NNP VBD VBN TO VB DT JJ NN IN NN IN DT JJ NN WP VBD VBN VBN IN JJ NN IN CD . DT NN `` VBD DT NN IN DT JJ NN IN DT NN IN NN CC DT NN '' , IN RB VBG DT NN IN DT NN `` IN CD CC JJR NNS -LRB- CC NNS -RRB- IN DT NNP NNP NN NN '' IN RB JJ NNS IN DT CD NN JJ NN . LS . IN NN IN DT JJ , MD DT NN VB IN EX VBP DT JJ NN NNS IN DT NN IN NN . LS . MD PRP VB IN JJ NNS CC NN NNS VBP VBN DT JJ NNS JJ IN VBG DT NN IN NNS CC DT NN IN NN ."
205,225,conspiracy,"NNP CD . NNP MD VB PDT DT CD NNS NN IN VBN NN . NNS IN NNP , NNP NNP , NNP , CC JJ NNP VBP VBG JJ NNS . JJ NN $ $ VBP VBN RP . CC DT IN IN DT NN WDT VBZ RB RB , CC VBZ RB RB IN DT JJS NN NNS RB IN NN . PRP VBZ RB JJ TO VB WP DT NN NN MD RB VB IN PRP VBZ VBG , IN JJ NN NNS VBG RP JJ NNS IN NN . NN NNS VBP RP PDT DT NN , CC DT NNP IN NNP VBZ DT NN . DT NNP NNP VBZ VBN RP TO VB DT JJ NN IN NNP POS NNS . DT NNS IN NNS IN JJ NNS IN NN VBP VBN RP CC VBN NN IN DT NNS IN NN . RB DT NN IN NNP VBZ TO VB DT NN NN IN NNP . CC VB IN DT NN WDT VBZ VBN JJ NN NN TO VB DT JJ NN HYPH NNS . CD , DT NN NNS , DT NNP NN NN , DT NN IN NNP , NN NNS , DT NN NN , JJ NNS IN DT JJ NN IN NN . JJ IN JJ NN NN , DT NNP NN MD VB NNP NNP VB IN NNP . DT JJ NN HYPH NN NN VBZ RB JJR IN DT VBN NN IN NN VBZ VBN RB . VB PRP IN NN IN NNP CC NN IN NNP CC VB DT JJ NN IN DT NN . VB RB VB RP . VB DT NN NNS VB IN JJ NNS . IN NNP VBD RB RB , RB IN CD NNS RB , PRP MD VB DT JJ NN IN NN . NN RB VBZ DT JJ NN IN DT NN IN NN . PRP VBZ RB JJR TO VB PRP VBD DT JJ JJ NN , CC TO VB JJ NNS IN VBG NN . VB IN , IN PRP VBD , NNP NNP NNP POS RB JJ NN VBZ VBN VBN IN DT JJ NN . NNP RBS RB VBD IN CD NN IN JJ JJ NNP NNS VBP VBG VBN TO VB DT NN , CC CC DT NN VBZ VBG DT NN . NNP VBZ VBN JJ IN DT NN NN . PRP VBP VBN JJ TO VB DT JJ NNS IN DT NNP NN IN NNP . DT NN VBZ IN DT NN : `` PRP VBZ NN . DT JJ NN IN DT NN VBZ DT JJ NN , IN DT JJ NNS VBP VBG . PRP VBP DT NN IN JJ NN , NN VBZ VBG VBN IN NN . IN JJ NNS , DT NN MD VB JJ TO VB IN DT NN , IN PRP VBZ IN DT , VBZ VBG DT JJ NN . CC DT NN IN NN VBZ VBG VBN RB . PRP VBZ DT NN IN DT JJR NN VBZ IN DT NN . CC DT NN VBZ VBG IN PRP . '' PRP VBD PRP IN DT JJ NN NNS IN CD NNS RB WDT VBD VBG NNP IN DT NN NN , IN NN IN DT NNS VBG DT NN . `` DT VBD PRP , '' PRP VBD . `` NN RB MD VB DT VBD RB DT NN . PRP VBZ VBN IN PRP IN DT MD VB VBN PRP$ NN IN RB VBG DT NNP NN IN NNP . '' JJ NNS , NNS IN NN , NN , VBN HYPH RP JJ NN IN JJ NNS . DT JJ NN . NNP -LRB- NNP -RRB- NNS NN VBG VBN IN JJR JJ NNS NNS VBN NN IN NN , NNS , NN , NNS NNP -LRB- NNP -RRB- `` NNS '' NN VBG VBN CD JJ NNS NNS VBN NN VBN IN DT NN NN IN ADD IN : NN -LRB- JJ NN -RRB- VBN : CD CD DT VBG VBD VBN IN NNP NNP NNP , DT VBN VBN RP NN VBD VBN IN PRP$ NN . DT NN IN NN VBZ DT NN IN RB RBR . PRP VBZ IN JJ NN , VBG NN NN , VBG NNS `` NN , VBG '' NNP , CC VB DT NN IN NN . PDT DT NN CC CD , CD , CD NN IN `` NNS '' NNS MD RB VB DT `` NN '' WDT VBN TO VB DT NN IN `` NNS '' , CC WP VBP PDT DT VBN NNS IN `` NNS '' IN PRP VBP RB `` NNS '' . WRB MD PRP RB VB RP DT JJ NN , NN IN NNP NN NN VBN IN DT RB VBN NN NN NN . VBG NNP CD NNP CD TO VB DT NN IN NNP , DT RB JJ JJ NN IN NN , MD VB , DT NN NNS VBP RB VBN TO VB DT CD NN NN NN IN NNS VBG IN DT NNP NNP . RB RB , DT CD JJ NNS IN NNPS VBP VBN , CC RB IN DT NNS RBS VBN JJ IN NNP NNP , DT NN VBZ VBN VBN IN RB DT JJ NN IN DT NN . JJ NN IN NNP IN DT NN VBN IN NNP IN RB VBZ VBN VBN NN IN DT JJ NN IN NNP NNP NNP , DT NNP NNP NNP , IN EX MD VB JJ NN NNS IN MD HYPH VB NNS CC NN NNS , CC IN RB DT NN IN NN MD VB DT NNP NN , NNP NNP POS NN VBZ RB JJR NN IN RBR JJ NNS , JJ IN NN CC NN . RB , DT NN IN IN TO VB DT NN NN VBZ DT JJ NN IN NNS CC NNS WP$ NNS VBP RB VBG . JJ VBZ VBN DT NN IN JJ NNS IN VBG JJ NNS , RB IN NNP , IN EX MD VB JJ NNS IN WDT DT VBZ RB DT NN . RB DT NNP IN NNP VBZ VBN NN NN NNS TO VB NN IN JJ NN IN NNP . CC DT NN , IN NN , RB VBZ IN NN IN VBG NNS CC DT NN RB TO VB IN DT JJS VBN NNS IN DT NN . NNS VBP JJ NNS RB RB RB IN NNS CC IN NNS IN NN CC NN NNS . RB DT NNS IN NN VBG RB VBP JJR IN IN DT NN IN DT NN , DT NN VBN IN DT NN IN NN IN NN NN NNS . IN NN , UH , PRP VBZ TO VB NN VBN . JJ NN IN NNS IN NN IN NNS IN VBN NNS , IN IN NNS IN DT NNS , MD VB TO VB VBN CC VBN IN . CC DT NN NN VBZ RB CD NNS , JJR IN VBG DT NN IN VBG TO VB RB RB IN NNP MD VB IN PRP$ NN . UH , PRP VBZ TO VB NN . CC NN NNS CC NN NNS MD RB VB IN DT JJ NNS IN PRP$ NNS VBP VBG NN IN NNS VBG IN DT RBS VBN NNS . JJ NN IN DT NNP NN PRP VBP VBN IN DT NN IN NNP VBZ DT NN VBN IN DT NNP NN CC PRP MD RB VB WRB . WP VBD DT NN IN VBG DT NN IN RB DT JJ NN . WRB RB CC WRB VB NNP . RB DT NN DT JJ NN VBD IN PRP IN VBG DT JJ NN VBN RB . NNS VBG IN DT JJ NN IN DT NNP VBP RB JJ IN DT VBG JJ NNS IN NNP . JJ , RB JJS , NNP NN NNS VBP DT NNS IN NNP , NNP , NNP , CC NNP . IN DT NNS IN DT IN DT JJ NNS VBP VBG RB RB , DT JJ VBZ RB JJ IN DT NNP . IN NN , JJ JJ HYPH NN NNS IN NNP , IN NN , VBP IN DT NN IN DT NN . DT $ CD SYM CD NN IN NNP MD VB NNP NN NN IN RB DT JJ NN IN NNP NNS WDT CC VBP DT NN CC MD VB NNS IN NNP WDT PRP VBD IN DT $ CD CD . CC RB EX VBZ NN IN NN . NNP VBZ VBN IN NN , NN , CC VBG VBN . PRP VBP RB VB PRP VBZ CC DT NN CC DT NN TO VB IN JJ NNS . VBG DT NN CC NN TO VB DT NNP NN , PRP VBP DT NNP NN VBD NNP IN NN TO VB RP DT RB VBG JJ NNS , RB NNP . DT VBZ PRP$ NN . NN MD VB IN PRP VBZ NN . NNP , NNP POS NN VBD CD NN IN NNP VBN IN DT JJ NN JJ NN , IN DT JJ JJ NN VBN IN DT NN IN NNP NNP NNP NNP -LRB- NNP -RRB- , NN NN VBD . `` VBG IN DT NNP NNP NNP DT JJ NN VBD IN CD NN IN NNP IN DT NN VBD JJ CC NN NN , '' NNP NNP NNP VBD . NNP POS NN VBD IN CD NN NN HYPH IN HYPH NN IN DT JJ NN IN DT NN , RB JJR IN DT CD NN NN NN VBN IN DT NN . NNP RB VBZ JJ NN NNS , CC IN IN NNS IN DT NNP NN WDT VBZ VBN CD CC VBN CD RB , DT NN VBZ VBN JJ TO VB DT VBN JJ NN . NNP POS JJ NN VBD CD NN IN NNP IN DT NN RBR IN VBN NN NN VBD CD NN CC NN NNS VBD CD NN , DT NN VBD ."
206,1092,mainstream,"DT NN IN NNS NNS IN DT NNP NNPS VBZ VBN DT CD HYPH NN NN , VBN IN DT NN IN NN IN DT NN WDT MD VB DT NN , JJ NN NNS VBD IN NNP . DT NNP NNPS IN NNP NNP CC NNP -LRB- NNP -RRB- VBD CD NNS IN IN NNP CD , DT CD NN NN IN DT RBS JJ NN IN CD VBD IN NNP . DT JJ NN IN NNS VBP VBN IN NNS WP VBP RB VBN DT NNS HYPH NNS HYPH NN -LRB- NNP -RRB- NN , WDT VBZ NN IN DT NN , NNS VBD . `` DT NN PRP VBP VBG NN VBZ RB JJ , '' NNP NNP CC NNP NNPS NNP NNP NNP VBD IN NNP . `` PRP VBP NNS VBP JJ IN PRP VBP IN DT IN DT RBS VBN JJ NNS PRP VBP . '' DT JJ NN IN NNP NNS VBZ TO VB PRP$ NNS VBG , JJ IN JJ NN , IN NNS IN PRP MD VB NN CC JJ NNS . VBG IN DT NNP , CD NN IN NNS VBG NN IN DT NNP IN CD VBD VBN PRP$ CD NNS IN DT NN NN . DT CD NNS VBP VBN NNS IN DT RB JJ CC RB JJ NN . NN IN DT NNS IN DT JJ NN VBZ VBN , CC CD NN VBP VBN NN CC CD NN VBP VBN VBN IN IN NNS IN DT NN , NNP NN NNP NNP VBD IN NNP . NNP NNP NNP NNP VBD NNPS JJ NN TO VB VBN TO VB DT NN IN NNS , VBG NN IN NNS PRP VBD IN CD WRB PRP VBD NN IN VBG NNS NN HYPH VBN NNS IN NNS . `` DT NNS VBP RB JJ . DT VBZ RB VBG RB RB , '' NNP VBD IN NNP . EX VBD CD NNS NNS IN CD , CC JJS IN DT NNS VBD IN NNS IN NNP NNP NN , NNP NNP NNP , CC NNP NNP . DT JJ NN VBZ VBN VBN IN NNP NNP NNP , WRB NNS VBD JJR IN CD NNS VBP VBN VBN IN NNP , RB IN NNS IN JJ JJ NNS IN NNP . DT JJ NN VBZ VBN IN CD NNS IN CD CC JJR IN CD NNS IN CD VBD NNS IN DT NNP IN JJ NNS , RBS RB NNP , NNP CC DT NNPS , JJ NNS VBD . IN DT NN VBD VBN IN DT NN IN CD , VBG PRP VBD RB RBR RB JJ NN HYPH RB , NNS RB VBP IN NNS VBG IN NNS WRB NNS VBZ RB JJ , DT NNP VBZ ."
207,1020,conspiracy,"NNP VBZ , NNP CD , CD , IN DT NNP JJ NN WDT VBZ JJ NN VBZ DT NNP HYPH VBN NN NNP POS JJ NN NNP VBZ RB VBN CC VBZ RB VB IN VBN NN NN NNS IN DT NNS IN NN . NNP VBZ VBN TO VB DT NN NN NN RB IN DT JJ , JJR NN VBG NN NNS . NNP NNP , JJ NN IN DT NNP HYPH VBN NN NNP IN NNP IN NNP , VBD `` PRP VBP RB JJ TO VB NNP VB IN DT NN IN DT JJ IN NNP NNP WP VBP VBG NN NNS VBG VBN NN NN NNS . '' NNP MD VB VBN IN `` VBG IN JJ NNS . '' NNP VBD DT NN TO VB DT NN CC VB PRP IN DT NN WDT '' MD RB VB NN TO VB PRP$ JJ CC JJ NNS . '' NN NNS IN CD NNS VBN IN CD CC CD VBP VBN VBN TO VB NNS IN NNS JJ IN NNS , NNS CC NN , NN , NN , NN , NN NN CC NN . DT NN IN NNS IN DT VBN NN NNS VBD NN IN DT NNP NNP POS NNP NNP IN NNP IN CD . IN DT JJ NN VBD DT NN IN JJ NNS VBZ RB JJ IN DT VBN VBP RB RB VB IN VBG DT NN , PRP VBD DT `` JJ NN '' TO VB TO VB JJ NNS CC TO VB IN NNS IN `` JJ NNS . '' VBN JJ NNS VBP RB VBN VBN IN DT NN IN NN NNS IN NN NNS CC JJ NNS . DT NNP NNP HYPH VBN NN NNP , JJ IN WP$ NNS VBD DT VBN JJ NN NN VBN IN JJ NNS , VBD NN WRB NN NNS IN JJ NN NN NNP CC NNP NNP VBD IN NN . NNP NNP VBD NNS IN NNP , IN NNP IN NNP CD VBD IN PRP VBZ RB VB CC VB NN WDT VBZ NN CC NN NNS VBN IN NNS CC NNS . VB RB TO VB JJR IN DT NN IN VBN JJ NN NNS IN NNS , NNS , CC RB NN , NNS . RB IN PRP VBP VBG DT NN NN CC DT NN , VB JJ PRP VBP WDT NN VBD DT NN . VB PRP$ NN , NN , CC NN NN TO VB NN NN IN NNP . RB VBZ DT NN NN IN NNP POS NNS IN DT NNP : JJ IN VBG IN NNP . RB VBZ DT NN NN : ADD"
208,708,mainstream,"WP MD NNP VB . CC NNP . WP VBZ IN DT RB JJ NN VBZ IN DT JJ NN . WRB MD NNS VB RB IN JJ . TO VB JJR NN NNS , VB DT NNP NNP NN . DT NNS VBP VBN . JJ NN VBD DT NNP IN RB JJ JJ NNS , CC RB CD NN : VB DT JJ NN NN TO VB JJ NN IN JJ NNS TO VB PRP IN DT JJ NN IN NNS . DT JJ HYPH VBG NN VBZ VBG , CC IN PDT DT JJ NN WDT PRP MD RB VB VBN RB . WRB NNS VBP , IN PRP VBP VBN TO VB IN NNP CD , DT NN MD RB VB RB , IN PRP VBZ RB VBG IN NNP , NNP , CC JJ JJ NNS WDT VBD RB VBN PRP . NFP VB : WRB DT NN MD VB IN PRP VBD JJ NN , DT JJ JJ NN VBZ TO VB NN HYPH JJ NN IN DT NN , VBG PRP IN DT NN MD VB VBN . IN NN , DT MD VB CD IN CD NNS . IN DT NN , JJ NNS MD RB VB . JJ IN DT NN VBZ JJ , CC DT NNS IN NNS WP PRP VBP VBN VBP DT NN IN JJS NNS VBD PRP MD RB VB . `` PRP VBP NNS VBP RB VBN IN DT VBZ RB IN DT JJ NN IN NNS , '' VBD NNP NNP , DT JJ HYPH NN NN IN DT NNP IN NNP . `` DT VBZ IN DT JJ CD NNS . '' DT NN VBZ RB DT NN CC DT NN . PRP VBZ RB JJ IN NNP NNP CC CD . JJ NNS VBP VBN IN NN CC NN . DT NNP HYPH NNP HYPH CD NN MD VB IN DT NN CC IN DT NN . `` NN VBZ TO VB WRB DT MD VB , '' VBD NNP NNP , DT JJ HYPH NN NN IN DT NNP IN NNP . `` DT VBZ RB DT JJ NN . DT JJ NN VBZ : WRB VBP PRP VB . '' DT NN VBZ DT NN IN JJ NN , TO VB VBN RB WRB DT NN VBZ VBG RB RB IN PRP MD VB VBN IN JJ NNS . VBG VBN DT NN , IN RB , DT NNP VBZ RB VBN PRP DT NN . PRP MD VB DT NN TO VB PRP$ NN IN NNS CC JJ NNS , CC VB RBR RB JJ NNS IN VBG NN HYPH CD . WRB RB VBN , NNS MD VB VBG PRP$ JJ NNS CC VB IN VBG CC VBG NNS WP VBP RB VBN . CC DT NNS IN VBG DT NN VBP RB JJ . `` PRP VBP RB VBN DT NN IN DT RB IN JJ NNS , RB PRP VBP VBG TO VB TO VB JJ , '' VBD NNP NNP IN DT NNP NNP NNP IN NNP NNP . `` EX VBZ DT JJ NN . '' DT NNP NNP VBZ TO VB VBG RB IN CD JJ NN IN DT NNP IN NNP WDT , IN PRP$ JJ NN , VBD VBN IN VBG TO RB VB NN NNS RB DT NN CC CD RP . -LRB- IN JJ NNS VBP WRB DT NN VBZ IN JJ NNS , DT NN RB VBD NNS VBN IN NN NNS IN DT NNP CC NN NNS IN JJ NNS . -RRB- `` WRB PRP VBP NN NNS CC NN IN NNS , PRP VBP RB RB VB VBN IN CD NN , '' VBD NNP NNP , DT NN IN DT NNP IN NNP . JJ NNS VBP VBG VBN , CC IN DT NN , PRP VBZ JJ TO RB VB WRB RB DT JJ NN IN DT NN MD VB . NFP WRB DT NN MD NN NFP DT NNP MD VB NNP IN CD VBN DT NN , CD NN IN NN NNS , VBN IN NNP NNP , DT NN CC JJ NN IN DT NNP NN , VBZ IN VB HYPH IN HYPH NN NNS MD VB IN IN JJS NNP CD . DT NN , VBN IN NNP NNP , DT JJ NNP NN , VBZ IN NNS MD VB PRP$ NNS RB IN JJ NN NNS VBP VBN IN CD JJ NNS . RB , DT NNP VBZ RB VBG RB CD JJ VBN NNS DT NN . `` PRP$ NN VBZ IN PRP VBP RB VBN DT NN , '' VBD NNP , WP VBZ DT NN IN NNP POS NN NN . DT NNS VBP IN IN VBG DT NNS IN JJ NN DT NNP RB VBZ TO VB PRP$ NN TO VB IN DT NN , CC TO VB RP NNS IN JJ NNS . DT NNS VBP JJ , CC PRP VBP IN DT NN IN DT NNP MD VB DT NN PRP VBD IN IN PRP$ JJ NN . PRP MD RB VB JJ TO . JJ JJ NNS VBP RB VBG RP . VBG IN DT NNP IN NNP NN , RB CD NN IN DT CD NNS WDT VBP JJ NNS IN JJ NN VBP VBG VBN . JJ IN DT VBP IN NN NNS WDT VBP NNP -LRB- WRB DT NN VBD -RRB- , NNP -LRB- DT JJS HYPH VBN NN IN NNP -RRB- , CC NNP -LRB- WDT VBD JJ NNS -RRB- . DT NNS VBP VBN VBG PRP$ NNS IN DT VBG NN NN WDT VBZ RB VBN TO VB JJ . `` DT JJ NN VBZ VBG TO VB RB JJ , '' VBD NNP NNP , DT NN IN NN HYPH NN NN IN NNP NNP . `` JJ NN VBZ RB JJ , CC NN VBZ RB RB RB , IN PRP VBZ RB JJ TO VB JJ IN DT NN HYPH NN . '' NNP , DT NN VBN IN NN NNS , VBZ JJ . NNS , WDT VBP DT JJ JJ NNS WDT VBP NN HYPH CD NNS , VBP VBG VBN . JJ NNS CC NNS , WDT VBP VBN TO VB NNS IN NNS , VBP VBG VBN . NNP , DT NN WDT NNP VBZ RB VBN IN DT NN HYPH CD NN IN DT NN IN JJ NN , VBZ VBG RP , IN DT NN IN NNS IN NN CC NN WP VBP IN PRP . `` PRP VBZ IN NN PRP VBP IN NNS , PRP VBP IN JJ NN IN , '' VBD NNP NNP , DT NN NN IN NNP NNP CC NNP NNP . `` PRP VBP RB VBG TO VB DT NN NNS , CC PRP MD VB IN IN DT RB . '' DT NNS : DT VBG NN NN , DT NN NN NNS , DT JJ NN IN NNS : MD VB DT NN IN VBG DT NN . EX MD RB VB DT JJ NN WRB NN VBZ IN NN CC JJ NN MD RB VB . RB IN NN NNS CC NN NNS VBP , DT NN POS NNS MD VB , CC MD RB RB VB IN PRP$ JJ . IN DT , IN JJ NN , DT NNP VBD TO VB WP MD VB WRB DT NN VBD IN PRP$ NN . PRP MD RB VB TO VB DT NN RB . IN DT NN VBZ RB , PRP VBZ DT NN IN DT NN CC NN . EX VBZ JJ NN TO VB DT NNP RB CC RB . WRB DT NN RB VBD , DT JJ NN IN JJ HYPH VBG NNS : NN NNS , VBG NNS , VBG JJ NNS , VBG NN HYPH IN HYPH NN NNS : VBD VBN RP IN DT JJ NN . DT VBN NN VBD JJ , CC VBD PRP JJ TO VB WDT NNS RB VBD . DT JJ JJ NNS VBP NNS TO VB RP . NNS MD VB NNS RB , CC VB IN DT NN VBZ IN DT NN CC VBZ IN DT NN . WRB DT NN VBZ , JJ NNS MD VB JJ TO VB RBR VBN NNS IN WDT NNS TO VB . `` PRP MD RB VB VBG NN PRP MD TO VB DT RP , '' VBD NNP NNP , DT JJ HYPH NN NN IN NNP . DT RBS JJ NN IN JJ NN , CC DT NN WDT JJS RB VBZ DT NN POS NNS , VBZ WDT NN IN NNS VBP RB VBN VBN . RB RB , DT NNP VBZ JJR IN CD VBN NNS . CC IN DT NN IN NN CC DT JJ NN IN NNS WP VBP JJ CC JJ NNS , DT JJ NN IN NNS VBZ NN POS NN . EX VBZ DT JJ NN TO VB RP . WRB NN VBZ VBN , PRP$ JJ NN VBZ JJ NNS VBN NNS , WDT VBP -LRB- CC , IN NN , VBP -RRB- DT NN . DT NNS VBP IN DT NN VBZ VBN , CC MD RB VB DT NN IN VBG NN . IN VBG JJ NNS IN WP VBP VBN IN JJ NNS , NNS MD VB WRB JJ NNS VBP VBN VBN IN DT JJ NNS . -LRB- JJ NNS VBP IN JJ NNS , WDT VBP IN NNS IN DT NN POS JJ NN TO VB RP WP VBZ VBN RB RB . -RRB- JJ `` NNS '' VBP JJ , CC IN JJ NNS VBP VBN , PRP VBP RB VB DT JJ NN RB . IN DT JJ NN WDT VBD DT JJ NN IN DT NN POS NN IN NNP , RB CD NN IN NNS VBP VBN VBN : IN DT NNP NN , DT NN VBZ IN CD CC CD NN . VB : WP PRP VBP TO VB IN DT NN IN PRP VBZ RP IN , VB , CD NN IN DT NNP VBZ VBN VBN , DT MD VB DT NN VBZ RBR JJ CC RBR JJ IN NNS VBP . PRP MD RB VB IN DT JJ NN IN DT NN VBZ DT NN . IN DT NN MD VB RB CC RB VBN IN DT NN JJ IN NN NN : CD IN CD NN , VBG IN DT NN POS NN : DT NNP MD RB VB TO VB IN DT NN . RB , IN RB CD IN CD NN IN DT NN VBZ VBN VBN : DT NN WDT JJ NNS VBP VBZ JJR : DT MD VB `` DT VBZ DT RB JJ NN , CC PRP VBP VBN RP DT JJ NN NN , '' VBD NNP NNP , DT NN CC NN IN NNP . `` RB PRP VBP IN JJ NNS IN NNS IN WRB TO VB RB . '' IN DT NNP VBZ JJR IN VBG DT NN , PRP MD VB JJ NN RBR RB CC RB . NN , CD NNS MD VB IN DT JJ NN NN , VBD NNP NNP , DT JJ HYPH NN NN IN NNP . `` IN DT JJ NN IN NNS VBP NN NNS DT JJ NNS IN DT NN VBZ , PRP MD VB NN NNS DT JJ NNS IN PRP VBP DT NN WDT MD VB TO VB PRP$ NNS , '' PRP VBD . EX VBZ DT NN IN VBG TO VB RB JJ , RB . NNP NNP IN NNP , WP RB VBZ JJ NNS , VBZ IN RB VBG NNS VBP RB RB JJR , CC JJR , TO VB . JJ NNS IN NN MD VB JJ NNS , IN DT NNP NNP VBD JJ NN . VBG RB RB IN NNS , DT JJ NN VBD IN PRP MD RB VB DT NN IN NN HYPH CD IN VBG RP JJ NNS IN RB VBN NNS . PRP$ NN VBD IN DT JJ NN IN NNS . RB IN DT NNP VBZ VBG DT NN , RB VBG RB IN JJ NN MD VB JJR , NNP VBZ , IN VBG RB IN NN IN JJ WRB JJ NNS MD VB JJ . `` IN PRP VBP JJ IN WRB PRP VBP NNS , PRP MD RB VB TO VB RB IN NN , '' PRP VBD . VB : DT CD JJ NNS IN NN VBG IN JJ NN HYPH IN HYPH NN NNS MD VB RB , VBG NNS CC NN TO VB . JJ NNS MD VB IN NNS : NNS MD VB IN NNS CC RB VBP RB IN NN , IN NNS CC NNS MD VB JJR NN IN NNS . NNS MD VB IN NNS VBP IN NNS RB VBP DT NN . DT NN MD VB JJ NNS TO VB , CC RB IN DT NN IN PRP , NN IN DT NNS PRP VBD IN VBD JJ IN DT NN IN VBN JJ NNS . NNP POS NN NN , IN NN , VBZ IN IN DT NN CC DT JJ NN VBZ VBN , JJ NNS MD VB VBN IN CD NNS CC JJR . DT MD VB RB JJ IN JJ NNS : DT JJ NNP NN CC NN NN VBZ DT NN IN DT JJ NN . RB , NNS , NNS , NN NNS , JJ NNS , JJ NNS , CC JJ NN NNS MD RB VB TO VB VBN IN IN JJS DT NN . `` PRP VBZ JJ IN PRP TO VB NN VBG IN NNP NNP CC VBG IN CD NNS : DT MD RB RB VB DT JJ NN , '' VBD NNP NNP , DT NN CC JJ HYPH NN NN IN NNP . `` DT VBZ RB VBG TO VB IN DT JJ NN IN NNP . '' IN DT JJ NN IN DT NN , JJ NNS MD RB VB DT NN IN NN HYPH CD . DT JJS IN DT VBZ DT NN NN . JJ NNS VBP RB IN JJ NN , CC MD VB VBN IN NN HYPH NN NNS . CC JJ NNS MD VB VB DT NN IN DT NN , JJR IN VBG JJ NNS IN VBG VBN CC JJR IN VBG RB JJ NNS IN VBG NNS . IN PRP VBD RBR DT NN , NNS VBP NNS RB RB IN NNS . IN JJ JJ NNS , WRB PRP VBP RB VBN , PRP VBP JJ HYPH NN CC NN . IN PRP$ NN VBZ IN JJ NNS , PRP MD VB DT NN IN NN VBZ RB VBG IN DT JJ NN . JJ NNS IN DT JJ NN MD RB VB DT NN IN JJ NNS . IN PRP$ NN NNP NNP VBZ , `` JJR IN CD VBG CC JJ NNS VBP VBG VBN IN NNP HYPH CD . '' CC PRP VBZ JJ IN DT IN DT MD VB DT JJ NN IN DT NN IN NNS MD VB IN JJ NNS . -LRB- NNS VBP RB VB IN NNS . -RRB- DT VBZ RB IN NNS VBP JJR IN NN , IN JJR NNS TO VB . NNS VBP RB RBR JJ IN NN TO RB VB PRP$ NNS , IN DT NN NNS VBP , NNS VBP VBN DT NN IN NN NN WDT VBZ RB RB VBN . CC PRP VBP RBR JJ TO VB NN NNS : JJ NNS IN DT NN NN WDT VBP JJR NN IN DT NNS PRP VBP VBG TO VB . `` PRP VBZ JJ IN DT NN MD RB VB JJ NN IN DT NN IN JJ JJ NN , '' VBD NNP NNP , DT NN WP VBD IN DT NNP NNP NNP POS NN HYPH NN NN , WDT VBD RB VBN IN CD . NN , IN NN , VBZ NN NNS IN RB DT NN CC CD , CC VBZ JJS IN VBN IN NNS VBP CC RB RB . DT JJ NN MD RB VB DT NN IN DT NN , CC RB VB DT NN NN . VB : DT JJS NNS IN DT NN NN RBR RB , NNS MD VB RB JJ NNS DT JJR NN IN NN , CC VB DT NNS IN JJ NNS IN RB VBG JJ NN IN DT . CC MD VB DT JJ NN . `` IN NNS VBP VBG JJ IN NN , CC -LRB- DT NN HYPH CD NN -RRB- MD VB PRP$ NN IN VBG IN NN IN CD NN IN CD NN , DT MD VB IN DT JJ NN NN , '' NNP VBD . RB IN NNS , JJ NN HYPH CD NNS MD VB IN PRP$ JJ . IN PRP VBP NNS WDT VBP VBG NN IN DT NN , PRP MD RB VB JJ TO VB , VB NN HYPH NN NNS , CC NN IN DT JJ CC JJ JJ NNS . JJ NNS , VBG DT NNP , VBP RB VBG TO VB JJ NNS IN NN NNS CC VB PRP$ NN IN `` NN NNS , '' JJ IN DT JJ NN WDT VBZ VBN VBG DT JJ HYPH NN NN . CC PDT DT NN VBZ JJ JJ NNS . RB , NNS VBP RB RB JJ IN VBG NNS . IN PRP VBP DT NN IN DT NN , DT NN MD VB PRP$ NNS , CC RB VB RP PRP$ NNS : CC JJ NN NNS MD VB WDT . RB , RB IN DT NNS VBP DT JJ NN , DT NN VBZ WDT NN PRP MD VB TO VB NN . `` RB IN NNS PRP VBP VBN VBG IN RB CD NNS , IN NN NN , PRP RB VBP RB VB WDT NN IN NN MD VB IN PRP MD VB VBN IN PRP VBD VBN , '' VBD NNP NNP IN NNP NNP , WP VBZ JJ HYPH NN NNS . DT JJ NN TO VB RP VBZ IN JJ NNS . RB , JJ NNS IN DT JJ NN MD VB RB JJ IN NNS . VB DT NN VBN IN NNP : DT JJ NN RB RB IN NN NN NN IN DT NNP . DT NN VBZ DT CD NN NN IN RB VBG NNS IN NNS IN DT JJ NN , CC DT CD NN NN IN RB VBG NNS WP VBP DT NNS . DT NNS VBP JJ , CC IN RB DT NN IN NNPS VBP VBN VBN , DT NN MD VB RB JJR JJ NNS IN JJ NNS . VB PRP DT NN : IN PRP VBP DT JJ NN , DT NNS WDT PRP RB VBP DT JJ NNS VBP RB CD IN CD IN CD NN IN DT NNP VBZ VBN VBN , CC RB CD IN CD IN RB CD NN VBZ VBN VBN . NNS MD VB IN DT NNS IN PRP VBP JJ NNS TO VB NN IN DT NN , CC PRP VBZ RB JJR IN DT NN HYPH IN HYPH NN NN . RB , DT NN WDT VBZ JJ NN , IN DT NN TO VB IN NNS VBP VBN , MD VB NNS IN NNS TO RB VB PRP CC VB DT NN IN NNS . NN NNS MD RB `` VB NNS WP VBD RB VB IN JJ NN CC VBD JJ RB RB , '' VBD NNP NNP IN NNP NNP , WP VBZ IN JJ CC NN NNS JJ IN JJ NNS . CC `` DT NN IN EX MD VB DT NN WRB DT NNS MD VB DT NN TO VB NNS CC NNS MD RB VBZ RB DT JJ NN , '' VBD NNP NNP , DT NN IN NNP WP VBZ NN NNS IN NNS . `` PRP MD VB JJ JJ HYPH NN NNS , CC IN DT NN MD VB RB JJ . '' NN VBZ DT NN : WRB JJ NN VBD DT JJ NNP IN DT JJ NN , `` NN '' VBD VBG NNS IN NN IN VBG JJ NNS . NNS CC NN NNS RB , PRP VBZ JJ TO VB IN NN WP VBZ IN NN HYPH CD MD VB RBR JJ TO VB VBN RB -LRB- IN DT NN WDT VBZ RB JJ -RRB- . `` CC PRP MD RB VB IN PRP MD RB VB DT NN IN NN JJ , '' VBD NNP , DT NNP NN . `` PRP VBP IN DT NN IN NNS VBP RB VBG IN VBG NNS CC VBG VBN VBN VBZ PRP VBP JJ TO VB RB IN NN . '' DT JJ NN IN NN MD VB DT NN IN DT NN IN JJ NNS , RB IN NNS VBP JJ HYPH VBG NNS IN DT VBN NN IN PRP VBP JJ . DT NN MD RB VB IN DT NNPS IN NNP NNP CC NNP , CC PRP VBZ VBN RB JJ . IN RB DT NN , DT NNP POS NNS VBP VBN JJ IN NN NNS , CC PRP$ NNS VBP IN PRP$ NN VBZ VBN VBN . JJ NNS VBP VBG NNS IN JJ HYPH NN NNS : MD PRP VB DT NN , CC VB DT NN . , IN VBG DT NN POS JJ JJ HYPH NN NN . NNP VBD PRP RB VBZ NNS IN NNS CC NNS WP MD RB VB DT NNP . `` NNS VBP RB VB WRB TO VB IN IN NN , '' PRP VBD . IN DT NNP NNP , NNP NNP NNP NNP VBD CD NNS VBG VBN IN DT NNP NN . WRB VBN IN PRP$ NN , PRP VBD IN JJ NN HYPH NNS RB VBD , IN PRP VBD CD VBN NN IN NN IN DT . NNP POS NN , RB , VBD TO VB NN IN NN : `` DT NN IN JJ , JJ NN IN PRP MD VB , '' IN PRP VBD PRP , IN `` DT NN TO VB IN VBG DT JJ NNS , WP PRP VBP . '' DT NNP VBZ TO VB DT NN , CC NNP VBZ RB VBG IN IN PRP VBZ VBN IN DT JJ NN RB IN DT JJ NN . IN NNP CD , IN RB DT JJ NN NN VBD VBN , PRP VBD : `` IN PRP VBP RP PRP$ JJ NN , CC PRP MD VB RBR RB IN RBR , DT NN IN DT NNP NNP , IN IN DT WDT RB VBD DT NN NN CC NN , MD VB RB VBN . '' DT NN VBZ RB VBG RB . TO VB PRP MD VB TO VB JJ NN . IN DT VBZ , DT NN HYPH NN NN MD RB VB . DT NNP MD VB DT NN TO VB WRB JJ NNS IN PRP$ NN HYPH NN NN VBD RB JJ NNS JJ , CC TO VB RP NN NNS WDT MD VB DT NN . PRP MD VB VBN IN DT JJ NN NN RB , CC VB VBN IN RBR JJ NNS . NNS MD VB . NN MD VB . DT NN MD VB PRP$ JJ RBS JJ NN IN DT NN : DT NN IN PRP$ NNS TO VB JJ NNS IN DT NN IN DT . PRP MD RB VB JJ NNS CC VB JJ NNS , CC `` PRP VBP IN JJ NNS IN VBG JJ HYPH NN NNS VBZ NNS VB RB , VBZ NN , CC VBZ NN , '' NNP VBD . `` IN DT NN PRP VBP VBG , PRP VBP NN . '' IN DT VBG NNS , PRP VBP `` TO VB NN IN DT JJ NN , CC VB IN DT MD VB DT NN IN PRP$ NN HYPH IN HYPH NN NNS , '' VBD NNP , DT NNP NN NN . `` JJ NNS PRP VBP VBN IN VBP JJ IN DT NN . PRP VBP IN DT JJ CC JJ `` NN . '' CC PRP VBP VBN IN NNS IN NNP NNP CD IN NNS IN NNP VBD IN NN , NNS IN NN , IN DT NN IN VBN HYPH RP NNS . PRP VBP PRP VBP IN NN IN DT JJ NN IN NN , IN PRP VBP TO VB JJR NN IN DT NN POS NN CC PRP$ JJ NN . '' NNP VBD : DT JJ , JJ NN IN DT JJ DT NN IN JJ NN RB VBZ IN JJ NNS IN NNS WP VBP VBN VBN IN NNS IN NN , CC WP VBP RB DT RBS IN HYPH NN IN DT NN . JJ NNS , IN NN , VBP VBN RBS RB VBN IN DT JJ NN IN NN IN NN . CC `` JJR NNS VBP VBN IN DT NN : DT JJ HYPH NNS NN , DT NNS POS NN , DT NNP NNP , '' VBD NNP NNP HYPH NNP , DT JJ NN IN DT NNP NNP NNP IN NNP NNP . `` PRP VBP NN NNS , JJ IN NNS IN WRB PRP VBP IN JJ NNS CC NNS . '' DT NN NN VBZ RB VBN IN , IN DT NN WRB PRP$ NN VBZ IN NN CC PRP$ NN VBZ IN NN , JJ NNS VBP VBG IN DT JJ NN WDT VBZ PRP$ JJ JJ : JJ NN , JJ NNS , JJ NN . `` PRP VBP WRB TO VB NN IN NN , CC WRB TO VB IN NN , '' VBD NNP NNP IN NNP NNP , WP VBZ DT NN IN NN CC NN . `` RB IN VBG DT JJ NN , PRP$ JJ NN VBZ RB RB VBN . '' NN NNS VBP VBN IN `` NN NN '' : DT JJ NN IN NN WDT VBZ IN NN . `` NN PRP VBP IN PRP$ NN VBZ DT NN IN PRP$ NN , '' NNP VBD . `` RB PRP MD VB , RB PRP MD RB , VBG IN PRP$ JJ NN NN CC WP VBZ VBG IN PRP$ NN . PRP RB VBP IN DT NN WRB PRP VBP VBG IN JJR NNS , WRB PRP$ NN VBZ RB VBN VBN RB . '' IN DT NN IN DT NNP VBZ IN NNS IN DT JJ JJ NN , PRP MD VB DT NN WRB VBP PRP VB RB IN JJ . DT NN VBZ DT JJ NNS IN WDT JJ NNPS VBP IN JJ . PRP VBZ DT JJ NN TO VB WP DT JJR CC RBR JJ NN MD VB IN . PRP VBZ IN DT JJ NN IN DT NN NN . EX VBZ DT VBG RB . DT JJ NN RP VBZ IN : IN DT JJ NN , IN DT JJ NN , CC IN DT JJ NN RB . VB IN NNP NNP VB DT NN IN DT NN IN NNP NNP , DT NNP POS NN IN DT NN : VB IN NNP NNP IN NNP NNPS CC NNP -LRB- WRB TO VB -RRB- NFP DT NN RB VBD IN NNP NNP CC NNP VBD VBG DT NN IN NN HYPH CD NNS . IN NN , DT NNS VBP TO VB VBG CC VBG , IN PRP VBZ RB JJ TO VB IN DT NN MD VB ."
209,1055,mainstream,"DT VBG NN IN DT JJ NN NN VBZ VBN PRP MD VB JJ IN PRP VBZ IN NNP CC VBD DT NNP MD VB `` JJ NNS '' . DT NNP IN NNP VBZ VBN IN JJ NN NNP IN DT NN , NN CC JJ HYPH NN NN IN DT NNP HYPH CD NN NN WDT VBZ RB VBG VBN IN DT NNP . DT NN VBD VBN IN NNP , IN DT NNS VBN TO VB VBN IN DT VBG NNS . DT NN MD VB IN JJ NN IN DT NN IN DT NN VBZ TO VB JJ , DT NN VBD . IN NNS IN NN , VB PRP$ JJ NN RB . JJ NNS IN DT NN VBN IN DT NN POS NNP NNP VBD JJ NN , IN NNS IN NNS VBG TO VB NN IN DT NN WDT VBD $ CD CD IN NN NN . NNP NNP NNP NNP , NNP NNP IN NNP IN NNP NNP , VBD DT NN IN NNP IN DT `` JJ NN IN DT NN IN NNS '' IN DT JJ NN . VBG IN NNP NNP CD POS NNP NN , NNP NNP VBD PRP VBD IN DT NNS IN DT JJ NN IN DT NN MD VB JJ IN DT NN IN NNP . `` DT NN VBZ DT NN NN , '' PRP VBD . `` IN NNP VBZ -LRB- DT NN -RRB- RB , WDT PRP MD , PRP VBP VBN TO VB DT NNP . CC DT NNP MD VB `` JJ NNS '' IN PDT DT NN VBN RB . '' PRP VBD NN IN DT NN RB VBZ TO VB JJ TO VB IN NN IN PRP VBZ VBN IN DT NNS . NNP NNP VBD : `` PRP RB VBP TO VB JJ IN DT NN IN DT NN MD VB JJ TO VB DT NN IN NN IN IN PRP VBZ IN NNS IN VBG NNS , IN NN , WRB DT NN VBZ RB JJ . `` PRP RB VBP DT NN TO VB DT CC DT NN VBZ DT JJ NN IN DT NNP IN PRP$ NN NN IN DT NNP IN NNS VBZ RB WRB PRP VBZ TO VB , CC RB PRP VBP VBG TO VB RB IN NNP TO VB DT RB . '' PRP VBZ DT JJ JJ NN TO VB VBN IN DT NN VBD DT NNPS NNP CD NNS RB TO VB VB DT JJ NN NN . DT NNS VBP VBN TO VB IN DT RB HYPH IN HYPH NN NN IN DT NN IN DT NN , DT NN VBD , IN RB DT NNS IN NN CC NN VBG VBN . NNP NNP NNP NNP VBD PRP VBD `` RB JJ NN '' IN NNP NNP VBD VBN IN DT NN IN NNP TO VB RP PRP$ NN NN . PRP VBD : `` DT NNP NN VBZ CD IN DT RBS JJ IN DT NN . `` VBG RP DT JJS JJ NN CC DT JJS IN JJ NN MD VB PRP DT JJS JJ NN IN DT NN . `` DT NN VBZ JJ , CC DT NN MD VB , CC DT NN VBZ DT NNP DT JJS NN PRP MD IN DT NN WDT MD VB DT JJ NN . PRP VBP VBG JJS NNS IN JJ NN IN DT VBN , IN DT NN IN DT NN CC RB DT JJ NN . NNP JJ NN NNP NNP VBD NN IN DT JJ NN VBZ DT NN JJ VBG IN PRP$ NN . PRP VBD NN : `` PRP VBZ RB DT NN TO VB IN NN IN DT NN , CC RB VBZ DT NN TO VB DT NNS , DT VBZ DT JJ NN PRP VBP VBG , CC PRP VBP NNS . '' NNP NNP VBD PRP VBD IN DT NN , VBN IN NN IN DT NNP IN NNP , MD RB VB DT JJ NN VBN . PRP VBD : `` DT NN , IN PRP MD VB , MD VB JJ IN NNS VBP , CC PRP$ NN VBZ IN JJ NNS MD VB JJ TO VB DT NNS IN DT JJ NNS IN DT NN . '' NNP NNP RB VBD EX VBZ NN IN NNS IN DT JJ NN TO VB CD DT IN NN , CC IN DT NN VBZ TO VB DT NN JJ IN NN IN DT NN . RB , NNP IN NNP NNP NNP NNP , NN IN DT NNP NNP NNP NNP IN NNPS VBG DT NNP NNP , VBD DT JJ NN EX VBD `` JJ NNS IN DT NN '' IN VBG DT NN IN NNP HYPH CD . PRP VBD : `` DT JJ NN IN IN DT NN VBZ RB RB DT NN WDT VBZ DT NN . `` PRP VBP VBG DT JJ NN IN JJ HYPH NN RB VBZ RB JJ , PRP VBZ RB VBG PRP PRP VBZ IN DT NN . ''"
210,907,mainstream,"IN NNP NN , NNS VBP JJR IN CD NNP JJ NNS IN DT NNP NNP IN NN : VBG DT NN IN NN HYPH VBN NNS WDT VBZ IN CD IN DT JJ NN NNS VBG DT NN IN DT JJ NN . DT JJ NN VBZ IN NNP , DT JJ NN IN JJ NN , VBZ JJ IN DT NN NN , CC DT NN VBZ VBN RB . VBG IN DT NNS , PRP VBZ RB DT RBS RB VBN NN HYPH JJ NN NN IN DT NNP , CC VBZ VBN IN NNP -LRB- EX VBP VBN NN HYPH NN NNS IN DT NNPS CC NNP -RRB- CC IN DT NNP NNPS -LRB- WRB DT NN NNP NNP VBD IN PRP IN NNP , IN IN DT NN VBG IN PRP VBD RB `` RB VBN PRP '' -RRB- . DT NN VBZ JJ : DT NN NN HYPH CD VBZ VBN IN DT JJ NN NNP HYPH NNP HYPH CD , WDT VBZ RB JJ . CC DT JJ NN WRB VBG DT NN VBZ WRB NNS MD RB VB IN NNP MD VB JJ . DT NN VBZ DT NN IN NN IN DT JJ NN IN NN NNS , DT IN WDT VBZ JJ CC JJ CC IN JJ NNS . EX VBP , PRP VBZ RP , JJ NN NN NNS , CC DT JJ NN IN NN . DT NNS VBP VBN DT NN IN DT NNP NN NN RB VBZ CC VBZ DT NN , IN IN IN DT JJ NN . DT NN IN NN VBZ RB VB DT JJ NN IN DT NN CC DT VBN NN , PRP VBZ TO VB RB IN DT NN IN DT VBP JJ CC JJ . PRP VBZ VBN IN IN DT WP VBP TO VB IN EX VBZ DT JJ NN IN NNP HYPH NNP HYPH CD , CC IN DT NN IN DT NN POS NN VBD VBN RP TO VB DT JJ NN NNS IN NNP PRP . RB , JJ NN CC VBN NN IN DT JJ NN VBP VBN TO VB JJR NNS IN DT VBN IN NN . CC DT NNS VBP VBN RP IN IN NN NNS WP$ JJ NN , JJ IN PRP VBZ , VBZ TO VB VBN IN JJ NNS , CC WP VBP VBN IN NNP VBZ DT NN NN CC VBZ RB VBN DT JJ NN IN NN JJ . -LRB- DT NN VBZ DT NN NN IN NNS , CC VBZ DT NNS WP$ NNS IN DT NN NNS IN NN VBP DT JJ NN . -RRB- DT NNS VBP IN `` NN '' NN HYPH IN HYPH NN NNS VBG DT NN IN NN HYPH CD NNS CC IN NN NNS . CC , IN DT NNP VBD , PDT DT NNS VBP VBZ IN NNS IN JJR NNS VBP JJR IN DT . RB , RB VBG IN NNS VBZ DT JJ NN IN EX VBZ DT JJ NN IN DT NN IN NNS IN NNS MD VB DT NN NN . IN DT NN , DT NNS MD VB VBN IN NNS IN DT WP VBP RB RB IN JJ NNS VBP VBG NNP NNS TO VB DT NN CC IN DT NN IN DT NN VBZ TO VB VBN IN DT NNP NNP POS JJ CD HYPH NN NN , WDT VBD VBG IN NNP . JJ HYPH NN NNS VBP RP IN DT JJ NN IN DT NN VBZ DT NN IN DT NN , WDT , WRB PRP VBP PRP , VBZ TO VB VBG NNS : NN , IN NN : CC IN DT NN IN DT NN VBZ DT NN HYPH IN HYPH NNS NN IN DT NN HYPH NN HYPH CD NN . IN NN , DT NNS VBP DT NN IN DT NN NN IN NNP CC DT JJ NN IN DT NN IN DT NNP NNP , IN NNP , DT NNS VBN IN DT NN NNP NNP NNP NNP , WP$ NN VBZ IN DT JJ NN . CC RB DT NNS POS JJ NN VBZ JJ : VBZ DT NN IN DT NNS VBP DT NN IN NN , TO VB DT JJ NN WDT VBZ RB VBN DT NNP IN NNP . RB , IN DT NN , JJ IN DT VBG DT NNS VBP VBG NN JJR IN VBG IN NNS . NN IN DT VBZ JJ : IN NNS VBP IN PRP VBP VBG VBN : CC RB VBN : IN JJ HYPH NN NNS , WRB MD PRP VB PRP$ NNS . WRB , TO VB DT RB JJ NN IN NN NN NNS , MD PRP VB PRP$ NNS TO RB VB DT NN HYPH CD NN IN PRP VBP IN DT NN VBD VBN IN , VB , NNP NNP , IN DT NN TO VB DT JJ NN CC , IN PRP VBZ IN PRP , TO VB NNS IN JJ HYPH NN HYPH VBG NNS . CD NN IN DT NN VBZ VBN VBN IN DT NNP NN , VBN IN DT NNP IN NNP NNP NNP , WDT RB VBZ RB CD CD NNS , CC DT VBZ VBN IN JJ HYPH NN NNS IN NNP CC NNP , WP VBP NNS IN NNP NNS , CC JJ NNS VBP VBN RP IN DT NN . -LRB- JJ TO VB , DT VBZ JJ . NNPS VBZ VBN DT NN IN DT CD NNS IN DT NN TO VB DT NN HYPH CD NN , IN NNS , PRP VBZ VBN JJ IN NN NNS . -RRB- CC DT NN VBZ IN WRB NNS CC NN HYPH NN NNS VBP NN , PRP VBP JJ NN IN VBG DT NN WDT NN NNS VBP TO VB . IN DT NN , RB PDT DT NN MD VB VBN IN DT RBS JJ NNS IN DT NN . DT JJ NN VBZ DT NN . CC , IN JJ JJ NNS , RB IN DT JJ NN , EX VBZ DT NN NN NN : DT JJR PRP VBP , DT JJR PRP VBP IN JJ NNS , CC DT RBR JJ PRP VBP IN JJ NNS WP VBP PRP$ NN IN VBG WP VBZ JJ . NNS VBP RB JJ IN JJ NNS VBG DT NN , IN JJ NNS . PRP VBZ IN DT JJ NN IN NNS VBZ VBN JJ , CC VBZ VBN NNS JJ IN NNS : RB PRP VBZ RB VBG VBN , CC PRP MD VB JJ TO VB RB IN NN . CC WRB VBP RB RBR JJ , RBR HYPH VBN NNS VBG JJR TO VB PRP : VBZ NN VBG IN PRP$ NN . DT NN VBZ IN RB JJ IN NNP HYPH CD VBZ JJ . IN JJR VBZ VBN VBN , NN IN NN NNS -LRB- VBG NNS , IN NN -RRB- VBZ VBN , RB PRP VBZ RB IN DT JJ NNP NNP NN . -LRB- IN DT NN NNS , EX VBZ DT NN IN JJ NN , IN JJ NNS IN JJ NNS CC NNS : CC JJ NN , NN NNS , CC VBN NNS , NNS WDT NNP VBD DT NN : MD VB RP CC VB NN . -RRB- NN NNS MD , IN DT NN , VB VBN RB IN DT NN IN JJ , RB JJ NNS IN DT NN NN . TO VB DT NN , NNP VBZ RB VBN DT NN IN NN IN NN IN DT JJ NN IN DT NN . EX VBP RB NNS IN WRB NNP HYPH NNP HYPH CD RB VBD NN , JJ IN RB WRB CC WRB PRP VBD IN DT NN , RB DT NN , IN DT NN , CC WP JJ NNS MD VB VBN IN NNS IN DT NN IN NN . JJ NNS RB VBD JJ NNS IN DT JJ NN IN NNP , CC DT NNS VBD TO VB WRB JJ JJ HYPH IN HYPH JJ NN VBD . CC DT JJ NNS VBP VBN VBN IN NNP NNP , WP RB VBZ PRP IN DT NN TO VB IN PRP$ JJ NNS . DT NNP NNPS VBZ RB JJ IN DT NN : NN IN NNP VBZ VBG IN NNP -LRB- WRB DT NN POS JJ NN VBZ RB VBN VBN IN DT NN POS NN -RRB- . CC PRP VBZ JJ TO VB IN DT NN IN RB HYPH NNS IN WP VBZ VBN DT NN IN NNS IN JJ HYPH NNPS VBZ VBN NNP ."
211,197,mainstream,"NNP NNP HYPH NNP VBZ DT NN CC NN WP$ NN VBZ IN DT NNS IN JJ NNS CC NNS CC DT NN IN JJ NNPS . PRP$ NNS VBP VBN IN DT NNP NNP , NNP CC RB . DT NNS VBN RB VBP PRP$ JJ . VB JJR NN IN NNP . -LRB- NNP -RRB- `` UH , PRP VBP RB VBG TO VB . '' DT VBP DT NNS DT NN VBZ IN PRP IN DT NN IN DT NN IN PRP$ JJ NN . `` WRB VBP . '' PRP VBP , VBG TO VB PRP$ NN JJ CC JJ . VBG TO VB IN PRP VBP RB VB IN IN PRP$ NN VBZ RB VBN PRP IN DT NN IN DT JJ NN . PRP$ NN VBZ RB RB VB . PRP VBP VBN NNS IN NNS . NN , DT NN VBZ JJR RB , DT NN VBZ VBG NNS IN DT NN TO VB NNS IN DT NN , NNS VBP RB DT NN NN . CC , IN DT NN IN NNP NNP NNS NN NNP NNP VBD -LRB- IN DT NN NN -RRB- RB , NN NNS IN NNS `` VBP PRP JJ CC VBP NN . '' RB RB WP DT IN DT NNS VBP IN NNS , PRP RB VBP PRP VBP JJ . IN CD PRP$ NN VBD VBN IN JJ NNP IN IN DT NN IN NN NN . NN NN VBZ VBN WRB DT `` NN '' VBZ VBN IN DT NN WRB DT NN , NN , CC NN VBZ RB TO VB , CC DT NNS TO VB IN . PRP$ NN VBZ VBG DT NN RB IN PRP$ NN IN NNP POS NNP CC VBG JJ IN DT NN . PRP VBD RB VB WP PRP VBD . PRP VBD RB VB PRP VBD PRP$ NN NN NN , IN PRP VBD RB JJ IN DT NN -LRB- IN PRP VBP RB -RRB- . DT JJ NN WDT PRP VBD RB VB . PRP VBD JJ IN DT NN . IN PRP . IN NNS IN NNS , PRP VBP DT JJ NN IN JJ NN , PRP VBP IN IN CD NN -LRB- RB RB UH , PRP VBP RB JJ -RRB- , CC PRP VBP JJ NN NNS . CC PRP VBP JJ . CC RB DT NN VBN IN NNP VBZ TO VB DT . NN IN NN IN DT NN MD VB JJ NN NNS , DT JJS IN WDT VBZ NN . DT NNP NN , WDT VBZ IN JJ NN -LRB- RB VBN IN NN -RRB- RB VBZ IN NNS , WDT VBZ RBR JJ IN NN , CC NNS . IN DT JJ JJ NNS , DT NN PRP VBZ `` NN TO VB PRP$ NN NN '' NN , CC DT NN DT JJ NNS NN VBZ , PRP VBP PRP IN DT JJ NN . IN DT CD , NN , PRP VBP DT NN TO VB RP IN NNP NNS , TO VB IN NNP CC TO VB IN WRB PRP VBZ RB RB JJ TO VB . IN DT JJ NN , PRP VBP DT JJ JJ NN , CC PRP VBP IN DT NN IN PRP VBP VBG RB RB TO VB DT NN PRP VBP VBZ IN PRP VBP PRP , DT NN PRP VBP CC DT NN PRP VBP . PRP MD VB VBN IN DT VBZ RB RB RB DT NN . VBG DT NN IN RB VBG PRP CC PRP$ NN CC VBG DT NN IN PRP$ NN RB JJ VBZ VBN DT JJ NN , CC PRP VBP VBN PRP . PRP VBP DT JJ NN IN DT NN IN DT JJ NN . PRP VBP DT NN WDT PRP VBP . CC PRP VBP RB VB IN NN MD VB TO VB DT JJ NN , VB JJ VB DT NN , IN IN JJ NN CC DT JJ NN IN NN . RB RB WRB CD IN DT RBS JJ NNS IN RB VBG PRP VBZ IN DT JJ HYPH VBN NN IN CC NN IN NN IN JJ NNS . CC IN NN , NNS VBP PRP IN NNS MD VB DT NN IN PRP$ NNS . PRP VBP PRP DT NN WDT VBZ PRP$ NN CC DT NNS IN JJ NNS CC PRP$ NNS VBZ RB RB JJ . IN PRP VBZ DT JJ NN . PRP VBZ RB RB JJ . CC DT VBZ CD NN IN WP NN VBZ IN . DT NN NN VBZ RB VBN IN VBG JJ IN VBG NNS CC VBG DT NN . PRP VBZ RB VBN VBN IN JJ NNS . PRP VBZ VBN VBN IN DT NN , VBN IN JJ , IN VBG DT JJ NN , DT JJ NN , VBZ DT JJS NN WDT MD RB VB IN PRP . CC DT NN VBZ JJ . WRB PRP VBP IN PRP$ NN , IN WP PRP VBD RP TO VB PRP RP IN DT NN , PRP VBP IN DT NN IN PRP VBD DT NN IN PRP VBD VBN VBN IN DT NN WDT VBD VBN PRP . DT NN WDT MD VB VBN PRP IN NN . DT NN WDT VBD PRP JJ NNS . CC IN JJ VBP TO VB PRP , PRP VBP CD IN DT RBR JJ NNS IN PRP$ NN . JJ NNS IN NN IN NN VBP JJ NNS , RBR JJ NN NNS WDT MD VB IN NN , NN CC NN , CC IN NN , NN . PRP VBZ RB RB DT NNS WDT PRP VBP TO VB . PRP VBZ DT NNS IN PRP , RB . RB RB VBD PRP VB RP IN DT NN IN NN IN PRP$ NN CC IN PRP$ JJ NN , CC PRP RB VBD RP IN DT NN VBG IN DT JJ NN . PRP MD VB DT NNS IN PRP IN PRP VBD VBN NNS . PRP VBP IN IN DT NN EX VBZ DT NN , RB . PRP VBP IN DT NN IN PRP VBZ RB RB DT JJ NN RB TO VB , PRP VBZ DT JJ NN . PRP VBZ DT NN WDT VBZ RB VB DT NNS IN JJ NNS . PRP VBP WRB JJ NNS RB RB VBP NN NNS WP VBP NNS CC VBP RB RB VB PRP . PRP VBP WRB JJ NNS RB RB IN NNS VBP RB VBN PRP$ NN NN , CC VBP RB RB VB PRP VBP CD . PRP VBP WRB JJ JJR NNS IN PRP MD VB TO VB RP IN WP PRP VBZ IN TO VB IN DT NN WRB PRP VBP IN NNP , VBG RP DT NN CC VBG VBN IN PRP VBP `` VBG . '' PRP VBP DT NNS , CC PRP VBP IN DT NN VBZ , CC IN PRP VBP IN PRP VBD RB IN VBG NNS RB , CC PRP MD VB PRP IN JJ IN PRP VBP RB TO VB DT NN ."
212,47,mainstream,"IN PRP$ JJ NN IN NN , PRP VBD NNS IN DT NN IN DT NN NN . PRP VBD NNP NNS RB RB CC VBD RB VB IN NN . PRP RB VBD PRP RB IN DT CC IN NN , VBD VBG NN IN PRP IN NNP , RB . RB , JJ NNS IN PRP VBD VBG RP . PRP VBZ TO VB VBN IN NNP NNP CC VBZ VBG PRP IN DT NN HYPH NN NN . PRP$ NNS VBP NNS IN NNS IN `` JJ NN . '' RBR RB , RB , PRP VBZ VBN VBG IN JJ NNS IN IN DT NN IN NNP NN NNS VBN IN PRP . RB , PRP VBD PRP$ NNS IN NNS . VBG IN PRP VBZ TO VB DT NN VBG DT JJ NN IN JJ HYPH JJ NN , PRP VBP VBN JJ IN IN CC WRB TO VB . PRP VBP DT NN IN PRP , IN RB IN JJ NN , PRP MD RB RB VB PRP . IN DT JJ NN , PRP$ NNS RB VBP TO VB DT NN PRP VBZ : RB JJR NNS VBG PRP$ JJ NNS . VBP PRP VB DT NN TO VB DT NN VB PRP , CC IN RB , WDT NN MD DT VB VB . NN VBN DT JJ NN IN JJ NNS VBZ DT CD NN NN NN . WDT VBZ PRP MD RB VB JJR NNS PRP VBP VBN IN DT NNS IN DT NNS IN PRP VBD . DT NN VBZ RB CD PRP VBP TO VB VBN IN . CC PRP$ NN IN PRP VBZ RB JJ . IN PDT DT NNS WP VBP PRP CC PRP$ NN , PRP VBP RB CD IN DT RBS JJ TO VB JJ TO VB PRP IN JJ NN IN NN CC NN , DT JJ NN IN NN PRP VBZ RB VBN IN NNS VBZ RB JJ TO VB RP CC VB PRP TO VB VB DT NN . IN NN : UH , PRP VBP RB VBN TO VB . RB IN PRP VBP RB VB DT NN TO VB , RB , PRP MD VB DT JJ NN TO VB TO VB NN . IN CD NN , DT NNS VBP RB RB JJ , EX VBZ DT JJ NN PRP MD VB IN JJ NN . VBG TO VB CC VB NNS IN PRP$ NN MD VB PRP JJR IN NN PRP MD VB RB . PRP MD RB VB JJS IN PRP TO VB VBN RB RB , WRB EX VBP NNS WP MD VB PRP$ NN . CC PRP$ NN VBZ IN PRP$ NN RB VBZ CC VBZ RB VBN JJ TO VB DT NN IN PRP . CD NN IN JJ NNS VBZ DT JJ NN : RB VBN NN : TO VB IN PRP VBP VBN DT NN . PRP MD RB VB VBG PRP$ JJ NN IN PRP$ NN IN PRP$ NN CC VBG IN NN WP VBZ IN NN IN PRP VB TO VB . VBN WP PRP VBP IN DT NNS IN PRP$ NNS , RB , DT MD RB VB NNS . CC IN PRP$ JJ JJ NN , PRP VBZ RB JJ TO VB PRP . DT JJ NN IN DT NN VBZ IN IN PRP VBP NN WP VBZ VBN CC VBN IN PRP$ NN , PRP MD VB PRP IN DT JJ NN IN NNS IN PRP CC VB PRP IN PRP VBP RB JJ . CC DT JJ NN TO VB NNS RP IN DT JJ HYPH JJ MD VB NN HYPH NN HYPH NN NNS : IN WRB DT NNP VBZ VBG NN NNS , IN WRB DT NNP NNP NN VBD DT NN CC , UH , IN WRB NNS VBP NN . IN DT NN IN NNP CC NNP , CD NN POS NN MD RB VB NN POS NN ."
213,1268,mainstream,"DT NN VBZ DT JJ NN VBN IN DT `` NN NNP HYPH CD '' NN CC DT JJ NN IN DT NN VBN NNP CD , CD . NNP VBZ VBN JJ HYPH NN JJ NNS IN CD JJ NNS TO VB DT JJ NN WDT VBD RB CD NNS RB , NN NN NNP VBD IN NNP . DT NNS VBP VBG VBN IN DT NNP HYPH VBN NN IN NNP HYPH VBN NNP NNP , CC IN DT NNP NNP IN NNP NNPS , DT NN IN NN HYPH VBN NNP NNP NNP NNP . IN NNP , NNP VBP DT JJ HYPH NN IN DT JJ NN IN DT NN NN NN VBN IN NN , VBD NNP POS NNP IN NNP NNP NNPS CC NNP HYPH VBN NN NN NNP NNP , RB IN NNP NN NN NNP VBD PRP VBD VBN JJ NNS IN PRP$ NN IN DT NNP NNP NNPS IN NNP . DT NNP NNP NNP -LRB- NNP -RRB- VBD NNP IN DT JJ CC JJ NN MD VB VBN TO RB VB DT NN IN NNP HYPH CD , WDT VBZ VBN JJR IN CD NNS RB . `` PRP$ JJ NN VBZ DT NN IN NN CC NN IN NNP HYPH CD MD VB , '' NNP NN HYPH NNP NNP NNP NNP VBD DT JJ NN IN NNP , VBG IN `` RB , DT NN CC NN IN DT JJ CC JJ NN MD VB VBN TO RB VB NN . ''"
214,186,mainstream,"DT NN TO VB NNS , DT JJ , JJ NN NN VBZ JJ IN DT NNP IN NNS IN PRP$ NNS . DT NNS NN VBZ VBN IN DT JJ NN IN DT JJ NN . IN DT NN NN , PRP MD RB VB TO VB DT NN RB CC PRP MD VB PRP IN DT NN IN DT NN . DT NNS NN VBZ VBN TO VB PRP$ NN IN VBG NNS . IN PRP VBP VB RP TO VB DT NN , PRP$ NNS MD VB JJR CC DT NN JJR . NNS MD VB RB JJ CC JJ . DT NNS VBP VBN IN NN VBG IN NNS IN DT JJ NN VBZ VBN . NN VBZ RB JJ IN RB CD IN CD IN HYPH NNS WP VBP PRP . PRP VBZ JJ TO VB DT NNS NN IN PRP VBP RB VBN NNS . DT NNS NN VBZ RB RB IN NNS WP VBP VBN NNS RB CC PRP MD VB PRP$ NN IN JJ NN NNS . WP MD VB DT NNS NN . PRP VBP JJ IN DT NN NN IN PRP VBP JJ CD CC CD NNS JJ . IN NN , NN WP VBD RB JJ -LRB- VBN IN CC IN CD NNP CD -RRB- CC VBD RP IN PRP$ NN NN VBZ JJ IN PRP$ JJ NN . WRB PRP VBP JJ , PRP MD VB DT NNS NN IN DT NN IN NN . DT NNS NN VBZ RB JJ IN DT NNP IN NN JJ CD CC RB IN PRP VBZ TO VB RBR JJ IN DT NN NN . VB RP JJR IN WP VBZ JJ IN NN NN . WRB VBP PRP VB DT NNS NN . IN PRP VBP JJ IN NN NN PRP$ NN MD VB DT NN TO VB PRP WRB PRP VBP DT NN IN JJ NNS , CC IN PRP$ JJ NN NN . PRP MD VB PRP IN DT JJ NN IN PRP$ NN NN IN DT NN , IN PRP VBP . IN PRP VBP VBN IN PRP MD VB RP IN DT NN NN , VB PRP$ NN NN TO VB DT NN TO VB DT NN . WP VBZ DT NN NN IN DT NN NN . DT NN NN IN DT NN NN VBN IN DT NNP VBZ NNP . PRP MD VB VBN IN DT NN IN DT NN . WRB VBZ DT NNS NN VB . DT NN VBZ DT VBN NN NN -LRB- NN HYPH NN NN -RRB- . PRP VBZ JJ , CC RB JJ IN , DT NN NN . RB RB , NNS VBP DT NN HYPH JJ NN VBG NN NN -LRB- JJR IN CD IN CD NNS -RRB- . WRB RB MD DT NNS NN VB PRP IN . PRP VBZ JJ TO VB JJ , CC NN VBZ DT NN NN MD VB PRP IN IN JJS CD NNS , RB RBR . WRB JJ VBZ DT NN NN . EX VBZ DT NN IN NN VBG IN DT NN NN VBZ RB JJ . PRP VBZ RB VBN VBN IN JJ NNS , VBG DT NNP CC NNP , CC DT NN NNS VBP VBN VBN . DT NN RB VBZ JJ NN NNS . NNS , RB VBN IN NN NN , VBZ DT JJ NN NN VBN IN DT NN IN DT NN NN -LRB- NN HYPH NN NN -RRB- IN NNS WP VBP RB VBN NN . PRP VBZ IN DT NN NN IN DT NN , VBN IN DT NN IN RB JJ NN HYPH VBN NNS WDT MD RB VB CC VB IN NNS IN NN . RB DT NN IN RB CD NN IN DT NN VBZ VBN , RB DT NN CC RB DT NN , NN CC NN . VB JJR IN DT NNS IN NNS . PRP VBP RB `` VB '' NNS : PRP VBZ RP WRB EX VBZ DT NN IN NN NN WDT VBZ RB IN PRP$ NN . DT NN MD VB VBN IN IN DT NN IN NNS , VBG VBG NN , NN , NN CC NN . NN WP VBZ VBN NN MD VB NNS . PRP VBZ VBN IN RB CD IN CD NNS WP VBP VBN NN VB RP TO VB NNS . VB JJR IN DT NNS IN NNS . WP VBZ RBS IN NN IN NNS . NNS VBP TO VB NNS RBR RB IN PRP VBP JJR , RB IN DT NN IN CD . CC DT JJR PRP VBP , DT JJR PRP MD VB . DT NNS NN MD VB RB JJ , JJ IN NNS MD RB VB DT NN IN PRP$ NNS VBG DT VBN NN . DT NN IN NNS MD RB VB RB IN DT NN VBZ VBN , RB IN JJ NNS . DT VBG NN VBZ VBN NN HYPH JJ NN -LRB- NN -RRB- . VB JJR IN DT NNS IN NNS . EX VBZ JJR NN IN NN NN IN DT NNP NN -LRB- NN , CD NN -RRB- . VB DT NNS IN DT IN DT JJ NNS IN DT NN NN ."
215,729,mainstream,"RB PRP$ NN IN DT JJ JJ NNS IN NNP , NNP NNP VBZ VBG TO VB NNS VB WP PRP VBP RB IN IN NNP HYPH CD . IN DT JJ CD NNS , NNP , CD , CC PRP$ NN IN DT NNP NNP NNP , NN IN DT NNP NNPS IN NNP POS -LRB- NNP -RRB- NNP NNP IN NNP CC NNP NNPS , VBP VBN CC VBN DT IN DT RBR JJ NNS IN DT NN POS RBS JJ NNS . `` PRP VBP TO VB NNS RB RB TO VB TO VB IN DT VBZ DT NN , TO VB TO VB PRP , RB DT VBZ NN RBR JJ IN NNS , '' VBZ NNP , CD IN DT NN POS VBG NN NNS . RB , IN PRP$ NNS IN DT NN VBP IN NNS RB , PRP VBZ : `` PRP RB VBP NNS VB PRP DT JJ NN . PRP VBZ VBG TO VB DT NN RB RB . '' VBG IN CD IN DT NN POS CD `` NNP NN CD '' NNS : DT VBN TO RB VB DT RBS JJ NNS : NNP CC PRP$ NN VBP DT NN POS JJS NNS IN NNP IN NN , NN IN NNP HYPH NN HYPH CD , DT NN WDT VBZ NN HYPH CD . DT JJ NNS VBP NNS TO VB DT NN IN JJ JJ NNS IN NNS WDT MD VB VBN , VBG NNS IN NNS IN WRB TO VB NNS CC NNS . RB IN NNP , NNP , NNP VBD DT NN IN NN IN DT NNP IN NNP HYPH NNP CC VBD VBG IN JJ NN , IN VBG RB TO VB DT NNP NNP . PRP VBD NN CC NN IN CD NNS IN NNP , CC RB VBD NN TO VB IN NNP NNP CC NNP , VBG DT NN IN DT NNPS . VBG IN NNP , PRP VBD PRP IN DT JJ NN PRP VBD . PRP VBD IN DT NN NN IN DT NNP NNP IN JJ NNS , CC IN DT NNS POS NN NN IN DT NNP NNP NN NN IN DT NNS . PRP RBR VBD IN NN NN TO VB NN , VBG PRP MD VB NN . CC WRB PRP VBD NNS IN NN NN , PRP VBD VBN . PRP VBD IN PRP$ NN IN JJ NN . `` PRP VBP VBG IN DT NN WDT JJS NNS VBP RB VB TO VB , '' PRP VBZ . PRP VBD NNS CC VBD DT NN POS NN IN NN . IN NN , PRP VBD PRP$ NN IN DT JJ NN NN NN NN CC RB VBD DT NN IN NNP NNP NNP . IN CD , PRP VBD IN PRP$ NN IN NNP , DT NN IN JJR IN CD NNS RB CD NNS RB IN NNP , RB VBD PRP$ NN RP TO VB NN IN DT NN POS NN NN . DT IN DT RBR JJ NNS IN DT NN : RB CD NNS JJR IN DT NN IN DT JJ NN : VBP VBN IN NNP POS NN . CD VBZ NNP POS NN IN JJ NNS VBG VBN IN DT VBG NN VBN IN DT NN . IN NNP NN NNP NNP NNP RB VBD IN PRP$ NN , DT NN VBZ DT JJ HYPH JJ NNS CC NN IN DT NN IN DT NN POS NN NN VBN IN NNP HYPH NNP HYPH CD . DT NNS IN JJ , JJ NNS VBG IN DT NN VBP DT NN NNS PRP . -LRB- DT NNS VBN IN DT NN NNS VBP JJ HYPH CC HYPH JJ , RB NNP VBZ PRP RP IN JJ NNS WP VBP DT NN TO VB VB JJ NNS IN DT NN CC TO VB DT NN IN PRP$ NN . -RRB- `` DT NN VBZ PRP DT NN IN WRB RB JJ NNP HYPH NNP HYPH CD VBZ TO VB IN VBG DT NN POS JJ NN , '' NNP VBD . `` RB CD VBN NN VBZ JJ IN VBG NNS IN JJ NN NNS WDT MD , IN NN , VB VBN IN NNS . '' NNS IN NNP VBP VBN NN NNS TO VB DT JJ NN IN NNS CC NNS VBG IN DT NNS . IN DT JJ CD NNS , RB , JJ NNS VBP VBN DT NN NN , VBG NNS TO VB RP IN DT JJ HYPH JJ NN . NNS VBP VBN RP IN JJR NNS TO VB NNS IN NN CC VBP VBN JJ NN NNS TO VB NNS . IN PRP$ NN , NNP VBZ NNS IN RB IN DT NN , CC VBD VBN JJ NN IN NNP HYPH NNP HYPH CD IN JJ NNP IN CD IN DT JJ NNP NNS TO VB VBN . RB , PRP$ NNS VBP IN NNS WDT VBP VBN VBN IN DT NN IN NNS , CC IN NNS RB VBN IN DT NN . `` PRP VBZ RB JJ WRB PRP VBP PRP VBD IN DT JJ NN . '' IN NN , IN CD , DT NN NN IN NNP VBD IN DT NNP NN IN DT CD HYPH NN HYPH JJ NN WP VBD VBN IN NNP WRB PRP$ NN VBD IN DT NN . PRP$ NN VBD IN NNP TO VB DT NN , WDT VBD VBG CC VBG DT NN , CC TO VB DT NN RB IN PRP . DT VBD VBN CC VBD DT NN RB IN PRP IN PRP VBD IN NNP IN JJ NN . PRP DT VBD . `` DT CD JJ NN , PRP VBD IN DT NN IN NNP , '' NNP VBZ . `` PRP VBD DT RB JJ NN . PRP VBP DT NN VBG IN RB , PRP VBZ PRP RB RB IN RB RB DT NN NN PRP VBP , CC IN EX VBZ DT NN IN JJ NN . '' IN NNS POS JJ NN , PRP RB VBZ DT `` JJ NN IN JJ IN PRP , '' PRP VBZ : `` PRP VBP RB JJ , CC PRP VBP RB JJ IN CC IN PRP . PRP VBP RB VBG WP PRP VBP . '' -LRB- NNP -RRB- VBZ DT JJ NN NN VBG NN NNS . PRP VBZ DT RB JJ NN IN DT NNP NNP NNP WDT VBZ RB VBN IN NNP NNP ."
216,151,mainstream,"DT VBZ DT JJS IN DT NNP JJ NN IN NNS : DT NNS , NN , NN CC NN NNS . EX VBZ DT JJ NN TO VB DT NN . DT JJ NN VBZ RB DT CD NN NN IN VBG PRP IN NN , RB PDT DT NN IN JJ NNS . VBG NNS VBZ VBG RBR JJ CC NNS VBP VBG RP . `` NN NN VBZ VBG DT NN , '' VBG IN NNP NNP , DT NN JJ IN VBG DT NN NN IN DT NNS CC WP RB VBZ NNP NNP NNP , VBG IN DT NNP NNP NNP IN NNP NN . DT NNS VBP JJ : RBR JJ JJ NN CC NN NNS VBN IN DT JJ NN , JJ NN , DT `` JJS NN NN '' RB VBN CC DT JJ NN NN , WDT DT VBP RB RB IN TO VB JJ . IN DT NNS , NN VBZ VBG . RB IN DT JJ NN IN NN , JJ NNS TO VB IN DT NNP NN WDT VBD JJR IN CD NNS JJ NN VBP VBN VBN , CC EX VBZ RB DT VBN NN . NN IN NNS IN NN NN , NN , CC JJ JJR JJ NNS VBP RB VBN , VBG IN DT JJ NN NNS . CC EX VBP NN NNS RB IN VBN NNS . IN NN , DT NN IN NN NNS IN NNP VBD NNP NNP NNP TO VB RP NNS RB VBN IN NNP JJ NN . RB RB , DT VBN JJ NN VBD CD NN IN NN : NN IN DT NNS : VBG WP VBZ JJ IN JJ NN . DT JJ NN DT NN VBZ VBZ VBG DT VBN NN IN NNP POS NNS , VBG IN NNP NNP , NN IN NNPS NNP , DT NN NN . NN NNS VBP IN NN , VBG JJ NNS CC NN IN NNS . `` DT VBZ RB VB NN IN DT JJ NN , '' WDT VBZ IN IN CD NNS TO VB IN DT NN VBZ VBN , VBD NNP , WP RB VBZ IN DT JJ NN IN DT NNP NNP NNP JJ NN . NNS VBP VBN VBG DT NN HYPH VBG NN CC NN , CC IN DT NN WDT VBZ RB JJ , CC IN VBG PRP , VBG PRP , CC VBG NN IN DT NN CC NN . DT VBZ DT NN NN TO VB NNS IN DT NN . VBN DT NN IN NN CC DT JJ NNS VBN , DT NNS VBP TO VB JJ TO VB NNS . DT NN VBZ PRP VBZ IN $ CD CC $ CD CD TO VB DT NN , IN DT VBN CD NN IN DT VBN IN NN NN , VBG IN DT NNP NNP IN NNP NNPS CC NNPS . CC DT VBP JJ IN NN NNS VBP DT JJS NN IN JJR CC JJR NNS . WRB DT NN VBZ RB DT NN IN NNS : NNP , NNP , NNP CC NNP NNP NNP : VBP DT NN IN DT NN , WDT VBZ NNS , NNS VBP . `` DT -LRB- NN CC NN -RRB- NN VBZ VBN , '' VBD NNP NNP , NNS NN NN IN NNP NNP NNP . `` NNS VBP VBN VBN IN WRB DT NN VBZ : NNS RB IN DT VBN NN , '' PRP VBD . NNP , WDT VBZ NNS IN NN IN PRP$ NN IN VBG NNS , VBZ IN IN DT NN IN NNS IN WDT NNS VBP VBN TO VB VBN VBZ VBN IN CD , DT NN IN DT NN NN VBZ VBN CD HYPH NN . NNS VBP `` VBN NN '' JJ IN DT NN POS JJ NN CC NN . JJ HYPH NN NNS VBP IN NNS IN NNP , DT JJ HYPH JJ NN WDT VBZ JJ NN NNS IN NN , RB JJ HYPH NN NNS VBP RB , VBG NN MD VB JJR IN IN JJR NNS . CC NNS IN NNP VBP PRP VBZ JJ TO VB WRB JJ PRP VBZ TO VB DT NN IN NNS VBP RB RB JJ IN NN NN . NNP VBZ PRP$ NN NNS VBP VBN JJR IN CD NN IN DT JJ CD NNS , VBG IN DT NN POS NNP NNP NNP IN NNS , NNP NNP . `` PRP VBZ DT NN , UH . CC CD IN DT NNS NNS IN NNP NNP CC NNP MD VB NNS IN DT JJ NN VBZ IN PRP VBP IN PDT DT JJ NN , '' PRP VBD . PRP VBZ RP IN NNP VBZ RB RB VBG NNS IN JJ NNS . PRP VBZ VBN DT NN NN IN DT NN IN $ CD CD -LRB- CD CD -RRB- , IN DT NN VBN . JJ NNS IN NN NN VBP TO VB VBN IN JJ NNS JJ IN DT NNP CC NNP NNP NNP . PRP VBP RB IN RBR JJ CC JJ NNS , JJ IN NN CC NN NN , RBS JJ IN VBG NNS . CD NN VBN IN DT NN NN IN NN VBZ NNP CD , WDT VBZ IN JJ NN VBN IN DT NN NN NN . DT NN VBZ VBN JJ NNS IN $ CD CD IN NN NN NNP IN PRP VBD DT NN IN CD IN PRP$ NN IN NNP . JJ NN VBD DT NNS NN . NN VBZ NN IN NN RB RB IN DT VBG NN , CC RB IN JJ NNS . NN VBZ VBN IN VBG NNS IN DT NN IN DT NN . CC NNP IN NNP VBZ NNP VBZ WP VBZ JJ IN DT NN NN . `` DT VBZ CD IN DT NN POS JJS VBG NNS , CC RB CD NNS VBP PRP : NNP CC NNP , '' PRP VBD , VBG IN NNP , WDT VBZ DT JJ NN . `` JJ NN VBZ DT VBG NN IN NN IN NNS IN CD . IN PRP VBP TO VB NN , PRP VBP TO VB NN , '' PRP VBD . JJ NN NNP NNP VBZ TO VB JJ HYPH IN HYPH NN NNS IN DT NN TO VB NN HYPH JJ NN NN -LRB- NNP -RRB- , DT JJ NN IN JJ NNS , IN CD . CC RB IN NN : JJR IN CD NN IN PRP$ NN VBZ IN DT NN NN NN , IN DT NN IN JJ NN . `` IN VB NNP NN , PRP VBP RB VB PRP MD VB WRB PRP VBP IN DT NN , '' PRP VBD . CC DT NN RB VBZ IN NN IN NNP NNP NNP NNP VBD IN NN PRP$ NN TO VB IN NNS IN NNS . JJ NN TO VB IN NNS RB VBZ RB VBN . `` NNP VBZ JJ NNS , CC DT VBZ IN DT NN NN CC EX VBP JJ NNS IN DT JJ NN WRB PRP VBP VBG NN CC NNS , '' VBD NNP IN NNP . NNP , IN PRP$ NN , VBZ IN VBG JJ NN IN NNS IN DT NNP NNPS NNP CC NNP . DT NNP NNP NNP , RB VBN TO VB JJ NN IN DT NN NN , RB RB VBZ NNS IN JJ NNS IN NN . PRP VBZ VB NNS VBN IN DT NNP NNP CC NNS . NNS IN NNP VBP IN NN TO VB CC VB PRP$ NNS , IN RB JJ NN VBZ DT NNS TO VB IN NN NNS . CC DT NN RB VBZ TO VB DT NN NN . DT NN VBZ VBG IN DT NN NNS NN TO VB NNS IN DT JJ NN . DT NN VBZ DT JJ NN IN NNS TO VB JJ NN NNS , VB NN CC NN , VB NN IN DT NN NN , CC VB JJR NN IN NN . `` PRP VBP DT NN VBZ VBG RP IN NN NNS , CC EX VBZ DT JJ NN TO VB , '' NNP VBD . DT NN VBD PRP VBD RB IN NN NNS TO VB CC VB DT JJ NN IN NN CC NN , '' IN PRP$ NN IN NNS JJ CC JJ NNS MD VB VBN . '' IN PRP VBD VB RB , DT NN MD VB RB IN NNP POS NNS TO RB VB NNS . IN DT CD NNP NN NN DT NNP VBD DT JJ NN IN JJ NNS : JJ NN , NNP VBD DT JJ NN TO VB RP . TO NN DT NNS VBP VBN RB VBN , CC DT JJ NN IN NN RB VBD NN : RB IN JJ NN : VBG DT NN IN JJR JJ NNS , CC RB VBG DT NN IN JJR NNS NN ."
217,91,mainstream,"NNS VBP VBN NNS IN DT NN NN VBG VBN IN NNP IN NNP NNS , VBG `` VBG '' NNS IN NNS IN NN NNS VBD PRP MD RB VB `` JJ NN '' . DT NN VBD DT JJ $ CD CD IN DT NN IN NNP , VBG PRP VBD VBN DT JJ NN NN IN JJ NN NNP , WDT MD VB IN IN CD CD NNS VBN IN NNP IN DT NN VBZ JJ . JJ NNS IN DT NNP NN HYPH CD NN VBP RB JJ , IN NNS IN NNS CC NN NNS IN DT NNP NNP NNP IN NNP POS NNP NNP NNP , DT JJ NNS IN WDT VBD VBN JJ JJ NN IN DT RB HYPH VBN NN . DT NNS VBD DT JJ NN IN DT NN VBD DT CD VBN NNS IN VBG NN , CC VBD RB VB NN RB . DT NNS RB VBN IN DT NN VBD DT NNS IN JJ , CC NNS RB VBD NNS IN , IN DT NNS VBD VBN IN NNS , DT VBN MD RB RB VB JJ TO VB NNP HYPH CD . NNP NNP NNP IN DT NNP IN NNP VBD DT NNS VBD `` VBG '' , CC VBD PRP VBD `` JJ '' IN DT JJ NN IN NN NN VBD VBN IN DT NNS IN CC DT VBN CC JJ NNS . `` IN DT VBZ JJ NN CC DT JJ NN VBZ IN NNS , RB VBN NNS MD RB VB VBN , VBP JJ NNS IN NN WDT MD RB VB IN NNS IN DT NN , '' DT JJ NN VBD . `` IN DT RBS JJ NNS VBP RB VBN IN DT NN IN DT JJ NN , RB DT MD VB PRP IN NN . RB , NN NN IN JJ NNS CC DT NN IN NN VBG IN VBN NNS VBZ RB JJ NN . '' NNP IN NNP CC NNP NNP IN DT NNP IN NNP , NNP NNP , VBD DT NNS IN NN VBN IN DT NNS POS NNS VBD `` VBG '' . `` IN JJ NNS VBD VBN IN NNS , DT NN MD RB VB JJ NN IN NN IN DT NN NN CC MD VB JJ TO VB NN IN DT JJR NN , '' PRP VBD . RB , DT NN POS NN NNP NNP NNP , IN NNP NNP NNP , VBD IN DT NNS VBD VBN VBN IN DT RB JJR JJ NN IN JJS NNS MD VB IN JJ NN . `` PRP VBP NNS VBP RB VB WRB JJ NN PRP VBP IN CC WRB JJ PRP VBZ TO VB NN IN DT NNS . IN DT JJ NN IN NN , '' NNP NNP NNP VBD IN NNP . NN NNP NNP RB VBD : `` NN IN DT NNS IN NN MD VB IN CD NN -LRB- DT VBZ RB RB WRB NNS VBP -RRB- . DT VBD IN CD NN . DT NN VBD VBN . CD NNS MD VB RB JJ . '' RB , NN HYPH VBG NN NNP NNP , VBD : `` TO VB JJ , DT NN IN DT JJ NNS IN NNS VBZ DT JJ JJ : WP MD NN VB IN CD CC CD NNS NN NN . '' PRP VBZ `` JJ '' DT JJ NN NN MD VB JJ TO VB NN CC VB NN HYPH JJ NN , VBD NNP NNP NNP , DT JJ NNS NN IN NNP NNP NNPS . PRP VBD RP PRP VBD RB `` IN NN '' IN DT NN VBZ IN VBG DT NN IN VBG JJ , CC RB IN VBG VBN , JJ IN DT JJ NN NN NN . VBG IN PDT DT NN MD RB VB DT NN VBG VBN IN NNS , NNP NNP VBD IN PRP VBD DT JJ NN VBD DT JJ NN IN JJ NN . NNS VBD DT NN IN DT NN NNS VBD VBN DT NN IN NN HYPH VBN NN : DT NN WDT VBZ VBN NNS WP VBP VBN VBN VB RP VBG RBR JJ NN . DT NN VBZ DT NN IN NNS IN JJ NNS , CC VBD CD IN DT JJ NNS IN DT JJ NNP NN . `` DT VBD DT JJ JJ NN IN DT NN IN NNP NNP HYPH CD CC VBG DT NN IN PRP IN DT NN VBZ RB JJ , '' VBD NNP NNP NNP , IN DT NNP NNP IN NNP CC NNP NNP . VBN IN NNS IN NNS MD RB VB IN NNS IN NNS , PRP VBD : `` UH PRP VBP RB VB IN JJ , DT VBZ WRB NNS VBP TO VB , CC VBP VBG , VBN IN NNS . `` CC PRP VBZ JJ TO VB DT NNS CC VBZ JJ NN IN DT NNP NN NN VBG VBN IN NNS . ''"
218,261,conspiracy,"NNP NNPS MD RB VB NN IN WP JJ NNS , NN NN NN DT NNP NNPS MD RB VB NN IN DT NN IN DT JJ NN IN NNP TO VB DT NN , NN CC NN IN NNS CC NNS IN NNP HYPH CD , DT NN IN DT NNP NN IN NNP VBD NNP . `` EX MD VB DT NNP JJ NN '' , PRP VBD IN DT NN NN IN DT NN . `` PRP VBP RB IN VBG JJR IN DT NN IN NN IN JJ NN TO VB DT NN IN NN HYPH CD RB RB IN JJ . '' NNP NNP NNP NNP VBZ VBN DT NN IN NN IN DT NNP NNP NNP -LRB- NNP -RRB- , WRB PRP VBZ DT JJS NN . JJ NNP NNP NNP CC JJ NNP NNP NNP MD VB VB DT JJ NN IN NNP , DT NNP NN VBD RB IN DT CD NNP NN ."
219,1104,conspiracy,"`` IN NNP CD , CD , DT JJ NNP IN DT NNP NNP NNP VBD DT NN IN NNP NNP NNP , DT VBN JJ HYPH NN NN IN DT NNP NNP NNP IN NNP NNP . NNP NNP POS NN , `` VBZ NNP NN RB DT JJS IN DT NN . '' , VBD IN DT NN IN DT NNP , DT JJ NN VBZ CD NNS . DT VBZ CD CD NNS IN NN . '' -LRB- NNP NNP , DT NNP NNP -RRB- RB VBZ DT NN IN DT NNP NN CC NN , IN PRP$ NN VBD RB VBN IN NNP NNP NNP POS NNP NNP -LRB- IN VBN IN NNP NNP , VB : `` `` NNP POS NNPS VB NNP NNP , NNP NNP NNP IN `` NN '' IN NN IN NN , '' CD -RRB- : `` '' IN PRP$ NN , PRP VBD NN IN DT NNP NNP NNP POS NN TO VB DT JJ NN IN NNP : IN NNP HYPH NNP IN NNP , '' VBD NNP NNP CC NNP NNP -LRB- DT NN CC NN , RB -RRB- . NNP NNP NNP POS JJ NN IN DT NN VBD NNP IN DT CD HYPH NN NN IN NNP NNP CC NNP NNP , DT NN WP VBZ VBN RB CC IN NN IN DT NNP NNP -LRB- NNP NNP -RRB- CC WP$ NN VBZ VBN DT NNS WDT VBP NN IN DT NNP . . '' -LRB- NN VBN -RRB- UH . RB RB VBZ DT NN : NFP NNP NNP , WP VBZ DT JJ NN , VBZ TO VB NNP IN PRP$ NNP NNP . PRP VBZ DT NN WDT VBZ NNS CC NNS , CC VBZ EX VBZ DT JJ NN IN NNS CC NN . NFP NN VBZ VBN IN NNP NNP , RB PRP VBZ IN NNP NNP NNP NNP , WP VBZ PRP VB DT NN VBZ JJ IN NN . NNP VBZ , IN PRP CC PRP$ NN VBP JJ NNS IN NNS IN NNP NN , NNP NNP , WP VBD DT NN IN NN HYPH NN NN IN CD . NFP NNP NNP VBZ PRP MD RB RB VB DT NN , PRP MD VB PRP PRP , VB , RB . NFP IN IN DT NNS VBP NNS WP VBP DT NNS IN NNP NNP . WP VBP PRP VB PRP . PRP$ NN IN NN MD VB . PRP$ JJ NNP NNP NNP MD VB IN DT NN . DT JJ NN PRP$ JJ NN VBZ VBG MD VB VBN RP . PRP CC NN VBP RB `` RB JJ . '' NFP NNP NNP VBZ RB CC VBZ DT NN IN NNP . VB IN DT . PRP MD VB DT NN IN NNP NN NNS VBG JJ NNS . PRP MD VB DT NN IN JJ NN IN DT JJ NN . PRP MD VB DT NN IN DT NNP VBG JJ NNS . PRP MD VB DT NN IN JJ NNS VBG NNS IN NNS , WRB NNS VBP VBN IN NNS CC NNS VBP VBG IN NN . CC PRP MD RB VB DT NN WDT VBZ DT NN MD VB VBG NN . DT VBZ RB JJ . DT VBZ IN DT NN RB JJ TO VB . DT VBZ DT NN WDT MD VB VBN , RB RB WP . VBN . VBN RP . TO VB IN DT NN : IN CD , JJ HYPH NN VBN NNP NN , NNP NNP , VBD DT NN VBG IN PRP CC JJ VBN NNS VBD VBN IN DT JJ NN PRP VBD CD NNS RBR . DT NN RB VBD DT NN IN DT NN -LRB- NNS , NNS , NN -RRB- NN CC DT NN IN NN IN JJ JJ NNS : CC IN NN IN DT NN VBD VBN . IN NN , NNP VBD , PRP CC PRP$ NNS VBD IN DT NN IN DT NNP , VBD RP DT NN NN , CC VBD RP DT NNS IN NN . DT VBZ JJ . CC NNP VBD NNS IN DT NNS . NNP NNP NNP CC DT JJ JJ NNS VBP DT NNS . NNP VBZ , IN PRP$ NN , IN PRP MD RB VB IN NNS . PRP MD VB IN NNP , IN DT NN VBZ VBN . CC EX VBZ DT NN JJ NNS MD RB VB VBN RP . IN DT NN VBZ RB JJ . DT VBZ DT NN IN DT NN , NNP . DT NN IN DT NNS IN DT NNPS IN NNP NNP . PRP MD VB PRP$ JJ NN IN DT NN IN NNP VBG VBN IN NNP NNP NNP POS JJ NN : IN PRP IN NN VBG PRP : VBD NNS IN DT NNP . JJ NNS . EX VBZ DT RB JJ NN IN DT NNP VBD RP IN NN , WP IN NN VBD RP IN NNP NNP CC VBD IN PRP$ NN CC VBD DT NN TO VB IN NN . PRP VBD , CC VBD TO VB RB . PRP VBD DT NN VBD RB JJ . PRP VBD RP PRP$ NN , JJ IN PRP VBD , CC VBD JJ . JJ NN . RB VBD IN PRP . PRP RB VBP IN DT NN WRB DT NN VBZ , WRB PRP VBZ TO , WRB TO `` VB DT NN '' IN `` JJ NN . '' . IN DT NN , DT NNP NNP VBZ VBN RP RP . PRP VBZ : `` RB , VB VB . '' NNS MD VB NN . UH , JJ , CC VB RB VB NNS DT . VB CC VB VBG , CC VB VBG PRP NN . WP VBZ WRB JJ NNS VBP VBN . CC PRP MD . CD NN CC DT , PRP MD VB VBN CC NNS MD VB PRP CC RB PRP MD VB . NNP NNP VBZ RB VBN VBN CC VBZ DT NN `` NNP '' CC NNS VBG RP IN DT NN TO VB DT NN IN DT NN : IN DT RB JJ NN IN NNP CD NNP , NNP NNP IN NN VBZ DT NN IN DT NN `` NNP : IN NNP IN NNP '' WDT VBD VBN IN DT NNP NNP NNP IN JJ NNP . NNP : VBP PRP VB NN TO VB PRP RB . NNP : PRP MD . PRP VBP VBG IN VBG DT RP RB RB IN DT NN . NNP : UH , PRP VBP RB VBG PRP . -LRB- RB RB PRP MD VB DT JJ NN IN `` NNS '' IN DT NN NN CC NN JJ NNP VBZ TO VB CC TO VB VBG TO VB NNP IN PRP$ NN , IN NNP VBZ TO VB RB RB . PRP MD VB RB RB IN NNP VBZ TO VB IN DT NN , IN NNP VBZ TO VB RBR IN DT NN , CC VB WP VBD TO VB DT `` NN , '' CC IN PRP VBZ RB JJ , VBZ NN RB RBR NN . -RRB- DT NN VBZ RB VBG , NNP NNP VBD : `` PRP VBD RB DT JJ NN . PRP$ NN VBZ RB NN . PRP VBD WP VBD VBN IN DT NN CC WRB PRP VBD VBN IN NN VBZ RB JJ CC PRP RB VBP VBG NN IN NNS WP VBP RB RBR IN PRP , PDT DT NN . '' NNP NNP NNP VBZ VBN PRP$ NN VBZ IN NNS VBP VBN IN PRP$ CD HYPH NN HYPH JJ NN POS NN IN DT JJ NN NN NN IN WDT PRP VBD DT JJ NN NNP . `` PRP VBP DT NN VBZ NN WDT NNS MD VB . PRP , IN DT NN IN DT NN WP VBZ NN , VBP JJ . PRP VBP TO VB DT NN , '' PRP VBD NNP NNP CC NNP NNP . `` CC PRP VBP RB JJ , PRP VBP JJ NNS . '' PRP VBD : `` EX VBP JJ NNS WP MD VB RB CC VB , `` UH , PRP VBD PRP$ NN NN , UH , IN NN , PRP VBD WP VBD . PRP MD VB VBN NN CC PRP VBD RB . '' RB EX VBZ JJR IN DT IN VBZ DT NN . VB PRP . '' DT JJ NN IN JJ NN VBZ VBN DT NN IN NNS CC NN . WRB VBN IN PRP VBD DT JJ NN IN PRP$ NN NNP , PRP VBD : `` PRP$ NN VBZ DT . PRP VBP RB VB . CC PRP$ NN VBZ JJ . CC DT NN VBZ JJ . '' `` EX VBZ NN RB IN NNS VBP RB VBG . CC IN PRP TO VB RB JJ RB NN : IN DT NN NN , IN PRP NNS : VBZ IN EX VBZ NN RB , '' PRP VBD . NNP NNP NNP NNP : NN CC NN IN DT JJ NN"
220,869,mainstream,"DT NNP CC NNP VBP VBN DT JJ NN NN HYPH NNS VBP VBG DT NN NN . NNS VBN IN JJ NNS VBP VBN VBG IN NN , VBG NNP HYPH CD NNS CC NN NN , PRP VBP . NNP NNS VBP PRP VBP VBN JJ NN CC VBP RB VB EX VBZ VBN DT NN NN RB RB . DT IN DT NN VBP RB VBN IN DT NN CC VBP VBN TO VB NNP , NNP CC NNP . DT CD NNS VBP RB VBN JJ NNS IN DT NN CC VBP VBN JJ NNS IN NN IN JJ NN . DT JJ NN VBZ DT NNP CC NNP VBP RB VBG DT NN IN NNS IN WDT JJ NNS VBP VBG JJ NNS , JJ HYPH NN NNS , CC NNS , VBG IN NN CC JJ NNS , VBG NN IN DT NN . VBG WRB JJ NNS VBP VBG IN DT NNP HYPH CD NN CC NN IN NN VBZ VBN DT JJ NN IN NN NNS IN DT NN . IN DT NN , DT NN MD VB TO VB PRP$ NN NN TO RBR VB PRP . CC IN DT VBN HYPH RP NN , NN HYPH NN VBZ RBR JJ IN JJ JJ NN , VBG PRP DT NN WRB DT VBG NN IN JJ NN MD VB VBN . NNS VBP PRP VBP VBG DT JJ NN IN JJ NNS IN DT NN IN NNS IN DT NN . CC DT VBZ VBN NNS WDT MD RB VB VBN PRP TO VB JJ NNS IN NNS IN JJ NNS VBP RB IN PRP$ NNS . NFP DT JJ NN : WRB VBP PRP VB PRP . NFP VBG NN : DT NNS IN NN HYPH NN CC NN , NN : MD PRP VB VBN IN NN . DT NNP NNP NNP NNP NNP -LRB- NNP -RRB- VBZ VBN VBG IN DT NNS IN DT NN IN DT NN , TO VB NN CC NN . CC DT JJ JJ NN , VBN RB IN PRP$ NNP NN , DT NNP NN CC NNP NNP NNP -LRB- NNP -RRB- , VBZ TO RB VB NN IN DT NN . `` IN NN POS NN , EX VBZ NN RBR JJ CC JJ VBG IN DT NN IN JJ NN WDT VBZ VBG TO VB IN DT NN NN , '' JJ NNP NN NN NNP NNP VBD NNP NNP JJ NN . IN NNP POS JJ NN , NNP NNP NNP NNP VBD : `` RB RB IN VBG JJ NN , DT NNP MD VB TO VB DT WP VBP NN HYPH NNS . `` CC PRP VBP VBG RB RB IN PRP$ JJ NNS CC TO VB IN DT NNS CC RB TO VB DT NNS CC DT NNS IN NN WP VBP IN PRP . '' NNP NNS VBP VBN TO VB VBN NN IN NNP NNP , IN DT VBG NN IN VBG DT NN , CC NNP NNP IN NNP , WDT VBZ VBN DT JJ NN IN DT JJ NN WDT VBZ VBN NN NNS . DT NN VBZ NN HYPH NNS VBP VBG NN NNS CC VBG NN IN NNS RB VBG , IN DT NN VBN NN HYPH NN , IN WDT PRP VBP TO VB RB VBN NNS TO VB NNS . CC NN HYPH NNS MD VB NN NNS , VBG PRP MD VB RB RBR JJ IN JJ TO VB DT NN IN DT NN IN PRP$ NNS . `` VBG DT NN NN VBZ DT NNP POS JJ CC JJS NN IN DT NN CC PRP VBP VBG RB IN DT NNP TO VB PRP$ NNS JJ , '' NNS NN NNP NNP VBD . RB , JJ NNS MD VB VBG RB IN NNP IN PRP VBP TO VB WP NNP MD VB IN DT NN POS NNS , IN DT NNP NN VBG DT NN PRP MD VB VBN IN DT NN , RB RB IN VBG IN DT NNS IN DT JJ NN IN DT NN IN DT NN ."
221,741,conspiracy,"IN WP NNS VBP VBZ DT NN RB , DT JJ NN NN VBN IN JJ NN VBZ VBN IN NN IN DT NNP NNPS . NNP NNP , NN IN NN IN NNP NNP IN NNP , VBZ DT JJ NN IN DT NN , WDT PRP$ NN VBZ IN DT NN HYPH VBN NN NN . PRP VBZ DT JJ NN WDT VBZ DT JJ JJ NN TO VB JJR NNS IN DT NN NN IN DT JJ NN NN VBZ , RB VBG PRP RBR JJ . SYM NN WRB DT NNP VBZ NN TO VB NN IN NN NNS NNP VBD RB CD NNS VBG DT JJ NN IN PRP$ NN . PRP VBD IN DT NN IN NNP VBD DT NN NN NN CC RB VBD NNS CC NN VBN , VBG DT NN IN DT RBR JJ NN , VBG : DT NNP NNP NNP VBD RBR DT NN IN JJR NNS TO VB , VB , VB CC VB CC JJ CC NN NN VBD RB VBN , IN IN DT JJ NN . SYM NN NNP : NN VBN IN NN NN VBZ $ CD CD NN IN NNP NN JJ NN NNS RB VBP RB VB JJ NN . IN NN , NNP NNP NNP VBD IN DT CD HYPH CD NN NN IN DT NNP VBD RB DT CD NN NN IN DT CD CC RB , CC DT NN IN CD NN IN DT NN NNS . NNP VBZ JJ JJ NNS WDT VBP DT JJ NN CC MD VB NNS CC VB TO VB . CC PRP RB VBZ DT NN TO VB RP CC VB RB JJR NN IN JJ IN DT JJ NN . SYM NN NNP VBZ NNP NN CD , CC JJ NN IN VBG PRP$ NN NN TO VB DT NN , NNP CC PRP$ NN VBD DT NN NN VBN `` NNP '' WDT PRP VBD TO VB NNS WDT VBD CC VBD RB VB IN DT NN . RB , PRP VBD DT JJ NN -LRB- WDT PRP VBD IN DT `` JJ NN '' -RRB- TO VB NNS IN JJ NNS . DT NN RB VBD DT NN IN WP PRP VBD VBD DT CD RBS JJ NNS . NNP VBD : NNP NNP VBZ IN NNP MD VB RB VBN IN NN NN IN CD NNS , VBG : DT NN IN DT NNP NNPS VBZ VBN IN DT NNP NNP IN NNP CC NNP NNPS . PRP VBP VBG TO VB RB CD NNS TO VB WRB PRP$ JJ NN VBZ IN DT NN . NNP VBZ IN IN DT NN VBZ IN DT IN DT JJ NNS , PRP MD VB JJ IN RB CD NNS , VBG : WP VBP PRP$ NNS IN DT . VBZ PRP$ NN VB DT NN NN DT NN . NN CD : NN TO VB RB VBN , IN NNS IN JJ NN"
222,1322,mainstream,"VBG DT NN HYPH CD NN IN NNP VBZ `` DT NN NN , '' CC DT NN IN DT NNP NNPS IN NNP VBZ VBG RP IN DT NN NN TO RB VB IN DT RB NN . IN JJS CD CC CD JJ NNS '' VB RB JJ '' CC CD CC CD MD VB JJ TO VB JJ HYPH NN NN IN NNP IN NNS TO VB RB , NNP NN NNP NNP VBD DT NNP NNP . `` PRP$ JJ NN RB VBZ TO VB JJ CC NN VBZ RB JJ IN DT . CC PRP VBP TO VB JJ DT VBZ IN DT VBN NN , '' NNP VBD IN DT NN RB NNP . DT NNP IN NN IN DT IN DT NN POS JJS JJ NNS VBZ VBG DT NN NN WDT NN NNS MD VB . RB , DT NNP NN VBZ VBG IN WRB TO VB JJ NNS RB , DT JJ NN IN NN VBZ WDT NNS MD VB RP . DT NN VBZ TO VB CD CD NNS JJ TO VB IN NNPS IN NNP . NNP VBD PRP DT `` RB JJ NN , DT NN NN IN EX RB VBD CD , '' CC CD PRP VBZ JJ DT NN NN MD VB VB . CC PRP VBD : `` IN PRP MD VB DT NN RB RB RB DT NN RBR IN RB PRP MD VB , DT VBZ VBG TO VB IN NN . '' IN PDT DT NN IN NN , NNP VBD IN `` DT NNS VBP VBG TO VB VBN '' IN NN CC NNS MD VB RB VBG IN NN NNS . RB , RB DT CD NN NNS VBP IN DT JJ NNS IN NN CC VBN TO VB , JJ NN NNS IN NNS TO VB IN JJ NNS CC IN DT NNS VBP RP DT NN NN . IN DT VBG DT JJS NN VBP CD VBN IN DT NNP CC NNP NNP , CC DT JJ NN VBN IN NNP POS NNP NNP . JJ NNS '' VBP VBG RB JJ , '' NNP VBD . `` CC IN PRP VBP PRP IN DT JJ NN CC VB PRP RP PRP VBP RB RB VB . PRP MD RB VB IN DT RB , RB JJ NN IN VBG DT IN NNS CC NNS IN NNS . '' DT VBZ JJR IN DT JJ NN RB VBZ VBN DT NN IN NN . IN DT JJ JJ NN , VBG RB IN DT JJ NN VBZ VBN DT JJ NN RB IN DT NN VBG PRP$ JJ NNS MD RB VB NNS CC VB JJ NNS , NNP VBD . DT NN : VBN NN CC VBG NN HYPH CD JJ NNS CC NNS : VBZ IN DT NN WRB NN NNS MD VB RP TO VB DT JJ NN NNS CC VB DT JJ NN IN DT VBZ DT NN IN VBG NNS IN NN NNS . DT JJ NNS VBP WRB DT IN JJS NN IN NNP HYPH CD , JJ IN JJR NNS CC NNS IN JJ NN NNS , MD VB IN DT NNS . `` IN PRP VBD DT NN WDT RB VBD IN CD HYPH NN HYPH NNS CC VBD RB VB IN CD HYPH NN HYPH NNS , DT MD RB VB DT NN , '' PRP VBD ."
223,34,mainstream,"NN IN DT NN VBZ NN . NNP , IN NN , VBZ DT NN VBG DT JJ CC JJ NN NNS TO VB VBN . DT VBG VBN , PRP VBP RB VBG NN NNS VB RP IN DT NN . NNS IN CD NNS MD RB VB IN IN NNS IN IN JJ CC JJ NNS . CC DT NNP NNP NN VBZ VBN CD NNS TO VB NN NNS . PRP VBZ JJ IN PRP MD RB VB IN NNS RB TO VB DT NN . PRP VBP VBN TO VB IN NNP , WP VBZ NN , JJ NNS CC NN HYPH NNS VBP DT JJ HYPH NN NNS IN NN CC VBG NN IN NN NNS CC NNS . PRP$ NN : `` VB RB VB , VB CC VB DT NNS , CC VB TO VB CC VB , CC RB VB PRP . '' PRP VBZ NNS TO RB VB IN PRP$ NNS POS JJ NNS IN VBG RP IN DT NN IN JJ NNS CC NN WDT MD VB CC VB PRP$ JJ NNS . RB , PRP VBZ NNS VBP PRP$ NNS CC VBP NN IN NN , IN RB VBG JJ NN , NNS CC JJ JJ NNS . PRP VBZ RB JJ TO VB IN NNS WP VBP `` NN HYPH JJ , '' IN PRP VBP IN JJ NN WDT VBZ RB RB JJ TO VB VBN JJ . DT NNP NNP NNP VBD NN NN IN CD IN DT JJ CD JJ NNS IN CD . CC PRP VBZ JJ TO VB IN DT NNS VBP RB VBG NNS WDT VBP RB PRP CC RB RB PRP$ NNS : PRP VBP VBG JJ NNS IN NN . NNS WP MD RB VB NNS VB IN NN NN TO VB PRP IN NNS . RB , PRP VBP TO VB IN DT NN HYPH JJ NNS VBP NNS PRP : IN NN VBN IN JJ NN . WRB PRP VBP NNS WP VBP RB VB NNS VBP JJ , PRP VBZ PRP IN PRP$ NNS VBG IN NNS WP VBD NN NNS IN NNP NNP NNP VBG DT NNP VBN IN NNP . PRP VBP RB JJ RB TO VB PRP MD VB DT NNS IN DT , CC PRP VBP RP IN DT NN IN IN VBG DT NN CC VBG NNS , PRP MD VB JJ IN PRP TO VB RB . -LRB- IN DT WP VBP RB , PRP VBP PRP VBD VBG DT JJ NN . -RRB- PRP$ NN RB VBD DT NN HYPH JJ NN TO VB PRP$ NN DT IN DT CD HYPH NN NNS : CC RB DT IN PRP . DT NN VBD PRP MD RB VB PRP JJ NN , CC EX VBZ DT NN IN DT NN . WRB DT NN VBZ , NNP MD VB RB : IN DT NN WDT VBZ IN VBG . DT NNP VBZ VBN IN VBG DT NN IN NNS IN DT NN . PRP MD VB TO VB WP PRP VBP IN DT CC DT IN PRP$ NNS . RB VBP DT NNS . CC RB VBZ PRP$ NN : ADD . VB DT NNP NNP NNP NNP NN IN NNP , NNP -LRB- NNP -RRB- CC NNP ."
224,1090,conspiracy,"`` DT NN PRP VBP NN : IN DT NN PRP MD VB IN NN . '' WP PRP VBP RB VBG VBN IN DT NN PRP VBP IN WRB DT `` NN NN '' NN VBD VBN TO VB DT NN NN WRB JJ JJ NNPS VBP DT NNP TO VB , VB , CC VB NNS JJ NNS IN DT NN VBP : JJ NN NN NNS IN NNP NNP NN IN NN IN NNP : PRP VBZ VBN IN NNP NNP , PRP VBZ NN IN NN NNP NNP NNP NNP IN NNS IN WP NNP VBZ : RB VBZ DT NN VBN IN CD NNS IN NN NNP NNP VBG NNP NNP NNP IN NNP NNP NNP NNP NNP NNP IN NNP CD IN NNPS JJS NNS VB IN NNP JJ NN IN NNP VBZ RB CD NNS : CD NN NN IN : NNP NNP , CC IN VBN IN PRP$ JJ NNS DT NN HYPH VBG RB HYPH VBN `` IN JJ NN '' JJ NNP NNP NNP -LRB- NNP -RRB- NN VBG IN DT NNP NN VBG DT RB CD HYPH NN NN IN NNS WDT VBD NNP NN NNP NNP VBG VBN IN PRP VBD IN JJ NN NN NNP NNP IN DT NN NN IN NNP , WDT VBD VBN IN DT NN IN NNP NNP NNP NNP , IN IN PRP$ NN NNP NNP , WP VBD VBG DT NN NN IN NNP , CC NNP NNP NNP VBG DT NN RP IN DT NNP NN NN IN PRP VBD DT NNP NNP NN NN VBD VBN VBN , VBZ IN DT NN IN NNS RB VBG DT NNP HYPH NNP NNP NNS VB DT RB RBR JJ NN RB TO VB : DT NN IN NNS WDT VBD IN NNP HYPH CD NNP WRB NNP POS NNP IN NNP VBD DT NN IN RB CD JJ NN NN NNS VBN TO VB VBG IN JJ NNS IN DT NNP , RB RB IN DT NN NN IN NNP POS NNP VBD VBN RB VBG DT JJ JJ NNP NNP NNP NN IN DT NNP : WDT VBD IN NNP HYPH CD NNP WRB NNP VBD IN NNP NNP NNP IN NNP IN DT NNP NNP : DT NN VBN JJ IN PRP VBD RB VBN IN NNP NNP , WP VBZ DT JJ NN IN DT NNP NNP NNP NNP , CC RB IN PRP$ JJ NN VBG DT JJ NN IN DT NN IN NNS , NNP VBZ DT JJ HYPH NN JJ HYPH NNP WP$ NNS VBD VBN IN NNP , RB VBG PRP VBG IN DT NNP NNP DT NN : CC IN DT JJR NN NNS IN NNP HYPH CD NNP , VBD NNP VBG IN NNP NNP IN NNP NNP NNP NNP IN NNP WRB PRP VBD VBN IN DT NN POS JJ JJS NN NNP NNP : DT IN WP RB VBD IN DT JJ NNP NNP NNP NN NN , WRB PRP VBD VBN DT JJ NNS RBR IN DT NN POS RB JJS NN NNP NNP : DT JJ NNP NNP WP IN CD VBD `` DT NN VBZ TO VB IN NNS RB IN NN '' : CC IN PRP$ NN IN DT JJ NN NN PRP VBD IN NNP CC NNP , RB VBD NNPS VBG DT NN NN IN PRP VBZ RB VBN IN DT NN IN DT NNP NN PRP VBD , RB RB IN IN PRP$ NN IN NNP POS NN POS NN IN NNS : DT JJS NN IN RB , VBZ IN WP VBZ RB VBN VBN RB IN DT JJ NN DT NNP JJ NN VBD JJ : CC VBD IN CD NNP CD WRB NNP VBD VBN : DT NN IN JJ NN WDT VBD RB NNP NNP NNP NNP RB VBG IN NNP NNP NNP NNP : CC IN PRP$ VBG DT JJ NNP NNP NNP NN NN , VBD PRP , IN NNP NN , VBG VBN IN NNP NNP CC NNP NNP , DT IN WP VBD RB RB VBG IN PRP . -LRB- NN : DT NNS CC , CC NNS VBG IN NNS IN DT NN VBP JJ NN NNS IN JJ NNS , NNS VBG DT JJ NN . -RRB- VBG IN DT RB JJ NNS IN DT RB HYPH VBN NN NN VBN TO VB VBN IN IN VBN NNS , CD IN DT RBS VBN RBS JJ NNS IN NNP VBZ NNP NNP : WP IN VBG , VBD CD IN DT JJS CC JJS JJ NN NNS VBN IN CD VBN NNP NNP NNP NNP : CC IN VBG , VBD NNP RB VBG DT NN NN IN DT NNP NNP NNP NNP , DT NN PRP RB VBZ IN DT NN . CD HYPH CD NNS RB , DT NN VBZ , JJ NN IN NNP NN NNS IN DT NNS IN DT NNP NNP NNP NNP VBD VBN IN IN DT JJ NNS NN IN DT NN NN : RB IN IN DT NN POS CD JJ NN VBN `` NN : WRB DT JJ NN NN NN VBZ VBN CC VBN '' : DT JJ NN VBN IN CD IN PRP$ VBG NN NNS NNP HYPH NNP NNP NNP : WRB PRP VBD DT NN IN WRB DT JJ NNS VBZ VBN : DT NN VBN IN CD IN DT JJ NN NN VBN NNP HYPH NNP : CC RB RB IN CD IN DT NNP HYPH NNP NN NN NN : DT IN WDT VBD RB VBN IN CD IN DT NNP NN VBG PRP$ JJ NN VBN `` DT NN HYPH IN NN IN VBG NN NNS NNS NN IN JJ NN '' : DT JJ NN WDT IN DT JJ NN RB VBD IN DT JJ NN MD VB VBN IN DT NN : RB VBG IN JJ NNS VBG VBN IN IN DT JJ NNS IN DT CD HYPH CD JJ NNP HYPH NNP HYPH CD NN NN NN NN : DT RBS VBG NNS IN RB VBP IN NN NNP NNP NNP NNP NN NN NNP HYPH NNP NNP NNP , WP VBZ RB DT NN IN NN IN DT NNP IN NNP NNP IN NNP : DT JJ JJ NN VBN IN NNP HYPH NNP : CC VBZ DT NNP WDT VBZ RB DT NN IN DT NN NN IN DT NNP WP$ NN NN RB VBZ IN CD . NNP , NNP VBZ NN IN NN NN IN IN RB JJ CC JJ NN . IN JJ JJ NNS IN NNP RB VBG NNP IN VBG NN NN IN DT NN IN DT NN , DT NN VBZ , DT JJ NN VBZ VBN RB VBG PRP VBZ DT NNPS WP VBP VBG NN : DT NNS CC NN IN WDT VBZ , RB , VB DT NNP NNPS VBZ VBG WP VBZ VBG IN DT NN NN IN NNP : IN DT CD HYPH NN HYPH JJ NN DT NNP VBD IN `` NNP NNP '' VBD DT NN IN DT NN NN WRB PRP$ NNS RB VBD VBG IN DT NN : IN DT NNP VBD RB IN DT NNS '' RB , NN VBD VBN '' : CC VBZ JJ DT JJ NN IN CD IN DT NN POS VBG NN NNS NNP HYPH NNP NNP NNP CC DT NN POS RB JJS NN NNP NNP VBG IN DT JJ NN NN NN NN IN NNP : DT NN JJ IN NN IN NNP NNP VBD WP PRP VBD DT `` NN NN '' IN CD CC VBD RP TO VB IN DT NN POS RBS JJ NNS IN PRP$ JJ NN NN : DT NN , RB , IN CD VBD NNPS VBG PRP VBD VBN : CC VBD DT NN NN NNP RB RB VBD IN PRP$ JJ NN IN NNS IN RB TO VB NNS CC PRP$ NN : `` DT NN VBZ TO VB IN NNS RB IN NN '' . IN NN IN NNP NNP POS NN IN DT NN NN PRP VBD IN CD VBG PRP RB JJ IN NN IN IN PRP$ JJ NN IN DT JJ NN NN , DT NN VBZ , VBD PRP$ NNS IN DT NN POS NNP NNP NNP NNP NN VBN IN NNP , NNP IN CD SYM CD NNP CD : DT NN WRB NNPS VBD NN NNS TO RB VB DT JJ JJ NN VBN IN DT NNP NNPS IN CD NNP CD : DT JJ JJ NN VBN IN NN CD WP$ NN VBZ TO VB DT NN IN NNP DT `` JJ NN '' IN CD : DT `` JJ NN '' , RB , NNPS , CC DT JJ NN NNS VBG PRP , VBP TO VB IN NNS IN `` NN HYPH NN NNS '' VBN IN PRP$ NNS IN NNS CC NNS : CC VBZ JJ WRB DT JJ NN , IN CD NNP , DT JJ NN VBD VBN IN DT NNP NNP NNP IN NNPS WRB PRP RB VBD DT JJ NN NN VBZ DT JJ NN TO VB DT VBN NN NN : CC WRB NNPS RB VBD IN PRP$ JJ NN DT : `` EX VBP CD NNS WDT NNP HYPH CD VBZ PDT DT NN . RB , PRP MD VB JJ NNS IN NN IN JJ NNS IN VBG NN NNS '' : IN RB DT `` JJ NNS '' VBP VBN IN DT NN RB IN DT NN . IN NNP NNP VBG DT NNP VBG JJ JJ NN IN DT NNP NNP VBD NN HYPH NN VBN NN NN NN IN DT NN VBG JJ VBD VBN RB RP DT JJ NNP IN NNPS , WDT VBD RB CD HYPH CD NNS RB : `` CC PRP VBP RB CC JJ CC JJ , JJ CC JJ , JJ CC NN , TO VB DT NN IN PRP$ JJ NN , CC IN PRP$ NNS , CC IN DT NN MD VB CC VB , VB PRP WDT VBD DT NN , CC DT NN IN DT NN , CC DT NN IN PRP$ NN . '' , DT NN VBZ , VBN JJ IN DT JJ NNS VBZ IN WP VBZ VBG RB IN PRP$ NNS VBZ JJ TO VB RB RBR JJ : IN IN NNP VBD CC NNP NNP CC NNP NNP TO VB NNP , IN PRP DT VBD VBN IN CD IN NNP NNP TO VB PRP$ `` PRP VBP VBG TO VB RP CD NNPS IN CD NNS : NNP , NNP , NNP , NNP , NNP , NNP CC NNP '' NN : CC WP$ , RB , JJS NN TO VB VBD RB VBN IN DT JJ JJ NN NN NNP NNP IN PRP$ NN `` DT NNP NNP VBZ . VB JJ PRP VB NN IN PRP '' , CC WP RB VBZ : PRP VBP VBG IN DT NN IN NN WRB DT JJ JJ NN VBZ DT NN IN NNS , CC CD VBZ VBN VBG IN IN PRP$ NN VBG IN DT NNS VBG TO VB DT NN IN JJ NN . PRP VBP RB VBG TO VB DT NN IN NN CC NN DT NN , PRP VBP VBG TO VB NNS VB JJR CC JJR CC JJR . PRP VBP RB VB WP VBZ VBG TO VB , CC PRP VBP PRP VBZ VBG TO VB NNS . NNP CD , CD , NNP CC NNP DT NNS VBN . NN TO VB DT NN IN PRP$ NN VBZ VBN IN DT NN PRP VBZ VBN IN PRP$ JJ NN IN NNP . NN . NNP NN VBN IN NNP HYPH NNP CC NNP . -LRB- NN : JJ NNS CC PRP$ NN NNS RB VBP IN DT NN VBN IN DT NNS IN IN RB TO VB PRP$ NNS IN DT JJ JJ NNP NNS CC NNS TO VB , DT NN WDT DT NNPS IN NNP NNP RB VBP IN IN VBG IN PRP VBZ DT JJ NN POS NN TO VB DT NN . IN IN PRP$ NN POS NNS IN DT IN DT NNS , DT NNS IN PRP$ `` NNS '' VBZ VBN DT JJ NN , NN NN VBN TO VB PRP , CC NNS IN PRP , WDT VBZ VBN IN JJ NNS , VBG RB . -RRB- -LRB- NN : DT NNP NN VBD VBN IN CC VBN IN DT NNPS IN NNP NNP IN CD IN DT JJ NN IN JJ NN NNS VBN IN DT JJ JJ NN NN NNP NNP -LRB- CD -RRB- TO VB DT NN VBG VBN IN DT NN TO VB PRP$ JJ CD NN IN NNP . -RRB- -LRB- NN : DT NN NNP -LRB- NN IN DT NN -RRB- IN VBN IN DT NN VBZ IN JJ NNS , VBG IN , VBG NNS WP$ JJ NN NNS -LRB- JJ NNS -RRB- VBP , JJ IN WP VBP VBN IN DT NN IN DT NNPS IN NNP NNP . -RRB- PRP VBD VBN IN DT NN `` NN NN '' : CC NNS VBN RP IN NN PRP VBD IN DT NN IN WP PRP VBD : WRB VBZ PRP$ NN IN DT NN NN ."
225,559,mainstream,"IN DT NN IN CD NN NN , NNP NNP VBD IN VBG DT JJ CD HYPH NN HYPH JJ , VBG RB IN DT NN , IN DT RB CC RB VBN NN WDT VBD DT IN PRP$ NNS , CC PDT DT NNS IN PRP$ JJ NN , IN PRP$ NN . PRP MD VB VBN VBN IN PRP : CC DT IN PRP : VBD VBN VBN . NNP VBD VBN JJ NN , DT NN IN NNS IN DT NN CC JJ NN WDT VBZ VBN IN NN VBN IN JJ CC JJ NNS . NNP VBD JJ IN DT NN IN DT RB JJ NN IN DT NN , WRB DT NN VBD CC VBD . CC PRP$ NN VBZ JJR IN DT NN IN VBG IN DT JJ NN IN DT JJ NN : DT NN WDT VBZ IN JJS CD NN JJ IN VBG JJ NN VBZ RB JJ CC RB VBN IN NN NNS . RB JJ TO VB VBN DT NN IN NN IN DT JJ NN , NNP VBD JJ IN DT IN PRP TO VB VBN . `` PRP VBZ DT JJS NN IN NNP TO VB PRP$ NN POS NNS RB VBG IN NN IN PRP , '' NNP POS NN NNP NNP VBD NNP . RB DT NN IN DT NNPS IN NNP JJ NN NN , PRP VBZ PRP$ NNS NN MD VB NNS TO VB VBN . -LRB- NNP , WP VBZ RB CD NNS JJ , VBZ CD NNS WDT VBP IN DT NN IN PRP$ NN NNS IN RB IN PRP$ NNS , IN IN JJ NNS WDT PRP MD VB NNP HYPH VBN NNS IN IN VBG . RB , PRP VBD VBG NN NN . -RRB- CC RB , DT NNS VBP VBG TO VB JJ NNS IN NN PRP VBP VBG PRP$ NN IN NN POS NN . PRP VBZ DT NN WDT VBZ PRP$ NNS : CC PRP$ NNS : IN NN , NNS VBP . NN IN NN '' VBZ DT JJ NN NN , '' VBD NNP NNP , NN IN DT NNP IN NNP NNPS CC DT NN IN DT NNP NNP NNP IN DT NNP POS NNP IN NNP . CC PRP VBZ DT NN WDT MD VB VBN IN DT NN VBN IN NN , NNP VBD . DT NN VBZ VBG DT NN VBN , CC IN NN RB VBZ WRB VBG DT NN IN JJ NN VB DT NN POS NN IN DT NN NN . VB DT JJ NN IN DT JJ NN WDT VBZ TO VB RB RB , CC PRP MD VB TO VB VBN , NNP VBD . DT NNP VBZ IN NNS CC NNS IN NNS IN NNS CC JJ NNS . DT NNS RB VBP RB JJ : PRP$ JJ , JJ NN VBD JJ NNS IN DT NNS VBG NN , WDT VBP RB VBN IN NN , NNS IN VBG PRP VBN , PRP$ JJ JJ NN VBD VBG NNS . RB , RB IN CD NNS VBD IN DT JJ NN , VBZ RB VB CD VBD DT JJ , NNP VBD . RB , VBG NNS IN NNS VBP VBG NN IN DT NNS CC VBG TO VB NNS , VBG IN PRP VBP VBG PRP JJ . -LRB- CD JJ NN NNS -RRB- `` CC DT NN TO RB VB DT NN VBZ RB DT NN HYPH JJ NN , '' NNP VBD . `` DT NN IN NNS VBP RB RB , CC IN PRP VBP TO VB PRP$ NN RP , PRP$ NN MD VB . '' DT NN IN NNS IN JJ NN NNS VBG RB VBN VBD IN RB JJ IN CD NN JJ NN , VBG IN DT JJ NN IN DT NNP NNP IN NNP NNP -LRB- NNP -RRB- , DT JJ NN WDT VBZ NN NN NN . IN JJ NN NNS VBP JJ , DT NN VBZ DT NN IN NN , VBD NNP NNP IN DT NNPS IN NNP NNP CC NNP -LRB- NNP -RRB- . `` WRB DT NN IN DT VBZ , EX VBZ RB DT JJ NN IN DT NNS NNS VBP VBN TO VB PRP IN , '' PRP VBD NNP . NNS JJ IN NN CC NNS , IN RB VBN IN DT NNP NNPS , VBP RB VBN VBN . CC WRB VBN , PRP MD VB JJ NNS . NNS WP VBP VBN PRP$ NN VB NN NN , VBP VBN , VBP IN DT NN CC VBP IN VBG DT NN , NNS , CC DT JJ NN IN WDT NNS VBP VBP RB VBN IN PRP VBD IN PRP , NNP VBD . IN NNS IN DT NN WRB NNS VBP RB VBN , DT NN IN JJ NN MD VB JJ . IN CD CC CD , EX VBD NNS IN NNS WDT VBD NNS IN DT NNP CC NNP NNP , RB . IN CD , DT NNP NNPS VBD PRP$ JJS NNS NN IN JJR IN DT NN . CC DT JJ NN IN NN NN VBZ RB VBG PRP$ JJ JJ NN , NNP VBD . `` PRP VBZ RB JJ TO VB `` PRP VBZ PRP$ NN TO VB DT JJ JJ NN , '' '' PRP VBD , IN DT NN TO VB NN VBZ DT JJ NN . PRP VBZ JJ , IN JJ , TO VB DT JJ NN RB IN RB VBN . DT NN VBZ IN NNS : VB , CD IN CD NN : IN PRP POS NN VBP RB VBN NNS . `` VBG RP '' IN DT NN VBZ PRP JJ TO VB `` NN NN , '' WRB DT JJ NN VBZ VBN JJ IN JJ NNS IN DT JJ NN VBZ VBN VBN . IN NN , DT NN NN IN CD NN VBZ JJ TO VB NN NN . CC IN NN RB JJ IN NNS , IN DT NN VBZ CD NN CC JJR , JJ NNS MD VB , NNP VBD . `` PRP VBP RB VBG IN DT NN NN , '' VBD NNP , WRB NNS VBP RB RBR VBN IN NN NN IN JJ JJ NNS . IN DT NNS VBP NN NNS WDT VBP CD NN , RB RB CD NN IN NNS CD IN CD NNS IN NN VBD RB VBN IN CD , VBZ DT NNP . DT NN NN IN JJ NN : DT NN WDT VBD NNP POS NNS : VBZ VBN IN RB CD NN . DT NN VBZ VBN IN NNS CD NNS CC JJR , CC VBZ RB RB VBN IN NN CD IN NNS CC NNS VBP RBS IN NN . IN NNS IN NN CD , NNP VBD JJ IN DT NN IN NNS . NN NN MD VB RB VBN CD NNS IN NNP DT NN . DT NN POS JJ NN IN NN , CC NN NN , WDT VBZ VBN JJR IN CD NNS IN DT NN IN NNP CD , VBZ VBG DT NN WRB NNS VBP VBN TO VB NNS , NNP VBD . IN DT CD WP VBP VBN , CD VBD RB RB JJ TO VB VBN VBN . IN JJ NNS , DT JJ NN VBZ VBN IN IN NN CC JJ NN NN . NN NNS IN NNS IN NNP VBP IN DT IN JJ NN NNS IN JJ NN NNS , VBG IN DT NNP . CC DT NNS VBP RB VBG NNS , VBG IN DT `` JJ NN '' TO VB PRP$ NN IN NN NN NNS , NNP VBD . PRP VBP IN NNS VBG DT NNP WDT VBP NNS MD VB NNS JJ CC RB RB JJ . NNS IN JJ NN NN NN -LRB- NN -RRB- , NN , NN , JJ NN CC NN : WRB DT NNS VBP JJ CC RB JJ : VBP JJ IN NNS IN NN . PRP VBZ JJ NN TO VB TO VB JJ , JJ NNS IN JJ NNS , RB WRB PRP VBP IN NNS . CC JJ NNS VBP RB VBN JJ NNS TO VB JJ . RB JJ IN PRP VBP , JJ NNS MD VB VBN IN DT NN VBN IN NN , NNP VBD . JJ HYPH NN NNS IN DT NN VBP VBN IN NNS WP VBP VBN VBP RB RBR JJ IN JJ NNS IN NNS WP VBP RB VBN . IN JJ NN TO VB JJ NN WDT MD VB DT NNS CC NNS , NNS VBP VBN DT NN IN NNS CC NN , JJ JJ CC JJ NNS , NN , JJ NN , NN CC JJ JJ NNS -LRB- IN DT JJ NN IN RB HYPH VBN CC RB HYPH JJ NNP HYPH NNP NN -RRB- . RB , DT NN IN JJ NN VBZ DT JJ CC JJ NN , CC PRP MD VB DT JJ NNS VBN RB IN NNS WDT VBP NNS DT NN MD VB DT NN JJ . DT VBP IN DT RBR HYPH JJ NNS VBN IN IN NNP NNP NNP , NN IN DT NNP NNP NNP NNP -LRB- NNP -RRB- , DT JJ NN WDT VBD DT NN IN NNS IN NNP , NNP , JJ NN . NNP , WP VBZ PRP$ JJS NN IN VBG NN HYPH VBN NN NNS , VBZ DT JJ NN , NN CC NN IN DT JJ NN . RB , IN VBN NNS VBP RB RBR JJ TO VB RB JJ IN JJ NNS , NNS IN JJ NNS IN NN HYPH VBN NN VBP RB JJR IN JJ JJ NNS . IN NN , CD NN NN VBN RP IN NNP , IN DT NNP NNP NNP NNP , VBZ DT NN WDT VBD DT NNP NN NN NN -LRB- NNP -RRB- NN , WDT VBZ IN DT VBG NN IN JJ NN IN NNS , VBZ DT NN NN . DT NNS VBP IN DT NN IN NNS VBG PDT DT NN MD , RB , VB DT NN RBR IN NN IN VBG NN CD NN . RB , DT JJ NN NN RB VBZ IN CD JJ HYPH NN NNS WDT VBD VBN CC JJ NNS IN CD NNS CC VBD DT NN IN DT NN NN CC NN CD NN . DT JJS , VBN IN DT NNP NNP NNP IN NNP IN CD , VBD CD NNS CC VBD DT NN IN NN CC DT NN . IN NNS VBD NNS , NNS VBP , JJ HYPH NN NNS MD VB JJ NNS IN NNS CC NN . CC JJ NNS RB VBP DT NN . EX VBZ , RB , DT RB JJ NN IN VBG VBN CC DT NN IN VBG DT JJ NN . IN NN , JJR IN CD NN IN NNS RB VBN IN NNS MD VB DT NN IN PRP VBP VBN IN PRP . `` NNS VBP DT JJS , RBS HYPH VBN NNS PRP VBD IN PRP$ NNS , '' NNP VBD . `` PRP VBP RBR VBN IN NNS , JJR IN NNS , RB JJR IN NNS . '' WP MD DT NN VB IN WRB VBG NNS . NNS MD VB DT NN NN , RB RB IN DT JJ NNS . IN JJR NNS , DT NN IN NN MD RB VB NN , NNP VBD . NN IN DT NN NN CC DT NN MD RB VB . `` NN VBZ RB JJ , '' NNP VBD , `` CC DT JJ NN NNS VBP RB WP NNS VBP IN . '' NNS MD RB VB VBN IN VBG PRP$ JJ NNS RP HYPH IN HYPH NN , IN RB IN PRP$ JJ NN , RB TO VB PRP$ NNS . DT NNP VBZ DT NNS VBP NN NNS RB CC NN NNS IN NNS JJ IN NN NN DT CD NNS . WRB NNP NNP VBZ IN NNS VBG NNS IN NNS , PRP VBZ , `` WRB RB VB DT JJS NN IN VBG . ''"
226,550,mainstream,"DT NNP NN MD RB VB RP NN IN NNS WP VBP IN DT NN IN NNS VBD NN IN PRP$ NNS . JJ JJ HYPH NN NNS VBP VBN TO VB DT NN IN NNS CC NN . CC DT VBD RB VB NNS IN CD NNS WP VBP EX VBZ DT NN IN VBG NN IN DT NNP NNP NNP NNP NNP , VBN TO VB DT JJ NN IN NNS WP VBP JJ JJ NNS IN NNS . IN CD NNP , DT NNS VBG DT NN VBD EX VBD DT NN IN DT NNS POS NN VBD VBN IN NN -LRB- NN IN DT NNP -RRB- , DT NN HYPH VBG NN VBN IN DT NNS . DT JJ NN VBD RB VBN RP NNS IN NN CC DT NN HYPH NNS HYPH NN NN VBZ NN . `` DT NN VBD DT NN , '' VBZ NNP NNP IN DT NNP POS NNP IN NNP IN NNP . DT NNS MD VB DT NN , CC PRP VBZ JJ TO VB VBN . DT MD RB VB DT NN IN DT JJ NN , RB . NNS VBP RB VBN VBG DT JJ NN IN NNS DT NN VBZ , RB IN DT JJ NN CC NN , IN NN . `` PRP VBP VBG DT NNS , '' VBZ NNP . `` PRP VBZ DT NN IN NN . ''"
227,402,conspiracy,"NNP NNP NNP , NN CC NN IN DT NNP IN NNP CC NNP NNP IN DT NNP IN NNP , VBZ IN JJ NN -LRB- NN -RRB- CC DT NNS VBN IN PRP . IN JJ NN IN DT JJ NNS IN NNP CC NNP , NNS IN NN , NNP NNP VBD JJ IN VBG NNP VBN . RB PRP MD VB NNS NN IN , VBG IN CD , NNP NNP VBZ VBN CC DT NN CC NN IN NNP . IN VBG PRP$ NNS , NNP NNP VBZ VBN IN DT NNP NNP NNP IN NNP , DT NN VBN IN DT DT NN NN NNP NNP NNP NNP , CC IN DT JJ NN , DT NNP NNP : NFP VBG NN , NNP VBZ NNP VBZ VBN VBN IN IN JJS RB JJ JJ JJ NNS IN EX VBP NNS IN JJ NN DT NN , CC IN DT NNS IN NN VBP VBN . NFP CC VBZ NNP JJ IN VBG NN NN IN DT NN MD VB NNS TO VB , IN VBN RB . VBG JJ NN NNS VBZ RBR JJ IN JJ NN CC RB , NN IN JJ NN . IN NNP NNP VBZ IN DT NN NN RB , IN PDT DT NNS WP VBP DT NN NN : NFP RB CD NN IN PRP MD VB DT NN RB IN PRP IN DT JJ NN , IN DT NN NN VBG VBN CC VBN . SYM CD NN IN DT NNS MD VB DT NN IN CD NNS . NFP IN CD NNS , RB CD NN IN DT JJ NN IN NNS MD RB VB DT NN NN , NN IN WP -LRB- FW , CD NN IN DT JJ NN IN VBN NNS -RRB- MD VB VBN IN DT JJ NN . NFP IN DT JJ NN IN NNS WP VBP VBN DT JJ NN , PRP MD VB CD NNS IN DT NN IN RB CD NN IN DT NNS -LRB- FW , DT JJ NN IN VBN NNS -RRB- TO VB JJ . NFP IN DT RB JJ NN -LRB- CD NN -RRB- IN NNS WP$ NN VBZ VBN JJ , PRP VBZ CD NNS IN CD NN IN DT NN -LRB- FW , CD NN IN DT NNS VBN IN NN -RRB- IN DT JJ NNS TO VB IN JJ NNS , CC RB RB IN CD NNS IN CD NN IN DT NNS IN JJ NNS -LRB- FW , CD NN IN DT NNS IN NN NN -RRB- TO VB IN JJ NNS . IN JJ NNS , IN DT RB JJ NN IN NNS -LRB- CD NN -RRB- VBN IN DT NN NN WP$ NNS VBD JJ , PRP VBZ CD IN CD NNS IN DT NN TO VB IN JJ NNS . CC WDT NNS EX VBZ IN NNP VBZ IN PRP$ NN VBZ RB CD NNS . DT JJ NNS VBD NNP NNP , IN DT CD NNP NN , TO VB IN JJ NN NNS IN NNS IN , IN PRP$ NNS , `` CD NN IN NNS WP VBP VBN IN NN RB , RB VBP JJ NN '' IN PRP$ JJ NNS VBP JJ IN VBG DT NN . DT VBZ RB WRB , IN VBN IN NNP NNP IN NNP IN NNP CD , NNP NNP VBD DT NNP POS NN IN DT NN IN NN NN NNS VBP VBN IN NNS RB JJ IN CD HYPH NNS JJ . NNP VBD : `` IN PRP VBP CD NN NNS CC DT NN VBZ RB VB : PRP VBP VBN PRP IN NN IN NN NNS , JJ CC JJ , IN DT NN . DT NN IN JJ NN VBZ NN , EX VBZ DT NN IN JJ NNS , PRP VBP RB VBN , IN DT NN VBZ IN IN JJS CD NNS , CC RB CD NN IN DT RB JJ NNS IN DT NNS VBP VBN . '' WRB NNP NNP VBD IN NNP VBD VBN VBN IN DT NNP TO VB JJ IN DT NN POS NNS CC NN VBZ DT NN . RB , RB VBZ DT JJ NN WDT NNP NNP VBZ VBN : PRP VBZ VBN NNP NNP NNP , NNP TO VB DT JJ NN IN NN NN . CC NNP CC NNP VBP VBN IN NNS VBP NN CC , RB RB , VBP VBN IN DT NNP . VB RB : NFP JJ NN VBZ NN IN NN NN CC NN : VBN NFP PRP VBZ RB NN : NN IN NN NN VBZ PRP VBZ NN , NNS VBP VBN JJ NN NNS VBN IN NN NN MD VB NN , NNP VBZ NNS IN NNPS VBN NN NN IN NN NN , JJ JJ NN NN IN NNP VBZ RB VB VBN NN NN NNS NFP VBN JJ NN NNS IN PRP$ NN , NNS , CC NNS"
228,97,mainstream,"WRB EX VBZ DT NN NN , WRB MD PRP VB JJ NN VBZ PRP . DT VBZ DT NN IN NN NN NNS . DT NN IN CD JJ NN CC JJ NNS MD VB RP VBG JJ NNS IN DT NN IN NN IN NNS VBP JJ . PRP VBP VBN IN NN NNS CC PRP VBP NN IN NNS POS : CC RB NNS POS : NNS . NNS IN DT NNP HYPH NN HYPH CD NN WDT VBZ DT NN NN HYPH CD VBP VBN TO VB CD NNS , VBN DT NN CC RB RB , CC VBP IN JJ NNS . DT VBZ DT NN IN NN IN DT JJ NN TO VB WP VBD WDT NN CC WRB . VB DT NN : PRP VBP PRP$ JJ NN NN IN DT JJ NN NN NN . DT NN RBR , WRB PRP VBZ NN IN PRP$ NN HYPH NN , PRP VBP IN PRP$ NN CC DT JJ NN . `` PRP MD VB TO VB WDT NN PRP VBD , WRB PRP VBD PRP CC VB HYPH VB WRB PRP VBP JJ IN PRP$ JJ NN , '' VBD NNP NNP NNP , NN NN IN NN NN IN DT NNP NNP NNP . NN NN : NNS IN DT NN WDT VBZ NN HYPH CD VBP RB VBN NNP NNP NNP POS `` JJS NN '' DT VBZ WRB VBG NN NN NNS MD VB RB , JJ NN NNS VBP . JJ NNS CC JJ NNS VBP RB RB DT JJ NN , EX VBP NN NNS RB RB . `` EX MD VB JJ NNS CC DT NN VBZ VBG TO VB NN TO VB NNS TO VB IN PRP MD VB CC VB , '' VBD NNP NNP , JJ NN IN DT NNP NNP NNP NNP IN NNP , NNP . VBG RP TO VB JJR IN CD CD NNPS : RB : IN DT JJ NN IN NN , DT NNPS IN NNP NNP CC NNP VBZ VBG RB IN DT NNS CC NN NN NNS TO VB DT RB JJ VBG NN . JJ IN DT NN , DT NNP VBD VBN IN DT JJ HYPH NN NN TO VB DT VBN NN TO VB NN NN NNS CC NN NNS RB CC RB VB NN IN NNS . VBN DT NNP NNP , PRP VBZ RB VBG DT NN IN NN IN JJ NN NNS . IN PDT DT NN MD VB JJ IN NN IN DT NN IN NN NNS VBZ RB VBN . DT NNP VBD RB VB IN JJ NNS . DT NNP NNP VBZ VBN TO VB DT NN IN DT NN HYPH NN HYPH CD NN , NNP VBD , CC `` EX VBP RB DT NN CC NN NNS WDT VBP TO VB VBN IN PRP MD RB VB VBN IN DT JJ NN . '' NN NNS VBD IN NNS , RB IN NNS , RB DT NNS VBP NN IN DT JJ JJ NN WDT VBZ , VBZ CC VBZ NNS RB IN DT NNPS IN NNP NN , WDT VBZ IN NNS IN RB NN IN NNP POS NNS . TO VB DT NN , WDT VBD IN CD , DT NN VBD DT NN TO VB DT NN VBZ DT NNS PRP VBP JJ IN . PRP VBZ RB VBN VBN TO VB JJ NNS RB RB . EX VBZ DT NN TO VB . JJ NN DT NNP NNP NNP NNP VBD CD CD NNS , JJR IN NN IN NNS . RB CD NN IN DT NN POS JJ NNS VBP RB VBN IN DT NN , VBD NNP NNP , DT NN NN IN DT NNP NNP IN NNP . DT NN NN MD VB PRP TO VB CD NNS . RB VBZ WRB . IN NNP , DT NN VBN IN CD VBZ IN DT NN , IN PRP VBD RP . NN DT VBZ CD CD NNS CC CD CD NNS , VBD NNP NNP , NN IN DT NN IN NN IN DT NN POS NNP IN NNP CC NNP NNPS . DT NNS IN NNP NNP VBP PRP$ JJ NN NNS . DT NNS CC NNS RB VBP PRP$ JJ , JJ IN NNP NNP NNP CC NNP NNP . VBG NNP NNS JJ IN NNP NNP , EX VBP CD JJ NNS . VBG NN NNS MD RB VB DT JJ NN IN JJS , VBD NNP . EX VBP RB RB CD NN NN NN NNS RB VBN IN DT NNS , RB VBG NNS MD RB VB IN IN DT NN IN PRP . CC PRP MD VB JJ IN JJ NNS JJ IN NN NNS CC JJ NNS WDT VBP RB VBN NNS IN DT NN RB , PRP VBD . NNS , VB : WP VBZ WRB PRP VBP NN IN JJ NNS . DT JJS NN MD VB VBG NNS IN NN NNS . DT NNS VBD VBN RP IN DT NN RB IN DT JJ NN IN IN NN NNS . TO VB NN IN DT NN , DT NN HYPH NN NN MD VB VBN . IN CD NNS , DT VBZ JJR IN CD JJ NNS TO VB CC VB RP IN NN . JJ VBP RB . EX VBZ DT NN , IN NN , IN DT NNP IN NNP , NNP CC NNP , IN PRP$ JJ NN . DT VBZ NN MD VB PRP$ JJ NN NN IN PRP$ NN IN DT NN , PRP$ JJ IN NNP WRB PRP VBP , CC IN PRP$ NN POS NN IN NNP CC DT NNS MD VB JJ . RB , DT JJS NN NN VBZ IN NNS IN DT JJ . NNP NNP CC NNP VBP RB VBN NN NN , VBN IN JJ NNS VBP IN NNP , NNP , CC VBP IN DT NNP NNP IN NNP , NNP . RB , RB NN VBZ IN CD JJ NNS . VB NNS . DT NN , NNS IN NNS IN NNS VBP JJ NNS CC VBP IN JJ NNS IN DT JJ NNP . VBG IN WRB NNS VBP JJ , PRP MD VB PRP$ JJ NNS IN NN CC PRP$ JJ NNS IN NNP CC NNP NNP . IN NNS VBP JJ IN DT NN WRB PRP VBP IN DT NN , NN '' VBZ VBG TO VB JJ , '' VBD NNP . NN NNS VBP NN IN VBG IN NN , VBG NNS DT NN NN VBZ VBN RP IN NNS IN NN RB . IN NNP NNP VBD NNP IN CD , NNS IN NNS VBD IN NNP , NNP , NNP CC JJ NNS . TO VB PRP$ NNS IN JJ NNS PRP VBD TO VB NN NNS . `` PRP MD RB VB DT NN IN PRP$ NN POS NN NN WRB PRP VBP RB VBN VBN RP , '' VBD NNP NNP , JJ NN IN DT NNP IN NNP NNPS . WP VBZ JJ . NNP NNP NNP VBZ PRP VBZ JJ IN NN NN NN CC JJ WRB RB PRP MD VB NNP VBD DT NN NN IN DT NN WDT VBD TO VB DT NN MD VB PRP , VBG DT NN . IN CD , WRB DT NNP NN NN VBD , NN NN VBD VBN IN DT JJ NN IN NN NN NNS CC VBN IN DT NNS . PRP VBD RB JJ , IN DT NNS VBG NNS TO VB IN NNS , CC PRP VBD RB RB . IN DT JJ CD NNS , DT NN VBZ VBN RB RBR JJ . `` PRP VBZ RB DT NN IN VBG DT NNS CC NN , '' VBD NNP . DT NN VBZ JJ TO VB JJ IN DT NN NN NNS VBP JJ . NNS IN DT NN NNS CC NN NN NNS VBP VBN RP NN NNS CC VBP VBG NNS DT CD NNS IN DT NNP CC NN NN NNS , VBD NNP . `` NNPS VBP VBG IN PRP$ NN NN NNS , VBG NNS CC VBG IN WP PRP MD VB TO VB TO VB PRP CC VB PRP VBP JJ , '' PRP VBD . NNP HYPH CD VBZ VB DT JJ NNS . IN NN , DT NNS CC NNP VBD DT NN IN NN NN MD VB JJ . `` NNS VBP TO VB JJ TO VB NN RP TO VB PRP$ NNS , PRP VBZ VBG TO VB DT JJ NN , '' NNP VBD . JJR NN VBZ CD NN JJ NNS VBP TO VB VBG IN PRP VBP IN DT NN . `` RB , PRP VBP RB VB DT JJ NN TO VB DT NN , '' VBD NNP POS NNP ."
229,886,mainstream,"DT NNP NN VBZ VBN IN NNS JJ CD NNS , CD NNS CC CD NN IN NN IN DT NNP JJ NN NN NN . DT NN NN MD VB PRP$ NN IN NN IN JJ NN NN NNS , WDT VBP JJ IN JJR IN CD NN IN JJ NNS IN JJ NNS . JJ NNS MD VB RB JJ , VBG NN CC NN -LRB- NN NN -RRB- , WDT MD VB IN JJ NN NN , NNS CC , IN DT NNS , NN . DT NNP NN VBN VBZ VBN NNP . PRP VBZ VBN IN DT JJ NN IN PRP$ NN POS NN . NNP VBD DT JJ NN IN DT NN TO VB DT JJ , JJ , RB VBN NNP NN NN VBG DT NNP NN . WRB MD NNS VB DT NNP NN . DT NNP NN VBZ VBN IN NNS IN PRP$ JJ JJ NNS IN : WRB TO VB DT NN NN PRP$ NN NN CC NN MD VB PRP DT NN IN PRP$ NN TO VB PRP$ NN NN IN IN PRP$ JJ JJ NNS . JJS NNS CC NN NNS VBP JJ NN CC NN NNS . IN PRP MD RB VB IN DT NN , VB DT NN TO VB DT NN . VB RP WRB PRP$ NN MD VB DT NN NN . IN DT NNS , DT NN NN MD VB NN NNS , CC NNS VBP PRP VBP RB JJ CC VBP RB VB RB . RB CD NNS , VBG JJR IN CD NNS CC NNS , VBP VBN DT NNP NN IN JJ NNS TO VB PRP$ NN . IN DT NN VBD VBN , RB CD CD NNS VBP VBN VBN , IN DT NN NNS VBN . MD DT NNP NN VB VBN IN DT JJ NN IN JJ NNS . DT NNP NN MD VB VBN IN DT JJ NN IN JJ JJ NN NNS , JJ IN DT CD HYPH IN HYPH CD NN CC JJ NN . NNS VBN DT NN NN IN PRP$ JJ JJ NNS IN CD CC CD NNS VBP JJ TO VB DT JJ NN -LRB- NN -RRB- IN CD NNS IN NN . PRP VBZ JJ TO VB PRP$ NN JJ NN VBG NN TO VB DT NN IN NN . PRP$ NN MD VB PRP JJR NN IN NN IN PRP$ NN NN . JJ JJ NN NNS VBP NN , CC NN CC NN IN DT NN NN . DT JJ NN MD RB VB IN DT NNS . VB DT NNP NN IN WRB TO VB NN TO VB CC VB NN IN NN NN . JJ NN NN NNS VBP DT JJ NN IN NN HYPH VBG NNS RB , VBG NN CC NN NN , CC DT VBG JJ NN IN NNS CC JJ NNS IN DT NNP . EX VBP CD VBN NNS IN JJ NN , CC NN NN -LRB- NNP -RRB- VBZ JJ IN RB CD NN IN JJ NNS IN DT NNP . NN CC NN VBN IN JJ NN NN NN MD VB NNS IN DT NN CC VBP RBS JJ IN NNS CC JJ NNS . JJ NNS VBP TO VB IN NNS . IN DT JJ CD NNS , IN CD CC CD NNS DT NN , RB NNS CC JJ NNS , VBP VBN NN NN , IN RB CD IN CD VBG IN DT NN . JJ IN DT WP VBP VBP DT JJ NN , JJ IN DT NN , NN NN CC NN . EX VBP NNS IN JJ NNS IN JJ NN NN NN IN DT NN , CC DT NNS VBP IN DT NNP NNP NN VBZ IN RB CD NN IN DT NNS VBG IN NNP . RB , PRP VBZ RB RB JJ WRB DT MD VB IN NNS VBN CC NNS VBN . DT NNP NN VBZ VBN IN CD JJ NNS VBN IN DT NN IN JJS JJ NN , VBN IN DT JJ NN IN CD NN NN . RB , PRP VBP DT NN NN TO VB IN JJ NNS IN JJ NN . IN JJR NN IN DT NNS IN DT NN NN , VB DT NN NN NN IN NNP -LRB- NN , CD -RRB- . EX VBP CD JJ NNS IN JJ NNS IN JJ NN : NFP DT NN NN IN JJ NNS NNP , NNP , NNP CC NNP : VBN IN DT NNP IN CD HYPH NN HYPH NNS CC JJ HYPH NN NNS NFP DT NNP , NNP NN IN NN NN NN NN CC JJ NN NN : IN NNS IN CD NN JJ VB IN DT NNS IN NN NNS ."
230,1126,conspiracy,"MD NNS VB NN . DT VBZ DT NN IN DT NN `` NNP '' , WDT VBD RB VBN TO VB VBN IN DT NNP NNP NNP , CC VBD VBN IN DT NN IN NNP CD . DT NN VBZ VBN RB JJ NN CC NN IN WP VBD VBG IN PRP$ NN MD VB VB TO VB PRP , IN PRP VBZ VBN DT NN DT RB JJR JJ NN IN IN PRP VBD RB VBN VBN IN VBN . DT NNP NNP NNP VBD VBN IN NNP HYPH VBG NN NNP NNP NNP CC NN NNP NNP IN CD IN DT NN TO VB JJ NNP IN DT CD NNS . JJ IN PRP MD VB , VBG IN NNP , PRP VBD RB JJ NNS WDT VBD VBG TO VB PRP$ NNS IN IN DT JJ NN IN `` NNP '' VBD VBN . NNP NNP VBZ PRP MD VB IN WP VBD DT NNS , CC WRB . IN NNP NNP VBD VBN TO VB DT NN , PRP VBZ PRP JJ PRP VBZ DT NN NNS VBP TO VB , VBG EX VBP JJ NNS VBG IN DT NN DT NNP VBZ CC VBZ DT NN IN NNS WDT VBP RB VBG VBN IN RB : CC PRP MD . -LRB- CD -RRB- NNP NNP VBZ DT CD HYPH NN HYPH JJ NN WP VBZ JJ , CC PRP VBZ PRP VBZ NNS IN NNS CC NN . `` EX VBZ DT NN , '' PRP VBZ , CC VBZ DT NN IN NNS WP VBP JJ , RB JJ , NNS IN NN . NNP NNP VBZ RP IN DT JJ MD VB JJ IN DT NNS WP VBP IN NNS . PRP RB VBZ DT NN IN NN RB MD VB DT NN IN CC RB TO VB PRP$ NNS . CD IN DT JJ NNS IN PRP$ NN MD VB JJ IN DT NN IN PRP$ NN , NNP NNP , VBZ DT NN NN IN DT NNP NNP NNP NNP , WDT VBZ VBN IN DT NN CC NN IN NN JJ NNS . NNP POS NN , NNP NNP , NNP VBZ RB RB JJ IN DT NN IN NN , CC VBZ DT NN IN DT NNP NNP IN NNP . -LRB- CD -RRB- DT JJ NN VBZ IN WDT NN VBZ VBN IN , PRP VBZ RB VBN IN DT JJ NN IN NNS , CC TO VB IN PRP MD VB VBN RB VBZ RB VBN . NNP NNPS NNP -LRB- NNP -RRB- VBZ VBN DT NN TO VB NNP NNP NNP TO VB VBG DT NN IN NNS . VB RB TO VB DT NN . NN NNPS NNP IN IN DT NNP DT NN IN NN NNS VBP RB VBN JJ NNS IN `` NNP . '' DT VBZ NNP NNP NNP , WP$ NN -LRB- CD -RRB- VBZ DT NN RB IN NNP NNP , DT NN IN DT NN . VBG NN , NNP VBZ JJ NNP POS NN CC NNS VBP VBN IN NN IN NN TO VB TO VB DT NN IN DT NN . DT NNS RB , IN NN NN VBZ NN IN NNP POS NN NN : RB IN IN PRP VBZ VBN PRP$ NNS RB CC RB . NNP VBZ RB VB DT JJ NN NN IN VBG JJ IN PRP$ NN IN DT NNS . IN IN JJS CD NN , DT NN VBD VBN TO VB DT NN , VBG IN NNP POS VBG NNS IN NNP NNP JJ NNP NNP NNP -LRB- WP VBD VBN DT NN JJ IN NNS -RRB- VBD RB VBN TO VB RB JJ CC , CC JJ . -LRB- CD -RRB- DT NN IN DT NN VBZ , NN PRP VBP CC VBP NNS IN VBN , VBN , NN , NN NN , DT NN VBZ VBN , DT NN VBZ VBN , DT JJ NN VBZ , CC DT NN VBZ IN DT NN , PRP MD VB RBR CC RBR VBN PRP VBP VBG NN HYPH VBN NN . DT JJ MD VB VBN IN NN VBG IN NNP IN DT JJ NN IN WP VBZ JJ CC WP VBZ RB JJ IN NN NN . EX VBP JJ JJ NNS RB RB WP VBP RB HYPH JJ TO VB IN NN NN , CC PRP VBP VBN DT NN IN PRP . CC JJ IN WP NNP VBZ , DT NN VBZ RB IN JJ WRB PRP VBZ IN NN . NN IN NNS VBZ NNP NNP VBN NN VBZ VBN IN WRB PRP VBP NNS , NN NN VBZ . RB WP VBZ DT NN IN JJ NN IN JJ NNS . DT NN VBZ DT NN VBZ RB IN `` VBN '' WRB PRP VBZ IN DT JJ JJ HYPH NN NNS IN JJ NN . RB , NNS VBP RB RB RB JJ IN RB VBN . IN NN , VBG NNS IN NN NN -LRB- NN -RRB- VBP VBN VBN IN NN NN , RB NN IN NN . RBS RB , CD NNS VBD VBG NN IN NNP NNP , NNP CC DT JJ CD IN PRP VBD VBN . -LRB- CD -RRB- IN PRP VBP IN JJS NNS , PRP RB VBD NNS DT NN VBZ VBP VBN RB VBN JJ . CC DT NN PRP VBP IN JJ NNS IN VBG NN VBG , VBG NNS , NNS CC NN NN : IN DT NN IN DT NNS RB VBG IN RB VBN NNS . RB IN DT NN VBZ RB VBN WRB PRP VBZ IN NN , RB PRP VBZ RB RB VBN WRB PRP VBZ IN NN . RB JJ NN , NNS VBD DT JJ NN IN DT NN VBZ RB RB VBN IN DT NN NN IN RB JJ NNS . -LRB- CD -RRB- VBG IN NNS , DT NN IN DT JJ NNS VBZ `` JJ NNS IN DT JJ NN IN DT JJ NN , '' CC DT RB MD VB NN . RB RB WRB VBZ NN VB DT NN . NN WP VBZ PRP VBP DT NN VBZ CC JJ CC VBG , IN RB IN JJ NN PRP VBD RB RB VB DT NN CC NN NN VBD VBN . DT NN PRP VBP JJ NNS IN WRB DT NN VBZ , CC PRP VBP TO VB IN NN EX VBZ TO VB IN WRB NNS VBP JJ NN VBD VBN NNS RB . VBD JJ NN VB NNP IN DT NNP . IN NN , PRP VBP IN JJ NN VBD NNS IN DT NNP IN CD . CC IN CD PRP VBD IN CD VBN NNS , CC IN CD EX VBD CD NNS . VBG IN DT NNP , `` DT NN IN NNS VBD VBN , '' NNP VBZ . RB VBP DT NNS PRP VBD RB VB PRP : VBG IN DT NNP , DT NN VBZ VBN IN JJ NNS IN DT NNP IN CD . RB , DT NNP NN VBZ CD NNS VBG NNP CC NNP NNS VBD IN CD CC CD . IN NN IN DT , EX VBD CD NNS IN NNP CC NN NNS VBG NN IN DT NN NN . VBG DT NN IN JJR IN CD NN IN NN JJ NNS VBP RB VBN IN NNP , DT JJ NN IN NNS NN HYPH JJ NNS CC NNS WDT VBP VBN IN CD MD VB RB JJ IN CD NNS CC CD NNS . VBG DT NNS , MD PRP VB IN DT NN IN DT NNP NN VBZ `` RB , RB JJR '' IN DT NNS . RB , PRP VBZ NNP VBD RB WP NNP NNP VBD IN IN DT JJ NN : PRP VBD DT NNS , RB VBG RP DT JJ JJ NNS , RB VBG NNS JJ IN DT NN IN RB IN CD IN CD NNS VBD VBG NNS NN VBN IN NN IN DT JJ NN . CC DT VBZ WRB PRP VBP PRP VBP VBG IN NN . VBP NNS `` RB VB '' EX VBZ DT NN IN NNS CC NN . DT VBZ RB JJ CC RB , CC RB IN DT NN VBZ VBN VBZ RB VB PRP JJ . PRP VBP VBN DT NN IN NN CC NN NNS CC NNS IN DT NNS , CC DT NN IN PRP VBZ IN NN NNS VBP RB VBG . EX VBP JJ , JJ , CC JJ NNS IN PRP , CC DT VBZ WRB DT IN PRP VBP DT NN NN CC VBP NNS CC VBP RB VB NNS IN NNS VBP VB NNS CC VBP NN VBN CC VBP . NNS MD VB RB IN NN WP MD VB VBN IN DT NN CC DT JJ NN , CC PRP MD VB IN DT WP VBP VBN VBN MD RB VB VBN CC VB NN . DT VBP JJ NNS WDT VBP RB RB VBN IN NNS IN DT NN HYPH NN NN VBG NN . RB DT NNS WDT VBP VBN VBN VBP RB RB RB RB TO VB WP DT JJ HYPH NN NNS IN NNS MD VB . IN VBN RBR , PRP RB RB VBP NN JJ NN VBG DT NN IN DT NN CC DT NN NN : DT NN WDT MD RB RB VB DT NN PRP VBP TO VB NNS CC PRP$ NN IN CC NN CC NN NN . RB , NNP NNP VBZ RB JJ WRB PRP VBZ PRP VBZ DT JJ NN , CC IN EX VBP RB JJ NNS WDT VBP TO VB VBN . PRP$ NN VBZ VBN IN IN CD CC CD NN JJ NN , IN WP PRP VBP TO VB DT NN IN JJ NN IN PRP$ NN . JJ NN VBZ DT NN WDT PRP RB VBP RB RB VB , CC PRP$ JJ NNS VBP DT NN IN DT NNS VBN `` NNS . '' DT NN VBZ IN PRP VBP NN WDT VBZ TO VB VBN IN PRP , CC IN IN PRP PRP MD VB JJR RP . CC WRB VBZ DT NN . IN JJ NNS VBP RB RB CD NNS DT NN , WRB VBZ DT NN TO VB NNS VBP RB VB DT JJ NN NN . DT NN WRB DT NN VBZ TO VB DT NN NNS VBZ IN PRP$ JJ NNS VBP DT NN TO VB PRP RB . CC EX VBZ RB DT JJ NN IN NN . IN DT NNS VBD RB VBN CC VBN , WP MD VB DT NN IN NN NN RB . IN NNP VBZ , PRP MD VB NN IN DT : DT NN IN DT NN VBZ , EX VBZ RB DT NN PRP VBP RB VB WRB PRP VBZ IN NNS CC PRP$ NNS . PRP$ NN VBZ RB RB VBN WRB PRP VBZ IN DT JJ NN , RB RB IN PRP$ JJ JJ NN . TO VB DT NN NN CC DT JJ NNS VBN IN PRP , DT CC DT `` NNS IN DT NN '' MD RB VB VBN , CC DT JJ NN DT VBZ VBN VBZ IN NN IN NN , NN , CC NN NN . PRP VBP JJ NNS IN NN IN NN , CC IN NN TO VB DT , DT NNS MD VB VBN . IN DT NN IN NNP NNP , PRP MD VB VBN PRP$ NN , IN PRP VBZ RB CD TO VB VBN CC VBN RB RB : IN DT NN IN NN `` NN NNS '' VBP RB VBN TO VB PRP VB IN IN PRP VBZ RB DT JJ NN IN DT JJ NN VBG IN DT NN . PRP VBP JJ , IN NN , CC NNS TO VB NNP NNP IN DT NN RB MD VB IN DT RBS JJ NN . IN DT NN , IN JJR CC JJR NNS VBP DT NN IN NN VB IN PRP$ JJ NN , WRB RB MD DT NN VB VBN . VB PRP$ NN IN VBN NN CC VB NN NNS IN PDT DT NN VBG DT NN CC NN IN NNS , PRP VBZ JJ TO VB PRP$ NN TO VB JJ NN NNS CC VB JJ VBN NN IN NN . PRP VBZ JJ IN NN IN NNP VB RP CC VB TO VB CC VB NN VBN NN NNS IN NN JJ NN CC NN NNS . DT JJS NN TO VB DT VBZ TO VB RB VBN IN PRP$ NN NNS CC VBG DT NNS IN PRP$ NN . JJ NN NN NNS VBP VBN IN DT JJ NN CC NN NNS VBP VBN IN DT NN NN . PRP VBZ IN DT NN NN WRB PRP$ NN TO VB PRP$ NN NN NNS MD VB DT JJS NN . PRP VBZ JJ IN NN TO VB VBN RB IN VBG RP IN DT JJ NN TO VB JJ NN NNS IN NNP IN DT NNS VBP VBG VBN IN NNS VBG NN NNS , JJ NN NNS , CC JJ NN NNS , WP VBP VBG TO VB NNS TO VB DT NN NNS IN JJ NN NNS . VBG RP IN NNP POS JJ NN NN IN NNP VBZ PRP JJ , JJ NN IN PRP$ JJ NN NNS IN PRP$ JJ NN CC NN IN PRP MD VB PRP$ NN VBN . PRP MD VB VBN RP HYPH IN HYPH NN IN DT JJS NN NNS VBG PRP$ NN NN NNS CC VB JJ , JJ NN TO VB PRP VB DT JJ NN NN NN IN PRP$ JJ NN . RB , WRB JJ NN NNS VBP RP , PRP MD VB DT IN HYPH IN HYPH NN NN CC VB IN NN NNS PRP VBP IN PRP$ NNS . RB UH , IN PRP$ JJ NN , VB RP IN DT NNP NNP NNP . VB PRP$ NN IN DT NN CC NNS PRP VBP IN PRP CC DT NN NN VBZ VBN DT JJ NN NN , NN , CC NN , UH VB IN PRP . IN PRP VBP RB VB NN CC NNS IN CD DT , NN VBZ JJ CC JJ TO VB RP . VB DT NN IN DT NN IN PRP VBP DT JJ NN IN DT NN NN WDT VBZ IN PRP$ JJ NN . VB DT NN RP IN DT NN NN NN WDT VBZ RB VBG CD NN IN DT NN NN . PRP MD VB JJ IN PRP , PRP VBP TO VB JJ IN PRP MD VB RB VBN IN VBG TO VB IN DT `` JJ NN '' IN DT NN NN . VB VBN IN PRP CC VB DT NN TO RB VB RP . RB IN VBG PRP$ NN CC WP PRP VBP TO VB JJ IN NN , MD DT JJ NN IN NN VB RP IN NNS VBP RB JJ TO VB IN PRP . PRP MD VB DT NN NNS CC JJ NN NNS VBN IN NN NNS CC JJ NN NNS VBG VBN NN IN DT VBG NN IN NNS TO VB DT NN IN NN . DT NN VBN MD VB VBN IN DT NN CC VBN IN NN JJR IN `` RB JJ JJ NN '' IN JJ CD HYPH NN HYPH NNS HYPH DT JJ NN NNS WDT VBP NN RB JJ NNS IN NN IN NN CC NN . PRP MD RB VB VBG NNS IN NN NNS RB IN JJ NNS . NN NNS WRB PRP MD VB JJR PRP VBP PRP TO VB DT NN IN DT JJ NN , DT NNP NNP NNP NNP -LRB- NNP -RRB- , IN NNP SYM NNP NNP IN NN NNS : NN NNS CC NNS IN NNS CC NNS , WP VBP VBN NN NNS , NNS , CC NNS . IN PRP CC PRP$ NN VBZ DT JJ NN NN , UH VB VBG CC VBG PRP$ NN RB . NFP IN PRP VBP , VB CD NNS : VB WRB TO VB NN NN NNS CC VB NN NNS . SYM NN NN NN : NN CC VB NNS IN NN CC NNS IN NNS , NNS , CC NN CC NN NNS IN VBG JJ NN NNS . SYM NN NN NN : NN CC VB NNS IN NNS WDT VBP VBN TO VB CC VB DT VBN IN NN . VB IN PRP$ NN CC VB DT JJ CD WDT MD VB CC NN IN PRP$ NN CC NN VBZ TO VB JJ NN IN PRP CC PRP$ NN IN PRP VBP TO VB NNS PRP VBP RB VB , PRP RB VBP PRP TO VB DT NN TO VB DT NN . NN , NN , CC NN IN JJ NN VBZ VBG DT NN NN IN DT JJ NN IN DT NN TO VB DT NN IN NN IN JJ NNS IN NNS IN PRP VBP RB VBN IN NN CC NN . RB , EX VBZ NN . IN JJS CD NN IN JJ NNS RB VBD VBP IN PRP VBP VBG TO VB DT RBR JJ NN IN NNS IN JJ NN IN DT NN NN NNS IN NNS . PRP VBZ JJ NN IN EX VBZ DT VBG NN IN JJ JJ NNS , WP VBP TO VB IN NNS IN NNS IN VBG JJ NN NNS IN NNS , VBG VBG NNS CC VBG NNS JJR NNS IN DT JJ NN CC VBG TO VB JJ NN IN DT NNS , WP VBP NN IN CD CC JJR NNS . RB VB DT NN TO VB DT NN , WP VBZ PRP IN NN CC NN , CC VBZ JJ TO VB IN PRP TO VB WP VBZ JJ IN PRP$ NN . IN DT NN : DT VBG JJ NN VBZ JJ IN VBG CC RB VBG NNS IN NNPS , CC DT VBG NNS IN NNS IN NNP IN PRP VBD DT NN IN CD : PRP VBP RB RB IN DT JJ CD NN NNS IN DT NNP : VBZ PRP IN PRP , RB , VBP VBN RP IN PRP$ NN . PRP VBP JJ NN NNS IN DT NN , CC DT VBZ WP PRP VBP ."
231,632,mainstream,"DT NN WDT VBZ JJ HYPH VBN NNS TO VB NNS JJ IN DT NN POS RBS JJ NNS MD VB DT JJ NN IN VBG NN . NNP VBZ VBN VBG IN JJ NN NN NNP , VBG PRP$ NNS IN NNP , NNP CC NNP NNP . DT NN VBZ JJ TO VB NNS VBN IN NNS IN JJ NN NNS . IN PRP TO VB PRP MD VB VBN IN CD CC CD NNS NNP . DT VBZ RB JJ TO VB DT NN IN DT JJ NN HYPH CD NN . NNP NNP , VBG NN IN NNP , WDT VBZ VBN IN NNP , NNP , VBD : `` IN DT NN JJ NNS VBP DT NN VBN TO VB DT NN IN DT JJ NN CC DT NNS JJ . `` DT JJ NNS RB VBP NNS IN DT JJ NN WDT VBP DT NNS IN DT JJ NN IN DT NN . '' DT NNS VBD IN VBG NN IN JJ VBN `` IN CD '' . `` PRP VBP IN RB JJ NNS , RB VBN IN NNS POS NNS IN DT NN IN NNS , TO VB DT NNS IN DT JJ NN NN IN NN IN RB JJ NNS , '' NNP NNP VBD . NNP NNP , CD IN NNP POS NNS , VBD DT JJ NN IN DT JJ HYPH VBN NN IN VBG IN NN NNS IN NNP CC NNP IN CD . `` PRP VBD IN NN NNS CD NNS IN DT JJ NN , '' NNP NNP VBD . `` EX PRP VBD JJ EX VBD DT NN NN , CC DT VBD PRP DT NN IN NN NN CC NN , CC PRP RB VBD RP IN RB . '' NNP NNP VBD RP TO VB DT JJ NN , CC PRP VBZ JJ IN DT NN NNP VBZ VBN , CC VBZ TO VB , IN DT NN HYPH VBG NN . `` DT NN IN JJ NNS VBP IN DT JJ NNP NN CC PRP VBP VBN RB CC VBP RP IN DT JJ NNS CC RB MD VB TO VB RB , '' PRP VBD . IN NNP , NNP NNP VBZ VBG DT JJ NN IN JJ NN . DT NNP NN VBZ VBN $ CD CD IN NN IN DT JJ CD NNS TO VB DT NN IN NNP . JJ NN NN , NNP NNP NNP , VBD NN VBD VBN WRB JJ NNS VBP . `` IN NN NN NNS VBP , PRP VBP TO VB JJ DT JJ NN MD VB JJ IN NN , '' PRP VBD . `` NNP MD VB JJ IN VBG DT , IN PRP MD VB DT NNP CC DT NNP IN JJ NNS IN NN . '' NNP JJ NN , NNP NNP NNP , VBD : `` DT NN MD RB RB VB NNS IN NNS IN NNS IN NN , PRP MD RB VB NN NNS TO VB CC VB IN DT JJ NN IN NNP HYPH CD VBZ VBN . `` DT VBZ PRP$ JJS NN IN JJ NNS WDT , IN PRP VBP VBN RB RB RB IN JJ NNS , VBP RB VB NNS . `` RB , PRP VBZ PRP MD VB PRP$ NN VBG JJ NNS TO VB JJ NN IN DT NN HYPH CD NN . '' IN CC WRB DT NN VBZ VBN , NNP POS NN MD VB JJ , VBG IN NNP NNP . `` PRP VBP IN JJ NN IN PRP$ NNS IN NNP CC NNP IN DT JJ NNS IN DT NNP HYPH CD NN , '' PRP VBD . `` PRP VBP IN DT NN IN DT NN VBZ JJ TO VB JJ NN CC RB PRP$ NNS VBP JJ TO VB VBN IN DT NN TO VB IN DT JJ NN . ''"
232,237,mainstream,"WRB VBP DT NNS IN NN NNS VBN IN JJ NNS . NNS VBP RB VBN IN NNS IN DT NN DT NN VBZ VBN VBP DT JJ NN . CC RB DT NN IN DT NNS VBP VBN IN JJ NNS RB MD VB IN DT NN . PRP VBP IN JJ NNS , RB JJ NNS , VBP RB VBG IN DT NN IN NNS . `` DT NNS VBP PRP DT NN IN EX MD VB DT JJ NN IN DT NN IN NNS VBN , '' VBZ NNP NNP , NN IN DT NNP NNP IN NNP NNP IN NNP , NNP . DT NNS VBP DT NN IN NN NNP NNP IN NNP NNP IN NNP NNP CC NNS . PRP VBP VBN CD NNS VBG TO VB DT NNS IN DT RB JJ NN IN NN NNS VBN IN JJ VBN NNS IN DT JJ CD NNS . PRP VBP VBN CD NNS WDT VBP VBG RP NN NNS , CC VBD IN DT NN IN RB NN IN DT VBN NN . JJ NNS VBP DT RBS JJ NN . IN CD , DT NN IN NN VBN IN NNP VBD VBN JJ NNS . NNP CC PRP$ NN NNP NNP VBD DT JJ NNS IN RB CD JJ NNS IN NN CC VBD IN CD IN CD VBD RB VBN VBN IN JJ NN . VBN IN DT NN IN DT NN , PRP VBP IN DT NN IN NN VBD RB CD JJ NNS IN NN IN CD CC CD , CC CD NN NN IN DT NN IN VBN IN DT NN . JJ NN VBZ IN DT JJ NN IN DT JJ NN . NNS VBP RBR JJ IN DT NN IN PRP VBD TO VB , CC RB DT WP$ NNS WP VBP JJ NNS IN NN VBP VBN RBR JJ TO VB RP NN . NNP CC PRP$ NN NNP NNP VBD DT NN . PRP RB VBD WRB DT NNS IN DT NN VBG VBN IN NN NN IN PRP CC PRP VBZ RB IN DT NN WDT VBZ RB VBN VBN . PRP RB VBD DT NNS IN NNS IN CC IN NN IN NNP TO VB DT NN IN NNS WP VBD VBN RP RB IN DT NN VBN IN DT NN . PRP VBD RB JJ TO VB DT NN IN JJ NNS WDT MD VB VBN VBN IN DT NN IN JJ NNS . PRP VBD DT NN IN CD NN NN . DT JJ NN IN DT NN IN NNS VBZ IN NNS . NNS IN NNP VBP VBG NNS RBR IN NN , IN PRP VBP IN JJ IN DT NN IN NNP NNP CC NNP . DT VBZ VBG RP NN NNS , IN NN VBZ VBN IN JJ NNS WDT JJR NNS VBP RBR JJ TO VB RP IN PRP$ NNS . NNP CC NNP VBD IN DT JJR NNS VBP JJ IN CD NN NN IN DT JJ NN NNS . NN NNS VBP NNP POS NN VBZ JJ IN PRP VBZ DT JJ NN IN DT JJ NNS . `` NNP VBZ VBG PRP DT NNS PRP VBP VBN VBG IN , '' VBZ NNP NNP IN NNP NNP , DT NNP NNP HYPH VBN NN WDT VBZ NN NN . RB PDT DT NNS , RB . RB , DT CD NNS VBP IN RB PDT DT JJ NNS . RB WP VBZ IN DT JJ NN . `` PRP VBP PRP VBD , '' VBZ NNP . `` EX VBP JJ NNS VBG VBN , CC RB CD VBG NN . '' NN NNS , WDT DT NNS VBP IN DT NN , VBP VBN VBN RP IN JJ NNS . NNP VBZ IN JJ NNS VBP RBS JJ TO VB IN DT NN , IN NN TO VB RP WDT VBP TO VB MD VB NNS . CC JJ NNS VBP IN DT NN . NN VBD TO VB RB VBN , IN NN IN PRP VBD VBN TO VB IN IN JJ NN . DT NN IN DT NN VBZ VBN NNS CC NNS RBR JJ TO VB DT NN , WDT MD VB VBN IN -LRB- DT IN -RRB- DT JJ NNS , VBZ NNP NNP , DT NN IN NNP NNP NNP IN NNP NNP . DT CC JJ JJ NNS , RB IN NN IN DT NN IN NNS WDT MD VB VBN IN DT NNS RB VBN IN NNP , MD VB IN JJ CC DT IN DT JJ NN , VBZ NNP . NN NNS : NNP CC NNP : NNP NNP IN NNP , NNP : CD : NNP CC NNP : NNP NNP IN NNP , NNP : CD : NNP CC NNP : NNP NNP IN NNP NNP , NNP : CD"
233,1155,mainstream,"DT NN IN NNP NNP NNP VBZ DT NN IN DT NNP HYPH VBN NN NNP NNP NNP -LRB- NNP -RRB- . DT NN VBZ DT NN VBN `` VBG IN NNS . '' DT NN IN DT NN VBZ TO VB JJ NNS IN NN NN CC JJ NNS WDT MD VB PRP VB NN IN JJ NNS CC NNS . IN NNS VBP NN IN JJ NNS , PRP VBP VBN DT NN IN DT VBG NN NNS : DT IN DT NNS VBZ NNS IN JJ NNS RB RB IN NNP , CC IN NNP , DT NNP NNP IN NNP , DT NNP NNP NNP IN DT NNP POS NNP IN NNP , DT NNP IN CD , DT NNP NNP IN NNP CC NNP NNPS CC DT NNP NNP CC NNP NNP , NNP , CC JJR . NNS VBP NN NNS IN NN NNS CC NNS , NNS , NN NNS , NNS , CC NNS IN NN NNS . NNP NN NNS JJ IN NN NN NNS MD RB VB VBN IN PRP$ `` NNS '' NN IN ADD NNP POS NN RB VBZ CC VBZ DT NN IN `` VBN NNS NNS '' : JJ HYPH NN NNS IN NNS WP VBP VBN CC VBN IN NN HYPH JJ NNS , VBG JJ JJ NNS , NNS , NN NNS , CC NN NNS . VB ADD DT NN VBZ NNS IN NNS VBN IN NN HYPH JJ NNS : VB ADD DT NNP NNP NNP VBZ PRP$ NN IN VBG NNS VBN IN JJ NNS CC JJ NNS RB RB IN IN VBG NN NNS VBN IN JJ NNS WDT VBP NN CC VBP NNS . NNP VBZ RB VB NN . DT VBG VBZ DT NN IN JJ NNS CC NNS WDT VBP NNP POS NN IN JJ NN : NFP NNPS IN NNP NNP CC NNP : NNP NNP IN NNP CC NNP NNPS , NNP , NNP NNS : NNPS POS NNP IN NNP , NNP SYM NNPS : IN NN IN NNP NNP NNP CD CC NNP NNP NNP , IN NN IN NNP NNP , IN NN IN NNP NNP , NNS , NNS , CC NNS : NN NNS , NNS , NN NNS , NNS , JJ NNS , NNS , NNS IN NN , NNP NNP NNS , NN NNS NNP POS JJ NN IN ADD VBZ JJ CC NN HYPH JJ NN IN DT IN PRP$ NNS CC NNS . DT NN VBZ VBN IN NNP NNS WP RB VBP NNS IN NNS IN NN IN NN CC NN NN . NN NN CC NN IN NN NNS IN JJ CC NN NNS , JJ NNS , NN , NN , CC NN NNS VBP NNP RP IN NN IN NN NNS , NN , CC JJ NNS . JJ NNS VBP VBN IN JJ NN IN NNP . NN NNS VBP `` VBN '' CC `` VBD '' NNS TO VB NNS IN NNS IN DT NN ."
234,232,mainstream,"IN DT JJ NN NN VBZ VBN IN NNP , NNS RB RBR VBP TO VB PRP$ NNS VBP VBN VBN : VBG DT NN IN NNS , VBN IN DT JJ JJ NN . IN CD , DT NNP NNP NNP NNP VBD VBN NNP TO VB NN NN NNS . CC RB CD NNS RBR , DT NN VBZ RB VBN DT NN NN IN NNS , DT NN VBG IN NNP CC DT NNP , CC WP$ NNS RB VBP NN IN DT JJ NN IN JJ NNS . `` CD JJ NNS VBP JJ CC IN JJ NNS JJ , IN RB JJ , '' NNP POS NN NN NNP NNP VBD , IN DT NN RP IN DT JJ NN IN NNP . DT NNS NN IN NNP IN DT NN VBZ RB IN DT CD HYPH NN NN . NNP NNP , IN DT NNP NN , CC RB DT NN POS NN JJ NN , VBZ NN IN JJ IN JJ VBG NNS JJ IN PRP$ JJ NN NNP NNP NNP CC NNP NN NNP NNP . IN NN IN PRP$ JJ NNS , PRP VBP RB VBG TO VB NN . DT NNP CC PRP POS NN NN , DT NNP NNP NNP , DT VBD IN JJ NNS IN DT JJ NN , VBG TO VB DT VBG NN WDT VBD NNS JJ . RB IN VBG DT NN , DT JJ NN NN NNP NNP VBD DT VBG NNS IN VBG NNS TO NN HYPH VB IN PRP$ NNS VBP VBN DT JJ NNS , RB JJ IN NN NN . CC DT NN RB VBD DT NN TO VB NN IN NNS MD RB VB VBN IN DT CD HYPH CD NN NN . IN CD NN , NNS RB VBP DT NNP CC DT NNP NNP NNP IN NN . CC IN DT JJ , NN CC JJ NN IN JJ NN VBZ VBN DT NN IN DT JJ NN RB RBR JJ IN JJ NNS , JJ IN DT IN VBN NN NNS . `` PRP VBP RB JJ , '' VBZ NNP NNP , IN NNP , DT NN NN IN JJ NNP . `` PRP VBP DT CD HYPH NN HYPH JJ JJ NN WP VBZ IN PRP$ NN . PRP VBP IN NNS MD VB NN , CC DT VBZ WRB PRP VBP VBN VBN IN NNS VBP DT NN TO VB IN PRP MD VB PRP$ NNS CC RB . '' NNP NNP VBZ DT NN NN IN NNP , DT NNP NNP IN NNP IN NNP : CD IN DT RBS RB HYPH VBN IN PDT DT JJ `` JJ HYPH NN '' , CC NN NNS . `` PRP$ NN VBZ VBN IN DT JJ CD NNS , CC IN JJ IN DT JJ CD NNS , '' PRP VBZ . `` VBP PRP VB TO VB WRB JJ PRP VBP . `` VB DT NN IN DT NN NN . VB IN DT NN IN JJ NNS , CC PRP MD VB WRB JJ PRP$ NNS VBP . '' DT NNS VBP RB WRB DT NNP NNP NNP VBZ RB JJ IN DT NN IN DT JJ NN IN NNP , DT NN POS NN NN VBZ RB IN DT NN . TO VB NN IN NNS , CD SYM CD NN NN IN DT NN MD VB VBN , DT NN NN NN . CC IN CD , NNP POS JJ NNS NN NN VBD RB CD NN NN IN DT JJ NN CC CD NN NN IN DT JJ NN . NNS VBP IN RB IN VBG DT NN IN DT JJ NN NN , DT NN VBZ VBN DT JJ NN . WRB NNS NNS VBD IN NNP IN CD , DT NN IN NNS VBD CD NNS JJR IN DT NN RB . DT CD NNS IN DT JJS NN IN NNS VBD NNP CC NNP , IN NNP VBG IN CD NN NN IN JJ NNS . CC IN DT NN IN CD IN DT NNS , CD NN NN VBD JJ NNS , VBG IN DT NNP NNP IN NNP NNP CC NNP . IN CD NNP NNP , DT JJ NN NN , VBD IN DT NN IN NNS IN VBG DT NN WDT VBD NNS IN DT NN IN CD TO VB CD JJ NNS IN VBG IN NNS CC NN . CC DT JJ NN NN VBD TO VB DT NNS NN : CC JJ NNS VBD IN PRP . `` WP NNP VBZ VBG VBZ RB DT JJ NN , CC NNS POS NN IN DT JJ NN IN NNS . PRP VBZ DT NN IN JJ NNS CC JJ NNS , '' VBZ JJ NN NNP NNP . `` DT VBZ RB DT NN IN DT VBN JJ JJ NN NNP NNP , CC DT NN IN NNS WP VBP IN PRP , VBG TO VB JJ NN IN NNS . `` VBN IN PRP VBD VBN VBG NN NN , PRP MD VB DT IN IN DT NNS VBN IN JJ NN . '' NNP NNP VBZ VBN DT JJ NN IN DT NNS IN NNS . CD NNS RB , NNP VBD DT NN IN DT NNP VBG DT NN IN DT NN -LRB- NNS HYPH NNS HYPH NN -RRB- NN CC NN CC JJ NNS . DT NN VBZ IN DT NNS IN NNS POS VBG NN IN NN : CC NNP NNP VBD IN NNP VBD VBN NN CC VBD DT NN IN NN . IN DT NNP PRP VBD TO VB , DT NN VBD `` JJ NN '' RB IN DT NN VBD JJ . RB , DT JJ NN VBZ TO VB VBN RB , CC JJ NN IN NNS VBZ TO VB , CC , IN NNP NNP VBZ RP , DT NN VBZ NN . RB VBD DT NN IN NNP NNP : WP VBD CC VBD IN NNS CC NN VBP VBN : IN JJ JJ NNS VBD DT NN IN JJ NN IN PRP$ NN NNS . IN DT JJ NN , NNS VBP VBG TO VB CC VB . NNP NNP , DT NN IN NN CC NN IN DT NNP NNP HYPH NNP NNP NNP IN NNP , VBZ VBG TO VB JJ NNS TO VB NNS . `` DT NN IN NN NNS VBD NNP JJ IN NNP CC NNP : DT VBZ JJ , '' PRP VBD . `` NNS VBP JJ IN JJ NN : DT JJ NN MD VB IN RB NNS WDT MD RB VB VBN IN IN NN MD VB VBN IN NNS . `` PRP MD VB VBG DT WRB PRP MD . DT VBZ VBN PRP NNS IN NNS CC NNS IN NNS , RB . ''"
235,451,conspiracy,"DT RB JJ NN NN , WDT MD VB VB JJ NN TO VB JJ NN IN DT NNP , VBD DT NNP IN JJ NN . DT NN VBD RB VBN IN DT NNP IN NNPS IN NNP NNP NNP -LRB- NNP HYPH NNP NNP -RRB- CC NNP NNP -LRB- NNP HYPH NNP NNP -RRB- . DT NNP VBD DT NN IN NNP CD . PRP VBD VBN IN DT NNP IN NNP NNP NNP -LRB- NNP HYPH NNP -RRB- , NNP NNP -LRB- NNP HYPH NNP NNP -RRB- , NNP NNP -LRB- NNP HYPH NNP -RRB- CC NNP NNP -LRB- NNP HYPH NNP -RRB- . PRP VBZ RB VBG VBN IN NNP NNP NNP NNP IN PRP$ NN . `` DT JJ NN MD VB PRP$ NNS IN DT NNS PRP VBP TO VB PRP$ NNS DT NNS IN DT NNP , '' NNP VBD IN NNP , VBG IN `` DT JJ NN MD VB PRP$ NNS IN DT NNS PRP VBP TO VB PRP$ NNS DT NNS IN DT NNP . '' NNP VBD IN `` NN VBZ DT JJ NN , '' CC IN `` VBG TO VB DT JJ NN MD RB VB NN RBR JJ TO VB PRP . `` PRP VBP PRP$ NNS IN VBG DT NN IN DT NN , CC PRP VBP RB IN -LRB- NNP -RRB- VBG PRP , '' NNP VBD . JJ JJ NNS VBD RP IN NN IN DT NN POS NN . NN : PRP IN NN IN NN -LRB- NNP -RRB- VBP PRP NN WDT VBZ RB VBN IN DT JJ NN , CC RB MD VB JJ . DT NNS , NNS , NNS , CC , CC NN PRP VBP VBP RB RB VBN , VBN , VBN , CC VBN TO IN VB IN NNP , PRP$ NN NN , NNS , DT WP VBP IN NNP , CC DT WP VBP PRP$ NN . RB , PRP VBP RB JJ . UH VB NN . VB JJ NN , PRP$ JJ NN CC PRP$ JJ NN IN NNP , NNP CC JJ NNPS TO VB PRP VB WP VBZ JJ CC WP VBZ RB . IN VBG NN CC VBG NN , PRP VBZ PRP$ NN TO VB NN CC NN IN JJR NNS TO VB PRP IN NN IN DT NN IN DT NN NN ."
236,1214,mainstream,"NNS IN NNP VBD IN NNP IN NNS VBP IN DT JJ NN NN IN DT JJ NN IN DT NNP NN . NNP NNP POS NNP VBD CD NN IN NN IN CD , IN NNS IN NN NNP NNP VBG CD NN . IN NNP , DT NNP CD VBD PRP$ NN NN CD NN JJR IN CD IN NNS IN NN NN NNP VBD CD NN . DT NNP NN RB VBD CD NN IN NN IN CD . NNP NNP POS NNP NNP NN VBD CD NN , IN IN PRP$ JJ NN IN NN , IN NNS IN NNP VBG RB CD NN . JJ JJ NNS VBD JJR IN DT NN , IN DT NNP NN RB CD NN IN RB CD IN DT NNP NN VBD CD NN IN CD . RB IN NNP , DT NNP , NNP CD VBD CD NN IN VB IN CD . IN JJ NN , NNS IN NNP NNPS VBD RB CD NN IN DT NN POS NN VBD DT NN IN DT NN TO VB IN NN NN IN NN NN , NNP VBD NNP VBG DT JJ JJ NN . DT NNS VBD VBG JJ NNS IN NNP VBD `` JJ '' NN CD NNS IN DT JJ NN NN . DT NN VBD IN IN CD NNS DT CD NN NNS VBD VBN NN NNS . `` PRP VBP : PRP VBP DT NN IN NN NN CC NN VBZ JJ RB CC DT JJ NN VBZ RB RB JJ , '' NNP NNP , VBG NN IN DT NNP NNP NN IN NNP NNP NNPS , VBD NNP `` NNP NNPS '' IN NNP . VBG IN DT NN NN VBG DT JJ NN IN NNP , NNP VBD : `` PRP MD RB VB NNS JJ HYPH NN CC PRP VBP DT NN WDT PRP VBP VBG TO VB IN VBG NNS VBZ DT NN IN JJ NNS CC JJ NN . DT JJ NN DT NN VBZ VBG TO VB RB JJ IN NNS RB , CC IN JJS NNS . '' JJ NNP NNP NNP RB VBD NNP IN PRP$ NN MD VB $ CD CD RB CD NNS TO VB JJ NNS VB DT NN IN DT NN NN ."
237,589,mainstream,"NNP VBD VBN IN CD , VBD JJ IN CD , CC VBZ RB DT JJ NN IN JJR IN CD NNS CC CD HYPH CC NNS . CC PRP VBZ RB VBN PRP$ NN HYPH RP NN . CC RB VBD PRP VB IN JJR NN CC NN IN NN IN IN NNP CD , WRB DT NNP HYPH CD NN VBD RP CD NNS : RB VBG NN NN CC DT RB JJ NN IN VBG RB . DT NN POS NN NN CC NN NNS VBD RB IN HYPH DT HYPH NN NN JJ , CC IN VBG NNS CC IN NNS WP VBD NN VBG VBN RP IN DT NN . NNS IN NN NNS CC DT NN NN NN VBD VBN RB . NN VBD DT JJ NN NN IN NN NN TO VB DT NNS WDT VBD VBG IN DT NNP HYPH CD NN . NNP POS NNS VBD IN PRP$ NNS VBD JJ CD NN IN DT NN IN DT NN IN VBG NN . NNS IN CD CC CD NN NNS RB VBD TO VB IN CD . JJ NNS VBD JJ NNS RB . NNS IN DT NNS VBD TO VB DT NN PRP VBD , RB IN RB . DT NN , NNP VBZ , `` VBZ VBN DT NN IN PRP CC NNS TO VB RBR JJ , TO VB RP NNS WDT RB VBD JJ , TO VB JJ NN , CC TO VB IN JJ NN . ''"
238,1302,mainstream,"NN VBZ VBN IN DT NN , CC VBZ VBN CD NNS CC VBD CD VBG IN NNP NNP NNP . NNS VBP VBN VBG RB IN NNS TO VB VB DT NN , IN DT VBG JJ JJ NNS RB . NNP NNP NNP VBZ VBN IN DT NN VBZ VBN CC VBZ `` VBG IN NN '' . IN DT VBZ , PRP VBZ IN NNP HYPH CD MD VB IN DT NN . PRP$ NNS VBP VBN IN WRB NNS IN NNP VBP RB VBG RB JJR IN WRB DT NN RB VBD . NNP VBD CD IN DT JJS VBN NNS IN NNP , VBG CD NNS CC CD NNS . VB JJR : NN NN : RB CD IN CD NNS VBN TO VB JJR TO VB NNS NNP NNP VBZ IN DT NN VBG MD VB IN IN DT JJ NN VBG PRP RBR JJ . PRP RB VBZ VBN NNS , CC JJ NN VBG TO VB DT NN IN NNS . PRP VBD DT NNP NNP : `` PRP VBD IN DT JJ NN IN NNP CC NNP CC RB PRP VBZ IN DT JJ NN . `` RB JJ NNS , JJ CD CC CD , VBP RB VBG RP IN NN CC PRP VBP VBG IN NN . `` DT JJ NNS MD VB VBN IN CD CC CD NNS RB . '' PRP$ NN VBZ IN DT NN POS NN IN NNS VBG VBN IN PRP$ `` JJ NN '' , VBG IN WRB JJ IN DT NN VBP DT NN . NNP NNP VBZ : `` DT JJ NN PRP VBP VBZ IN DT NN VBZ VBG IN NN . `` IN NNP CC JJ NNP DT NNS VBD RB JJ . `` NNS VBD VBG IN DT NN NN IN DT RB JJ TO VB NN CC PRP VBD NN CC NN , DT VBD NN . `` RB , IN DT JJ CD NNS , DT NN VBZ RB VBN IN NNS IN IN NNS . '' NN VBN TO VB RP NNS IN NNS POS NN , NNS VBP -LRB- NN -RRB- `` VBN '' NNS RB JJ NNP MD VB IN JJ NN -LRB- JJS -RRB- NNP VBZ : `` EX MD VB DT JJR JJ NN IN DT JJ NN , RB IN IN DT JJ NN IN DT NN WDT VBZ RB RB VBN VBN RB . '' NNP NNP VBZ RB VBN JJ NNS IN DT NN , CC VBD NN IN VBG RB HYPH JJ IN DT NN POS NN . PRP VBD IN DT NN IN NNP : `` DT NN DT NN VBD CD NNS RB VBZ RB DT JJ NN PRP VBZ NN . '' EX VBZ NN IN NN POS VBG NN IN NN , IN DT NNP VBG IN NN IN CD : `` DT JJ JJ NN IN DT NN VBZ TO VB JJ -LRB- RB PRP VBZ JJR NNS IN PRP -RRB- CC JJ -LRB- IN PRP$ NN NN VBZ RB VB RP -RRB- . `` DT `` NN NN '' IN JJ JJ HYPH NN NNS VBZ , RB , DT NN IN NNS WDT VBP DT , WDT VBZ VBN IN NNS IN NNS . ''"
239,150,conspiracy,"-LRB- NNP -RRB- `` PRP VBP TO VB VBG PRP NNP CC VB PRP WP PRP VBZ . NFP NN VBN NN NN '' NFP NNP NNP NN NN -LRB- -RRB- DT NN VBZ RB JJ , IN DT NN IN DT NNPS IN NNP NNP CC NNP , DT NNP NNP IN NNP CC DT NNP IN NNP DT -LRB- NNP IN -RRB- NNP NNP NNP IN NNP NNP `` DT NN IN NN NN VBZ DT NN IN NN VBN '' , NNP NNP NNP , NNP NNP NNP . `` WRB DT NN IN DT NN IN JJ , NN HYPH JJ NN CC NN , NN , NN , NNS CC NN VBZ JJ , JJ NN MD VB VBG DT JJ , NN HYPH VBN CC RB HYPH VBN JJ NN . RB MD VB DT CD HYPH NN NNS , IN VBN NNS , IN DT NNS CC PRP$ NNS . PRP MD VB . `` NFP NNP NNP NNP `` NNP NNP , NNP , VBZ VBN DT NNS WDT , IN PRP$ NN , IN CD IN CD NN IN NNS IN JJ NNS VBP IN PRP$ NNS VBD VBN IN NNS . IN PRP$ JJ NN PRP VBP VBN JJ JJ NNS IN JJ NNS , CC PRP$ JJ NN VBZ VBN RB JJ , JJ NNS VBG IN NN IN PRP$ NNS VBD NN VBG NNS . '' NFP NNP NNP NNP `` RB IN PRP$ NN IN NN VBD VBN IN CD , PRP VBD TO VB IN JJ NNS . JJ NNS VBD PRP IN PRP$ NNS VBD JJ IN VBG DT JJ NN IN DT NN NN . IN CD PRP VBD RB VBG NNS IN DT NNS CC JJ NNS IN NN : IN CD NNS RB PRP VBD VBG DT NNS , RB IN DT NNS NN IN DT NN NN . JJ VBD VBN VBN NN . '' NFP NNP NNP `` PRP VBP IN NN RB VBZ IN RB CD NNS , WRB DT NNP VBZ RB VBN , RB DT NN VBZ RB JJ CC RB JJ . CC DT NN IN NN IN CD NNS VBZ DT NN . NN VBG IN CD NNS VBD RB RB IN DT NNS , WRB DT NNP NN VBD IN JJ NN . DT NN . RB . '' , NNP NNP `` DT NN IN NNS VBP DT JJ NN IN DT NN VBZ IN DT NN IN NNS . CD NN WDT VBZ VBN RB VBN VBP DT NN NNS . EX VBP IN JJS CD JJ NNS , JJ NNS , IN NN , JJ , JJ NN , NNS IN JJ NNS WDT VBP JJ NNS IN JJ NNS CC JJ NNS IN NNS IN DT NN IN NNS IN NN NN NN IN PRP$ JJ NN , IN NN , CC PRP$ NNS . RB , EX VBZ CD NN IN NN . DT , IN NN , VBZ IN PRP VBP NNS IN NNS IN NNS WP VBP , RB IN NNS CC NNS CC JJ NNS , IN PRP$ NN VBD RB JJ . CC PRP MD VB PRP , IN PRP VBP , RB RB IN NNS IN IN DT NN . DT NN VBD IN NN . EX VBZ RB VBG NN IN JJ , JJ NNS . '' , -LRB- NNP CD -RRB- NNP NNP NN PRP VBD DT JJ TO VB DT `` NN NN '' , IN CD , CC PRP VBD RP IN DT NN IN JJ NNS VBD DT JJ NN IN DT NN . IN PRP VBP , DT JJ NN IN JJ NN NN -LRB- IN VBN IN JJ NN -RRB- , VBZ VBN VBN IN DT NN , VBG PRP$ NN . -LRB- PRP VBD RB VB RB IN DT NNS VBD NN , IN PRP VBD VBN VBG NNS IN CD IN DT NNS IN JJ NNS , IN DT JJ NN PRP MD VB VBN IN PRP$ NN . -RRB- DT NN VBZ RB JJ , IN DT NN IN DT NNPS IN NNP NNP CC NNP , DT NNP NNP IN NNP CC DT NNP IN NNP . DT -LRB- VBG IN -RRB- NN NNP NN IN NNP NNP `` JJ NN VBZ VBN VBN IN DT NNP NN PRP , IN IN DT NN PRP VBZ DT NN IN DT CD NNS VBN RB : DT VBG NN IN NNS , DT JJ NN IN NN , CC DT JJ NN IN DT JJ NN , DT NNP NN VBZ RB RB JJ IN NNS IN NNP , NNP , CC NNP VBP VBN NN IN NNP NN NNS IN DT JJ NNS IN JJ NNS , CC RB IN NN NN , JJ NNS . '' NFP NNP NNP `` PRP VBP RB CD CC CD NNS WDT PRP VBP VBN NN IN IN DT NNS , CC PRP VBP RB VB PRP VBP DT JJ NN IN NN IN NNS VBN IN PRP WP RB VBD NNS , DT NN RB RB IN DT NN VBZ VBN NN RB JJ IN DT NNPS VBD , RB . NFP NNP NNP NNP `` NNS IN DT NN IN NN IN JJ NNS IN NN VBP IN JJ NN NNS MD VB JJ NNS . NNS VBG DT NN VBP RB VBN , IN NN IN VBN NN , IN JJ NNS , JJ JJ NNS CC NNS VBP DT NN IN NN CC NN -LRB- JJ NN -RRB- . RB , IN DT JJ NN DT JJ NN NN VBZ NN POS JJ NNS . IN NN , DT JJ NN NN RB VBZ DT NN . DT MD VB DT CD IN CD NN IN NNS IN NNS WDT VBP JJ CC DT NN IN NNS VBP DT JJ NN IN DT JJ NNS IN NN . `` NFP NNP NNP , NNP -LRB- NNP IN DT NNP NNP NNP NNP -RRB- '' DT NN VBZ CD JJ NN IN NN IN PRP VBZ NNP IN DT NN . DT NNS DT JJ NN . CC CD NN NNS IN DT NN MD VB DT NNS IN VBG IN NN . IN JJ NNS , PRP MD VB PRP$ NN TO VB NNS CC NNS WDT VBP IN DT NN WDT MD VB RB , CC RB NNP VBZ DT NN NN . DT VBZ RB VBN CC VBZ VBN RB VBN IN DT NN IN DT JJ NN , IN NN VBZ DT NN NN NN CC PRP VBP IN DT JJ NNS VBP DT NN IN NN NNS . RB PRP MD VB DT IN VBG . DT VBZ VBN NN CC PRP RB VB WRB DT NN MD RB VB PRP , CC DT NNS IN DT NN MD VB PRP . `` PRP MD RB RB VB DT NN WDT VBZ NN VBZ JJ . PRP VBZ RB RB RB JJ . IN PRP VBP NN IN DT NN , PRP$ NN MD VB . IN PRP VBP PRP IN NN NN , DT NNS VBP . IN PRP VBP PRP IN DT JJ NN , DT NN VBZ . VBG DT NNS , PRP MD VB JJ IN PRP MD VB PRP IN DT NN IN VBG NN . '' NFP NNP NNP NNP , NNP CC NNP , NNP IN NNP , NNP IN NNP CC CD IN DT NN POS VBG NNS IN NN NN . `` DT JJ NN VBN IN DT CD HYPH NN NN VBZ DT NN IN VBG DT CD HYPH NN NN CD NNS IN DT JJ NN . VB IN DT DT JJ NNS IN JJ NNS IN NN CC NN VBN IN DT NNS , CC DT NN NN MD VB VBN IN JJ NNS . RBR , PRP VBZ RB RB VBN IN NNS VBP RB VB JJ NNS IN NN CC VBP NN JJ NN IN JJ NNS IN NN . JJ NN VBZ DT JJ JJ NN IN WDT NN VBZ VBN IN DT NN , CC NNS MD VB DT RB RB . PRP RB VBP RB VB DT NN -LRB- NN -RRB- NN TO VB NN . RB , NN VBZ DT RB HYPH VBN NN IN NN NN . '' , NNP NNP NN `` IN DT NN VBZ RB DT NN IN JJ NN , '' VBZ NNP NNP NNP , CD IN DT NN POS NNS IN NN NN , `` RB WRB VBP PDT DT CD HYPH NN HYPH JJ NNS . '' -LRB- NNS IN NNP NNP -RRB- `` NN NNS VBD VBN IN DT JJ NNS , CC DT JJ NN IN JJ NNS VBD VBN IN DT JJ NNS . WRB NN NNS VBD VBN IN DT NN , DT NN IN JJ NNS VBD RB . '' NFP NNP NNP NN '' IN CD NNP NNP , NNP NNP IN NNP , VBD DT NN IN WDT PRP VBD NNS IN NN JJ NN IN CD IN CD NN IN JJ NNS VBN . RB IN DT JJ NN NNP NNP VBD NN IN DT JJ , JJ NN IN CD JJ NNS IN WDT PRP VBD RB CD NN NN IN NN NNS CC NNS IN NN JJ NN IN NN VBN IN DT NNS . NNP NNP VBD IN DT NN VBD RB JJ CC IN DT NNS MD VB VBN IN PRP . RB , PRP VBZ VB DT JJR NN IN NN IN DT NNP NN MD VB IN NN CC PRP$ JJ NNS IN DT RB JJ NN . '' NFP NNP NNP , NNP '' NNP NNP VBD PRP$ JJ JJ NN IN RB NN HYPH VBN NNS IN JJ NN . PRP VBD IN CD NN IN NNS VBD JJ NNS RB IN NNS . IN DT , CD NN VBD NN HYPH NNP , CD NN NN NN CC NN , CC CD NN NN HYPH NN . RB CD NN VBD RB VBN IN DT NNS IN DT NN . PRP VBD IN DT NN VBD JJ . '' , NNP NNP '' NNP NNP , NNP , DT NN IN NNP NNP WP VBZ VBN RB CD NNS IN NN , VBD IN DT NNS VBD VBN DT JJ NN , IN WDT PRP$ JJ NNS VBD VBN VBN TO VB DT NNS IN PRP$ JJ NNS . NNP NNP VBD DT NN IN DT `` JJ NN IN DT NN NN . '' PRP VBD IN CD NN IN DT NNS VBD IN NN VBD RB IN DT NNP NN , CC IN CD NN IN NNS VBD PRP VBD RB IN DT NN NN . JJ JJ NN VBZ DT RB HYPH VBN NN HYPH NN IN DT NN , NN , CC NN VBN IN DT NNS . '' , NNP NNP , NNP '' NNP NNP , NNP , DT NN HYPH NN NN CC JJ NN IN NNP , VBG NN HYPH IN HYPH DT HYPH NN NN NN , VBD WRB PRP VBD VBN DT NN NN IN DT NN IN CD NN IN JJ NNS , VBN IN CD NN IN JJ NNS . DT NN VBD RB VB IN DT JJ NN , CC IN DT NNS NN . NNP NNP VBD NNS NN JJ IN CD NN IN NNS IN NNP POS NN . NNP VBZ RB VBN DT JJ NN IN NNS , VBG NNS IN NN NN . PRP$ NN IN NNS VBZ DT JJ NN , CC NNP NNP POS NN VBZ IN DT NN NN IN NNS IN DT JJ NN . '' , NNP NNP , NNP '' NN MD VB DT NN VBN IN DT NN IN DT NN HYPH NN NN , VBG NN NNS IN DT NN . DT NN IN CD JJ NNS VBZ IN NN MD VB VBN IN VBG DT NN HYPH NN NN NN , DT NN NN VBN IN DT NN NN , IN RB IN HYPH NN NNS . '' , NNP NNP NNP , NNP , NNP . ADD `` PRP VBD IN PRP$ JJ NNS VBD JJR , JJR CC RBR JJ IN PRP$ VBN NNS . NNS , NN CC NN CC JJ CC JJ NNS VBD RB RBR JJ IN PRP$ JJ NNS WP VBD VBN . PRP$ JJ NNS , IN DT JJ NN , VBD VB IN JJ NNS IN DT JJR NN CC NN IN PRP$ VBN NNS : PRP$ JJ NNS RB VBD DT NNS RB RB . '' , NN NN NN NN NN '' NNP NNP NNP , DT NN IN DT NN IN NN , VBZ EX VBZ DT JJ NN IN NN CC DT NN NN . `` WRB PRP VBD VBG , CD IN CD -LRB- NNS VBD JJ -RRB- . RB PRP VBZ CD IN CD . IN DT NN , DT JJ JJ NN IN DT VBZ NNP , '' PRP VBD . '' , NN '' NNP NNP NNP , DT NNP NN CC NN , VBD WRB PRP VBD JJ TO VB DT NN VBN RB IN NNS . DT VBZ DT JJ NN DT NNP CC DT NNP VBP VBN VBG TO VB WRB NN VBZ VBN IN CD IN CD IN CD IN CD IN RB CD NNS . `` NFP NNP NNP , NNP `` PRP MD VB VBN CD NN IN DT NNS IN DT `` NNS WP VBD NN . PRP VBP VBG TO VB DT NN TO VB IN NNS WP VBP IN NNS , VBP RB VB , VBP RB VB , MD RB VB IN DT NN IN PRP DT VBD IN PRP$ JJ JJ NNS CC JJ NNS IN DT `` CD POS CC RB NN VBP VBN DT JJ NN . PRP VBZ JJ . '' ADD IN PRP VBP JJ , DT VBZ DT NN NN VB IN DT NN NN , RB RB DT NN IN NN , CC PRP VBP NNS VBN IN JJ NNS WDT VBP NN . RB RB RB VBP DT JJ JJ NNS VB DT JJ CC RB JJ NN , CC PRP VBP DT NNS VBN IN VBG DT JJ NN IN NNS , JJ IN WP$ NNS MD VB PRP IN DT JJ NN , CC PRP VBP DT NNS WDT MD VB VBN IN DT NN IN DT JJ NNS PRP IN DT JJ NN IN DT NN IN JJ NNS WP VBD RP IN DT JJ JJ NN NN IN CC NNP CC NNP . DT NN IN NN , IN PRP VBP RB JJ , VBZ RB JJ PRP VBP PRP VBZ NNS VB WRB DT NN VBZ RB JJ , WRB PRP VBZ VBG RB RB CC WRB PRP VBP VBG RB RB . ADD RB , DT JJ NN VBZ WRB VBP NN NNS VBG TO VB VBG NNS WDT VBP VBN VBN CC VB VBG IN NNP HYPH VBG NNS VBP NN VBN CC VBP VBG IN NN HYPH VB PRP$ NNS CC PRP IN DT NN IN DT NNS CC DT NNS VBP RB NN VBN CC VB DT NNS WDT VBP VBN IN IN DT NN IN DT JJ NN IN JJ -LRB- FW , DT JJ NN , JJ JJ NN , RB RB VBN -LRB- NN HYPH NN -RRB- , NNS , NN NN NN -LRB- NN -RRB- CC NN NN NN NN -LRB- NN -RRB- -RRB- CC JJ NNS -LRB- NN , NN , NN , JJ NN -LRB- NN -RRB- , CC NN NNS -RRB- IN PRP$ NNS , CC , IN DT JJ RB TO VB DT JJ CC JJ NN NN HYPH NN , NN -LRB- FW , NNS -RRB- IN PRP . JJ NNS IN NN , NNS , NN HYPH NN NN , NN , CC NN HYPH JJ NN , NNP NNP NNP , NN CC NN NNP NN JJ NN NNS -LRB- NNP IN , NNP RP -RRB- VBP TO VB NNS VBN IN DT WP RB VBD TO VB IN DT VBG DT JJ NN HYPH NN IN NNS , WDT VBZ RB RB DT JJ HYPH NN JJ NN NN IN DT VBN NNS CC RB , IN PRP VBZ JJ IN PRP TO VB NN HYPH JJ NN NNS , VBZ DT NN IN NNS DT NNS MD VB TO VB VBN , VBN , CC , IN JJS NNS , VBN NNS . JJ NNS IN NN , NNS , NN HYPH NN NN , NN , CC NN HYPH JJ NN , NNP NNP NNP , NN CC NN NNP NN RB , DT WP VBP CC VBP VBG DT NNS IN NN NNS , VBN NNS , NN NNS , NNS , DT NN NNS , PRP$ NNS , CC DT WP VBP TO VB DT NN IN NNP IN DT NN IN DT JJ NN IN NN VBP VBN IN EX VBZ JJ NN IN JJ CC VBG NN IN DT NNS TO RB CC RB VB JJ JJ NNS -LRB- NNS -RRB- CC NNS WDT VBP DT JJ , JJ NN IN DT NN NNS TO VB IN DT NNP VBN IN DT NN VBZ JJ IN DT JJ NN NN . JJ NNS IN NN , NNS , NN HYPH NN NN , NN , CC NN HYPH JJ NN , NNP NNP NNP , NN CC NN NNP NN IN DT NN IN DT NN VBZ , PRP VBZ IN DT NN IN PDT DT VBN VBP RB VBG IN DT NN CC MD , RB , VB JJ IN DT JJ JJ NNS IN DT NN -LRB- NN , NN , CC JJ NNS -RRB- NNS IN VBN RB IN CD NN . NNP CD FW NN . JJ NNS IN NN , NNS , NN HYPH NN NN , NN , CC NN HYPH JJ NN , NNP NNP NNP , NN CC NN NNP NN JJ , IN NN IN DT NNS VBP , NNP CD DT JJ NN NNS IN NNP VBD VBG VBN IN DT NNP , UH DT VBZ RB JJ IN , IN JJ NNP HYPH VBG NNS WDT MD VB VBN IN NNS IN CD , DT NNP HYPH VBN NN NN , WDT , IN PRP$ NN , VBZ DT JJ NN DT NN , VBD RB RB VBN IN DT VBN NN NN IN JJ NNS RB RB IN IN DT VBN NN NN NN IN NNP IN CD IN DT NN WRB DT NNS IN DT NN NN VBN IN JJ NNS JJ CD NNS NN VBD NNP VBN . JJ , VBG DT NN , IN NNP IN CD , DT NNS NN IN DT NNP HYPH VBN NN NN VB VBN IN JJ NNS WP MD VB IN PRP$ JJ CC JJ NNS IN PRP$ NNS IN DT NN NN , RB RB VBG DT NNP CC NN VBG DT VBG NN IN NN WRB DT NN IN NN VBZ RB JJR IN PRP VBZ NN CC DT NNS VBN IN CD RB VBD IN NNP HYPH VBN NN NNS WDT VBD VBN IN JJ NNS RB VBN -LRB- IN DT NN HYPH VBN JJ NN IN CD CC JJR -RRB- PRP$ NNS NN IN JJ NN NNS -LRB- JJ NN -LRB- NN SYM CD -RRB- , NN -LRB- NN SYM CD -RRB- , CC JJ NN -LRB- NN SYM CD -RRB- -RRB- . JJ NNS IN NN , NNS , NN HYPH NN NN , NN , CC NN HYPH JJ NN , NNP NNP NNP , NN CC NN NNP NN NNS IN JJ NNS TO VB DT JJ NNS VBZ IN DT JJ NNS IN DT JJ NNS VBN IN DT NNP CC JJ NN NNS -LRB- IN DT CD NNP FW FW NN -RRB- IN VBG DT NNS IN NNP NN VBP VBN RB VBN . RB , DT NNP CD NN IN NNP CC NNP , VBN NNP NNPS IN NNP VBP JJ IN DT NN IN NN : DT NN IN DT JJ NN NN , RB VBN DT NN NNS IN DT RB VBN NNP FW FW . NN NN VBG DT NN IN DT NN IN DT NN NNS IN NN CC NN . DT NN , IN WDT DT NNS IN DT JJ JJ NN VBD , VBD IN DT JJ NNS JJ NNS VBD VBN IN DT JJ NN NN CC DT JJR HYPH IN HYPH JJ NN IN HYPH NN JJ NN . RB , DT JJ NN VBZ VBN JJ TO VB DT NN , CC NN NN , IN DT NNS VBN IN DT NNS IN WDT DT CD NNP NN VBD . IN DT NN IN DT JJ NNP NN IN NNP FW FW , NNP NNS VBP VBN IN DT JJ NN NNS VBP VBN JJ . JJ NNS IN NN , NNS , NN HYPH NN NN , NN , CC NN HYPH JJ NN , NNP NNP NNP , NN CC NN NNP NN -LRB- NNP NNP NNP -RRB- IN DT NNS , JJ NNS IN IN DT NN VBP VBN IN DT NN , CC VBP VBN JJ NN HYPH VBN NN NNS WDT VBD DT JJ NN IN DT NN IN NNP , DT RB VBN NN , CC DT VBG NNS IN NN . , RB , JJ NNS IN JJ IN PRP$ NNPS RBS RB VBN NN NNS VBP VBN NNS VBG DT JJ NNS IN NN CC NN NNS . NNP NNP NNP , NNP IN DT NNP IN NNP NNPS IN NNP NNP , VBD DT JJ NN IN DT NN IN NNP NNP NNP , NNP NNP , DT NNP IN NNP , CC NNP NNP IN DT JJ NN IN DT JJ NN IN NNS IN JJ NNS JJ IN NN CC NNS IN NN . NNP NNP MD VB IN DT NNS CC JJ NNS IN PRP$ NN . VBG NN IN NN NNP NNP CD NN VBZ DT JJ NN VBN IN JJ JJ NN IN NN NNS , CC NN VBZ TO VB DT VBG JJ NN IN JJ NNS . DT NN NN CC DT NN HYPH NN NN VBG IN NN CC NN NN VBP JJ IN NN . JJ NNS , JJ IN RB DT JJ NN , VBP NN NNS IN NN . IN VBN IN NNP CD , DT IN DT JJ NNS VBP NN CC NN IN JJ NNS , VBG NN , CC RB VBP DT NN IN NN . VBN NN IN NN RB VBZ NN , VBG CC NN NN CC NN HYPH VBN JJ NN , RB VBG NN NN HYPH VBN NN CC DT NN IN NN , RB . NN MD VB VBN , CC DT IN DT RBS JJ NNS , JJ IN NN , VBP IN VBG NN . DT VBG JJ NN VBZ DT NN IN NN VBZ RB VB NN , CC PRP VBZ DT IN VBG IN NN NN . DT JJ NN MD VB IN JJ CC VBN NNS IN NN CC MD VB DT RB JJ NN IN DT NN IN NN IN DT NNS . NN IN NNP NNP , NNP : NNP NNP IN NNP CC NNPS : NNP IN NNP NNPS : NNP NNP CD JJ NN NNS VBP VBN RB JJ IN VBG IN DT NN HYPH NN NN , RB IN VBG IN JJ CC JJ NN CC JJ NNS IN DT NN TO VB PRP$ NNS . NNS IN DT NNS IN NNS VBP JJ NN IN NN NNS CC VBP VBN VBN TO VB DT JJ NN TO VB VBG NN NN NN IN NNS IN RB VBN NNS . DT JJ NNS VBP RB JJ TO VB , NN CC VB NN NNS TO VB DT CD IN NNS IN JJ JJ NNS WDT VBP VBN VBN IN CD CC JJR NNS . NN NNS VBP RB JJ TO VB , VB JJ NNS , CC VBP RB VB JJ JJ NN TO VB CC VB JJ JJ NN IN DT NNS . DT JJ NN MD VB NN NN NNS VBP TO NN JJ NN IN NN VBZ IN JJ NN IN DT NNP NN . DT JJ NN VBZ RB VBN IN DT NN IN JJ NN CC NNP CC DT NNS PRP VBZ IN DT NNP , DT NN NNS CC PRP$ NN NNS , VBP RB RB JJ IN PRP VBP IN NN NNS IN NN CC JJ NNS TO VB DT NN NN NN . PRP RB VBZ RP IN IN PRP VBP DT NNS IN VBG DT NN NN JJ NN , RB VB IN DT NN NN . -LRB- CD NNP -RRB- DT NNP IN NNP NNPS VBZ DT NN NNP JJ NNS TO VB DT JJ NN IN NN HYPH NNS IN NNP NNP CC NNP NNP NNP -LRB- NNP NNP -RRB- DT MD VB PRP VB IN NN VBZ DT JJ NN WDT VBZ RB VBN RB , CD WDT PRP RB VBP VBN TO VB DT NN IN . RB , VB PRP DT CD HYPH NN HYPH NNS IN NN , DT CD HYPH NN HYPH NNS IN NN , CC DT CD HYPH NN HYPH NNS IN NN . VB WP . PRP VBP RB RB IN DT JJS NN . DT NN IN DT NN IN NNS IN NN VBZ JJ , CC JJS IN DT JJ NN VBZ VBN DT . VB PRP VB PRP : PRP VBP VBN VBN TO VB PRP , CC NN VBG JJ IN DT NN VBZ IN PRP VBP PRP$ NNP NN NNS VBN . DT VBZ JJ NN VBZ VBG VBN , IN IN DT JJ NN MD VB JJ , CC DT JJ MD VB JJ . VBG NNS IN NNP NNP : DT NNP IN NNP IN NNP NNP , NNP , NNP IN NNP NNP NNP -LRB- NNP -RRB- IN DT NNS , JJ NNS IN IN DT NN VBP VBN IN DT NN , CC VBP VBN JJ NN HYPH VBN NN NNS WDT VBD DT JJ NN IN DT NN IN NNP , DT RB VBN NN , CC DT VBG NNS IN NN . , RB , JJ NNS IN JJ IN PRP$ NNPS RBS RB VBN NN NNS VBP VBN NNS VBG DT JJ NNS IN NN CC NN NNS . NNP NNP NNP , NNP IN DT NNP IN NNP NNPS IN NNP NNP , VBD DT JJ NN IN DT NN IN NNP NNP NNP , NNP NNP , DT NNP IN NNP , CC NNP NNP IN DT JJ NN IN DT JJ NN IN NNS IN JJ NNS JJ IN NN CC NNS IN NN . NNP NNP MD VB IN DT NNS CC JJ NNS IN PRP$ NN . , DT JJ NN VBD VBN IN NNP NNP RB . VBN IN NNP IN DT NN , DT NNS VBD NNS IN NNP IN NNS CC NN , WDT VBZ IN DT JJ JJ NN NN . , DT JJ NNP NNP NN VBZ IN NNS IN DT JJ JJ NN IN NN VBP VBN IN DT JJR NN IN JJ NNS WRB VBN NNP HYPH VBG NNS . RB , NNP NNP NNP , DT JJ NN IN DT NN , VBZ JJ TO VB IN PRP DT NN IN IN DT JJ NN . IN PRP$ NN , NNP NNP MD VB PRP$ JJ NN . , IN JJ IN PRP RB VBP , DT NNS IN NN VBP VBN RB JJ IN JJ HYPH NN NN . IN VBN DT JJ NN , VBG RB CD IN CD NNS , NN RB VBZ CD CD IN PRP$ NNPS NNS , CC DT NN VBZ TO VB RB . , VBG IN DT JJ `` NNP NNP VBN IN DT NNP NNP IN NNP CC NNP NNPS -LRB- NNP -RRB- , DT NNPS IN NNP NNP -LRB- NNP -RRB- , CC DT NNP NNP IN NNP , RB CD IN IN DT CD NNS VBP VBN IN DT JJ NN CC , CC JJ NN . , RB RBR JJ , NN CD IN IN DT CD NNS IN DT NNP NNPS VBZ VBG VBN IN DT NN NN NN . DT JJ NN NN VBZ RB VBG NN NNS , CC MD RB RB RB RB VB RB . NFP VBG NN IN NN NNP NNP CD `` PRP VBP VBN IN DT NN IN NNS WP$ NNS VBP JJ HYPH NN CC VBN NN VBP PRP VBZ NN HYPH JJ . PRP VBP NNS . PRP VBP RB VBN IN DT NNS VBP VBN PRP$ JJS NNS IN VBG IN CC NNS IN NN CC IN NNS . `` NFP NNP NNP ADD -LRB- NNP NNP -RRB- `` VB DT JJ NN IN DT NNP NN IN NNP NN DT NN IN NN CC NN . NNP NNP IN NNP VBD VBG IN PRP$ NN VBD IN NNP NNP NNP VBD JJ . PRP$ JJ NNP NNP NNP VBD PRP$ JJ NNS IN DT NN : `` PRP MD VB VBN NN WDT VBZ DT NN IN NN CC NNS , IN IN DT JJ NNS IN PDT DT NN . '' NNS IN WP . NNP NNP JJ NN VBG IN DT NN VBG NNS NNS VBP JJ . NNP NNP JJ NNS . , NNP NNP JJ NN . NNP NNP NN HYPH NN . NNP NNP NN NN . WP VBZ JJR , PRP , CC JJS NNS VBG DT JJ NNS WDT VBP PRP$ NNS RB VBN , VBP DT NN CC NN IN DT NNS IN NN NNS RB VBN RP IN PRP$ JJ NN VBN NN NNS . IN PRP VBD PRP , PRP CC MD VB PRP , CC PRP MD VB CC VB `` CC DT VBD RB . PRP VBP NN RB . `` NNP NNP `` IN NN , NN IN NNP NNP VBD UH . NNP NNP VBD . PRP MD VB IN IN PRP VBD RB JJ IN DT NNS WDT PRP$ NN VBD RB NN JJ , EX MD VB VBN DT NN . CC IN DT NN , PRP VBP RB VBG IN NN CC NNS NNS NN PRP VBP VBG IN NNS . CC PRP MD VB RBR CC VB IN IN PRP$ NN DT RB VBG DT NN IN NNP CC NN VBP JJ NN IN DT NNS VBN NN PRP VBP TO VB RB IN DT NNS VBN , CC PRP$ JJ NN HYPH NN NN DT NN IN JJ NNS IN PRP$ NN , NN , CC NN IN RB VBN NNS , CC NNP NNP NNS . '' NFP NNP NNP -LRB- NNP -RRB- VB PRP VB PRP DT JJ NN IN NNP . DT NNP NNP NNP NN VBD IN NNP IN CD . WRB DT NNP VBD VBN IN DT NNS -LRB- RB IN PRP VBD DT NN MD VB RP -RRB- , PRP VBD TO VB RBR CC VB IN RB NN VBD JJ . WRB VBZ DT IN NN . PRP VBD DT NN VBG IN PRP IN NNP , WP VBD RB RB IN DT NN IN NNS , NNP NNP . PRP VBD DT NN NN IN PRP$ NN CC VBD , `` RB , VB IN DT NNS . '' IN PRP VBZ RP , PRP VBD RB DT RB JJ NN . PRP VBP PRP RB VBD TO VB JJ NN , CC PRP VBD RB RB VBN IN JJ NNS CC JJ NN NNS IN PRP MD VB . PRP VBD JJ . PRP VBD DT NNS CC PRP$ JJ NN IN DT NNS VBD RB JJ . PRP VBD DT VBN NN IN NN IN CD IN NNS WP VBD JJR IN CD NNS IN CD NN IN NN VBN IN NNS WP VBD NN . PRP VBD PRP$ NNS RP , CC , RB VBG DT NNS , PRP VBD PRP VB PRP . RB PRP VBD DT NNS CC VBD PRP RP IN JJ NNS CC NNS CC PRP VBD TO VB DT NN NN RP IN CD . NN RB CD IN DT NN IN NN VBZ VBN NN . VB , PRP VBD IN CD . PRP VBD DT NN IN PRP$ NNS , DT RB JJ NN VBN , `` PRP RB MD RB VB RB . '' PRP RB VBD DT NN WDT , IN DT NN VBZ RP RB . WRB PRP VBP DT NNS CC DT NNS RB , DT NN VBZ IN NN , CC PRP VBZ RB JJ WP PRP VBD VBG , CC IN PRP VBD RB JJ . DT VBN NN NN IN CD VBD RB JJ , RB PRP VBD DT NNS RB , VBG JJR NNS IN , CC VBD DT NN NN RP IN CD . RB PRP VBD DT JJ NN CC PRP VBD DT NN IN NNP WRB PRP VBD DT NNP , DT NN NN NNS , DT NN NNS , CC DT NN NNS , CC PRP VBD DT JJ NN . PRP VBD RB VB NN IN DT NN , VBG NNPS . EX VBD NN IN VBG NNPS CC , IN DT NN , DT NN VBD RB VB DT NN . IN DT NN NNP VBD CD NNS VBG PRP$ NNS . EX VBD DT NN CC EX VBD DT NN RB . PRP RB VBP IN DT NNS VBD IN PRP VBD VBG VBN , IN WRB PRP VBP DT NNS PRP RB MD VB DT NNS : PRP VBP JJ . PRP VBP JJ PRP VBD RB VB IN DT NNS MD RB VB DT NN IN NN . VBP NNP IN DT NNP IN NNP NNP , NNP VBZ DT JJ NN . VBP NNP PRP VBP DT NN CC VBP NNP PRP VBP NNS IN DT NNS IN NNPS WP VBD IN NN IN DT . RB PRP MD RB VB VBN DT NN . PRP VBP RB RB DT JJ NN . DT NNS RB VBD NNS IN PRP CC PRP VBD IN PRP . DT VBD JJ , CC PRP VBD RB RB JJ IN WP PRP VBD , CC PRP RB VBP PRP . NN NNS : NNP NNP NN , NNP -RRB- PRP MD RB VB RB JJ TO VB IN DT VBN NNS IN RB JJ NNS WP VBP RBR RB CC RB VBD IN NN IN DT JJ NN . IN NN , DT JJ NN VBZ RB VBN VBN IN PRP -LRB- NN NNP CD -RRB- NNP NNP , NNP CC NNP CC NNP NNP NNP DT NNP IN DT NNP IN DT NNP IN NNP CC NNP NNP , NNP NNP `` IN NNP CD , DT NNP NNP NN VBD DT NNS NNP CC NNP IN VBG IN `` NNP FW HYPH VBN NNS IN NNS IN DT CD NN WDT VBD NN VBD RB JJ IN NNS '' . DT NNP VBD RP : `` DT NN , VBN IN DT NNP NNP IN NNP , VBD IN NN VBZ DT RB JJ NN IN NN , IN NN '' . VBG RBR , NNP VBD RP IN DT NN POS NN NNS VBD IN JJ NN IN NN IN NNS IN NNP CC NNP NNP NNP IN NN NNS IN DT JJ NN IN CD SYM CD . `` DT CD NN IN DT NN IN RB JJ NNS -LRB- WP DT VBD -RRB- VBD RP VBG VBN IN NNP NNS IN DT NNS '' , NNP VBD . `` PRP RB RB VBZ DT NN TO VB DT JJ NN CC RB VB DT NNS IN DT JJ NN WDT VBZ PRP VB DT NN '' . NNP VBD CC VBD RP JJR NN IN NNP , WDT VBZ CD NN NN NN IN NN , MD VB JJ IN NNS '' , NNP VBD . '' NFP NNP NNP `` EX VBP JJ NNS WDT VBP TO VB DT NN , NN NN , CC PRP VBZ JJ TO VB IN DT VBZ JJ IN JJ NNS . DT NNS VBP RB JJ , JJ HYPH NN NNS , RB NNS IN DT JJ NNS VBN . PRP VBP RB VBN IN JJ -LRB- IN JJ HYPH NN NNS -RRB- NNS . EX VBP JJ NNS IN VBG IN DT NN NNS IN NNP VBD JJ , IN DT NN IN NN VBD RB VBN , CC IN JJ NN NN HYPH NN VBZ VBN RB VBG . EX VBP JJ NNS WDT VBP , DT IN PRP RB , IN DT NN , NN NN . DT IN DT NNS VBP NN IN NNS IN DT JJ NNS VBN . VBG DT JJ NNS RB , EX VBZ TO VB JJ NNS IN VBG IN NNS VBP VBN VBN , CC VBP RB VBG VBN , IN NNP , CC RB IN JJ NNS . DT JJ JJ NN VBZ VBN VBN RB IN DT NNS POS NN . DT NN IN PRP$ NN IN NN VBZ RB VBN IN NN CC NN , CC DT , VBZ RB VBN IN DT JJ NNS IN DT NNS IN DT JJ NNS . '' , NNP NNP CD NNP"
240,1319,conspiracy,"NNS IN DT NNP NN NN VBP VBN DT NN WDT RB VBZ NN IN DT NN PRP VBD DT `` NN , '' NNP NNP VBD . NNP NNP , VBN IN NNP NNP , VBZ PRP$ NN HYPH CD NN VBD NN IN VBG CD NN IN JJ JJ NNS IN JJ NN NNS . DT RB HYPH VBN `` NN NN NN '' TO VB DT JJ NN VBZ RB VBG IN `` JJ NNP '' DT `` $ CD CD NN NN , VBG VBN NNS IN JJ NN HYPH CD NN '' VBG IN DT NN IN NN NN NN . NNP VBZ VBG DT JJS NNS IN NNP POS NN NN IN DT IN HYPH IN HYPH NN JJ JJ CC NNP IN VBG JJ NN IN JJ NN CC DT NN . PRP VBZ CD IN JJ NNS VBN TO VB VBN IN DT NN `` NN '' NNP VBZ VBG IN NN IN NNP NNP NNP IN NNP IN NNP NNP . IN DT NN NN , NNP VBD PRP MD VB IN IN CD NNS IN DT NN DT NN : DT NN NN WDT MD RB VB DT NN JJ NNS RBR IN DT NN HYPH CD NN VBZ VBN . DT NN VBZ VBN IN NN NN IN DT NNP NNP CC NNP NNP -LRB- NNP -RRB- , CC VBZ RB RB VBN DT JJ NN . NNS IN NNP VBD IN RB CD NN IN DT NNS IN DT NN . DT NN NN IN JJ NN NNS VBZ RB IN NN . VB NN NN NN IN CD NN RP IN JJ NN NNS CC JJ NN NN ."
241,435,mainstream,"SYM NN NNS NNP NN NN NNP NNP NNP POS NNP NNP NNP NN NN NNP NNP VBZ NNP VBD PRP$ JJS NN IN CD NNS VBG NNS NNS IN DT NN , CC NNP VBD NNS WDT VBD `` RB JJ '' CC PRP VBZ JJR NN NNS TO VB PRP VB JJR NNP NNP NN NNS DT NN . SYM NN NN : NN RP IN NN . DT CD NN HYPH VBN NN NNS NN VB NN RB VBP DT JJ NNS WDT MD VB VB RB DT RBS JJ NNS . DT NNS VBP VBN IN NN CC VBP TO VB RB DT NN NNS IN NN . SYM NN MD NN VB VB JJ . VB RP RB NN VBZ JJ IN NN WDT MD VB VB NN . DT JJ NN VBZ VBN IN NN MD VB IN VBG JJ . VB RB TO VB WRB . SYM NN IN NNS , NN POS NNS VBD CC VBD . WRB PRP$ NN VBD VB PRP$ NNP NNP , DT RB VBN NN IN NNP POS NNP NNP NNP RB IN DT CD HYPH NN NN NN , VBD TO VB IN DT NN IN VBG IN RB VBN NNS CC NNS . SYM NN IN NN NNS IN DT NN , NN NN NN NNP NNP VBZ CD NNS WDT MD VB VB DT JJ NN NN VBZ DT NN VBN JJ NN . PRP VBZ NNS IN NNS DT NN CC VBZ JJ IN NNP . IN , NN NN VBZ DT JJ NN PRP VBP RB VB NNS IN PRP . SYM NN NN NN MD VB NN POS NN : CD NNS TO VB PRP$ NN NN DT NN VBN IN DT NNP IN NNP VBZ IN DT NNS VBG DT NN CC DT NN NN MD VB VB CC NNP POS NN CC NN IN JJ NN WDT VBZ IN NN . RB VBP NN WDT VBP NN NN . NFP NN DT NN IN NNP JJ NN VBD PRP$ NN IN VBG PRP$ NN NN TO VB VB PRP$ NN , NN PRP$ NN VBD VBN IN IN DT NNP NN . SYM NN JJ NN MD VB NN NN NNP NNP : NNS VBP VBN DT JJ NN IN DT NN NN , WDT MD VB IN DT JJ NN NN IN RB VBG DT NN . NN NN -LRB- NNP -RRB- , WDT RB VBZ RB CD CD NNS CC VBZ JJR IN CD CD NNS DT NN , VBZ NN NNS -LRB- NN CC NN NNS -RRB- IN SYM SYM NN NNS TO VB VB NN IN NN NN : VB PRP$ NN RB . IN NN NN MD VB JJ NNS IN JJ NNS , PRP MD VB DT JJ NNS WDT PRP MD RB VB . RB PRP VBP RP DT NNS WDT MD RB VB VB NN NN . SYM NN NN IN NNS MD VB VB NN NN : NN NNP : DT NN IN NNS MD VB IN DT `` JJ HYPH NN '' IN NN NN NNS , VBG IN DT JJ NN WDT MD VB IN JJ NNS TO VB DT NN . NNS IN DT NNP POS NNP IN NNP NNP -LRB- NNP -RRB- IN NNP VBD IN DT NN IN NNS VBN IN NN NNS CC JJ NN NNS -LRB- NN -RRB- NN , SYM NN JJ NN MD VB `` NN CC VB '' VBN NN NN NNS , VBG CD IN JJ HYPH NN , VBP VBN DT JJ NN WDT VBZ JJ NN IN IN NN , CC VBZ DT NN IN PRP$ NN RP , DT NN WDT MD VB VB DT NN CC VB NN WRB NN VBZ VBN ."
242,838,conspiracy,"NN NN VBZ DT JJ NN VBN IN DT NN NN NN -LRB- NN -RRB- WDT VBZ DT NN . DT NN VBZ VBN NNS IN NNS IN NNP CC NNP , CC VBZ JJ IN NNP . RB DT NN IN DT NN POS NN , JJR IN CD CD NNS , VBP VBN VBN IN DT NN HYPH NN NN . DT VBZ CD CD JJ NNS IN DT NN . JJ NN VBZ DT JJ NN IN NN IN JJ -LRB- RB JJ VBG -RRB- NNS , RB DT NNP NNPS . IN VBN IN DT NN NN , RB , NN NN VBZ RB VBN IN NNS . IN JJ NN VBZ VBN VBN IN DT NN , NNS , CC NN IN JJ NNS , NN IN NN NN NN VBZ IN NN IN JJ NN CC NN NNS JJ IN NN CC JJ NNS . NN NN NNS MD VB VBN IN JJ NN , JJ IN VBG NNS , VBG NN NNS CC VBG NNS , NN HYPH NN , NN , NN , NN , CC NN . -LRB- NN : NNP -RRB- IN JJ NNS , IN DT NNP NNPS , NN NN VBZ DT RB HYPH VBN NN . VBN DT , WRB VBZ PRP$ NN VBG DT JJ NNS VB VBN IN NN HYPH NN , DT RB HYPH VBN NN . NNP NNP NNP NNP VBZ IN IN CD , IN JJ NN , JJ NN NNS IN DT NNP IN NNP NNP VBD `` NNS TO VB -LRB- NN NN -RRB- JJ NN '' IN DT JJ NNS . IN CD JJS NNS RB VBD NN NN NNS IN NNS , RB IN CD NNS IN NN VBN IN JJ NNS . IN NNP CD , CD NNP NNS VBD IN PRP VBD `` NN NN NN NNS '' IN DT NNP VBG IN CD NN CC IN JJ NNS CC NNS , NNS CD SYM CD NNS VBD VBN NN NN NNS . EX VBZ DT NN TO VB IN DT NNS IN DT NNS VBD VBN IN LS -RRB- NN NN VBZ DT RB VBN NN IN JJ NN , JJ NN RB RB IN RB JJ JJ NN NN NN CC LS -RRB- IN JJ JJ NNS VBP JJ . NNP NNP RB VBZ IN DT NN IN DT NNP CD , CD NNP NN , IN NN NN NN VBG VBN IN VBG JJ NN HYPH JJ NNS : `` NNS VBP DT RB VBN NN IN JJ NNS : . NN IN DT NN VBD RB IN NNP -LRB- IN -RRB- NNS IN JJR IN CD NNS IN NNS , JJ IN NN HYPH JJ NNS IN NNS WP VBD VBN DT NN NN NN . IN NN , NN NN NNS IN NNP CC NNP VBP VBN JJR IN CD NNS DT , IN VBZ . NNP NNP , DT JJ NN IN NNP NNP IN NNP IN NNP -LRB- WP -RRB- VBZ VBN IN JJ NN : PRP$ NN VBD NN NNS WDT PRP VBZ VBD VBN IN DT NN NN NNS PRP VBD TO VB WRB PRP VBD DT NN NN NN . NNP VBZ IN WRB PRP VBD VBG , PRP VBD IN JJ JJ NNS VBD VBN CC VBN IN JJ NNS . CD NN , IN NN , VBD DT CD NNS IN NN IN NN . DT NN NN -LRB- PRP CC DT `` NN NN NN '' -RRB- VBD IN DT NNP NNPS IN NNP -LRB- NNP -RRB- VBZ VBN VBN RP RB . . '' NNP NNP RB VBZ RP IN NN NNS -LRB- NNS WDT VBP TO VB NN HYPH NN NN -RRB- VBP RB VBN IN `` DT NN POS JJ NNP IN NNS '' TO VB NN '' IN DT NN , NN CC JJ JJ NN CC NN '' CC IN JJ NN VB `` VBN CC VBN '' IN NNS CC NNS TO VB JJ NN . '' RB IN RB VBG CC VBG NN NN NNS , VBZ DT NN POS NN NN NN NN VBG NNS RB `` JJ '' IN NNS . VBP JJ JJ NNS -LRB- FW , NNP NNP POS NNP NNP NNP , WP IN DT NNP IN NNP NN , VBD DT NN IN NN IN NN NNS , NN HYPH NN NN IN DT NNS , CC VBG IN NN NNS -RRB- IN DT JJ JJ NNS IN NNS CC NNS IN `` NN NN '' CC JJ RB VBN NNS . IN PRP$ RB JJ JJ NN IN NNP NNP , NNP CC NNP -LRB- CD -RRB- VBD IN RB `` CD NN IN JJ NNS VBP VBN IN NN NN . '' IN DT VBN NNS IN NN NN IN JJ NNS CC NNS IN RB JJ NNS , DT NN MD VB VBN IN IN WRB JJS NNS RB VBP CC VBP NNS IN VBG PRP$ NNS CC NNS IN DT NN VBN RB IN NNS CC JJ JJ NNS : CC DT NN DT NN NNS IN WDT VBP RB JJ . IN VBN NNS IN NN , NN , JJ NN NN NNP , NNP NNP NNPS CC JJ NNS VBP VBN VBN IN NN NN NNS , PRP$ JJ CC JJ NNS IN VBN NNS MD RB VB VBN IN JJ , JJ NNS RB RB . RB , NNS IN NNS VBP VBG VBN , RB IN PRP$ JJ NN , IN DT JJ NN , JJ IN PRP$ JJ NN . WP VBP DT NNS VBN TO VB . VB IN DT NNP NNP NNP IN NNPS , RB . VB IN NNP NNS VBG NNS IN JJ NN NNS , RB . NFP NNP"
243,490,conspiracy,"JJ NN : RB RB CD NN IN NN NN NNS VBP RB VBN WRB PRP VBZ IN NN NN , PRP VBZ DT JJ NN IN DT JJ NN RB VBZ RB VBG VBN DT JJ NN IN WP JJ NN NNS RB VBP VBZ DT `` JJS JJ NN '' IN NN . JJ NNS : RB NNS : VBP , IN NN , VBN CC VBN IN NNS IN DT JJ NN , CC CC RB RB CD NN IN JJ NNS VBP RB VBN IN NN NNS . VBG IN DT NN POS JJ JJ NNS IN NN JJ NNS , RB DT JJ NN IN NN NNS CC NNS RB VBP PRP IN DT JJ NNS VBN IN NN IN JJ NN NN . DT VBZ IN DT NN CC NN NNS IN NNS WDT VBP VBN IN NNS IN DT NNP NNPS IN NNP NNP CC NNP -LRB- NNP -RRB- , RB RB IN DT NN NN PRP , VBP VBN IN JJ : CC RB JJ : NN . RB , NNS IN NNS VBP RB VBN RP IN `` NN NN '' IN NN IN DT NNP NNP NNP NNP NNP -LRB- NNP -RRB- , WDT VBZ IN NN IN DT NN IN NN NNS VBP RB RBR JJ IN DT NNS CC NNS VBN IN PRP$ NNS . `` DT NNP NNP NNP NNP NNP -LRB- NNP -RRB- VBD VBN IN NNP NNP IN CD IN DT `` JJ NN '' IN JJ NN IN NN NNS , '' VBZ NNP NNP IN NNP . `` DT JJ NN VBZ DT NNP NNP NNP NNP NNP -LRB- NNP -RRB- IN PRP$ JJ `` NN NN . '' '' IN JJR NN IN NNS WDT PRP MD RB VB IN IN DT JJ NN , VB JJ TO VB RP NNS . VBG NNS IN `` NN NN '' VBZ RB JJ IN NNS IN NN HYPH VBN CC NN HYPH VBN NNS PRP VBZ JJ RB IN `` NN NN '' VBZ IN DT NNS IN DT JJ JJ NN , VBG IN DT NN IN NN NNS TO VB VBG RP JJ CC JJ NNS IN DT NN CC NN IN PRP . WP VBZ JJR VBZ IN , IN DT JJ NNS IN NN HYPH VBN NN CC NN WDT RB VBP PRP IN NN NN IN DT , JJR IN CD HYPH NN NN RP VBG VBN . `` IN DT NNS VBP VB DT JJ NN , RB PRP VBZ IN DT NN VBZ RBR IN VBG DT NN NN , '' NNP VBZ . `` IN JJ NN VBZ RB VBN JJ IN PRP$ NNS , WRB MD PRP VB IN VBG NNS JJR . '' IN DT JJ NN , DT NNP VBZ RB VBN DT NN IN EX MD RB VB RB JJ NNS IN PRP$ JJ NN NN , WDT VBZ IN DT NN NN VBZ RB HYPH VBN HYPH NN HYPH IN RB . PRP VBZ DT NN WDT VBZ NN NNS IN DT NN IN NNS POS NN : CC PRP VBZ JJ TO VB RB RB IN DT JJ NN IN NNS VBZ IN NN IN DT JJ NN . NNS VBN IN NN IN NNP NNS VBP VBN IN CD NNS DT NN IN NN JJ TO VB NN DT RB HYPH VBN NN IN DT NN NN VBZ DT JJ NN IN NNS WDT NNS VBP VBN IN WRB PRP VBP DT NNS IN NNS IN DT JJ NNP NN IN DT JJ JJ NNS IN PRP$ NNS . DT JJ CD NNS -LRB- NN -RRB- IN NN IN NNS , CC CD NN IN NN IN NNS , VBZ VBN DT JJ NN IN WDT JJ NN , CC RB RB NN , MD VB . CC RB , NNS VBN IN NN IN NNP NNS VBP IN JJS CD NN IN NN IN PRP$ NNS : CC CD NNS DT `` JJ '' NN IN NNS . `` VBG NNS IN DT JJ NN VBZ RB `` JJ '' CC `` JJ . '' PRP VBZ RB JJ , '' NNP VBZ . `` PRP , IN JJ NNS , MD VB PRP CC -LRB- RB -RRB- VB VBN NNS IN PRP$ NN . '' TO VB JJR IN DT NNS WDT NN POS NNS VBP IN DT NN IN NN NNS IN NNS , VB JJ TO VB RP NNP ."
244,1191,conspiracy,"EX VBP DT NN IN NNS WP RB VBP IN PRP$ NN TO VB JJ IN PRP$ NN IN JJ NN CC JJ NNS MD RB RB VB IN PRP . PRP VBP IN PRP MD RB VB DT NN TO VB PRP IN PRP MD VB IN NNS WDT VBP PRP$ NN . IN DT NN , PRP VBP DT NN . DT JJ NN IN VBG IN DT NNP NNPS VBZ IN PRP VBP DT NN IN DT NN WRB PRP VBP DT NN TO VB NNS WDT VBP PRP$ JJ NNS . IN DT NN , DT NN VBZ VBG NNP HYPH CD TO VB DT NN WDT MD RB VB PRP VB TO VB VBN CC VBN . JJ NN MD RB VB IN PRP . EX VBP JJ IN PRP WP VBP IN VBG DT NN IN PRP$ NNS WDT VBZ DT NN TO VB PRP$ NN CC NN NN VBZ DT NN WDT MD RB VB VBN . PRP VBP IN VBG DT NN NN IN PRP$ NNS MD RB VB PRP IN DT NN WDT MD VB CC VBN CC VBN IN DT NN . DT JJ NN IN DT NN VBZ IN PRP MD VB PRP VBG VBN RBR IN PRP VBP : CC DT JJS NN VBZ IN PRP MD VB RB RB . DT NN MD RB VB IN DT JJ JJ NN VBZ CD WDT MD VB NN CC NNS IN NN . RB , DT NNS IN DT NN MD VB IN CD NN MD VB . DT NN MD RB RB VB `` JJ NN '' WDT MD RB VB IN NN . WP VBZ DT VB . PRP VBZ IN NN MD VB DT NN WDT MD VB VBN RB , CC PRP MD RB VB DT JJ NN VBN TO VB VBN . IN PRP VBP JJ IN NNP , RB PRP MD VB TO VB VBG RP IN DT NN RB RB . DT NN VBZ DT NN IN DT NN WDT VBZ : IN RB VBZ : DT JJ NNS . PRP VBZ NNS DT NN TO VB PRP$ JJ NN IN VBG VBN RP IN DT JJR JJ NN NNS . RB RB , NN NNS VBP RB JJ IN DT NN IN PRP MD VB VBN RB IN NN . WP VBZ DT VB TO VB IN NN . UH , VB PRP RB VB IN PRP MD RB VB NN NNS CC NN NN IN PRP MD RB VB PRP DT JJ . DT VBZ WRB DT NN NNS VBP IN DT NN . PRP MD VB DT IN PRP$ JJ NN IN IN PRP MD VB NNS IN DT NN IN JJ NN NNS , CC RB RB . RB , IN PRP VBP JJ IN VBG NN IN PRP$ NNS , VBG NN , VBG PRP$ NNS , CC RB RB , RB PRP MD RB VB VBN IN PRP VBZ DT JJ NN TO VB IN DT NN . DT NN MD RB VB TO VB NN TO VB VBN IN PRP MD VB RP DT NN WDT MD VB NN JJ IN DT WP VBP RB VB PRP$ JJ NN NN IN PRP$ NN . PRP VBZ DT JJ NN CC PRP VBZ VBG VBN RB RB . DT NNP HYPH CD NN VBZ VBN PRP IN DT JJ JJ NN WDT MD VB DT NN WDT DT NN NNS MD VB IN . DT NN MD VB IN DT NN IN CD NN WDT DT NNS MD VB TO VB DT NN WDT VBZ RB VBG PRP$ NN . DT NN MD RB VB VBN IN DT NN WDT MD RB VB DT NN POS NN CC JJ NN . PRP VBP DT NN NN CC PRP MD RB VB RP . IN DT IN PRP WP VBP NN IN PRP$ NN IN PRP MD RB VB DT NN TO VB PRP TO VB DT NN , PRP VBP RB CD NN TO VB : PRP MD VB . RB , NNS IN DT NN VBP VBG IN NNP HYPH CD VBZ VBN DT NNS IN PRP$ NN . TO VB NNS JJR , PRP VBP JJ NNS VBG DT NN IN DT NN VBZ RB RB JJ CC IN PRP MD RB VB RB IN DT WP VBD VBN IN PRP . DT VBZ IN PRP VBP RB VBG RP DT NN NN TO VB DT NN WRB PRP MD RB RB VB DT NN WRB PRP VBZ JJ , CC PRP MD RB VB IN PRP . DT NN , IN PRP MD VB CC RB , VBZ VBG TO VB VBN IN PRP$ JJ NN . DT VBZ IN IN NN IN PRP TO VB IN IN PRP$ NN , PRP MD VB TO VB IN PRP CC PRP$ NN VBP VBN VBN . DT VBZ IN IN PRP VBP DT NN IN `` NN '' PRP MD RB VB JJ TO VB , VB PRP$ NN , VB PRP$ NNS , CC NN JJ WDT MD VB PRP TO VB PRP$ NN . PRP CC PRP$ NN MD VB VBN IN PRP$ NN : CC RB VBN IN DT NN NN : IN IN PRP CC PRP$ NN MD RB VB NNS . DT VBZ JJ , CC DT VBZ WP VBZ VBG IN NNS IN DT NN RB RB . IN DT NNS , PRP VBP RB RB VBG DT WP VBP NN , CC PRP VBP RB VBG DT WP VBD IN NN IN PRP -LRB- RB IN PRP VBP VBN RB TO VB DT NN PRP -RRB- . IN VBG DT NN IN NN , JJ NNS MD VB TO VB VBN . PRP MD DT VB NN IN PRP$ NN IN PRP MD RB VB DT NN , CC WP VBZ WRB PRP$ JJ NNS , NN , CC PRP$ NNS VBP IN NN . DT MD VB DT JJ NN . DT IN DT , PRP VBP VB NNS IN DT NN . PRP MD VB TO VB JJ IN PRP$ NN TO VB PRP$ NNS CC VB DT NN IN DT NN TO VB DT `` NNS '' IN PRP$ NNS . DT JJ NN VBZ IN PRP VBP RB RB JJ IN PRP MD VB TO VB RB DT NN VBZ DT . WRB VB NN WRB PRP MD VB DT NN WDT MD VB NN NN IN DT WP VBP TO VB . DT VBZ DT JJ NN , DT NN VBZ VBG VBN RP , CC PRP VBP PDT DT NNS ."
245,389,mainstream,"NNP NNP VBZ DT NNP NNP NNP , NN IN NNP NNP POS NN IN NN . NN , JJ NN . WRB VBP NNS VB IN PRP VBP VBN IN DT NNS PRP VBD NN . RB DT NNS MD VB , PRP MD VB VBG WP VBZ VBN DT JJ NN . CC RB NN VBZ DT JJ NN RB . WP PRP VBZ VBZ IN PRP MD RB VB DT IN WP VBP VBN NN CD WDT VBP DT RB JJ NNS IN NN WDT VBD RB NN NN . PRP MD VB JJ NNS IN NN JJ IN DT WDT PRP VBP VBN , PRP MD VB NNS , NNS , PRP MD VB JJ NN NN , NN , NNS JJ IN NN , NN NN , JJ NN . RB DT IN DT VBP DT NN . PRP MD VB JJ JJ NNS . DT NN IN CD NNS IN JJ NN IN DT DT VBZ RB . CC IN DT NN VBZ VBN PDT DT JJ NN IN VBG DT NN , DT NN IN DT NNS WDT , DT JJ NN IN DT NNS VBG VBN VBZ VBN . CC IN PRP VBP VBN JJ TO VB IN DT NN , CC IN NNS IN NNS CC NN , IN CD CD NNS CC CD CD JJR TO VB , CD CD VBD CD CD RBR VBN , CC DT NN NN VBG VBN IN CD IN IN CD . PRP VBP RB IN DT JJ NN CC NN PRP VBP DT NN RB . MD NN WP VBZ IN NN CC NN WP VBZ IN PRP , MD PRP DT VB VBN . WRB VBP PRP VB JJ IN RB JJ NN IN JJR JJ NNS IN NNS VBZ RB VB IN DT NN . RB EX VBZ DT JJ NN IN PRP . CD IN DT NNS WDT VBZ VBN VBN IN NN RB VBZ RB HYPH VBN IN DT IN DT JJ JJ NNS , IN DT NNP , DT NNP IN NNPS , DT NNP IN NNPS , DT NNP IN NNPS , CC DT HYPH IN JJ NNS , VBZ PRP MD VB CC PRP VBP VBN CC RB VB DT JJ NN IN DT NN HYPH CD IN JJ NN . IN NN IN DT NN NN PRP VBP RB VBN CC VBN IN NNS IN . JJ WP VBZ DT NN VB , NN . MD PRP RB VB WP DT VBZ . RB WP PRP MD VB VBG VBZ VBG CC VBG IN NN VBZ JJ , DT NN IN NNS WDT MD VB VBN IN NN HYPH CD . CC IN NN NN WP VBZ NNS MD VB VBG RB IN PRP VBP VBN VBN . RB PRP VBP IN DT NN TO VB JJ TO VB NNS IN NNS IN DT NN IN PRP$ NN NN CC IN DT NN IN NNS VBG . MD PRP RB VB DT NN . PRP VBP DT NN RB RBR IN PRP , EX VBP NNS , RB NN IN DT NNS VBN IN NNS WP VBP RB VB NNS . VBZ DT NN WP MD VB VBG IN DT NN TO VB VBN RP CC VB IN DT NN , VBZ NN VBN CC VBP PRP VB RB DT NN IN DT CC VB CC VB . UH , DT JJ JJ NN IN DT IN DT NN CC JJ JJ NN NNS CC DT JJ NNS VBD WP PRP VBD VBD DT NN NN WDT VBD . DT JJ NN VBZ IN IN DT NN IN NN , PRP MD VB VBG IN NNS IN NN CC NNP NNP . UH , PRP VBP VBN JJ NN NN RB . PRP VBP DT JJS NN NN IN DT NN , IN DT NN NN CC PRP VBP DT JJS NNS IN DT NN IN VBG PRP . RB PRP VBZ RB IN DT NN IN DT NNS RB IN PRP VBP DT , CC DT JJ NN NN , PRP VBP DT NN TO VB PRP . PRP VBZ IN VBG JJ IN PRP VBP RB VBG VBN NNS VBG RP CC DT VBZ DT RB JJ NN NN , CC NN NN NN IN DT NN . CC WP VBZ PRP VB . PRP VBZ DT NNS WDT PRP VBP VBN VBG IN NNS IN NN , RB VBG DT NN IN NNS , VBP VBG . DT NNS IN DT NN PRP VBP VBN VBG IN NNS IN NN TO VB PRP$ NNS , PRP$ NNS , PRP$ JJ NN NNS CC PRP$ NNS . PRP VBP VBN PRP IN DT NN WRB RB PRP MD RB VB DT NN . CC PRP VBZ IN PRP$ NNS CC NNS CC NN CC JJ NNS IN NNS CC NNS , JJ NN , JJ JJ NN . DT IN DT NNS MD RB VB DT NN IN NN . PRP VBP VBN IN DT NNS , IN PRP VBP VBN VBG IN CD IN DT NNS PRP MD VB JJ TO VB IN PRP . RB VB JJ TO VB PRP PDT DT NN IN WP PRP VBZ IN TO DT IN DT RB VBP TO VB IN DT NNS VBP VBN IN NN . NNP NNP VBZ DT NNP NNP NNP . NN , PRP VBZ RB JJ NN . PRP VBP IN DT JJS NN IN PRP TO VB VBZ WRB NNS VBP VBG TO VB RB IN JJ . NNS VBP IN DT VBG DT NN IN DT NN , NN VBZ VBG TO VB RP DT JJ NN , VB NN DT NN , VB JJ PRP VBZ RB VB IN DT NN CC PRP MD VB TO VB NNS RP . CC TO VB CC VB NNS DT NN IN WRB PRP MD VB . IN : PRP VBP VBN IN DT JJ NN IN NNS , PRP VBP RB VBG TO VB IN DT VBN NN CC IN DT JJ NNS NN DT NN . VBP PRP VBG TO VB DT NNS DT NN NN . DT JJ NN NN IN NN , PRP VBP IN DT MD VB JJ . PRP VBZ DT NN IN WRB . DT VBZ RB DT NN IN NN WDT MD VB RB . VBP PRP VB NN PRP MD VB RB . UH , PRP VBP . PRP VBP DT VBZ RB RB RB RB . CC DT MD VB PRP VBG NN CC RB PRP VBG DT NN NN WDT VBZ RB VB DT NN VBZ IN WP PRP VBP IN NN . JJ . RB IN PRP VBZ NN NN CC IN PRP VBZ JJ NN , DT NNS NN VBZ RB IN PRP$ NN . DT NNS NN NN , DT VBZ RBR RB IN NNS IN JJ NNS RB . JJ NNS CC JJ NN , PRP VBP JJR . PRP MD VB RBR . RB WP PRP VBP VBG RB . WP IN DT NN WRB HYPH VBG DT IN CD NN IN CD JJ NNS , WRB MD DT VB DT NN VBP PRP VB . RB WP PRP VBP VBG RB RB VBZ VBG DT IN DT NNS CC PRP VBP IN DT CD HYPH NN NN IN VBG DT JJ , CC RB NN HYPH VBG NN CC NN NNS . DT JJ NN VBZ NN . CC IN PRP VBP DT RB , PRP VBP RB VBG RP DT VBG NNS CC NNS IN DT CD HYPH NN NN . PRP VBP DT NN PRP VBP VBG PRP VBZ , WP VBZ DT JJS NN CC JJ CC JJ , JJS NN NN IN NNS . CC RB IN PRP VBP VBN , VBG JJ NNS TO VB DT . RB PRP MD VB DT NNS JJ IN WRB NN MD VB VBN , VBG JJ TO VB DT NN MD VB RB JJ IN NNS IN PRP$ JJ NN CC PRP$ JJ NN . CC IN JJ NN IN VBG RP JJ JJ NNS . CC PRP , PRP MD VB DT NN IN NNS CC NNS RB DT JJ RBR IN DT NN CC RB RB RB IN PRP VBP : UH , RB IN NNS CC NNS , VBG RB JJ NN . RB RB JJ IN NN MD RB VB , CC RB NN IN DT NN . RB PRP VBP RB VBG IN DT NN IN CD NNS IN RB , IN DT JJ NN IN NNS . PRP VBP RB VBG IN WP VBZ JJ HYPH NN , JJ HYPH NN , CC PRP VBZ JJ HYPH NN IN NNS IN NN CC CC JJ JJ CC JJ NN . CC PRP MD VB WRB NN WDT VBZ NN IN DT NN VBZ DT RB JJ NN . RB RB IN NN WDT VBZ JJ . UH . CC DT NN : PRP VBP DT NNS VBP JJ TO VB . PRP VBD DT JJ VBN TO VB IN DT JJS RB VBN NN VBD IN NNS . PRP VBD PRP CD NNS TO VB IN VBG JJ NNS IN VBG DT NN IN CD . PRP VBD CD NNS . WRB RB VBP PRP VB PRP VBZ VBG TO VB TO VB DT NN IN DT . UH . RB VB , PRP$ JJS NN VBZ IN EX VBD TO VB DT JJ NN , CC EX VBZ DT NN IN EX VBZ RB VBN DT JJ NN IN DT NN RB : CC IN EX VBD , CD IN CD NNS . CC PRP VBP VBN DT NN IN VBG IN DT JJ NN IN NNP POS JJ NNP . PRP VBP VBN IN DT JJ NN IN NNS IN NNP CC NNP . PRP VBP RB VBG RB IN IN CD NNS IN DT NN IN NNS . RB , EX VBZ RB VBN , IN DT JJ NN , DT NN IN DT IN DT NN , VB JJ IN DT NN NN . RB PRP VBZ RB JJ EX MD VB CD , CC PRP VBP JJ IN IN PRP VBZ JJ TO VB CD , PRP MD VB CD . CC DT NN IN DT VBZ CD IN CD NNS . IN NN , PRP VBG IN VBG DT NNP NN . DT NNP CC NNP , PRP VBZ RB JJ RB . PRP VBP VBG DT . PRP VBP IN PRP VBZ JJ IN NNS IN PRP VBP RB VB TO VB DT NN IN PRP , IN PRP VBP RB VBG IN : MD PRP VB VBN , CC MD PRP VB DT NN IN DT JJ NN . CC RB DT VBP DT JJ JJ NNS . NNP POS NN IN DT NN IN DT , PRP VBP NN VBG VBN IN DT NNP IN NNP , PRP VBP VBG NNS IN DT NNP NN , DT JJ NN HYPH NN . EX VBZ NN VBG VBN IN IN NNP NNP , NNP . DT JJ NNS IN NNS IN CC NNS , NNS , WDT VBZ PRP VBP RB DT NN , CC PRP MD VB VB DT NN , CC NNS WDT MD VB DT WP VBP RBS JJ . DT IN DT VBP VBG CC PRP VBP EX VBZ DT RB JJ NN IN CC DT NN CC NN , CC DT JJ NN CC DT NN IN DT NN . PRP VBP VB TO VB IN PRP VBP VBN VBG IN DT IN DT JJ NN WDT DT NN VBZ VBN VBG IN . MD VB JJ TO VB PRP DT NN IN RB WRB JJ CC JJ CC JJ DT MD VB . CD NN PRP VBD RB VB PRP IN , NN . DT NNP NNP VBD DT JJ NN IN JJ NN NNS . PRP VBD RB JJ IN RB DT IN DT NNS VBD VBN DT NN RB RB CC VBD VBG NNS RP IN NNS . WP VBP PRP VB DT JJ NN NNS TO VB . RB , CC DT NNP NNP , CC DT IN DT NNS RB VBD RB JJ IN PRP VBD RB VB TO VB JJ JJ NNS WP VBP RB CC JJ CC RB JJ , RB JJ . IN EX VBZ DT NN NN TO VB RP DT NN JJ IN DT NN , IN NN . CC WP PRP VBP TO VB VBZ VB JJ EX VBP RB JJ NNS , CC DT NN IN DT NNS TO VB IN CD RB VBN NN , IN IN CD NNS IN DT NN RB IN NN . CC DT VBZ RB , UH , PRP MD VB PRP VBZ IN JJ NN , CC RB PRP VBZ IN PRP$ NN CC VBG IN DT WDT VBP JJ , JJ , JJ , CC TO VB PRP DT JJ NN . IN PRP VBP WP VBZ , PRP VBZ VBG NNS IN DT NN . IN DT JJ NN , PRP VBP VBG DT JJ NN NNS WP MD VB DT NNS JJ NN IN NN . RB , PRP VBP VBG NN IN PRP$ JJ NNS CC NNS , CC VBG DT JJ CC JJ NN IN PRP$ NNS . WRB VBP NNS VBG TO VB JJ TO VB RP RB CD NNS , NN . PRP VBP NNS IN NNS VBP RB VBG PRP$ NNS . WRB VBP PRP VB DT VBZ VBG TO VB DT NN . VBZ DT CD IN DT NNS WDT MD VB IN CD NNS POS NN , CD NNS POS NN . PRP MD RB VB DT NN . PRP MD VB DT IN DT JJ NN WDT VBZ JJ TO VB , CC PRP VBP JJ TO VB DT , IN DT JJ CD NNS . CC DT VBZ CD IN DT JJ NNS TO VB VBN IN DT NN RP IN DT . RB , NN , NN IN JJ NN CC IN JJ NN . DT NN IN NNS WDT MD VB JJ , DT VBZ DT RB JJ JJ NN IN PRP RB VBP TO VB IN DT . CC JJ NN , EX MD VB DT NN IN DT IN PDT DT NN . DT VBZ RB WP VBZ VBN NNP , IN PDT DT JJ NNS , DT NNS , DT NN WDT VBZ VBN RB NN VBG , DT NN , DT JJ NN VBZ RB VBN DT RBS JJ . PRP VBZ WP VBZ VBN RB VB DT NN CC VB DT NN IN DT JJ NN IN NNP , CC PRP WRB PRP VBP IN DT JJ NN . IN PRP VBD PRP VB , VBP PRP VB IN NNP NNP POS NN . PRP VBZ VBG TO VB PRP IN CD . VBP PRP VB IN DT NN IN DT NN CC WP PRP VBZ IN PRP CC NNS IN NN . VB , RB , PRP VBP RB VBN IN DT NN . PRP RB VBP RB VBN DT IN DT NNS IN DT NN . PRP VBP RB VBN VBN IN NN CC RB RBR VBN . WP PRP VBP IN , PRP VBZ JJ , RB . NN VBZ IN WP NNS VBP IN PRP , VBP RB PRP . RB , RB RBR RB IN PRP MD VB . IN PRP , PRP VBP RB VBN VBG DT IN DT NNS IN DT NN . PRP VBP RB VBN DT NN . CC WP VBZ PRP$ NN . PRP$ NN VBZ JJ RB IN DT NN IN NNS IN VBG NNS IN DT JJ NN IN DT , PRP$ NN , PRP$ NN , PRP$ NNS . DT NNS VBP JJ CC JJ CC PRP VBP RB RBR JJ IN DT CD IN PRP . PRP VBP DT NNS WDT RB VBP . VB PRP$ NN . VBP PRP ."
246,1303,mainstream,"NNP NNP , JJ NN IN DT NNP NNP NNP CC NNP NNP , VBZ IN DT NNP NNP CC NNP NNP IN NNP NN TO VB VBG JJ NN IN NN IN DT NN NN , NNP , NNP CD , CD IN NNP NNP IN NNP . -LRB- NNP NNP , NNP IN NNP -RRB- NNP NNP , JJ NN IN DT NNP NNP NNP CC NNP NNP , VBZ IN DT NNP NNP CC NNP NNP IN NNP NN TO VB VBG JJ NN IN NN IN DT NN NN , NNP , NNP CD , CD IN NNP NNP IN NNP . -LRB- NNP NNP , NNP IN NNP -RRB- NNP -LRB- NN -RRB- : IN NNP NNP NNS , DT NNP RB VBZ DT JJ NN NN IN DT NN IN JJ NNS VBG NNS , NN , NNS CC NNS , NN NNP NNP VBD NNP IN NN IN DT NNP NN . `` PRP$ NN IN NN VBZ VBG , '' PRP VBD . DT NN MD VB `` DT JJS NN IN JJ NN '' IN DT NN VBZ , DT NN NN NN VBD NNS . NNP POS NN VBD IN PRP$ NN JJ NN IN NN IN DT NNP CC NNP NNPS NN NN , DT NN PRP VBZ VBD NN IN DT NNP NN . `` PRP VBP RB DT JJ NN , CC NN IN DT NN CC NN IN NNP VBZ TO VB WP DT NN VBZ , CC WDT NN PRP VBP , '' PRP VBD DT NNP NNP CC NNP NNP . `` EX VBP JJ NNS WDT PRP VBP TO VB TO VB , PRP VBP RB RB VB JJ JJ JJ NN TO VB PRP$ NN NN NNS , PRP RB VBP RB VB DT NN NNS VBN RP IN DT NNS CC NNS , CC PRP RB VBP RB VB NNS IN NN IN WRB PRP VBP DT NNS CC NNS . PRP RB VBP RB VB DT JJ NN NN . '' IN DT NNP NNP , NNP NNP NNP VBD NNP VBD IN DT `` JJ , JJ NN , '' CC NNP POS NN , NNP NNP NNP NNP , VBD , `` NN PRP VBZ VBG IN VBD VBN . '' `` RB DT VBZ IN NN WP VBD IN DT NN CC VBZ RB VBG TO VB PRP VBD DT NN RB RB , '' NNP VBD . NNP , VBD RBR , IN DT NNP JJ NN NN , IN DT NNP VBZ VBG RP NN IN NN HYPH CD HYPH JJ NNS CC IN PRP$ NN '' VBZ TO VB NN NNP VBZ IN PRP CC RB VB IN DT NN , VBG NNS . '' NNP VBD IN VBN NNS CC RB VBD PRP$ NN IN CD NNS IN NN . PRP VBD RB VB DT NN IN EX VBZ RB DT DT HYPH NN NN , VBN IN NNS IN NN NNS , TO VB NNS CC JJ NNS , VB JJR NNS CC NNS CC VB DT JJ NN . PRP$ NN VBD IN DT NNS VBP RB VBG VBN RB IN DT JJ NN WDT MD VB NNS CC NNS IN WRB PRP VBP RBS VBN TO VB NNS CC VB NNS CC NN NN . VBN IN NNP NNP NNP , NNP HYPH NNP , IN NN NNS VBP VBN DT NN IN DT `` NN PRP VBP IN '' CC DT NNS RB , NNP VBD , `` PRP VBP PRP VBP DT NN IN NN TO VB TO VB VBN . '' NNP NNP NNP , NNP HYPH NNP , VBD IN PRP MD VB VBN IN NNPS MD VB NNS VBG NN IN DT NN WRB PRP VBZ JJ . NNP VBD , `` RB , NNP . '' NNP , DT NN NN , VBZ PRP VBD VBN IN NN IN DT NNP NNP NNP CC NNP NNP IN RB VBG JJR HYPH NNS DT NN NN VBD VBG TO VB JJR IN DT NN VBD VBG VBN TO VB . PRP VBD DT NN NN VBD WRB PRP VBD DT NNP NNP NN TO VB JJ NN IN NN , DT NN NN NNP VBD VBG IN DT JJ NN . DT NNP RB VBD IN PRP$ NN IN NNP HYPH CD , IN IN JJ NNS . CC IN DT NNP NNP IN NNP , DT NN VBD RB JJ . `` PRP VBP VBN JJ NN IN DT NN , '' NNP VBD . `` RB , DT NN IN NNS VBP VBN IN PRP , CC PRP MD VB . '' JJ NNS IN DT JJS NN VBD JJ RB TO VB NNP RB . CC NNP NNP NNP IN NNP VBD PRP IN VBG TO VB PRP$ $ CD NN IN RB IN JJ NN IN DT NN IN NN NN , CC RB IN NN IN PRP VBZ TO VB RP PRP$ NN NN . `` PRP VBP RB JJ TO VB IN NN , CC PRP VBP RB JJ TO VB RB IN VBG VBN , '' VBD NNP . `` PRP VBP DT JJ NN VBG DT . '' NNP VBD CD IN DT JJS NNS IN PRP VBD TO VB NNS VBD WRB VBN NNS TO VB HYPH VB NNP NN IN NN NNS VBD RB . PRP VBD VBG NNS IN JJ NNP IN NNP NNP , DT NN IN DT JJ NN NN VBN NNP NNP , VBG IN PRP$ NN NN NN VBD `` RB VBN . '' `` CC PRP VBD : `` PRP VBP IN JJ NN . DT NN VBZ . CC PRP VBP TO VB , '' '' NNP VBD . `` CC PRP VBD DT RB IN DT JJS NNS PRP MD IN NNP CC VBD DT NN . IN DT NN PRP VBD IN PRP VBD VBG TO VB DT NN IN PRP$ NN NN NNS IN PRP VBD RB VBG NN . '' VBG NNP IN DT NN NN , NNP VBD NNS PRP VBZ DT NNP WP VBD IN NNP . PRP VBD RB , CC VBD IN PRP VBZ NNP . IN NN IN PRP$ NN NN , NNP VBZ VBG TO VB VBN IN PRP$ JJ NN . DT JJ NN NN VBZ VBN `` JJ NNS '' IN PRP VBD VBN IN DT NN . NNP , NNP POS NN , VBZ PRP RB VBZ IN PRP$ NNS CC VBZ PRP VBD PRP IN DT JJ HYPH NN NN VBG TO VB DT NN IN JJ NN NNS IN DT NNP NNPS IN NNP . RB CD NNS VBP VBN IN NN HYPH CD IN DT NNP , VBG JJR IN CD HYPH NN IN JJ NNS CC DT NN POS JJS NN , VBG IN NNS VBN IN NNP NNP NNP . RB JJR IN CD CD VBP VBN VBN CC RB CD VBP VBN . NNP POS NN VBD DT NN POS NN IN NNP NNP NNP , DT NN POS JJ JJ NN NN , IN DT VBN NN IN NN HYPH NN CC VB HYPH IN HYPH NN NNS MD `` VB RP DT NN , '' VBG JJR NN CC NN CC VBG NNS TO VB DT NN VBG RB . JJ TO VB DT NNP NN , NNP VBZ VBN VBG NNS TO VB NNS , CC JJ NNS VBP VBG RB RB , IN NNS VBP JJ IN VBG RB IN NNS , JJ NNS CC NN NNS . NNP , WP VBZ DT JJ NN IN NN , VBD DT NN POS NN RB MD VB VBN IN NN . DT NNS VBP : : VBG DT JJ NN NN . DT NNP NNP VBZ VBN NNS TO VB DT NN IN NN , RB IN DT JJ NN VBZ TO VB JJR NNS CC JJR NNS RB JJ . NNP VBZ DT NNP VBZ `` VBN '' IN NN IN DT NN , CC IN NNP NNPS VBP VBG DT JJ NN TO VB DT JJ NN . : VBG RP IN VBG DT NN IN JJ NN NNS JJ IN JJ NN HYPH NN CC VBG NNS IN JJ NNS . `` RB , PRP$ NNS MD VB IN VBG DT NN , '' VBD NNP , IN DT RB HYPH RB HYPH JJ NN IN DT NN WP RB VBZ JJ . : VBG RP DT NN TO RB VB NN CC NNS WDT VBP JJ CC RB VBN . VBG NN IN NN NN MD VB NN CC VB NNS ."
247,977,mainstream,"CD NNS VBP VBN VBN IN NNS IN NNP IN DT JJ CD NNS , DT NN NN VBZ VBN . DT NN IN DT NNS VBP VBN TO VB VBN IN NNP NNP . DT NN IN NNP NNP POS NNP NNP VBZ RB VBN VBN . NNP NNP VBZ RB VBG TO VB RP NN WP VBZ VBN IN NN IN DT VBN IN DT NN . NNS IN NN WP VBZ DT NN NN VBP VBG VBN RP IN DT NN . DT NN VBZ CD NNS IN DT JJ NN NN VBG NN NN NNS VBD VBN IN DT NN VBD VBN , VBG IN DT NN IN NN IN DT NN IN DT NN VBG NN DT NN . NNP NNP NNP , IN NNP NNP , VBD : `` PRP VBZ JJ IN NNS VBP CD NNS IN DT NN NN . `` NNS CC JJ NNS MD VB VBN RP IN CD CC CD NNS WRB PRP VBD JJR CC PRP MD VB NNS TO VB PRP$ NN CC NNS VBN IN NNP . `` PRP MD RB VB JJ NNS WP VBP VBN RP IN NNP RB TO VB PRP VBN . '' DT NN IN DT NNP IN NNP VBD : `` DT NN VBZ VBG RB IN NNP NNP TO VB DT NN . `` PRP VBP VBG JJ NN , VBG VBG JJ NNS IN NN IN DT WP VBP PRP . `` NNS CC NNS WP VBP VBN DT NN NN CC WP VBP VBN NNS RB VBP VBN IN PRP VBP RB IN NN . PRP MD VB TO VB DT NN . '' NNP NNP NNP VBD PRP VBZ VBG IN DT NN NN IN DT NN IN NNP NNP POS NNP NNP . DT NN VBD : `` IN NN IN DT NN IN NNP NNP NNS VBP VBN VBN IN NNS VBG IN DT NN CC VBG NNS IN NNS NNS . '' PRP VBP IN PRP$ NNS . VBP PRP VB DT NN IN DT NNP NNP NN NN . VB PRP IN NNP CC VB CD CD CD ."
248,361,conspiracy,"NN VBZ RB VBN IN CD IN CD IN DT NN . DT VBZ IN PRP VBD IN PRP$ NN RB RB , PRP VBZ RB JJ PRP MD RB RB VB TO VB DT JJ NN IN PRP MD VB VBN DT NN IN IN JJS CD JJ NN VBG IN PRP . WP PRP VBP JJ TO VB MD VB WRB . WRB DT NNP NNP NN VBD IN DT NN IN CD , DT NNP RB VBD IN NN TO VB PRP RP CC VB PRP RP . RB , PRP VBZ IN NN IN DT NN NN VBD PRP CC PRP$ NNS VBD CC VBD NNS IN DT NN TO VB DT JJ NN IN NN VBG NNP NN . PRP RB RB VBD RP IN CD IN DT RBS JJ HYPH NN NN NNS NN MD VB IN DT NN CC VBD DT NN . RB DT JJ NN VBD VBN IN DT NN IN WP VBZ TO VB DT RB JJ NNP NN CC VBN IN JJ . RB VB IN JJ NN , WRB DT NN IN NNS VBD VBG RP JJ IN DT NN IN JJ NNS . DT CD NNS VBD IN CD NNS CC JJ VBD VBN IN JJ NNS -LRB- JJ IN RB RB IN DT NNS CC VBG JJ NN NNS RB IN PRP VBD JJ CC IN RB JJ NN -RRB- . NNS RB VBD DT IN DT NNS NNS RB IN RB RB VBG DT NNS VBG DT NN . DT IN DT NNS VBD VBN IN DT JJ IN PRP$ NN . DT JJ NNS DT VBP TO VB CD NN IN JJ : PRP VBD VBG DT NNS IN NNP CC , CC NN IN NNS IN NN NNS CC NNS IN NNS IN NN . PRP MD VB IN WP RB DT CD NNS VBP IN DT NN . CD IN DT RBR JJ HYPH NN NNS VBD DT IN NNP NNP NNP , WP$ NN VBD VBN VBG IN DT NNP NNP NN , DT JJ NN NN IN PRP$ NN -LRB- IN JJ NN -RRB- : NNP , DT JJ NN VBN IN PRP$ NN IN NNS -LRB- RB DT NNP NN -RRB- , CC PRP$ JJ NN NN , VBD VBN IN DT NNP CD NN IN PRP$ JJ NN . DT NNS IN DT NN VBP RB JJ . RB VBN IN NN , IN CC PRP$ NN CC NN VBD VBN IN DT NN , DT JJ NN IN NNP NNP POS NN VBD VBN IN DT NN . PRP RB VBD RB IN DT NNP NNP IN NNPS IN DT NN IN NNS CC NN . IN NNP NNP VBD , VBG RP IN PRP$ NN , NNP NNP VBD VBG IN DT RB HYPH VBN NN WDT VBZ RB IN DT JJ NN . NNP -LRB- NN NN NN NN NN -RRB- , WDT VBZ DT NNP NN IN PRP VBZ IN NN NN IN DT NN , VBZ DT NN TO VB DT JJ NN IN NN . IN PRP DT VBP , NN VBZ JJ NN IN DT NN . PRP VBP VBG IN DT CD CD NN NN . DT NN WDT JJ VBZ RB DT NN IN `` JJ NN '' . CD IN PRP$ NNS JJS NNS VBZ NN , RB WRB NN VBZ DT NN MD RB VB DT NN VBZ IN PRP . IN JJ , PRP MD VB IN DT NN NN IN JJ NN IN NNP POS NN HYPH NN NN VBZ RB VBN RB VBN . IN NN , PRP VBD RB VB IN PRP IN DT IN NNS VBD VBG IN VBG PRP . IN DT WP VBD IN PRP VBD PRP VBZ VBN NN CC VBN NN IN NNS -LRB- NNS WDT VBD TO VB VBN IN DT JJ RB -RRB- , VB DT IN DT NN NN : IN DT NN VBZ RB VBN IN DT NN IN VBG NN , DT NN POS NN NN VBZ RB VBN , VBG IN DT NN IN NNS . DT NN -LRB- CC NN NN -RRB- VBZ VBN IN NN , NN , NN , PRP VBP PRP . IN DT NN POS NN TO VB NNP , DT NN VBZ VBN RP TO VB JJ CC RB VB . DT NN VBN NN VBN IN NN NNS -LRB- CC WDT VBZ RB DT NN IN DT NN NN IN NNS IN NN CC NN -RRB- VBZ VBN TO VB DT NN POS NN IN NNP . NNP NNP FW FW VBD RB VBN IN CD NN CC DT IN NN VBZ VBG DT JJ NNS IN NNS IN NN CC NN FW IN VBG PRP$ NNS IN VBG NNP , CC . RB VBZ DT NN : JJ IN DT JJ NNS VBD NN VBD VBG RB VBN IN DT NNS . IN PRP VBP RB VBN IN DT , PRP VBP TO VB IN DT CD NNS IN DT NN IN NNP NNP NNP IN NNP CC NNP . DT JJ NN MD VB VBN RB . DT NN VBD RB RB VB IN DT JJ NN IN DT NN VBD VBG JJ JJ NNS IN DT NN VBD RB CC DT NN VBD VBG VBN . PRP VBZ IN VBG DT NN VB PRP VBZ RB JJ . IN NNP NNP IN DT NN : DT NN PRP VBP IN TO VB PRP RB RB VBZ RB JJ CC DT NN IN NNS VBP VBN DT NN WP VBD VBG IN PRP . DT NN VBZ VBN RB IN RB . PRP VBD DT NN PRP VBD VBG IN CC PRP VBD RB VBG RB , RB JJ , RB CC DT IN PRP VBD VBG VBN IN VBG NNP , CC DT NNP CC NNP NNP RB VBD JJ IN PRP$ NNS JJ NNS IN PRP VBD NN CC RB VBD . : PRP VBZ VBG TO VB JJ , CC PRP VBP VBG TO VB DT RP IN NN RB , RB JJ NN . WRB PRP RB VBP DT NNS PRP VBP VBG TO VB JJ IN PRP . PRP MD RB VB DT NN IN NNS -LRB- NN -RRB- NN NN VBZ DT NN IN DT NN WDT VBZ VBN IN NNS IN DT NN . WP PRP VBZ VBZ , NNS IN DT NN VBP DT NNS WDT VBP NN NNS , PRP VBP NNS NNS CC MD VB VBN IN NNS NNS , PRP MD VB PDT DT NNS IN DT JJ NNS . NFP NNS IN DT NN VBP DT NNS WDT VBP NN NNS . PRP VBP NN NNS : DT NN NN IN DT NN VBZ NN NN IN PRP . WRB JJ NNS VBP PRP VBN DT NNS PRP VBP TO VB NN NN DT NN . DT VBZ RB JJ . VB NN NN VBZ NN NN VBN IN PRP CC DT NN NN VBZ WP VBZ VBN NN -LRB- NN NN HYPH VBN NN NN NN -RRB- . DT NN NN VBZ JJ NN NN NN NN RB VBN IN NN NN NN NN . DT NN VBZ RB DT JJ RBS JJ NN IN DT JJ NN TO VB NN NNS : CC WP VBZ VBG VBZ , DT NN NN VBZ VBG VBN IN DT NN VBN NN . RB , WRB NNP VBZ VBN , PRP VBZ DT NN POS JJ NN NN . NN . WP DT NNS VBD VBD DT : IN DT NN NN NN PRP VBD VBD VBG VBN IN DT NN CC RB CC RB IN NNS . DT VBZ DT NN NN WDT VBZ DT NN NN . PRP VBP VBG TO VB DT . RB IN DT NNS VBP JJ CC PRP MD VB IN PRP . PRP VBP VBN IN DT NN NN NN WDT VBD VBN IN NN NNS CC NNS WDT VBZ NN VBZ VBG VBN IN DT NNS CC IN NNS CC IN DT NN PRP VBG VBN NN . DT VBZ JJ RB JJ NN IN DT JJ JJ NN CC DT JJ NN CC DT NNS WDT -LRB- NN -RRB- VBP VBG NNS , IN RB PRP VBD RB VB DT NNS RB . PRP VBP RB VBG WP VBD IN DT NNS , PRP VBP RB VBG PRP VBP RB IN DT NN RB . -LRB- VB JJR IN DT NN IN NNP NN RB CC RB . -RRB- NNP VBD , NN NN , VBG VBN IN RB JJ NNS IN NNS IN NN . NNP NN VBZ RB VBN IN NN , NN , CC JJ JJ NNS . NNP NNP VBZ RP TO VB IN WRB NNP VBN IN JJ NNS VBZ RB VBN PRP$ NNS . IN PRP VBZ VBN NN . NNP POS . DT NN VBZ RP CC RB . RB , TO VB PRP RP , NNP VBZ NNP , DT NN IN WDT VBZ DT NN NN , CC NN VBZ VBN IN NN , NN , CC DT NN IN NNS , CC DT JJ NNS VBD RB RB VBN RP IN CD NN CC DT IN NN VBD RB VBG VBN IN PRP$ NNS IN JJ NN . DT VBZ DT NN . VB IN DT IN DT NN . VB PRP VB RP . CC PRP VBP VBN PRP VBP JJ NNS IN PRP VBP RB VB PRP$ NNS RP IN JJ NNS IN NNS IN PRP MD VB NNS . DT NNP NNPS VBZ DT RBS JJ NN NN IN DT NN , CC CC , PRP VBP CD IN DT JJS NNS IN NN NN , NN VBZ VBG NN IN NN , NN VBZ CD IN CD IN NNS CC CD IN CD IN NNS , CC RB RB DT NN PRP MD VB IN VBZ IN DT NN RB . IN DT NN NN IN NN VBZ VBN RB VBN IN JJ NNS IN DT NNS IN NN VBP VBN RB IN DT JJ NN , JJ VBP EX VBZ DT NN CC VBP JJ IN RB RB WRB PRP VBZ . VBZ PRP DT JJ NNS . DT RB VBN NN . DT NN IN NNS , VBG NN WDT VBZ IN DT NN TO VB DT NNS IN NNS VB DT NN HYPH NN NN RBR RB . CC : VBZ DT NN RB , RB JJR . VBZ PRP DT NN IN DT VBN JJ HYPH NN VBG NN WDT VBZ DT IN PRP CC PRP$ NNS NN VBN IN NN CC RB VBN RP TO VB JJ CC VB . PRP MD VB DT CD NNS WP PRP VBP IN DT NN , CC : PRP VBP RB JJ . IN DT NN , NNP NNP VBZ NN VB NNP NN DT NN . NN DT NN VBZ RB IN VBN RP . CC VB , RB VBZ DT NN NN RB ."
249,903,mainstream,"IN JJ NN POS NNP JJ NNS NN , NNP NNP NNP VBD NNP NNP NNP NNP IN PRP$ CD NN VBG , IN DT JJ NN , IN DT JJ NN -LRB- NN -RRB- NN VBP VBN IN JJ NNS IN PRP$ NN . `` PRP VBP DT NN . CC PRP VBP DT NN IN CD NNS . CC TO VB JJ JJ CD HYPH NN HYPH JJ NNS VB VBN TO VB DT NN NN IN DT JJ NN VBZ RB JJ HYPH RB JJ , '' NNP VBD IN DT NN . `` PRP VBZ DT NN IN DT NN NN . '' DT NNP NN VBZ IN NNS IN NN WDT VBP JJ NN . VBG IN DT NNP NNP IN NNP , RB CD CD NNS IN DT NNP , VBG NNS , VB VBN IN NN CC CD NNS VBP IN JJ NN DT NN . DT NN IN IN TO VB DT NN NN VBZ VBN NN IN NNS . DT VBP VBN DT NN MD VB JJ NN IN NNS , CC IN PRP VBZ NNS IN NN NN . PRP VBD NNS TO VB RP IN DT NN : `` MD DT NNP NN VB JJ IN NNS NNS CD IN CD IN DT NNP NNPS . WRB CC WRB RB . '' RB VBP PRP$ NNS : NNP NNP , NN IN DT NNP IN NNP : `` UH . DT NNS VBP IN DT NN VBZ JJ CC JJ . NNS VBP NN VBZ RB TO VB IN NN . CC NNS RB VBP NNS TO VB RP IN PRP VBP RB VB PRP$ NN VBN , IN PRP VBP IN DT JJ `` NNS '' : DT NN RB VBD IN DT JJ NNS IN NNP NNS IN NN NNS -LRB- JJ NN -RRB- . '' NNP NNP NNP , NN IN DT NNP IN NNP NNPS CC DT NN IN DT NNP NNP NNP IN DT NNP POS NNP IN NNP : `` PRP VBP PRP MD RB VB TO VB -LRB- VBN -RRB- . PRP VBP NN WP VBZ WP DT NN MD VB , CC WP DT NN MD VB , MD VB DT NN DT NN . CC EX VBZ RB JJ NN RB RB WDT VBZ NNS TO VB DT JJ NNS IN PRP CC PRP$ NNS , '' NNP VBD . NNP VBD DT NN WRB PRP VBD RBR IN DT NN MD VB JJ NN IN NNS , NNP VBD . `` PRP VBZ JJ JJ IN WP DT NN VBZ . '' NNP VBD DT NN VBZ JJ CC JJ . IN PRP VBD VBN IN CD NN IN JJ NNS NN , RB CD IN CD NNS IN RB , EX MD VB DT CD NN NN IN JJ NN NN , PRP VBD . NNP NNP NNP , NN IN JJ NN IN NNP NNP NNP IN NNP : `` DT NNP NN VBZ DT JJ NN IN DT NN IN NN : IN NNS CC NNS RB , CC RB IN NNS CC NNS . PRP VBP IN DT JJ NNS MD VB VBN . IN DT NNS MD VB VBN TO VB DT NN VBZ RBS VBN IN DT NN IN DT NN WRB DT NN MD VB VBN CC VBN . PRP$ NN VBZ IN , RB , NN IN NN , JJ NNS MD VB VBN IN DT NN VBZ JJ : CC WP VBZ RB VB TO VB RB JJ NN IN PRP MD . '' NNP NNP , NN IN NN CC NN IN DT NNP IN NNP , NNP : `` VBN IN DT JJ NNS IN VBG NN NN VBP RB JJ , DT NN IN NN IN NNS VBZ JJ TO VB . IN , IN NN , DT VBN NNS VBP NNS TO VB TO VB PRP$ NNS VBN , DT JJ JJ NN VBZ IN NNS MD RB VB JJ NN . PDT DT JJ NN IN NNS MD RB VB VBG RB IN DT RBS JJ NN IN VBG DT NN IN NNS , CC IN JJ , JJ CC JJ NNS , IN DT NN IN JJ NN . '' -LRB- NNP POS NNS VBP IN DT CD NNP IN DT NNP NNP NNP IN NNP , PRP VBD NNP NN DT NNS RB VBP PRP$ NN . -RRB- DT NN VBD VBN IN NNP , DT NN NN IN NNP . VB NNP NN NN NNP NNP IN NNP NNP . IN PRP IN NNP ."
250,522,mainstream,"NNP NNP , NN CC NN IN DT NNP CC NNP NNP NNP , IN NNP , NNP , NNP , IN NNP , NNP CD , CD . `` NN VBZ DT NN HYPH CC HYPH NN NN , CC PRP VBZ RB NNS . PRP VBP RB VBN IN CD NN IN PRP$ NN NNS MD VB : CC VB RB . DT JJ CD NN PRP VBP TO VB , '' NNP VBZ . `` WRB PRP VBD DT NN IN PRP$ JJ NN IN NNP IN PRP$ JJ NN IN NN , PRP VBD RB VB IN PRP$ NN NN MD VB RB . NFP VBG DT JJ NN , PRP VBD , MD VB RB RB RB IN VBG DT JJ NN NN . -LRB- NNS VBP RB JJR , PRP VBZ RP . -RRB- '' CC CD NN IN NN `` VBD '' NNPS `` IN : IN VBG IN DT JJ NN CC NN , DT NN NN VBZ RB JJ , '' PRP VBZ . `` PRP VBZ WP NNS IN DT JJ HYPH NN NN VBP `` NN CC NN . '' '' NNPS VBZ IN VBG JJ NNS CC VBG PRP WRB PRP VBP VBN MD VB JJ CC JJ IN PRP RB VBP VBN IN `` JJ NNS CC NN NNS . '' PRP VBZ JJS NNS VBP RB VBN IN DT NNS WDT VBP DT , CC PRP$ NN , CC DT IN DT CD PRP VBZ VBN IN '' VBZ VBN RB JJ . DT NNS VBP RB JJ CC JJ . IN NN , PRP VBP RB DT JJS NNS PRP$ NN VBZ RB VBN . '' NNPS VBZ DT $ CD CD PRP$ NN VBZ VBN IN DT CD NNS VBZ VBN DT VBN $ CD CD IN JJ CC JJ NNS . -LRB- DT NN VBZ IN DT NNP NNP NNP , DT NN NN WDT VBZ NN NN IN JJ NNS . -RRB- `` VB IN PRP$ NN VBD RB VBN IN NNP , DT NNP NNP CC NNP CC VBD RB VBN DT $ CD CD IN DT NN CD , VBG TO VB DT NN IN VBG NNS CD NNS RBR . IN IN JJ NN , DT NNS MD VB VBN RB $ CD CD , VBN IN NN , CC $ CD CD IN PRP VBP IN VBN NNS , '' NNP VBZ VBG DT NNS IN DT NNP NNP NNP . VBD DT NNP NNP VBN IN $ CD CD IN NN NNS IN DT VBG NN , DT NN MD VB VBN $ CD CD , NNP VBZ . NN NN IN DT VBG NN MD VB VBN $ CD CD . `` IN VBG IN JJ NN NNS , RB , PRP VBD DT IN DT NNS , '' NNP VBZ . `` NNS JJ IN NNP , DT NNP NNP CC NNP VBP DT JJS NNS WDT PRP VBP TO VB NNS TO VB NN CC VB NNS , '' PRP VBZ IN DT NNP . `` PRP VBP DT JJS NNS WDT NNP CC PRP VBP VBN IN DT JJ CD NNS , CC PRP VBP DT IN DT JJS NNS DT NN MD VB IN DT NNS RB . '' WRB DT NN JJ NN NN VBD VBN IN NNP NNP TO VB DT JJ NN HYPH NN NN WRB DT `` NNP NNP IN NNP '' VBD RB VBN IN VBG IN PRP$ JJ NN"
251,1224,conspiracy,"`` DT NN PRP VBP NN : IN DT NN PRP MD VB IN NN . '' WP PRP VBP RB VBG VBN IN DT NN PRP VBP IN VBG RP DT NNS : JJ NN IN VBG JJ NNS , JJ NN CC JJ NN IN : NNP NNP `` IN DT NN IN JJR IN CD NNS NN NNS MD VB CD NN . DT NNS IN CC NN CC NN VBP RB CD NN . -LRB- VBN -RRB- NNS NN : IN : NNP NNP `` JJ NN NN IN VBG JJ JJ NN , NN CC NN NNS , VBG NN , VBG NN , NN NN -LRB- VBN -RRB- DT NNP NN : DT JJ NN IN JJ NN : IN : NNP NNP VBZ DT NNP NN IN NN WP VBZ VBN NN , VBN NN CC VBZ VBN NN PRP VBP VB NN . IN IN DT NNP NNP VBZ IN DT RB , JJ , JJ CC JJ NN : `` DT JJ NN IN NN VBZ TO VB DT NN . RB VB WP MD VB IN PRP . RB DT NN PRP VBP DT VBP PRP VBN . '' -LRB- VBN -RRB- NNP NN TO VB NN IN NNP JJ NN NN NNS IN : NNP NNP , CC IN VBN IN PRP$ JJ NNS DT JJ NN VBN IN DT NNP NNP IN NNP IN NNP NNPS NNP CC NNP NNP HYPH NNP -LRB- NNP -RRB- WDT VBZ VBG IN DT NNP NN VBZ IN JJ NN NNS VBD VBN DT JJ NN IN DT NNP NN VBD TO VB RP IN PRP NN NNS IN DT JJ NN NN NN VBN IN DT NNP NN IN CD . NNP NN NNS , DT NN VBZ , VBP VBN IN DT NN IN DT NN IN DT NN NN , WRB PRP$ NN IN DT NNP JJ NN IN VBZ VBN NN IN DT NN CC NN IN JJ NNS , NNS CC NNS IN CD NNS IN NNS RBS VBN IN DT NN . VBG IN DT NN , DT NNP NNP POS NNP NNP NNP IN NNP NNP CC IN DT NNP NNP IN NNP CC NNPS IN NNP -LRB- DT IN WP VBP VBG IN CD NN NN NNS , CD IN WDT VBZ VBN TO VB VBN IN NNP NNP IN DT JJ CD NNS -RRB- VBD PRP$ JJ NNS IN DT NNP NNP NNP NNP NNP IN NNP NNPS -LRB- NNP -RRB- DT JJ NN IN DT NN TO VB NN IN DT CD NN NNS IN DT VBN NN NN NN . DT JJ NN NN NN VBG VBN IN DT NN NNS , DT NN VBZ , VBD VBN IN DT NNP CC PRP$ JJ NN NN NNP , WDT VBZ DT JJ JJ NN VBG IN NNS CC NNS CC VBZ DT NN IN NNP CC NNP VBN IN . IN WRB JJ DT NNP HYPH NNP NN NN RB VBZ DT NN NNS IN NNP POS NNS RB : `` IN CD , PRP VBD IN DT JJ NN CC NN NN -LRB- NNP -RRB- IN DT NNP IN DT NNP TO VB RB , VB CC VB DT NN HYPH VBN NNP NN . IN DT NNS IN DT NN , PRP VBP DT NN IN JJ JJ NN NNS IN DT NNP NN VBG IN DT NN . IN NNP CD , DT NNP VBD VBN TO VB NNS IN NNP CC NNP NNS . IN NNS VBN IN CD IN DT NNP RB IN DT NNP NNP NNP NNP NNP IN NNP NNPS -LRB- NNP -RRB- , PRP$ NN NN VBD JJ HYPH NN NN IN NNS IN NNP . PRP$ NNS VBP JJ IN DT JJR NNS IN IN PRP$ NN VBZ VBN IN NNP . NNP SYM NNS , VBG PRP JJ IN JJ HYPH NN NN . IN CD , PRP VBD DT NNP IN DT NNP IN DT NNP TO VB CC VB NNS IN NNP , NNP CC NNP NNS . NNP VBD RB VBN DT JJ NN IN NNS VBN IN DT NNP TO VB CC VB NNS IN NNP . RB , NNP VBD DT NN IN IN IN $ CD CD IN DT NNP TO VB NNP NNS . NNP POS NNP NN VBD NN NN NNS IN NNP CD . IN DT VBN , JJ HYPH JJ , NN HYPH VBN NN , CD NNS IN CD JJ NNS VBD VBN CC VBN . DT NN VBD NN CC NN IN DT NNS VBN . VBN IN DT NNS , DT JJ NN CD NN VBZ VBN . DT MD VB JJ JJ NN NNS WDT VBP JJ TO VB JJ NN IN DT RBR RB VBN NN NN CD -LRB- NN -RRB- . '' IN NNP CD , NNP VBD IN PRP VBD VBN DT NNP , NNP NN TO VB DT NN IN NNP CC NNP NNS , IN DT JJ NN IN VBG DT JJ NN NN . DT NN VBZ NN IN IN IN $ CD CD , IN JJ NNS JJ DT JJR $ CD CD . IN DT NN , DT NN IN JJ JJ NN NNS WDT VBP JJ TO VB JJ NN IN NNP MD VB VBN . DT NNP NNS NN IN NNP POS NN IN NNS VBG IN DT JJ NN NN , DT NN VBZ , VBD TO RB VB IN PRP VBD JJ TO VB IN IN DT NN VBG VBN IN NNP NN , JJ NN CC NN NNS . NNP NN NNS IN DT NN RB VBP DT NNP NNS NN TO VB DT NN IN DT NN NN IN `` JJ '' IN IN DT NNP NNP NNP -LRB- NNP -RRB- RB VBG IN RB JJ IN CD JJ NNS DT NN IN NNP MD VB IN DT CD JJS HYPH VBN NNP JJ NNS IN JJ NNP . RB JJR , DT NN VBZ , IN DT NNP NNP NNP -LRB- NNP -RRB- VBZ VBN IN NNP IN DT VBN CD NNP `` NNP NNPS '' VBG TO VB DT NNP NNPS , CC JJ NN VBG DT IN PRP VBD NNP NNP JJ NN , DT NNP NNS NN TO VB PRP$ NNS IN DT VBN NN VBZ `` IN JJ '' . VBG PRP$ NNP NNS IN NN IN DT `` NNP NNPS '' JJ TO VB , DT NN VBZ , NNP HYPH NNP NNP NNP IN DT NNP NNP NNP NNP CC NNP NNP NNP , NN IN POS NNP IN NNP CC NNP NNPS , VBP RB VBN PRP$ NNS TO VB IN PRP RB . DT IN DT NNS , DT NN VBZ , VBP TO VB IN JJ NNS IN NNP NNP IN NNP NNP NNP NNP NNP VBD DT NN IN RB IN DT NNP NNP -LRB- NNP -RRB- VBZ VBG TO VB DT NNP NN , EX VBZ `` DT JJ JJ NN '' PRP VBP VBG IN VBG DT NN NN : DT NN WDT VBD JJ NN NNS , RB WRB VBN IN DT NN IN DT NN IN DT NN NN VBN IN CD IN PRP$ NNS WDT VBD VBN IN NN HYPH NN NNS NNS . RBS VBG IN DT NN NN , IN VBN IN DT NNP NNP NNP NNP , VBD DT NNS VBN IN PRP VBG IN PRP$ NN VBD VBG PRP IN DT NN IN JJ NN IN NN IN `` DT JJ NN WDT MD VB DT NN . '' JJ NNP NN NNS VBG TO VB DT NN IN DT `` NNP NNPS '' , DT NN VBZ , RB NN IN `` DT NNP NN VBZ IN NNP NNP , RB IN NNP NN '' , DT NN WDT VBZ IN JJ NN IN DT NN IN DT NNP JJ NN NN NNP NNP VBZ RB VBN NNS IN DT NNP NNP -LRB- NNP , NNP -RRB- TO VB WP PRP VBP DT `` JJ NNP '' . CC RBS JJ IN DT , DT NN VBZ , VBZ WRB DT NNP NN , IN VBG DT VBN NN NN IN CD , VBZ RB RB VBN PRP$ NNS TO VB DT NN , VB JJ VB PRP TO VB PRP CC IN DT JJ JJS PRP$ NN NNS WP VBP VBG TO VB . NNP CD , CD CC NNP CC NNP DT NNS VBN . NN TO VB DT NN IN PRP$ NN VBZ VBN IN DT NN PRP VBZ VBN RB IN PRP$ JJ NN IN NNP . NN . NNP NN VBN IN NNP HYPH NNP CC NNP . -LRB- NNP . NN : JJ NNS CC PRP$ NN NNS RB VBP IN DT NN VBN IN DT NNS IN IN RB TO VB PRP$ NNS IN DT JJ JJ NNP NNS CC NNS TO VB , DT NN WDT DT NNPS IN NNP NNP RB VBZ IN IN VBG IN PRP VBZ DT JJ NNS JJ TO VB DT NN . IN IN PRP$ NNS NNS IN DT IN DT NNS , DT NNS IN PRP$ `` NNS '' IN PRP VBZ VBN DT JJ NN , NN NN VBN TO VB CC WDT VBZ VBN IN DT NN `` WP VBZ NNP NNP . '' . -RRB- NN IN NN IN NNP VBZ PRP$ NN IN NN RB PRP VBP VBG TO VB IN PRP : WRB VBP PRP VBG PRP ."
252,221,mainstream,"DT NNP NN NN NN RB RB VBZ DT CD NN NN IN NN , DT VBG NN VBZ VBN . NNP NNP NNP , WP$ NN IN NNP NNP VBP VBG TO VB DT NN , VBD RB VBN PRP$ NNS MD VB VBN JJ IN NNP . CC DT NNS VBP VBN DT NN IN IN NN NNS VBP IN DT NNP , PRP MD VB JJ PRP$ NN VBZ , DT NNP VBZ . DT NNP NN VBZ CD IN CD IN DT NN CC RB CD IN DT NNP WDT VBZ RB VBG VBN IN NNS . RBR IN DT NN , NNS VBD PRP VBD `` CD NN JJ '' PRP MD VB VBN JJ IN DT NN , VBG PRP CD IN DT RBS JJ NNS IN DT NN . IN DT JJS IN DT NN NN , VB PRP$ NN RB PRP VBZ RB VBN IN DT NN VBZ DT JJ JJ HYPH NN NN TO VB RP NNP HYPH CD CC VB NN NNS TO VB RB VBN . RB , IN DT NN VBZ RB VBG IN DT NN , NNS WP VBP VBN DT NN MD VB PRP CC NNS MD RB VB IN PRP VBP NN . JJR IN CD NNS , VBG RB NNS CC CD SYM CD HYPH NN HYPH NNS , VBP VBN VBN IN DT JJ NN IN DT NN . RB , IN DT NNP VBZ IN DT NN IN PRP$ NN NN , NNP NNP VBZ PRP RB VBZ RB CD IN DT NNS TO VB PRP . IN JJR IN CD NN JJ , DT NNS MD VB IN JJ NN . `` PRP VBP IN DT JJ NN IN VBG NNP TO VB , IN JJS IN DT JJ NN . CC NNS VBP VBG , '' NNP NNP VBD DT NNP . VBN TO VB DT `` JJ NN '' IN DT NN IN NNP HYPH CD , DT NNP NN VBZ VBN PRP$ NNS IN DT NNP NN , CC VBZ RB VBN TO VB IN IN IN CD CD NNS . NN NNP NNP NNP VBZ RB VBN IN IN VBN TO VB , NN IN DT NNP NN MD VB VBN DT NN IN NN . RBR DT NN , JJ NN NNP VBD DT $ CD NN IN DT NNP NN TO VB DT JJ CD CD NNS . DT NN VBZ RB VBG TO VB PRP$ NNS IN NN NNS RB , WRB DT JJ NN VBZ RB VBG . `` DT NNP NN , DT NNP NN , NNS IN NNS CC NNS VBP RB VBG PRP MD VB TO VB PRP VBN , IN PRP VBP DT NN . PRP VBP , PRP VBZ DT JJ NN IN NN IN NN IN WP PRP VBP VBG . PRP VBZ RB JJ , '' NNP NNP VBD . `` CC DT VBZ RB VB DT NN . PRP MD VB NN CC MD VB JJ CC RB IN IN . DT NNP VBZ VBN TO VB NNS IN DT JJ NN IN PRP$ NNS JJ NN , WDT VBD VBN IN CD NNS IN NNP . RB , EX VBP CD JJ NN NNS WDT VBP VBN DT NN IN JJ NN . CD IN DT VBP IN NNP , IN CD VBP IN DT NNP CC CD IN NNP ."
253,747,mainstream,"NNS VBP CD IN DT JJS NNS IN NN CC NN IN DT NN IN JJ NNS . NN VBZ CD IN DT RBS NN HYPH JJ JJ NN NNS TO VB JJ NNS . JJ NN VBZ VBN VBN IN VBG DT NN IN NNS RB , VBG IN DT NN IN JJR IN CD CD NNS RB . IN CD , RB CD NNS VBD DT VBN NN TO VB DT NNS IN NNS IN DT NN IN CD , VBN IN DT NNP IN NNP NNP -LRB- NNP -RRB- . NN NNS IN VBG NNS , IN VBN IN DT NNP NNPS NNP NNPS NNP -LRB- NNP -RRB- , VBP DT JJ NN IN NNP IN VBG NN NNS IN JJ NNS IN DT NNS WP VBP PRP JJS . RB CD NN IN DT JJ VBN NN IN NN -LRB- NNP -RRB- NN NNS VBP VBN IN NNP . IN NN NN NNS , NNP VBZ RB VBG NNS IN NN , JJ NN , NN , JJ NN , NN CC VBN JJ NNS . DT NN VBZ DT NNS CC NNS IN NNP IN VBG DT NNS JJ CC JJ IN DT ."
254,518,mainstream,"NN : PRP VBD IN DT NN HYPH NN HYPH IN , PRP VBZ HYPH JJ NN . CC PRP RB MD VB PRP RB . PRP VBP RB JJ , RB PRP VBP VBG RP . VBN PRP$ NNS , PRP MD VB PRP$ NNS VBG NN NN NNS CC VBG NNS IN `` DT NNP NNPS . '' PRP VBZ JJ RB , IN DT NN PRP VBP JJS IN DT NN IN NN CC NN HYPH IN HYPH NN NNS VBZ VBG IN DT NN . IN CD NNS , DT NN VBZ VBN DT NN WDT VBD PRP$ JJ NN IN PRP$ JJ NN . NN NNS , NN CC JJ NNS VBP RB VBN PRP IN DT NN IN JJR IN CD NNS . RB WRB JJ JJ NNS RB VBD NN NNS VBG NNS VB , DT JJS NN IN PRP VBD PRP MD VB CC VB PRP$ NNS IN NN NN . CD NNS , RB VBG NNP POS CD JJ NNS , VBP VBN IN DT JJ NN IN NNP HYPH CD POS JJ NN . PRP$ NN IN DT NN HYPH JJ NNP VBD PRP RB IN DT `` VB IN NN IN PRP VBZ JJ '' NN . CC PRP VBP RB VBN JJ IN VBG DT JJ NNS WP VBD IN VBG NN IN NN IN PRP VBD PRP$ NNS IN NNS WP VBP RB VBG TO VB PRP$ NNS JJ . NNP NNP , NNP NNP : NNP NNP VBZ NNP VBN IN EX VBZ NN TO VB CC IN NN VBZ VBN RP , PRP VBP VBN WP PRP VBD VBD DT JJ JJ NN IN NN NN HYPH IN HYPH NN . JJ NNS VBP VBN PRP IN NNS MD VB RBR RB IN RBR . DT NN VBZ RBR JJ DT NN CC NNP NNP NNP POS RBS JJ NNS VBD PRP$ NN IN DT NN MD VB IN JJ NN , CC IN PRP MD VB DT NN IN CD IN CD NNS . CC IN DT NN IN DT JJ NNS WDT VBD DT NNP NNPS IN VBN NN , JJ IN PRP VBD IN DT NNPS IN NNP NNP CC NNP , CC JJ NN NNS , MD RB VB DT NN : CC DT NN MD VB IN JJ NN . JJR IN CD NNS RB , IN DT NNP NN NN VBZ IN CD , DT NNS VBP VBN JJ , CC DT RBS JJ NNS IN JJ NN VBP VBN VBN IN NN . RB , WRB NNS RB VBP DT NN , PRP VBP NNS WDT VBP IN JJ NN . CC NNS WP VBP VBN CC VBN NNP HYPH CD VBP JJ TO VB VBN IN VBG DT NN IN PRP$ NNS . DT NNP NNP NNP VBD JJ NN IN DT NNS WDT RB VBP NNS JJ IN NN MD RB VB IN DT NN . IN NNS VBP IN VBG NN NN , DT NN VBZ DT NN IN DT JJ NN VBZ RB IN VBN . DT JJ NN VBZ VBG VBN IN VBG NN NNS : DT NN IN DT NN POS NN MD VB VBN IN DT NN . WRB NNS VBD , JJS IN PRP VBD JJ TO VB RB CC VB DT JJ NNS PRP VBD VBD JJ NN IN DT JJ NN . NNS , NNS CC JJ NNS VBD VBN NNS IN DT NN . CC VBN IN NNP VBZ JJ TO VB RB JJ IN NNP , CC NNP RB JJ IN NNP , VBG RB MD RB VB PRP IN DT NN NN WDT VBD DT NN HYPH IN HYPH NN NNS IN DT JJ NN . DT VBZ RB DT NN : PRP VBP DT NN IN JJ NN . NN IN PRP$ NN MD VB VBN NN . PRP VBZ JJ IN IN DT NN RB VBZ NN , JJ NN MD VB . CC DT VBZ RB RB JJ . IN DT NNP NNP VBZ TO VB NN IN JJ IN DT NN CC NN TO VB PRP RP , DT NN IN NNS MD RB VB . PRP VBP DT NN VBZ VBN PRP IN NN NN . CC IN DT NN IN DT NN : UH , VBG DT NN IN IN JJ NNS VBZ RB DT JJ IN VBG NN VBZ RBR JJ IN JJ NN . PRP VBP JJ NNS DT NN , JJ IN DT NN . NN NN , JJ NNS , JJ NNS CC DT NN IN JJ NNS MD RB VB VBN IN DT VBG NN IN PRP VBD RP RB . CC DT NN IN NN NN VBZ RB DT NN IN WDT JJS IN PRP MD VB TO VB . VB : IN NNS JJ IN DT NNS IN JJR NNS VBG IN DT JJ JJ NNS , NNS VBP JJ TO VB IN JJ NN NNS VBP VBN NNS VBP JJ . PRP VBP RB . NNP VBD CD IN DT JJ NNS TO VB CC RB VBD PRP$ JJS JJ NN IN JJ NNS IN DT NN VBD . IN VBG VBZ DT NN , PRP MD RB VB JJ . NNS VBP DT VBG NN TO VB JJ NNS IN NN NNS . DT NN IN JJ NN HYPH IN HYPH NN NNS VBD IN VBN NNS VBD VBN DT NN TO VB CC VB NN NN . DT VBZ DT NN JJ IN NN , CC PRP MD VB PRP TO VB DT NN IN JJ VBG NNS IN IN VBN NN NNS CC VBN NNS . IN DT JJ CD NNS PRP VBP VBN JJ IN VBG RB , VBG PRP$ NN NN NNS IN RB DT NN . PRP MD VB TO VB NN , CC DT NN IN VBG RP NN IN NNP NNP POS CC RB VBG PRP$ JJ NNS VBZ DT JJ NN PRP VBP JJ TO VB . VBG IN DT JJ NN IN NN NN , DT NN IN DT IN PRP VBZ JJ . DT VBP JJ NN . DT VBP VBN PRP$ NN VBN IN NN . IN PRP , DT JJR PRP VBP RB RB , DT RBR PRP$ JJ HYPH JJ NN NNS . PRP VBD RB VB DT IN DT NN NN IN WDT DT NN VBD IN PRP VBD VBG JJ . PRP VBD IN PRP VBD VBN DT NN TO VB PRP IN NN : NN IN NN VBZ CD IN DT JJ NNS IN NN , RB PRP VBD DT CD NN NN IN NN NNS IN CD NNS . PRP VBP JJ NNS RB , CD NN IN DT NN . IN PRP VBP DT IN DT JJ NNS , PRP VBP IN PRP VBP JJ . DT JJ NN IN DT NN VBD PRP PRP VBD NN TO VB DT NNP NN NN . WRB DT NN IN DT NN VBD PRP VBN , PRP VBD PRP$ NN TO VB PRP . CC NNP VBZ VBN CD NNS VBG JJ NNP NNP NNP IN DT NN IN JJ JJ NN , VBG NN HYPH NN NNS CC VBG DT NN IN NN HYPH CD NN NNS . RB , DT NN VBZ VBN IN IN NN TO VB PRP IN DT NN , PRP VBP VBG TO VB TO VB IN PRP . IN NNS VBP , DT IN PRP MD VB JJ NNS TO VB . NNS IN VBG IN NN , VBG IN NNS CC VBG NNS . PRP VBP VBN PRP MD VB DT NN , CC RB NNS CC NN NNS . PRP VBP RB VBN IN IN DT NN , PRP MD VB DT NN WRB PRP VBP IN DT JJ JJ NN : DT NN . VBG IN IN NN POS NN IN DT NN IN NN VBZ TO VB DT RB HYPH VBG NN TO VB NN CC NN . PRP VBP PRP VBP DT JJ NN . PRP VBP IN DT NN IN DT JJ NNP NN VBG NN IN PRP$ JJ NN IN DT JJ NN . NNP NNP NNP , DT NN IN NNP NNP POS NNP IN NNPS , VBD DT JJ NN IN CD NNS IN NNP CC NNP NNP . VB PRP IN NNP : IN NNP"
255,953,conspiracy,"JJ NN , NNP NNP , DT NNP NNP IN DT NNP NNPS , VBD IN DT JJ NN NN VBZ VBN PRP$ NN IN DT `` JJ NN '' NN NNS VBN IN JJ NN '' NNS '' : WP VBD DT NNP NN TO VB RP JJ NNS CC VB JJ NNS TO VB IN NN IN NN RB IN VB JJ NNS IN JJ NN IN DT NN . IN DT JJ NN IN NNP NNP NN , DT NN POS JJ NN VBD IN NNS IN DT NNP NNP NNP -LRB- NNP -RRB- , NNP NNPS IN NNP NNP CC NNP -LRB- NNP -RRB- , CC NNP NNP -LRB- `` NNP NNP '' -RRB- MD VB VBN IN NN IN JJ NNS : `` WP DT JJ NNS VBP TO VB RB VBZ PRP RB VBP NNS CC RB PRP VBP VBG DT NNS . '' RB JJ NN NNS IN DT NN IN NNS IN DT NN VBD IN NN IN VBG CC VBG IN DT NNP NN VBP VBN TO VB RB JJ . NNS IN NNS IN NNPS VBP RB VBN IN DT JJ NN IN NN , IN DT NN HYPH VBN NNS VBD . PRP VBZ VBN VBN IN JJ NN NN NNS VBP RB VBN DT JJ NN IN VBN NNS CC NNS RB IN IN DT NN HYPH CD NN . DT NN IN DT NN VBZ TO VB NN , VB DT NNS JJ IN NNP NNP NNP NNS , CC VB DT NNP NN . DT VBG NN IN JJ JJ NN NNS VBP VBG DT NN VBG VBN IN DT NN IN DT NN IN DT JJ NN IN DT NN . NNP NNP NNP , DT NN NN , NN IN DT NNP NNP NNP IN NNP , NNP , CC NN IN DT NNP IN NNP NNP CC NNP , VBD : `` PRP VBP JJ IN CD CD NNS IN DT JJ NN MD VB IN CD NNS IN NN IN DT JJ CD NNS . CC PRP VBP RB VB IN CD , CD , CD CC CD NNS JJ IN JJ NNS VBP RB VBG DT NN . '' -LRB- NN VBD -RRB- NNP NNP VBD DT NN POS NNP HYPH CD NN NNS `` JJ , JJ CC RB JJ , '' CC VBD IN PRP VBP VBG DT NN NN IN NNS IN NNS . DT NN VBZ DT NN , VBG IN DT RB HYPH VBN NN NN : `` DT JJ NN IN DT NN NN VBZ DT NN IN JJ NNS . DT NNS IN JJ NN VBP JJ . RB NNS IN NNS IN NN VBP VBN , NNS VBN , NNS JJ , NN NNS VBG . PDT DT MD VB RB IN PRP$ JJ NN . `` PDT DT NNS VBP VBG IN NN HYPH NN CC JJ NN VBN IN NN IN DT NN . '' NNP NNP NNP , DT NN IN NNP NNP NNPS CC NNP IN NNP NNP IN NNP , JJ NNP NNP NNP NNP IN NNP NN , CC NNP NNP IN DT NNP NNP IN NNP NNPS , VBD : `` PRP VBP RB VBN NN IN DT , NN RB RB IN DT . PRP VBP RB VBG IN DT NN , IN PRP VBP VBN CD IN PRP , CD DT NN . PRP VBZ VBN NN . CC JJ JJ NN NNS , PRP VBP RB RB VB WP PRP VBP . CC PRP VBP RB VBN DT NN , CC PRP VBP VBG TO VB WRB . '' JJ NNS VBP IN NNP NNP POS NN IN DT NN VBG VBN IN DT JJ NN NNS : `` PRP VBP IN DT NN IN DT NN , IN DT NN IN VBG IN NN IN NNS , VBG IN DT JJ NN IN NNS , VBG PRP$ NNS , VBG NNS IN NNS . PRP VBP IN JJ , JJ NNS JJ IN DT . '' NNP VBD NNP NNP , NN IN NNP NNP NNP , IN DT JJ NNS VBP IN NNS VBP JJ TO VB IN NNP CC NNP . DT NNP NN NNS VBP NNP NN NNS TO VB IN VBG PRP RB IN CD NNS CC JJR . PRP VBP VBG TO VB DT JJ NN NN NN WDT MD VB IN CC RB NNS MD VB CC VB PRP$ NN POS NNS . DT NNP NNP VBD IN , VBN IN JJ NN NNS RB IN NN NNS VBN IN JJ NN NNS , NNP NNS `` IN DT NNS '' MD VB TO VB NNS IN NNP CC NNP . NNS RBS VBN IN DT NN , RB , MD VB VBG IN DT JJ JJ NN : `` JJ NNS MD RB , PRP MD VB NN IN NN , NN IN NN , CC MD VB NNS HYPH VBN , '' VBD NNP . VBN NNS IN DT NNP VBP VBG IN PRP$ NNS TO VB PRP$ NN IN DT VBN VBN NN CC RB JJ JJ NNS IN WP VBZ JJ , VBG NNS CC NNS , IN JJ NNS VBG VBN NNS IN DT JJ NN ."
256,406,mainstream,"DT NN WDT VBD IN NNP VBZ VBN JJR IN CD NNS CC VBD IN JJS CD IN NNP IN IN NNP CD . NNP CC NNP NNP DT VBP VBN CD VBN NNS , CC CD NNS IN DT NNP VBP VBN VBN IN DT NN . NNS VBP VBG IN DT NN TO VB DT NN IN DT NN . VBZ EX DT NN IN NN IN DT NN . VBD NN RB IN DT JJ NN . WRB VBP NNS VB WRB TO VB IN DT NN IN DT NN . WP VBZ DT NN VB , CC WRB MD PRP RB VB DT NN . MD NNS RB VB JJ IN DT NNS IN NNS . NN VBZ VBN IN JJ NNS , VBG DT NNP NNPS IN NNP , TO VB DT NN IN DT JJ NN IN NN , VBN IN NNS IN CD HYPH NNP . NNS VBP RB VBG VBN VBG , CC PRP$ NN NN NN MD VB CC IN NN WDT VBZ VBN VBN IN RB JJ NNS , JJ IN NN CC NN , RB RB IN NNS WDT VBP VBN VBN IN NN NNS , JJ IN JJ NN NNS , WDT VBP NN HYPH CC NN HYPH VBN NNS WDT VBP DT NN NN IN PRP$ JJ NN . VBD NN RB IN DT JJ NN . UH , CC NN VBD JJ IN JJ RB JJ NNS WDT VBP VBN JJ NN IN NNS , RB NNP CC NNP . NNS VBD RB VBN VBN IN DT JJ NN , IN PRP VBD RB VB IN PRP VBD CC MD VB NN IN NNS IN PRP VBD VBG DT NN . WRB VBP NNS VB WRB TO VB IN DT NN IN DT NN . NN IN NNS IN JJ NNS VBZ RB VBN IN DT NNS VBP VBG NNS . VBN IN DT VBZ DT JJ JJ NN IN DT JJ NN WDT PRP VBP VBN IN DT JJ CD NNS CC RB VBN DT NN IN NN VBN IN DT NNS , PRP MD VB VBG IN DT NN IN DT NN WDT MD VB RB JJ IN DT NNS . WP VBZ DT NN VB , CC WRB MD PRP RB VB DT NN . DT NN VBZ VBG DT NN VBZ : IN NN , VBG DT JJ NN NNS , JJ NNS WDT VBP VBN IN DT NN NN , VBN IN NN IN NN NNS TO VB IN PRP VBP JJ CC JJ . IN NN CC NN VBP VBN , NNS MD VB IN JJ NNS IN NNS . IN DT NNS VBP DT VBN NN NN CC NN CC VBP VBN JJ , PRP MD VB NN VBN IN NN IN DT NN . RB , PRP VBP NN NNS : CC NNS IN DT NN : TO VB DT NNS IN . PRP RB VBP NNS TO VB JJ DT NN VBZ IN JJ NN . PRP VBP DT NN IN NN TO VB IN DT NN NN VBN IN DT NN VBZ . RB , PRP VBP TO VB WDT NNS TO VB DT NN IN . DT RB MD VB NNS CC JJ NNS . NN NN MD RB VB NNS . MD NNS RB VB JJ IN DT NNS IN NNS . PRP VBP IN DT NNS IN NNS MD VB IN DT JJ NN IN JJ NNS . TO VB TO VB JJ NNS CC NNS , PRP VBP TO VB NN IN CC NNS CC NNS RB RB RB IN VB IN NN NN , VBG NNS TO VB DT JJ NN IN JJ NN IN DT NN , IN VBN NNS . PRP VBP IN JJ NN VBZ VBN TO VB IN JJ NN NNS WDT MD VB VBN RB WRB DT JJ NN IN DT JJ NN : CC RB NNS JJ IN NNP , NNP CC NN : VBZ . RB , NNS IN VBG NNS VBP RB JJ , VBG PRP VBP IN DT NN VBZ . PRP VBP DT RBR JJ NN VBN IN JJ NN . DT NN VBD RB VBN IN DT NN VBD DT NN IN NNP NNP POS ."
257,822,conspiracy,"JJ NN PRP VBD IN DT JJ NN WDT VBD VBN NNS IN NNS IN NN CC VBD IN PRP VBD RB JJ NNS IN NN , WDT VBD DT NN IN NN HYPH VBG NNS . RB PRP VBP IN DT NN IN DT NNP IN NNP NNP , VBN IN NNP , VBD IN NN NN NNS , IN NN , VB JJ NNS IN NNS WDT VBP JJ IN NNS IN NN . CC DT NN VBN IN NNP RBR DT NN VBD IN , IN JJ NNS IN NN VBP VBN IN NN , NNP VBZ IN NN NNS , PRP VBD RBR JJ TO VB RP IN DT NN . NFP NNP -RRB- DT NN VBG DT JJ NN IN NN IN NNS CC NN VBZ VBN RB JJ IN PRP VBZ RB VBG VBN IN DT JJ JJ NN . DT RBS JJ NN VBN IN NNP NNP , VBN IN DT NNP IN NNP NNPS IN NNP CC NNP , VBZ DT JJS NN CC IN NN VBZ DT NN IN NNP NNP NN -LRB- NNP -RRB- . DT JJ NN VBD IN JJ NNS VBP IN IN CD NNS JJR NN IN PRP$ NNS IN WP VBZ VBN JJ IN NNS . DT NN VBZ IN DT NN VBZ VBG DT NN HYPH NN NN CC VBG IN NNS VBN IN VBG DT JJ JJ NN JJ IN NN . VBG IN DT NNPS IN NNP NNP CC NNP , NNP VBZ JJ IN NNP NN NNS WDT VBP NN NN , NN NN , NN HYPH NN HYPH NN -LRB- NN , NN -RRB- , NN NN NN NN -LRB- NN -RRB- , JJ NN -LRB- NN -RRB- CC NN NN . DT NN VBZ VBN , VBG IN DT NNP , `` TO VB DT NN POS NN NN IN DT NN . '' IN DT NNP VBZ DT NN IN NN IN NNS TO VB JJ , DT NN CC JJ NNS IN PRP VBZ DT NN . RB RB IN DT NN , PRP VBZ VBN RB VBN IN NN VBZ DT VBN NN CC VBZ RB RB JJ CC RB VBN TO VB NN IN JJ JJ -LRB- JJ -RRB- NN . PRP VBZ DT NN IN DT NN IN NNS VBZ RB JJ . IN DT NNS IN DT NN VBZ NN CC NNS WDT MD VB DT NN IN DT TO VB JJ NNS . IN PRP VBP NN IN NNS IN NNS , IN JJ NNS WP VBP IN DT NNP NNP NNP , NN IN PRP VBP NNS , RB PRP VBP RB VB NNS IN WP PRP CC PRP$ NN MD VB IN NNS IN NN . PRP VBZ JJ TO VB , RB , IN DT NN VBZ RB RB JJ IN DT JJ NN WDT VBZ WRB PRP VBP PRP JJ TO VB . DT NN , RB , PRP VBZ JJ IN DT JJS NN VBZ RB RB JJ IN PRP VBZ VBG NN . IN DT NNP NNP VBZ , NN NN NNP NNP NNP IN NNP NNP , VBD : `` RB PRP RB VBP DT NN IN NN CC NN NN NN -LRB- NNP -RRB- , DT NN VBG DT NN IN DT NN NN IN DT NN . '' DT NN VBD JJ NN NN IN VBN NNS WP VBD IN DT NN IN NN . NNS VBD IN DT NN NN IN DT NN NN VBD `` RB JJ , '' DT IN DT JJS NNS RB VBN IN JJ NN NN . VBG IN DT NN : WRB IN NN , MD CD IN DT CD JJ NN NNS IN DT CD HYPH NN HYPH JJ NN IN NN VB CD -LRB- CD -RRB- NNS , NNS JJ NN : DT NN WDT VBZ IN JJS CD NNS JJR IN MD VB VBN RB JJ IN DT NN RB VB DT NN . CC , IN DT NN NN IN DT IN DT CD NNS VBD RB JJ PRP VBD DT NN IN DT NN IN DT NN NN WDT VBD IN DT JJ NN . DT NN IN NN VBD VBN IN JJ NNS , WDT VBP VBN IN VBG DT JJ JJ NN . NN VBD RB VBN IN JJ NNS IN DT NN , IN JJ NN IN JJ NNS RB VBN IN NN VBG DT NN IN DT VBG NNS CC DT WDT VBP DT NN IN VBG NN . DT NN IN DT NN IN NN VBN IN NN NNS IN NN VBD IN NNS CC VBN IN NNS WDT VBP DT NN POS JJ NN VBZ , IN JJS IN RB , JJ IN NN CC MD VB TO VB WRB JJ NNS VBD RB JJ NN IN PRP$ NNS . IN DT JJ NN MD RB VB VBN TO VB NNS , DT VBZ DT JJ NN RB DT NN TO VB JJ NNS IN JJ NNS . NNP RB VBD DT NN IN NNP IN WDT NN IN DT NN VBD VBN IN NNP POS NNP . DT NN HYPH VBN NN VBN RB IN NNP CC VBN TO VB VBN IN DT NN POS NN IN DT NNP IN NNP NNP , VBN IN NNS IN DT NNP IN NNP NNP , VBZ VBN DT JJ NN . DT NNS IN DT NN VBP DT JJ NNS NN VBN IN NNS VBP IN DT NN WDT VBP JJ IN NNS IN NN . DT NN POS NN VBZ PRP DT . JJ NNS IN NN IN NN NN NNS VBP JJ JJ NNS IN NN NN WDT VBP JJ IN NNS IN NN CC DT VBZ RB DT . IN NNP NNP , NNP , NN IN NNP NNP , VBZ RP , DT NN VBZ CC DT JJ NN VBN IN NNP IN NNP NNP NNP NNP -LRB- NNP -RRB- , VBN IN DT NN NNP RBR DT NN WDT VBD IN DT JJ NN . VBG IN DT NN , DT NNS VBD DT NN DT NNP CC NNP VBP TO VB IN PRP VBZ JJ TO VB VBG NNS IN VBN NNS ."
258,498,mainstream,"DT JJ NN IN NN CD VBZ NNP VBG IN DT $ CD PRP VBD IN RB VBG NNP HYPH DT HYPH NNP , VBG DT NN IN NNP NNP VBZ RB VBN PRP IN CD NNS IN VBG DT JJ NN , NNP NNP CC NNP NNP VBG VBN RP IN PRP$ JJ `` NN IN VBG TO VB RP , CC VB PRP$ NNS . JJ NN POS NN VBD RB VBN , RB VBN IN CD JJ JJ NN NNS , IN NN NN NNP CC DT NNP CC VBG IN NN IN NNS , DT NN VBG DT CD NNS IN DT NN IN NN NN . CC IN NN , DT NN PRP VBD RB VBN IN NNP , RB IN DT NN VBD . DT NN POS NN VBZ RP IN DT NN , CC VBZ RB VB IN PRP , RB VBG NN IN JJ NN NNS , EX VBZ RB DT NN IN NNS TO VB , IN DT . NNP NNP VBZ VBN TO VB RB , RB VBN DT JJ NN IN DT NN NN , VBG PRP RB VBZ NN IN NN , IN DT NN IN PRP$ JJ NNS . IN NN , NNP RB VBZ DT NN , VBG `` JJ NN '' -LRB- EX VBZ DT JJ , JJ NN WDT VBZ NNS , IN JJ NNS , RB VBD NNS VBP RB RB VBN -RRB- . NNP , IN JJ , VBZ VBG DT NN IN IN DT RB HYPH NN , RB VBG PRP$ NNS IN DT NNS IN NN . NNP POS NN , NNP , VBZ RB VBN DT NN TO VB PRP$ JJ NN POS NNS IN DT NN IN NNS , RB VBG IN DT NN IN JJ NNS . CC NNP VBZ DT RB JJ NN TO VB DT NNS IN DT NN , CC PRP VBP VBG TO VB DT NN IN DT JJ NN TO VB PRP -LRB- NN NN NNS VBP RB DT RBS JJ NN IN NNP -RRB- . IN NNP VBZ TO VB DT RB VBN NN VBG DT NN IN NNS CC NN , PRP VBZ PRP$ NN IN VBG PRP$ NNS VBZ RB JJ DT NN IN VBG RP `` JJ , '' `` IN NNP , '' CC , `` IN NNP . '' NNP POS RB JJ , JJ NN VBZ NN JJ IN DT JJ NN NNS , DT -LRB- JJ -RRB- NN IN NN VBZ VBN JJR IN DT NN IN NN . IN NNP VBZ PRP$ JJ NN IN RB HYPH VBN NN , PRP VBZ PRP VBN IN DT NNS , IN IN NNP . IN DT CD VBP PRP$ NNS , VBG IN PRP VBP RB VBG WP VBZ JJ IN PRP$ NN , CC VBP TO VB DT NN WDT VBZ DT JJ NN IN DT NN IN PRP . CC DT CD VBP DT JJ NN IN NN CC VBP TO VB NNS , NNP RB VBG DT NN IN PRP$ VBG NN , CC NNP RB VBG IN NNP . `` NNP NNPS VBZ RB VBG IN PRP$ NNS , CC RB , PRP VBZ , VBZ NNP NNP . DT RB JJ NN VBZ NNP IN DT NN RB RB , TO VB DT VBN NNS . CC EX VBD DT NN WRB NNP VBD DT NN IN PRP , NNP VBZ VBN TO VB IN PRP$ NN VBZ VBN `` JJ , '' RB VBG IN DT RB NN NN IN DT NN POS NN . DT NN IN DT NN VBZ RB JJ , VBG DT JJ NNS IN DT JJ NN . IN DT JJ NN IN NNP NNP MD RB RB VB IN DT NN IN JJ NN POS NN , DT NN VBZ TO VB RB VBG IN NN , VB DT JJ NN IN DT NNPS . IN PRP VBD VBG , VB RP PRP$ JJ `` NNP NNP POS NN CD NNS :"
259,755,conspiracy,"JJ NN CC NN NN NNP NNP VBZ PRP MD VB DT NN IN DT JJ NN VBN IN JJ NN NN . NNP VBZ , `` DT NN IN DT NNP NN VBZ RB RB JJ PRP VBP RB VB WRB PRP VBP RP RB RBR . DT NNP VBZ RB VBG TO VB DT NN . PRP VBP VBG CD NN NNS RB , CC WP DT VBZ IN VBZ TO VB DT NN IN VBG RB . PRP VBP CD NNS IN DT NN , DT NN . DT VBZ DT JJS NN NN IN NN , CC DT VBZ DT JJS JJ NN IN NN . . . . DT NNS VBP RB VB RB WP VBZ VBG TO VB IN DT JJ NN , CC PRP VBP JJ IN DT NN VBZ RB RB VBN IN RB DT NN NN CD NNS IN DT NN IN JJ NN CC DT NN NN IN CD NN NN IN NN NNS MD VB JJ . DT NN MD RB VB JJ TO VB DT IN PRP MD VB RB JJ NN CC EX VBP RB JJ JJ NNS WDT MD VB RP IN DT NN MD VB IN IN NN . PRP MD VB CD SYM CD RB CC IN NNS IN DT NNS VBP RB RB JJR DT NN RB . RB , PRP VBP TO VB DT IN DT NNS . '' NNP VBZ RP , `` NN VBZ DT NN IN DT NN NN NN . NN VBZ VBN IN PRP$ NN IN DT NNS IN NN VBP WP PRP VBP VBG CC IN DT NN IN PRP VBZ JJ . PRP VBP DT RB , CC PRP VBP PRP VB PRP VB , CC PRP VBZ RB . EX VBZ DT JJ NN IN DT NN , NN CC DT NN . PRP$ JJ NN VBZ CD . WRB DT JJ NNS RB RB IN DT JJ JJ NN VBP IN DT JJ NNS IN DT NN VBP IN IN NN , CC NN DT NNS VBP VBZ VBG TO VB PRP$ NN , RB DT NN VBZ RB . . . . WP VBZ PRP IN NN POS NN VBZ IN NN VBZ RB RB IN RB , CC EX VBZ DT NN TO VB WP VBD JJ . . . . PRP VBP DT NN IN NNS IN NNS VBG JJ NNS WRB NN VBZ RB . '' IN NN , NNP VBZ RP NNS CC NNS IN DT NN , JJ IN IN NNP NNP CC NNP . NNP VBZ , `` DT VBZ VBG RB IN IN JJ NN . . . . PRP VBP DT JJ NN VBG RP PDT DT NN IN PRP$ NN . VBZ DT VB JJ . DT VBZ WP DT NN IN NNS VBP IN DT NNP RB RB . DT VBZ IN DT NN WRB EX VBP NNS . RB , VB RP DT NN IN DT NNS , CC VB DT NN IN NN , CC PRP VBP DT NN NN . PRP VBD DT NN WDT MD VB RB , RB JJ . PRP VBP DT . DT NNP NNP NN VBZ DT NN IN NN IN DT NN IN DT NNP WRB PRP VBD RB VB TO VB . '' VB NNP NNP IN PRP VBZ CD HYPH IN HYPH CD IN NNP NNP , NN IN DT JJ NN NNP . EX VBZ JJ JJ NN IN NNP . IN PRP VBP VBN NN IN NNP NNP , PRP MD VB RP IN PRP$ NN NN -LRB- RB JJ -RRB- IN VBG RB . DT NN VBZ VBN IN NNP NNP CC NNP NNP . VB IN NNP NNP , DT NN , IN CD ."
260,112,mainstream,"DT NNP HYPH CD NN CC VBG NN MD VB VBG DT NN IN NN CC NN IN JJ NNS . IN DT NN , DT NN MD VB TO VB DT NN IN RB DT NN IN JJ NN , CC NNS MD VB PRP JJ TO VB DT NN IN NN . IN DT NN , PRP VBP NNS IN WRB DT NN MD VB DT NN VBG DT JJ NN HYPH CD NN . PRP VBP NN NNS , RB RB IN NNS IN WRB TO VB JJ JJ CC JJ NN . VB VBN IN JJ NNS IN DT JJ NN HYPH CD NN CC VB PRP$ NN NN IN JJR NN IN NN CC NN . IN DT JJ NN VBZ TO VB DT NN , PRP VBZ RB JJ TO VB NN IN JJ NN . DT CD NN VBG DT RB HYPH NN IN CD NNS VBG IN CD NNS IN NNP IN CD NN IN NN VBD DT NN IN JJR JJ CC JJ NN IN DT WP VBD VBG . DT NN IN NNP VBD IN VBG IN NN MD VB IN DT JJR NN IN NN . DT NNS VBP RB VBN IN DT JJ NN IN NN NNS IN IN DT JJ NN NNS WDT DT NN VBZ VBN . NNS MD VB JJ NNS TO VB VB IN PRP$ JJ NN CC VB PRP$ RB HYPH NN . DT MD VB : NNS MD VB TO VB DT JJ NN TO VB DT NN IN NN CC NN . IN JJ NNS , DT MD VB VBG JJ NNS TO VB RP , VB NNS , VB NNS , CC VB IN VB . NNS MD VB TO VB DT `` JJ '' NN IN JJS PRP MD . IN VBG PRP$ NN , DT NN MD VB JJ TO VB PRP JJ CC JJ . IN PRP VBZ JJ TO VB RP IN NN IN NN , RB JJ NN MD VB NNS IN NN , NN , CC NN . DT NNP NNP NNP -LRB- NNP -RRB- VBP VBG NN IN DT JJ NN . DT NNP RB VBP IN NNS RB VBP DT NN NNS WDT PRP VBP TO VB IN NN . DT NN MD RB RB VB NNS IN JJ NNS IN NN CC VB JJ IN NNS IN JJ NN MD VB JJ . IN DT JJ NN , NNS WP RB VBP JJ NN IN DT NN MD VB TO VB PRP TO VB JJ NNS . IN NN , PRP MD VB IN VBG JJ NN , VBG VBN NNS , CC VBG RB . DT NNS MD RB VB JJ TO VB NNS CC NNS IN WDT PRP VBP RB RB VB NN . PRP VBZ RB JJ IN NNS TO VB TO VB VBG JJ NNS IN DT NN . DT NNS MD VB VBN TO VB NN IN VBG JJR CC VBG JJ NN CC NN . RB , DT NNS MD VB DT JJ NN IN NN CC MD VB IN DT NN VBG NN NNS . IN DT NN MD VB JJ IN JJ NNS , PRP VBZ JJ IN PRP TO VB TO VB PRP$ NN IN NN CC PRP$ NN TO VB JJ NNS . DT NN MD VB TO VB NNS WDT PRP MD VB CC RB VB IN DT NNS WDT PRP MD VB TO VB VB NN NNS . IN DT JJ NN , PRP VBZ JJ TO VB JJ NNS . VBG IN NNS CC NN IN DT JJ NN MD VB VB NNS IN NN CC VB NNS VB NN . NNS MD VB IN NN IN NN NNS , NN NNS , NNS , CC NNS . IN DT NNS , DT JJ NN MD VB NNS TO VB NNS VB IN NN IN PRP VBP IN JJ NN NNS . VB RB TO VB JJR IN JJ NN IN DT JJ NN ."
261,706,mainstream,"DT NN VBZ JJ . VB DT IN PRP$ NN , CC DT NN MD VB RP DT NNS CC VB RB DT NN HYPH VBN NN , IN DT NNS IN DT NN RB IN RB CC JJ . DT NN , RB VBN , VBZ VBN `` FW NN . '' DT WDT VBZ VBZ TO VB DT NN IN DT JJ NN -LRB- CC , IN RB JJR NNS , IN DT JJ NN -RRB- . DT NNS MD RB VB RB , CC PRP MD VB NNS CC NNS , CC CC VB DT JJ NN VB CC VB DT JJ NN IN VBG DT NN IN DT . NN , DT NN IN NNP NNP NNP VBN IN NNP NNP VBD NNP NN TO VB DT NN . `` DT VBZ DT JJ NN IN VBG , VBN IN CD NNS IN NN IN NN , '' PRP VBZ . RB , PRP VBD VBN RB TO VB NNP IN CD . DT NN VBZ VB NNS . NNS IN DT NN MD VB DT JJ NN JJR IN DT NNS , JJ IN IN NN NN . PRP VBP RB VB IN NNP HYPH CD MD VB DT NN . -LRB- JJS NNS VBP RB . -RRB- IN DT , NNP VBZ PRP VBZ RB VBN NNS WP VBP TO VB PRP$ NNS CC VB DT NN IN NNS . `` DT VBZ JJ , '' PRP VBZ . `` IN CD NNS , PRP MD VB NN WDT VBZ JJ . '' NNP NNPS , DT JJ NN WDT VBZ VBN CC VBN NN NN IN JJ NNS IN CD , VBZ RB VBN VBG NN IN JJ NN HYPH CD NNS , VBG IN NNP NNP , DT NN RB . PRP VBZ PRP VBZ IN NNP POS NN MD VB JJ IN CD IN CD NNS . VB : NNP VBZ RB VBG IN DT RBS JJ NNS IN NN DT NN : DT NN HYPH CD NN MD VB DT NN IN IN JJS DT JJ NNS , CC TO VB RB , DT NN MD VB TO VB VBN IN JJ NNS , VBG DT JJ NN NN . NNP VBZ IN DT NN IN JJ NN HYPH CD NNS IN NN NNS MD VB RB JJ IN CD IN CD , CC RB JJ IN CD IN CD SYM CD VBN NNS IN DT NN WP VBZ PRP$ NNS . DT JJ CD NNS MD VB VBN , IN JJ NNS , IN VBG RP WRB JJ NNS DT JJ NN NN MD VB . PRP MD RB VB TO VB RP WDT JJ NNS VBP RBS VBN IN NNS , CC VB RB JJ NN NN IN IN PRP IN JJ . CC IN DT NN VBZ , PRP MD VB JJ NNS . WP MD VB IN DT JJ CD IN DT NN . MD PRP VB JJ TO VB PRP$ NNS IN PRP$ VBN NNS . PRP VBP PRP$ NNS IN DT : NNS PRP VBD RB TO VB : CC RB PRP MD VB DT NN TO VB WRB PRP MD VB . IN JJ NNS , PRP VBP JJ TO VB RB NNS POS JJ NN NNS , VBG CD DT JJ , IN NN . CC NN VBZ JJ IN DT NN IN WDT DT JJ MD VB PRP IN VBG DT NN IN DT JJ IN PRP VBP IN IN DT NN . IN DT NN IN JJ NN , NNS IN NN MD VB NN IN DT NNS . VB NN HYPH NN NNS RB IN NN , NNP VBZ , CC DT WP VBP IN JJ NNS IN NN . CD NN MD VB TO VB NN HYPH CD NNS : PRP MD VB PRP IN PRP$ JJ NN CC VB PRP DT PRP VBP , CC IN PRP VBP VBN IN IN PRP$ NN , PRP VBP IN NN CC MD RB VB VBN IN DT JJ NN IN NN NN , IN NN IN DT WP VBP PRP JJS . DT NN , RBR JJ , MD VB TO VB DT NN IN NNS . PRP MD VB PRP$ NN IN NN CC VB PRP IN DT NN . DT NN , PRP MD VB VBN , VBZ PRP IN DT NN IN CD NNS DT NN , CC CD NNS VBP DT NN IN DT NN NN . VB NNS VB PRP$ NNS , CC JJR NNS MD VB JJ ."
262,973,conspiracy,"NNS RB DT NN VBD VBN IN DT NNP WDT VBD NN IN NNS . DT NN VBD RB JJ CC RB RB VBZ RB VBN TO VB RB JJ . JJ NNS VBD RB CC RB IN DT NNS CC IN DT NN , DT NNP VBD VBG PRP$ NN . PRP VBD IN DT NN CC VBD IN DT NNS VBD VBN RB `` VBN . '' NNP NNP NNP JJ NN IN DT NN VBZ RB RB VBN VBG DT NN IN NN . PRP VBP , DT NNP NNP NNP NNP VBD DT `` NN '' IN NN IN DT NN IN JJ NN NNP NNP . RB WRB DT NN VBD VBN PRP VBD DT NN IN NNS IN DT JJ NN CC VBD PRP TO VB PRP$ JJ NN IN NNS . PRP VBP , NNP POS NN VBD CD WDT RB VBD DT NNP NN IN DT NN IN NN IN NNS RB RB IN NNP . DT PRP VBD IN IN DT NN IN `` JJ NN . '' DT NN VBD DT JJ NN CC VBD CD WDT RB VBD DT NN IN NNS RB IN PRP VBD VBN RB . DT JJ NN JJ VBG VBD VBN IN VBZ IN DT NNP : IN CD , DT NNP NN VBN NNP NNP VBD TO VB DT NN IN NNP VBD DT JJ NN IN NN JJ IN DT NN . LS RB , DT NNP NN POS NN NNS VBD DT NN WP VBD VBG IN DT JJ NN IN NNS WP VBD IN DT NNS VBD PRP$ NNS POS JJ NNS . RB , DT NN VBD NNP TO VB IN DT NN . CD IN DT CD NNS RB VBD PRP$ NN IN DT NNP NN POS NN NN . PRP$ NN VBD , `` PRP VBP TO VB PRP JJ IN IN DT NN DT JJ NN VBD VBN IN -LRB- DT -RRB- NN CC NN , IN DT NNS VBD JJ . RB , DT NN IN PDT DT NN VBD VBN , CC JJ NNS VBP VBN JJ NNS IN JJ NN . IN NN IN DT , PRP VBP RB VBZ DT JJ NN WDT PRP MD RB RB VB DT NN VBN IN DT NNS IN DT NN , VBG IN NN . '' LS IN DT JJ NN CC DT VBG NN IN DT JJ NN WDT RB RB VBD DT NNP NN NN , NNP VBD TO VB NNS IN JJ NNS CC NNS IN NNS IN RB VBN CC , CC NNP NNS . IN CD , NNP VBD `` NNP NNP NNP IN NNPS '' IN NNP , WRB RB IN PRP VBD RB VB DT JJ NN , PRP VBD DT NN POS NN NN . DT NN VBD RB RB HYPH IN HYPH NN , CC NNP VBD DT JJ NN IN RB NNP $ CD MD DT RB VB DT `` JJ NN '' VBG DT NN VBZ JJ CC MD PRP VB IN DT JJ NN VBZ RB VB PRP TO VB NN IN DT NN . PRP VBP DT VBZ NN IN PRP TO VB IN PRP IN PRP MD RB RB VB DT NN . TO VB JJR IN DT IN DT UH VB RP DT NN RB TO VB NNP VB PRP . WP VBP PRP VB . IN PRP VBP PRP$ NNS VBP JJ CC RB PRP VBP PRP MD DT VB IN PRP VBD VB DT NN IN NNS CC RBS RB VBD NNS IN NNS VBG RBR IN NNS PRP . VBG PRP IN DT NNS VBG IN PRP$ NNS CC DT NNS IN DT PRP VBP IN VBZ RB DT JJ NN ."
263,908,mainstream,"NNP NNP -LRB- NNP -RRB- NNS VBP VBG TO VB DT NN IN DT NNP HYPH CD NN , DT JJ NN IN PRP , CC WP MD VB RB JJR VBZ VBG PRP IN DT NN . DT NN TO VB DT JJ NN VBZ VBG NNS IN DT JJ NN NN . DT NN VBZ CC JJ NN NNS TO VB DT NN CC DT NN NN TO VB CC VB PRP , NNS VBP . `` DT NN VBZ VBG TO RB VB DT NN , '' NNP NNP , DT NNP NN WP VBZ IN DT JJ NN CC NN NNS NNS , VBD NNP NNP IN DT NN . DT NNP HYPH CD NN VBZ RB VBN WP VBZ WRB NN NNS VBP VBN IN NNS CC NN HYPH NNS IN NN CC WRB DT JJ NN MD VB DT NN IN DT JJ NN . DT NNP VBZ VBG RB JJ IN VBG `` JJ CC JJ '' NNS TO VB DT NN NN , VBD NNP NNP , DT JJ NN IN DT NNP NNP NNP CC NNP NNP , IN PRP$ NN NN IN NNP . PRP VBD IN NNP NNP NNP VBZ RB CD NN IN DT CD CD IN CD CD NNS CC NNS VBN CC IN NNS VBP RB VBG DT JJ NN IN NN NNS . `` PRP MD VB IN IN CD NNS TO VB JJ NNS IN NNP NN NNS , IN DT NNS MD RB VB NNS , '' NNP VBD , VBG IN DT NN . VBG DT JJ JJ NN IN NNS IN DT NN HYPH CD NN VBZ RB JJ IN PRP MD VB NN NNS IN JJ NNS JJ IN DT JJ NN CC NNS POS NNS , NNP POS NNP VBD . DT JJ NN VBD NNP HYPH CD IN DT JJ NN IN DT NN NN , IN DT JJ NN NN VBD RB VBG TO RB RP , PRP VBD . JJ NN VBZ RB VBN IN PRP$ JJ NN NN , CC DT NNS VBP RB PRP$ JJ NN HYPH JJ NN VBN IN JJ NN NNS . `` NN NN VBZ IN NN NN : EX VBP -LRB- JJR IN -RRB- CD NN NNS IN DT NNP , '' NNP CC NNP NNS VBD IN DT NNP CD NN NN . `` NN NN VBZ RB JJ TO VB IN NN , JJS -LRB- NN -RRB- NN VBZ IN NNS , CC NN PRP MD VB JJ CC NN NNS . '' JJ NNS VBP VBG CC VBG NNS WDT VBP VBG DT JJ NNS IN JJR NNS IN JJ HYPH NN NNS . DT NN VBZ IN NNS , CC PRP RB VBZ DT NNS IN DT NN VBG IN NN , VBD NNP NNP , DT NN NN NN NN CC JJ NN IN DT NNP IN NNP NNP . JJ NN NNS MD RB VB NN NNS IN PRP VBP VBN RB , RB IN NN IN NNS , VBD NNP NNP , VBD JJ JJ NN CC NN IN NNP NNP , WDT VBZ VBN NNS . NNP , DT JJ NN NN , VBZ VBN CD IN DT NNS VBN IN JJ NNS TO VB VB JJ NN NN NNS , RB DT NN NN RB RB IN DT NN NNS IN VBG CC VBG DT NNS . DT NN VBZ JJ IN NN , JJ , CC VBZ NN TO VB IN PRP VBZ NN CC JJ NN TO VB NN CC NN . , IN IN DT VBN NN IN IN WDT JJ JJ NNS VBP VBN , VBN CC VBN IN DT NN IN NNS . NNP POS NN VBZ VBN TO VB RB CD IN DT JJ NNS DT NN . IN NNP , NNP VBD VBN $ CD CD IN DT NNP NNP IN NNP CC NNP NNP IN DT VBN NN IN $ CD CD , IN NN IN DT RBR JJ NN IN $ CD CD IN DT NNP NNP IN NNP TO VB , VB CC VB JJR IN CD CD IN DT VBN NNS IN NN POS NN . DT NNS VBP VBN IN DT NN NN WDT JJ JJ NNS VBP VBN , VBN CC VBN IN DT NN IN NNS . NNP POS NN VBZ VBN TO VB RB CD IN DT JJ NNS DT NN . DT NN VBZ IN DT NN IN JJ NN NNS IN NN NN . DT NN MD RB VB IN DT NN IN VBG NN NNS IN DT NN IN VBG JJR IN CD CD IN DT VBN NNS IN CD . IN CD , DT NN VBZ TO VB DT NN NN IN CD CD VBN NNS IN NN , DT NNP NN VBD NNP NNP . `` PRP VBP NN IN DT NN , CC PRP VBP RB DT JJ NN , '' NNP POS NNP VBD . NN : DT NN VBZ VBN VBN TO VB WRB JJ NN IN DT JJ NN NNP VBZ VBN ."
264,1173,conspiracy,"NNP NNP IN NNP CC NNP VBZ PRP IN DT NN POS NN IN NNP , NNP CC DT NNP NNP NNP TO VB `` NNP NNP : NN '' IN NNP NNP NNP . PRP VBP DT NN IN DT NN CC WRB DT NN VBZ NNP POS NN IN DT NN IN DT NN IN DT NNP NN . IN DT IN JJ NN , VB RB TO VB DT JJR , JJR NN NN NN IN DT NN . IN DT JJ IN NN NN , VB RB IN DT JJS HYPH NN NN IN DT NN -LRB- NN : RB JJ NN -RRB- . VB NNP NNP POS JJ NN NNS CC NNS IN DT NN IN VBG RB -LRB- NNP NN -RRB- JJ NN : NNP CC NNP IN NNP NNP VBN IN : NN , NN CC DT JJ NN NN"
265,627,mainstream,"DT VBZ RB JJ IN DT NN IN NNP , DT NN NN WDT RB VBZ DT JJS NN IN NN -LRB- NNP -RRB- IN DT NNP NNP JJ NN : IN CD , CD HYPH NN IN PRP$ JJ NNS VBD NN JJ . `` DT NNS WP VBD VBG RB VBP RB RB IN NN , '' VBZ NNP NNP , NNP JJ NN IN NNPS IN NNP -LRB- NNP -RRB- , WDT VBZ DT NN NN IN NN IN JJ NN NNS . NNP NNP POS NNP HYPH CD NN VBZ VBN DT IN DT NNS VBN IN JJ NNS . VBG RP RB , RB CD NNS IN DT JJ NN VBD VBN IN NNP CD , VBZ TO VB VBN DT NN DT JJ JJ NN VBN IN NNP CC NNP . CC DT NN VBZ VBN JJ TO VB DT NN , IN NNP NNP CC NNP NNP VBD TO . NN NNS VBP IN NNP HYPH CD MD VB IN CD CC CD NNP JJ NNS IN DT NN IN DT NN . RB , IN DT NN VBZ NNS , WDT MD VB PRP$ NN HYPH VBN NNS TO VB DT NN , NNP NNP VBZ VBG IN DT NN IN NNS . NN HYPH NN NNS VBN TO VB DT NN POS RBS JJ NN : NN CC NN : VBP VBG VBN IN DT NN HYPH CD NN . DT NN VBZ VBN JJR IN CD NN NN NNS TO VB IN DT NN IN JJ NNS , CC NNS IN VBN TO VB DT NNS IN NN NNS VBP VBN IN VBG DT NN POS NN . CC JJ VBP IN VBG DT NNS MD VB DT IN DT RB HYPH VBN NN VBN IN NNP CC NN . JJ NNS VBP IN IN DT NN , DT NN IN NNP NNS VBN VBD VBN IN NN , IN NNS MD RB VB NNS , CC VBD RB VB TO IN NN PRP MD VB DT NN . VBG IN JJ NN NNS , DT NN VBD DT NN IN NNS VBG PRP$ NN CC NN NNS , CC DT JJ JJ NN VBN IN DT NN POS NNP NNPS NNP NNP VBD IN CD NN IN NNS VBP VBN TO VB JJ NN IN DT NN HYPH CD NN . `` PRP VBZ VBG TO VB PRP NNS TO VB WP PRP VBP VBN IN DT JJ JJ NNS , '' VBZ NNP NNP , NN IN DT NNP NNP , DT NNP HYPH VBN NN CC NN NN . DT NNP NNP NNP VBZ CD IN JJ JJ NNS VBN TO VB NNP HYPH CD NNS IN NNP NNP , WDT : IN CD HYPH NN IN DT NN POS JJR IN CD NN NNS : VBZ DT JJ NN IN NNP NNP POS NN . DT NN NNS IN NNP NNP RB VBP TO VB CD NNS IN DT NN IN DT NN : CC NNS VBP DT NN MD RB VB IN IN NNS WRB DT NN VBZ IN NNP . NNP NNS VBP JJ NNS , IN NN CC NN NN IN NN HYPH VBN NN CC NN NN . IN DT IN DT NNS MD VB NN IN NN CC VB PRP TO VB IN IN JJ HYPH NN NN CC NN NN , NNP HYPH CD '' MD VB PDT DT NNS JJR , '' NNP VBZ ."
266,454,mainstream,"NN NN , NN NNS , NN NNS : NN IN IN PRP$ CD NNS NNP : JJR NNS VBP VBG CC VBG DT NN TO VB NN NNS IN JJ NNS TO VB DT NN IN DT NN . NNP , NNP CC NNP NNP VBP NNS IN NN VBG NNS IN JJ NNS . DT NN IN NNP IN NNP VBD DT JJ NN . NNP MD VB IN DT JJ NN NN NNP . DT NNS IN NNP CC NNP VBD PRP$ NN NNS MD VB DT NN . NN NNP NNP NNP VBD IN JJ NN IN PRP VBZ VBG DT NNP NNP NNP TO VB DT NN VBG NN NNS IN JJ NNS . NNP NNP NNP NNP VBD IN DT NNP NNP MD VB NN VBG IN DT JJ NN NNP NN . CC NNP NN NNP NNP VBD DT JJ NN JJ NN VBG DT NNS TO VB DT NN VBG IN JJ NNS IN DT NN TO VB DT NN IN NN HYPH CD , DT NNP NNP NNP VBZ . NNP : DT JJ NN NN VBZ VBN DT NN IN DT NN TO VB NNP POS NNP NNP IN NN CC NN . DT NN IN DT NN POS JJS JJ NN NN VBZ VBN TO VB VBN IN NNP CD CC IN DT NNP CD NN NN VBN TO VB DT NN , DT NNP NNP IN NNP VBZ . NNP NNP VBD IN DT NN IN RB CD NNS VBD NN IN VBG DT CC DT IN DT NN POS NNS , IN CD IN DT VBG NNS TO VB DT JJ NN NN . NNP VBD DT JJ NN IN DT NN WRB DT NN VBD NNS NNP CD , VBG RP NN CC VBG IN NN NN . DT NN RB VBD JJR IN CD NNS IN NN , VBG DT NN IN CD NN . IN DT NN NN , NN NN VBD JJR IN CD NN . NNP : NN NN NNS VBD CD JJR VBN NN NNS NNP , DT RBS VBN IN DT JJ NN IN DT NN RB RB CC DT JJ NN IN DT JJ CD NNS IN JJ NNS VBD DT CD NN . DT NNP NNP IN NNP NNPS RB VBD CD JJ NNS . DT NNS VBD DT NN POS VBN NN HYPH CD NNS IN CD NNS CC CD VBN NNS . NNP VBD DT NN JJ NN VBG NNP NNP NNP POS NN IN NN HYPH NN NNS JJ NN . NN NNS VBP DT JJ NN VBZ CC IN NN NN IN DT NN CC IN VBN NN . DT NNP NNP , WDT VBZ IN NNP , NNP CC NNP NNP , IN NNP VBD CD JJ NN NNS , VBG DT NN IN DT JJ NN IN CD . DT NN RB VBD CD JJR NN JJ IN NN , VBG DT NN IN CD . NNP NNP : NNP NNP NNP VBD NNP IN PRP MD VB NNS TO VB NN NNS IN NN TO VB DT NN IN DT NN CC VBD PRP VBZ RB VB TO VB DT JJ NN . `` PRP VBP RB VBG TO VB DT NN WDT VBZ JJ , '' NNP VBD IN NNP POS `` NN IN DT NN , '' IN VBG IN NNS MD VB VBN IN DT NN IN NN NNS TO VB NNS . `` PRP VBP VBG NN VBG . PRP VBP VBN DT NN IN DT , '' VBD NNP , WP VBZ RB VBN DT NN IN NN . PRP$ NNS VBD IN NNP VBZ VBN DT NN IN DT NN IN VBN NNS IN DT NN WDT VBZ NN HYPH CD . DT NNS IN NNP NNP CC NNP VBP VBN NNS WDT NN NNS VBP VBN IN JJS JJ NNS . NNP RB VBD EX VBP DT NNS TO VB RP DT NN POS NN WDT VBD IN NNP , CC PRP MD RB RB VB NNS IN RB . NNP : NNP NNP NNP IN NNP VBD NNS WDT VBP VBN IN CD NNS , VBG NNP NNP , TO RB VB CC VBN NNS IN CD JJ NNS TO VB DT JJ , VBG IN DT NN VBD RB VBG IN DT NNS IN DT NN CC IN NN NNS VBP DT JJR NN IN NN . NNP NNP VBZ DT RBS JJ NN VBN IN DT JJ NN NN NN . DT NNS VBP NNP , NNP NNP , NNP , NNP , NNP CC NNP . NN NNS VBD NNP NNP , NNP NNP , NNP , NNP , NNP NNP , NNP , NNP NNP CC NNP NNS TO VB JJ NN NNS VBG NNS . JJ NN NNS VBP NNS DT JJS HYPH NN NNS IN DT NN IN NN NN VBZ NN CC VBZ NN , VBG NNS TO VB VBG NN NNS CC VB DT JJ NN IN DT JJ . VBG PRP POS NN IN DT JJ NN VBZ IN JJR NN IN NNS , PRP VBD . VB NN VBZ RB RBR JJ IN NN NN . NNP NNP : NNP NNP NNP NNS VBG TO VB DT NN NN NN MD VB RB $ CD IN NN NN IN PRP$ NN . JJ NN MD VB NNP POS NN IN NNP : VBG DT VBG JJ NN WDT VBZ NNS IN NN NNS IN VBG JJ NN CC NN TO VB DT VBN NN WDT VBZ PRP$ NNS POS NN NN : TO VB NN HYPH CD , IN DT NN NN . DT NN , WDT VBZ VBN RB VBN IN DT JJ JJ NN NN , VBZ DT NN TO VB NN HYPH NNP HYPH CD , WDT VBZ NNP HYPH CD , CC TO VB JJ NN NN NNS , VBG IN NNP NN . NNP VBZ VBG $ CD IN NN IN DT $ CD IN JJ NN , VBG NN IN DT NN IN NN IN $ CD CD . NNP : NN NNS VBN RB JJ NN VBP DT JJ NN IN NN NNS IN NNP WDT VBP VBN JJ NNS IN NN HYPH CD CC VBN NNS VBD RB VB DT JJ NNS CC NNS IN DT JJ NN . NNP NNP NNP , DT NN NNP IN NNP NNP NN CC DT NN IN DT NNP IN NNP NNPS , VBD NNP IN EX VBD `` DT NN IN NNS '' IN DT NNS , WDT VBD CC DT JJ NN IN JJ NNS CC NNS CC DT JJ NNS IN JJ NNS . `` PRP VBD RB , RB JJ TO VB IN IN DT RB , RB JJ NNS PRP$ NN NNS VBP VBN TO VB , '' NNP VBD NN NNS IN DT JJ NN IN DT JJ NN NN POS NN . NNP : DT NN NNS VBP VBG CC RB VBG PRP$ NNS IN IN DT NN IN JJ NN NNS IN DT NN NN . NNS VBP VBN VBG DT NN NNS IN NNP CC NNP , CC RB JJR NNS VBP VBN IN DT JJ NN IN NNP NN VBZ JJ . CC IN JJR NNS VBP VBN : NNS WP VBD JJ NN , NN CC NN NNS , JJ NNS : JJR NNS VBP VBG VBN . NN JJ NN NNS VBD EX VBZ VBN DT NN IN JJR IN CD NN NNS IN NNP NNS IN DT JJ NN . JJ NNS CC NNS VBP VBN IN JJ NNS , JJ IN NN NNS . DT NNP IN NNP CC DT NNP NNP IN NNP DT VBD NNS VB JJ , CC JJ NNS VBP VBN DT JJ NN HYPH NN IN NNS VBP VBN CC IN DT NNS VBP IN NN NNS . NNP : DT NNP NN NN VBZ VBG JJ NNS IN DT NN IN VBG DT NN HYPH CD NN NN , CC JJR JJ NN MD VB DT NN . VBG IN DT NNP IN NNP POS NNP HYPH CD NNP NNP NNP , WDT VBZ NN NN NNS TO VB WP VBZ VBG RB CC WP VBZ RB , RB NN IN DT NN POS NN VBD VBG RB DT JJ NN , NNP HYPH NN NNS . IN NNP , CD NN IN NNPS RB VBD RB , DT JJS NN IN DT NN . JJ NN , NNP VBD DT NN POS JJ HYPH JJS NN HYPH NN NN , CC NNP VBD IN NN . IN RB VBN NN NNS IN NN VBP VBN VBG IN NNP CD IN DT NNP NNPS , DT NN POS NN VBZ VBN DT NN , IN JJ NNS VBG IN NNP CD . NNP NNP : NNS IN NNS VBN RP IN NN NN NNS IN DT NN NNP , IN NNP VBD IN DT NN POS NN . NNP NNP NNP VBD IN NNP IN DT NN NN IN NNP NNP , WRB DT NNP NNP NNPS NN NN RB VBZ : VBD RB IN PRP VBD IN NN , RB IN CD NN . DT NN VBD IN IN NNS , NNS VBD . NNS VBD DT NNP NNP IN NNP CC NNP , DT NN NN , VBD NNS TO `` VB RB '' WRB NN VBZ NNP IN CD NN . IN NNP , JJR IN CD NNS VBN RP IN NN IN DT NNP NNP NNP , WRB DT NNP POS NNPS VBP . DT NN POS NNS IN NNP VBD DT JJ NN NN IN JJS JJ NNS . NNP NNP , WDT VBZ DT NNP NNPS , VBD NNP IN PRP MD VB NNS . NN NNS VBP VBN VBN IN JJ NNS , CC DT NNS VBP VBG PRP$ NNS RB RB , VBG DT NNP NNP . NNP : DT NN VBD JJR IN CD JJ NN HYPH CD NNS NNP , DT JJ NN IN JJ VBN NNS IN VBN NNS VBP TO VB . DT NN IN VBN NNS NNP VBD DT JJ JJS JJ NN IN CD VBN NNP . DT NN VBZ NNP POS JJ VBN NNS IN JJR IN CD . DT NN IN NNS VBZ VBN TO VB RB JJR IN JJ NNS VBP RB VBN VBN , CC NNS VBP NNS MD VB VBN IN DT NN IN VBG JJ . IN DT NN VBD , DT NN VBZ VBN RB CD NNS IN DT NN . CD JJ NNS VBD VBN NNP . NN NNS IN NNP VBP VBN VBG IN NNP . DT NN IN NNS VBZ RB CD NNS IN NNP VBD VBG NNS NNP CD IN NN NNS , NNS , NN NNS CC JJ NNS WDT VBD VBN VBN TO VB TO VB DT NN . NNS , NN NNS CC NNS VBP RB VBN RB RB . NNP : DT NN NN TO VB DT NNP NN IN NNS IN DT JJ NN VBZ VBN NN IN NNS WP VBP TO VB DT JJ NN IN DT NN . DT NN NNP IN NNP VBD PRP MD VB NNP NNP IN DT NNS VBG NNP , DT NNP NNP VBZ . DT NNP NNP NN NN VBZ VBN VBN IN NNS IN NNP CD IN NNS IN NN HYPH CD VBG IN NNS IN JJ NN NN NNS . RB CD NNS VBD NNS VBG NN IN NNS VBN IN NNP NNP NNP NNS . DT NN NN VBD DT NN NN CC JJ NN NNS VBP IN DT NN POS VBN NNS , VBD NN NNP NNP NNP NNP , DT JJ NN NN CC DT NNP NN . `` IN NNS VBD JJ , PRP MD VB VBN PRP$ JJ NN RB , '' NNP VBD . NNP : VBG IN CD JJ NNS , DT NN VBZ DT JJS IN DT NN IN NNP HYPH CD NN . DT RB VBN NN NN NNS . NN VBD IN NNP POS NN NN VBD CD IN CD NNS . NNP NNP NNP VBD DT RB JJR NN NN IN CD IN CD NNS . DT NNS VBD VBN NNP . NNP : NN IN DT NN IN DT NN POS RB HYPH JJS NN MD RB VB IN RB DT NN IN IN DT NN . NNP NNP NN NN NNP NNP CC NN NN NN NNS VBP TO VB NN IN DT NN IN DT JJ NN IN CD , RB VBG DT NN NN , DT NNP NNP VBZ . DT $ CD CD NN VBZ VBN TO VB IN CD , VBD NN NN NN NNP NNP . DT NN MD VB DT NN NN NN NN , DT NN IN NN NN CC DT CD HYPH NN NN VBG DT JJ JJ NN IN VBG DT NN NN , NNP NNP , WDT MD VB NNS IN DT NN POS NN IN CD IN CD NNS . JJ NNS IN DT NNP NNP VBD VBN RP TO VB DT NN IN DT NN . CC NNP NNP NNP NNP VBD NN DT JJ NN , CC DT NNP NNS VBD . NNP : IN DT NN NN VBZ TO VB , DT NN POS NNS VBP VBG NNS IN NNS TO VB IN NNS RB RB IN JJ NNP , CC IN NNS VBG IN WRB NN MD VB : IN JJ , IN NN CC DT NN IN DT : DT NNS VBP PRP MD RB VB PRP$ NNS IN NN DT NN . `` VBG WP TO VB IN VBG DT NNS RB IN NNS : PRP VBZ DT JJ NN TO VB IN DT NN , '' VBD NNP NNP , DT NNP NN IN CD HYPH NN HYPH JJ NNS NNP CC NNP . PRP VBZ VBN TO VB RP IN NN DT NN CC VB PRP IN RB IN JJ NN JJ NN . `` PRP VBP PRP TO VB JJ TO RB VB IN NN CC VB CC VB , '' NNP VBD . `` CC IN DT NN , PRP RB MD RB VB PRP VB IN PRP RB RB . '' PRP VBZ DT NN VBN IN DT NNP NN WDT VBZ RB VB NN NN : RB VBG NNS IN IN NN CD TO VB RB . NNP VBZ CD IN CD NNS WDT VBP DT NN NN IN NNS . NNP : DT NN RB VBZ TO VB DT CD HYPH NN NN NN WDT VBZ VBN TO VB NNS IN NNS IN DT NNS IN JJ NNS WDT DT NN MD VB DT NN . JJ NNS RB VBP DT JJ NNP NNP VBN IN DT NN RB IN NNP , CC DT NN POS NN VBN IN NNP IN NNP VBZ NNS VBN . `` PRP VBP DT JJ NN IN PRP , '' NNP NNP NNP VBD . `` DT NNS VBP JJ . PRP VBP JJ TO VB IN . . CC DT NN , NN VBZ DT JJ RBR IN NN . '' NNP VBZ IN NNP NNP , WDT VBZ VBN CD VBN NNS IN DT NN CC DT VBN NNS , CC NNS VBP DT MD VB IN IN DT NN , WDT RB VBZ CD NNS . PRP VBZ VBN IN NNP IN NNP IN DT NN IN DT JJ NN , WDT VBZ NN NN CC NN . NNP NNP , NNP NN NN , VBD DT NN VBZ VBG JJ NN CC VBG IN NNS TO VB NNS IN NNP . NNP : DT NN VBD NNP IN PRP VBZ VBG NN NNS VBG JJ NN . VBG IN DT NN NN IN NNP NNP , DT NN POS NN NNS NN , NN NNS RB IN JJ NN MD VB JJ IN NNS . DT NN VBZ NNS WP VBP VBG NN VBG NNS CC WP MD VB TO VB NN NNS TO VB DT NN NN POS NN NN NN IN CD . DT NN VBZ JJ NNS JJ IN DT VBG TO VB NNS , VBG IN DT NN NN . CD IN DT NNS VBZ DT NNP NNP , WDT VBD VBN IN NNP , NNP POS NNP , DT NNP NNP CC DT NN IN NNP TO VB NN NNS WP VBP NN IN PRP$ NN NN NNS . DT NN VBZ NNS WP VBP JJ TO VB IN DT NN TO VB DT WP VBP RBR JJ . DT NNPS NN NN VBZ RB VBG NN IN DT IN NN . NNP : DT NN POS JJ NN NN IN NNP VBD DT NN IN VBG NN NN IN VBG TO VB JJ NN IN JJ JJ NNS VBN IN DT NN NN . NNP NNP NNP NNP NNP VBD DT NN IN NNP NNP NNP NNP IN NNP VBG DT NN TO VB NNS VBN IN NNP NNP NNP NNP VBG DT CD HYPH NN NN IN NNS . DT NN RB VBD VBN IN NNP NNP CC NNP NNP . DT NN NN VBZ IN DT NN NN MD VB PRP IN VBG NNS CC JJ NNS CC RB VBG PRP$ JJ JJ NN NN . DT NN VBZ NNS CC NNS TO VB NNS , TO VB RP IN NN CC TO VB NN TO VB JJ NN . NNP POS NN VBD NN IN DT NN IN DT NN CC VBD IN NN NNS VBG PRP MD VB JJR NNS IN NN . NNP NNP : DT NNP NNP NNP VBZ DT NN NN NN IN CD NNS NNP TO VB JJ NNS CC NN NN NNS . NN NN , CD NNP HYPH CD NNP NNP NNS MD VB RB CD NN NNP SYM CD IN NNP CC CD IN NNP , DT NN NN VBD NNP . PRP MD VB IN DT NNP NN IN CD NN , DT NNP CC NNP NNS IN NN , DT NNP NNP NN RB CD NN CC DT NNP NN IN CD NN . DT NNS VBP VBN TO VB IN NNP NNP NNP IN NNP , NNP NNP NNP NNP CC NNP NNP NNP NNP IN NNP , NNP NNP NNP NNP , NNP NNP NNP NNP , NNP NNP NNP NNP NNP IN NNP , NNP NNP NNP NNP IN NNP CC NNP NNP NNP IN NNP . NNP : DT NNP NNP NNP NNP NNP VBZ VBG DT NN CC NNS IN DT JJ NN IN DT NN NN VBD JJ IN DT NN . DT NNP NNP IN NNPS VBD DT NN TO VB JJ NN NNP IN VBG IN DT JJ NN NN . DT NN VBD VBN NNP IN VBG VBN , NN NNS VBD JJ NNP , NNS VBD . DT NN VBD JJ IN IN DT NN NN CC VBZ RB NN HYPH VBG , NNS VBD . IN NN IN JJ NN , DT NNP NNP NN NN VBZ VBG RP NNS TO VB DT NN IN DT NN , VBG JJ NN CC NN IN JJ JJ NN . NNP : NN NNS VBP VBN DT NN TO VB VBG NN NNS CC VBP VBN NNS WP RB VBD VBN IN DT NN WDT PRP$ NNS MD VB JJ . NNP NNP IN NNP NNP NNP VBD DT NN NNP VBG IN DT NNP NNP NNP NNP , WDT VBZ NNS IN NNP , VBP PRP$ NN CC NN IN NN HYPH CD NNS . DT NN VBD VBN IN DT NN NN VBD DT NN IN NNP HYPH CD NN NNS VBN IN NN IN DT NN , VBG IN DT NN NN . DT NN NN NN IN NNS IN DT NN POS NNS VBD NNS , VBG DT NN POS NN IN DT NN TO VB NN HYPH CD NNS CC NNS POS NN TO VB NN NNS . DT NN VBD NNP VBD NNP HYPH CD NN RBR DT NN IN CD NNS IN NNP CC CD IN NNP . NNP NNP : DT NN IN NNP IN DT JJ NN VBZ IN NN IN DT NNP NNP IN DT NN TO VB DT NNP NNP NN . DT CD HYPH NN NNP NNP NNP IN NNPS VBD RB TO VB DT NNP CD NN CD NNS IN NNS IN NNS VBD DT NNP NNP NNP NN IN NN , VBG IN DT NNP CC NNP . `` DT NN IN DT NN IN DT NN VBZ IN NNP NNPS NNP MD VB IN DT NN IN NNP NNP , IN DT NN , RB IN NN IN DT JJ , CC VB IN DT NN JJ , RB IN NN IN DT JJ , RB DT NNS IN NNP NNP MD VB VBN IN NNP NNP IN DT NNP NNP , '' NNP NNP NNP NNP VBD JJ NN . DT CD HYPH NN NNP NNP VBD DT NN JJ . `` DT NN IN NNP VBZ DT CC DT NN '' VBG IN DT NN , DT NN VBD IN NN IN NNS IN DT NN WDT VBZ DT NN , NN NN CC NNS POS NNS . NNP : NNS IN DT NN POS JJ NNS VBP VBG IN NN NNS RB IN NN NNS , VBG DT JJ NN IN JJ NNS VBN IN NN IN IN DT NN NN . CD IN DT CD NNS WDT VBD NNS IN DT NNP NNP NNP VBD DT NN HYPH IN HYPH NN NN IN NN NN , IN CD HYPH NN IN DT NNS VBG DT NN IN IN JJS CD NN IN CD CC JJR IN PRP$ NN NNS . NNP NNP NNP NN NN NNP NNP VBD DT `` JJ '' NN IN NN NNS MD VB RB $ CD IN JJ NN , JJ IN JJ NN , IN JJ NNS IN DT NN MD VB RB $ CD CD IN IN DT NN NN . IN NNP NNP NNP , RB RB DT NN IN NN , NN NN NNS VBP RB VBN RB . IN RB DT NN VBG RB IN NN IN JJ HYPH NN NNS , NN VBZ RB RB CD NN . NNP : NNP NNP VBZ JJ NN IN NN NNS VBZ TO RB VB NN . DT NNP HYPH VBN NN NN VBZ PRP VBZ VBN NN IN NN NNS DT NN . CC IN RB JJ NN NNS TO VB RB , NNS CC JJ NN NN NNS VBP VBG VBN TO VB DT NNS RB IN DT NN MD VB IN NNS IN IN IN CD NNS . NNS VBP VBG NNS TO VB DT NN IN DT JJ NN , VBG VBG JJ NN TO VB DT NN CC VBG PRP IN VBN NN NN , DT NNP NNP VBZ . VBN NNS MD RB VB VBN IN JJ NN NNS WRB PRP MD VB RP IN DT NN VBZ , VBG IN DT NNPS IN NNP NNP CC NNP . NN NN NNS , VBG NN NN , VBP RP RB CD NN IN NNP POS CD VBN NNS , NNS VBD . NNP : NN IN CD NNS IN DT NNP IN NNP NNP VBP VBG RB DT NN IN VBG PRP$ NNS . DT NN VBD NNP IN PRP VBD VBN TO VB NN NNS WDT VBD VBN VBN IN NNP IN DT JJ NN NN CC DT NN IN NNS IN DT NN . `` PRP VBP PRP$ JJ NNS IN PRP$ NNP IN CD , CC PRP VBP IN DT NN IN DT JJ NN , '' DT NN VBD IN DT NN . IN JJ NNP , DT NN VBD DT NN NN IN NNP CD SYM CD IN IN DT VBG NN NN , NNP HYPH NN NNS . NNP VBD CD NNS MD RB VB VBN TO VB IN DT JJ NN IN NN NNS WDT MD VB VBN IN NN . DT JJ NN IN NNS IN NNP MD VB VBN IN NNP CD , DT NN VBD . NNP NNP : NNP NNP MD VB NNS TO VB NN NNS IN NN IN DT NN NN , VBG JJ NNS IN NNS IN DT NNP NNP NN NN , DT NN NN VBD NNS NNP . NNP NNP NNP NN NNP NNP VBD DT NN MD VB IN NN NNP , DT NNP NNP NNP VBZ . DT NN VBZ RB NNS IN NNP NNP NNP NNP NNP VBD NNP IN DT NN MD VB DT NNS CC NNS TO VB NNS IN NN , VBG NNP . DT JJ NN , DT NNP NNP IN NNP NNP CC NNP NNP , NNP , VBD DT NN NN MD VB IN NN IN CD NN NNP . IN NNP , NN NNS IN DT NNP NNP NN VBD CD JJ VBN NNS IN DT NN , DT JJS JJ HYPH NN NN IN DT NN VBD . NNP : DT NN VBZ VBN DT CD NN HYPH CD NNS IN NN VBN IN NNP IN NNP , VBG DT JJ NN IN VBN NNS IN NNP IN CD . NN NNS VBD CD JJ NNS NNP , CD IN NNP CC DT JJ CD HYPH NN NN IN CD IN NNP , IN DT NN IN CD VBN NNS . NNP POS JJ JJ HYPH NN NN IN NNP HYPH CD NNS VBD CD IN CC NNP CD CC NNP CD . NNP NNP NN NNS VBP PRP VBP VBG NN NN VBN IN VBN NNS IN NNS , NNS CC NNS , CC NN NN VBZ JJ IN WP DT NN VBD WRB DT NNP HYPH CD NN RB VBD . `` DT VBZ JJ , CC PRP VBP NNS TO VB PRP RB , '' NN NN NNP NNP VBD DT NNP NNP NNP . CD IN DT JJ NNS VBN NNP VBD IN DT NNP NNP NNP , IN RBR JJ NN NN , JJ NN NNS VBD IN DT NNP NN . NNP : NN NNS VBP DT NN IN VBN NN NNS IN DT NN VBZ VBG CD . IN IN NNP , DT NN VBD CD NNS IN NN HYPH CD , VBG IN NNP POS JJ NN NN . DT VBZ DT NN IN CD NNS IN NNP NN . DT NN IN NNS VBN IN DT NN NN IN DT NN VBD IN CD IN CD IN NNP CC NNP . JJR IN CD HYPH NN IN DT NN NNS VBN IN DT NN VBP IN CD NNP NNS : NNP , NNP , NNP , NNP CC NNP . DT IN DT NNS VBZ VBN JJR IN CD NNS . DT NN VBD IN CD NN IN NNP POS NN NNS , CD NN IN PRP$ JJ NN NNS CC CD NN IN PRP$ NNS VBD JJ NNP . IN IN DT CD VBN NNS IN NN IN DT NN , CD NNS VBP VBN . NNP NNP : NN NNS VBD CD JJ JJ NNS IN DT NN IN DT NN NNP CC DT JJ NNS . DT NN NNP IN NNP CC NNP NNPS VBD CD IN DT JJ NNS VBD IN NNP NNP , DT NN POS RBS JJ , WDT VBZ DT NNP NNP NN NN . NNP RB VBZ CD VBN NN SYM CD NNS CC CD VBN NNS IN IN NNP . NNS VBP RB CD IN DT JJ NN NNS VBP VBN IN IN NNP NNP . RB , DT NN IN NNS VBZ VBN TO VB RB JJR IN JJ NNS VBP RB VBN VBN , CC NNS VBP NNS MD VB VBN IN DT NN IN VBG JJ . NNP : NNP NNP NNS MD VB IN NN IN DT JJ JJ NN , CC RB DT IN DT JJ NN . DT NN VBD NNS NNP IN PRP$ NN TO VB JJ CC JJ NN . NNS VBD RB NN IN DT NN NN NN MD VB IN NN IN DT NN , IN DT NN VBG CD NN IN WDT PRP MD VB NN . NNS MD VB VBN IN DT NN CC MD VB IN CD NNS IN NN , CC PRP MD VB IN JJ NNS CC CD HYPH NN NNS . DT NN IN NNS MD VB VBN RB VBN DT VBN NN NN IN IN JJ NN NNS . NN NNS MD VB VBN IN DT IN JJ NNS . `` DT NN IN NNP HYPH CD VBZ IN DT NN NN MD VB RB JJ DT NN , '' NNP NNP NNP CC NNP NNP NNP VBD IN DT NN IN NNS , NN CC NN . DT NN IN DT NN JJ NN VBZ VBN JJ NN . NNP : DT NN POS JJ NN NNS VBD IN PRP$ NN HYPH CD NN NNP . JJ NNP NNP NNP VBD DT NN RBR DT NN IN PRP VBD JJ NNS IN DT NN POS NN IN IN DT NN . PRP$ NN VBZ IN DT NN VBZ IN NNP CD , IN CD , IN VBG . RB RB , JJ NN VBZ VBN , IN IN NNS , NNS CC NN NNS . NNP NNP VBZ VBN CD JJ NNS IN NN CC CD VBN NNS , RB RB IN CD JJ NNS IN DT NN . RBR DT NN , NNS CC JJ NN IN NNS VBP VBN TO VB NNP IN CD NN NN , VBG IN NNP . RB VBG NNP VBP NN CC NN NNS , NNS , NNS , NNS CC NNS . NNP : NNP CC NNP NNP VBP VBG RP TO VB NNP JJ NNS NNS IN DT NN IN DT NN NN TO VB NNS TO VB VBG IN DT CD NN , IN NNS VBN IN IN DT NN NN VBP IN NN . DT NN VBG DT VBN NNS VBD DT JJ NNS VBP VBN TO VB NNS TO VB DT NNS IN NN . DT CD NNS NNS MD VB IN DT NNP NNP NNP , NNP NNP NNP NNP , DT NNP NNP NNP NNP CC NNP NNP NNP . DT NN NN VBD DT NNS MD VB VBN IN DT NN JJ NNS RB IN DT VBN NN NN IN CD NN IN NN NNS , CC DT NN '' VBZ RB VBG NNS IN VBG IN DT NN NNS . '' RB , NN NN NNS MD VB IN DT NN NN , CC NN NN IN DT NN MD VB VBN . NNP : NNP NNP NNP IN NNP VBD IN NNP NNP NNP TO VB DT JJ NN VBG NNS TO VB DT NN IN NN CC TO `` VB IN NN '' IN VBG CD PRP . `` PRP VBD PRP CD NNS RB IN DT NN , '' VBD NNP , DT NNP . IN DT NN POS NNP NN , NNP RB VBD NNS VBP VBG DT NN TO VB JJ NN IN NNP NNP NNP NNS TO VB VBG NN IN VBG NN NNS . `` JJ NN VBZ VBN RB RB , '' PRP VBD , CC JJ NN VBZ VBN VBN TO VB `` JJ '' IN JJ NNS . PRP VBD NN NNS MD VB IN NN NNS CC VB DT NN NNP . RB , NNP VBD JJ HYPH NN NN NNS WDT MD VB DT NN MD VB VBN IN DT NN NN NNS IN DT NNS WDT VBP CC VBN IN JJ NNS . NNP VBD EX VBD CD NN HYPH CD NNS NNP CC CD NNS VBN , DT JJS IN DT NN VBD DT NN . PRP VBD IN JJ NNS TO VB NN HYPH VBG CC JJ NN NNS , VBG DT NN IN NN VBN IN NN NNS CC JJ NNS IN NNP NNP NNP . NNP : NNP NNP NNP NNP VBD NNP IN PRP$ JJ NN IN NNP NNP NNP IN RB VBG NNS CC VBG NN NNS IN IN NNP HYPH CD VBZ RB RB VBN , IN PRP$ NNP NN NN . NNP , DT NNP , VBD DT JJ NN VBZ VBN TO VB CC VB NN IN DT NN HYPH CD JJ NNS IN NNP IN DT NNP IN NNP . DT VBD IN DT NNP CD NN IN NN HYPH IN NN NNS . NNP VBZ VBN CD IN NNP POS RBS JJ NNS IN PRP$ NN IN DT NN NN , IN JJ VBG JJ NNS VBG NNS CC VBG NN IN JJ NNS . DT NNS VBP VBN IN JJ HYPH NN NN . DT NNS VBP RB VBN CD NNS IN PRP$ JJ NN HYPH IN HYPH NN NN . NNP : NN NN NNS IN NNP VBD CD JJ NNS IN DT NN , JJR IN NN IN WDT VBD VBN IN NNP NNP CC VBD NNP NNP POS RBS JJ NN IN JJR IN CD NNS . DT NN RB VBD DT NN IN DT NNP NNP NN IN PRP$ NNS IN JJ NN NNS . DT NN NN IN NNP HYPH CD IN NNP NNP RB VBZ IN CD . JJ JJ NNS VBD VBN IN NNP , NNP NNP , NNP , NNP , NNP , NNP , NNP CC NNP NNS . DT NN VBD CD NNS IN DT JJ NN , VBG DT JJ NN NN IN CD NN . NNS VBD IN CD , RP CD IN NNP . NNP : DT NN IN NN HYPH CD NNS IN NNP NNP POS NNS VBZ VBN IN DT NN IN CD NNS NNP CD IN JJR IN CD DT JJ NN . NNP NNP NNP VBD DT NN `` RB JJ . '' IN NN , NNP NNP CC NNP POS NNP NNP VBD VBN IN NNS IN DT NN IN NNP NNP NNP NNP CC JJ NNP NNP NNS . JJR NNS VBP VBG IN DT NN TO VB VBN IN DT JJ NN , RB IN NNP , NNP CC NNP , NNP VBD . IN DT NN IN NNP CC IN JJ NNP , NNP NNP VBD VBG CD NNS IN NN IN CD NN . IN IN DT JJ NN , DT JJ JJ NNS IN NN VBD IN RB CD NNS IN CD . JJ NN VBD DT JJ NN IN NN NN IN JJ NNP . CC EX VBZ RB NN IN NN IN NNS , NNP VBD . DT NNS VBP RB RB IN IN JJR NN , DT JJ NN VBD . NNP NNP : DT NN IN VBN NN NNS IN DT NN VBZ VBN CD IN JJR IN CD JJ NNS , VBG IN DT NNP NNP NNP IN NNP IN NNP . DT NN VBD CD RB VBN NNS TO VB DT NN IN CD , DT NN IN CD VBN NNP . DT JJ NN IN NNS VBZ RB JJR IN JJ NNS VBP RB VBN VBN , CC NNS VBP NNS MD VB VBN CC RB VB JJ . DT NN IN NNS VBD JJ IN CD , CC DT NN VBD CD NNS VBP VBN , CC CD VBP RB VBN . NNP : IN CD NNS JJ NN , NNS VBN IN DT NNS IN DT NNP NNP IN DT NN CC NN RB VBD DT NN CC DT JJ NN IN NN CC NN NN . IN DT NN IN PRP$ NN , NNPS MD RB VB VBN IN NNS IN CD JJR NNS , CC NNS MD VB RB JJR NNS IN VBG NN NN CC NNS . PRP MD RB RB VB DT JJ NN NNS VBP DT NN IN DT NN VBZ TO VB DT NN IN NNP HYPH CD NNS CC IN DT JJ NN IN DT NN VBZ RP . NNP NNP NNP VBD NNP IN PRP VBZ TO VB NNS RB IN NNP IN JJ NNP CC JJ NNP . DT JJ NN IN NN IN DT JJ NN : DT NN TO VB NNS WP VBP NN NN NNS IN NNP HYPH CD HYPH JJ NNS : VBD VBN RP WRB NNS VBD TO VB JJR NN IN DT NN . NNP : DT NN VBD CD JJ VBN NN HYPH CD NNS CC CD NNS NNP CC CD NNS CC CD NNS NNP , VBG JJR JJ NNS IN DT CD JJ NNS IN NNS IN VBG NNS RB VBP NNS VBG DT NNS TO VB IN NNS . NNP VBZ RB RB VBN RB CD VBN NNS CC CD NNS . DT JJ CD NNS IN DT NN , NNP CC NNP , MD VB VBN IN DT JJS JJ `` JJ '' NN IN NNP NNP NNP POS NN HYPH VBN NN NN NNP . EX VBZ VBN JJ NN IN DT NN POS VBN IN NNP NNP , NN IN DT NN IN NNP , WRB NNS MD VB VBG IN HYPH NN NN IN NN IN NNS CC NNS IN IN CD NN NNP . DT NN VBZ IN NN IN WP PRP VBP VBN IN DT JJ NN IN NNS , RB IN JJR NNS . NNP : NN NNS IN DT NN VBD VBN TO VB NNP IN DT NN IN NNS WDT VBP NN IN NNS IN DT NNS IN VBG DT NN . NNS IN NNS CC PRP$ NNS MD VB CD NNS , CC PRP MD VB IN JJ NNS . IN NNP IN NNP NNP NNS IN NNP , NNP , NNP CC NNP , NNS MD VB PRP$ NNS IN `` NNS , '' DT NNP POS JJ JJ NN , NNP NNP , VBD DT NNP NNP . DT NNP POS NNS MD VB IN CD NN IN PRP$ JJ NN , NNP VBD . NNS MD VB PRP$ JJ NN CC NNS IN NN , CC DT NNS CC NN NNS MD VB JJ NN NNS CC VB PRP$ NNS RB . DT NNP POS NN NNS VBP DT `` JJ NN NN , '' CC DT VBN NNS IN CD MD VB JJ NN IN DT NN POS NNS , NNP VBD . NNP : NN IN NNP NNP POS NN DT NN MD VB VBN TO VB DT NN NN IN JJS NNS , DT NN VBD RB JJ NN . DT NN MD RB VB IN NNS CC NN VBP JJ IN DT NN CD NNS IN VBG IN NN . NN WP VBZ JJ MD VB TO NN HYPH VB IN CD NNS . `` IN DT JJ NN VBZ , DT NN MD VB JJ JJ HYPH NN NN IN NNS CC NNS IN DT JJ NN TO VB NN CC NN IN DT NN IN DT NN NN , '' VBG IN DT NN IN DT NN . DT NN POS NN VBZ IN NN NNS VBP TO VB IN NNP NNP . IN DT NN , DT NN VBD PRP VBZ VBG CD NN NNS CC MD VB CD IN DT NNS , NN CC NN . JJ NN : JJ JJ NNS VBP VBG RB VBN IN DT NN , VBG IN JJR IN NN IN DT VBN NNS IN CD NN , VBG IN NNS IN DT NNP NNPS NNP NNPS POS NNP NNP . JJ NNS VBP RB VBN VBN IN DT NN MD VB PRP$ NNS IN JJ VBP JJ CC VBP VBG NN NNS . NNS IN CD JJ NNP NNP NN NN NNS VBZ IN CD NN IN NNS IN VBN NNS IN NNP NNP VBP JJ NNS , DT NNP NNP NNP VBZ . NNP , NNP NNPS VBP IN CD NN IN DT NNS , IN PRP VBP RP RB CD NN IN DT NN . `` DT JJ NN MD VB IN DT NN IN PRP$ NNS CC IN DT NN HYPH RP NN IN DT NN , NN CC JJ NNS TO VB JJ NNS TO VB PRP$ NN IN PRP$ NNS , '' NNP NNPS NNP NNPS POS NNP NNP NN NNP NNP VBD IN DT NN NN . NNP : NNP IN NNP NNS MD VB TO VB PRP$ NN NN DT NN CC RB VB VBN IN NN HYPH CD IN DT NN VBZ JJ IN DT NN NN RB VBN NNP IN DT NN POS NN IN NNPS . DT NN VBD IN JJ NNS IN IN DT NN NN NNP CD , IN DT NN VBN NNP CD IN DT NN . DT NNP IN NNP NN VBZ TO VB NNS IN NNS IN DT NN NN IN DT JJ NN : NN IN DT NNS VBN TO VB NN RB JJ IN JJ . NNP IN NNP NN NNP NNP VBD DT VBZ DT NN NN IN RB . WRB DT NNP VBZ , NN NNS MD VB VBG TO VB DT NN JJ . NNP VBD PRP VBD DT NN . `` CC PRP VBP DT VBZ IN DT JJS NN IN PRP$ NNS , RB PRP VBP VBG TO VB IN PRP , '' NNP VBD . NNP : CC NN NNP NNP NNP CC NNP NNP NNP NNP VBD NNP IN EX VBZ VBN DT JJ NN IN DT NN IN NN NNS IN DT NN IN JJ NNS IN NNP VBD VBG NNS TO VB VBG IN JJ NNP . `` NNP HYPH CD VBZ VBN DT RB JJ CC RB JJ NN IN NNP IN RB DT JJ JJ NNS , '' VBD NNP , WP IN NNP RB VBD RP NNS CC VBD NN NN , DT NN IN NNP VBD DT JJ JJ VBN JJ NNS . NNP VBZ RB VBN JJ NNS IN DT NN POS JJS NNS : NNP , NNP , NNP CC NNP . NNP VBD NNP IN PRP$ NNS CC TO VB DT NN CC RB TO VB RP DT NN NNS . `` PRP VBD DT NN RB IN NNP , CC RB CD NNS RB NN VBD , '' CC DT NN IN JJ VBN NNS VBZ VBN IN RB CD IN JJR IN CD DT NN . `` IN DT NN IN DT JJ NNS , PRP VBP JJ , NN , PRP VBP VBN DT NNS PRP VBP VBN , '' NNP VBD . NNP NNP NNP : NN NN NNS VBP VBN DT JJS NN NNS IN CD NN IN DT NN VBD IN DT NN IN NNS VBZ IN NNP . NNS VBD CD NNS IN DT NN VBG NNP , VBG DT JJ NN WDT VBD VBN VBN RB DT NN RBR , NNP HYPH NN NNS . DT VBZ JJR IN CD JJ VBN NNS VBN IN NNS NNP . RB CD NN VBD IN DT NN : DT JJ NN IN NNP NNP NNP , VBG DT NN IN VBN NNS IN DT NN IN CD . EX VBP VBN CD VBN NNS IN NNP IN NN , IN NNS VBP DT JJ NN VBZ RB JJR IN RB DT NNS VBP VBN . NNP : NNP NNP NNP VBD DT NNP IN NNP IN PRP$ JJ NN IN VBG RB $ CD CD IN NN TO VB DT NN VB DT NN HYPH CD NN . VBG IN PRP$ JJ NNP NN , DT NN VBD PRP$ NN VBZ RB VBN RB DT NN NN RB , CC PRP$ NN MD VB PRP IN PRP VBZ . NNP VBD DT DT NN MD VB RB RB IN NNP VBG DT JJ NN IN NN NN IN DT NNP NNS WDT VBP VBN VBN IN DT NN . NN NNS VBD JJR IN $ CD CD IN NN IN DT $ CD CD NNP VBD IN JJ NN NN . IN NN IN DT JJS NN NN , NNS VBD NN TO VB DT NN POS NN NN NNS , IN NN CC TO VB NN NN IN DT NN . NNP : NNP NNP CC NNP NNP NNP VBP RB VBG DT NN IN DT NN RB VBZ NNS IN NNS CC JJ NNS VBN IN NN RBR DT NN IN DT NN IN DT NN NN . DT NN NNS VBP NN VBZ RB RB JJ IN RB CD NNS MD VB VBN RP IN DT NN , DT NNP NNP HYPH NNP NNS . NNP NNP NNP POS NN IN DT NN POS NN CD IN NN VBZ NN NNS TO VB IN CD NN NN CC DT NN IN CD NNS . NNP NNP NN NNP NNP VBD DT NN VBZ PRP$ NN NNS MD VB RB VBN IN NN NNS CC DT JJ NN VBZ VBN VBG NN NNS IN DT NN . NNP NNP NNP MD RB VB IN `` UH IN NNP , '' CC NNP NNP NNP MD RB VB NNS IN DT DT NN , NN NNP NNP NNP VBD DT NNP NNP NNP POS NNP IN NNPS . NNP : CD JJ NNS VBP VBN DT NN IN NN NNS PRP VBD VBP RB VBN NNS IN NN NNS VBG IN DT NN . DT NNP CC NNP NNP NNP NNS CC PRP$ NN NNS VBD JJ NNS IN NNP NNP NNP NN NNS . DT JJ NNS VBN RBR DT NN VBP DT NNS VBD $ CD CD IN NN IN NNS WDT MD VB NNS VBN IN DT NN NN . DT NNS VBP JJ NN IN NNS VBG IN DT NN IN RB VBN IN DT NN . DT NNS VBP RB VB NNS IN JJ NNS CC NNS , DT NNS VBP . NNS VBG NN VBD RB VBN IN NNP NNP CC NNP HYPH VBN NNP NNP NNP , VBN IN NN NNS IN DT NN POS JJ NN . NNP : NN NNS MD VB IN DT NN POS NN NN . DT NN NNP NNP VBD DT NN HYPH RB IN NNS TO VB RP RP VBG NNP . NN VBN IN JJ NNS NNP VBD NNS IN NNS CC NN NNS MD VB NN CC NN IN DT NN NN , DT NN VBD IN DT NN NN . NNP NNP NNP NNP VBD NNS POS NNS JJ IN DT NN IN PRP$ NNS '' MD VB VBN RB IN DT JJ NN NN . '' PRP VBD NN NNS MD VB VBN TO VB NNS CC VB NNS IN NNS CC JJ NNS , CC JJ NN MD VB VBN . NNS IN NN HYPH CD NNS CC DT VBN IN VBG IN NN IN NN IN DT NN MD RB VB VBN TO VB JJ NNS . NN NNS CC NNS MD VB VBN NN TO VB IN NNS MD VB VBN CC VBN IN NN NN IN IN NN HYPH JJ NNS . NNP : IN DT JJ NN IN NNP , NN NN NNS VBD DT JJ NN HYPH CD NNS IN DT JJ JJ NN . CC JJ NNS VBD TO VB IN NNP . IN CD JJ JJ NNS , CD VBD CD HYPH NNS , DT NN NN WDT VBZ VBN RB JJ VBN IN NNP RB . PRP VBZ DT RBS JJ NNS DT NN VBZ RB VBN IN DT NNP , VBG DT NN NNP IN CD NNS . RB CD NN IN JJ NNS VBD JJ IN DT NN : RB IN NNP POS CD HYPH NN JJ HYPH NN NN IN CD NN CC DT JJ JJ NN RB CD NN . DT NN NN VBD RB VBN JJR IN CD NN DT NN IN NNP CD CC RB VBD IN CD NN . IN DT JJ NN IN NNS , DT NN IN NN HYPH CD NNS IN NNS VBZ VBN JJ IN PRP$ JJS NN IN JJ NNP . NNP : NNS VBP VBN DT NNP NNP NN NN IN DT NN IN DT NN NN IN DT NN NNP NN . DT NN VBD NNP NN IN DT NNP HYPH NNP NNP NNP IN NNP , WRB DT NNP NNP NNP VBD VBG NN IN PRP$ JJ NN . DT JJ NN IN NNP VBD NN IN NN NN IN IN DT NN NN . NNP NNP NNP NNP NNP VBD IN DT NN IN DT NN IN NNP NNP NNP NNP NNP , NNP NNP NNP NNP NNP VBD IN DT NN NNP . DT NN VBD , CC DT NNS VBD IN IN DT NN . NNP VBD NNP IN DT NN , VBG IN NNP . VBG IN NN HYPH NN , NNP '' VBD NNP IN DT NN '' CC VBD PRP IN DT NN VBD , NNP VBD . NNP VBD NNP IN JJ , CC NNP VBD IN VBG , NNP VBD . NNS VBD NNP IN NN CC NN ."
267,393,mainstream,"NNP NNP CC NNP NNP NNP VBP RB IN DT NN TO VB DT NN NN . IN CD NNP DT JJ JJ JJ NNS VBD IN DT NN IN NNP , RB CD NNS VBD VBN TO VB NN . RB , IN CD NNP , NNP NNP VBZ VBG DT JJ NN IN CD NNS . DT JJ CD NNS VBP RB VBN IN NNP , NNP CC NNP . NNP NNP VBD CD IN DT JJ TO VB DT NN IN DT NNP NN CD NNS RB . -LRB- DT NN VBD RB VBN IN CD NNP -RRB- . PRP VBZ VBN DT NN IN PRP RB VBD RP IN DT NN NN NNS . PRP VBD VBN DT JJ NN IN $ CD IN CD NN NNS , JJ NNS TO VB VBN IN PRP$ NN , CC RB TO VB VBN IN DT JJ NN NN , RB IN DT NN PRP MD VB TO VB DT RB HYPH VBN NN HYPH CD NN . NN VBZ VBN VBN RP IN PRP$ JJ NN JJR IN DT NNP NNP NN NN , CD IN NNS VBG VBN IN DT NN . DT NN VBZ VBN RB VBN IN DT JJS NN IN VBG PRP IN PRP$ JJ NNS CC DT NNP NN VBZ RB VBN , PRP VBD DT VBN $ CD CD IN NNP HYPH VBN NNS VBG RP JJ NN . DT JJ NN , WDT PRP VBD NN IN , VBD NN IN NNP JJ NN . RB PRP VBP VBG PRP TO VB NNS IN NNS IN NNPS IN DT NN TO VB NN CC VB PRP IN DT JJ NN IN PRP IN DT VBG NNS . IN PRP VBP VB RP , VB IN DT NN TO VB RBR JJ IN PRP MD VB . DT NN NN VBZ DT NN IN NN , IN VBG RP IN DT NN NN CC IN DT JJ NN IN VBG PRP$ NN NNS . PRP VBP IN DT JJ NN CC MD VB VBN DT JJ NN IN PRP$ NN NN CC PRP$ NN . IN VBN , PRP MD VB VBN IN DT NN . DT JJ NN PRP VBD IN NNP NNP POS IN NNP NNP PRP VBD VBN NN HYPH VBG IN PRP$ NN IN CD NNS , PRP VBP RB CC VBP RB JJ . PRP VBD PRP IN DT NN NN VBN IN JJ NNS PRP VBD VBD RB IN DT JJ NN -LRB- DT JJ JJ NN NNS PRP VBP IN VBP CD NN NNS -RRB- . IN PRP$ JJ NN DT JJ NN HYPH NN NN VBD PRP VBD RB VB . IN DT JJ NN PRP VBP VBN TO VB NN CC NN NNS , VB RP NNS CC VB DT NN IN WRB PRP VBP VBG PRP MD RB VB JJ NN NNS . RB PRP VBP RB TO VB DT JJ NN IN NN VBZ RP . IN DT NN VB VBN IN PRP$ NNS CC NN TO VB JJ NNS , VBG JJ RB VBG PRP MD VB VBN IN NN IN NN IN DT NN : PRP MD RB . PRP VBP VBN PRP VBN IN JJ NNS -LRB- CC DT JJ NN NNS RB RB -RRB- . CD NNS IN PRP$ JJ NN NN PRP VBD DT JJ NN HYPH RP NN VBG WRB PRP VBD RB RB VBN DT NN TO VB IN DT NN . DT NN RB VBD : `` VB RP CC VB '' . PRP VBD IN DT NN PRP VBD VBG JJ IN DT JJ NN . PRP VBD VBN CC VBN IN DT NN : IN PRP VBD JJ PRP VBD RB DT JJS PRP VBD VBN IN DT JJ NN IN NNS . PRP VBD DT JJ NN IN NN NN -LRB- IN DT JJ NN -RRB- . PRP$ NN RB VBD IN DT NN VBD VBG IN DT NNS VBN IN DT NN NNS , PRP VBP DT NN POS NNS IN JJ NN CC DT JJ `` NN NN POS NN IN PRP$ NN VBD RB RB CC RB VBN . PRP VBD RB IN DT JJ NNS PRP VBD VBN IN NNS VBG , VBG CD NN IN JJ NN WP VBD PRP : `` PRP VBP VBG NN WDT MD VB NNS IN NNS '' . DT VBD PRP , DT VBN NN WP VBZ RB VB NNS CC VBZ DT NN IN NN IN PRP$ NN IN NN NNS , VB JJ . DT NN PRP : DT JJ NN PRP VBP : VBD JJ . PRP VBD VBN DT NN CC VBD TO VB PRP$ NNS RB IN DT JJ NN . PRP$ JJS NN NN VBZ TO VB VBN NN . PRP VBP RB VB IN PRP VBD IN DT CD NN NN VBN DT JJ NN CC CD NN NN VBN DT NN , CC RB IN DT JJ NN PRP VBD IN NN IN JJ NN NNS , WDT PRP MD , IN NN , VB VBN . `` VBN NN CC NN , '' PRP VBD IN DT NN POS NN NN IN NN CD IN DT JJ NN PRP MD VB TO VB IN DT NNP VBD VBN DT NN . VBN PRP$ NN DT NN VBD DT RB JJ CD NNS , PRP$ NN VBD RB RB RB VB NN . IN DT NNS VBP VBN RP PRP VBP RB VBN DT JJR NNS . RB PRP$ NN VBZ VBN IN DT NN IN DT NNS . PRP VBD RB TO VB IN NNP CC NNP VBD RB RB CC DT NN IN JJ NN IN `` PRP$ '' NN VBZ VBN PRP VB TO VB CC VB DT NNP NNP NNP IN DT NN . RB WRB PRP VBD VBN IN DT VBN NNS DT VBD RP VBG NN , PRP VBD JJ . RB PRP MD RB -LRB- RB -RRB- VB VBN TO VB DT NN IN DT JJ NN CC PRP VBP TO VB PRP$ NNS PRP VBD DT NN WDT VBD NN , RB CD IN DT VBN NNS WDT VBD RB VB . VBG RB , PRP MD VB PRP VBD RB VBN PRP IN DT NN WP VBD TO VB DT JJS NN , DT RBS JJ NN NNS . RB , PRP VBD TO VB EX MD VB JJ NNS CC NNS JJR NNS IN DT NNP NN RB . JJ NN PRP MD VB RB IN NN IN NN HYPH RP NNS RB IN DT JJS NNS VBP IN PRP$ JJ NNS . NN CC NN VBP JJ IN DT NNS RB VBG RB RB IN PRP$ NN VBZ RB VB , PRP MD RB RB VB VBG VBN CD IN DT JJ TO VB PRP$ NN IN DT NN . TO VB RP TO VB IN DT NN NN , PRP MD VB PRP$ NN RB ."
268,571,conspiracy,"NNP NNP NNP NNP VBD RP IN NNP NNP POS NN IN JJ JJ NN IN DT NNP NNP , VBG DT NNS VBN IN DT NNS IN NNS IN NNS IN NNS IN PRP$ NN NNS . NNP NNP VBD VBN IN RB VBG DT NN CC DT NN CC RB IN RB VBG DT NN IN PRP$ NNS , PRP VBD RP TO VB DT NN IN DT NNS IN NNS PRP VBZ TO VB . WP DT NNP VBZ NNP NNS CC WP VBD PRP RB JJ NN IN DT NNS . NNPS VBD IN JJ NNS IN DT JJ NN IN DT JJ NN VBZ DT JJ JJ NN . `` PRP VBP PRP VBZ RB JJ TO VB , RB RB NNS IN NNS , CC RB NNS IN DT NNS , IN DT VBZ DT JJ NN , '' NNPS VBD NNP . NNP , DT NN , CC NN WP VBZ DT JJ NN IN NNS VBD RP IN NNP POS NNS IN PRP$ NN . `` NNS , IN NNP NNP , VBP DT JJ NN WDT VBZ PRP$ JJ NN HYPH JJ NNS -LRB- VBG NNP POS NN TO VB DT JJ NN NN NN -RRB- CC VBZ PRP JJ NN IN JJ NN NN : DT NN NN IN JJ NN , '' NNP VBD IN PRP$ NNP NN . PRP RB VBZ RP IN NNPS POS NN NN NNS VBD CD NNS IN NNP IN CD CC CD , VBG PRP$ NN TO VB VBN IN NNP CC RB VBG NN NN NNS . JJ JJ NNS IN NNP POS NNS VBD DT JJ CC NN NNS WDT CD NNS VBD CC DT NN IN CD IN PRP . PRP VBD IN DT NN IN CD VBN NNS IN JJ NNS IN NNP . IN DT NNS VBN IN NNP POS NN TO VB DT NNS TO VB VBN VBD JJ NNS JJ IN VBG NNS TO VB IN DT NN , VBG NNS , VBG NN NNS , CC VBG JJ NN IN VBN NNS , VBG IN DT NN RB IN DT NNP NNP NNP , VBG IN NNP . NNPS PRP VBD IN NNP -LRB- NNP , NNP , CC NNP -RRB- VBP , `` RB IN PRP VBP DT JJ NN IN JJ NNS , '' DT NN NN MD VB VBN . DT NN RBR PRP VBD VBN $ CD CD IN DT NNP NNP NNP -LRB- NNP -RRB- IN DT NN . IN CD , DT NNP VBD VBN IN VBG NNS IN NNS IN NNP , IN NN , CC DT NN VBD VBN IN DT NNS VBN . DT NNP VBD IN PRP VBD VBN VBG IN DT NN IN JJR IN CD NNS . JJ NNS VBP VBN VBN IN DT NNP IN NNS JJ IN NNP , NNP , NNP , CC DT NNPS . NNP VBZ RB VBN IN VBG JJ NNS JJ IN DT NNP NNPS NNP POS NNP -LRB- NNP -RRB- , DT NNP NNP -LRB- NNP -RRB- , CC DT JJ NN NN NNP , IN NN IN VBG PRP$ NN TO VB PRP$ NNS CC VBG DT WP VBP JJ NNS . IN NN , DT NNP NNP , VBN IN NNP NNP CC PRP$ NN NNP , VBZ VBN IN JJR IN CD JJ JJ JJ NNS CC NNS , IN WDT PRP RB VBZ NN . DT NNS , WDT VBP NNS IN NNS IN NN NNS , VBP NNS IN NN . WP DT NN VBZ NNP NNP , UH . PRP VBP RB VB NN IN PRP , VBP PRP . IN DT JJ NNS IN NNS VBP RB IN NN , EX VBP JJ NNS IN DT NN IN NN IN PRP$ NNS CC NN . CD IN DT RBS JJ NNS VBN IN NNS VBZ NN , JJ IN NN , DT JJ NN . IN JJ NNS NNS VBP VBN : IN NNS : NNS IN NN CD NNS JJR IN DT JJ NN IN NNS , RB . EX VBZ RB DT JJ NN IN NN IN NNS . IN CD , CD CD NNS VBD VBN IN DT NNP NNPS . NNP NNP NNP , NN IN DT NNP IN NNP CC NNP NNPS IN DT NN NNP , VBZ IN DT NN IN NN IN CD VBD CD NN IN CD NNS , RB JJ , CC IN CD VBD CD NN IN DT CD NNS . IN CD , DT NN VBD RB CD NNS IN DT NNP NNPS . `` IN DT JJ NNS DT NN IN NNS VBZ VBN RB JJ CC RB JJ IN PRP VBD PRP VB IN PRP VBD RB VBG TO VB JJ TO VB RP , '' NNP VBD . PRP RB PRP VBZ IN NNPS VBZ VBN IN DT NN VBN IN DT NNP NNP , WDT VBD IN NNP , NNP , DT JJ NN TO VB DT JJ NN IN DT NN PRP VBZ VBN IN NNS ."
269,1172,mainstream,"JJ NN IN NNP NNP NN NNS VBP NNS IN NN NN DT NN VBG PRP$ CD HYPH NN HYPH JJ NN , DT NN WP VBD PRP VBD VBN , DT NN VBG NN NNS CC JJ NNS WP VBP PRP NN HYPH VBN VBN DT JJ NNP NN NN . `` IN PRP VBP DT NN POS NN , IN PRP VBP DT NN , PRP VBP VBG TO VB TO VB RP CC VB PRP$ JJ NNS , '' VBD NN NNP NNP NNP , DT NNP NNP NN CC NN IN DT RB VBN NN , NNP , NNP NNP IN NNP NNP . IN DT NNP NN IN NNP , IN DT NN POS NN NN , JJR IN CD JJ NNS VBD DT NN IN DT NNP NNP NNP POS NNP NNP . DT VBD IN DT NN . PRP VBD TO VB WP PRP VBP VBZ DT NN TO VB NNS JJ CC NNP POS NNS IN DT NN . DT NN POS HYPH NN IN PRP$ NNS VBZ NNP POS NNP NNP CD . DT NN IN NN NN CC NN NNP NNP NNP , NNP HYPH NNP , VBZ VBN IN VBG NN NNS IN NNS . NNS VBP DT NN VBZ VBN TO VB NNS IN WDT NNS VBP CC VB NNS IN JJ NNS . JJ NNS IN DT NNP NNP IN NNP NNP VBZ JJ JJ NNS IN NNS VBD RB IN DT CD HYPH CD NN NN IN DT NN NN VBG IN CD NN , DT NN IN RB CD NN . IN NNP NNP , CD NN IN NNS VBD PDT DT VBN NNS IN CD SYM CD , DT JJ NN IN DT JJ NN . NNS VBP RB IN DT NN NN WDT VBZ CD NNS IN DT JJR NN VBN IN NNP VBD VB NN IN DT NN POS NN , NNP CD . DT NN VBD NN IN CD CC VBD JJ NN NN NNS IN NNS IN JJ CC JJ NNS . JJ IN DT NNS IN DT NNP NNP VBD DT JJ NN CC DT JJ NN IN DT NN IN DT NNS IN NNS CC NNS . CD NN VBD PRP$ NN VBD DT NN CC VBD JJ IN VBG VBN IN NNS , NNS CC NN IN CD NNS JJ . RB PRP VBZ DT NN CC VBZ VBN VBN DT JJ NN IN NNS , IN VBZ PRP$ JJR NN . `` DT NN IN DT NN MD VB PRP$ NNS MD RB VB VBN , '' PRP VBD . `` DT MD VB PRP$ NNS IN PRP$ NN . '' DT NN VBD IN DT NN IN NN , VBG PRP$ NNS MD VB PRP DT NN . DT RB VBZ DT JJ NN . `` DT NN VBZ RB VBG CC VBG DT NN WP VBZ VBG CC VBG TO VB NNS , '' VBD NNP NNP , DT NNP NNP NN WP VBD IN DT NNP NN IN NNS IN NN IN DT NNS NN . `` DT NN IN PRP IN PRP VBZ VBN RB JJ , CC PRP VBZ VBG NN . '' DT NNS IN VBN NNS RB RB IN NNS CC NNS RB VBN IN NNS VBZ VBN NN CC NN IN JJ NN NNS , NN NNS CC NNS IN NNP CD . `` PRP VBP RB VBN , '' VBD NNP NNP NNP NNP NNP NNP NNP NNP IN NN NNS . `` PRP VBP . EX VBZ DT JJ NN IN JJ NN WDT VBZ DT NN IN NNS CC DT NN IN NNS CC DT NNS VBP TO VB JJ TO VB DT JJ NN . '' RBR : NNP NNP VBZ WRB NNS CC NNS IN CD NNS MD RB VB VBN NNP , DT JJ JJ NN NN CC NNP NNP POS JJ NN NN IN CD NNS , VBD PRP VBZ DT NN IN NNS WP VBP JJ IN NNS RB RB IN PRP RB VBP VBN . WRB PRP VBP NNS , PRP VBD PRP CC NNS IN NN , PRP VBD , VBG DT NNS IN NNS CC JJ RB JJ NNS VBP IN NNS WRB NN VBZ IN JJR NN NNS . `` PRP VBZ DT NN WRB IN PRP VBP RB VB DT NN , PRP VBP VBN TO VB PRP , '' PRP VBD . `` RB JJ TO VB JJ NN '' NN POS NN VBZ VBN IN VBG DT NNP NNP IN NNP NNP JJR NN . JJ NNS IN NNS IN NNS IN NN NNS IN JJR IN CD NN MD VB VBN RB . NNS MD VB VBN IN PRP VBP RB VB NNS IN NNS VBG DT NNP NNPS IN NNP NNP CC NNP , DT NNP NNP NNP IN NNP NNPS CC DT NNP NNP IN NNP . NNS MD RB VB VBN DT NN IN PRP VBP IN NNS WP VBP CD CC JJR JJ NNS DT NN . DT NN RB VBD DT JJR NN IN NNS CC VBD VBN IN NNP NNP NNP VBD NNS . PRP VBD VBN IN DT NNP NNP NNP IN IN NNP CC RB MD VB TO VB NN NNS IN DT NNP CC NNP . NNP VBZ DT VBN NN , VBG IN DT NN POS NN . JJR : NN NN VBZ NN IN NN IN NNP DT NNS CC NNS VBN IN DT NNP NNP VBP DT NN MD VB NNS VBG PRP$ NNS IN IN PRP$ NN POS NNS CC RB VB PRP IN DT NNS IN DT NN NN . `` PRP RB VBD PRP$ NN . PRP VBP RB DT NN IN DT NN NN , '' VBD NNP NNP , IN NNP NNP , WP VBZ DT CD NN HYPH NN HYPH JJ NN WP VBZ RB JJ IN NNS . NNP VBZ IN NNS VBG VBN IN NNS WP VBP JJ IN DT NNS CC VBP VB DT RB JJ NN . `` PRP VBP RB JJ TO VB JJ NN , '' VBD PRP$ NN , NNP NNP . NNS VBD DT JJ NN , VBG DT NN POS NN HYPH NN NN CC DT NN POS JJ NN IN DT NN . DT NNP NN VBD PRP$ JJ NN POS JJ NN VBD IN PRP$ NNS CC VBD NN , NN NN CC DT JJ NN . NN IN DT NN VBD VBN IN NNS IN VBG IN NNP CD . NNPS VBD NNS TO VB NNS WRB NNS VBP IN DT NN CC TO VB NNS JJ IN DT NN . VB IN DT NNS NN IN DT NN , RB DT NNS , PRP VBD . `` WP PRP VBP VBG VBZ RB VBG , '' PRP VBD , VBG NN NNS CC VBG NN NNS VBP VBN IN JJ NNS CC IN `` JJ . '' `` PRP VBP TO VB DT NN IN WRB PRP VBP VBN . PRP RB VBP TO VB VBN CC TO VB VBN . '' DT NN VBZ NN , VBD NNP , VBG JJ NN NNS VBP RB DT NN IN VBG NNS . RB , NN IN NNS VBZ VBN IN DT NN . `` PRP VBZ NN IN IN DT NN NN WRB RB CD NN VBZ TO VB PRP$ NN , '' PRP VBD . IN VBG DT NNP VBZ JJ NN VBZ DT NNS IN NNS WP VBP DT NN CC RB DT NN IN NNS VBP NN . PRP VBP RB , VBD NNP NNP HYPH NNP , JJ NN IN DT NNP NNP NNP . `` PRP VBP RB VB JJ NN , '' PRP VBD . `` PRP VBP RB VB IN DT NNP VBZ JJ . '' NNP HYPH NNP RB VBD RB IN DT NN JJ NNS VBZ DT NN . `` EX VBZ DT JJ NN IN VBN NNS . PRP VBP DT NN , '' PRP VBD , VBG IN NNS WP VBP NNS VBP TO VB IN `` IN NNS VBP NNS . '' NNP NNP NNP VBD IN DT NN IN DT NNP NNP VBG WP PRP VBZ IN DT NN JJ NNS TO VB RP NN NNS . JJR : NNP NN VBZ PRP VBD VBN RP PRP VBZ DT NN WP VBD NN IN CD IN DT JJ NN NN NN WDT VBD VBN IN PRP$ NN CC RB RBR IN VBG VBN IN NN IN VBG PRP$ NNS VBN IN DT NN NN WDT VBD PRP . DT JJ NN VBD VBN . NNP , RB IN NNP , VBD PRP VBD VBN IN DT NN CC VBN IN NN , DT NN IN DT NN VBN IN VBG WP PRP$ NN VBZ IN DT NNS IN JJ NNS . PRP VBD NNS VBP VBN IN NNS CC JJ NNS IN NNS VBN IN PRP$ JJ NN , `` NN IN NN . '' PRP VBD NN NNS VBP VBN VBN RP IN DT NN IN NN VBZ JJ . JJ NNS , PRP VBD , VBP VBN IN DT JJ NN IN NN VBG IN NNP CC NN IN NN CC NNPS . `` DT JJ NN VBZ VBG DT JJ NN IN DT NN , CC PRP VBP RB VB PRP , '' PRP VBD . NNP . NNP NNP VBZ VBN JJ IN DT NN NNS IN : IN NN , IN NNP NNP POS VBN NN VBG NNS IN NN , IN DT NNS IN NN NNS VBP IN NN . CC IN DT NNP CD NNP NN NN NN , DT NN IN NNP CD CC DT CD NN WDT VBD JJ NN NNS VBD JJ . PRP VBD IN IN DT NN IN NNP CD NNS VBD IN NNS CC NN HYPH NNS VBG PRP$ NN VBN IN WP VBD TO VB NN . PRP VBD IN DT NN IN DT NN , NN NN , VBG DT NN VBZ NNS WP MD VB VBN IN NNS CC NN . `` PRP VBP NNS WP VBP NNS , WP VBP VBG RP NN , '' PRP VBD , VBG IN JJ NN CC DT NNP IN DT NN NNS IN DT NN . `` PRP VBP IN DT NNS , WP VBP VBN VBN NN . '' NN VBD NNS VBP DT NN IN JJ NN , VBG DT NNS IN CD HYPH IN HYPH NN CD . PRP VBD PRP VBP DT `` NN '' JJR IN NNS PRP VBP VBN TO VB . PRP VBD NNS IN DT NN HYPH NN NN WDT VBP RB VBN VBN . NNP , NN IN DT JJ NNP NNP NN , VBZ NNS CC NNS IN NN VBP VBG , IN JJ IN DT NNS JJ TO VB NNS RB . NN VBD DT NN , VBG NN IN NNS VBZ VBG IN IN NN IN NNS , NN CC JJ NNS . `` DT IN DT NNS VBP VBG RB , '' PRP VBD . NNP NNP VBZ NN NN CC JJ NN IN DT NNP NNP NNP . VB PRP IN ADD CC CD ."
270,191,conspiracy,"JJ NN CC JJ NNS NN NNP NNP VBZ JJ NN VBN IN JJ NN MD VB DT NN IN JJ NNS . NNP VBZ , `` VB , DT NN VBZ DT JJ NN . DT NN NN VBD VBN IN CD IN DT NN TO VB NN . PRP VBD TO VB NN VB RBR RB JJ . . . . RB , RB PRP VBZ RB VBG IN NNS VBP RB VBG RP PRP VBZ DT NN . PRP VBZ DT NN NN . PRP MD VB PRP VBP NN . . . CC WP PRP VBP VBZ RB DT NN . . . . RB , RB PRP VBP VBG VBN IN DT NN TO VB TO VB NN . . . . WRB DT NN RB VBZ IN DT NN NN VBZ VBN CC CD NNS VBP RP TO VB NN IN DT JJ NN IN NN . . , DT VBZ WRB PRP VBP RP WP DT JJ NN IN NN VBZ . '' WP VBZ VBG DT NN IN NNS TO VB PRP$ NNS IN JJ NN CC NN . VB RB RBR IN JJ NNP NNP NNP WP RB VBD IN DT NN NN CD NNS IN `` DT JJ NN IN NN IN DT NNP NNP . PRP MD VB WP PRP VBP TO VB . . . '' TO RB VB DT NN NN CC DT NN IN DT NN NN VBG DT NN . NNP VBZ , `` IN DT NNP TO NN NN VBD NNP , NNP CD , DT NN VBZ RB NN IN CD NN . . . . RB , EX VBZ JJ NN , CC DT VBZ RB VB DT NN NN VBZ VBG TO VB RP IN IN DT IN DT NN VBG VBN , CC PRP VBZ VBG IN DT NN NN CC NN JJ . RB , WRB PRP VBP PRP DT NN NN VBZ RB CD NN , PRP MD VB DT NN , CC NN VBZ RB RB CD NN CC NN VBZ RB CD NN IN DT JJ CD NNS . DT VBZ VBG TO VB . . . . JJ NNS MD RB VB NN TO VB DT JJ NN . RB , IN DT JJ NN , NNS MD VB VBN CC NN CC NN MD VB JJR . '' NNP VBZ RP DT NN NN IN DT NN NN NN NN RB VBZ RP VBG JJ IN DT NN . NNP VBZ , `` PRP VBP VBN TO RB VB VBG NN TO VB PDT PRP$ VBG NNS . DT VBZ WP DT NN VBZ , CC RB PRP VBP VBG IN DT JJ NN IN PRP . RB IN DT NNP NN VBZ RB VBG IN DT JJ NN . . . . . PRP VBZ DT JJ NN IN NN . PRP VBZ VBG RB , RB DT NN VBN TO VB IN NN VBZ TO VB RB . '' IN NN , NNP VBZ , `` NN VBZ RB VBN JJ NNS IN DT JJ NNS IN DT NN , CC DT VBZ VBG . . . . RB , IN DT NN IN NNS , NN VBZ VBG TO VB IN $ CD IN NN , CC DT MD VB JJ , CC EX MD VB DT NN WRB PRP MD VB JJ . '' VB NNP NNP IN NNP IN PRP VBZ CD HYPH IN HYPH CD IN NN CC NN NN NNP NNP , NN IN NNP . EX VBZ DT JJ NN IN NNP . IN PRP VBP TO VB , VB DT NN NN `` NNP '' CC VB PRP$ JJ NN NN RP . DT NN VBZ VBN IN NNP NNP CC NNP NNP . VB IN NNP NNP , DT NN , IN CD ."
271,1033,mainstream,"NNP NNP : DT NNP NNPS VBZ VBN RB DT NN IN DT JJ CD CD NNS VBN IN NNP POS JJ NN HYPH CD NN IN VBG IN IN $ CD CD , IN NN NNS VBP IN NNS TO VB PRP$ NNS RB IN NN . IN RB VBN TO VB JJ IN DT NN , NNS VBP VBN IN NN NNS IN DT JJ JJ NN TO VB PRP$ VBN NNS , CC RB TO VB DT NN IN JJ NNS . IN NNP NNP NNP VBD DT NN , DT NNP NNP IN NNP CC NNP NNPS VBD TO VB IN IN $ CD CD TO VB JJ NN NNP POS NN NN CC VB CD CD NNS IN DT NNP NNPS . `` DT NN IN NNP VBZ DT JJ NN IN NNP NNP NNP POS NN IN DT JJ , JJ , RB JJ NN IN CD , '' NNP NNP NNP NNP NNP VBD . DT NN , RB VBN IN NNP NNP HYPH CD CC RB IN NNP , VBD VBN IN DT NNP IN NNP CC VBN IN NNP . NN IN DT JJ NN VBZ JJ CC RB DT NN IN NNS JJ . DT NNP NN VBZ DT JJ HYPH NN : NNP CD : JJ NN IN DT NN IN CD NNS IN DT NNP NNPS . NNP , NNP HYPH VBN NNP VBD PRP VBD VBN NNS IN IN JJS CD CD NNS IN DT NN CC VBN NN NN IN CD CD NNS , IN JJ NNS JJ TO VB IN NNP . RB DT RBS JJ NN IN NNP POS JJ HYPH NN NNP CD NNP , PRP VBZ RB VBN TO VB CD CD NNS IN NNS IN NNP , IN CD CD RB RB IN NNP . NNS VBP VBN NNP MD VB JJ NN IN DT NN . IN NNS IN DT NN VBG DT IN DT JJS JJ NN IN IN JJS NNP NNP CD , CC DT NNS IN JJR IN CD , JJ VBP VBG IN DT NN . DT NNP NN VBZ RB VBN NNS TO VB NN NN IN NNP CC NNP -LRB- NNP -RRB- , NNP CC NNP , VBG NNS DT JJS NNS MD VB JJ TO VB PRP$ NNS RB . NNP NN VBD DT JJ NN RBR DT NN WRB PRP VBD NN NNS VBN IN DT NNP NNPS MD VB IN NNP NNS RB , VBN DT NN VBD VBN DT NN RB . `` PRP VBP DT NN IN NNS VBG IN DT NN NN CC DT JJ NN , '' NNP VBD NNS IN DT NNP NNP WRB VBN IN DT NNP NN . `` PRP VBP VBG TO VB DT NN IN JJ NNS IN DT JJ NN CC CD , '' IN NN . NNP VBD PRP VBD IN NNS IN NNS CC NNS IN DT NN : JJ IN DT NNP NNP IN NNP : TO VB NN CC NN , CC VBZ VBG IN JJ NNS IN DT JJ NN CC NN IN DT NN . `` PRP MD VB TO VB DT NNP CC NNP NNS IN PRP$ JJ NN TO VB DT NN CC NN IN DT NN , '' NNP JJ NN NNP NNP VBD . DT NNP NNP IN NNP , DT NN POS JJS NN IN NNS IN NN , VBZ VBN CD IN PRP$ NNS IN DT NN TO VB IN IN CD CD NNS RB IN VBG DT NNP NN . `` PRP VBP VBG RP IN DT JJ NN IN RB CD IN CD CD NNS DT NN TO VB IN , '' JJ NN NNP NNP VBD NNP , VBG DT NN VBD IN NNS IN NNP . DT NNP NNP , CD JJ NN IN NNP VBD JJ NN TO VB NN , NN CC NN IN RB CD JJ NNS JJ CD IN CD NNS IN JJ NN NNS IN JJ NNP . NN IN DT NN VBZ VBN RB . EX VBP RB DT VBN NNS CC NNS IN NN HYPH CD . NNS , NNS CC NNS VBP VBG IN RB CD NNS , CC NNS VBP VBG DT JJ , JJ NN IN VBG DT NN MD VB CD IN CD NNS TO VB . RB DT NN IN DT NNS IN NN VBP VBN IN JJ NNS , DT NN IN NN CC NN , CC DT NN IN WDT JJS VBP . `` NNP VBZ IN DT NN MD RB VB CC VBZ VBN IN VBG DT JJ NN IN NN CC VBG RP NN IN NN , '' PRP VBD . JJ NNS VBG NNP NNP , NNP CC NNP VBP RB IN JJ NNS IN NN NN . NNP HYPH VBN NNP NNPS VBD IN NNP PRP$ JJ NN VBD JJ NNS CC NN NN NNS IN NNS CC NN NNS . CC NNP DT NN VBD JJ NNS IN PRP$ JJ NN , WDT PRP VBD VBD JJ NNS IN DT JJ NN IN JJ NNS ."
272,360,conspiracy,"NN VBN JJ NNS : DT NNP NNP NNP IN NNP IN DT NNP CC NNP NN IN DT `` JJ '' NN : DT NN RB VBN IN DT NN NN IN IN DT JJ , NN , NN CC NN NN CC IN DT JJ NN . IN JJ NN POS NN PRP VBD IN JJ NNS -LRB- DT NN HYPH , NN , NN HYPH , NN , CC JJ JJ NN HYPH VBN NN -RRB- VBD DT JJ VBG NN IN NN IN DT NNP . DT NN MD VB VBN DT NNS IN DT NNS , RB IN PRP VBD VBN IN DT JJ NNS , RB PRP VBP VBG IN DT NN IN DT NN POS NN . IN CD , DT NN NN VBD VBN IN NNP NNP NNP , NNP , NNP . PRP VBD VBN IN DT NNP IN DT NNP NNP NNP -LRB- NNP , NNP CD , CD SYM NNP CD , NN CD -RRB- . DT NN VBD VBN `` VBZ NNP NNP RB DT JJS IN DT NNP . PRP VBZ VBN VBN IN ADD IN DT NN , NNP VBD DT VBG NNS IN PRP$ NN IN JJ NNS . -LRB- NN : DT NNS VBP RB VB IN HYPH NN JJ NNS -RRB- : SYM CD NNS , NN IN JJ NN IN NNS SYM CD NNS , NN IN NN NNS IN NNS SYM CD NNS , NN IN JJ NNS IN NNS SYM CD NNS , NN IN JJ NNS IN NNS SYM CD NNS , NN IN NN , JJ NNS IN NNS IN NNS VBG DT CD NNS VBZ PRP DT NN IN CD IN HYPH NN NNS . DT CD NN VBZ RB VB RP HYPH NN NNS CC NNS . IN DT NN , DT NN RB VBZ DT JJ VBG NN IN NN IN DT NNP NNPS , IN NN NN CC NN -LRB- VB DT JJ NN IN CD RB -RRB- . DT NNP NNP CC NNP NN IN CD , VBD IN NN VBD CD NNP NNS IN CD CC NN NN VBD CD . IN NN NNS , DT NNP POS NN VBD IN NN NN VBD CD NNS IN CD CC NN VBD CD . RB VBP DT NNP NN NNS IN CD -LRB- RB DT JJ NN WDT DT NNP VBZ VBN DT JJ NN -RRB- . PRP VBZ JJ IN `` JJ JJ NNPS '' IN CD MD RB VB IN NN , IN DT NNP MD RB VB VBG JJ NNS CC VBG PRP IN DT JJ NN . NN JJ VBZ VBG RP , RB IN NN IN DT NN IN EX VBP JJ NNS WDT DT NNP VBP PRP$ JJ NN NN NNS . CD RB VBZ : IN RBR JJ NNS VBD JJ : IN VBG IN HYPH NN CC IN HYPH NN JJ NNS RB -LRB- DT JJ NN -RRB- MD VB NN CC NN NNS TO VB IN NN CD CC NN CD . CD RB VBZ TO VB VBG JJ NN HYPH VBN NNS CC NNS IN JJ , CC RB VBG NNS IN JJ NN HYPH VBN NN CC NN TO VB VBN IN JJ , CC VBG DT NNS IN DT NN HYPH VBN , NN HYPH VBN JJ NNS WDT VBP RB JJ NN CC NN IN JJ , CC VBG DT NN IN DT NNP NNS IN CD , CD CC CD NN IN NN , WRB NNS VBP RB VBN IN JJ , JJ HYPH IN HYPH NN NNS IN NN HYPH VBG , NN HYPH VBN CC JJ NN HYPH VBG JJ NNS IN JJ . CC PRP MD VB IN JJ NN POS CD JJ NN NNS : JJS IN WDT VBD VBN IN NN NNS CC WDT VBD RB VBN IN DT `` JJ NN '' NN , CC VBG IN DT CD NN NN NNS IN NNP POS NN NN NNP -LRB- RB JJ NNS , CC VBN IN DT `` NN NN '' NN -RRB- : CC DT JJ NN NN HYPH VBN NNS WDT VBP RB VBN IN DT `` NNP NNP '' NN . CC DT NN IN JJ JJ NNS VBZ RB CC RB . DT NN IN PRP$ NN VBD VBN -LRB- IN DT NNP CD NN -RRB- , NNP NNP VBD DT NN IN PRP$ JJR NNS IN VBG : `` CD NNS VBP -LRB- RB , IN NNP NNS -RRB- IN DT NN IN RB VBN NNS . NN IN DT NN CC JJ NN IN DT NN MD RB VB IN DT NN IN `` RB '' VBN . RB , NNS WP VBP IN `` NN '' CC `` JJ NN '' MD VB IN NN IN DT CD -LRB- DT NNS VBP RB VB RP HYPH NNS VBN IN NN NNS . -RRB- CC MD VB IN DT CC JJ NNS . '' : -LRB- ADD CC RB EX VBZ DT NN VBN IN NNP NNP NNP . NNP NNP POS CD CC CD NNS VBZ JJ IN DT NNP CC IN NNP RB RB , VBG IN DT NN IN DT NNP NNP , NNP NNP NNP . IN PRP$ JJ CD NN `` NNP NNPS CC NNP NNP : WRB NNP NNP VBZ VBN NN . '' NNP NNP RB VBZ IN JJ NNS MD VB VBN IN NN CD IN CC NNP CC DT NNP . IN PRP$ CD NN NN , NNP NNP CC NNP NNP , NNP VBZ DT JJ NNS IN JJ NN HYPH VBN NNS . RB VBP DT NNS IN PRP$ CD NN , WRB PRP VBZ RP DT JJ NNS IN NNP NNP CC DT NN : `` PRP VBZ JJ WRB JJ NNS RB VBP IN DT NN NN CC DT NN . DT NN VBZ JJ NNS IN NN . DT NN NNS IN VBN NN VBP NNS CC NNS , CC DT NN NNS VBP DT JJ IN DT NN . DT NN VBZ NNS CC NNS , CC RB VBZ DT NN . `` RB JJ NNS , WRB PRP VBP NN IN DT JJ NN , VBP NNS PRP RB MD RB VB IN DT NN : VB LS -RRB- WP EX VBP VBG IN JJ . `` DT NN VBZ IN PDT DT NNS IN DT NN NN VBP IN PRP IN NN HYPH VBG NNS , RB IN NNS WP MD RB VB DT NN . RB , WRB PRP VBP RB IN DT NN CC VBP DT NNS , NN VBZ TO VB . PRP VBZ RB IN WRB NNS VBP NN NN NNS . WRB PRP VBP IN DT NN , PRP VBZ JJ TO VB NNS PRP RB MD RB VB . '' : DT JJ NN HYPH VBG NN NN IN NNP POS JJ NN NN . `` IN NN IN DT NN NN , NNS VBP RB VB PRP$ NNS RB . CC WRB PRP VBP VB NN , CC RB , CC IN IN DT NN IN NN , CC IN NN , PRP VBP RB CD NN IN DT NN . '' `` IN DT NN NN , NN VBZ JJ CC VBZ JJ NNS IN NN . RB DT NN IN NN WP MD VB DT NNS IN DT NN VBZ VBN VBN : NNS , NN NNS , NN NNS , NN NNS , NNS NNS , NN NNS , NN NN NNS , NN NNS , NN NNS CC JJ NNS . '' `` EX VBZ TO VB DT NN RB VBN , DT NN RB JJ , DT NN NN RB JJ CC RB JJ , DT NN RB VBN , DT NN RB VBN , DT NN IN NNS RB JJ , RB JJ , CC RB JJ , DT NN RB NN HYPH NN , DT NN RB JJ , DT NNS RB JJ CC RB JJ , CC DT NN CC NN RB JJ IN DT NN TO VB RP IN NN . '' : NNP NNP , NN NN IN NNP . `` WP VBZ NNP NNP JJ IN DT NNP VBZ IN PRP VBZ DT NNS IN VBG RP JJ JJ NN IN PRP$ NN NNS -LRB- DT NN IN VBG NNS WDT VBZ RB RB NNP NNP CC PRP$ NNP JJ NN , DT VBD CC VBD NN CC NN NN -RRB- . '' NFP NNP NNP `` -LRB- IN DT NN NN -RRB- '' PRP VBZ PRP$ NN TO VB RP WP DT NN POS NN VBZ . IN DT PRP VBZ NN IN DT JJS NNS , IN NNS PRP VBZ JJ VBG NNS TO VB PRP VB RB CC IN NNS PRP VBZ PRP$ NN CC NN , CC IN DT RBS JJ NN , NN VBZ IN NN CC NN VBZ DT NN . '' : VBN NN NNS NN NNP NNP `` IN DT NN NN , DT -LRB- NNP NNP HYPH VBN -RRB- NN VBZ RP DT JJ NN : DT NN VBN , CC DT NN CC NN IN NN IN DT NN NN -LRB- CC NN -RRB- . IN DT NN VBZ VBN TO VB CD NN , VBZ PRP JJ IN DT NN NN MD VB VBN : VBN IN DT JJ NN , IN DT JJ NN . `` DT NN VBZ DT WP VBP DT NN , NNS , CC NNS , RB VBZ PRP JJ IN IN DT CD NNS PRP VBP NNS . PDT DT NNS VBP RP IN DT NN , WP VBZ DT NN , VBZ WP VBZ JJ , CC VBZ PRP DT NN : RB IN DT NN NNS . DT NN VBZ RP IN DT NNP NNS IN NN , CC VBZ DT NNP -LRB- DT NN -RRB- TO VB PRP NN . NNS -LRB- DT NN -RRB- , RB VBN NN NNS IN DT NNS , VBP IN NNP NN , RB VBN IN IN VBN NN HYPH NNS NN NNS WP VBP DT NN -LRB- DT NN VBZ VBN `` NN HYPH NN '' -RRB- . `` IN DT NN , IN DT NNS , VBZ DT NN VBZ , DT NNS VBP NNS TO VB RP DT NN CC VB WDT NN PRP MD , PRP VBP `` JJ '' NNS TO VB PRP$ NNS IN `` NNS '' TO VB DT NN NN , CC RB VB IN NNS JJ IN DT NNS IN PRP$ NN . `` IN DT NN VBZ RB JJ CC JJ , DT NN VBZ VBN CC NN VBZ VBN IN PRP$ NN NNS . IN DT NN VBZ VBN RP IN DT NN , DT NN MD VB TO VB DT NN , CC RB IN PRP VBZ VBN RP IN PRP VBP , DT JJ NNS MD RB VB RB IN PRP , VBG NNS CC PRP$ NNS JJ CC JJ . '' `` PRP VBP DT NN WRB NN , NNS IN NN , NNS , NN , NN , CC RB NN NNS VBP RB VBN TO VB IN CD NN IN NN IN DT JJ NN . '' `` JJR IN CD CD NNS IN JJ NNS VBP VBN IN DT NNP DT NN . RB RB VBP DT NNS RB RB JJ CC JJ , CC PRP MD RB VB NNS IN NNS , VB VBG NN HYPH NNS : CC VB . '' IN DT NN VBZ DT NN IN DT NN IN DT NNP CC NNP NNS , RB VBP DT NN IN JJ JJ NNS WDT VBP VBN IN DT NN . IN CD , DT NN IN NNP NNP JJ NN NNS , VBN IN NNP NNP NNP , VBD VBG NN IN DT NNP NNP NNP . -LRB- NNP CD : CD -RRB- . IN DT NN IN DT NN , NNP CC PRP$ NNS VBD IN WRB JJ VBZ DT NNP NN IN NN NN CC NN : `` DT JJ NN IN DT RBS JJ NNS IN NN IN DT NNP NNPS , VBN IN DT NNPS IN NNP NNP CC NNP -LRB- NNP -RRB- , VBZ JJ NN CC JJ NN NNS DT NN . DT NN VBZ VBN VBG NN NNS VBN RP IN NNS , NN NNS , JJ NNS , CC NNS . `` RB , DT JJ NN IN DT NN NN VBZ IN PRP VBZ IN VBG DT NNP NNP IN NNP -LRB- NNP -RRB- NN IN DT NN IN NN . IN DT NN , NNS IN NN RB VBN IN DT NN NN -LRB- VBG JJ JJ NNS -RRB- , JJ IN JJ CC NN NNS , VBP RB VBN . `` , NN NNS , JJ NNS , JJ NN , CC JJ NN MD RB VB IN JJ NN CC NN . PRP VBD DT JJ NN IN JJ NN TO VB PRP$ NN IN NNP NNS IN NN IN NNS VBN IN DT NNP . `` JJ NN VBZ VBN VBN IN DT JJ NN -LRB- CC IN NN CC NN -RRB- CC CD WDT VBZ RB VB PRP$ VBN NN , DT NN IN DT VBN NN TO VB VBN IN VBN -LRB- DT NN IN NN -RRB- , DT NN IN DT JJ NN TO VB DT NN -LRB- DT NN IN NN -RRB- , CC DT NN IN DT NN IN NN WDT MD CC MD RB VB NN IN DT NN . NN NN IN JJ NN MD VB IN DT NN CC NN NN . DT NN IN NNS VBZ VBG TO RBR VB JJ NNS CC NNS . PRP VBP IN JJ JJ NNS TO VB DT NN IN NN IN NN . '' NNP POS NN VBD NNS WDT VBZ JJ NNS IN DT NN CD NN IN NN . IN DT CD JJ NN IN DT NNP , NNP POS NN VBD DT NN TO VB JJ NNS IN PRP$ JJ NN IN JJ NNS IN NN . DT NN VBD , IN NN : `` PRP VBP VBG DT NN TO RB VB DT NNPS IN NNP NNP CC NNP -LRB- NNP -RRB- TO VB DT NN PRP VBZ PRP$ NN POS JJ JJ NN NNS DT NN . DT NN IN RBS JJ NNS IN NN VBN VBZ RB JJ : PRP VBZ PRP$ NN POS NN CC JJ NN NNS DT NN . DT JJ NN VBN TO VB DT NN VBZ WP PRP VBP TO VB DT JJ NN . IN DT NN , DT NN VBZ VBN TO VB DT JJ VBG NN IN NN IN DT NNP : JJ NN . '' IN DT JJ NN IN RB HYPH JJ , RB HYPH VBN , RB RB CC RB VBN NN NNS IN DT NNP , DT NN , NNP NNP NNP , VBZ VBN DT NN IN DT NNP IN NNP NNP . NNP NNP VBZ JJ NNS VBG DT NNP TO VB NN NNS RBR RB . DT NN IN PRP$ CD NN VBZ `` DT NNP , NNP HYPH VBN NNP IN NNP NNPS VBN IN NNP NNP '' . -LRB- NNP IN NNP NNP : NNP CD SYM NN CD SYM NN CD SYM NN CD -RRB- RB VBP NNS IN DT NN : NNS VBN IN CD NNS VBN IN NNS IN JJ NNS IN NNS VBN IN NNP NNP NNS , DT NNP IN NNP -LRB- NNP -RRB- VBD IN IN IN CD NNPS VBP DT NN IN JJ NNS . DT NN IN DT NN VBZ RB CD NNS JJ , RB , DT VBN NN VBZ VBN IN JJ NNS VBN IN CD IN CD . VBG DT VBN NN IN DT CD NNS , DT JJR NN IN CD NNS IN NN VBD VBN IN JJ NN IN NNS , DT JJ NN IN JJ NNS VBN IN JJ NN IN NNS VBD VBN IN JJR IN CD IN NN . JJ -LRB- CC JJ -RRB- NN VBZ TO VB CD SYM IN CD HYPH NN RBR JJ IN JJ NN . DT NN IN NN NN IN NNS MD VB VBN RBR RB IN PRP VBZ TO VB VBN . RB VBG NNS CC PRP$ NNS IN NN NN , RB VBG DT NNS POS NN IN VBG NNS , JJ NN IN NN , CC JJ NN IN NN NNS IN NN MD VB JJ TO VB DT NN . `` JJ NN IN DT NNP NNPS VBZ RB JJ IN DT JJ NN NN , IN DT NN NN , CC IN DT JJ NN . DT NN IN JJ NN VBN DT NN IN JJ NN WDT VBZ RB IN NN NN MD RB VB DT JJ NN VBG TO VB DT NN IN PRP$ NNS . '' `` IN IN VBN NN NNS , NNS MD VB VBN TO VB NN IN JJ NN NNS , IN VBN NN , CC DT NN IN NNS , WDT VBZ IN NN CC NN . PRP MD VB DT NN IN JJ JJ NNS WDT VBP NNS VBP RB JJ IN DT RB JJ , RB VBG , CC RB VBN NN . DT NN VBZ RB VBN IN DT NN IN NN CC JJ NN IN NNS WDT VBP NNS . '' `` EX VBP IN JJS CD NN HYPH VBN NNS IN JJ JJ NNS VBN IN NNS WDT VBP CC VBP VBN VBN . DT JJS NN VBZ DT JJ CC JJ NN WDT DT NN VBZ IN DT NN IN VBG IN DT NN IN DT JJ NN CC NN IN JJ NN , NN HYPH VBN JJ NN VBD RB VBN IN NN . DT JJ NNS MD VB VBN RB , VBN IN NNS CC NNS , CC RB VBN JJ NNS . '' `` EX VBD JJ NN IN DT NNP IN NNP -LRB- NNP -RRB- NN IN DT NN IN PRP$ NNS . IN DT NN , PRP VBZ RB VB IN DT NNS IN CD , CD CC CD NNPS DT NN VBP VBN IN NNPS IN NNS , PRP MD VB IN DT JJ , NN HYPH VBN NN IN CD SYM NNS IN NN MD VB DT NN IN JJ NNS CC VBN NN IN JJ NN TO VB DT NN IN NN IN NNS WP VBP IN DT NN VBG RB TO VB VBN . '' NNP NNP VBZ DT VBN NN WP VBD JJ , NN , JJ NN NN IN DT JJ NN IN PRP$ CD HYPH NN NN NN NN . PRP VBZ DT NN IN CC DT NN IN DT NNS IN DT NNP NNP IN NNP NNPS CC VBD DT NN IN NNP NNP NNP , DT NNP NNP IN DT NNP IN NNP CC NNP , CC DT NNP NNP IN NNP NNP NNPS . IN VBG PRP$ JJ NN , PRP VBD RB CD NNS IN PRP$ NNP NNP NN NN , WDT VBD VBN IN DT NN IN NNS . -LRB- PRP VBP RB VBN VBN IN DT NN . -RRB- IN DT JJ NN , NNP NNP VBD DT NN NN NN NN IN DT NNP IN NNP NNP . NNP VBD `` DT NNP CC NNP IN DT NNP HYPH NNP NNP '' . IN PRP$ NN , NNP NNP VBZ VBN VBG DT JJ NN -LRB- VBN `` NNP TO NNP '' -RRB- IN DT NNP NNP , DT JJ NN VBN IN NNP , NNP . PRP VBZ NN NNS IN DT NN CC IN NN NNS . JJ IN NNP NNP POS NNS VBP VBN IN ADD ADD CC ADD"
273,661,conspiracy,"IN DT NNP POS NNP NNP NNP , NNPS IN NNP NNP NNPS POS NNP , VBZ TO VB JJ , DT NN IN DT NNP NNP NNP NNP NNP -LRB- NNP -RRB- IN CD VBD DT JJ NN WDT VBD NN NNS CC PRP$ JJ HYPH CC JJ HYPH NN NNS : RB DT NNPS IN NNP NNP CC NNP -LRB- NNP -RRB- : TO RB VB DT JJ NN VBN IN NNS . IN NN IN VBG DT NN IN NN NN NN CC NN HYPH NN NN , DT NNS VBP RB VBN -LRB- CC VBN -RRB- NNS TO VB CC DT NNS CC NN IN NN . NNS VBP RB VBN PRP$ NN CC NN TO VB DT JJ NN , JJ NNS CC JJ NNS , VBG PRP JJ TO VB CC VB JJ NNS WDT VBP NNS JJ IN DT JJ JJ NN . IN JJ NNS : RB JJS IN WDT VBZ NNS POS JJ NN IN NN : DT NN NN VBZ JJ . CD IN DT RBS JJ NNS TO VB VBN VBP VBG DT NNP , VBG NN NNS -LRB- VBG CC NN CC JJ NN JJ -RRB- CC VBG NNS IN NN IN VBG DT RB JJ CC JJ NN NN NN . DT NNP VBZ VBN DT JJ NN . IN NNP NNP NNP NN NN NNP NNP VBZ VBN , DT NN POS NN VBZ VBN DT NN CC NN NNS TO VB NNS IN CD JJ JJ NNS : NFP JJ CC VBN NN IN DT JJ JJ NN SYM JJ CC JJ NN IN NN NNS CC JJ NN NNS NFP DT NN TO VB NNS CC JJ NNS RB IN DT NN IN NN . VBG IN NNP , DT NN IN DT JJ NNS IN NN VBZ `` JJ '' VBN IN `` RB DT JJ JJ NNS . '' DT JJ NNS VBP VBN . IN NN , DT NN MD VB RB VBN NN IN PRP CC PRP VBZ NN IN JJ CC JJ NN . VBG DT , CD NN IN DT NNP VBD DT NN IN DT NNP TO VB -LRB- CC NN NN NNS TO VB -RRB- JJ NN NNS IN NN NNS CC NNS . RB , RB RB VBZ DT NNP RB VBN RP DT NNS IN DT NN IN NNS , CC NN VBZ IN JJ NNS VBP RB VB IN DT JJ NN TO VB RP -LRB- RB RBR VB -RRB- PRP . RB , NNS CC DT NN VBP TO RB VB DT NN IN NN NNS VBP DT `` CD IN DT CD '' NN , RB VBG IN CD NN IN NN NNS VBP JJ . IN DT NNS , DT JJ NN IN NN NNS VBZ JJ . NN VBZ IN IN VBG NNS POS NN TO VB , DT NNP VBZ VBN DT RB JJ NN IN NN NN . IN DT JJ NN IN JJ CC NN HYPH NN NNP NNS , DT NN VBD IN CD IN NNS VBN IN NNP POS NN VBD VBN IN `` DT RB JJR NN IN JJ NNS '' VBN IN NNS VBN JJ IN DT NN POS NN . DT NN VBD IN `` NN NN VBZ WRB NNS VBP RB RBR JJ TO VB NNS . '' VBG DT NN CC VBG NN NN MD RB VB DT IN DT JJ NNS WDT VBP DT JJ NN POS NN NN , CC PRP MD VB DT `` JJ HYPH IN HYPH DT '' NN WDT VBZ VBN IN CD CC MD VB NNS TO VB NNS IN DT JJ NN IN NNS CC VB NN IN RB IN DT RBR RB NN IN NNS : ."
274,810,mainstream,"NNS VBP NNS , CC VBG VBN VBZ DT NN . JJ NN , DT NNP NNP NNP VBD NN NN , DT `` NN CC NN TO VB IN DT NN IN NNS , '' IN DT JJ CD NN NNS RB , IN NNP , NN CC NN HYPH JJ NNS . TO VB PRP RB , VBG VBN MD VB IN NN CC NN . NNS , IN NN , VBP RB JJ TO VB IN NN NNS , RB JJ NNS IN NN . IN NN NNS VBP VBN , RB JJ NNS IN NNS VBP VBN RB . IN NN , NNS VBZ RB JJ IN JJ JJ NNS . IN NNP , DT NNP NN NN IN RB CD NNS , RB CD NNS NNS VBP VBN VBN IN NNP , VBG IN IN JJS CD NNS . RB DT IN DT WP VBD VBD JJ NNS . DT NNS VBD RB VB TO VB . IN DT NNP NNPS , NN NN VBZ VBG IN CD JJ NN NNS : DT NN IN NNS , NNS IN NN CC JJ JJ NNS IN JJ NN ."
275,678,mainstream,"NNP NNP , NNP NNP NNP POS NN TO VB DT NNP CC NNP NNP , VBD IN PRP$ NN NN NNP PRP$ NN '' IN DT NN NN IN NN CC NN '' IN DT NN CC VBD PRP VBZ TO VB NNS IN JJ NNS TO VB NNP NNS . NNP NNP , WP VBD VBN IN NNP , VBD PRP VBZ DT NN IN JJ NNS CC NN JJ NN TO VB JJ HYPH NN NNS : IN DT VBN RB CC IN NNS : RBR RB VBN IN JJR HYPH NN NNS . IN PRP RB VBD EX VBP NNS TO VB RP DT JJ NNS , `` PRP VBP EX VBP NNS TO VB JJ NNS IN VBG DT NN NN . '' PRP$ NNS VBD VBN IN VBG NNPS , WP VBP VBN JJ IN DT NN IN IN NNP NNP POS JJ JJ NNS IN NN NNS CC PRP$ JJ , RB JJ NNS IN WDT PRP VBZ VBN JJ NN NN , RB VBG DT NN MD VB RBR . DT NN IN NN CC DT NN IN NN VBZ VBN IN DT NN IN JJ NNS IN DT NNP POS NN . DT VBZ RB VBN DT NN IN DT NNP NNP , IN DT NN VBZ VBN DT NNP VBZ RB RB IN VBG NNS CC JJ NNS . DT VBN NN IN DT NN VBZ IN NNP ."
276,749,mainstream,"IN DT NN NN IN NN VBN IN NNP POS NNP NNP , DT NN VBZ VBN IN CC DT JJ NN HYPH CD NN CC DT NN NN IN NN IN DT JJ JJ NNS IN DT NNP TO VB DT JJ NN , VBN IN NNP NNP IN NNP IN NNP CD , CD . RB CD NN NNS IN DT NN VBP VBG NNS IN DT NN , IN RB DT CD IN JJ NNS IN JJ NNS CC VBN TO VB . -LRB- NNP IN NNP IN NNP -RRB- IN DT NN NN IN NN VBN IN NNP POS NNP NNP , DT NN VBZ VBN IN CC DT JJ NN HYPH CD NN CC DT NN NN IN NN IN DT JJ JJ NNS IN DT NNP TO VB DT JJ NN , VBN IN NNP NNP IN NNP IN NNP CD , CD . RB CD NN NNS IN DT NN VBP VBG NNS IN DT NN , IN RB DT CD IN JJ NNS IN JJ NNS CC VBN TO VB . -LRB- NNP IN NNP IN NNP -RRB- NNP -LRB- NN -RRB- : NNS IN NNS VBP VBG RP PRP$ NNS IN NNS IN DT NN TO VB VBN IN JJ NNS WDT MD VB NNP HYPH CD , VBG NN : RB JJ : IN DT NN IN DT NN MD VB RBR IN VBN . RB CD NN NNS VBP VBG NNS IN RB DT CD IN JJ NNS IN JJ NNS CC VBN TO VB . PRP VBZ DT JJ NN , CC NNS VBP DT RB VBZ DT NNS IN DT JJ MD VB DT JJ NNS WDT VBP . `` PRP VBP RB RB IN DT NN IN DT JJ . PRP VBP IN DT NN IN DT NN NN , CC PRP RB VBP RB JJ NNS IN DT NN IN JJ , '' NNP NNP NNP , WP VBZ VBG DT NNP IN NNP POS NN NN , VBD DT NNP NNP . DT JJ NN : EX VBZ DT NN TO VB WDT : IN DT : NN MD VB RB , CC RB TO VB DT NN HYPH NN . IN NNP NNP NNP , DT NNP NN POS JJ NN , VBD PRP : `` PRP VBP JJR NNS IN NN IN DT NN IN VBG DT JJ CC JJ NN . '' DT JJ JJ NNS IN NNP , WRB JJ NNS IN NNS VBD NNS TO VB IN NN NNS , VBP VBN IN JJR NNS IN NNP , DT NNP CC NNP TO VB IN NNS IN JJ NN NNS RB VBP . RB : VBG RP IN JJ IN DT IN DT NNS VBP IN DT JJ NN IN VBG JJ NNS IN NNS IN NNS WRB DT NN VBZ VBG : DT JJ NN WRB NN NNS MD VB IN NNS WRB DT NN VBZ VBG CC PRP VBP VBN TO VB RB : CC VBG DT NN TO RB VB NNS IN NNS IN DT JJ NNS . NNS VBP VBG NNS TO VB TO VB CC NNS IN DT NN TO VB DT NNS PRP RB VBZ TO VB DT NN . VBD IN DT NN IN NNP VBD JJ , NNP NNP NNP , DT NNP NNP NN NN NN NN , VBD NNP NNP NNP `` IN NN , PRP VBZ JJ . PRP VBZ IN PRP MD VB , '' PRP VBD . NNP VBZ VBN IN RB IN NN VBZ RB , CD IN CD NNS TO VB DT NN MD VB DT NN NN : CC NNP MD VB DT NN IN DT NNP NNPS IN NNP VBD VBG PRP$ JJ NN HYPH CD NN , RB IN NNS IN NNP NNP . VBG WRB PRP VBP , EX VBP IN CD CC CD NN NNS IN JJ NNS IN NN IN NNP , DT NNP , NNP CC NNP : DT NN IN NNP NNP CC NNP JJ NN VBD DT NN IN NNP WDT VBZ RB VBG CD RB JJ NNS . JJR NN NNS VBP JJ TO VB IN RB JJ NNS : CC IN NNP CC NNP DT NN IN JJ NNS VBZ VBN TO VB JJ HYPH IN HYPH JJ NN . `` DT VBZ PRP TO VB DT JJ NN IN VBG DT NN , '' VBD NNP NNP , CD , IN NNP , WP VBD PRP$ JJ NN NN IN NNP NNPS POS NN HYPH VBN NN IN DT NNP IN NNP JJ NN . `` PRP MD VB DT NN NN . '' DT JJ NN NNS VBP IN DT NN IN NNS . DT VBZ JJ IN IN CD NN VBZ , RB DT MD RB . JJ NNS IN NNS VBP JJR IN DT NN NNS IN NNS . CC IN NNS , EX VBZ DT NN . RB IN CD WRB NNS VBD NNS IN NNP , DT NN IN DT JJ NN , NN NNS VBD IN NN NNS CC RB NNP VBD CC NN NN VBD RP . NNS IN DT NN HYPH CD NN VBN NNP VBP RB VBN JJ HYPH NN NN NN . `` IN CD NN , PRP MD VB VBN RBR IN NN NNS RB RB , '' VBD NNP NNP NNP , NN IN DT NNP NNP IN NNP NNP . RB , `` PRP VBP VBN TO VB DT NN IN NNS IN PRP VBP JJ NNS . '' NNP POS NNP CC NNP VBP VBG `` VBN '' NNS , VBN IN VBG DT JJ NN CC VBG PRP . DT NNS VBP VBN JJ NN IN WRB DT NNS VBP . CC DT NN VBZ VBN HYPH CC HYPH JJ : NN NNS CC DT NNS IN NN NN VBP VBN NN : IN PRP VBZ JJ TO VB RP TO RB VB NNS IN NNS . JJS JJ NNS IN DT NN VBP TO VB DT NN NN TO VB DT NN IN DT JJ NN : RB , DT JJ NN WDT VBZ PRP$ JJ NN . CD NN : VB DT JJ NN TO VB DT NN NN IN DT NN . PRP VBZ JJR TO VB CC VBG WDT NN VBZ DT JJS `` NN '' VBZ DT JJ NN . NNP POS NNP NNP VBD PRP$ NN VBG DT JJ JJ HYPH VBG NN , VBN IN PRP MD RB VB IN DT NN . CC IN NN NNS POS NN NNS VBP RP DT JJ NN IN DT NN MD VB PRP$ NN , NNP POS NNP NN RB VBD DT NN WDT RB VBZ NNS . DT NN : VB DT NN IN DT NN JJ NN WDT VBZ DT NN PRP TO VB NN NN WDT IN NN VBZ DT NN NN TO VB . PRP VBZ DT JJ CC JJ NN CC CD WDT VBZ RB JJR NN . NNS VBN IN NNP CC NNP , NNP NNPS , CC IN NNP HYPH NNP NN VBP JJ NN NNS . RB JJR NNS VBP JJ IN NN : NN VBN IN NN NN NNS , CC RB DT JJ NN NN IN NNS . JJS NN NNS RB RB VBP VBG NN CC IN NNS POS NN VBZ DT JJ NNS . DT VBP VBN IN JJR NNS RB , CC EX VBZ RB NN IN VBG JJ TO VB JJ HYPH NN NN . IN NN NNS VBP VBN RP IN NN CC VBP IN NNS WRB DT NN VBZ VBN VBG RB , RB RB JJ MD VB JJ IN NNS TO VB IN DT NN CC JJ NN VBD WP VBD PRP . DT NNP NN , IN NN , MD VB RB CD NNS , NN VBN DT JJ NN . CC DT NN VBZ DT JJR HYPH NN NN IN DT CD NNS IN DT JJ NN CC VBZ PRP MD VB TO VB IN JJ NNS . `` WRB PRP VBP VBG DT NN , DT NN WDT VBZ IN DT JJ NN TO VB IN NN MD VB DT JJ NN CD NNS IN RB . CC DT VBZ PRP RB JJ , '' NNP VBD . IN DT NNP , DT NNS VBP VBN DT JJ CC JJ NN : VB JJ , JJ NNS WP VBP TO VB RB VBN IN DT JJ NN TO VB IN DT NN VBZ PRP . CC DT JJ NNS VBP VB IN NN HYPH CD : CC IN NNS RBR VB WRB , IN RB HYPH VBN `` NN NN '' VBZ IN DT JJ NN IN JJ JJ NNS , NNP POS NNP VBD . DT NNP NNP NNP JJ NN VBD IN NNS TO VB TO VB NN NNS IN DT JJ NN WDT MD VB DT NN IN VBG IN DT VBG NN VBG NN NNS IN JJ NN IN NNS WRB NNP HYPH CD VBZ JJ IN DT NN . IN DT NNP , DT NNP NN VBZ VBG PRP$ JJ NN VBN NNP NNP NNP WDT MD VB NNS IN `` JJ NNS WDT VBP VBN RB CC VBP RB , '' NNP VBD . IN JJ NN VBD JJ JJ CC DT NN VBZ RB JJ , DT NNP CC NNP NNP MD RB VB NN NN IN DT NN IN JJ NN NNS VBD IN , NNP NNP NNP , WP VBZ DT NNP NN WDT VBZ NNS , RB VBD NNS . WRB DT JJ JJ NN VBZ VBN , EX MD RB VB JJ IN NN . RB DT VBG NN IN NN NNS VBP PRP VBP RB VBG TO VB NNS IN NNS : VBG NNS IN NNS IN PRP VBP IN DT JJ NN CC VBG DT JJ NNS RP NN NNS IN PRP$ NN VBZ RP . `` PRP VBP TO VB VBG JJ NN NNS RB , '' VBD NNP NNP NN NN NNP NNP . `` CC PRP VBP TO VB IN DT IN DT NNS MD VB VBN IN NNS WDT MD RB VB . '' PRP VBZ RB RB DT NN IN NNS . DT NNP NN RB VBZ NNS IN NNP CC NNP CC NNP WDT RB VBP RB $ CD CD CC VBP VBG RP NN . `` DT JJ NN IN DT NN VBZ RB TO VB RB JJ NN IN PRP MD , '' VBD NNP NNP NNP , NN IN DT NNP IN NNP NNP NNPS , WDT VBZ VBG JJ NN HYPH CD NN NNS IN DT NN . RB IN PRP VBZ , VB NN RB RB IN NNS VBP WP JJS VBZ DT JJ NNS : RB NN NNS CC DT JJ : IN EX VBZ JJ IN DT NN , JJ CC JJ NNS RB . `` PRP VBP JJ IN WP PRP VBP NN NN . DT VBZ DT NN IN NNS VBN NNS MD VB TO VB DT NNS IN PRP$ NNS '' IN DT NN IN JJ JJ NN , NNP VBD . CC IN NNS WP MD VB DT NN CC RB JJ , RB CD NN IN DT NN MD RB VB PRP . `` PRP VBZ RB JJ IN CD NN CC CD NN NN VBZ VBG TO VB JJ TO VB IN DT JJ NN CC VB WDT VBP , '' NNP VBD . DT NNP NNP NNP CC NNP NNP VBZ NN IN DT NNP NNP NNP NNP POS NNP IN NNP NNP . DT NN VBZ RB JJ IN DT NN . IN JJR NN IN DT NN , VB NNP CC ADD ."
277,523,mainstream,"NNP VBZ VBN DT NN IN CD NNS IN DT NN NN VBN IN JJ NN NNP IN CD NNS VBD RB IN VBG DT NN . NNP POS JJ NN NNP VBD DT NN IN NNP VBD DT JJ NN , CC NNS VBD VBG VBN TO VB IN EX VBD DT NN . DT WP VBD VBD CD NNS CC CD NNS JJ IN CD CC CD . NNP VBD `` DT JJ NN IN DT NN VBZ VBN VBN '' . NNP VBZ DT NN NN VBN IN DT NN , WDT VBD VBN IN CD . IN DT NN , NNP VBD : `` IN DT NN , PRP VBZ RB JJ IN EX VBZ DT JJ NN CC DT NN IN DT NN . `` DT JJ NN MD VB VBN RB IN DT JJ NN IN DT NNS , VBG DT JJ NN IN DT NNS , PRP$ NNS CC JJ NNS PRP MD VB VBN . '' NNP VBD PRP VBD DT `` JJ '' NN NN . DT NN IN DT CD NNS IN NN VBZ `` VBN IN PRP VBP IN NN IN DT NN CC NN NNS , '' DT NN VBD . PRP VBD : `` NN NN VBZ PRP$ JJ NN CC PRP VBP DT NNS RB RB '' . NNP VBZ VBN VBN IN JJ NNS IN JJR IN CD NNS , VBN NNP , WDT VBD PRP VBD VBG RB IN NNP IN JJ NN . PRP VBD IN NNP VBD VBN VBN IN CD , IN WDT NN JJR IN CD CD NNS VBP VBN RB VBN IN DT NN ."
278,1111,mainstream,"DT NN IN JJ NN IN NN NN VBZ DT NN IN VBG , VBG , CC VBG NNS IN DT NN IN VBN -LRB- NN HYPH VBN -RRB- JJ NN NNS . -LRB- NFP DT NNS PRP VBP NN IN DT JJ NNS CC , IN DT HYPH RB JJ NNS IN JJ NN NNS . -LRB- CD -RRB- JJS NNS RB JJ VBD VBN VBG NN NNS VBN IN CD NNS VBN IN JJ NNS IN DT NNS . -LRB- CD -RRB- DT VBZ VBN DT TO VB NN IN JJ CC JJ NNS . -LRB- CD -LRB- CD -RRB- RB , NN NNS CC NNS VBP IN NNS VBP RB VB DT IN DT JJ JJ NN CC NNS , IN DT NNS VBD NNS RB CC NN IN JJ NN VBZ RB VBN . RB , VBG DT JJ NN IN JJ NNS VBZ DT NN IN DT NN NNS . -LRB- CD -RRB- DT NNP NNP , WDT VBZ NN , VBZ VBN IN NN MD RB VB VBN IN JJ NNS IN NNS WRB DT JJ NN NNS IN NN MD VB DT NN IN VBN JJ NN TO VB DT NNS , WRB DT JJ NN VBN IN NN NNS WDT VBP RB RB JJ VBP RB JJ . -LRB- CD -RRB- -LRB- CD -RRB- VBN NN NNS VBP DT JJ NN NN VBG DT JJ NN IN NNS . DT VBP VBN CC IN NNS , WDT VBP VBN NN IN NN , CC , IN DT JJ NNS , IN NN NNS VBN IN VBN NNS . -LRB- CD -RRB- JJ NN NNS VBP VBN VBN IN DT NN IN NNS IN NNS . -LRB- CD -RRB- CD IN DT JJ JJ NNS IN JJ NNS VBD PRP$ NN IN DT NN IN DT JJ NN NNS . -LRB- CD -RRB- IN NN , IN DT NNS , NNS IN DT NNP NNP IN NNP VBD DT NN NN IN JJ NNS TO VB IN DT NN NN . DT VBG NN VBD VBN IN RB CD NNS . -LRB- CD -RRB- JJ JJ NNS , VBG DT IN NN NN CC NN , VBP VBN VBG JJ NN IN CD NNS VBN IN DT NNS , IN NNS JJ IN NN NN . -LRB- CD -RRB- -LRB- CD -RRB- -LRB- CD -RRB- NNS IN DT NN NNS IN DT NNS VBP VBN VBG IN NNS RB RB , IN DT NNP HYPH CD CC NNP HYPH CD NN NNS . PRP VBP RB VBN TO VB NN NNS NN . -LRB- CD -RRB- -LRB- CD -RRB- IN IN NNP CD , IN JJS CD CD NNS VBP VBN VBN WDT VBD VBN VBG DT NNP HYPH CD NN RB . -LRB- CD -RRB- NNS WDT VBP VBN CC VBP VBN VBG JJ NN IN DT NN IN NNS VBP : IN DT , DT NNS VBN IN NN IN DT NNP NNPS VBP DT IN DT IN NN -LRB- NN -RRB- , NN , NN NN , NN , CC NN -LRB- IN IN NNP CD -RRB- . -LRB- CD -RRB- CD JJ NN NN VBN IN NN NNS VBD VBN IN DT NN VBN IN IN NN IN NN . -LRB- CD -RRB- NNP IN NN MD VB IN NN -LRB- JJ NN -RRB- , CC IN PRP VBZ RB , EX VBZ DT NN IN JJ NN IN IN JJ NN NN . -LRB- CD -RRB- IN CD NN , NN NN MD VB IN IN CD NNS IN NN IN DT NNP NNPS . -LRB- CD -RRB- NN , CD NNS VBP IN NN NN CC EX VBP JJ NNS IN NN CC JJ NNS . -LRB- CD -RRB- DT NNP NNP VBZ VBN IN NN . RB , DT NNP NNP IN NNP , VBD IN CD IN NNS VBP JJ TO VB PRP$ NNS TO VB NNS VBN IN JJ NN . DT NNP RB VBD IN DT NN IN JJ NNS WDT MD VB VBN IN JJ NNS . -LRB- CD -RRB- DT NNP NNP NNP NNP VBZ IN `` , PRP VBZ RB JJ TO VB DT NN RB IN PRP$ JJ NN IN NN . DT NN VBZ IN DT NN IN JJ NN , IN PRP VBZ RB TO VB , VBZ DT JJ NN IN DT NNS IN DT NN , '' -LRB- CD -RRB- ."
279,521,mainstream,"NNP NNP POS NNP NN NNP NNP NNP VBZ TO VB DT NN NN IN DT NN IN DT NNP NNP POS NNP IN NNP CD , CD IN NNP , NNP . NNP HYPH VB NNP NNP VBD IN NNP NNP NNP , NNP , DT VBG JJ NN , IN NNP TO VB NN NN , JJ NNP NNP NN NN NNP NNP VBD . NNP VBD NN JJ NN IN VBG DT `` NN '' IN NNS RB VBN IN NN -LRB- PRP RBR VBD IN DT NN -RRB- , CC CC NNP CC NNP VBP VBN NN NNS VBG NNS IN NN IN NNS , DT NN WDT JJ NNS RB VBP CC VBP VBN VBZ VBG JJ NN . NNP VBD JJ NNS IN CD IN DT NN IN JJ NNS VBD NN , VBG IN CD NN `` DT NNS VBD . '' NNS CC NNS WP VBP IN JJ NNS VBD NN IN NNP CC JJ NNS VBD DT NN IN DT JJ NN IN NNP CD . `` RB DT JJ NN , CD NNS JJ , CD CC DT NN NNS JJ , DT NN , DT JJ NN VBD TO VB DT NN , CC VBD RB , CC DT NN RBR VBD DT JJ NN , VBD RB , RB JJ , RB VBZ JJ , '' NNP VBD IN DT NN . PRP VBD DT NNS CC NN IN DT NN . NNS VBP DT JJ NN IN DT CD NN IN DT JJ JJ NN NNP IN DT NN RBR VBD IN VBG PRP$ JJ NN VBD VBN IN DT NN IN NN NNS CC VBD JJ NNS . RBR IN NNP NNP : NNP NN NN VBZ NN NN : RB NNP NNP VBZ IN NNP NNP : NNP NNP NN NNS VBN NNP VBZ NNP MD RB VB NNP NNS IN NN NN DT NNPS IN NNP NNP CC NNP VBZ IN EX VBZ DT NN IN NN CC NNS , VBG JJ JJ NNS . DT NNP NNP NNP VBN IN DT NNP IN NNP VBD DT NN CC VBD DT JJ NN IN JJ NNS . DT NNP NNP IN NNP VBZ VBN IN VBG RP NNS VBZ NN NN IN NN CC IN NNS MD VB DT VBN NN . CC DT NN VBZ , VBN IN NN NNS CC RB DT IN DT JJ NN . NNS VBP VBN NNS IN DT JJ CC JJ NN IN NNS VBZ VBG NN NNS IN JJ NNS IN NNS IN NNS WRB NNS VBP TO VB PRP$ NNS . NNP VBZ RB VBN JJ IN JJ NN , RB . PRP VBZ RB VBN DT JJ NN IN NN VBG NN NN IN JJ NNS VBZ DT NN . PRP VBZ CD IN JJ NNS TO VB NNS IN JJ NNS IN JJ NNS IN VBG NN CC NN NNS . JJ NN NNP NNP VBD DT NN NN VBD DT NN TO VB `` JJ '' IN DT JJ NN IN CD . RBR RB , NNP NNP NNP -LRB- NNP HYPH NNP -RRB- CC NNP NNP NNP , DT NN , RB VBD NNS IN RB JJ NNS VBP DT NN . IN CD , RB HYPH NNS NNP NNP , NNP NNP , CC NNP NNP VBD IN NNS JJ IN DT NN WDT PRP VBD NN IN DT NN . NNP CC NNP RBR VBD IN DT NN VBD VBN CC VBD NNS TO VB PRP$ NNS ."
280,1289,mainstream,"NNP VBZ PRP MD VB NNS VBG VBN TO VB `` RB JJ '' NN IN NNS . DT JJ NN RB VBZ NNS WDT VBP PRP JJ NNS , JJ IN NNP . PRP VBZ PRP MD RB VB JJR JJ NNS WDT VBP VBG VBN TO VB NNS IN RB HYPH VBN NNS . RB , JJ JJ NNS CC NNS VBG NN CC NNS VBP RB JJ IN NNP . NNP VBD DT NNP PRP MD RB VB NN IN NNS CC NNS WP VBP PRP IN NNS . RB , PRP MD VB TO VB DT NN IN RB JJ NNS IN DT VBP JJ HYPH NN JJ NNS IN DT NN . PRP VBD PRP VBD IN JJ NNS JJ IN DT NNP NNP NNP CC DT NNP NNPS IN NNP NNP CC NNP TO VB NNS . JJ NNS JJ IN NNP CC NNP VBP RB VBN CC VB DT NN NNS IN NNP . CC DT NN MD RB VB TO VB NNS WDT VBP VBG VBN TO VB NN NN . IN NN , IN DT NN NN NNS CD VBD TO VB VBN IN JJ NNS , PRP MD RB VB VBN . DT NN MD VB JJ TO NN . NN NNS MD RB VB VBN , CC JJ NNS JJ IN NNP VBP WRB DT JJ NNS VBP VBN . RB JJ CC JJ NNS JJ IN NNP CC NNP VBP VBN IN NNS TO VB JJ NNS . NNP VBZ RB VBG IN VBG JJ NN NNS IN NNS WP VBP IN NN HYPH JJ NNS . DT NN RB VBZ JJ NNS IN NNS VBG IN NNS CC VBG NN HYPH NN NNS . IN NNP , NNP VBD VBG NNS IN NNS IN JJ NNS WDT VBP JJ NN NNS . PRP VBD DT NN VBG NNS IN NNS WP VBD PRP$ NNS VBD VBG IN DT JJ NNS . DT NNP NNP NNP VBD NN NNS VBD DT `` JJ CD JJ NN NN '' IN CD ."
281,871,mainstream,"WRB JJ NNS VBD IN PRP VBD VBN DT NN NN IN PRP , NNS VBD IN NN IN PRP$ NN , IN NN IN PRP$ NNS . PRP$ NNS VBP IN DT JJ NN IN JJ NNS , DT NN VBZ RB RBR DT NN NN PRP VBD IN NNP NNS CC PRP VBZ VBG TO VB NN NN VBG VBN RP RB . NNP NNP IN NNP POS NNP NN NN VBD JJ NN PRP VBD VBN DT NN IN DT RB HYPH VBN JJ NN NN WDT PRP VBZ MD VB JJ NNS IN DT NN IN DT NN . PRP VBZ RB TO VB VBG PRP$ NN , WDT VBZ JJ IN CD VBG VBN IN JJ NN NNP . NNP VBZ IN DT NNS VBG TO VB DT NN CC DT NNP NN VBZ CD IN JJ JJ NNS . CC NNP NN HYPH NNS VBD VBN IN DT NN POS JJ NN NN IN DT `` JJ NN IN DT NNS IN JJ NN NN , JJ NN , CC JJ NNS '' . DT NNS VBP RB JJ . NNS CC JJ NN NNS VBP VBG JJ HYPH NN JJ NN , CC DT NN NNP POS NN VBD DT NNS MD VB TO VB IN DT NN VBZ VBN . `` PRP VBP VBN IN DT NNS IN VBG DT NN IN NNP , '' VBD NNP NNP , DT NN CC NN NN IN DT NNP NNP NNP IN NNPS CC NNP . PRP VBD DT NN HYPH NN VBD RB DT NN IN DT NN TO VB DT NN RB . `` RB , WP VBZ DT NN MD VB DT JJ NN , NNS MD VB PRP , PRP VBZ PRP IN DT NN , CC PRP VBP RB VB PRP , '' PRP VBD NNP . NN NN NNP IN NNP NNP VBZ NNP POS JJ JJ NN TO VB VBN IN DT NNP NNP NNP IN DT NN TO VB DT NN . `` DT NNP NN -LRB- IN NN NN -RRB- VBD CD IN DT JJS IN DT NN , '' NN NNP NNP VBD IN DT NN , VBG NN CC NN NNS VBN IN JJ NNS . IN DT NNS , DT NNP NNP VBD CD CD NNS IN DT NN NN . NNP VBZ VBG DT JJ NN IN JJ NN NNP , WDT NNP VBZ VBP DT `` JJ NNS '' IN DT NN IN DT NNP NNS . CC PRP VBD IN IN EX VBD NN IN JJ NNS IN DT NN , `` EX VBZ NN TO VB '' IN JJ NNS MD VB VBN IN NN . NNP NNP , NN IN DT NNP NNP IN NNP NNP , VBD IN VBG NN HYPH NN NN IN DT NN IN JJ NN VBZ DT NN WDT MD VB RB JJ IN NNP . `` PRP MD VB IN JJ NNS VBN IN NNS IN JJR IN CD CD NNS VBN IN NNP , '' PRP VBD NNP . IN VBG DT NN VBD `` DT NN IN JJ NN '' , NNP VBD IN VBG JJ HYPH NN NN RB VBZ JJ , CC JJ NNS IN JJ NN MD VB PRP RB JJ IN JJ NN . NN NN IN NNP VBD DT NN IN DT NNS IN WDT PRP RB VBD , VBG IN NNP . JJ NNS WDT VBD TO VB IN NN NNS VBP VBN VBN RP CC VBN RB CC RB NNS VBP TO VB VBN . NNS IN NNP VBP IN JJ NNS MD VB NN VBN IN JJ `` JJ NNS '' TO VB NNS . IN DT NN NNP POS NN MD RB VB IN DT NNP NNP NNP , DT NNP VBG JJ NN , IN VBG JJ NNS IN DT NN . `` PRP$ NNS VBP PRP NNS , CC PRP MD VB PRP IN PRP VBP VBN IN NN , '' PRP VBD ."
282,172,mainstream,"VB VBG NN NNS CC JJ NNS . DT NN CC NNS WDT VBP , VBD NN NNS . NN VBZ DT RB JJ NN WDT VBZ RB NNS CC VBZ VBN IN DT NN NN . CD NN IN NNS VBN IN DT NN NN MD VB VBN IN PRP VBP RB VBN VBN . NN VBZ VBN IN JJ NNS VBN IN NN CC NN , CC IN JJ NN IN NNS IN DT NN , NN CC NN IN VBN NNS . EX VBZ VBN DT NN NN : RB VBN IN NNS CC NN NNS , RB VBN NNP : IN DT NNS . IN JJ NN VBD IN DT NNS , NNS VBD RB CD CD NNS DT NN , VBG IN DT NNP NNP NNP . DT NN NNS VBP DT NNP NN VBZ NN , IN JJ NNS VBP VBN DT VBZ RB JJ . DT JJ CC JJ NN VBZ DT JJ NN , JJ NN , JJ NN , JJ NNS CC DT NN NN NN IN JJ JJ NNS . NNS MD VB DT NN IN IN CD NNS IN DT NN VBZ . IN JJS NNS VBP IN DT NN , NN CC RB DT NN , PRP MD VB IN JJ NNS IN NN IN NN , DT NN NN WDT MD VB JJ NNS CC RB MD VB . DT JJ NN NNS VBP DT NN IN NNS WP VBD VBN IN NNS NNS RB IN NNS MD RB VB JJ IN DT NN : RB IN IN CD IN CD IN DT WP VBD VBN . CC IN PRP VBD CD NNS IN NNS NN IN DT NN : IN VBN IN DT NNP NN NN : DT NNPS IN NNP NNP CC NNP VBZ PRP TO VB VBN IN NN . IN CD , DT NNP NNP NNP VBD NNS VBZ VBN VBN IN DT IN DT NNPS . NN VBZ EX VBP DT JJR JJ NNS , CC DT NN MD RB VB VBN IN RB TO VB NNS . RB , NN NNS IN DT NNP VBP VBN , DT VBN IN NNS IN NNS WDT VBP RB VBN CC VBN TO VB NNS , VBG IN DT NNP . IN NNP CD , NN NNS IN NNP CC NNP VBD IN NNS NN IN JJR IN CD NNS VBD VBN . NN VBZ RB JJ IN JJ NNS IN DT NN , VBG JJ NNS IN NNP , NNP , DT NNP , CC NNP , DT NNP VBZ ."
283,906,mainstream,"IN PRP$ JJS NN IN DT NN , NNP NN NNP NNP NNP VBD IN DT NN VBZ VBN NN NN NNS IN NN , IN DT NNS VBP VBN RB CC RB VB RP JJ NN NNS . `` DT NN , JJR IN CD CD NNS VBP VBN , CC CD NN IN DT NNS VBN RB . CC EX VBP RB JJR IN CD CD NNS IN DT NN WP VBP RP IN NN . PRP VBP IN DT NN MD VB IN IN NN HYPH CD '' , PRP VBD NNS . NNP VBD RB WRB NNS VBP VBG , DT NNS VBP RB VBG PRP$ NNS TO VB VBN IN IN NN HYPH CD NNS . NNS CC NN IN NNS RB `` VBP VBG NN IN DT NN '' , VBG JJ NNS IN NN . `` WRB NN NN VBZ RP , JJR NNS MD VB , VBG IN NN HYPH VBG NNS IN NNS CC NN '' , PRP VBD . RB , NN NNS CC NN NNS VBP VBN IN NN NNS IN IN JJS CD JJ CC JJ HYPH NN NNS , VBG IN NNP , DT NNP NNP . `` RB RB , CD NN NNS VBN IN NNP IN NN , NN , NN , JJ NN , JJ NN CC NN VBP VBN VBN , WDT MD VB VBN JJR IN CD CD NNS , '' NNP VBD , VBG `` DT JJ NN VBZ IN NNS MD VB IN DT NN '' . NNP VBD NNS TO VB NNP `` JJ NN '' IN VBG CD CD JJR NNS IN CD , WDT MD VB $ CD CD IN NN . IN VBG NN HYPH CD NNS VBP IN DT NN IN NNS IN NNP , DT NNP NN VBD NNS TO VB DT NN VBZ IN VBG CC VBG DT NNS , CC VBG RBR JJ NN NN . RB , NNP VBD NN IN VBG NNS IN NNP , NNP NNP , NNP NNP CC DT JJ NNS . `` IN IN DT NNS , NNS CC NNS VBP VBN IN JJ NNS IN DT NNS IN IN JJ NN NN '' , PRP VBD . RB , JJR `` NN NNS '' VBG NNS IN JJ JJ NN -LRB- NN -RRB- IN NN NNS VBP VBG JJ IN NN HYPH NN . JJR IN CD NNS IN NNP VBD NNS IN DT JJ NN . RB , NNP VBZ VBN NN NNS IN CD NNS RB , CC NN NNS IN JJR IN CD NNS . `` PRP MD VB JJ NNS JJR IN DT NNS RB , CC PRP VBP VBG RB , '' VBD NNP ."
284,94,mainstream,"IN DT NNP HYPH CD NN VBD , EX VBZ VBN DT JJ CC JJ NN IN JJ NNS . IN NN , IN JJ NNP , DT NN IN JJ NN NNS IN NNP IN DT NNP VBD CD NN NNS VBG IN NN NN . IN NNP CD , DT RBS JJ NN IN DT CD NNS IN PRP$ JJ NN NN VBD DT NNP NN VBG CD NN . DT RBS JJ VBD DT JJ CD NN NN : DT NN IN CD NN NNS : IN DT NN IN SYM CD NN . EX VBP CD NNS IN DT NN : RB , DT JJ NN CC NN IN NN NNS VBP RB VBN JJR . RB , DT NN VBZ VBG DT NN IN JJ NNS . RB , JJ NNS VBP VBG TO VB IN DT JJ NN IN NN . DT NN NN VBZ VBN JJ NN IN RB DT NN IN NN . MD NN NN NNS VB RP . MD NNS VB DT NN . VBP JJ NNS JJ . WRB MD JJ NNS VB RB IN DT NN . DT NNS IN DT NNS : WRB EX VBP NNS : VB TO VB RB . CC IN DT NN DT NN NN -LRB- CC PRP$ NNS -RRB- VBZ CC VBZ . IN DT NNP HYPH CD NN VBD , PRP VBP VBN JJ NN VBN IN DT JJ CC JJ NN IN JJ NNS . IN NN , IN JJ NNP , DT NN IN JJ NN NNS IN NNP IN DT NNP VBD CD NN NNS VBG IN NN NN . IN NNP CD , DT RBS JJ NN IN DT CD NNS IN PRP$ JJ NN NN VBD DT NNP NN VBG CD NN . DT RBS JJ VBD DT JJ CD NN NN : DT NN IN CD NN NNS : IN DT NN IN SYM CD NN . IN JJS NNS VBD DT NN IN NNP , DT VBD JJR NNS . CC IN NNP , IN DT NNS VBD NN IN DT NN , NNS VBD IN DT NN IN CD NN CC DT NN IN CD NN . DT NNS VBD IN JJ NNS VBP IN RB DT JJS VBN IN PRP VBD VBG DT NNP DT NN RB . VBG IN NNS IN DT JJR NN NN , DT JJ NN NN IN NNS VBZ RB JJR IN IN DT NN IN DT JJ CD NNS , CC RB IN DT VBN IN DT NN IN DT JJ NN : DT JJ NN IN JJ , VBD JJ NN . IN NN , IN DT CD JJ NN , CC NNP CC NNP VBD DT NN IN JJ NN NNS VBP IN JJ IN CD NN NNS , IN VBG IN IN CD IN JJS IN DT NNS . DT NN NN NN VBZ RB RB RB CD NN NNS . WRB RB JJ NN . DT JJ NN IN WRB EX VBZ RB JJ NN VBZ IN DT NN VBZ IN JJ WP VBZ VBG TO VB . VBG RBR , CD JJ NNS VBP VBG NNS JJ NNS . RB , DT JJ NN CC NN IN NN NNS VBP RB VBN JJR . IN JJ NNS , JJS NNS MD VB VBN RP TO IN JJS VB TO VB JJ NN CC VB NN . NN , RB , PRP VBP RB VBG NNS TO VB NNS , CC NN NNS VBP VBG JJ NN . RB VBG DT NN NN IN DT JJ NN IN DT NN IN NNS VBZ JJ NN NNS RB IN HYPH NN . RB , NNS WDT RB VBP NNS IN JJ NN HYPH NN VBP VBG VBN IN NNS IN NNS IN NNS CC JJ NNS VBP TO VB IN DT JJ NN IN DT NN . JJ NNS VBP VBN NN NNS VBG PRP TO VB IN NN . WP VBZ JJR , DT JJ CC JJ NN VBG VBN TO VB DT NN VBZ DT VBN IN DT JJ NN . IN JJ NNS , VBG RP IN DT JJ NN IN NNS CC RB VBG PRP IN NNS VBZ NNS . RB , DT NN VBZ VBG DT NN IN JJ NNS : DT NN IN DT JJ JJ NN . IN JJ , NN HYPH VBN NNS IN NNS CC NNS VBZ VBG IN NN NNS VBP NN NNS , VBG NN NN . DT NNP NNP IN NNP NNP NNS IN NNP , IN NN , VBD NNS POS CC NNS POS NN NNS VBP IN CD CC CD NN NNS RB RB IN PRP$ JJ NN . NNP NNP , JJ NN IN NNP NNP NNP NNP , VBD DT NN DT NN : `` IN PRP VBP VBG RP NN NNS IN DT NN , PRP VBP JJ TO VB DT JJ NN , CC RB RB NN . NN VBZ NNS IN NNS . NNS , IN NN NN NN , VBZ NN NNS , CC NNS VBP VBN . WP VBZ WRB PRP VBP NN WDT VBZ RB RB . JJ NN VBZ JJ TO VB VBN IN NNS . JJ NN MD VB JJR IN DT NNS VBP . PRP MD RB VB RB VBN IN JJ NNS . '' DT JJ NN DT NNS VBP VBG RB RB VBZ IN JJ NNS VBP VBG TO VB IN DT JJ NN IN NN TO RBR VB DT JJ NN IN DT NN NN IN DT NN . RB , DT VBZ DT NN RB IN NN NNS . VBG DT NN CC NN IN JJ JJ NN NNS , CC WRB NN NN NNS MD VB IN NN , VBZ JJ : RB IN NNS IN JJ NNS IN PRP$ NNS . EX VBZ DT JJ NN IN DT NN IN NN HYPH VBG NNS CC NNS , CC NN IN DT NN CC NN IN DT JJ NN IN NNS . DT NN IN JJ NNS MD VB RB VBG RB . JJR NN MD VB IN DT NN IN JJ NN , CC DT JJR JJ CC JJ NNS MD RB VB RBR JJ IN NN . DT JJ NN IN NNS MD VB DT NN IN JJ NNS . PRP$ NN IN DT NN CC PRP$ NN MD VB . CC DT NN IN JJ NNS IN JJ NN MD VB TO VB IN DT VBG NN IN DT NN : JJ IN DT NN IN DT NN : VBZ VBN . IN DT NN NN VBZ DT JJ NN IN JJ NNS , DT NN VBZ VBN RB JJ NNS IN DT NN CC VBD VBN . DT JJ JJ NN IN CD VBD JJS NNS VBG . CC DT NNS VBN IN NNS JJ IN DT NNS IN JJ NN CC DT NN IN JJ JJ NNS VBP VBN DT NN IN NN POS NN NNS . IN DT JJ NN , NNP HYPH CD MD VB JJ NN IN NNS JJ IN JJ NN : WRB NN NN VBZ VBN IN NN IN NN IN NN : CC DT JJ NNS IN JJ JJ NN . DT NN VBN MD VB DT NN IN JJ JJ NNS , WRB CC IN PRP VBP , DT NN RBR JJ ."
285,800,mainstream,"VB VBG NN NNS CC JJ NNS . DT NN CC NNS WDT VBP , VBD NN NNS . CD IN DT NN NNS RBS JJ TO VB VBN IN DT NN DT NN VBZ RB DT RBS JJ TO VB NN NNS : NNS . DT VBZ CD IN DT NNS IN DT NN VBN NNP VBN IN DT NNP NNP IN NNP NNPS . DT NN VBD CD NNS IN DT NN IN NN NNS CC NNS . JJR IN NN : CD NN : IN NNS IN PRP$ NNS CC NNS VBD PRP VBD RB VB DT NN NN DT NN . PRP$ NN , RB , VBD IN PRP VBD RB VB NN CC RB VBD . CC DT NN RB VBD DT JJ NN IN VBG DT NN NN : CD NN IN NNS JJ IN DT NN NN VBD PRP VBD IN IN JJS DT IN DT NNS . NNP NNP NNP , DT NN NN IN NNP , NNP , VBD PRP VBZ `` RB JJ '' TO VB NNS IN DT NN IN DT NN NN . PRP VBD NNS IN PRP$ NNS CC NNS RB VBP IN JJ NN CC NN NNS WRB PRP VBP JJ , CC VBP RB RB JJ IN JJR NNS TO VB DT JJ HYPH NN NN IN DT JJ NN NN WP MD VB PRP JJ NN NN . `` PRP VBP EX VBZ DT VBN NN TO RB VB NN CC NN CC VB NNS TO VB NN NNS , '' NNP VBD NNP NNP . JJ NN VBZ IN NN : VBG DT NN NN : VBZ JJ . CC DT JJ JJ NNS VBP RB NN IN NN CD NNS TO VB DT JJ NN NN . DT NNP NN RB VBD IN JJ NNS VBP RB VBG DT NNS RB IN NN NNS . RB CD NN IN VBN NNS CC NNS VBD IN PRP$ NN VBZ VBN IN JJS CD NN NN . CD HYPH NN IN DT NNS VBD VBN DT NN MD RB VB PRP$ NN JJ , CC CD NN VBD PRP VBD RB VB DT NN VBZ JJ JJ IN DT NN TO VB DT NN . IN NN , DT NN MD VB JJ NN . RB DT NN , DT NNPS IN NNP NNP CC NNP VBZ EX VBP VBN RB CD CD NNS IN DT NN , RB RB IN CD NNS . CD HYPH CD IN DT NNS VBD IN NNS . WP VBZ JJR , DT NNP VBD DT CD JJ NN NNS VBG NNS JJ DT NN VBP RBR JJ TO VB NNS CC JJ NNS IN DT JJ . DT NNP NN IN CD NNS VBN RBR DT NN RB VBD IN DT JJ NN VBZ VBN JJ NNS IN RB RB DT NN NN , CC RB NNS RB . DT NN IN NNPS WP VBD PRP VBD JJ IN NNS TO VB PRP$ NNS VBD IN CD NN IN CD IN CD NN IN CD . CC IN DT NN IN NNS CC NN VBZ VBN RB VBN CC VBN , CD NN IN NNS IN DT NNP NN VBD PRP , RB IN CD NN IN CD . JJ NNS VBD IN JJ CC JJ NNS , DT NN VBD . DT NNP NN VBD CD NN IN VBN JJ NNPS VBD IN JJ NNS , CC JJ VBD PRP VBP RB VBN DT NN NN DT NN , CC VBP RB VB IN VBG CD . `` PRP RB VBP VBN DT NN IN NN IN DT NN NN IN PRP$ CD HYPH IN HYPH CD NNS VBG NN IN NNS , '' NNP VBD . `` PRP RB VBP TO VB DT NN IN WDT DT JJ NN VBD JJ NNPS IN DT NN WDT RB VBZ IN DT NN IN NN . '' NN NNS VBD VBN RBR RB IN DT NN : JJ NNPS . RB CD IN CD VBD DT NN NN VBZ VB NNS CC DT NN VBD JJ NN NNS . JJ NNS IN DT NNP NN VBD : SYM CD NN IN NNS VBD PRP VBD RB VB DT NN NN IN PRP VBD RB VB DT NN VBD JJ , VBN IN CD NN IN NNS . SYM CD NN IN NNS VBD PRP VBD RB VB PRP$ NN VB DT NN NN IN DT JJ NN , VBN IN CD NN IN NNS . SYM CD NN IN DT NNS VBD PRP VBD VBN IN DT NN IN DT NN ."
286,1341,mainstream,"VBG RP WRB TO VB JJR NNS TO VB DT JJ NN NN VBZ DT JJ NN IN DT NNP NNPS . JJS NNS VBG NNS POS NNS CC NNS VBP VBN IN JJ NN . CC NNS VBP RB DT JJ NN TO VB NN NN , NNS VBP JJ NN IN JJ NN : CD NN VBD IN CD NN IN NNS VBP DT NN NN VBG DT NN NN . CC WRB VBP PRP VB JJ NNS TO VB JJR IN PRP$ NNS . TO VB DT NN , DT NNS VBD DT VBN VBN NN TO VB IN VBG JJ NNS CC VBG NN IN VBG NNS WRB PRP$ NN VBD RB IN NNS VBD DT JJS NN . IN PRP$ NN , PRP VBD IN DT NN VBD RBR JJ ."
287,599,mainstream,"NNP NNP VBZ CD HYPH NN NNS VBZ RB CD IN CD NNS IN NN DT NN NNP , CD , VBZ DT NN NN IN DT NNP NNPS IN NNP IN NNP , NNP , WRB PRP CC PRP$ NN VBP RB VBN JJ HYPH NN JJ NNS IN DT NN TO VB IN NNP HYPH CD , VBG IN DT NNP NNP NNP . DT NNS VBD IN NNP IN NNP , CC VBG IN NNP NNP NNP , PRP VBD IN `` NN NN . '' PRP VBD RB CD NNS , DT RB JJR NN IN DT CD NNS PRP VBD VB DT NNP NN IN NN IN CD , NNP NNP VBD . `` EX VBD , CC VBZ , RB DT JJ NN IN NN . DT NN IN NNS VBP VBG IN PRP CC VBP IN PRP VBP DT NN WDT MD , IN JJS , VB NN IN DT NN DT NN VBZ , '' NNP VBD NNP NNP . `` CC , UH , UH , RB VBG IN RP RB VBZ RB JJ . '' DT NN NN VBD PRP$ NN IN DT JJ NN IN DT NNP IN NNP , NNP NNP , WRB PRP VBD IN NN CC NN , VBG IN NNP NNP . PRP VBD RP TO VB DT NN IN DT NNP IN NNP NNP HYPH NNP NNP IN CD , CC RBR VBD DT NNP POS NNP NNP NNP IN DT JJ NN WDT JJ NN . `` -LRB- PRP VBZ -RRB- DT RB RB JJ , RB HYPH VBG NN , '' NNP NN NNP NNP , WP VBZ NN IN NNP POS NN NN NN , VBD NNP NNP . `` NNP VBZ VBN PRP IN DT NN TO VB DT JJ NN IN JJ NN , CC PRP VBZ VBN DT JJ NN . '' NNP , WP VBD VBN IN DT JJ NN IN NNP NNP , VBZ VBN VBG CD HYPH NN NNS , CC VBG RB CD IN CD NNS IN NN DT NN , VBG IN DT NN . `` IN DT NN , PRP VBP TO VB WRB JJ TO VB , '' PRP VBD . `` PRP VBP IN PRP$ NN MD VB TO VB JJ IN IN PRP MD VB PRP$ NN . '' IN DT NN IN NNP NNP , PRP VBD IN PRP , `` PRP VBP NNP . PRP VBP JJ . PRP VBP JJ , PRP VBP DT NN . PRP VBP JJ , JJ , CC JJ . '' `` PRP MD VB IN PRP$ NN IN DT NN VBZ RB IN PRP$ NN CC NN IN DT NN CC IN VBG RB IN DT NN , '' PRP VBD DT NN . `` PRP VBZ JJ CC VBG DT JJ NN CC CC , RB , VBZ RB DT NN WP VBZ TO VB NN POS NN . PRP VBZ RB JJ IN VBG RP NNS IN NNS IN JJ NNS CC NN DT NN CC NNS IN DT IN PRP IN NNS WDT RB VBZ JJ NN , '' NNP NNP , DT NNP NNP NN WP VBZ NN IN NNP POS NN , VBD DT NN . IN NN IN DT NN NN RB VBZ , NNP VBZ VBN IN VBG DT RBS JJ NNS IN PRP$ NN . DT IN DT NN IN DT NN MD VB VBN IN NN . IN DT JJS IN NNP SYM CD , NNS VBP VBN TO VB JJ NNS IN NNP , NNP , CC JJ JJ NN NNS . TO VB VB NNS CC NNS IN DT JJ NNS IN NN HYPH VBG JJ NNS , VB IN JJ NN RB ."
288,837,mainstream,"IN NN HYPH JJ NNS VBP IN DT NNP NNPS , DT NN IN NNS VBD PRP MD VB CD NN JJR IN VBG DT NN WDT MD VB DT NN POS JJ JJ . DT NN VBZ DT JJ IN PRP$ NN VBN TO VB JJ IN NNS , VBG DT NN IN JJ JJ NNS , VBD DT NNS IN DT NNP NNP NNP -LRB- NNP -RRB- WP VBD DT NN . `` DT NN VBZ DT JJ NNS WDT NN VBZ CC VBZ NN IN DT NN , '' VBD NNP NNP , DT NN NN IN NNP CC JJ NN IN DT NN IN DT NN . DT NN VBD VBN NNP CD IN DT NNP IN DT NNP NNP NNP . `` PRP RB VBZ PRP$ NN POS JJ JJ NNS TO VB DT NN . '' NNP VBZ DT JJ IN VBG DT JJ NNS IN DT JJ NN , VBG NNS IN NN . DT NN VBZ IN DT NN MD RB VB DT NN POS NNS TO VB RB JJ , VBG DT NN IN NN . DT JJ NN IN NN IN NNS WP VBP IN NN VBZ JJ NN . DT VBZ , DT NN VBZ VBG CC VBZ . -LRB- CD NNS IN NNP -RRB- DT NNPS IN NNP NNP CC NNP -LRB- NNP -RRB- VBZ IN NN HYPH JJ NNS IN DT NNP JJR IN VBN IN CD CC CD , VBG RB CD NNS IN CD . DT JJ NN VBZ VBN TO VB NN IN DT NN NN , CC VB DT NN NN TO VB NN IN DT JJ NN TO VB RP , IN PRP MD DT NN . DT NN , DT NN POS JJ NNS VBP DT NN CC VBP DT NN WP VBZ DT NN IN VBG DT JJ . RB , DT MD VB NNS IN VBG DT NN RB , DT NNS VBD . `` TO VB PRP RB , NNS VBP VBN JJR NNS IN DT JJ CD NNS IN DT JJ JJ : NN , '' VBD NN NN NNP NNP , DT NN NN IN NNP . NNP POS NN VBZ VBN VBG IN DT NN NN IN JJR IN CD NNS CC VBD RB RB VBN DT NN IN NNS . IN DT RBS JJ NN , DT NNS VBD CD NNS IN NN NN IN CD NN NN NNP NNP NNP . DT NNS VBD DT NN VBD TO VB NN POS NNS IN DT NNS , DT NN VBD . WP VBZ RBR , CD IN DT CD NNS WP VBD VBN DT NN IN DT RBR JJ NN NN CD NNS RBR VBD DT VBN NN IN NNS JJ IN DT JJ NNS IN DT NN . `` DT VBD JJ , '' IN JJ JJ NNS WDT VBP VBN IN VBG NN NNS IN VBG JJ VBP DT NN IN NN IN NN , NNP VBD NNP NNP . `` RB , PRP VBD JJ TO VB IN PRP VBP VBG PRP DT NN CC CD NNS RP , RB DT NN MD RB VB JJR . '' RB , NNS IN NN CC NN MD VB JJ NNS VB RP NNS . DT NN , NNP -LRB- VBN IN NNP -RRB- , VBN IN DT JJ NN , MD VB NN POS JJ . CC DT RB VBN NN MD VB RBR JJ CC MD VB JJR NN NNS IN DT NN NNS , IN PRP VBZ DT NN POS JJ JJ NN TO VB NN , DT NNS VBD . -LRB- NNP POS NN HYPH NN NN : CD NNP NNS -RRB- RB , DT NN NN MD RB VB DT `` JJ NN '' IN PRP$ JJ IN DT NN NN , NNP VBD . PRP VBD PRP VBZ RB VBG IN NN VB DT NN TO VB NN . RB , NN NNS MD RB VB JJ TO VB NN CC VB DT NN , PRP VBD . DT JJ NN IN DT NN VBZ IN PRP MD RB VB IN VBG NNS POS NNS IN DT JJ IN NN , CC RB NNS MD VB VBN TO VB IN JJ NNS , NNP VBD . NN IN JJ NNS VBZ VBN IN JJ NNS , VBG IN DT NNP . CD RB VBN NN WDT MD VB VBN IN DT NN VBZ NN , DT NN WDT VBZ CD IN CD NNS RBR JJ IN NN , VBG IN DT NNP NNP IN NNP NNP . NN NNS RB VBP NN IN NN , DT NN WDT VBZ RB RBR JJ IN NN RB . NNP POS NN VBZ RB VBN VBG IN DT NN IN NN CC VBZ VBN IN DT NN VBZ JJ IN NNS . DT NN VBZ , IN DT NN , TO VB DT NN CC NN NN IN DT JJ NN , NNP VBD . `` NN NNS VBP TO VB , '' NNP VBD . IN RB , DT NNP NN VBZ IN NNS IN NN NNS TO VB DT JJ JJ NN IN DT NN NN . `` PRP VBP DT NN MD VB JJ IN NN IN JJ NNS , '' NNP VBD NNP NNP . `` IN EX VBP NNS RB RB RB , PRP VBP PRP VBP TO VB IN JJ NNS IN VBG DT NN . DT MD VB DT NN IN DT NN . ''"
289,433,mainstream,"NNS VBP NNP NNP JJ . `` WP VBZ WP PRP MD VB RB . '' VBZ VBN DT JJ JJ NN IN NNP NNS . CC CC , RB RB PRP$ NNS VBP RB JJ . DT NN VBZ IN VBG PRP . DT JJ NN VBZ JJ NN POS NN IN JJ NN NNP NNP NNP NNP IN NN HYPH VB NNP MD VB RP DT NN TO VB `` NN NN CC JJ NN '' . -LRB- NNP POS NN VBZ VBN IN EX VBP DT JJ NNS TO VB RB . -RRB- NNP VBZ PRP MD VB DT NN , PRP VBZ IN DT NN VBN : RB : IN DT NN IN DT NN NNS VBZ VBN IN NN NN NN , IN JJ NN IN DT NN . NNP POS NN IN DT JJ CC VBN NN NN VBZ DT NN . PRP VBZ VBN CC RB VBN PRP$ NNS IN NN NNS MD VB VBN IN NN . PRP VBZ RB VBN IN JJ HYPH VBN NNS , VBG NNP NNP , DT NN IN DT `` FW FW '' NN WP VBZ VBN VBN IN VBG NN IN DT NNP NNP IN JJ NN . VBN DT NNS NNP VBZ VBN TO VB IN , PRP$ NN IN DT NNP HYPH VBN NN NN MD VB DT NN . CC PRP VBZ JJ TO VB WRB NN IN PRP$ NN , IN JJ NN IN DT NN POS JJS NNS IN NN NN , MD RB VB TO VB PRP DT : DT NNS , DT NNS , DT NNS WP VBP VBN DT NN VBG NNS . WP NN VBZ DT NN IN NN RB RB RB VBN CC VBN : IN PRP VBZ VBG VBN RP TO VB DT JJ NN . PRP VBZ DT JJ NN IN NN CC NN . RB RBR RB , PRP VBZ DT NN NN WDT VBZ NNS CC JJ NNS IN NN . NNP RB VBZ IN EX VBZ RB DT JJ NN TO VB NN NN . DT NNP NNPS IN NNP NNP CC NNP -LRB- NNP -RRB- VBZ DT JJ NN IN NN NNS WDT VBZ IN DT NN IN NN NN . NNS VBP RB VBN IN DT NNP NNP CC NNP NNP : CC RB VBP RB JJ NN NNS IN PRP VBP VBN IN JJ NNS . EX VBZ RB JJ NN IN NNS VBP RB VB DT NN IN NN . DT CD NN IN JJR IN CD NNS VBD DT NN IN DT NNS , NNS CC NN NN CC DT VBN NN IN NN : RB IN NNS IN DT NN NN IN DT NN -LRB- FW NNP FW FW . NNP NNP NNP NN CD , CD , CD -RRB- . IN IN NNP POS NN IN NN NNS , DT NNP VBZ RB VBN : CC VBN : TO VB DT NN IN DT NN , VBN NN , CC NN . IN CD , DT NNP NNP IN NNP VBD IN DT NN IN DT NN VBD RB VBN DT JJ NN -LRB- VB NNP NNP -RRB- . CC IN DT NNP NNPS , DT NN VBZ RB JJ : NN VBD VBN IN JJS NN NNS VBN IN DT NN , IN DT JJ NN , VBG IN CD . NN NNS VBD JJ . PDT DT NN VBZ IN PRP VBZ RB NNS IN NNS : JJ IN DT VBN IN NNP : WDT VBP JJ NN . DT NNP NNPS VBZ RB VBN DT NN IN NNS IN JJ NNS . IN CD , NNS VBD CD NNS IN DT NN , RB DT WP VBD VBN . DT NNS VBP JJ , RB : IN CD , PRP VBD JJ HYPH NN NNS IN IN NNP $ CD CD TO VB IN CD NNS NNS WDT VBD CD NNS JJ . IN NNP VBZ RB IN PRP$ NN NN , PRP MD VB DT NN IN NN IN NNS IN NN NN . DT MD VB NNS IN DT NNS , JJ IN NNP CC NNP , TO VB NN NNS IN NNS . IN DT NN IN DT NN IN DT NN , DT NNP NNP NNP VBD TO VB DT NN IN NNS . DT NNP NNP IN NNP VBD IN PRP MD VB DT NN TO VB NN NN IN NNP . NNS , NNS CC NNS WP VBP VBN NN NN IN DT NN MD VB DT JJ NN CC VB IN DT NN . EX VBZ DT NN TO VB IN DT NN TO VB VBN RB . EX VBZ DT NN TO VB IN PRP VBZ PRP$ NNS . EX VBZ DT NN TO VB VBN IN PRP VBZ JJ NN IN NN : CC RB IN PRP VBZ NNS WP VBP RP IN NN IN NN . DT WP VBP DT NN IN NNS CC NN MD VB RB RB IN VBG DT JJ NN CC , RB , DT NNS WP VBD PRP . NNP POS NN IN VBG NN NN '' CC JJ NN '' VBZ JJ NN IN WP VBZ TO VB . NNS MD VB PRP$ NN IN RB . NNS VBP IN NN ."
290,398,mainstream,"NFP NNP NNP VBZ VBN DT `` NN '' IN DT NNP HYPH CD NN IN NNP DT JJS NN NN , DT NNP NNP NNP POS NNP NNP VBD IN NNP . NFP NNP MD VB DT CD HYPH NN NN IN RB DT JJ NNS IN NNP CD , NN NN NNP NNP VBZ VBN , IN NN VBG DT NNS VBG DT $ CD -LRB- DT CD NN -RRB- NN . NFP DT CD CD NNS MD VB IN NN IN NN HYPH JJ NNS IN NN , NNS CC NN IN IN NN IN JJ NN VBN IN DT NN , NNP NNS VBP VBN . NFP JJ NNS VBP VBN IN PRP MD RB VB DT NN NNS IN NNP IN NNP , IN DT NN IN DT NN NN IN DT NN VBD RP . NFP NNP VBZ VBN PRP$ JJS NN IN NN NNS IN CD NNS IN CD JJ NNS IN DT NN VBZ DT JJ NN . NFP JJR IN CD CD NNS IN DT NN VBP RB VBN TO VB DT NN , VBG IN NNS VBN IN DT NNP NNP NNP . JJR IN CD NNS VBP VBN RB IN DT CD CD NNS VBP VBN . RB VBP PDT DT JJS NNS : NNP POS NN NN VBD IN CD NNS VBP VBN DT NN CC CD VBP VBN , VBG NNP IN JJ NN IN DT NN IN JJS NN IN NNS , IN DT NNP . NNP VBD IN NN IN CD NNS VBN IN PRP$ NN NN WDT VBP JJ NN IN RB JJ NN HYPH CD NNS VBZ RB VBN PRP$ NN HYPH JJ NN NN . NN NNS VBP VBN RB CD NN HYPH JJ NNS IN DT JJ CD NNS IN JJR IN CD JJ NNS . PRP VBZ NN , DT JJ NN VBN IN NNP CC RB . DT JJ VBZ DT NN WDT NNP VBZ PRP$ NN NN VBD CC VBZ VBN VBG IN NN NN IN NN CD JJ NNS . CD NNP , NN : WRB JJ HYPH VBN NNP NN VBD NN IN NNP HYPH CD NN DT JJ NN IN NNP POS NN TO VB DT NN VBZ VBG VBN RP IN DT NN IN VBG DT NN RB IN JJ NNS IN DT NN VBP TO VB PRP$ NN . DT NN VBZ CD NNS CC DT JJS NN NN IN RB CD NN IN NNP IN DT JJ NNS IN DT NN VBP VBN CD CC RB CD NNS VBP VBN . RB CD NNS VBP VBN IN DT NN IN DT NN NN IN RB CD NN . VB DT NN IN NNP POS JJ NN RB . NNP VBZ DT JJ NN TO VB DT NN IN NNS VBG IN JJ NNP , CC VBZ JJ TO VB JJ NNS , DT NNP NN NN VBZ VBN DT NN NN IN VBG . NNP POS NN NN NNP NNP VBD RBR IN NNP PRP MD VB DT NNP HYPH CD NN IN NNS VBG IN RB IN NNP CD , DT NN WDT NNS VBP VBN MD VB PRP$ NN CD NNP , NNP TO VB RP NN CC NN , VB JJ NN NNP MD VB RP NN NN CC NN NN IN PRP RB VBZ NNS CC VBZ VBG RB IN NNP NNP CC NNP NNP POS NNP IN DT JJ NN NN TO VB , DT JJ NN VBZ VBN . IN PRP$ JJ NN NN , NNP NNP NNP NNP VBD DT JJ NN VBD RB VBG NNP , DT RBS JJ NN , IN NN NN CC VBD JJ TO VB DT JJ IN DT JJ CD NNS CC NNS . NNS CC NNS `` VBP TO VB IN PRP VBP DT VBN NN TO RB VB WDT VBZ VBN IN NN , NN CC DT NN TO RB VB CC VB DT JJ NNS , '' NNP VBD . NNP POS JJS NN NN NN VBZ DT JJ NN WP VBZ NN NN , DT JJ NN IN NNS IN DT NNP JJ NN POS JJ NN IN NN HYPH VBN NN NNS . IN JJ NNP , DT JJ NN NN IN DT NNP NN , VBN DT NNP , VBZ VBN IN JJ NN CC IN DT JJ NN , VBG IN NN HYPH IN HYPH NN NN IN DT NN . `` PRP VBD TO VB CD IN CD HYPH NN NN NNS TO VB WP TO VB CC WP RB TO VB TO VB DT NN , '' VBD DT NN POS NN , NNP NNP NNP . DT NN IN NN NNS IN NNP VBZ VBN CD , DT NNP VBZ VBN , IN NN VBN IN DT NN IN DT NN . IN DT NN , DT NNP VBD NN VBZ RB RB VBN DT JJ NN IN IN JJ NNS IN DT NN . `` NN NNS VBP RB VBN IN DT JJ JJ NN IN IN JJ NNS CC RB RB NNP VBZ RB VBN DT JJ NN VBN IN DT NNS IN DT NN , '' DT NNP VBD IN DT NN . IN NN , RB CD NNS VBP VBN IN NNP IN NNP HYPH CD . DT NN NN VBN IN DT JJ NN IN NNS VBZ JJ CC VBZ DT JJ JJ NN , NNS IN NNP POS NNP NNP NNP VBP VBN DT NNP JJ NN . NN NNS IN DT NN IN CD VBN NNS VBD CC VBG NNS CC NN HYPH NN NNS IN DT JJ NN IN JJS IN DT VBN . JJR NNS MD VB VBN TO VB IN DT NN VBZ IN NN . `` DT NNS VBP DT JJ NN . DT NN VBZ IN DT JJ NN IN -LRB- DT NN NN -RRB- VBZ NN HYPH JJ NNS CC NN NNS IN CD NNS , VBG PRP DT JJ NN IN JJ NN , '' NN NNP NNP NNP IN DT NNP NNP IN NNP IN NNP VBD IN DT NN . `` RB , DT NN TO VB DT NN NNS VBZ RB RB VB IN DT NN MD VB NNS IN NN HYPH CD , PRP VBP RB DT JJ NN IN DT NN VBG JJ IN DT . '' CD NNP , NNPS VBP IN NNP NN TO VB IN JJ NN NNS DT NNP NN VBZ VBG NNPS WP VBP JJ TO VB IN PRP$ NN IN NNP NNS IN IN JJ NN NNS . DT NNP NNP NN IN DT NNP NN RB VBZ NNS IN NNPS IN PRP$ NNP NNS . CC PRP MD RB RB VB CD NNS IN DT NN IN NNP POS NN NNS . IN DT JJ NN NN IN NNP , DT JJ NNP NNP NN VBD RP TO VB , VBG JJ NNS IN NNP CC NNP . `` PRP VBZ DT JJ NN CC PRP VBZ NN IN NNP CC NN IN DT NN , '' VBD NNP NNP NNP , DT NN POS NN . `` DT NN VBZ VBN PRP DT NN . NNS VBP NNS VB RB . '' CD NNP , NNP VBZ NNS TO VB NNS IN NN VB `` RB RB '' NNP NNP NNP VBZ VBN NNP NN NNS TO VB NNS IN NN TO VB RB , IN DT NN VBZ RB IN DT NN IN NN HYPH CD NN NNS . `` NN PRP VBP VBG NNS IN NN , NNS , NNS CC NNS , IN JJ NNS WDT VBP JJ NNS , '' NNP VBD DT NN NN IN DT NNP NNP . `` DT NNS VBP TO VB DT JJ NN CC VB DT RB JJ JJ NNS IN NN TO VB RB RB , IN DT NN , '' PRP VBD . `` IN PRP VBP RB VB PRP , PRP MD VB DT NNS . IN NNP , PRP VBP JJR NN , RB JJR . '' NNP VBZ DT JJ NN NN VBG JJR IN CD NNS CC DT NN CD CC RB IN DT RBS JJ NN NNS IN DT NN TO VB DT JJ CC JJ NN IN DT NN IN CD , NNS VBG DT NN VBD NNP NN NN . DT NN MD VB WP VBZ RB CD NNS IN NN NN CC NN IN DT NN IN NNS , NN IN DT NN TO VB DT NN WDT VBZ VBN JJR IN CD CD NNS , VBD RB CD CC VBN NNS RB . TO VB RB , VBG NN NNS VBP VBN TO VB NNS CC VB DT NN IN PRP$ JJ NN NNS IN NNS MD PRP$ JJ NN VB , DT NNS VBD . CD NNP , WP : NNP NNP VBZ DT JJ `` NN '' `` IN DT NN NNP NNP VBZ VBN DT JJ NN IN DT NN , '' NNP NNP NNP , NNP POS JJ NNS NN , VBD DT NN NN , VBG NNP VBZ `` RB DT RBS VBN '' . NNP VBD JJ NNS VBP VBN JJ NN IN DT JJ NN NN IN NN IN NN HYPH CD . PRP VBD IN JJ JJ NN VBZ RB VB DT JJ NN POS JJ NN IN DT JJ NN , VBN PRP$ NNS . NNP MD VB PRP$ NNS IN JJ NNS IN NNP CD IN RB CD NNS IN NN , NNP NNP NNP NNP VBZ VBN . DT VBN NN MD RB VB NNS TO VB IN DT JJ NNP NN IN RB CD NNS . CC DT NN POS CD JJS NN NNS , NNP , WDT VBZ IN DT NN IN DT NNS , CC NNP , VBP RB IN DT JJ NNS , IN NNS DT JJ NN VBZ RB VBN RB VBN . DT JJ NN IN NN NNS MD VB IN NNP CD , DT NN VBD . NFP WRB JJ HYPH VBN NNP NN VBD NN IN NNP HYPH CD NN , PRP VBD NN . DT VBZ WP PRP VBD IN PRP NFP JJ NNS : VB PRP VB NN NNS VBG IN NNP NNS IN NN NNS VBP VBN VBN IN DT NN IN NNP NNP CC NNP IN DT CD NNS VBP VBN IN DT NN IN NNS TO VB DT NN . DT NN IN NNS IN IN NNP NNP , WDT DT NNP NN VBD IN RB CD NNS , VBD VBG IN DT NNS IN DT NNP NNP NN NN IN NNP . NNP NNP VBZ VBN NNP IN WP DT VBP VBN DT JJ NN IN DT NN CC VBN PRP$ NN NNS . RB CD NN NNS IN NNP NNP VBP IN VBN NN NNS VBG DT NN , NNS VBP . IN NNP , JJ NNP NNP NNP VBD DT NN IN DT NN IN NN IN NNP JJ NNS WDT VBD NN IN NNS , VBG VBG NN NNS TO VB NN NNS IN VBG . CD NNP , NNP TO VB CD HYPH NN NN IN JJ NNS IN NNP CD NNP MD VB DT CD HYPH NN NN IN RB DT JJ NNS IN NNP CD , NN NN NNP NNP VBZ VBN , IN NN VBG DT NNS VBG DT CD NN -LRB- $ CD -RRB- NN . DT NN VBD EX MD VB DT NNS , VBG NN NN CC NN NNS , JJ NNS VBG TO VB IN DT NN IN DT NN CC DT VBG IN NNP . `` RB PRP VBP IN DT NN IN DT NN , PRP MD VB NNS TO VB IN VBN NNS VBG DT NN IN DT JJ NN , '' NNP VBD IN DT NN POS JJ NN NN . CD NNP , NNP VBZ RP IN DT NNS WP$ NNS VBP PRP DT NNP NN VBD CD NN `` DT NNP NN NN '' . IN NNP NNP NNP VBZ TO VB DT NN IN NNS IN NNS IN DT NNS IN VBG RB RB IN DT NN NN , PRP VBZ VBN VBG RP IN NNS WP$ NNS PRP VBZ . NNP VBZ VBN CD JJ NNS IN DT NN HYPH CD NN IN CD DT NN RB , DT NNP NNP NNP VBD , IN DT JJ NN IN JJ NNS VBD RB IN CD IN CD IN NNP . DT JJ NN NN IN DT NN VBD IN NN IN NNP CD RB VBZ IN CD , DT NN VBD , DT JJ JJS IN DT NN IN DT IN DT NNP NNPS CC NNP . NNP POS JJ NN NN IN DT JJ NN VBZ VBN IN CD , VBG DT NN IN CD , DT NN NN VBD . DT NN IN VBN NNS VBD IN CD NNS IN CD IN NNP , DT NN VBD . DT JJ NN IN DT NN NN CC DT NN IN NNS VBZ RB RB JJ IN DT JJ NN IN IN JJ NNS VBG PRP$ JJ NNS IN NNS . CD NNP SYM CD CD NNS IN NN IN NNS , NN IN NNS VBN : WP , NNP DT CD CD NNS RB MD VB IN NN IN NN HYPH JJ NNS IN NN , NNS CC NN IN IN NN IN JJ NN IN DT NN HYPH CD NN , NNP NNS CC DT NNP NN NN VBZ VBN . NN VBZ IN `` NN IN JJ NN NNS VBZ RB VBN IN IN JJS CD NNS CC VBZ JJ TO VB RB CD CD NNS IN DT NN IN CD VBG IN DT NNS , '' DT NNP , NNP NNP POS NNP -LRB- NNP -RRB- CC NNP VBD IN DT JJ NN VBN RB IN DT NNP NNP NNP VBN IN NNP CD . NN NNS , NNS IN NN NNS , NN IN DT NNS TO VB PRP$ NNS IN NN IN NN IN NN , CC DT NN IN JJ NN NNS VBD IN WP PRP VBD MD VB `` JJ '' NN IN DT JJ NN IN JJ VBN NNS VBD IN DT NNS . CD NNP , NNP : `` VB IN NN IN NN '' NNS VBN IN JJ IN NNP VBZ , NNPS IN DT NNP NNP VBP VBG VBN IN NNS IN DT NN TO VB IN NN CC VB JJ NN NNS TO VB VBG DT JJ NN . DT NN IN NN IN NN , NNS , CC JJ NN CC NN NN NNS VBP VBN VBN IN DT IN JJ , IN JJ VBD DT JJ NN . JJ NN NNS VBD PRP$ NN , VBG IN EX VBD JJR NNS VBG JJ JJ NNS JJ IN DT NNP NNP NN . CD NNP , NN NNS CD NNS JJR IN JJ IN JJ NN DT NN NN NN IN DT IN DT JJS NNPS VBZ CD NNS JJR IN IN DT JJS NNS IN DT JJ NN , DT NN VBD , IN DT JJS NN IN WRB NNP HYPH CD VBZ DT NN JJS . DT JJ NN IN NNP , WDT VBZ RP DT NN IN NNP POS CD CD NN , VBZ DT RB JJS NN IN VBN NN NNS CC NNS IN NNS . NNP VBZ VBN CD IN DT JJS HYPH VBN NNS IN RB CD NNS . DT NN IN DT JJ NN NN NN VBD NNP POS NN NNS CC NNS IN IN NNP CD IN NN CC NNS . CD NNP : NN VBD IN DT CD NNP NNS IN NNP : NNP NNP POS NNP NN NNS VBD CC JJ NN VBD IN DT CD NNP NNS CC DT NNP IN NNP IN NNP IN NNS TO VB DT NN NN VBD NNS TO VB IN DT NNP NNPS , DT NNP NNP VBZ VBN . DT NN POS NNP IN NNP NNPS VBD CD NNS VBN NN HYPH JJ NNS IN NN JJ NN , IN DT JJS VBG IN NNP , DT NN IN DT JJS NN IN DT RB HYPH VBN NN NNS CC NN NN . DT NN IN NNP VBD CD NN NNS IN CD NN , RB RB NNP POS JJ NN NN IN CD NN . CD NNP : RB `` NN VBZ VBN RB '' , VBZ NNP NNP JJ NN NNP MD VB VBN JJR IN JJ NNS WP VBD VBG NN NNS RBR , DT NN IN NNP NNP NNP NNP VBZ VBN , VBG IN RB NN IN DT NN VBD VBN RB . VBN IN NNS IN DT JJ NN IN NNP MD VB VBN NNS IN NNS IN DT NN IN JJ NN , NNP , JJ NN IN DT NNP NNP NNP IN NNP , VBD : `` PRP VBP JJ DT NN IN DT VBZ RB UH . '' `` PRP VBP RB VB NN VBZ VBN RB , IN DT NN WRB MD PRP . EX VBP RB NNS WDT PRP MD VB TO VB IN CC VB RB IN NN , '' PRP VBD DT NNP NNPS NNP . NFP NN NN NNS VBP RB VB IN NNS VBP JJ , NNP NN NN VBN IN NNS VBP `` PRP VBP RB '' IN NN SYM NN : DT NN IN NNP POS NN IN DT JJ NN CD NNP , NNP NN VBN IN NNP VBN IN VBN NN IN NN : NN DT NNP NN NN , WDT NNP NNP NNP NNP VBZ PRP VBZ VBN VBG , VBD VBN IN VBN NN IN NN IN DT NN IN CD NN HYPH CD NNS , VBG IN DT NN VBN IN DT NNP . DT NN VBD IN NNS VBN IN NN , CC DT RB JJ NN NN , VBD JJR NN IN IN HYPH NN NN WRB VBN IN DT WP VBD RB VBN VBN DT NN . CD NNP , NNPS VBP NN IN NN , JJ NN NN IN NNP JJ NN NNS VBP DT NN IN DT JJ NN VBZ IN NN IN DT NN HYPH NN IN NNS IN JJ NNS , IN DT NN VBZ TO VB NNS , NNS CC NN NN HYPH VBG NNS IN NNP . DT NNP NNP VBD JJ NN IN NNP TO VB NNS , NNS CC JJ IN DT NNS NN CC VBZ RB VBN JJ TO VB JJ IN DT NNS . JJS NN CC NNS NNS VBP RB VBN CC IN NNP JJ NNS IN IN IN CD NNS MD VB VBN CC NN NNS CC NNS MD VB . NNP NNP NNP NNP VBD DT JJ NN IN NNS IN NNP CD VBD RB VBN DT JJ NN . DT NN VBZ VBN CD NNS IN NN HYPH CD IN NNP NN , IN CD NNS . `` EX VBP DT JJ NNS VBN , PRP VBZ RB JJ IN DT NNP NNP VBZ VBN DT NN RB RB , '' PRP VBD NNS . DT NNP POS NN NN IN VBN NN NNS VBZ VBN IN CD IN CD , DT NN NN VBD . DT NN IN CD NNS VBD VBN JJ IN DT NN IN IN CD NNP IN NNP CD . DT NN IN JJ NN NNS IN NNP VBZ VBN IN CD , DT JJS JJ NN IN DT NN VBD , VBG DT JJ VBN NNS IN DT NN IN DT NN VBD CD . IN NN , CD NNS VBP VBN IN DT NN VBN IN DT NN , NNP HYPH CD CC CD NNS VBP VBN . UH , DT VBZ NNP NNP IN NNP VBG RP IN PRP$ NN NNP NNP . PRP MD VB VBG RP DT NN IN PRP$ NNS RB . RB VBP DT JJ NNS IN DT NN : NFP NNP VBD IN PRP MD RB VB DT NN NNS IN NNP IN NNP . NFP NNP VBD PRP$ JJS NN IN NN NNS IN CD NNS IN DT CD JJ NNS . NFP NNP VBD CD JJ NNS IN DT JJ CD NNS , DT JJ JJ NN . JJR IN CD NNS VBP RB RB VBN IN NN HYPH CD IN NNP IN DT NN VBD PRP$ JJS CD HYPH NN NN . DT NN NN VBD IN NNP DT CD NNS VBN IN DT JJ CD HYPH NN NN VBD DT JJ NN IN CD . JJ NNS MD VB NN IN DT NN NNS IN NNP IN NNP IN DT NN IN DT NN NN IN DT NN VBD RP , DT NNP JJ NN NN VBD . DT NNS IN NNP VBP RB DT JJ IN IN JJS IN DT NN WDT VBD VBG RP DT NN IN JJ NNP . NNS CC NNS IN DT NN MD VB VBN TO VB NNS CC NNS IN IN IN CD NNS MD VB VBN TO VB . NNP NNP CC NNP VBP VBG RB CD NNS CC NNS IN NNP IN NNS IN DT JJ NN NN , DT NN IN VBG NNP NN JJ IN IN $ CD . NNS VBP RB VBG IN NN NN CC JJ NN HYPH VBG NNS TO VB DT NN IN IN NN TO VB DT JJ NN IN DT NN POS NN , PRP VBP DT JJ NN TO VB DT NN IN PRP$ JJ NNS . DT JJ NN WDT VBD IN NNP CD VBZ RB VBN JJR IN CD NNS JJ CD SYM CD VBP DT NN CC NNP VBD NNS CD CC CD MD VB NNS JJ CD CC JJR RB RB IN NNS IN CD IN CD NNS . NNS MD VB VBN IN NNS IN DT NNP NNP HYPH NNP NN , NNP CC NNP NNP NNP NNS VBD , VBG IN DT NN TO VB IN NN NNS TO VB DT NN IN DT JJ NN . DT NNP , WDT VBZ DT NN IN DT JJ NN NN IN NNP , MD VB IN NNP CC NNP IN DT NN NN . JJ NNP NNP NNP NNP MD VB NN VBN IN CD NNS IN DT NN WP VBD DT NN IN PRP DT NN VBD JJ IN DT JJ NN , DT JJ NN POS NN VBD IN DT NN . NNP VBD JJ CC `` DT NNS IN DT NN VBP VBN VBN TO VB NN CC CD NNS POS NN NN '' , DT NN VBD . CD NNP , NNP NNP VBD NN TO VB NN NN IN NNP : NNS DT NNP NNP VBD TO VB JJ NN CC NN NN IN DT IN CC VBN IN VBG NN HYPH CD IN NNP IN DT NN IN JJ NNS IN DT NN MD VB VBN IN DT NN POS NN , NN NNS VBD . NNP NNP NNP NNP VBZ VBN VBN IN VBG RP NN CC VBG IN NNP , RB TO VB RP DT NN IN JJ NNS TO VB TO VB IN IN DT NN TO VB DT NN WDT VBZ RB CC VBN RP DT NN . NNP POS NN RB VBZ PRP VBZ VBN VBN IN PRP$ NN IN DT NN IN JJ CC JJ NN , CC NNP NNP , NNP POS NN NN , VBD PRP VBD NNS WP RB VBD IN NN NN . NN VBZ VBN TO VB VBG IN NNP , WRB DT NN NN NN '' VBZ IN NN VBN '' , DT NNP NNPS VBD , VBG IN JJ NN . VBG IN NN NNS , NNP NNP , NN IN DT NNP NNP IN DT NNP IN NNP NNPS -LRB- NNP -RRB- , VBD DT NNP NN : `` PRP VBP IN JJ IN PRP IN NNP VBZ RB IN DT NN RB RB . DT NN VBZ RB JJ , PRP VBP VBG IN IN DT NN NN VBZ IN NN VBN . `` PRP VBP VBG IN VBG TO VB NNS RB IN PRP VBP RB VB JJ -LRB- JJ -RRB- NN , PRP VBP RB VB JJ JJ JJ NN , '' PRP VBD . NNP NNS VBP VBN CD NNS VBG CD NNS IN DT NNP NNP NNP -LRB- NNP -RRB- , PRP$ JJS NNS VBP . `` DT JJ NN VBZ RB RB RB JJR , '' NNP VBD . CD NNP , NNP NNP NNS VBP IN IN CD NNS JJ NNP NNP MD VB IN IN CD NN NNS CC RB JJ IN CD CD NNS IN DT NN IN DT NN IN DT JJ NN NN VBZ IN DT JJR NN IN NN , JJ NNS VBD . DT NN RB VBZ DT JJS NN IN NNS CC NNS IN DT JJ NN , IN JJR IN CD VBN NNS CC CD NNS , CC DT JJ NN VBG PRP$ JJ NN VBD VBN NNS . RB , NNS CC NNS VBN IN DT NN NN TO VB DT NN IN DT NN VBD DT NN MD VB RB CD CC CD NN NNS IN NNP . NNP VBD CD JJ NNS IN NN NN , VBG PRP$ NN IN CD , VBG IN NN NN NN NNP NNP . NNP RB VBD CD JJR NN HYPH CD NNS , VBG DT NN POS NN IN CD . JJR IN CD NNS VBP RB RB VBN . NNP NNP , DT NN NN , VBZ VBN IN DT NNP NNP POS NN VBD VBN IN DT JJ NN IN PRP MD VB JJ NNS CC `` NNS '' TO VB JJ NNS JJ IN NNP . `` IN DT NNP VBZ JJ TO VB PRP RB , PRP MD RB VB JJ TO VB DT NNS PRP RB VBZ , '' NNP VBD IN DT NN IN DT NN HYPH CC HYPH NN NN VBN IN NNS . `` DT VBZ RB DT JJ NN , PRP MD VB DT JJ NN . '' NNP VBD DT NNP MD VB TO VB PRP$ NN NN NN TO VB JJ NN , CC RB VB TO VB NN HYPH VBG NNS TO VB DT NN IN DT NNS , RB VBD PRP MD RB VB DT NNS RB IN VBG PRP . CD NN , NN , NNS CC DT VBG JJ CD IN CD , NNS RB VBP RB VBG JJ NNS VBN TO VB DT NN IN DT NN , RB IN , IN DT NNS , NN NNS VBP TO VB . DT NN VBZ DT VBG NN TO RB VB NNS CC VB NNS , CC DT NN IN NN HYPH NN NN VBZ JJ CC JJ . IN DT VBN NN CC NN JJ , NNS VBP IN DT JJ NN IN NNS MD VB DT JJ HYPH CC RB JJR HYPH NN IN DT NN WDT VBZ RB RB VBN JJR IN CD CD NNS CC VBD JJR IN CD JJ NNS . CD NNP , NNP VBZ CD JJ NN NNS IN CD NN JJ NN NNS VBP VBN CD JJ NN NNS , VBG DT JJ NN IN CD . DT NN NN RB VBD CD JJ NN , VBG DT JJ NN RP IN CD . DT NN IN JJ NNS VBG IN NNP VBZ VBN IN CD NN NN HYPH IN HYPH NN IN NNP IN CD , NNS IN DT NN NN VBD , IN DT NN NN IN DT NN VBD RP NNS CC NN . IN DT JJ CD NNS IN DT NN , DT NN IN JJ NNS VBD CD NN IN CD CD , DT NNS VBD . CD NNP , NNP TO VB NN NN IN NN IN NNP NNP MD VB PRP$ NN IN NN IN DT NN IN DT NN IN NNP , PRP$ NNP HYPH CD NN NN VBD , IN DT NN TO VB NNS IN NN IN DT NN VBZ TO VB NNS RBR . NN NNS CC NN NNS VBD IN DT NN IN RB CD NNS IN NN IN DT NN IN NNS VBD , CC NNS , NNS , NNS , NNS CC DT NNS VBP IN HYPH NNS . DT NN POS NNP IN NNP HYPH CD NNP NNP VBD DT NN IN NN IN NNS IN DT JJ NN CC TO VB NN TO VB IN JJ NN IN DT NN IN JJ NN . NNP VBZ VBN PRP$ NN NN NN NN IN NNS IN JJ NN IN DT NN NN IN DT CD NNS . DT NNP VBD JJR IN CD CD NN NN NNS VBD VBN VBN RP IN DT NN WDT VBD VBN IN NNP . NNS RB VBG RB MD RB VB DT NN IN VBG VBN NNS . `` NN POS NNS MD VB JJ , RB WRB NNS MD VB DT CC DT IN PRP$ NN , PRP MD VB IN PRP$ NN IN DT NN , CC IN PRP VBP RB VBG , PRP VBP PRP TO VB IN NN VBZ RB , '' NNP NNP , JJ NN IN DT NNP VBD IN DT NN . NNP VBZ VBN CD JJ NNS IN DT JJ NN IN DT JJ CD NNS , DT JJ JJ NN , VBG DT NN POS JJ JJ NN NN IN DT NN IN CD . DT NN POS NN NN NN NN VBD CD JJ NN NNS , VBG DT JJ NN IN NNS IN CD . CD NN , NN : WRB VBD PRP VB IN CD CD NN SYM CD NNS . JJR IN CD CD NNS VBP RB VBN VBN IN DT JJ NN RB . RB VBZ DT NN VBN IN NNP NNP TO VB NNS VB WRB DT NN VBZ RB VBN . NNP VBZ VBN DT CD JJ NNS IN DT JJ NN , DT NN POS JJS NN IN CD NNS , IN NNP NNP VBZ DT JJ NN CC NNS VBP TO VB DT JJ NNS . DT NN IN CD CD NNS VBD DT NN IN RB CD VBN NNS , DT RB CD NN NN IN NNP POS NNS . VBN IN DT NN VBP CD NNS . NNP NNP NNP NNP VBD DT NN WDT VBD IN NNP CD , IN NNP CD , CC VBD NNS IN NNS IN JJR NNS IN NNS CC VBD NN NNS TO VB PRP$ JJ NNS IN DT NNS . CD NNP , NNP TO VB RP NN NNS IN JJ NNS DT NNP NNP MD VB RP NNS IN PRP$ NNS IN DT NN IN JJ NNS , NNP NNP NNP NNP NNP VBD . NNP NNP NNP NNP MD VB RP DT NNS IN DT NN RBR , PRP VBD NNP NNP . CD NNP , NNP TO VB NN IN NNS IN NNP , NNP NNS NNP , WDT VBZ VBN TO VB PRP$ NN , VBZ VBN DT NN IN DT NN IN NNS IN DT NNP NNP CC NNP NN NN NNS , DT NN NN VBD IN DT NN . IN NNP NNP NNP NN NNP VBD NN IN PRP$ NN IN NNS IN JJ NNS IN DT NN TO VB DT NN IN DT JJ NN . DT NN NN VBD IN DT NN IN DT NN RB VBZ NNP NNP , NNP , NNP CC NNP NNP . DT NN VBD IN NNS VBG IN NNP MD VB TO VB CD NNS IN NN . UH , DT VBZ NNP NNP IN NNP VBG RP IN PRP$ NN NNP NNP . PRP MD VB VBG RP DT NN IN PRP$ NNS IN NNP RB . RB VBP DT JJ NNS IN DT NN : NFP NNP POS JJ NN VBZ VBG DT $ CD NN TO VB NN IN JJ NNS , NNP NNP POS NN VBD NNS TO VB VBG NN IN NNP NNP NNP NNP IN PRP$ NN IN DT NN . DT NNP CC NNP VBD IN NN IN DT JJ $ CD NN NN DT NNP IN NNP VBZ VBG CD CD NN -LRB- $ CD -RRB- IN JJ NN TO VB JJ NNS VBG IN DT JJ NN VBN IN DT NN . DT JJ NN VBZ PRP MD VB VBG DT NN IN NNS IN NNP . DT JJ NN VBZ DT NN IN NNP POS JJ NN IN JJ NN IN JJ CC JJ HYPH VBN NNS IN CD CD NNS -LRB- $ CD -RRB- . PRP VBZ IN NNS VBD IN NNP VBZ VBN RB IN NN IN DT JJ NN IN JJR IN CD NNS , IN NNS VBG CD NN IN NNP . NNP NNP , DT JJ NNP , VBZ VBN DT NN IN NNP VBN IN VBG JJ NN NNS JJ IN NNP , NNP POS NNP CC NNP , NNP CC NNP , TO VB NNS TO VB DT NN . DT NN VBZ TO VB CD CD NNS -LRB- $ CD CD -RRB- IN VBG DT NN HYPH VBN NN IN JJ NNS VBN IN DT NNPS , DT JJ NN NN IN NN NNS IN PRP$ NNS VBP IN DT NN POS JJS NNS IN JJ NN . `` PRP VBD TO VB NNP HYPH CD CC PRP VBP JJR TO VB VBG PRP CC VB , '' NNP , DT NN POS JJ NN , VBD NNP NNP NNP . CD NNP , NNP VBZ DT JJ NNS , DT JJ NNS NNP VBD DT JJ NN NNS CC NNS IN NNP , VBG DT NN IN CD VBN NNS CC CD NNS IN DT NN VBD IN NNP . EX VBP CD NNS WP VBP VBN CC VBN RB IN DT NN VBD , DT NN POS NN NN VBD IN DT NN . NNP VBZ VBN CD JJ NN NNS IN DT NN NN NN IN DT NN IN DT NN , NNP NNP . NNP NNP NNP , NN HYPH NN IN DT JJ NN NN , VBD DT JJ NNS IN DT NNP NNP NN NN NN VBP CD NNS IN NNP , CD IN NNP CC CD DT IN NNP NNP , NNP CC NNP . JJ NNS VBP VBN JJR IN CD NNS IN IN JJS CD NNS IN NN IN NNS TO VB DT NN IN DT NN , VBG NNS PRP MD RB VB NN NNS IN VBN NN NNS . CD NNP , NNP POS RBS JJ NN TO VB NNS IN NN NN NNP NNP NNP , NNP POS RBS JJ NN , VBZ VBN NNS VBN TO VB DT NN IN NN MD VB VBN TO VB NNS , NNS CC NNS TO VB IN IN CD VBN NNS . `` VBG CD NNS IN NNP VBD DT NN , '' NN NN NNP NNP VBD NNS IN NNP , VBG IN NN HYPH JJ NN NNS . `` PRP VBP RB VB TO VB DT VB . '' DT NN MD VB NN IN NNP CD . RB , RB CD NNS VBD VBN IN IN NN IN NNP IN DT NN NNS . NNP NNP POS JJ NN VBZ VBN NNS IN DT JJ HYPH NN NN TO VB DT NN NN NNP NNP NNP NNP VBZ VBG IN VBG DT NN . NNP NNP NNS VBD TO VB NNP NNP IN NN NNS VBD PRP VBD VBN IN DT NN IN DT JJ NN IN NNP CD . PRP$ NN VBZ JJ NN NN NNP NNP . DT CD NNP NNP NNP NN VBN IN NNP NN VBD NN IN NNP POS NNP NNP RB CD NNS IN CD NN , DT NN IN DT NN HYPH VBN NN . NNP POS NN IN VBN JJ NN VBD CD NN , RB CD NNS IN DT JJS NN VBN IN DT NN IN DT NN POS CD HYPH NN NN . NNP VBD PRP$ NN IN NN NN NNS IN CD NNS IN NNP CD . NNP NNP NNP VBD DT NN NN JJ IN VBG JJR IN CD NNS VBZ VBN IN VBG NNS IN DT NN . DT NN VBZ VBN IN NN IN NNP CD , VBG JJ NNS VBN IN NN NNS . CD NNP , DT JJ NN NN IN NNP , DT JJ IN NNS NNP VBD DT JJ NN IN RB VBG DT JJ NN NN DT NN IN DT NN VBD DT NN POS JJ HYPH JJS NN CC VBD JJ NN . RB , VBN `` JJ NN '' VBN IN DT NN HYPH CD NN , NNP MD `` VB NN IN VBG NN CC VBG NN NNS '' , NNP NNP NNP VBD DT NN IN DT NNP NNP POS NNP . PRP VBZ DT JJ NN NNP VBZ RB VBN DT JJ JJ NN -LRB- NN -RRB- NN IN DT NN VBD TO VB JJ NNS IN CD . CD NNP : NNS VBP JJ IN NNS IN JJ NNS IN NNP DT NNP NN NN VBD CD NNS VBN IN JJ NN NNS VBP VBN JJ IN DT NN . JJR IN CD NNS VBD VBN IN NNP IN NNP WRB DT NN IN VBG NNP NNP VBD VBN . DT JJ NN IN DT NNS VBP VBG VBN IN NN NNS IN DT JJ NNP NN . `` PRP VBZ RB JJ TO VB CD NNS IN DT JJ NN , '' NNP NNP NNP VBD NNP . `` DT NN VBZ VBN JJ . '' NNP VBZ VBG DT NN IN DT NN IN NNS VBG IN DT NNP NNP NN IN CD NNS TO VB DT NN IN NN HYPH CD . NN NNP NNP NNP VBD IN DT NN : `` NNP VBZ VBN DT NN IN DT JJ NN IN NNP HYPH CD , WDT RB VBZ IN NNS VBG IN NNP MD VB DT JJ NN IN DT NN IN DT NN . '' NNP VBD NNP VBZ DT NNS TO VB PRP$ NNS IN NNS , IN DT VBG NNS MD RB VB TO VB IN CD NNS IN NN . CD NNP , NNP , NNP VBP IN NN IN JJ $ CD NN NN DT NNP NNP NNP -LRB- NNP -RRB- CC NNP VBP VBN DT NN IN NN IN DT JJ $ CD NN NN TO VB NNP VB DT NN NN . DT NN IN DT CD HYPH NN NN NN VBZ JJ IN DT NN IN DT NNP POS NN CC JJ NN , WDT MD VB IN DT NN `` IN DT VBG NNS '' , DT NNP HYPH VBN NN VBD . NNP NNP NNP , DT NN WP VBD DT NNP NN NN , VBD DT NN MD VB `` NN NN '' IN NNP IN `` VBG NNS IN NN , CC VBG RB IN JJ JJ NNS TO VB JJ NNS '' . CD NNP , NNP VBZ NNP NNS VBN IN NN HYPH NN IN NN NNS NNP NNP , DT NN IN DT NNP NNPS , VBZ PRP MD VB DT NNP NN TO VB VBN IN NN HYPH NN IN DT JJ CD NNS IN DT NN NN IN NNP HYPH CD VBZ CD . `` PRP MD VB VBG DT NNS IN DT NNP NNPS CC NNP NNPS IN NN HYPH NN IN DT JJ CD NNS IN NN IN DT NNPS PRP VBP VBN IN DT NNP , '' PRP VBD IN DT NNP NN . DT NN VBZ DT NN IN JJ NNS TO VB RB TO VB DT `` JJ NN IN NN WRB PRP VBP CD NNS '' . DT NN NN NN IN NNP VBD CD IN DT JJ NN IN NNS IN DT CD HYPH NN NN , DT NN NN VBD . DT NN VBZ DT NN IN DT NN IN NNP NNP CC PRP$ JJS CD HYPH NN NN IN CD VBD DT JJ NN NN IN CD . NNP VBZ RB VBN JJR IN CD NNS , IN NNS VBG DT NN IN NN VBZ DT JJ NNS VBP RB RB JJR . IN PRP$ NN IN NNS CC NNS VBG RB , DT NN IN CD CD VBZ JJ IN DT NN IN NNS IN JJ NNS , IN DT NNP CC NNP . UH CC UH IN NNP NNP VBG NN IN DT NN NN . NNP NNP NNP IN NNP , NNP . PRP MD VB PDT DT NNS IN NN , NNP CD , RB ."
291,1137,mainstream,"WP TO VB IN DT NN PRP$ NN CC , CC NN MD RB : LS VB PRP$ NN POS NN , NN , CC NN NN CC VB DT NNS IN DT NN NNS . LS . VB DT NN NN WDT VBZ VB JJ NNS CC NN . LS . VB NNS , VB NNS , CC VB NN IN WRB PRP$ NN VBZ : VBG . VB PRP$ NN CD NNS CC CD CC CD VBN JJ NNS DT NN . NN VBZ IN DT JJ NN RB VB RB VB VBN IN PRP$ NN POS NN VBZ . PRP$ NN MD VB IN DT NN CC VB DT NN CC RB VBZ TO VB HYPH NN . VBG CC VBG . PRP MD VB PRP$ NN POS NNS VBP NN IN JJR NNS , CC JJS NNS VBP JJR IN NN NN WRB PRP VBP DT JJ NN JJR , RB IN CD CC CD NNS . VB PRP$ NN VB IN PRP$ NN VBZ NN , VBZ VBN , CC VBZ NN WDT VBZ JJ TO VB . NN . EX VBZ DT JJ NN IN JJ , CC RB NNS VBP RB CD IN CD NNS IN NN DT NN , VBG CD CC CD NN NNS . IN CD NNS , JJS NNS VBP VBN RP PRP$ NN NN . VBG . IN CD NNS , PRP VBZ JJ IN JJ NNS TO : SYM VB IN NN CC NN LS . VB DT JJ NN IN PRP$ NN VBN IN PRP VBP JJ . DT MD VB DT NN NN , NN NN , VBG IN DT NN CC NNS , CC VBG NN IN PRP$ NN POS NN NNS CC NN . LS NN NNS . NNS MD VB NNS IN JJ NN NNS , RB PRP VBZ JJ IN PRP$ NN VBP PRP IN NN . NN NNS MD VB IN NN IN NN , RB VB IN PRP$ NN IN WP TO VB . LS . NN NNS . PRP$ NN MD VB IN NN NN CC NN , IN PRP$ NN VBZ IN NN . RB VBP DT NNS TO VB IN NN IN PRP$ NN POS JJ NN IN CD NNS : SYM VB PRP$ NN JJ NN -LRB- RB JJ HYPH NN CC NN NN , IN PRP$ NN VBZ PRP -RRB- IN CD NNS IN NN . NFP VB NN CC NN IN DT NN CC VB NN IN RB JJR IN CD NNS -LRB- CD NNS -RRB- DT NN . VB JJ NNS IN NN . NFP VB VBG DT NN IN JJ NNS . VB NN HYPH JJ NNS IN NNS CC NN , NNS , CC NN . VB PRP$ NN VB WP TO VB CC WRB PRP CC PRP VBZ VBN JJ . NFP NNS VBP JJS IN VBG IN NNS CC VBG PRP$ NN . VB NN TO VB , VB , VB , CC VB IN PRP$ NN DT NN . NFP VB VBG PRP$ NN POS NN NN -LRB- NN , NNS , NNS , NNS , CC JJ NN -RRB- . JJR IN CD NN DT NN VBZ JJS , CC VB NN NNS TO VB IN PRP$ NN . NFP VB DT JJ NN NN CC VB NN IN NN IN VBG CC JJ NN . NFP VB IN NNS IN PRP$ NN VBZ JJ TO VB NN NN , VBG VBG NN IN DT NN , VBG JJ IN JJR NNS , CC VBG NNS RB CC RB . NFP VB RP DT NN NN CC VB PRP$ NN VB IN DT NN IN PRP . NFP VB PRP$ NN POS NNS IN DT JJ NN CC DT JJ NN IN NN -LRB- RB DT NN IN DT NN IN NN -RRB- . IN PRP VBP RB RB , VB DT NN NN . SYM NNS VBP IN NN CC MD VB NNS . VB JJ TO VB JJ CC JJ NNS . NFP NNS VBP JJ IN DT NN , CC VBP TO VB JJR WRB NNS VBP JJ CC JJ . VB TO VB RP NNS IN PRP VBP : VB DT NN CC VB PRP$ NN IN JJ NNS . NFP VB RB VB PRP$ NN . NNS VBP RB VB DT NN IN NN CC DT NN PRP VBP VBG TO VB . PRP MD VB DT JJ NN HYPH RP TO VB PRP$ NN . NFP VB DT JJ NN NN . IN PRP$ NN VBZ RP IN NN CC VBZ RB VB RB RP , VB NN IN PRP VBP RB , CC VB NNS JJ . NFP VB PRP$ NN IN DT NN HYPH VBG NN NN IN DT NN NN IN NN CD CC WRB PRP$ NN VBZ DT JJS NN CC NN NN VBN IN DT NN HYPH NN NN . NFP VB NN IN NN CD CC JJR IN PRP$ NN POS NN IN JJS CD NNS IN VBG RB TO VB CC VB RB DT CD NNS . NFP VB PRP$ NN IN NN NN , WDT VBZ DT NN IN NN CC NN NN . NN NN IN NNS VBZ RB JJ . NFP VB JJ PRP$ NN VBZ JJ IN PRP$ JJ NN : NFP VB IN IN NN : VBG NNS , NNS , JJ , JJ , CC JJ NNS , CC JJ NNS -LRB- VB RB NN CC NN NNS -RRB- . NFP VB NN NNS , VBG DT NNP NNP NNP NNP NN IN CD , IN DT NN . NFP VB NN NNS CC VB PRP$ NN RB WRB IN NNS . NFP TO VB NN , VB NN NNS , VB NN NNS RB , CC RB VB PRP$ NN IN NN -LRB- VBG NNS -RRB- . NFP VB PRP$ NN IN NN NNS IN RB VBG DT NN IN DT NN . IN PRP VBP VB DT NN , VB PRP VBN CC VBN RB . NN MD VB VBN RP RB . VB JJ NNS MD VB DT NNS . DT NN NNS VBP JJ IN DT NNP NNP IN NNP -LRB- NNP -RRB- , NNP NNPS NNS ."
292,1296,conspiracy,"DT NN IN `` NN '' VBZ DT NN IN VBG TO VB NN IN NN . CC PRP$ JJS NN IN DT NN VBZ VBN DT NN IN DT VBG NN NN NN WDT MD VB NNS NN NN , NN NN . NNS IN DT NNP IN NNP , NNP -LRB- NNP -RRB- , VBP VBN RP IN DT NN PRP VBP VBN `` JJ NN '' WDT PRP VBP MD VB VBN IN NNS POS NNS IN NN NN NNS . CC DT NN VBZ RB RB JJ IN NNS MD RB RB VB PRP VBD IN PRP$ NNS . VBG DT JJ NN NN , DT JJ NN MD VB `` VBN '' IN DT NN POS JJ NN , VB NNS , WRB PRP MD VB VBN RB . CC IN PRP VBZ VBN IN JJ JJ NNS , DT NN MD RB VB DT NN , WDT VBZ IN PRP VBZ RB , PRP VBZ RB IN JJ . VBG IN NNS , DT JJ NN VBZ DT JJ NN NN NN -LRB- NN -RRB- WDT VBZ PRP TO VB CC VB DT NN POS NN NN . IN VBG DT NN , DT NN RB VBZ PRP IN DT JJ NN VBN IN DT NN POS NN . RB VBZ WRB DT NNP NNP NNP -LRB- NNP -RRB- VBZ DT NN : `` NNS IN RB JJ NNS , IN DT NN IN CD HYPH NN IN DT NN -LRB- RB DT NN IN DT JJ NN -RRB- , MD VB JJ NNS IN NN WDT MD VB VBN IN DT NN . '' RB WP VBZ DT NN IN JJ JJ NN . DT NN WDT VBD RP IN DT NN VBZ JJ NN MD VB VBN TO VB JJ NNS CC `` JJ NNS '' IN JJR NN . DT VBZ RB DT NN VBN IN JJ HYPH NN NN NNS : PRP VBZ TO VB NNS . IN DT NN NN , JJ JJ NNS VBP DT NN IN JJ NNS TO RB VB DT NNS IN NNS , RB JJ , CC VB PRP$ NNS CC NNS . DT VBZ DT RB RBR JJ NN : DT NN IN `` NNP IN DT NNP '' IN PRP POS NN WDT MD RB VB NNS TO VB NNS POS NNS . IN VBG PDT DT IN DT NN NN NN , VB DT NN IN DT JJ NN VBZ RB VBN IN VBG NN HYPH NN NNS JJ IN VBG NNS POS NNS CC NNS . CC NN JJ IN NNP NNP , DT NN IN NNP , WP RB VBD IN DT JJ NN NN , VBD VB DT NN . IN DT NN IN $ CD CD , DT NNP NN VBD NN IN JJ NNS WDT MD VB VBN IN NNS POS NNS TO CC VB CC VB PRP$ NNS . CC RB RB , DT NN VBD TO VB `` RB JJ NNS '' VB IN PRP$ NNS CC NNS . `` VB IN PRP VBP DT NN IN NN CC PRP VBP DT NN , '' VBD NNP IN NNP NNP NNP . `` PRP MD VB DT NN CC RB VB IN DT NN TO VB PRP IN VBG . '' DT NNS VBP IN NN IN DT NNP NN POS `` NNP NNP , '' DT RB HYPH VBN `` NN HYPH NN '' NN VBG RB VBN IN DT NNP NNPS IN NNP -LRB- NNP -RRB- , DT NNP NNP NNP -LRB- NNP -RRB- CC DT NNP NNP NNP NNPS NNP -LRB- NNP -RRB- . DT NN VBZ VBG VBN IN DT `` NN '' NN IN VBN NNS CC NN NNS , CC NNS VBP PRP IN DT NN IN JJ NN HYPH NN . `` PRP$ NN VBZ VBN NN NN , '' VBD NNP NNP NNP -LRB- NNP -RRB- NN NNP NNP RB IN CD , VBG RB RB RB IN DT NNS IN DT VBG NN . `` RB IN PRP VBP NNS NN TO VB NN , NN PRP MD VB DT NN IN NN IN DT NN TO VB RP JJ NNS , TO VB JJ NNS IN NNS , CC TO VB DT NN IN NN IN DT VBN NN . CC WDT NN MD JJ NN VB IN DT JJ NNS . WP VBZ DT NN IN NNS POS JJ CC JJ NNS , VBN IN DT VBN NN IN JJ NNS , VB IN DT NN IN NN WDT VBZ JJ NNS RB JJ . ''"
293,265,conspiracy,"IN VBG DT IN CD , CD VBP VBN IN DT NN IN PRP VBD JJ NN : DT NNPS VBD CC NNP CC NNP CC EX VBZ DT NN NNP MD VB NNP PRP$ JJ NN VBD TO VB NNP NNP VBD RB VB DT NN NN , CC VBD DT NN IN VBG NNP , VBG IN NNP NNP HYPH VBG NN NNP NNP , NN IN NNP POS NNP -LRB- NNP CC NNP , CD -RRB- . NNP VBD DT NN IN JJ NN VBD IN DT NN IN NNP CC PRP$ JJ NNS : NNP CC DT NNP NNPS . PRP$ JJ NNS VBD VBN IN JJ NNP , WDT PRP VBD IN DT NN IN JJ NN NNS . PRP VBD VBN TO VB VBG DT NN IN CD NNS . DT `` NN IN NNP '' VBD DT JJ NN NN IN NNP . PRP VBP RB RB VB NNP IN JJ NN . IN NNP CD , DT NNP VBD IN DT NN IN NN . DT JJ NN VBD VBN IN NNP . RB IN VB PRP NN , NNP VBD PRP$ NNS IN CD NNS VBG CD NNS TO VB . `` DT NN IN DT JJ NN VBZ RB JJ TO VB , '' NNP VBD . `` PRP$ CD NNS VBP RB RB CC RB . DT VBZ CC RB VBZ VBN PRP$ NN , RB IN PRP$ NNS MD VB PRP . '' -LRB- NNP , CD -RRB- DT VBZ RB DT NN TO VB NNP . PRP$ NN IN JJ JJ NN CC PRP$ NN , NN IN `` JJ NNS '' -LRB- RB NNPS CC NNPS -RRB- VBP JJ IN PRP . -LRB- VBP PRP VB TO VB DT . -RRB- PRP$ JJ NNS VBD VBN IN DT NNPS . PRP VBP NNS MD VB NN IN PRP$ NN CC NN IN VBG TO VB NNS . RB , PRP MD VB IN PRP$ NN IN NNP VBZ VBN IN NN . DT NNPS VBD RB JJ IN NNS CC NN NNS . RB , NNP VBD VBN , VBN CC VBN IN DT JJ JJ NN WDT VBZ DT NN NN . VBG IN NNP POS RB HYPH VBN NN , NNP VBD VBG TO VB DT NNP TO VB NN . IN NN , PRP VBD JJ TO VB IN JJ NNP CC IN JJ IN NNP . NNP VBZ WRB NNP NNP -LRB- DT NN IN DT NNP -RRB- VBD NN IN NNP POS JJ NN TO VB PRP$ NNS IN NNP CC VB PRP IN DT CD HYPH JJ NN . PRP VBD PRP IN DT JJ JJ NNP -LRB- JJ NNP -RRB- `` NNP NNP '' VBD VBN TO VB DT `` NN '' NNP . DT NN VBD IN DT NNP IN NNP -LRB- DT JJ NNP NNP CD -RRB- CC NN HYPH JJ NNS VBN IN DT `` NNP NNP . '' DT NNPS VBD VBG JJ NNS IN DT NN CC VBD IN PRP . NNP VBD TO VB DT NN IN NNP VBD TO VB IN DT NNP NN IN NNP IN PRP VBD . NNP NNP , DT NNP NN IN NNP NNP , VBD IN NN IN DT NNP NN CC VBD IN NNP NNP CD , CD TO VB NN . VBG IN NNP , NNP VBD NNP POS NNS . RB DT VBD DT JJS NN IN DT NNP . RB , EX VBD DT JJ NN IN CC NNP CC JJ NN NNS . PRP VBZ DT NNPS VBD PRP VBD DT NN IN DT JJ CC VBD PRP$ NN IN DT NN IN NNP DT VBG NN -LRB- NNP CD , CD . -RRB- NNP VBD RB VB IN DT JJ JJ NN VBD -LRB- CC RB VBZ -RRB- RB VBN IN JJ -LRB- FW NNP -RRB- NN . JJ JJ NN VBZ , IN NN , DT NN IN DT NNS WDT VBP DT NNP IN NNP CC DT NNP NNP . DT JJ CC JJ NNS VBP VBN IN NN , NN CC NNP NN -LRB- FW NNP -RRB- . CC NNP CC NNP VBD PRP$ NNS . -LRB- PDT PRP$ `` NNS '' VBP . -RRB- IN CD NNP NNP VBD DT NNP , DT JJ JJ NN WDT IN NN VBD DT JJ NNS IN DT JJ NN VBG DT NNP NNP IN CD . DT JJ NN VBZ TO VB DT NN NN NN , WDT VBZ IN DT JJ NN NN . IN DT NNS PRP$ NN VBD TO VB DT CD HYPH JJ NN WDT MD VB DT JJ NN NNS -LRB- NNP , NNP CC NNP -RRB- VB . IN DT NNS , DT NN VBD TO VB NNS IN NNS , VB NN , VB JJ NN CC JJ NN , CC VB `` NN NN '' -LRB- DT JJ NNP -RRB- VBP JJ IN `` NN . '' DT NNP NNP NNP IN NNP VBD RB VBN TO VB NNP POS JJ NNS CC TO VB NN . NNP NNP , DT -LRB- NNP -RRB- NNP NNP IN NNP , VBD RB VBN RP IN NN JJ WRB PRP$ NN VBD PRP$ NNS IN DT NNP NN . -LRB- VB PRP$ NNP IN NNP -RRB- WRB MD DT JJ NN RB VB TO VB NNP , WDT PRP VBD . DT NN IN DT CD NNP NN IN NNP NNP -LRB- RB NNP NNP -RRB- VBZ DT NN . NNP VBD DT NN IN NNP POS CC JJ JJ NN IN NNP . NNP POS NN NNP NNP VBD VBN TO VB NNP CC VBD JJ IN DT JJ NN . NNP VBD JJ TO VB NN CC VB NNP IN NNP NN . IN NN TO VB NNP , JJ NN VBD VBN TO VB RP NNP CC DT NNP NN . NNP VBZ IN JJ NNS VBD DT NNPS IN NNP VBD RB JJ IN DT . `` DT NN NNP VBD PRP IN DT JJ NN CC NNP VBD RB RB VB PRP$ NN , PRP RB VBD VBG WP$ NN PRP VBD . PRP$ NN VBD TO VB DT NN CC NNP VBD NN , DT NNPS -RRB- VBD , NNS IN NNS VBN IN PRP IN NNP NNP , CC NNS IN NNPS IN JJ NNS IN NNP , -LRB- VBG -RRB- DT NN IN DT NNP CC DT NNP CC RB DT NN IN DT NNS . '' RB IN DT NNS , NNP RB VBD JJ . PRP VBD TO VB PRP$ JJ NN . `` PRP VBD RP IN PRP DT NN IN VBG NN CC RB RB JJ NNS , CC RB JJ NNS , PRP VBD RP DT JJ NN IN NN CC VBD PRP IN VB IN DT NN IN DT NN . VBP PRP JJ IN VBG WP MD VB VBN , IN PRP VBD VBN DT NN IN JJ NNS CC VBN IN DT NN IN DT NN IN NN -LRB- JJ NN , VBG DT IN DT NNS -RRB- . IN PRP MD , RB VB PRP$ JJ NNS . '' NNP VBD VBN DT JJR NN IN NNP , WP VBD RB VBN IN NN . DT NNP VBD RB VBG TO VB NN IN NNP IN PRP VBD VBN DT NN POS NN . RB , DT NNP VBD DT VBN NN , DT NN IN NNP CC DT NN IN DT NNP . DT NN `` NNP NNPS IN NNP NNP '' -LRB- CD -RRB- IN `` NNP NNP '' VBZ DT NN IN WRB DT NNP NN VBD NNP . DT CD HYPH NN NN VBD VBN IN JJ NNS CC VBD VBN IN CD IN `` NNP POS NNP NNPS . '' `` NNP '' VBZ DT NNP CD NN IN `` NNP , '' DT NNP IN NNP NNP POS NNP NNP , DT NNPS IN DT NNP NNP NNPS , `` DT NNP NNP '' CC `` NNP IN NNP NNP . '' DT VBP DT NNP VBD . PRP VBD VBN IN NNP WP VBD NNP MD VB IN NNP CC VB NNP WRB JJ NN PRP VBD TO VB DT NN . DT JJ NN VBD IN NNP VBZ `` DT JJ JJ NN . '' `` NNP '' VBZ CD NNS IN NNP IN CD CC CD . DT JJ VBD NN IN DT NN NN CC NNP VBD PRP$ NNS IN DT NN IN DT NN NN . RB $ CD CD VBD VBN . DT VBD RB JJ IN DT NN IN DT NN IN DT NNPS VBD NN CC NN IN JJ IN PRP$ NNS . NNP VBD RB VBN DT NN IN DT NN CC VBD RB VB . IN CD NNS , PRP VBD RP RB IN `` NNP '' VBD PRP JJ CC VBD DT NN IN `` NNP '' MD VB . EX VBZ DT `` NNP NNP '' CC DT JJ NN VBZ DT NN MD VB NNP NNP NNP , NN IN NNP NNP NN NNP NNP . NNP NNP NN VBD IN DT NNP NNS IN NNP NNP NNP VBD DT NN IN WDT RB $ CD CD VBD VBN IN NNP NNP IN DT NNPS . PRP VBZ WRB NN MD VB IN DT JJ NN TO VB DT RBS JJ NNS IN DT NN IN PRP VBD RB JJ . DT JJ NNS IN DT NN TO VB PRP VBP DT NNS PRP VBZ , CC PRP VBP DT NN IN VBG JJ NNS . VB RB NNP NNP POS NN IN DT NN . `` WP VBZ DT NN VBZ DT NN : WP VBZ DT NN VBZ DT NN . '' NNP NNP DT NNS VBP NN . PRP$ NN IN NNP CC DT NNP NNP NNP VBZ RB DT JJ NN . RB NNP VBD VBN CC VBN IN DT NNS PRP VBD IN . PRP VBD DT NN IN PRP VBD RB VB PRP$ JJR NN . PRP RB VBD TO VB IN PRP VBD NNP CC DT NNP NNPS . PRP VBZ IN IN PRP VBD RB VB PRP$ JJ NN . VBN IN JJ NN , PRP VBD DT JJ NN -LRB- IN PRP$ NN IN NN -RRB- IN RB VBG NNP IN VBG DT NNP JJ NNS . PRP VBD DT JJ NN IN RB VBG TO VB DT JJ NNS IN NN . JJ NN VBD DT NNPS IN JJ NNS . CC IN PRP$ JJ JJ NN CC JJ NN , NNP MD VB VBN DT NN . JJ NNPS CC RB DT JJ NNPS VBD PRP . RB , PRP VBD DT NN IN DT NNP POS JJ NN . NFP VB RB PRP$ `` VBD NNP DT `` JJ '' NN . '' VB RB PRP$ `` NNP NNP NNP ''"
294,31,mainstream,"WP VBZ PDT DT IN NNS . RB PRP VBZ DT JJ JJ NN TO VB PRP VB , WRB VBZ PRP$ NN VBG PRP RB RB . JJ NN : CC RB CD WDT PRP DT MD VB JJ TO VB . RB , WP VBP NNS , WRB VBP PRP VB CC WRB VBP PRP VBG IN PRP . IN PRP VBP , PRP DT VBP DT JJ NN : DT JJ NN NN IN DT NN VBN IN VBG DT JJ NNS IN NN . IN NN TO RB VB DT NN : CC NNS , IN PRP VBP VBN IN DT JJ NN NN : DT NN VBZ CD NNS WDT RB VBP RB : DT JJ JJ NN VBZ RB RB , CC IN JJ IN DT NN , CC DT JJ JJ NN VBZ JJR CC RB RBR JJ CC JJ , CC VBZ TO VB NNS IN NN TO VB . PRP$ JJ JJ NN VBZ DT NN IN JJ NNS , IN PRP$ NN CC NN NNS , RB RB IN VBN JJ NNS IN JJ NN NNS , CC NN NNS , WDT VBP IN DT NN , VBG NNS VBN IN DT NN CC VBG DT NN RP IN NNS . PRP$ JJ JJ NN , IN DT JJ NN , VBZ DT NN IN DT JJ NN WDT VBZ RB JJ IN DT NN IN JJ CC VBZ JJ NNS TO VB PRP . NNS VBP DT JJ NN IN DT JJ JJ NN . PRP$ JJ NN VBZ NNP HYPH VBN NNS VBN NNS TO VB VB JJ NNS DT NN VBZ VBN JJ . `` NNS VBP VBN IN DT JJ JJ NN VBN DT NN NN , WDT VBZ DT VBN NN NN -LRB- DT NN WDT VBZ VBN WRB PRP$ NN VBZ DT NN , CC NN , CC VBZ IN PRP -RRB- WDT VBZ VBN TO VB JJ NNS IN JJ NNS , '' VBZ NNP NNP , NN IN NN IN DT NNP IN NNP CC NNP NNPS IN NNP POS NNP NNP , IN DT NN NN . `` NNS VBP VBN IN PRP$ NN CC JJ NNS IN PRP$ NN CC PRP VBP IN NNS WDT VBP JJ CC JJ IN PRP$ NN . PRP VBP RB JJ CC MD VB CC VB IN JJ NNS IN NNS VBG NNS , NN , NN CC JJ JJ NNS . PRP$ NN VBZ NNS IN NNS , DT VBG DT JJ NN , CC JJ IN DT NN CC DT NN , DT NN VBZ RB JJ IN DT NN PRP VBZ . '' RB , PRP$ JJ NN VBZ DT NN IN PRP$ NN IN DT CC DT NN PRP VBZ RB VBN . WRB DT NN VBZ IN DT NN PRP VBZ JJ IN , PRP VBZ IN DT NN TO VB DT JJ NN WDT DT NN VBZ JJ CC MD VB VBN . DT NN RB VBZ IN JJ NNS CC NNS IN DT NN NN TO VB DT NN CC VB DT NN IN DT NN . CC , IN NN , NNS MD RB VB CC VB , WDT VBZ WRB NN NNS VBP JJ . DT NN NN VBZ IN DT NN VBZ VBN NNS IN DT NN WDT VBZ VBG VBN IN . IN DT NN VBZ VBN VBN IN DT NN : VB DT NN HYPH CD NN , IN NN : RB PRP$ NN NNS MD VB VBN CC VB VBG NNS JJ IN DT NN . CC RB JJ IN NNS VBP IN PRP$ NN , EX VBZ RB DT JJ NN NN IN DT NN : PRP MD VB DT NN CC CD IN DT NN TO VB VBG NNS IN DT NN . IN RB JJ NNS IN NNS , CC RB NN HYPH CD IN DT NNS , DT NN MD VB DT NN IN PRP$ JJ NN VBZ NN TO VB NNS IN PRP . `` IN DT NN NN , DT NN POS NN VBZ VBN TO VB IN PRP VBZ NNS WDT VBP IN DT NN , '' VBZ NNP . `` PRP VBZ RB VB IN NN VBZ DT JJ NN , CC IN PRP VBP VBG NNS IN DT NN . DT JJ NN NN VBZ IN DT NN VBD VBN IN DT NN . '' IN NN , DT NN NN VBZ IN DT NN VBD DT JJ NN IN DT JJ NN IN DT NN , CC WP PRP MD VB VBZ IN DT NN VBZ RB VBN IN DT NN . EX VBP JJ NNS IN NNS IN DT JJ NN : DT VBP JJ NN CC DT VBP NNS IN JJR NN . NN NN VBZ NN IN PDT DT JJ NNS . IN PRP VBP TO VB IN JJ NN HYPH CD NN , PRP MD VB IN NN -LRB- NN NN -RRB- NNS . NNP -LRB- NN NN -RRB- NNS , RB , VBP RBR TO VB , RB MD VB JJR NN . JJ NN HYPH CD NN NN MD CC VBZ VB DT NNS . DT JJ NN NN VBZ IN PRP VBP NNS IN PRP$ NN WDT VBP CC VBP IN DT JJ NN , WDT VBZ DT JJ NN IN DT NNS MD RB VB NN IN DT NN IN NN . IN DT NN IN NNP HYPH CD , PRP VBZ JJ TO VB IN DT NN WRB RB , CC RB IN , DT NNS MD VB PRP IN NN . `` DT NN IN NN VBZ IN DT NN IN NNS , VBG WRB JJ NN DT NN VBZ CC IN DT NN VBZ , '' VBZ NNP . DT VBN , NN NNS MD VB VBN RB RB TO VB IN DT NN VBZ VBN VBN IN NNP HYPH CD , CC RB TO VB DT JJR NN IN WRB JJ NNP HYPH CD VBZ IN DT NN . IN NN , NNS WP VBD VBN IN NN HYPH CD CC VBD RB JJ NNS MD RB VB JJ IN DT NN NN IN DT JJ NN IN NN IN DT RB JJ NN . `` IN NN NN VBZ VBN IN DT JJ NN , DT NNS MD VB VBN TO RBR RB VB WRB JJ NNS VBD VBN IN DT NN , '' VBZ NNP . `` NN NNS MD RB RB VB DT JJ NN IN VBG NN RB IN JJ . NNS IN JJ NN NNS MD VB JJ TO VB IN PRP VBD NN IN DT NN , CC RB VBP VBN IN NN : IN JJS IN DT VBN NN IN NN . '' CC NNP VBZ NN NN NNS MD VB VBN IN DT NN IN NN , IN NNS WP VBP JJ MD RB VB DT JJ NN WDT PRP MD VB IN NNS . RB , DT NN IN DT NN WDT VBZ IN DT NN IN DT JJ NN VBN IN DT NN NN IN NN HYPH CD MD RB VB DT RBR JJ NN IN IN DT NN VBZ JJ TO VB IN JJ NN ."
295,715,conspiracy,"IN NNP CD , CD , IN NNP , NNP , DT NNP NNP NNP -LRB- NNP VBD DT NN NN , `` VBG NN NN NN IN DT NNP , '' IN PRP$ `` VB NNS DT NN '' NNP . DT NN VBD DT NN IN NNS VBG NNS WP VBP IN IN NN NN NNS , NNS WP VBP IN DT VBN NN NN , CC DT NN IN DT NN IN VBG CC VBG NNS IN NN . DT NNS VBD -LRB- IN NN IN NN -RRB- : NFP NNP NNP , NNP , NNP IN DT NNP NNP NNP CC NNP NNP NNP IN NNP HYPH NNP NNP IN NNP , NNP NNP -LRB- NN -RRB- . SYM , NNP , NNP IN NNP , NNP NNP CC NNP IN NNP NNP IN NNP , NNP , NNP . SYM , NNP , NNP IN NNP , NNP IN NNP , NNP POS NNP NNP IN NNP . NNP VBZ JJ NNS IN NNS WP VBP IN NN , CC VBZ VBN IN PRP$ NN IN NNP NNP NNP CD , WDT VBD NNS IN NN NNS IN NN IN NNP NNS CC NN NNS . NFP NNP NNP , NNP , NNP IN NNP NNP CC NNP NNPS , NNP NNP NNP IN NNP . NFP , NNP , NNP IN DT NNP NNP NNP IN DT NNP POS NNP IN NNP . VBG IN DT CD NN IN DT NN RB , NNP CC NNP NNP NNP NNP VBZ , IN JJ NN CC NN IN DT NN WP MD VB VBN IN JJ NN : NNS CC NNS VBP , RB VBP RP IN NN JJ RB . -LRB- NNP NNP NNP VBZ DT RB JJR NN : JJ , JJ , JJ : CC PRP VBZ DT JJ NN IN NN IN NNP NNP . -RRB- IN DT CD NN , NNP NNP VBZ : `` DT NN , DT NN VBZ VBG VBN : CD NN , CD NN , CD NN NN . DT VBZ WRB PRP VBP VBG RB RB IN PRP VBP . PRP VBP VBG IN DT NN -LRB- IN NN NNS -RRB- , CC NNS IN DT NN . RB PRP VBP DT NN : DT NN VBN IN DT JJ CD NNS , PRP VBP IN NN NNS , PRP VBP RB VBG IN NNS PRP MD VB PRP IN VBG IN NNS , CC NNS . -LRB- CD NN -RRB- VB PRP RB VB JJ IN PDT DT NNS IN DT NNP NNPS , IN NNP VBZ DT RBS JJ NN IN DT JJ NNP NNPS . EX VBP CD JJ NNS VBN IN DT NN . PRP VBP VBN IN DT -LRB- JJ -RRB- NN IN JJR IN CD NNS IN DT NN IN NNP . DT NN IN PRP VBP WP PRP DT `` NNPS '' : PRP VBZ RB DT NN CC DT NN , PRP VBZ DT JJ NN . DT NN IN PRP VBP IN NNP CC NNP NNP , NNP . VB WP VBZ TO VB VBN DT JJS IN NNP . NNS . PRP VBZ DT `` RB VBN '' : IN NNS IN NNS IN NN CC DT NN IN DT NN : -LRB- WP VBP DT NN NNS -RRB- , NNS WDT VBP VBN RB IN DT JJ NN , CC PRP VBZ RB JJ CC . CC PRP VBP PRP VBP RB VB DT JJ NN . DT JJ NN VBZ EX VBP NNS RB RB : NN NNS , NNS , NNS : VBG CD IN CD IN CC DT JJR NN : PRP VBP RB VB WRB DT NN VBZ VBG DT NN . IN PRP , PRP VBD CD , PRP VBD PRP$ NN CC VBD `` UH , PRP VBP DT VBN HYPH NN '' . PRP VBD RB VBN PRP DT NNP NN IN RB , RB PRP VBZ DT JJ NN PRP VBD VBN RP . PRP VBP IN PRP VBP TO VB NNS IN DT JJ NN HYPH VBN NN TO VB DT NN , CC VB PRP$ NN NN NN TO VB WP NNS VBP . VB NNS JJ NN TO VB IN JJ NNS . RBS JJ NNS , PRP VBZ RB JJ , NN VBD PRP RBR , DT NNS VBP VBG `` JJ NNS '' . DT VBZ DT NN TO VB IN NNS . DT NN VBZ VBN CD IN CD , IN JJ NNS . PRP VBP TO VB DT NNS WDT VBP NN NN NNS , NNS , PRP VBP NNS VBP RB RB JJ , PRP VBP DT NNS WP VBP RB VBG DT NNS , CC IN PRP VBP RB IN NN IN VBG NNS , RB VBP PRP VB PRP VBP TO VB JJ IN PRP VBG DT NN . PRP VBP TO VB PRP$ JJ -LRB- NN NN -RRB- NN NN IN NN . '' NN IN NNP , NNP CD , CD : IN DT NN MD VB , DT NN RB MD RB RBR VB VBN IN DT NNP NNP NNP VBD PRP `` JJ '' . CC PRP VBD DT NN , NN IN NNP NNP NNP . NN VBZ `` DT NNS VBG DT NN , CC DT NNS IN NNP NNP NNP , VBP VBN VBN IN DT NNP NNP NNP POS NN , RB RB . '' `` VB PRP RB VB JJ IN DT NNS IN DT NNP NNPS '' : NNP NNP NNP , NNP CC NNP . CC RB CD NN : IN DT NN CC IN DT NN : VBD CC VBD NNP NNP WP PRP VBD IN DT . RB , VBG IN DT CD NN , DT JJ NN NN IN NN NN , WP VBZ PRP IN DT JJ NN NN IN NNP NNP WP VBZ NN CC VBZ IN NN , VBZ IN JJ NN NNS VBP NN IN NNS WP$ NNS VBP NNS . DT NN VBZ : IN DT NN , IN PRP VBD VBG , DT NNP NNPS VBD VBN RP IN JJ NNS . NFP JJ NN VBZ NN IN NN NN CC NN : VBN NFP PRP VBZ RB NN : NN IN NN NN VBZ PRP VBZ NN , NNS VBP VBN JJ NN NNS VBN IN NN NN MD VB NN , NNP VBZ NNS IN NNPS VBN NN NN IN NN NN , SYM VBN JJ NN NNS IN PRP$ NN , NNS , CC NNS NFP WRB VBP PRP$ NNS VBG NN NN NN . NFP DT NNS IN DT JJ NN , NNS CC NN NN"
296,387,mainstream,"IN NNP VBZ IN NN , CC NNS VBP IN DT JJ NN IN NN NNS , NNS VBP IN DT VBN NN TO VB DT NN HYPH CD NN WDT MD VB DT NN . IN VBZ RB DT NN , EX VBZ NN IN DT JJ JJ NN : CC EX VBP NNS IN NNS TO VB RB IN NN TO VB IN DT NN IN CC WRB PRP VBZ JJ . JJ NNP NNP NNP VBD DT NNP NN NN IN NNP IN NNP , WRB PRP VBD $ CD CD NNS IN NN NNS TO VB NNP POS NN IN JJ NNS IN NNS CC NNS . NNP VBD PRP IN DT NN IN DT JJ NN JJ NN WRB PRP VBD DT NNP NNPS VBD VBN JJ TO VB PRP$ NN NN CC MD VB NN NN IN DT NN . NN NNP NNP VBD RB VBN IN DT JJ NN POS NN TO VB PRP$ NNS . IN NNP , IN NNP IN PRP$ NN , PRP VBD DT NN TO VB CD CD IN NN NN CC NN IN NNP . `` NNP POS NN NNS IN NNP , '' NNP VBD IN DT NN . `` IN VBG IN DT JJ JJ NN CC DT NN NN , NNP VBZ NNP IN DT NN IN PRP$ NN , VBG TO VB NNP DT NN HYPH NN NN IN NN IN NN NN CC NN . '' NNP VBZ TO VB DT JJ NN RB IN NNP VBN TO `` VB NN NNS IN DT NN IN JJ NNS , '' DT NN VBD . DT NN MD VB JJ IN VBG CD IN CD NNS RB , VBN IN CD RB . NNP POS NN VBZ RB NNS IN JJ NN , NNP VBD DT NN IN NNP , NNP , NNP CC DT NNPS TO VB IN IN CD CD NNS IN DT JJ NN HYPH CD NN RB RB IN NNP . DT JJ NNP NN NNS MD VB DT NN TO VB DT NN . DT NN TO VB DT NN VBZ DT JJS IN DT NN , RB IN EX VBG DT NN PRP MD VB JJ IN VBG NN NNS . IN IN DT NN VBN IN DT NN , WDT VBZ RB VBN IN JJS CD CD NNS RB CC VBN JJR IN CD , NNP VBZ VBG RP PRP$ NN NN IN JJ NNS , IN NN IN DT NNP IN NNP , VBP RB JJ . `` RB , PRP VBZ DT JJ NN . CC PRP VBZ DT JJ NN TO VB JJ TO VB DT NN IN NNP IN DT JJ NNS VBP JJ , '' VBD NNP NN , NNP NNP . NNS CC NNS IN DT VBP VB DT JJ NNS IN JJ NNS IN VBG NNS DT NN IN PRP MD VB PRP$ NNS IN NNS WRB PRP VBP JJ : CC IN PRP MD RB VB VBG TO VB PRP IN PRP VBD IN NNS , NNS CC JJ JJ JJ NN -LRB- NN -RRB- . PRP VBZ DT JJ NN . RB DT CD JJ NNS VBP RB IN DT JJ NNS IN VBG VBN IN NNS IN NNS . EX VBZ DT NN DT IN PRP MD VB , CC EX VBP VBG NNS IN IN JJS DT MD , CC IN PRP MD VB JJ IN DT NN IN DT NN . DT NNS , RB , VBP JJ IN DT NN MD VB JJ RB RB IN NNP VBZ . `` NN VBZ VBN VBN WDT MD VB WRB DT NN MD VB VBN IN DT NN RB RB . PRP MD VB TO VB NN IN PRP$ NN VBZ RB VB CC VBZ RB VB DT VBN NN NNS , '' VBD NNP NNP NNP , NN CC NN IN NN IN NNP POS NNP NNP NNP NNP . RB , PRP VBZ DT NN IN NNS VBP JJ TO VB TO VB NN HYPH CD IN VBG PRP$ NN NNS CC VBG PRP$ NNS . IN DT NN NN IN JJ NNP , NNP CC NN NNS VBD NNS TO VB RP DT NN IN DT NN HYPH CD NN CC VBN IN VBG PRP VBZ VBN JJ CC JJ IN DT . CC IN DT NNP CC JJ NNS VBG JJ NNS IN JJ NNS TO VB NNS , PRP VBZ JJ WRB RB PDT DT NN MD VB IN NN . DT NNP NNPS VBZ RB VBN `` NNP NNP NNP , '' DT JJ HYPH JJ NN VBG JJ NN IN DT NN IN VBG JJ NNS IN DT NN HYPH CD NN IN NNPS IN NNP CD . IN NNP , DT JJ NN VBD PRP VBD VBG DT CD NN NN NN -LRB- JJ $ CD CD -RRB- IN NNP , DT JJ NN RB VBG IN DT JJ NN HYPH CD NN VBN TO VB VBN VBN IN DT NNP NN IN NNP . `` IN PRP CC IN DT JJ JJ NN , PRP VBZ , RB JJ IN PRP VBP CC VBP JJ JJ NNS IN NNP , VBP PRP JJ , JJ NN NNS , JJ NNS : DT JJ NN , DT NN NN , CC JJ NNS , '' '' JJ NNP NNP , NNP NNP VBD . `` DT VBZ IN JJ IN NN CC NN NNS , '' PRP VBD . WRB VBP PRP IN NN HYPH CD NNS . IN IN NNP CD , EX VBD CD NN NNS IN DT JJ NN -LRB- VBG VBN IN NNS -RRB- CC CD IN DT JJ NN -LRB- VBG VBN IN NNS -RRB- , VBG IN DT NNP NNP NNP -LRB- NNP -RRB- . NNP NN NN NNP VBZ RB VBN PRP MD VB NNP CD : DT JJ NN : IN PRP$ JJ NNS IN NNP . NNP CC DT NNP IN NNP VBP VBG PRP$ NN NN IN DT CD NNS CC VBP TO VB NNS IN PRP$ NN IN DT NN . NNP CC NNP VBZ PRP MD VB JJ TO VB CD CD NNS JJ NN , IN NNP VBZ VBG IN CD JJ NNS WDT MD RB VB JJ NNS , DT IN WDT MD VB JJ IN JJ CD . NNS IN NNP NNP NNP VBP RB VBN TO VB VBG PRP$ JJ NN IN NNS DT NN . DT NN VBZ VBN IN $ CD CD -LRB- CD CD -RRB- IN NNP NN NN ."
297,831,conspiracy,"IN CD , DT JJ NNP NNP NN VBD NN WDT RB VBZ VBN : NNS `` VBP RB '' IN DT IN PRP . VBG DT JJ NN IN JJ NNS CC NNS POS NN NN IN NN NN , DT NN VBD IN JJ NNPS VBP JJR NN NNS IN JJ JJ , JJ NNS CC `` RB `` RB VBP `` PDT DT NN NN -LRB- IN NN -RRB- WDT PRP VBP IN NNPS . '' NFP JJ NN IN CD NNS : JJ NNS NN RB VBN IN NN CC `` NN , '' DT JJ JJ NN IN NNS VB RP DT NN RB WRB PRP VBZ IN NN DT NN JJR . PRP VBP JJR NNS CC NNS MD VB NNS IN DT CC VB NNS IN NNS . CD NN VBZ RB VB DT . DT `` RB JJ '' NNS VBP NN NNS IN NN NN , NN NN CC NN NN . IN PRP MD VB NN NNS TO VB DT NN VB IN JJ CD HYPH NN HYPH NNS HYPH DT NN NNS MD VB `` VBG HYPH JJ NN IN VBG -LRB- PRP -RRB- JJ WP -LRB- PRP -RRB- RB VBP , '' EX VBZ JJ NN IN DT JJ NN VBZ VBN RP . RB , NNP NNS CC JJ NN NNS VBP VBG IN DT JJ NN , VBG RP IN NNS TO VB NN JJ IN DT . DT NNP NN , NNP NNP NNP , VBZ DT JJ NN NN WP VBZ RP PRP$ NN POS NNP NNP NNP , VBZ JJ NN IN DT NNP NNPS IN NNP -LRB- NNP -RRB- , VBZ IN NN HYPH IN HYPH NN IN DT NN NNP CC NNS NNS IN NNS VBG VBN IN NNP . IN DT NN IN NNP NNP IN CD , NNP VBD DT JJ NN , RB , IN PRP `` VBZ RB VBN RB JJ IN DT VBG NN NN '' IN PRP$ NN RB RB VBZ IN NNS VBP IN PRP$ NN IN NNS CC IN PRP$ JJ NN IN NN HYPH JJ JJ NNS . WRB TO VB DT NN IN IN JJS CD IN CD NNS WP VBP DT JJ VBN NN NN NN `` RB VB CC VB JJ NN NNS '' . NNP POS NN IN DT JJ NN VBZ VBN TO VB JJ NN CC NN IN NNS CC JJ JJ NNS . RB , DT NN VBZ IN JJ , JJ CC JJ NNS RB VBP DT NN CC `` NN '' IN NN HYPH NN NN NNS . IN NN , WRB DT NNP NNS VBD `` WRB DT NN IN NN NNS VBP '' VBG NNS NN , PRP VBD IN IN NNS WP VBD VBN CD NN IN NN NN , NNS NN VBD RB RBR RB IN JJ NNS IN IN NNS IN NN . NN VBZ NN , WDT VBD JJR NN NNS IN NNS IN NN VBN IN NNS IN DT NN . IN CC JJ , RB , DT NN NN VBZ VBN VBN IN JJ NNS . NNP CC NNS VBP JJ NNS IN DT NN NN NNS VBN IN JJ NN NNS : CC DT NN NN NNS VBN IN NN JJ NNS . DT IN DT VBN `` NNS '' VBP IN DT JJ NN NNS . IN NN , NNP POS NN IN DT NN IN `` NN '' : VBN NN : VBZ IN DT JJ NN IN NNS VBG RB IN `` PRP$ NN NNS VBN IN NNS IN PRP$ NN NN NNS , '' IN NNS CC PRP$ NNS `` VBP DT NNS TO VB IN DT NN POS NN NNS VBP VBN VBN IN NN NN NNS CC JJ NNS . '' DT NN RB RB VBZ NN NNS CC RB VBZ TO VB DT NN IN NNS IN NN HYPH VBN NN VBP RB VBN JJ TO VB IN JJR IN RB CD NN IN DT NN IN DT NN NNS VBP IN NNS . RB , `` NNS VBZ RB NN IN DT JJ HYPH NN NN '' : CC `` WP VBZ DT NN VBZ DT NN . '' NNS WP VBP VBN JJ IN DT `` NN '' VBP VBN RP NNS VBG DT JJ NN IN JJ NNS . CD NN VBD IN NN NN IN CC IN NN IN NN NNS , VBG IN `` NNS VBD RB DT NN IN WRB RB NNS VBD IN DT NN NN . '' IN NN , JJ NNS JJ IN NN CC JJ NNS VBD DT JJ NN . VBG DT NN IN VBG NN IN DT `` NN '' IN NN CC NN , DT NN POS JJ NN VBD IN `` VBG PRP$ NN VBZ RB VBG TO VB PRP NN IN PRP$ NN . '' DT NN IN DT NN NN VBZ DT NN IN `` NNS '' : DT JJ NN VBN TO VB NN IN JJ NNS CC NN NN NNS WDT VBP CC VBP JJ NN HYPH JJ NNS . IN DT VBZ IN DT JJ NN RB , NNP CC NNS RB VBP JJS IN PRP$ NN IN NNS , VBG IN JJ NNS MD VB RB `` RB JJ . '' DT NN VBZ DT JJ NN IN JJ NNS : VBG JJ NN NNS : VB IN VBG NNS IN NN NN -LRB- NNS -RRB- . RB , DT IN DT NNP NNS POS NNS VBZ TO `` VB NN IN DT IN JJ CC JJ NN VBG NN '' IN VBG DT `` VBN '' NN IN NN NNS . VBG DT NN WDT VBZ VBG IN DT NNS IN NN CC JJ NNS , PRP VBZ RB HYPH VBN TO VB JJ HYPH NN NNS IN JJR IN DT JJ . NFP DT NN IN NNS IN NN NN IN CD : VBG IN VBN NN IN DT NN VBN IN NNP , NNS MD `` VB IN NN POS NNS : -LRB- CC -RRB- VB , `` PRP VBP RB VB DT NN . PRP VBP RB IN DT NN , '' CC , `` PRP VBP RB DT NN IN DT JJ NN CC PDT DT NN , '' CC , `` PRP VBP IN NN IN DT NN IN NN NN . '' DT JJ CC JJ NNS CC NN NN VBZ , IN JJ NN , IN PRP MD VB NN NNS POS NNS IN NN . RB , PRP VBZ DT IN DT RBS JJ NNS IN DT : DT RB HYPH VBN JJ NN IN VBN NN CC DT NN VBN IN JJ NNS TO VB NN VBN IN JJ CC JJ NNS . MD DT NN VB JJ TO VB DT NNS : VBG RB IN PRP$ NN IN PRP$ NN CC VBG PRP$ NNS IN JJ NN NNS : IN NN IN JJ NNS IN VBN NN CC NN . RB NN MD VB . NN CD : NN TO VB RB VBN , IN NNS IN JJ NN"
298,8,conspiracy,"IN IN DT JJ NN IN NN CC NN , NN VBZ RB JJ IN DT NN HYPH VBN NN IN PRP$ JJ NN , DT NN VBP PRP VB DT JJ NN CC VB IN DT NN . DT NN RB VBZ DT JJ NN IN `` JJ NNS '' DT NNP NNP IN PRP$ NNP -LRB- VBN IN NNP CD -RRB- IN NNP NNP NNP . IN CD , JJ HYPH NN NNS VBP VBN DT NN TO VB NN IN NNS . PRP VBP JJ IN DT NN . `` DT NN NN IN DT JJ NN VBZ DT NN IN DT NN NN PRP , '' VBZ NNP NNP -LRB- DT NNP IN NNP , CD , CD -RRB- `` JJ NN VBZ VBG VBN , '' VBZ NNP NN . `` DT NNS IN NN VBN JJ VBP VBN RB VBN CC MD VB RB VBN . '' -LRB- DT NN IN NN : NNP IN NNP , CD , CD -RRB- `` IN DT JJ NN , NN MD VB JJ , '' VBZ NNP NNP , DT NN IN DT NNP NNP NNP . -LRB- NNP NNP , NNP NNP : DT NNP IN NNP IN NNP , CD -RRB- IN PRP , NNS VBP IN PRP$ NN IN `` JJ NNS '' MD VB DT NN IN JJ CC JJ . IN DT NNS IN JJ NN NNP NNP : IN CD NN DT NN VBZ JJ , TO VB DT JJ CC JJ NNS NN IN VBG NN , IN JJ CC JJ NNS RB VBP JJ NN , PRP MD VB RB IN DT JJ NN IN DT NN , NN NN . DT NN IN DT RBS JJ , JJ JJ CC JJ JJ NNS NN VBZ PRP$ RB JJ NN -LRB- CC NN , VBG IN PRP$ NNS -RRB- . DT NNP IN NNP , CD , CD . JJ CC JJ NNS VBP VBN JJ NN IN VBG DT JJ NN , PRP VBP JJ HYPH JJ NNS VBP JJ . IN JJ NNS VBP PRP `` NNS '' , NN VBZ DT JJ NN . PRP VBZ IN NNS CC NNS VBP RB RB JJ CC DT JJ CC RB JJ NN VBZ PRP JJ . NN VBZ NN IN DT JJ . NN , JJ CC JJ NNS VBP `` NNS '' TO VB NN IN `` NNS '' RB IN PRP$ NN . PRP VBP JJ JJ NN IN JJ . PRP VBP NNS IN NNS CC DT JJ NN IN JJ . DT NN IN JJ NN , PRP VBP , VBZ TO VB NN RB . JJ HYPH JJ NN VBZ VBN IN NNP CC VBZ DT JJ NN . CC DT NNP CC NNP POS NN NNS VBD VBN IN DT NNP NNP `` NNP NNP '' DT NNS VBD DT JJ NN IN NN IN NN . DT NN VBZ DT JJ : DT `` NN '' -LRB- JJ NNS , NN , NN -RRB- VBZ DT NN IN DT NN CC MD VB VBN -LRB- `` VBN '' -RRB- . NNS -LRB- DT NN -RRB- CC NN RB VBN `` VBN '' -LRB- NNS , JJ VBN NNS -RRB- MD VB JJ NN CC NN . WRB VBP NNS RB VBN DT NN . LS -RRB- DT JJ HYPH NNS VBP VBN PRP$ NN IN NN IN VBG PRP$ NN NN . NN , IN VBN CC RB , VBZ DT RB JJ NN . NNS MD RB VB PRP$ JJ NN IN NN IN NNS IN `` NN '' CC `` NN . '' DT NNS NN WP VBZ RB VB TO VB JJ VBZ JJ . LS -RRB- JJ NNPS , PRP VBD NN RB . PRP VBD JJ NN IN VBG TO VB NNS WRB IN NN PRP RB VBD DT JJ JJ NN . RB NNS CC NN VBP IN JJ NN IN PRP VBP VBN DT NNS CC RB VB PRP IN NN IN VBG DT JJ . DT NN VBZ JJ IN DT JJ NN IN DT NNS CC NNS TO VB DT NN VBD VBN IN NNP NNP . JJ JJ NNS RB `` VB DT NN '' IN NNS . IN NN , DT NNP NNP NN IN NNP VBZ CD HYPH NN HYPH JJ NNS IN JJ CC JJ NN . NNP NNP , NN IN DT NNP NNP NNP POS NNP VBD DT NN VBZ `` VBG TO VB DT RBR JJ -LRB- JJ -RRB- NN IN NNS . '' -LRB- NNP NNP , NNP -RRB- DT VBZ IN VBG DT JJ NN IN VBG NNS IN `` NNP POS NNPS '' CC `` NNP NNPS , NNP NNPS , NNP NNPS . '' IN DT JJ NN , NN VBZ RB DT NN . PRP$ NNS POS NNS VBP VBN VBN TO VB DT NN IN NNS CC NNS MD VB JJ , VB IN JJ NNS , CC VB IN `` JJ '' NNS . IN DT NN NN , PRP VBD TO VB NNS IN NNP NNP , WP VBD NN HYPH JJ NN IN JJ NNS . PRP VBD VBN IN `` JJ NN '' IN JJ NNS CC VBD PRP$ NN . -LRB- JJ NN VBZ RB VBN IN NN WDT VBZ DT NN JJ . -RRB- IN NNS , PRP MD VB PRP$ NN IN NNS MD VB `` JJ . '' DT VBZ VBN IN DT NN IN NN . PRP MD VB NNS IN JJ CC NNS IN JJ . PRP VBP RB VB JJ NN , DT JJS NN WDT NN VBZ PRP . DT JJ NN IN PRP$ JJ NN VBZ IN NN . PRP VBD TO VB JJ CC VB JJ . '' RB JJ CC JJ NNS MD RB VB PRP VB . IN DT JJ NN IN DT NN NN NNS , NNP CC NNP VBP IN DT NNS NN . NNP VBZ VBG DT NN NN IN VBG IN DT JJ NN NN . NNP VBZ DT NN NN CC VBZ VBN IN VBG RB RB . UH , IN NNP MD VB PRP , RB MD PRP . NNP VBZ TO VB IN DT JJ NN . PRP VBD NNP POS NN JJ CC JJ . DT NN VBZ IN PRP MD RB VB CC NNS , RB DT NN . DT VBZ DT NN IN DT JJ NN NN IN `` NN '' . PRP VBZ RB JJ TO VB PRP , PRP MD VB PRP . PRP VBZ RB VB IN PRP VBP JJ , RB RB IN PRP VBP . EX VBD JJR IN DT JJ NNS NN . NNP POS NN RB VBZ DT NN NN . -LRB- RB , `` PRP '' VBZ VBN IN NNP NNP . -RRB- NNP CC NNP VBP DT NN NN IN PRP$ NN . NNP VBZ IN PRP CC NNP VBP VBG JJ RB . EX VBZ NN IN NN VBD RB VBN . CC VB RB VB . NNP VBZ PRP IN DT NN CC PRP DT VBP DT JJ `` VB JJ '' NN . DT NN MD VB RB JJ IN DT NN WP VBZ PRP$ JJ NN . PRP VBP PRP IN PRP$ NNS . NN VBZ DT JJ NN . DT NN NN VBZ NN DT NN VBZ VBN . CC JJ NNS VBP RB VB RB RB IN NN NNS VBP VBN JJ . PRP VBZ DT NN NNP VBZ RB JJ PRP . VB VBN . JJ NN VBZ NNS JJ . JJS NNS VBP DT NN IN CD NNS VBG RB JJ . JJ NNS VBP RB DT JJ IN PRP . DT NN IN JJ NNS IN NNS VBZ PRP$ NNS CC VBZ NN . JJ NNS VBP JJ IN NN NNS CC MD VB DT JJ NN . DT JJ NN IN `` NN '' RB VBZ PRP$ NNS IN PRP . PRP VBZ DT JJ NN VBZ DT JJ IN PRP . PRP VBZ RB . IN NNP VBZ , DT `` JJ '' NN VBZ TO `` VB RB IN DT JJ NN IN DT NN , NN NN . '' IN NN , DT JJ NN VBZ RB VB NNS . PRP VBZ NN TO VB IN NN CC NN VBP IN JJ NN . EX MD RB VB CD NN . DT RBS JJ JJ NN IN DT NN JJ NN VBZ : MD PRP VB DT JJ NN WDT VBZ DT CD NN JJ NN . CC , MD PRP VB DT JJ NN WDT VBZ DT CD NN JJ NN . NN VBZ JJ IN NNS IN NNS WDT VBP VBN NNS . VB NNP IN NN . IN NNS VBP RB VB DT NNS , JJ NNS MD . NN NN VBZ IN DT JJ NN"
299,1188,mainstream,"IN DT NN IN JJ NN NNS VBZ RB IN DT NN , NNS IN VBG DT JJ CC JJ NN VBP RB VBG RB . IN NN IN DT JJ NN NN , NNS IN DT NNP NNPS NNP -LRB- NNP -RRB- IN NNP NNP POS NNP VBP IN DT JJ NNS IN VBG DT NN RB VBN IN JJR NNS : DT WP VBP IN JJS NN IN VBG NN NN CD -LRB- NNP SYM CD -RRB- , VBN IN JJ JJ JJ NN HYPH CD NN -LRB- NNP HYPH NN SYM CD -RRB- . VBG IN DT NNP NNP NNP , JJR NNS CC NNS IN JJ JJ NNS VBP TO VB RBR JJ IN VBG RB JJ IN NN HYPH CD . `` JJ NNS VBP DT JJ JJ NN IN JJ JJ HYPH JJ NNS CC RB VBP RB VB RB RB IN NN , RB DT CD HYPH NN NN VBZ RB VB DT , '' VBD NNP NNP , NN IN NN IN NNP NNP NNP CC NN IN DT NNP . DT JJ NN VBN IN NN NN VBZ DT NN NN NN , RB VBN IN PRP VBZ IN DT NN IN DT NN NN . DT VBZ DT NN IN DT NN WDT DT NN NN '' VBZ . '' NN HYPH VBN NNS , VBN IN DT NN NN IN DT NN NN , MD VB NN . NNP POS NN VBZ TO VB DT NN NN NN IN NNS : JJ NNS VBN IN DT NN TO VB DT NN POS NN NN . `` RB , PRP VBP VBG IN DT JJ NN NN MD VB DT JJ JJ NN NNS IN DT NN , '' VBD NNP . `` NNS MD VB JJ IN VBG DT JJR , RBR HYPH JJ , JJR JJ NN , RB IN DT IN VBN NN , IN DT NN . '' DT NN POS NN VBZ JJ IN DT NN CC NN IN NNS PRP MD VB , VBD NNP . IN NN IN DT NN IN VBN NN NNS , DT NN MD VB JJ NNS PRP VBZ VBN IN DT NNP POS NNP NNPS IN NNP HYPH VBN NNP NNP NNP . `` DT NNS VBD VBN IN NN IN JJ NNS , '' VBD NNP . `` DT NN HYPH JJ NN VBZ DT NN IN NN NN . '' DT NNP VBZ IN VBG DT NN IN NNS CC NN NNS IN JJ JJ NN NNS VBN IN JJR NNS . NNS MD RB VB DT NN HYPH VBN NN NNS . `` PRP$ NN , VBG JJ CC NN NNS IN CC IN DT NN NN , MD VB DT JJ NN WDT JJS RB VBZ DT JJ JJ NN IN DT JJ , '' NNP VBD . DT NNS MD VB RB CC VB IN DT JJ CD IN CD NNS . `` PRP VBP VBG TO VB DT JJ NN IN DT JJ JJ NNS WDT VBD NN TO VB RB IN IN JJ NN , '' PRP VBD . RB , NN HYPH VBN NN NN VBZ RB VB NN CC NN IN DT NN CC JJ NN NNS . `` PRP$ NN IN NN HYPH JJ JJ IN NN NNS TO VB CC VB DT JJ NN VBN IN DT NN VBZ NN , '' VBD NNP . `` IN DT NN , PRP VBP VBG NN NN IN NN . '' NNS MD RB VB DT NN HYPH VBG NN , DT NNS VBD , IN DT NN VBZ RB DT RBS JJ NN IN DT NN . `` IN PRP VBP TO VB JJ TO VB NNS IN NN NNS , NNS MD VB DT NN IN PRP VBP DT JJ NN RB RB JJR NN VBZ VBN TO VB DT JJ JJ NN , '' VBD NNP . DT NN VBZ RB VBG NN NN NNS IN DT NN NN NN . DT JJ NNS VBP RB VBN VBN IN DT JJ NN NN NN VBN IN DT NN HYPH CD NN IN CC IN DT NN NN NN TO VB DT JJ NN IN VBG DT NN NN . JJ VBG NNS VBP VBG JJ NN IN DT NN IN NNS TO VB DT JJ , VBN NN NN WDT VBZ RB IN JJR NNS : NFP NNP NNP , NN NN IN DT NNP NNP NNP IN DT NNP NNP IN NNP CC NNP NNPS -LRB- NNP -RRB- , VBD DT NN NN NN IN DT NN DT JJ NNS RB . NFP NNP NNP IN DT NNP NNP IN NNP IN NNP NNP VBD NNP HYPH NNP HYPH CD NN IN DT JJ NN . NFP NNP NNP CC NNP NNP IN NNP NNP VBD NN IN DT CD NNP NN . NFP NNP NNP , NN IN JJ NN IN NNP CC NNP POS NNP , VBD NN NNS IN JJ NNS . VBG RB , DT NNP VBZ VBG TO VB DT NN NN CC JJ NN WDT MD VB NN NN IN DT JJ NN NNS . `` NNP NNP NNP , NN IN DT NNP , VBZ VBN IN DT NN IN NNP HYPH NNP HYPH CD TO VB DT JJ NN IN NN , '' VBD NNP NNP , NN IN NN IN NNP CC DT NN IN DT NNP . `` IN RB , DT JJ NN MD VB TO VB VBG DT JJ JJ JJ NN JJ IN JJ NNS . '' IN JJ JJ NN VBZ VBG NN NNS , DT NNP VBZ VBG IN JJ NNS TO VB VBG JJ NN NNS CC NN NNS IN DT JJ IN JJ NN , NN NNS TO VB WDT VBZ RBS JJ . NNP CC NNP VBP IN JJR IN CD NN HYPH CD NN NNS VBP IN NN RB . DT NNS VBP IN CD JJ NNS : NFP NN HYPH VBN NNS . DT JJ NN HYPH CD NNS IN NN VBP VBN NNP HYPH NNP HYPH CD NN . `` DT NN VBZ JJ CC JJ , CC RB IN VBN JJ PRP MD VB JJ TO VB NNS IN NNS IN NNS , CC DT NN MD VB RB JJ IN PRP MD VB DT JJ NN IN NN , '' VBD NNP . `` IN EX VBZ JJR NN IN JJ NN IN DT NN , PRP VBZ JJ IN NNS MD VB VB DT JJ NN WRB JJ NNS VBP VBN IN JJR NNS CC MD VB DT NN IN NN VBN IN DT NN . '' NFP NN HYPH VBN NN . IN NNP HYPH VBN NNS , DT JJ NN VBZ DT JJ NN IN DT NN TO VB DT NN . `` PRP MD VB JJR NN NNS IN NN IN IN NN , CC PRP VBZ JJ IN DT NN MD VB RB VBN TO VB DT JJ JJ NN , '' VBD NNP . `` CC , IN PRP$ NN , DT JJ NN NNS VBP RB RB VBN VBN IN JJ NNS RB . '' NFP NN IN JJR NN NNS . DT VBZ DT NN NN VBZ VBG : VBG IN JJR NNS IN JJ NN NNS CC VBG PRP RBR JJ . `` IN PRP VBP DT NN VBN RB IN JJ NN IN DT JJR NN , RB RB VBZ PRP VB RBR IN DT NN , CC PRP MD RB VB DT NN IN NN NN IN VBG DT NN IN NN VBN , '' VBD NNP . VBN IN DT NN IN NNPS , DT NNP NNP POS NN CC JJ NN NN ."
300,944,conspiracy,"DT JJ NN VBN IN NNP IN DT NNP NNPS IN NNP NNP -LRB- NNP -RRB- VBZ VBN DT JJ NN IN NN NN CC NN NNS . RB DT JJS NN IN NNS MD RB VB PRP$ NNS . -LRB- DT NN : RB : VBZ PRP DT . -RRB- RB VBN , -LRB- CC DT NN VBZ JJ -RRB- NNS CC JJ NNS VBP RB VBN IN DT NN IN JJ NN CC NN . PRP , IN NNP , VBP VBN VBG IN DT IN NNS : CC , RB , PRP VBP -LRB- NN -RRB- NN . IN NN , `` NN NNS '' VBP VBN IN NNS . NN NNS IN DT NNS RB VBP RB JJ IN NNS VBP VBG DT NN . IN DT JJ NN VBN IN NN -LRB- RB -RRB- , PRP VBZ RB VBN IN PRP CC PRP$ NNS VBP VBN TO VB DT `` NN NNS '' IN DT NNS IN NN IN JJ NN . RB VBZ DT JJ NN VBN IN DT NNP IN DT CD NNP NNP IN NNP NNPS -LRB- NNP -RRB- NN . DT RBS JJ NN VBZ IN DT CD NN CC VBZ IN CD NN CD NNS : DT RBR VBN CC JJ NNP NN VBZ JJ IN DT NN : DT NN NNS VBP DT NNS NN , NN CC NN , WDT VBP VBN NNS . PRP VBP JJ RB IN NNS , CC WRB VBN IN NNS , NN IN DT NNS RB VBZ NNP VBN JJ NNS . -LRB- MD DT NN IN NN IN DT NN CC NN VB VBN JJ . . -RRB- RB VBZ DT JJ NN TO VB : IN NN NN , DT NNS IN JJ NNS CC NN NNS VBP RB JJR . NNS IN JJ NN , JJ NNS CC NN VBP RB RB IN JJ : RB WRB PRP VBP DT NN IN NNS VBP VBN TO VB PRP$ NN . IN NN IN NN NN NNS JJ IN JJ NNS CC NN , NNS VBP RB VBN VBN IN JJ JJ NNS . PRP VBZ TO VB WRB JJ NNS VBP IN DT NN . DT NNP NNPS IN NNP VBZ IN IN IN CD CD NNPS VBP DT JJ NN . PRP MD VB DT JJ : NN : IN DT JJ NN : VBZ JJ IN JJ NNS IN NN , DT NN IN JJ NNS VBP VBN JJ NNS IN NNS IN NNS IN DT CD NN . VBG NN HYPH NN , PRP VBD CD JJ CC JJ NNS , VBG IN NN , NN , JJ NN , NN CC NNS . DT CC CD IN DT VBN NNS VBD JJ IN JJ NNS . CC JJ NNS IN NNS CC JJ NNS IN JJ NNS VBD VBN IN DT NNS . DT NNS VBD IN VBG `` VBN '' IN DT JJ NNS IN DT IN DT NN NNS . JJ NNS VBD VBN IN JJ NN NNS NNP CC NNP , RB RB IN IN DT NN NN NNP CC DT JJ NN NN NNP . IN NN IN JJ NNS , JJ NNS IN CC NNS CC NNS VBD VBN IN DT IN DT NNS . -LRB- WRB MD NNS VB DT VBZ `` JJ . '' -RRB- NN : NNS IN JJ NN CC JJ NNS JJR IN NN NN DT NNS VBP DT NNS VBP VBG DT NN NN TO VB , VBG NNS TO VB DT JJ NNS . DT VBZ IN JJ NN CC DT JJ NNS IN JJ NN . IN DT NN WDT VBZ RB RB JJ , RB RB IN DT NN CC NN NN VBD PRP$ NNS , PRP$ NN VBD VBN IN JJ NNS CC PRP$ NNS VBN . PRP VBZ NN TO VB RP CC VB IN NNS VBP RB VBN IN NN IN DT NN . NNS MD VB TO VB IN DT NN TO VB IN IN NN NNS IN CC IN PRP VBP RB VBN CC VBN IN JJ ."
301,743,mainstream,"NNP -LRB- NNP -RRB- : JJ NNS VBP TO VB RP NNS IN NN NNS VBG RB VBN NNS , CD NNP NNS VBD NNP , IN DT NN WDT MD VB NNS VBN IN NNS IN NNP CC NNP CC NNP . DT NNP NNP VBZ VBN TO VB VB DT NNS RB RB IN JJ NN . PRP VBP NN IN DT JJR NNP NN VBN IN VBG JJ NNS IN DT JJ NN IN DT NN IN PRP VBZ VBG IN DT NNP NNPS CC NNP . DT NN VBZ VBN TO VB NN NNS POS NN TO VB JJ NNS IN NN NNS WRB PRP VBP JJ NNS IN NNS CC NNS VBG RB VBN NNS -LRB- NNS -RRB- , VBG IN DT NNS . IN DT NNS IN NNP CC NNP , IN NN , NNS MD VB NN IN NN NN CC NN NNS , RB RB IN IN NN CC NN NNS , IN NNS WDT VBP IN IN CD NNS JJ CC RB VBP DT RBR RB JJ NN IN NN NNS . DT VBZ RB VBN NNS IN DT JJ NN WDT VBG VBZ IN JJ NN . JJ NNS MD VB RB JJ RB IN NNP MD RB VB TO VB NNS , DT NNP NNP NN VBD , VBG IN DT IN DT RBS JJ NN HYPH CD NNS IN NN VBP NNS . DT NN IN DT NNP NNP , DT NNP NN , VBD TO VB . NNS NNP , WDT VBZ JJ JJ JJ NNS VBG NNP , NNP , NNP , NNP CC NNP , VBD VBN NNS MD VB DT NN NN NN IN NNS WDT VBP NNS CC DT WDT VBP RB . `` NNS VBP RB JJ IN RB JJ NNS VBN IN NN NNS , '' NNP NNP IN NNPS NNP VBD NNP , VBG DT VBN IN NNP CC NNP CC NNP IN DT WDT VBP NNS CC MD VB IN DT JJ NNS . NNS VBN IN JJ NN NNP CC NNP NN NNP RB VBP NN NNS , WDT VBP DT JJ JJ , CC JJ VBG NNS . PRP VBP TO VB DT NN IN DT JJ NN IN PRP$ NNS , TO VB DT JJ NN CC VB IN JJ NN . DT NNP NNPS JJ NN VBD CD NNS IN DT RBS JJ NNS TO VB DT NN IN DT NN . PRP VBP : NNP NNS NNP CC NNP , NNP , NNP , NNP RB RB IN NNP POS NNP , WDT VBZ VBG IN NNP NN . VBG NN NNS MD RB VB DT NN IN JJ NNS VBG NNS IN NNS IN JJ NNS . IN DT NN VBZ RB VB RP PRP$ NN NN IN NNP NNS TO VB JJ NNS TO VB RB IN NNP , DT NN MD VB RB IN VBG NN IN DT JJ NNS IN NN . DT NN IN DT NNP NNP TO VB NNP NN NNS MD VB TO VB VBN IN NNP NNS CC NN NNS . DT NN IN DT NN VBZ IN DT NN WRB NNS VBP PRP VBZ VBG RB JJ TO VB NN NNS IN NNP IN DT NN VBZ RB , IN NNS VBP RB RBS JJ WRB DT NN VBZ RB VBG IN DT NN . DT NN TO VB RP IN DT NN MD VB DT NN , CC DT NN , VBN IN DT NN IN DT JJ NN IN NNS . DT NNP NN NNS VBP VBN TO VB VBN IN NN IN DT `` NNP NN IN DT NN IN DT NN HYPH CD NN '' , WDT DT NN MD VB IN NNP CD , VBG IN DT NN NN IN DT NNP NN . NNS VBP VBN NNP IN IN NN IN DT NN DT NN MD RB VB NNS TO VB DT NN CD SYM CD HYPH NN -LRB- $ CD CD -RRB- NN TO VB JJ NNS IN JJ NNS IN DT JJ NN . DT NNP JJ HYPH NN NN , VBN IN DT NN NNP NNP -LRB- NNP -RRB- , MD RB VB VBN TO VB NN NN NN IN NNP CC VB NN NN IN JJ NNS , NNS VBD ."
302,719,conspiracy,"NFP NN NN : PRP MD VB TO VB CD IN CD NNS VBN IN CD . VBZ DT NN VBG DT NN IN DT NN IN NNS IN NN . DT VBN NN VBZ PRP VBZ RB VBG . IN DT JJ NN RB JJ NN IN NNP , NNP , NNP NNP NNP , DT JJ NNP NNP IN NNP NN NN , VBD VBN NN NNS , `` IN NN POS NN , IN CD , CD IN CD NNS MD VB JJ . '' IN DT NN IN NN , NNP NNP VBZ VBN CD HYPH CC NN HYPH VBN NNS IN DT NN IN PRP$ NN . IN PRP VBD , NNP NNP VBD RB JJR NN IN VBG DT VBG NN IN NN IN RB VBN NNS CC DT NN IN NN NN NNS VBN IN NNP . `` VBZ EX DT JJ NN WDT VBZ RB IN PRP$ NN IN NN IN VBG NNS IN NN WDT MD VB DT . '' PRP VBD . `` DT NN VBZ UH , PRP VBP RB JJ IN PRP VBP JJ , CC DT NN VBZ NN . '' NNP VBZ DT JJ NN IN NNP POS NNP NN . TO VB NNP NNP POS NNS IN DT NN IN PDT DT JJ NN , DT NN VBD NNP NNP , DT JJ NN IN DT NNP NNP NNP . `` IN CD , CD IN CD NNS VBD VBN IN NN , '' VBD NNP . `` VBG IN DT NNPS IN NNP NNP CC NNP -LRB- NNP -RRB- NN VBN IN CD , DT NN VBD IN CD IN CD . JJR , IN NNS , DT NN VBZ IN CD IN CD . '' DT NN RB VBD IN NNP NNP , NN IN DT NNP NNP NNP , WP VBD DT IN DT NNS . `` DT CD NNP NN VBG IN CD IN DT CD NNS VBZ VBN IN NN VBD VBN IN DT NN IN NNS VBN IN DT NN CD , '' VBD NNP NNP . `` PRP$ NNS VBP RB JJ . NN RB VBZ DT JJ NN IN NN IN DT NN . PRP VBP JJ IN CD NN , RB : DT NN IN DT VBG IN NN VBZ VBG . '' RB VBN IN DT NN , NNP NNP VBD : , `` WP VBZ VBG IN NNS . WRB VBP RB JJ RB JJ . PRP VBZ RB JJ IN DT JJ NN MD VB IN DT JJ CD NNS , RB EX VBP TO VB JJ NNS . JJR IN CD NN IN JJ NNS VBN IN DT NN RB VBP NN . '' WRB DT JJ NN IN NNS VBD RP IN NNP NNP NNP POS NN IN NNP NNP , PRP VBD RB VB IN PRP$ NN : `` PRP VBP NN IN DT NN , VBG NNS CC NN . PRP VBP IN NNS VBP NN . EX VBZ DT NN IN PRP IN NN NNS VBP VBN PRP . RB , DT NNS VBP RB VBN IN NNS . WP VBZ VBG RP IN PRP$ NNS , CC WRB VBZ PRP VBG PRP JJ . PRP VBP RB VBN DT NN WRB DT JJ NN IN NNS VBZ VBG VBN IN DT NN . '' IN DT NN RB VBZ VBN IN JJ NN NN NNS , IN DT JJ CD NNS RB CD CD IN DT NNS MD VB IN NNS IN NN . NNP NNP VBZ DT NNS . `` DT VBZ DT NN , '' PRP VBD . `` WP VBP PRP VBG TO VB IN DT IN DT JJR NN IN DT NN NN , RB WRB PRP$ NNS , DT JJ NN NNS , VBP CC VBP JJ TO VB IN PRP . DT NNS MD VB IN HYPH DT HYPH NN NN IN DT NN IN PRP$ NNS . PRP MD RB VB , PRP VBP RB JJ CC JJS VBP JJ IN NN HYPH NN . '' RB IN DT JJ NN VBZ , NNP NNP VBZ DT , RBR JJ NN . `` CD IN DT JJS JJ NNS VBG VBN VBZ NN NNS , '' PRP VBD . `` RB , JJ -LRB- NN -RRB- NNS VBP RB JJ IN NNS IN NN . RB JJ NN NNS VBP JJ NN CC NN , WDT RB VBP JJ NNS IN DT NNS MD RB VB WP VBZ VBG PRP . DT VBZ WRB PRP RB RB VBP JJ NNS CC NN HYPH NN . DT JJ JJ NNS VBP RB VBG VBN CC VBN . DT NN IN NNS VBP RB VBG TO VB JJ JJ NN . '' IN NNS IN NNS VBG VBN IN JJ NNS IN JJ NNS , NNP NNP VBZ PRP$ NNS IN JJ : `` DT NNP NNP NNP NNP -LRB- NNP -RRB- , VBN IN DT NNP NNPS IN NNP , VBZ VBN PRP RB . PRP VBP VBN PDT DT NN IN NNP , CC PRP VBP VBG DT JJ NN . DT IN PRP$ NNS VBN IN JJ NNS VBP VBN VBN IN DT NN POS JJ NN NNS . '' NNP NNP VBZ DT RB HYPH NN NN , NN CC NN IN RB CD NNS ."
303,494,mainstream,"NNP : DT NNP NNP VBZ IN JJ NNS IN NNS NN NNP CC NNP TO VB CC VB DT IN HYPH JJ NN IN PRP$ NN HYPH CD NN IN NN , CD NNS JJ IN DT NNS VBD NNP . DT NN MD VB DT JJ VBN IN DT NNP NNP NN IN PRP VBD VBN IN DT CD NNP JJ NNS TO VB DT NN NN IN JJR IN CD CD NNS -LRB- $ CD CD -RRB- TO VB NNS IN IN IN CD NN NNS . DT NN POS NN IN NNP NN NNP CC NNP VBZ `` IN DT NN '' , DT JJ NN NN IN DT NNP NN NN VBD , VBG TO VB JJ IN DT NNS VBD JJ NNS IN NNS IN DT NNP JJ CC NNP NNS . DT JJ NNP NN VBD DT NN VBD DT NN IN NNP CC NNP IN NNP IN DT JJ NN ."
304,1231,mainstream,"NNS VBP VB DT JJR NNS IN DT JJ NN IN NNS , NNS CC NN . DT NN IN JJR IN CD NNS IN NNP MD VB DT JJ NN IN DT NN IN DT NN IN DT NNP NN VBZ JJ IN DT JJ NN IN NN IN JJ NNS . DT NN VBZ IN IN DT NN IN NNP DT NN IN NNS IN NN VBD TO VB IN DT NNP NN VBD VBN IN JJ NNS . `` DT NNS VBP RB JJ , '' VBZ NNP NNP IN DT NNP NNP NNP . IN DT NNP , NNS VBN CC NN NNS VBD IN NN NNP NNP VBD IN DT CD NN IN NNP MD VB NN , IN DT NN VBD VBN IN RB CD NNS CC RBR VBN IN JJS IN PRP$ NN NNS . RB DT NN VBD VBG VBN IN DT JJ NN IN NN , IN NNP VBG NNS IN NNP , NNP -LRB- VB NN -RRB- . IN DT NNS IN DT NNP , DT NN IN NNS VBG DT NNS IN DT NN NN VBZ VBN IN CD NN . DT VBZ VBN IN DT NN IN NNS NNS CC NNS IN DT NN . RB CD JJ NN VBZ VBN DT NN IN DT NN CC NN . CC IN RB PRP VBP RB VBN IN WP VBD IN NNP NN IN NNS VBD VBN . NNP POS VBZ DT JJ TO VB IN DT NN NN IN DT NNP NN VBZ VBN VBN . NNP VBD PRP IN NNP CD VBG NNS IN DT JJ NN VBD VBG NN -LRB- PRP VBZ TO VB DT NN -RRB- . IN PRP$ NNS NNP NNP CC NNP NNP IN DT NNP IN NNP IN NNP , NNP , NNP VBD IN DT NNS IN CD NNS VBN IN CD NN IN NNP IN CD CC CD . DT NN VBD NNS VBN IN JJ IN DT NN IN CD . PRP VBD DT NNS VBD TO VB IN DT NN NN , VBG IN CD IN CD NNS IN CD NNS IN NN IN CD IN CD IN CD RB . DT JJ NN VBD VBN IN DT JJ NN IN NN IN WDT NNS VBP TO VB RB CC RB RB VB : DT NN VBN IN NNP IN NNP . DT NN MD VB RP DT NN IN NNP VBZ NN IN DT JJ NN IN NNS , IN DT NN , CC PRP VBZ VB EX VBZ DT JJ HYPH NN NN . DT NN '' MD VB VBN NN IN DT JJ NNS IN NN NN NNS IN NNP WP VBD VBN CC VBD RP IN DT NN WRB NNP VBD RB JJ '' , NNP VBZ . RB IN DT NN VBZ RB JJ IN DT VBG NNS IN NN , WP VBZ . `` RB DT JJ NNS VBP VBG DT NNS , '' VBZ NNP NNP HYPH NNP IN DT NNP IN NNP IN NNP , NNP . JJ NNS VBP , VBG DT JJ NN MD VB DT NN IN VBG JJ NNS CC DT VBG NN IN DT NN -LRB- NNP NNP NN NN , CD NNP CD -RRB- ."
305,1291,conspiracy,"IN DT NN VBZ IN DT NNP NNPS , JJ NNS VBP VBG TO VB RP IN WP MD VB DT JJ NN IN NN . IN PRP VBZ IN IN NNS TO `` VB HYPH IN HYPH NN , '' NN HYPH NN , CC RB PRP$ JJ NN VBG PRP PRP VBZ DT JJ NN TO VB IN DT JJ NN , JJ IN PRP VBP VBG IN DT JJ NN IN NN . IN NN NNS VBG VBN RB IN VBN NNS CC JJ IN PRP$ NN NNS : IN RB PRP$ JJ NNS : VBG VBN RB IN IN DT NN , NN NN VBZ RB VBN DT NN , RB RB IN PRP$ NNS CC IN PRP$ NNS RB RB . IN IN DT , NN NN MD RB VB DT JJ NN . RB IN JJ NNS IN NNPS VBD IN NNP NNPS NNP CC CD IN `` NN NNS '' IN NN , JJ NNS MD VB JJ TO VB DT NN IN VBG , NN , CC VBG PRP$ JJ NN . IN NN , NNP HYPH CD MD VB PRP VB VBN IN DT JJR NNS WRB PRP VBZ IN RB RB NN CC JJ NN CC NN HYPH NN . RB VBP RB DT JJ NNS WDT MD RB VB VBN IN DT JJ NN CC NN . IN PRP VBP VBG IN DT JJ NN CC DT JJ NN NN , VBG CC VBG NNS VBZ RB JJ . NNS WP VBP RB JJ IN VBG PRP$ RB HYPH VBN NNS IN NNS IN NNP NNP MD RB VB JJ NNS IN NN , NN , NN , NN , NN , CC NN IN NN . DT PRP VBP VBZ DT JJ JJ NN IN PRP$ NN NN CC NN NN CC DT NN IN JJ NN , CC PRP MD RB VB JJ NNS IN DT NN . VB RB VB DT NN HYPH NN VB PRP . IN NN MD VB DT JJ NN IN NN NN NNS CC NNS , DT NN VBZ RB JJ TO VB RB : RB IN DT JJR NNS . RB , IN JJ NN VBZ TO VB DT NNS DT NN RBR RB IN JJ TO VB DT NN NNS JJ NN IN NN . IN DT NN , PRP MD RB VB PRP$ NN NN . CC RB PRP VBZ RB DT NN IN NN IN PRP VBP VBG NN NNS , VBG NN NNS , CC VBG DT JJ NN NN . NNS MD VB DT RB JJ NN IN NNS TO VB RB IN NN MD VB VB DT JJ NN IN NN IN DT NN , PRP VBZ RB RB JJ . NNS RB VBP IN DT JJ NN IN JJ NNS : IN DT JJ NN IN DT NNS IN NNS IN DT JJ , JJ NNP : WDT MD RB VB VBN RB CC VBP RB RB RB VBN IN JJ NNS . DT PRP MD VB VBZ DT CD HYPH NN NN , NN , CC DT JJ NN , CC PRP VBP RB JJ TO VB IN PRP$ NN IN VBG DT JJ CC JJ NNS . VBG NN NNS RB MD VB CD VB JJ NN IN DT VBG NN , WDT IN NN VBZ JJ NNS . NNP VBZ RB VBP DT JJ CC JJ JJ NN NN , WDT VBZ DT RB JJR NN VBG JJR NNS IN NN . NNS VBP CD IN NN POS NNS IN PRP$ NN , RB IN DT JJ HYPH NN NN VBP RB JJ RB RB IN JJ , JJ IN NN , CC NN JJ IN JJ NN . VBG PRP IN NN VBZ RB JJ CC IN PRP VBP IN JJ , JJ NNS , PRP MD VB VBN IN NN RB RB RB . PRP VBZ RB CD NNS TO VB NNS IN NN IN NN , CC EX VBP JJ NNS RB JJ IN VBG DT JJ NNS CC VBG PRP IN DT JJ NN . NNS VBP DT RB JJ NN IN DT NN , CC PRP RB VBP DT JJ JJ NN HYPH NN IN NNS CC NNS . DT NN NN VBZ JJ IN VBG NNS IN PRP VBP RB JJ TO VB RB , CC DT NN NN MD VB RB TO VB IN NN NNS : VB PRP DT JJ JJ NN NN CC DT JJ NN NNS . VBG NNS VBZ CD IN DT JJS NNS PRP MD VB , IN PRP VBP VBG PRP IN DT JJ NN , DT JJ NN , CC RB IN DT JJ NN . CC WRB PRP VBP VBG PRP , VB DT JJ NN IN DT NN IN PRP MD VB DT JJ NN RP CC VB DT NN NN VB . NN NNS VBP JJ RB HYPH NNS , JJ JJ NNS WDT VBP VBN IN NN CC RB VBP DT NN CC DT NN IN DT JJ NN . CC PRP VBP RB RB JJ TO VB IN NN IN DT JJ JJ NNS , DT NN IN NN , CC DT JJ NN . PRP VBZ RB CD IN CD JJ NNS IN NN IN NN IN PRP MD VB DT NN IN JJ NN NNS . NNS VBP JJ TO VB RB IN JJ NNS CC NN NNS IN RB RB VBP PRP RB VB RP JJ NN CC VB JJ NN , CC PRP RB VBP . WP DT VBZ VBZ IN PRP MD VB JJ NNS IN NNS , CC PRP MD VB PRP$ JJ NN NNS CC VB JJ NNS , VBG IN PRP$ NN RB VBZ IN JJ NNS . IN NNS , NN VBZ DT JJ NN WDT MD VB VBN NN HYPH RB TO VB IN PRP RB VBP DT JJ NN IN PRP$ NN . PRP MD RB VB DT NNS IN DT NN NN TO VB IN NNS , NNS , CC IN DT JJ NN . RB VB DT JJ NN IN DT NN CC RB , VB RP DT NNS , CC VB PRP$ JJS NNS . RB PRP MD VB DT JJ NNS IN DT NN , WDT VBP RB JJ , CC IN CD NNS PRP MD VB DT JJ JJ NN . NN : PRP IN NN IN NN -LRB- NNP -RRB- VBP PRP NN WDT VBZ RB VBN IN DT JJ NN , CC RB MD VB JJ . DT NNS , NNS , NNS , CC , CC NN PRP VBP VBP RB RB VBN , VBN , VBN , CC VBN TO IN VB IN NNP , PRP$ NN NN , NNS , DT WP VBP IN NNP , CC DT WP VBP PRP$ NN . RB , PRP VBP RB JJ . UH VB NN . VB JJ NN , PRP$ JJ NN CC PRP$ JJ NN IN NNP , NNP CC JJ NNPS TO VB PRP VB WP VBZ JJ CC WP VBZ RB . IN VBG NN CC VBG NN , PRP VBZ PRP$ NN TO VB NN CC NN IN JJR NNS TO VB PRP IN NN IN DT NN IN DT NN NN ."
306,13,conspiracy,"DT JJ NN NN NNP NNP VBD IN DT NN IN PRP VBZ `` NN MD VB DT NN '' , IN CC WRB DT NN NN VBZ VBN RP , CC VBD RB VB RP VBG PRP JJ IN DT NN . NNP VBD VBN RB IN DT NN IN VBG DT NN MD VB VBN JJ , CC VBD IN DT NN VBZ `` RB CD WDT PRP VBP VBN RB '' . `` PRP MD VB VBN DT NN IN DT NN CC VBN DT JJ NN IN PRP TO VB IN DT CC TO VB DT NN RB IN PRP$ NNS CC DT RB JJ NN WDT DT NN MD VB IN NN MD VB DT NN . '' NNP VBD . NNP NNP NNP , WP VBZ VBG NNP POS NN NN , RB VBD IN VBG NNS VBZ IN DT NN . `` RB NN VBZ RB , PRP MD VB VBN IN DT NNS . '' NNP VBD , VBG RB IN `` RBS JJ NN NNS VBP TO VB IN NN . '' `` IN DT NNS VBP VBN JJ NNS , DT RBS JJ NNS VBP TO VB VBN IN DT NN IN NN , JJ NN CC JJ NN NNS . '' NNP VBD . NNP VBZ RB RB VBN NN NNS . JJ NN PRP VBD IN DT NNP NN VBD `` VBG RB RB '' IN VBG JJ NNS IN NN NN NNS . IN DT NNP , NNS VBP VBN VBN TO VB DT NN JJ IN DT NNS IN DT NNP NNP NNP VBG NN IN NN IN NNPS MD VB TO VB PRP . IN NNP , DT NN RB VBD IN CD NN NN VBP IN WRB DT NN IN NN VBZ JJ PRP MD VB VBN JJ . IN NN , NNP POS JJ NNP NNP NNP NNP VBD IN DT RB VBN CD NN IN WDT PRP VBD VBG JJ `` NN NNS '' IN NNS WP VBP TO VB DT NN IN DT NN NN . JJ NNS VBP VBN IN DT NN MD RB RB VB JJ IN IN DT NN IN DT NN NN CC DT NN IN PRP MD VB . IN DT NNP , NNPS VBP VBN NNS IN DT NN IN DT NN WDT VBZ VBN VBN IN JJ NNS , IN DT IN DT NNS VBN IN JJ NN RBR VBD NN . RB , JJR NNS VBP VBN VBN IN JJ NNS , IN NNS IN NNP RB VBG DT NN NNS IN DT NN , CC NNS IN NNP VBG TO VB VBN NNS WDT MD RB VB NN HYPH CD . VB IN NNS : UH VB DT NN NNS RB CC RB . VB DT NN IN PRP$ NN NNS . NNP IN PRP$ NN NN , NN NNS . FW ."
307,516,mainstream,"NN NNS VBP VBN IN RB CD NN IN DT JJ NN IN NNS IN DT NNP NNPS , VBG IN JJ NNS VBN DT NN IN DT NNPS IN NNP NNP CC NNP -LRB- NNP -RRB- . CC IN JJ JJ NNS , EX VBZ JJ NN IN NN , NNS VBP . RB , PRP VBZ JJ IN DT NN VBZ IN IN VBN NN NN , JJR NN IN NNS , CC DT NN TO VB DT NN , VBZ DT NNP . NN HYPH IN HYPH NN NNS MD VB VBN RB . `` -LRB- DT NN IN NNS -RRB- VBZ RB IN EX VBZ NN VBG RP IN DT NN NN IN NNP NNP CC IN NNS IN NNP VBP VBN DT JJ NN , '' VBZ NNP NNP , NN IN NN CC NN NNS IN DT NNP NNP NNP IN NNP POS NNP POS NNP CC NNP NNP IN NNP NNP NNP . DT NNP VBD VBG NN NN IN DT JJ NNS CC VBZ JJ NNS DT CD NNS . TO VB DT RBS JJ NNS , NNP NNS VBD IN DT JJ NNS IN CD HYPH NN HYPH NNS WP VBD IN CD JJ NNS IN DT NNP NNPS . IN EX VBP DT JJ NNS TO VB NN , NNS VBD DT NNS VBN IN DT JJ CC JJ NN IN JJ NNS , JJ NN -LRB- NNP SYM CD -RRB- TO RB VB IN PRP VBD DT NN VBD DT NN . DT NNP HYPH CD VBZ DT NN HYPH JJ NN VBN IN DT NNP NNP NNP . IN DT NNP NN VBZ JJ , PRP VBZ IN DT NNS JJ , NNS VBP . DT NN IN PRP VBZ DT NN NN CC VBZ IN RB CD NNS IN DT NNP VBZ IN DT NNS MD VB VBN . DT NN IN NN NNS VBZ RB RB JJ , VBZ NNP NNP , NN IN DT NNP NNP NNP NNP IN NNP . DT NN POS NNS , PRP VBZ , VBP DT NN IN DT NN CC RB DT JJ NN . VBN NN IN NNS , NNS , CC NNS VBZ VBN IN JJR NNS , PRP VBZ . `` NN -LRB- VBZ -RRB- JJR IN DT NN NN , '' VBZ NNP . `` PRP RB VBP TO VB VBG IN DT NN TO RB VB VBN IN NN . '' NN RB VBZ JJR NN IN PRP VBZ IN DT NN , VBZ NNP NNP , DT JJ NN IN DT NNP NNP NNP POS NNP IN NNP . WP IN NN IN NN NNS , RB VBN NNS IN JJ NNS , CC DT NN IN NN NNS IN NNP NNPS , NNS MD VB RBR JJ TO VB DT NN , PRP VBZ . DT NN IN NN NNS VBZ JJ TO VB RBR IN CD WRB DT JJ NNP NN VBZ VBN . DT VBZ IN DT JJ NN VBZ VBN DT JJ NNS , VBG DT JJR NN IN NNS CC VBG PRP JJR IN NNS TO VB PRP$ NNS IN DT NN . IN DT JJ IN JJ JJ NN NNS IN NN , NNS VBP NN . IN DT NN MD VB DT NN IN DT IN DT VBN NN , PRP VBZ RB DT RB JJ NN , VBZ NNP NNP , DT JJ NN IN DT NNP NNP NNP NNP NNP NNP . JJ JJ NNS CC JJR NN IN NN VBP IN JJS IN DT JJ NNS , CC NNS HYPH TO HYPH VB MD RB VB , NNP VBZ ."
308,298,conspiracy,"DT NN NN NN VBD JJ NN NN IN RB CD NNS IN NNP , CC DT NNP NN VBZ RB VBN TO VB $ CD CD IN NN IN DT NNS IN NN IN DT NN NN NN . DT VBZ DT JJ NN NN NN WDT DT JJ JJ NN RB VBZ RB VBZ DT NN RB . IN DT NN NN NN IN DT NNP NNP IN DT JJ NN NN NNS IN DT NNP NNP NNP , DT NNP JJ NN NN VBZ IN DT NN IN JJ NN NN NN , VBG JJ NNS WDT RB VBP NNS . `` IN NNP , JJR IN CD NNS VBP RB RB VBN TO VB VBN VBN JJ IN DT NN , '' VBZ DT NNP NNP NNP . DT NN VBD NN CC NN IN NNS IN NNS . DT VBP NNS IN JJ NN VBN IN NN NNS WDT VBP NN , NN , NN , NNS CC RB NN . NN VBZ DT NN POS NN NN , VBG PRP JJ TO VB IN JJR IN CD NNS IN DT NN , CC VBG PRP TO VB JJ IN DT NN . DT NN VBZ JJ NN CC NN , CC MD VB IN NNS CC JJ NN . NN VBZ DT NN TO VB NN WRB PRP VBP VBG VBN NN , VBG WRB PRP VBP VBG . `` NNP VBZ VBN JJR IN CD VBN NNS IN NNS VBG NN IN VBG DT NNP NN , '' VBZ DT NNP NNP . `` DT NN VBZ RB RB VBN $ CD CD IN CD NNS , VBG CD NNS . '' RB IN IN DT NNP CC RB RB , DT JJ NN NN NN NN VBD VBN IN DT NNP CC DT NNP , VBG JJ NN WDT MD VB JJR NNS . -LRB- NNP NNS NN , NN . -RRB- RB IN CD , DT JJ NN NNS VBD NN , RB RB IN HYPH NN NNS , TO VB NNS IN DT NNP NNP NNP VBD NN NN DT NN . JJR IN CD CD NNPS , CC CD NN IN DT NN POS NN , VBD VBN NNP IN DT JJ NN . DT NN VBZ VBN IN NNP -LRB- NNP -RRB- CC VBD VBN TO VB IN IN CD CD NNS IN CD JJ JJ NNS . NN NN VBZ NNP NNP POS NN IN VBG JJR NNS RB , RB DT NNS WP VBP VBN IN NNS VBP RP VBG JJ NN NNS IN DT JJ JJ NNS WDT VBD PRP IN DT JJ NN . IN NN IN NN VBG VBN IN DT NN , NNS WP VBP VBN IN JJ NNS VBP VBN TO VB IN JJ NNS . IN NN , IN DT NNP NNP VBZ : NNP NNP , WP$ NN VBD JJ NN IN VBG DT NN , RB VBZ NN IN NNP . `` DT NN VBZ JJ , '' PRP VBZ . `` PRP VBZ CD NN JJ . PRP VBP RB VB IN PRP VBZ VBG TO VB JJR , PRP VBZ IN RB JJ NN . CC PRP VBP NN MD VB , IN PRP MD VB PRP$ NN RB . '' NNP NNP , DT NN WP VBD JJ IN DT NNS , VBD DT NNP NNP : `` : DT NNS IN DT NN VBP DT JJ CC JJ NN CC MD VB JJ NN . '' IN JJ NNS , NNS WP VBP VBN IN NNS VBP RB JJR NNS IN NNP NNP IN VBG VBN . PRP VBZ DT JJ JJ NN NN IN DT NN VBN IN DT JJ NN . `` IN DT VBN VBP NNP JJ NN , JJ IN WP VBP RB JJ TO VB PRP$ NNS IN IN DT NNS VBN RP IN DT NN , '' VBZ DT NNP . `` PRP MD VB VBG DT NN IN NNS IN VBN NNS . '' DT NN VBZ RP TO VB : IN -LRB- DT VBN -RRB- VBZ NNP NNP , CD , IN NNP , WP VBZ IN JJ NNS VBG -LRB- $ CD -RRB- DT NN TO VB PRP VB JJ IN DT NN NN . `` IN PRP VBP PRP VB , PRP VBZ . PRP$ NN VBZ VBN . EX VBZ DT NN . PRP VBZ PRP VBZ PRP VBD RB VBN VBN . PRP VBP RB JJ IN VBG PRP VB DT NN , '' VBD PRP$ NN NNP NNP , CD . IN DT CD NN IN DT NNP NNPS NNP IN VBG DT NN IN DT IN CD CC DT NN VBG DT CD HYPH NN VBN NN IN NN IN VBN NNS , NNP VBZ VBN TO VB DT NN . NNP HYPH VBN NNP NN VBZ CD NNS VBD VBN IN NNP IN CD NNS VBD NN VBN IN DT NN NN NN IN DT NNP CC IN NNP , WRB JJ NNS VBD VBN IN DT JJ NN : CC JJ NNS : IN NNP . VBG IN DT NN HYPH VBN NN NN , DT NN VBZ CD . NN NN NN : DT RB JJ NN IN JJ NN NN : VBZ DT JJ HYPH NN NN IN DT NN HYPH VBN NN , WDT VBZ PDT DT JJ NNS JJ IN DT NNP NNP , NNP NNP NNP , NNP CC RB RB . PRP RB VBP DT NNS VBP RB VBN IN NNS , CC PRP VBP DT NNP NN VBZ JJ RB TO VB DT NN WDT `` DT NNS VBP JJ . '' RB RB , EX VBP CD NNS IN DT NNP WP$ NNS VBP VBN VBN IN DT NN NN NN CC WP MD RB VB DT JJ NN RB . DT NN , NNS IN NNS JJR NNS VBP VBN IN NN . DT NN NN VBZ VBG DT NN IN NNS : VBG WP NNP NNP NNP RB VBD IN DT `` NN '' : IN DT NN NN VBZ PRP RP . WRB VBZ DT RB DT NN IN NNS . VB IN DT IN DT NN NNS CC JJ NNS IN DT JJ NN WP VBP RP DT NN IN DT NN WDT VBZ VBG CC VBG PRP$ NNS IN DT NNS . VBP PRP VB DT NN IN NN ."
309,545,mainstream,"NNP : DT NNP NNPS VBZ VBG IN NNP IN VBG DT NN IN NNP HYPH CD , NNP NNP NNP VBD IN NNP , VBG JJ HYPH NNPS IN `` JJ '' NNS CC NNS . VBG NN , NNP VBD PRP VBZ JJ DT NN HYPH CD NN MD VB JJ IN DT NN IN DT NN , CC VBD PRP VBD VBG DT JJ JJ NN TO VB DT NN . `` PRP RB VBD RB DT JJ NN RB IN NNP RB CC PRP VBP VBG RB RB IN NNP CC PRP VBP DT JJ JJ NN IN DT NNP CC JJ IN DT NNS WDT PRP VBP VBG IN VBP VBG IN DT NN RB . JJ NN CC NNS , '' PRP VBD NNS IN DT NNP NNP IN DT NNP NNP IN PRP VBD DT JJ NN TO VB VB DT NN IN NN NN IN NN NN . `` UH . PRP VBP VBG RB RB RB IN NNP , '' NNP VBD VBG IN DT NN . PRP VBD NNP NNP NNP NNP IN DT `` RB JJ NN '' IN PRP . `` NNP VBZ VBN RB JJ CC IN PRP VBP PRP$ NNP NNP VBZ VBN DT RB JJ NN IN PRP , '' NNP VBD ."
310,1337,mainstream,"NNP NNP CD SYM CD NNP NNP VBZ IN DT RBS VBN JJ NNS IN DT NN . IN PRP$ JJ NNS VBD VBN TO VB `` NN , NN , '' PRP$ JJ NNS VBD RB IN VBG NNS CC IN VBG IN NN . PRP VBD JJ IN NN CC NN , RB , CC VBD TO VB IN NN . PRP VBD IN NNP NNP NNP JJ NN IN NN . EX IN CD PRP VBD VBG IN NN NNP NNP , NNP , WP VBD VBG IN DT NN NN . PRP VBD CD WDT VBD VBN IN DT JJ NNS IN NNP NNP CD . IN CD NNP VBD DT NN IN DT NNP NNP NNP IN DT NNP IN NNP . PRP VBD IN VBG DT NN NN CC VBD TO VB NN IN NNS IN VBG DT NN IN DT NN , RB RB . NNP VBD NNS IN JJ JJ NNS IN DT NN . IN DT PRP VBD DT NN TO VB JJ NNS IN DT NN , IN NNS DT NN TO VB DT NN IN NN IN IN PRP VBD JJ RB TO VB DT NN IN NNS . IN CD PRP RB VBD NNS , VBG PRP , PRP$ NN , CC PRP$ CD NNS , IN DT NN NN VBN IN DT VBN NN . NN WP VBD DT NN NN VBD VBG NNS IN DT NN , CC DT NN VBD JJ . DT NN VBD JJ CC JJ . DT VBG NN PRP VBD DT NNS IN DT NNP IN DT NNP NNP NNP , CC JJ NN VBD VBN RP . IN DT NN IN DT NN , NN NNS VBD VBN RBR JJ CC RBR JJ . IN CD , DT NNS VBD CD NNS , VBG PRP DT JJS NN RB . NNS VBD RB JJ IN DT NN IN NN . NNP POS JJ NN NNP NNP , NNP , VBD DT JJ NN IN NNS . DT NN IN DT NN NN VBD NNP NNP JJ NN . DT NNP IN NNP , VBG TO VB NN CC NNS TO VB NN NNS , VBD NNP IN DT NN IN VBG PRP$ NNS . PRP VBD VBN DT NNS IN NNS IN DT JJ NN TO VB NN . JJ NNS CC NNS VBD IN PRP VBD RB VBN NN JJ , PRP VBD RB VBN WP VBD RB . CC DT NN IN PRP$ JJ NN IN DT NN IN JJ NN VBD DT NN JJ IN DT . NNP POS NN VBD RB VBN IN DT NN VBN IN NNP NNP WDT MD VB VBN RB . EX VBD NNS CC NNS IN DT , CC DT JJ NN VBD RP . IN CD , RB RB VBN IN DT JJ NN , NNP VBD DT NNP NNP IN NNP NNPS IN NNP NNP , NNP . `` PRP MD RB RB VB VBN DT NN IN DT NN IN PRP VBD RB VBN PRP PRP , '' PRP VBD . NNP NNP VBD IN JJ NN NN IN CD ."
311,383,mainstream,"DT NN IN NN -LRB- NNP SYM CD -RRB- CC VBN TO VB PRP MD VB JJ NN . NN VBZ JJ IN NN CC JJ NN . WP MD VB IN NN PRP MD VB TO VB TO VB DT NN IN DT NN IN NNS IN : PRP MD VB TO VB IN : SYM NN IN PRP VBP NN NN , PRP$ NN IN PRP VBZ JJ , DT NN IN VBN IN VBN IN PRP$ JJ NN NN DT JJ NN NN MD VB PRP WRB PRP MD VB . NNS PRP VBP TO VB IN IN NN IN PRP VBP RB IN NN WRB PRP VBP RP PRP VBP NN HYPH CD , PRP MD VB RB RB . PRP MD VB RB , RB RB TO VB NN CC NNS . WRB JJ , VB JJ NN JJ IN DT JJ NN . PRP MD VB VBN IN PRP$ JJ NN NN VBZ PRP VBP JJ TO VB . IN PRP VBP NN IN NN PRP MD VB JJ NNS CC DT NN . NFP MD RB VB PRP$ NN IN IN DT NN CC TO VB JJ JJ NN , MD RB VB IN JJ NNS VBG NN CC NNS , MD RB VB DT JJ NN IN PRP$ NN IN DT NN , VBZ IN PRP CC MD VB RB RB , VBZ VBG JJ NN IN PRP , VBZ VBG IN DT NN PRP MD VB PRP$ JJ NN NN IN VBG PRP$ NN IN JJ . IN PRP VBP , PRP MD VB DT NN . IN PRP VBP IN DT NN , PRP MD VB IN PRP$ NN CC NN . PRP MD VB IN PRP$ NN IN PRP VBP IN DT NN CC VBP VBG IN DT NN . IN PRP VBP IN DT NN PRP MD VB NN IN JJ NNS CC NN . IN PRP$ NNS VBP JJR NN PRP$ NN . PRP MD VB IN DT NN IN JJ NNS CC NN NN . VB IN NN IN PRP$ NN IN PRP MD VB PRP$ NN . IN PRP VBP VBG JJ NNS PRP MD VB CD RB RB . DT VBZ NN IN NN , NN NN CC NN NN CC NN . VB DT NN NN PRP VBP NN HYPH CD . IN PRP VBP RB , DT NN CC NN NN MD VB PRP TO VB PRP VBP JJ . VBG IN JJ NNS IN IN NN IN PRP VBP PRP$ NN IN NNS , PRP MD VB PRP$ NN IN PRP . VB DT IN : NFP VBG RB IN PRP$ JJ NN NFP VBG DT JJ NN , IN JJ NFP VBG DT NN WRB IN DT JJ NN IN NNS NFP RB VBG IN DT JJ NN IN JJ NNS , RB NNS IN NN IN JJ NN -LRB- DT VBZ JJ NNS CC NNS IN NN , NN , CC NN NNS CC NN -RRB- NFP RB VBG DT NN , RB NNS NNS VBP RB , IN NN NNS SYM VB PRP$ NN CC NN IN DT NN WRB PRP VBP CC VB , IN PRP VBP RB VB DT NN , VB CC VB IN PRP$ NN CC NN NFP VB PRP$ NNS RB RB IN NN CC NN IN IN JJS CD NNS CC PRP MD VB PRP$ NNS RB IN NN CC NN IN IN JJS CD NNS . PRP MD VB DT NN HYPH VBN NN NN IN PRP$ NNS VBP RB RB JJ . RB VB DT : NFP IN VBG DT NN WRB EX VBP JJ NNS , IN VBG NNS VBN IN JJ NNS , IN VBG DT NN , IN VBG RP , CC IN VBG , NNS CC NNS . VB DT NN WRB PRP VBP : SYM IN DT JJ NN IN DT NN , RB IN PRP VBP RB IN NN VB JJ PRP$ NN VBZ PRP$ NN CC NN IN DT NNS . VB RB VB PRP$ NN RB CC VB PRP IN PRP VBZ JJ . PRP MD RB VB NNS IN NNS IN PRP$ NN IN JJ , VBG : IN VBG DT NNS , VB PRP IN NN CC NN CC VB PRP IN DT NN CC NN NN . NNS JJ NNS IN DT NN CC NNS MD VB TO VB NN PRP MD RB VB DT NN IN DT NN IN NN HYPH CD IN : NFP PRP VBP VBG JJ NN IN DT NN , PRP MD VB DT JJ NN TO VB NNS WP VBP IN DT JJ NN IN NN IN NNP HYPH CD MD VB DT JJ NN CC MD VB NN NNS . NNS MD VB DT NNS IN CD NNS IN WRB DT NN IN NNP HYPH CD VBD RB JJ . VB PRP$ NNS RB CC RB IN NN CC NN IN IN JJS CD NNS . PRP MD VB DT NN HYPH VBN NN NN IN PRP$ NNS VBP RB RB JJ . VB VBG PRP$ NNS , NN , CC NN IN JJ NNS . RB VB PRP$ NNS IN VBG RP CC IN VBG RP NNS CC NNS . SYM PRP VBP IN DT JJ NN IN DT NN IN NN HYPH CD SYM PRP VBP CC VBP NN IN DT NN POS NN , NN NNS CC , CC NNS , VB JJ PRP$ NN VBZ PRP$ NN CC NN IN DT NNS , VB RP NNS CC NNS IN NN SYM VB PRP$ NNS RB IN VBG RP NNS CC NNS IN PRP VBP DT NN CC NN NN CC VBP DT JJ CC NN HYPH JJ NNS PRP MD VB PRP$ NN CC NN . VB PRP PRP VBP DT JJ NN IN NN IN NNP HYPH CD . IN PRP VBP RB JJ CC PRP VBZ DT JJ NN NN CD . JJ DT `` JJ HYPH NN '' NNS IN JJS RB IN NN VBG NN HYPH NN JJ NNS . DT VBZ : PRP MD RB VB DT NNS WDT MD VB NN , NN NNS CC , CC NNS IN PRP . VB NNS IN NN NNS CC VB DT NNS IN NN . NNS VBP NNS IN JJ CC JJ NN IN DT NN NN . PRP RB VBP NNS PRP MD VB WRB VBG DT NN . EX VBP CD NNS IN VBG NN : NFP DT CD HYPH NN NN NN , WRB PRP VBP NN IN NN CC RB VB PRP , DT CD HYPH NN NN , WRB PRP VBP DT VBN NN CC NN NN . DT NN PRP VBP MD VB IN DT NN PRP VBZ NN HYPH NN WDT VBZ NNS . PRP MD RB VB DT NN HYPH VBN NN JJ IN NN . IN PRP VBP VBG NN IN DT NN WP VBZ NN HYPH CD PRP MD : SYM VB PRP$ NNS RB IN VBG NNS CC NNS NFP VB NN . VB RB VB DT NN NNS IN NN SYM VB CC VB NNS CC NN WDT VBZ NN , NN NNS CC , CC NNS IN PRP NFP VB CC VB DT NNS IN NN NNS CC NN . VB CC VB IN DT JJS NNS VBN IN DT NN SYM VB NNS IN DT NN WRB JJ VB NNS , NNS , CC JJ VBN NNS IN DT VBN NN NN IN VBG IN PRP IN JJ NN NN . VB PRP$ NNS RB IN VBG DT NNS . WRB TO VB NN CC NN PRP MD VB NN CC NN IN IN NN IN DT VBG NNS : NFP VB NNS CC NN NNS PRP VBP RB VB IN TO VB NN CC NN TO VB IN PRP$ NN . IN PRP VBP DT NN VBN VB DT IN PRP$ JJ NN CC NN . PRP MD RB VB PRP$ NN CC NN NN VB WRB TO VB TO VB DT NN . SYM VB DT NN NN NN . VB DT NN VBN IN PRP$ NN . VB RB VB DT NN NN IN PRP$ NN . NFP IN PRP VBP DT NN VBN , PRP MD VB IN PRP$ NN TO VB PRP$ NN IN PRP$ NN . PRP MD RB VB PRP IN PRP$ NN . VB JJR IN VBG NNS CC VBG NN NNS . PRP$ NNP NNP NN MD VB PRP WRB PRP VBP JJ TO VB NN CC VB IN JJ NNS . PRP MD VB TO VB JJ NN , CC JJ NN . IN PRP VBP JJ CC VBP DT JJ CC NN JJ NNS VBP RB CC VB PRP$ NN . EX VBP DT NN IN NN NNS JJ TO VB PRP . PRP MD VB DT VBG : NFP VB NN IN NN IN NNS IN VBN JJ JJ NN NN CC NN NNS , NNS CC NN NNS . DT JJ NN RB VBZ JJ NNS CC NNS , RB RB IN DT NN IN JJ NN NNS ."
312,1,conspiracy,"VBG DT JJ NN NN IN NNP , NNP NNP VBZ VBG NNP NNS TO VB JJ NN . DT NN VBZ , WP VBZ VBN NN . DT NNP VBD NNP NNP POS NN IN JJR NN TO VB VBN IN NN NNS JJ IN NNP , NNP CC NNP TO VB JJ NNS RB . DT MD VB VBG NN WDT RB VBZ CC VBZ NNS WDT VBP NN . DT NNP MD VB DT NN IN DT JJ NN HYPH VBN NN TO VB CC VB NNS IN DT NN , PRP VBD . IN NN IN NN PRP VBP VBG IN NNP CC DT NN IN JJ JJ NNS , UH IN JJS DT VBZ WP PRP VBP VBN TO VB VBZ PRP$ NN IN JJ NNS . CC IN NN DT VBZ RB RB IN NNP , IN NN PRP VBZ NN JJ TO VB IN NNP . JJ NN PRP VBD WRB NNP NNP VBD TO `` VB DT NNP '' IN NN TO VB JJ NN : RB DT JJ NNS RBR PRP VBP DT NNP NNP NN NNP NNP , RB VB CD NNS CC VB JJ NNS . DT JJ JJ NN NNS IN NNP VBP VBN NNS IN VBN NN NNS JJ IN NNP , IN NNP NNS VBG IN NNP NNS VBP NN NN IN NN NNS : DT VBZ NN JJR IN DT NN RP IN DT NNP IN PRP VBP PRP . DT NN TO VB NN IN DT JJ NNS VBG PRP$ NN VBZ VBG RB IN JJ NN IN DT NNPS NN . `` NN '' VBZ IN JJ NNS , IN NNP NNP VBN NNP POS VBG JJ NNPS TO VB PRP$ NN , IN NNP POS IN PRP WP VBP DT JJ NN POS VBG DT NNP . VBG IN PRP VBP RB VB IN DT NN IN NN IN PRP VBP NN TO VB VBZ RB JJ IN VBG PRP VBP RB VB IN JJ NN IN PRP VBP NN TO VB ."
313,1235,conspiracy,"PRP VBP RB VBN RB CC RB RB , IN IN PRP VBP IN DT JJ NN , IN PRP VBP VBG TO VB NNP . NNP NNP . DT VBZ WP PRP VBD VBN PRP$ JJ NN . RB DT NN VBZ VBN DT JJ NN IN JJ NN . JJ NN , PRP VBD IN WP VBD RP TO VB DT NN IN JJ NN WDT VBD JJ NN . PRP VBD IN NNP NNP RB IN PRP VBD VBN IN PRP MD VB VBG DT NN . WRB PRP VBD IN DT NN NN IN NNP NNP , DT NN VBD RB VBN IN DT NN TO VB WRB PRP VBD JJ . PRP$ JJ NN VBD TO VB PRP$ JJ NN IN PRP VBD DT NN . WRB . VBD PRP VB IN DT NN . VBZ NNP VB NN . PRP VBD DT NN TO VB RP DT NN NN IN RB DT JJ NN , IN IN PRP MD VB VBN IN WP VBD VBG PRP JJ . PRP VBD RBR JJ IN VBG IN DT NN IN DT NN . CD JJ NNS RB VBD RP DT NN NN CC VBD PRP RB , WRB DT NN VBD DT JJ NN . VBP PRP VB DT NN NN . PRP VBD NN IN VBN IN DT NN NN POS NN HYPH VBG IN DT NN VBD RB VBN CC PRP VBD PRP VB RB WRB JJ CC JJ DT NN NN VBZ . RB PRP VBD , `` JJ NNS MD RB VB JJ NNS , RB PRP VBP TO VB PRP IN NN . '' RB WRB JJ VBZ NN RB . PRP VBD IN DT NN IN NN NN CC NN IN NNP CC PRP$ NNS -LRB- VBN IN NNP -RRB- VBD RB JJ NN NNS CC NNS . NN IN PRP VBD NN HYPH NN NNS CC NN NNS . WP PRP VBD VBD IN DT JJ JJ NN IN NNP IN CD CC CD VBD CD IN CD CD NN CC VBG CC CD NN IN DT CD NNS -LRB- CD NNS IN DT CD NN NN , IN DT JJ JJ NN NN IN CD DT NN -RRB- VBD IN NNS IN NN CC CD NN -LRB- CD NNS -RRB- VBD IN NN NN NNS . -LRB- CD -RRB- DT NN RB VBD IN NNP VBD RBS JJ IN JJ NNS JJ CD SYM CD -LRB- CD NN VBD JJ IN DT JJ NN IN CD -RRB- . RB IN PRP VBP DT JJ HYPH JJ , JJ , NN VBG DT JJ NN NN IN DT NN , PRP$ NN IN NN IN NN VBZ JJ . CC IN PDT DT NNS : IN DT CD NNS WP VBD JJ NN IN DT NN JJ IN NN , RB CD NN VBD RB VBN DT JJ NN IN NN NN IN JJ NN -LRB- NNP NNP NNP NN -RRB- -LRB- CD -RRB- . PRP VBD IN IN JJ NN CC NN . IN DT JJ NN NN IN DT NNP NNP NNP , NNP -LRB- DT NNP NNP NNP NNPS NNP NNP -RRB- VBZ IN CD JJ NNS VBD VBN VBG DT NN JJ NN -LRB- CD -RRB- . PRP RB VBZ IN CD NNS VBD IN NN IN VBG NN IN DT JJ NN -LRB- CD -RRB- , VBG IN PRP VBP RB CD NN RBR JJ TO VB IN NN IN DT NN NN IN PRP VBP IN NN , CC IN PRP VBP NN CC VBP NN CC VB IN DT NN -RRB- , EX VBZ DT CD NN JJ NN IN DT NNS MD VB VBN TO VB PRP$ NN RB . PRP MD VB IN DT NNS PRP VBP VBN IN VBP IN JJ NN NNS , RB IN DT NN NN CC DT NN NN NN . NN NNP IN VBG PRP IN DT JJ NNS . NN : PRP IN NN IN NN -LRB- NNP -RRB- VBP PRP NN WDT VBZ RB VBN IN DT JJ NN , CC RB MD VB JJ . DT NNS , NNS , NNS , CC , CC NN PRP VBP VBP RB RB VBN , VBN , VBN , CC VBN TO IN VB IN NNP , PRP$ NN NN , NNS , DT WP VBP IN NNP , CC DT WP VBP PRP$ NN . RB , PRP VBP RB JJ . UH VB NN . VB JJ NN , PRP$ JJ NN CC PRP$ JJ NN IN NNP , NNP CC JJ NNPS TO VB PRP VB WP VBZ JJ CC WP VBZ RB . IN VBG NN CC VBG NN , PRP VBZ PRP$ NN TO VB NN CC NN IN JJR NNS TO VB PRP IN NN IN DT NN IN DT NN NN ."
314,1175,mainstream,"NNP HYPH NNP CC JJ NNS VBP VBG DT JJ CC JJ NNS IN NN NN IN PRP VBZ IN DT NN HYPH CD NN . PRP$ JJS NN VBZ VBN IN DT NN PRP VBD IN CD , WDT VBD DT NN WDT RB VBD DT NN IN NN NN NNS IN NNS IN NN , NN , NN , CC NNP . IN IN DT JJR NN , DT JJ NN IN NNP HYPH CD VBZ JJ NNS IN DT NN NN IN NN NNS CC WRB RB DT NN VBZ IN NNS . CC PRP RB VBZ IN JJR JJ NNS , IN WRB JJ NNS MD VB DT NN IN PRP$ NNS VBP , CC WRB RB NNS RB VBP PRP$ NNS IN NN NNS VBN IN NN NNS . `` PRP VBZ RB JJ IN JJ NNS WDT NNS VBP RB RB JJ IN JJ NNS , '' NNP HYPH NNP VBZ . `` VBN IN DT JJ NNS PRP VBD , PRP VBD IN CD IN CD NNS RB CC RB VBD DT JJ NNS PRP VBD . '' VB PDT DT NNS , CC PRP$ NN VBZ IN VBN NN VBZ IN RBS VBG CD NN IN VBN NN NNS CC IN JJS RB CD NN , RB IN NN HYPH CD NNS VBP RB JJ . `` VBN IN WP PRP VBP IN DT NN , NN IN DT NN IN NN IN NNS VBP RB RB JJ -LRB- IN NN -RRB- , '' NNP HYPH NNP VBZ . IN DT NNS VBP RB VBG JJ HYPH VBN IN DT NN NNP , PRP VBP WDT JJ NNS IN DT JJ NN NN IN DT NNP NNP IN NNP CC NNP NNP VBP IN NN NN NN IN NNP HYPH CD . `` PRP MD RB RB VB RB CD NN IN VBN NNS VBG NN NN , '' VBZ NNP NNP , DT NN IN DT NNP NNP POS NNP IN NNP NNP IN NNP NNPS . `` IN IN DT VBG CD NN IN NNS WP VBP RB VBN , PRP MD VB DT JJ JJR IN NN . PRP VBP VBN CD NN IN DT NNS -LRB- IN NNP SYM CD -RRB- RB VBG PRP IN DT NN . '' IN JJ NNS MD VB DT NN IN WP MD VB VBG , PRP MD VB DT NNS VB RP IN JJ HYPH NN IN VBG PRP$ NNS IN CD NN : NNP . NNP VBZ CD IN DT RBS HYPH VBN NN NN NNS IN DT NN , NN IN JJ NN , JJ NNS IN NN , CC DT NN IN NNS , NNS , CC JJ NN NNS . DT NN VBZ RP IN DT NN , IN PRP VBZ IN NNP MD VB NNS DT NN NNS VBP IN PRP$ NNS . `` NNP VBD PDT DT JJ NN IN NNP IN VBG NNS , CC PRP VBZ TO VB DT JJ NN IN NN DT NN RB , '' VBZ NNP NNP , DT NN IN NNP NNP NNP NNP IN NNP NNP . PRP VBZ VBG DT NN HYPH CD NN IN NNP MD VB VB WRB DT NN MD VB IN JJ NNS , RB IN NNS IN VBN NN NN NNS CC NNS WDT VBP JJ NNS IN NNS IN NNP . DT NNP NNPS VBZ CC NNS IN DT NN , VBN IN PRP VBZ RB JJ NNS IN NNP IN NNP , RB CD CD DT NN . VBN IN JJ NN IN NNP POS NN , NNP VBD RB IN IN CD NNS IN NN NN IN DT JJ NNS IN NNP HYPH CD . PRP$ NN VBZ IN NNP POS NNS VBP RB JJ IN JJ NNS , CC MD RB VB IN DT NN IN NN IN JJ NN NNS . IN VBG NNP IN DT JJ NN IN NN HYPH CD NN , PRP$ NN MD RB VB WRB JJ NNS VBP RB VBG JJ IN JJ NNS . RB IN NNP , JJ NNS IN DT JJ NN IN NN NN : IN DT NNP , NNP , NNP , CC VBN NNS IN NNP : MD RB VB VBG CD NN IN NN HYPH JJ NNS , VBN IN NNP POS NN . DT VBZ IN IN NN IN NNP NNS POS VBD NNS IN NN NN , CC RB IN DT NN NN VBZ JJ . PRP$ CD CD NNS VBP VBN IN DT NN IN NN IN NNP , NNP NNP , WDT VBZ PRP JJR TO VB DT NNS VBN IN JJ NNS . `` IN EX VBP -LRB- NNP SYM CD -RRB- NNS VBG IN DT NNP NNPS WDT VBP RB VBN , WDT VBZ JJ DT NN , NNP MD RB VB DT JJ NN , '' VBZ NNP NNP , DT JJ NNP NNP NN CC NN NN IN DT NNP NNP NNP WP VBZ NNP POS NN VBZ IN DT JJ NN . `` CC MD VB VBN RBR IN NNP IN PRP VBZ DT JJR , RBR RB VBN NN . '' IN DT NN , NNP VBZ IN NNP VBZ DT NN IN JJ NNS IN DT NNP , RB IN DT NN IN DT NN . `` PRP VBP DT JJ NN IN WP VBZ WRB DT NN VBZ IN DT RB JJ NN NN NN CC JJ NN IN DT JJ NN , '' PRP VBZ . EX VBP NNS IN NNP POS NNS , VBG DT JJ CC JJ NNS IN NN HYPH CD MD RB VB VBN IN . CC , DT NNS VBP RB TO VB VBN IN DT NN HYPH VBN NN , IN DT NN VBZ IN NN . CC PRP$ NNS VBP WP NNS VBP VBG IN DT JJ NN IN NN NNS CC WP PRP MD VB IN NN IN IN HYPH NN NNS IN NNS IN NNP . DT NN VBZ IN IN IN CD NN IN VBN NNS MD VB VBG JJ IN NNS IN DT JJ NN IN NN NN . CC JJ NNS VBG IN NNS VBP PDT DT NN IN PRP VBP DT JJ NN IN JJ NN , DT NN WRB DT NN VBZ VBN IN NN CC VBZ TO VB RB IN DT NN . IN NNP , NNS IN NNP , VBG CD IN DT NN IN NN , VBD CD IN DT NN POS CD NNS VBP RB TO VB VBN IN DT JJ NN . RB , DT NNP HYPH CD NN VBN IN NNP NNP IN CD , IN IN DT NN IN DT NN IN NNP VBN IN DT CD HYPH NN HYPH JJ NN VBN RB IN `` NN CD . '' CC DT NN IN PRP$ NN VBZ RB JJ . `` IN DT JJ NN IN NNS IN NNP VBZ RB JJ , PRP VBP JJ IN DT NN IN NNS IN DT JJ JJ NN , '' VBD NNP NNP NNP , NN HYPH NN IN DT NNP NNP NNP , VBD IN DT NNP NN NN . `` RB IN DT NNP NNP NN NN , DT NNP IN NNP RB VBZ DT JJS NNS IN IN NNP . PRP VBP VBG RB IN DT NN TO RB VB DT NN NNS WDT VBD IN DT NN . '' JJR IN CD JJ NNS VBN NNP VBP VBN IN NNP CD , CC NNP POS NNPS IN NNP NNP CC NNP VBD DT NN IN NNP POS RB JJS NN IN DT RB HYPH NN NN . `` EX VBZ DT JJ NN , '' NNP VBZ , `` IN EX VBZ JJ NN IN JJ NNS , WDT IN PRP VBZ JJ VBZ VBG TO VB IN JJR CC JJR NNS . ''"
315,201,mainstream,"NNS VBP RB VB WP VBZ NN , CC PRP VBP NNS VBP DT JJS NN IN IN DT NN VBZ VBN IN PRP . IN JJ NNS , NNS RB VBP , DT NN MD VB VBN IN NN NNS IN DT NN VBD VBN IN JJ NNS IN PRP VBD JJ . CC NNS MD VB RP , IN PRP$ NN , IN PRP$ NN MD VB NN . IN PRP MD RB VB VBG DT NN IN DT JJ NN , PRP MD VB PRP$ NNS IN VBG DT JJ NN IN VBG DT NN NNS : VB JJ . VB JJ NN HYPH NNS , VB RB HYPH VBN NNS , CC NN . VB JJ PRP VBP JJ JJ NN , CC VB DT VBN NNS CC NNS . VB RB VB NNS IN NN . VB PRP$ NN IN PRP VBP DT NN . DT VBZ RB JJ IN DT NN NNS . VB NN . VB `` UH '' IN DT NN IN NN , CC DT NN IN JJ NN , IN PRP VBP JJ . VB NN IN VBG NN NNS . IN PRP VBP VBN VBN IN JJ NN CC NN , VB PRP$ NN POS NN IN VBG PRP IN NN . VB VBN . VB JJ PRP VBP DT JJ NNS -LRB- NN -RRB- NN IN PRP VBP JJ . PRP MD VB NN HYPH VBN NN ."
316,538,mainstream,"DT JJ NN VBZ VBN DT NN IN RB VBN NN NN NNP : DT NN PRP VBD DT NNP IN VBG TO VB RB IN DT NN NN VBD VBG TO VB IN NNP CC DT NNP RBR DT NN . NNP POS JJ NN IN JJ NNS CC NN , NNP NNP , CC NNP NNP , NN IN NN NN NNP NNP CC IN DT NN NN NN NNP NNP VBG NNP CC NNP NNP , RB VBD DT NN MD VB CD CD -LRB- $ CD CD -RRB- IN NNP , VBG IN DT NN NN . DT NN MD VB VBN IN DT NN HYPH VBN NN NN NNP NNP NNP -LRB- NNP -RRB- . NNS MD RB VB VBN TO RB VB DT NN POS NN NN , VBG PRP$ NN HYPH NN . IN DT NN , NNP MD VB RP IN DT CD NN NN IN NNP . IN NNP , DT JJ NN VBD RP IN DT NN IN JJ NN NNP NNP NNP , WDT VBD DT NN IN NNP NNP NNP VBD VBG TO VB NNP POS NN RB IN DT NNP IN DT JJ JJ NN . JJ NNS VBD IN DT NN DT NN VBD VBG NNS IN NNP TO VB RP DT NNP NN , DT NNP NNP NNP VBD . DT NN , RB , VBD IN DT NN DT NNP VBD VBN DT NN , IN DT NNP POS NN IN NNP , NNP NNP , RB VBD DT JJ NN NN VBD VBN JJ , NNP VBD . VBG NNP IN DT NNP MD VB VBN DT NN IN NNP POS NN . IN DT NN , NNP VBD DT NN VBD VBG IN NNP TO VB VB NN NNS CC VB JJR NN WRB PRP VBZ IN NNS , NN JJ NNS VBP VBN VBG IN IN DT NN IN DT JJ NN VBD IN DT JJ NN . `` DT VBZ RB IN JJ NN IN JJ NN IN PRP IN NNP CC NNP VBP DT JJ NN NNS CC NNS . IN DT JJ NN , NN POS NN VBZ DT JJ CC JJ NN IN DT JJ NNP NNP NNP CC NNP NNPS NNP , '' VBN IN DT NN IN NNP CD , VBD NNP . DT NN IN NN NNS VBN IN NNS VBG NNP NNP NNP , NNP NNP NNP , CC NNP NNP , CC NNP NNP VBP VBN IN JJ NNS , CC JJ IN DT NN POS VBG NN NNS , VBG NNP NNP , , NNP , , NNP CC NNP NNP , CC NNP NNP , NNP , , VBP VBG TO VB CC VB NN HYPH CD NNS IN JJ NNS . IN DT NNP , DT NN VBZ VBG NNS IN DT JJ NNS . IN DT NNP , JJ NNS IN CD JJ NN HYPH CD NN , WDT , PRP VBZ VBN , MD VB DT NN IN DT NN IN $ CD IN NN , VBP RB JJ TO VB DT NN ."
317,336,mainstream,"NNP NNP NNP NNP -LRB- NNP -RRB- VBZ VBN NN TO VB DT JJ HYPH NN `` NN CD '' JJ NN IN PRP$ JJ NN NN NN IN DT NNP NNP NNP -LRB- NNP -RRB- , DT NN VBD IN NNP . NNP VBZ VBG TO VB JJ NNS RB IN IN DT NN IN JJ NNS IN NN . IN DT CD JJ NNS VBP VBG VBN IN DT NN . NN IN PRP VBZ RB RB VBN DT JJ HYPH NN `` NN CD '' NN TO VB NN IN VBG JJ NNS IN DT NN , WDT VBZ VBN RB CD NNS IN DT NN . JJ NNS VBP NNS IN NNS CC RB VBP NN IN NNS WRB DT NN VBZ JJ , IN IN DT NN MD VB VBN IN DT JJ HYPH NN NN . RB , NNP , DT NN IN DT JJ NN , VBD JJR IN CD JJ JJ NNS DT NN IN NN JJ NN , CC PRP$ NNS VBP RB VBG RB . NNP VBD DT NN IN DT NNP JJ NN NN , IN VBG DT NN TO VB VBN IN DT NNP . NNS IN NNP , DT NN IN DT NN HYPH VBN NNP NNP NNP NNP -LRB- NNP -RRB- , VBP VBN CD JJ NNS , WDT VBP RB VBN VBN IN RB CD NNS IN JJ NNS IN NNP . JJ JJ NNS VBG TO VB NNS RB VBP NNP NNPS , WP$ NNS VBP VBN VBN IN NNS IN NNP IN DT JJ NN , CC NNP NNP , WDT VBZ VBN TO VB DT NN CD NN IN NNP IN CD NNS ."
318,1344,mainstream,"PRP VBZ NN IN DT JJ NN POS NN IN NNP , DT JJ NN IN DT JJ JJ NN IN NNP HYPH NNP . DT NN VBZ PRP$ NN NN IN DT NN NN , IN DT JJ NN VBZ RB RB IN DT NN VBZ NN VBG PRP VBN IN DT NN . IN IN DT NN , DT NN VBZ VBG DT VBN NNS , NNS , NN CC NN NN IN DT JJ NN . PRP RB VBZ DT NN CC DT NN IN DT NN RB DT JJ NNS , CC RB VBZ DT NN IN DT NN . PRP RB VBZ TO VB VBN CC VBN IN VBG VBN . DT NNP NNP NNP VBZ IN DT NNS VBP CD NNS IN DT NN TO VB NN IN NNS . `` DT IN PRP$ NNS VBP VBN VBN IN NNS , '' VBZ NNP NNP NNP IN IN PRP$ NN . NNP NNP , CD IN CD NNS WP VBP RB , VBZ VBN VBG NNS IN DT NN IN CD NNS . IN IN PRP VBD CD NNS IN DT JJ NN IN DT NNP JJ NN . PRP VBZ PRP VBZ VBN RB `` JJ NNS VBG IN NNS CC JJ IN NNS NNS '' WDT PRP RB VBZ NNS TO VB . DT NNS NNS NNP NNP VBZ VBG IN VBP JJ NN NNS , NN CC NNS NN . DT NN VBZ DT NN IN DT NN , WDT MD VB JJ NN NN CC RB NN . DT NN VBZ DT RB JJ CC JJ NN IN DT JJ NN IN JJ NN NN -LRB- NNP -RRB- . IN NNP , DT NN RB VBZ DT JJ JJ NN . `` PRP VBZ IN IN DT NNS VBP NNP POS RB IN PRP VBP JJ , '' NNP VBZ . `` IN DT NN VBZ DT VBN NNS RB CC RB VB . PRP MD VB , PRP VBP VBN CC IN DT NN , PRP RB VBP RB CC VBP IN NN . PRP VBZ DT VBN NN . '' IN PRP$ NN VBG IN DT NN , NNP NNP VBD CD NNS VBG IN NN CC CD IN NN . NN NNS VBP RBR JJ IN JJ NNS VBP . IN DT RB CD CD NNS WP VBD NNS IN DT NN IN NNP IN CD , JJR IN DT CD VBD RP IN NN , DT VBZ DT NN NN IN JJR IN CD NN . IN NN , CD IN DT CD NNS NNS MD VB NN . IN JJ NNS , RB CD IN CD CD NNS VBN IN NNS MD VB -LRB- DT NN VBZ RB JJR IN VBG NNS , WRB VBN NNS , JJ IN NN , MD VB IN NNS NN NNS IN IN IN CD NN -RRB- . TO VB NNS JJR , NNS VBZ CD IN DT RBS JJ NNS IN DT NN . CC JJ VBP TO VB IN DT NNS , EX VBP JJ NNS WP VBP TO VB PRP$ NNS VBN . DT NN POS NNS IN NNP VBP TO VB IN NNS WP VBP RB VBN PDT PRP$ NNS , VBG PRP VBZ DT JJ NN TO VB PRP$ JJ NNS . `` DT VBZ RB PRP$ NN , '' VBZ NNP NNP . PRP CC PRP$ NNS VBP IN IN VBG RB JJ NNS DT NNS MD RB VB RP NNS WP VBP PRP$ NN IN NN . IN VBG DT NNS VBG IN PRP$ NN , PRP VBZ EX VBZ DT NN DT NNS MD VB PRP RP . `` IN PRP$ NN , DT JJR DT NN , DT RBR JJ DT NNS VBP IN VBG , '' NNP NNP VBZ . `` CC IN PRP VBP PRP$ NNS CC VBP PRP DT NN IN NN , JJS IN PRP VBP PRP$ NN . '' IN CD , DT JJ JJ NN NNP NNP VBD DT NNP -LRB- NNS , NNS , NN -RRB- NN VBD NN . IN NNP POS NN VBZ RB VBN VBN CC VBN , CC NNP VBZ VBN VBN RP IN DT JJ JJ NN HYPH NNS IN DT NN VBP TO VB . IN NN , EX VBP NNS WP VBP JJ TO VB PRP$ NNS VBG NN , WDT VBZ DT JJ NN HYPH NN IN DT NN . IN RB DT NN IN CD HYPH IN HYPH DT HYPH CD , DT NN VBZ RB JJR IN DT CD HYPH IN HYPH DT HYPH CD NN IN VBG NN IN NNS PRP . CC VB DT NNS IN DT JJ JJ NN IN NNS , NNS CC JJ NNS , WDT VBZ RBR VBN IN DT JJ JJ NNS IN NNP HYPH NNP CC NNP , RB IN DT WP RB VBP TO VB PRP$ NN IN DT NN HYPH NN NN CC PRP VBP DT JJ NN IN NNS WP VBP RB VBN . IN NNP , DT NNS NN NN VBZ CD NN , IN NNP HYPH NNP PRP VBZ RB JJR IN CD NN . DT MD VB IN DT NN , CC PRP VBZ RB IN DT CD NN NN VBN IN NNP CC JJ JJ NNS TO VB DT NN IN CD . IN CD , DT RB JJ NN NN NNP NNP VBD DT NN IN JJ NN IN DT NN IN VBG DT NNS NN NN . CC NNP NNP NNP , DT JJ NN IN DT NNP HYPH NNP NNP NNP NNP VBZ RB VBN IN JJ NNS MD VB IN NNP . `` PRP RB MD VB TO VB JJR NN TO VB IN NN IN JJ NN IN PRP MD VB TO VB NNS IN NN VBZ JJ , CC IN PRP MD VB DT NN IN PRP$ NNS , '' PRP VBZ IN PRP$ NN IN NNP . IN NNP , VBG NNS IN NNP VBZ IN RB VBG DT NNS . PRP VBZ IN DT JJ NN VBN IN DT NN IN DT NN . PRP VBZ DT NNS NN NN IN DT NN NN . DT VBP JJ JJ , DT VBZ JJ IN PRP VBZ DT NN NN VBZ JJR IN CD NN . NNS VBP JJ JJ , WDT VBZ RB RB JJ . `` PRP MD VB EX VBP DT JJ NNS , WRB EX VBZ PDT DT JJ NN IN -LRB- PRP CC -RRB- VBG NNS , CC EX VBZ RB DT NN IN VBG DT IN IN DT NN IN NN IN JJ NNS VBZ IN NN IN NN , '' PRP VBZ . CD NN DT NN NN NN -LRB- NNP NNP HYPH NNP -RRB- VBZ VBG IN VBZ RB VBG NNS IN NNS CC NNS IN JJ NN NNS . PRP VBZ NN NNP NNP VBZ VBN IN DT JJ NNS . `` WP PRP -LRB- VB TO VB -RRB- VBZ VB DT NNS '' VBD PRP VB IN IN PRP$ NN NNS VBP RB JJR IN IN DT VBG NN . CC WRB VBP . PRP MD VB TO VB PRP$ NN IN DT CC PRP MD VB TO VB IN PRP IN PRP , '' '' PRP VBZ . DT NN PRP VBP VBN VBG VBZ VBG DT NNS NN NNS IN NNS CC NNS IN NN NNS IN IN NNS IN VBG NNS . DT NN IN JJ , JJ NN VBZ VBN VBN TO VB JJR IN JJ NN NNS IN DT JJ NN CC IN JJ , JJ NN . WDT DT NN , PRP VBZ JJ TO VB NNS . DT NNPS , CC NN CC NN HYPH VBD IN CD . CC NNP , CD IN NNP POS RBS JJ NNS , RB VBZ DT JJ NN TO VB ."
319,1167,conspiracy,"RB WRB PRP VBD IN NNS MD RB VB DT NN , CD NNP NN NNS VBP VBN NNS IN DT RB JJ NN . DT NNP NNP IN NNP CC DT NNP NNP IN NNP CC NNP NNPS VBP RB VBN RP DT NN NN WDT VBZ RB NN VBG , CC RB RB RB NN VBZ VBG IN PRP . VBG IN DT NN NN , DT CD CD NN NN VBZ VBN VBN IN NNP NNP NNP IN CD NNS VBN IN `` NNP NNP '' CC `` JJ NNP '' . RB DT NN IN DT NNS VBZ TO VB JJ NNS IN `` NN NNS '' JJ TO VB IN DT NN HYPH CD NN VBZ JJ . DT VBG VBZ RB IN DT JJ NN IN DT NNP IN NNP . VBZ EX DT NNP NNS POS NN TO VB NNS IN NN . `` NN DT NNP IN NNP CC DT NNP NNP IN NNP CC NNP NNPS , VB DT $ CD CD NN IN NNP NNP NNP IN `` NN NN '' CC `` JJ NNP , '' WDT RB MD RB VB NNP NN NN IN RB VBN , JJ HYPH NN NN NN IN NNP CD . VBN IN DT NNP POS NNP NNP NNP NNP -LRB- NNP -RRB- , IN NN IN DT NNP NNP IN DT NNP NNP IN NNP CC NNP , DT NN MD VB `` NNP '' TO VB DT NNP HYPH VBN , JJ HYPH NN NN NN IN VBN NNS VBG RBR DT NN IN VBG RB HYPH VBN NN HYPH NN HYPH NN -LRB- NNP -RRB- JJ NNS NN NN , JJ IN VBG NN HYPH CD WRB DT JJ CC VBN NN VBZ JJ . NN , EX VBP RB CD CD NNS VBG IN DT NNP NNPS . CC DT NN NN VBZ IN DT NN VBZ TO VB `` RB CD CD VBN NNS '' IN CD . RB DT MD VB JJ `` NN NNS '' TO VB DT NN , NN CC NN IN DT JJ NN CD CC DT NN NNS . RB RB , NNS RB IN DT NN VBP VBG IN DT NN IN DT NN , CC IN PRP VBP VBN RB , DT VBZ RB VBG TO VB DT JJ NN . CC IN NNP NNP NNP NNP RB VBD IN DT NNP NNP NN IN EX VBZ DT NN IN DT NN '' VBZ RB VBG TO VB JJ '' . IN NN , IN EX VBP JJ NNS IN NN HYPH CD RB VBG IN IN RB , CD NN MD RB VB JJ TO VB PRP DT . RB DT MD VB DT NN IN `` JJ NNS '' , CC DT VBZ NN WDT NNP NN NNP NNP VBZ RB VBN . RB WRB DT NN RB VBZ , EX MD VB JJR IN CD NN WDT NNS VBP VBG NN TO VB . CC IN RB , EX VBZ DT NN , CC DT NN NNS VBP VBG IN JJ NN NNS TO VB IN NN IN NNS TO VB . IN NN , NNP NNP VBZ VBG IN DT JJ NN NN IN NNP NNP NNP VBZ VBG IN DT JJ `` NN HYPH IN HYPH NN NN '' MD VB TO VB VBN IN NNP . CC RB NNP NNP NNP NNP VBZ IN DT JJ NN . IN NN , PRP VBZ RB RB VBN IN EX MD VB DT NN IN JJ IN DT NN CC DT NN VBZ RB . PRP VBP RB RB IN DT VBG IN DT NNP NNP NN , IN PRP RB VBZ IN DT JJ CD NNS VBP VBG TO VB RB JJ . IN NN EX VBP JJ JJ NNS WDT VBP VBG JJ NNS . RB VB RP WP VBZ VBG VBN VBG DT NN IN NNP NNP NNP . PRP VBP RB IN NNP RB RB . MD PRP VB VBG VBN TO VB RB IN DT JJ CD NNS . RB , DT VBZ WP NNS IN NNPS MD VB VBG . CC IN NNP NNP NNP RB VBD IN JJ NNS MD VB TO VB VBN IN DT JJ NN NN VBZ . PRP$ JJ NN VBZ VBG RP IN IN DT NN , CC IN PRP MD RB VB DT NN , WP VBP PRP VBG TO VB WRB RB JJR NNS VBP VBG IN PRP . RB PRP VBP IN PRP MD VB RP DT NN CC VB RB IN CD . NN VBD RB RB JJR RB RB , CC NNS VBP RB VBG TO VB JJR IN DT NNS CC NNS TO VB . DT NN NN IN JJ NN NNS VBZ RB IN NN . VB NN NN NN IN CD NN RP IN JJ NN NNS CC JJ NN NN ."
320,1234,mainstream,"NNS IN NN HYPH CD NN NNS VBP RB VBG VBN . DT NN VBG NNS MD VB VBN IN DT WP VBP PRP VBZ RB RB JJ . DT NNP NNPS VBZ RB RB VBN IN PRP MD VB TO VB NN NN IN NNS IN NN HYPH CD NN . JJ NNS , VBG NNP CC NNP , VBP VBN JJ NNS . DT NN IN JJ NNS VBZ VBN VBN IN NN NN . IN DT NN IN NNP NNP NNP POS NNP IN NNP NNP NNPS , PRP VBP VBN VBG DT NNP HYPH CD NN NN . NN NN VBZ JJ IN JJ NN IN NNS : CC , RB , PRP VBP VBN PRP VBZ JJ RB IN DT NNP PRP . NN NN VBZ WRB DT NN VBZ TO VB NNS IN NN IN PRP$ JJ NNS CC NNS IN PRP VBP VBN JJ IN JJ NNS . DT VBZ VBN IN NN NNS IN DT NN CC DT NN NN . IN NNP , DT NNP NNP VBD IN NNS IN NNP , DT JJ NN NN VBG DT NN HYPH CD NN . DT NNP NN VBZ VBN TO VB VBN IN DT NN IN VBG JJ NNS IN DT NN . DT VBD DT JJ NN TO VB IN `` NNP VBZ RB IN NN . '' NNP NNP POS NN IN NN RB VBD IN DT NN VBN IN NNP VBD TO VB VBN JJ IN `` NNP CC DT NN . '' IN NNP CD , DT JJ NN VBD PRP MD VB VBG CD CD NNS -LRB- RB NNP $ CD CD -RRB- IN NNP IN DT CD NN NN IN DT NN . IN NNP , DT NN IN NNP , DT JJ NN WP$ NN HYPH CD NN NN VBZ VBN JJ NN IN DT NNP NNP NNP NNP CC NNP NNP , VBD IN DT NNP VBD DT `` NN IN DT JJS NN '' IN NN . VBG JJ NN CC NN IN DT JJ NN , NNP VBD PRP$ NN CC VBD IN PRP MD RB VB NN NNS IN DT NN . IN NNP , DT RB VBN NNP NNP VBZ VBG CD IN DT VBG NN HYPH CD NN NNS . DT NNP NNP VBD IN , IN NN IN DT NN VBZ , JJS IN DT JJ NNS IN NN MD VB VBN IN NNP . IN DT JJ NN , NNP , IN DT NNP CC NNP , VBD RB TO VB DT NN IN NNP HYPH CD NNS NNP , WDT VBD VBN IN DT NNP NNP NNP TO VB NN IN NNS IN DT NN CC NN IN NN HYPH CD NNS CC NNS . NN NN VBZ RB JJ IN DT JJ NNS IN DT CD NNP NN NN , DT IN DT JJS NNS VBD IN NN NNS IN JJ JJ NNS VBG IN NN NNS . IN DT NN , PRP VBD VBN IN , IN DT JJS HYPH NN NN , DT JJ NN IN NN NNS WDT MD VB VBN RB VBD CD CD . DT NNP RB VBD CC VBD DT NN TO VB CD NNS . PDT DT NNS WDT VBD NN NNS VBD VBN NNS . RB WRB DT CD NN VBD TO VB CC NN IN DT NN VBN VBD VBN NNS VB TO VB NN NNS IN JJR NNS . DT RBS JJ NN IN NN NN VBZ IN PRP RB VBZ NNS IN JJR NNS CC NN NN . PRP VBZ NNS IN DT JJ NNP IN JJ NN IN JJ JJ NN NNS . VBN IN PRP$ NN , PRP VBZ NNS IN RB IN HYPH NN NNS IN JJ NNS IN NNS IN JJR NN IN VBG NNS . NN NN RB VBZ IN DT JJ NNS IN NN NN CC JJ JJ NN . JJS NN NN NNS VBP JJ NNS IN JJ NNS . IN JJ NNS , EX VBP RB JJ NNS IN WDT DT JJ NN MD VB TO VB DT JJ NN IN DT NN . CC RB IN DT VBD JJ , JJ JJ NN VBZ JJ . IN NNP HYPH CD VBZ VBG , NNS MD VB DT NN . JJ NN NNS IN NNS , WDT VBP DT NN IN NNS , VBP TO VB DT NN . WRB NN MD VB IN DT NNP DT NNP IN JJ IN PRP$ JJ NN NNS . VBZ DT NNP NN VB TO VB JJ NNS IN DT NN WDT MD VB VBN RB JJ . PDT DT NN MD VB IN JJR NNP NNS CC NNS : RB DT WP VBP JJ CC VBN : MD VB NN IN DT NN . DT NN VBZ DT NN IN WP NNS VBP NN NN , IN NNS IN NN IN DT NN HYPH VBG NN VBP VBN RP . IN JJ NN , NN NN VBZ NNS . DT VBZ RB DT JJ NN . NNP NNP IN NNP CC NNP NNPS NNP NNP VBZ VBN NNP IN DT NN MD RB VB TO VB NN IN NN HYPH CD NNS IN DT NNP . NNP VBZ VBN DT NNP NN VBZ DT JJ NN TO VB IN NN NN CC NN , IN DT NNP VBZ NNS , NNS MD RB VB DT NN IN DT NNS MD RB VB JJ . DT NN VBZ VBN RB VBN . DT NN VBZ VBN PRP `` JJ JJ NN NN , '' RB VBG RP IN JJ NNS RB VBP DT JJ NN IN NN NN CC NN IN DT NNP RB , IN JJ NNS VBP VBN RP , EX VBP JJ JJ NNS CC JJ NNS JJ RB IN JJ NNS . IN NNP HYPH CD NNS VBP RB VBN JJ RB IN DT WP VBP PRP , DT NNS MD RB VB RB JJ IN JJR CC RB JJ CC VBN NNS . NNP HYPH CD VBZ RB VBN DT JJR NN IN JJ CC JJ NNS . IN JJ NN IN DT NN , DT NNS MD RB VB TO VB JJR IN NNS , VBG IN JJ NN NN , VBN JJ NNS CC JJ NN IN NN . WP VBZ TO VB VBN NN VBZ IN NN IN JJ JJ NN NNS . CC , EX VBP DT NNS IN JJ NNS WDT VBP NN NNS IN DT NNS VBN RB . EX VBZ NN RB JJ IN NN NNS IN JJ NNS . NNS RB VBP RB VB RB JJ IN NNS IN JJ JJ NNS . IN VBN RB , NN NNS MD RB VB DT NN IN NNS TO VB NNS WDT RB MD RB VBN . NNS IN NNP , DT JJ NN VBN IN NNP , VBP JJ NNS TO VB NNS IN VBG NNS . CC PRP VBP NN NN IN DT NN IN DT NNS . NNS MD RB VB JJ NN IN JJ JJ NN NNS . PRP VBP IN JJ NNS MD VB TO VB IN VBG NNS IN PRP$ NNS IN JJ NN NNS . DT NN POS NN IN NNP HYPH CD NNS NN VBZ DT NN NN IN NNS TO VB JJ NNS IN DT JJ NN . CC JJR VBZ TO VB VBN . JJ NNS : VBG DT NNP : MD VB NNS RB IN DT JJ NN TO VB DT NN IN JJ NN IN NNS IN JJ NN NNS . NN VBZ CC NN IN NNS CC NN NNS IN NNS IN DT NN , JJ IN NN CC NN . RB IN DT NNP MD VB VBN DT NN IN DT JJ NN NN , PRP VBP PRP MD VB VBG IN RB JJ NNS . NN TO VB RB VBZ JJ NNS IN DT NN . RB , PRP MD VB PRP$ JJ NNS CC NNS , CC VB JJ NNS IN PRP$ NN NN NN . DT NN VBZ VBN IN DT NNP IN DT NNP NNP NN . VB DT JJ NN ."
321,1060,mainstream,"CD HYPH CD JJ NN NNS -LRB- JJ NNP CD -RRB- VBD VBN IN CD NNS IN CD NNS DT . NNS IN NN CD VBD CD JJ NNS IN NN NNS VBN IN DT NNP CD NN NN SYM CD VBN IN NN NNS -LRB- NN CD SYM CD -RRB- CD . NNS IN NN CD VBD VBN IN DT JJ NN VBG NNS VBG NN , NN CC NN HYPH VBG NN NN IN NN IN NN , NN HYPH CD VBN IN DT JJ NN NNS VBN IN NN CD -LRB- NNP CD -RRB- . DT NNP , NN HYPH CD NNS VBD VBN RB IN NNS CD , CD , CD CC CD IN CD NNS , IN DT NN , NNP CC NNP JJ NNS VBD VBN RB IN NNS CD , CD CC CD , RB . NN NNS IN NN CD VBD VBN CD NN IN NN HYPH CD IN NNP NNS CD NNS IN DT JJ JJ NN -LRB- NNP CD -RRB- . IN NNS CD CC CD , NN JJ NN HYPH VBG NNS VBD RB JJ IN DT JJ NN , NN HYPH CD NN : DT NNS VBD RB IN DT JJ NN CC VBD RB JJR IN DT JJ -LRB- NN CD NN -RRB- . RB , DT JJ NN NNS VBD JJR IN RB IN DT CD HYPH NN NN IN DT JJ CC JJ NNS , WDT VBZ JJ IN JJ NNS CD . IN DT NN NN , DT JJ NN NN VBD RB VBN IN JJ NNS RB IN DT JJ NN CC VBD IN DT JJ NN -LRB- NN CD CD -RRB- . NN CC JJ NN JJ NNS VBD RB VBN -LRB- NN CD NN -RRB- . IN DT NNP NNS VBD JJ IN DT NN NNS IN DT NNS , DT NN NNS VBD RB JJR IN DT NN SYM NN , NN HYPH CD NN IN DT NN NNS . NNP CD CD NN VBN JJ NN HYPH JJ JJ NN -LRB- NN -RRB- NNS IN NN NNS IN NN . NNP NNP NN -LRB- NN NN NN -RRB- . PRP RB VBD FW IN NN CC NN NN NNS , CD NNS IN DT NN . IN DT NN NNS , NN NNS VBD RB VBN IN DT JJ NN -LRB- NN CD -RRB- CC VBD RB VBN IN DT JJ -LRB- NNP NN -RRB- . DT JJ NN NNS VBD IN CD IN NN CD IN CD IN NN CD -LRB- CD NNS IN JJ CC JJ NN NNS , RB -RRB- IN NN CD , IN IN NN CD DT JJ NNS VBD CD CC CD -LRB- NN CD -RRB- . DT JJ NN NN CD NNS RBR VBD JJ NN NNS IN CD -LRB- NN CD SYM CD -RRB- CC CD -LRB- CD CD -RRB- IN NNS CD CC CD , RB . IN EX VBD DT RB JJ NN IN DT NN IN JJ NN NN IN NN NNS IN DT NN NN , DT NN IN NNS IN JJ NNS VBD RB JJ . DT JJ NN , DT NN IN NN , VBD SYM CD SYM NN JJR IN NN CD IN IN NN CD -LRB- NN CD -RRB- . IN JJ NNS , DT NN IN NN NN IN DT JJ CD HYPH NN NNS IN NN CD VBD CD SYM NN JJR IN IN JJ NN CD NNS . NNP IN DT JJ CC DT JJ NN NNS VBD RB VBN IN DT NNP NNP NNP TO VB DT NN IN NN NN CC TO VB JJ TO VB NNS IN JJ JJ NNS VBG NN HYPH CD HYPH VBN NN IN NN -LRB- NN , NN IN NN -RRB- . IN VBN , DT CD NNS VBD RB JJ CC VBN -LRB- VBN NN NN CD , LS -RRB- . DT NNP NNS VBD RB IN DT NNS IN CD NNS IN DT JJ NN , NN HYPH CD NN , CC RB DT JJ NNS VBD VBN NNS IN DT NN IN DT JJ NN CD NNS RBR -LRB- IN NN CD -RRB- -LRB- VBN NN NN CD -RRB- . PRP RB VBD NN NNS IN DT NN HYPH JJ NN HYPH NN NN VBN IN NN NNS , VBG DT JJ NN , IN NN CD NN . DT NNS VBD RB JJ JJR IN NN IN DT NNS VBN VBG NN . NNP NN , CC DT JJ NNS VBD RB VB RB IN DT NNS -LRB- VBN NN NN CD NN -RRB- . IN NN IN JJ NN NNS , NN , NN HYPH CD NNS VBN JJ NN SYM NN NN NNS -LRB- VBN NN NN CD -RRB- . EX VBD DT NN SYM NN NN NN , IN VBN RB CD . IN NN , NNP NNS VBD RB VB NN SYM NN NN NNS IN NN NN . RB , EX VBD DT NN IN JJ NN SYM NN NNS CC NN NNS -LRB- VBN NN NN CD LS -RRB- CC IN NN CC VBG NNS -LRB- VBN NN NN CD -RRB- JJ IN JJ NN . NN IN NNP VBZ JJ NN IN NN HYPH JJ NN NNS CC NNS DT NN IN NN NNS VBD VBN IN VBG NN JJ NN SYM CC NN SYM NN NN NNS IN NN CD NN IN DT NN , DT NN NN NN IN VBN IN PRP$ JJ NN CD , RB RB IN IN DT JJR NN NN -LRB- NN CD -RRB- TO VB NN IN NN . NN NNP NN HYPH JJ NNS VBD IN DT JJ NN NN CC VBD RB JJ NNS , IN IN CD NN IN NN HYPH NN NN IN DT CD NNP HYPH NNP NNS -LRB- VBN IN NNP HYPH NNP NNS IN IN NN IN NNS -RRB- IN DT NN -LRB- NN CD -RRB- . RB , NN NN NNS , RB NN SYM NN NNS , VBD RB JJ CC VBD IN IN NN CD -LRB- CD NNS IN NN HYPH NN NN -RRB- IN JJ NN -LRB- NN -RRB- NN SYM NN NNS -LRB- NN CD -RRB- . NNP NN RB VBD DT JJ NN JJ NN NN SYM NN NN NN IN NN -LRB- NN CD -RRB- . IN NN , PRP$ JJ NN VBZ VBN IN NN IN NN MD VB JJ NN NNS IN DT NN CC NN . IN DT JJ NN , PRP VBD RB VB JJ NNS IN NN , IN DT JJ NN IN DT NN VBD TO VB NN CC PRP VBD TO VB JJ NN CC NN IN DT NN IN NN . RB , PRP VBD JJ TO VB DT NN IN NN SYM NNS IN JJ NNS VBG NNS IN DT JJ NN CD . EX VBD JJ NN HYPH JJ NN SYM NN NNS IN NN , NN CC JJ NNS IN DT JJ NN NN SYM CD NN IN NN HYPH NN NN -LRB- VBN NN NN NN , LS -RRB- . PRP VBD DT JJ NN IN NNS IN VBG PRP IN NNP NN CC VBD DT NN HYPH VBN NN HYPH NN HYPH JJ NN NN SYM NN NNS VBD JJ NNS IN NN HYPH , NN JJ NN -LRB- NN -RRB- , CD NN , NN NN NN , CC NN -LRB- NNP -RRB- SYM CD CC VBD JJ NNS IN NN -LRB- VBN NN NN NN , NN -RRB- . DT NNS VBP JJ NN IN VBN JJ NN IN NNP DT JJ NN NN IN DT NN VBD NN IN CD VBN JJ HYPH NN JJ NNS IN DT JJ NN HYPH NN , DT NN CD NN IN NN NN NNS JJ IN VBG NN HYPH CD NNS , VBN IN NN JJ NN NN NNS -LRB- NNS -RRB- CD . IN DT NN , CD NN IN DT JJ NN , NN HYPH CD NN , PRP VBD DT NNS RB , IN JJ CD NNS . IN DT NN NN NN VBD JJ -LRB- CD NN JJ NN NNS NN -RRB- IN CD JJ NNS , RB DT NN VBD VBN IN VBN CC RB RB VBN . IN NN IN DT NN NN WDT VBD RB CD SYM CD , DT NN NNS VBD JJ NN -LRB- NNP CD -RRB- . IN CD NN IN NN NNS VBD VBN IN CD NNS , CD IN DT CD NNS IN DT NN , NN HYPH CD NN -LRB- CD NN NN , NN SYM CD -RRB- CC CD IN DT CD NNS IN DT NN SYM NN , NN HYPH CD NN -LRB- CD NN NN , NN -LRB- CD -RRB- VBD VBN IN CD NNS . RB , IN DT NNS WDT VBD VBN , DT NN NN IN NN VBD JJR IN JJR IN RB IN VBN NNS -LRB- FW CD CD -RRB- . RB , DT NN JJ NN IN DT NN IN DT NN , NN HYPH CD NN -LRB- CD SYM CD NN NNS NNS NN -RRB- VBD RB JJ IN IN DT NN SYM NN , NN HYPH CD NN -LRB- CD SYM CD NN NNS NNS NN -RRB- , VBG DT NN IN NNS TO VB NN IN JJS IN JJ NN . IN NN JJ NNS VBD JJ IN DT CD NNS , CD IN DT CD VBN NNS IN DT NN SYM NN , NN HYPH CD NN VBD DT JJ NN IN DT NN NN CD NNS RBR -LRB- NN NN -RRB- . DT VBZ JJ IN DT NN WDT NN HYPH JJ NN SYM NN NNS MD VB DT NN NN NN IN JJ NN IN DT NN . RB , PRP VBD TO VB NNS IN NN . JJ IN DT JJ NN , PRP VBD DT JJ NN IN NN NN NNS VBN CD NNS IN NN CC IN DT NN IN NN -LRB- CD CC CD NNS IN JJ NN , RB -RRB- CC DT NN IN NN IN NN IN DT NN , NN HYPH CD NN -LRB- NN NN -RRB- . RB , EX VBD DT JJ NN IN DT NN SYM NN NN HYPH CD NN -LRB- NNP NN -RRB- . PRP VBD DT JJ NN NN TO VB DT JJ NN NN VBN IN NN IN DT NN , NN HYPH CD NN . DT NN VBD DT CD NN NN IN NN IN DT NN NN NN NN IN CD -LRB- CD NN -RRB- -LRB- NN CD CD -RRB- . JJ IN DT NN , CD IN CD VBN NNS IN DT NN , NN HYPH CD NN VBD DT NN NN CD . IN NN , DT NN IN DT NN , IN CD -LRB- NN NN CD -RRB- , VBD VBN . PRP VBP IN DT NN NN VBD DT JJ NN IN NN IN NNS VBN IN NN , NN SYM CD RB . RB , IN DT NN SYM NN , NN HYPH CD NN , DT CD NNS -LRB- IN IN CD -RRB- IN NN NNS SYM CD VBD VBN . RB , RB , CD IN DT CD NNS -LRB- CD NN -RRB- IN NN NNS -LRB- CD VBD RB VBN -LRB- NN CD NN -RRB- . DT VBG NN IN DT CD NNS VBD RB JJ IN DT NNP NN IN NNS IN NN NNS -LRB- CD , WDT VBZ RB JJ NN IN DT NN SYM NN , NN HYPH CD NN VBN IN DT JJ NN , NN HYPH CD NN -LRB- NN NN -RRB- . IN NN , JJ JJ NN HYPH VBG NN CC NN HYPH JJ NN HYPH VBN JJ NN -LRB- NN -RRB- , DT NN IN DT NN IN NNS TO VB NN NN IN DT NN IN NN NN HYPH VBG NNS CC JJ NN -LRB- NN -RRB- NNS , VBD JJR IN DT VBN NNS IN NN NNS -LRB- CD , IN NN IN DT VBN NNS -LRB- FW CD CC VBN NN NN CD -RRB- . RB , JJ NN CC NN NNS RB VBN IN NN IN PRP$ JJ NN , IN WDT JJ NNS WDT VBD NN SYM NN -LRB- JJ NN -RRB- NNS VBD VBN CD . DT NNS VBP IN IN NNS VBP DT JJ NN IN NN IN NN , DT NN IN JJ NN NNS MD VB IN VBG NNS IN NN NNS IN DT NN IN JJ NN CC VB DT JJ NN IN NN , RB VBG DT NN IN NN VBN IN NN . NN HYPH JJ NN CD NN NN SYM NN NNS VBP VBN VBN TO VB VBN IN VBN NN NN CD . RB , IN DT NNS , PRP VBD RB VB DT NN IN JJ NN NN SYM NN NNS IN NN CC NN CC JJ NN -LRB- VBN NN NN CD -RRB- . RB , TO VB IN NNS CC NN NN NNS VBD VBN IN DT NN NN IN DT NN WDT VBD JJ NN , PRP VBD NN NNS VBN IN NNS CD CC CD -LRB- CC DT NN NN IN NN IN DT NN IN VBN NNS -RRB- , DT NN IN DT JJ CC JJ NNS . DT NN NN VBD IN DT NNS , JJ IN PRP$ NN NN CC NN NN -LRB- VBN NN NN NN -RRB- . RB , EX VBD DT NN IN VBN NN NN VBN IN DT NN NN . RB , EX VBD DT NN NN NN , NN CC JJ NN SYM CC NN SYM NN NNS , VBG NN -LRB- VBN NN NN CD NN -RRB- . PRP RB VBD IN DT JJ JJ NN NN -LRB- NNP -RRB- NN NNP VBZ , NNP HYPH NNP , NNP HYPH NNP CC NNP HYPH NNP NFP CD VBD DT NN IN DT VBN NN VBN IN DT NN SYM NN NN SYM CD NN . NNP HYPH NNP NNS VBD RB VBN IN DT NNS CC RB IN EX VBD JJR NNS IN NNP HYPH NNP CC NNP HYPH NNP NFP CD IN DT NNP SYM NN , NN HYPH CD NN , DT NNS IN NNS IN DT NNS VBD RB JJ TO VB DT NNS . RB , EX VBZ RB VB TO VB DT NN IN DT NN IN DT NNS CC NN -LRB- VBN NN NNP CD -RRB- . DT NN IN NN SYM NN NNS TO VB JJ NN VBZ VBN RB VBN CC DT NN IN IN PRP RB VBP NN VBZ JJ CD . NN HYPH VBN NN SYM NN CD NN NN SYM NN NNS VBP VBN TO VB VBN IN VBN JJ NN NN -LRB- NN -RRB- NN CC VBP NNS IN NN NN CD . IN PRP$ NN , PRP VBD RB VB DT JJ NN IN NN HYPH JJ NN NNS IN NN IN VBN IN VBN NNS IN NN NNS -LRB- CD . RB , CC DT NN IN NN HYPH JJ NN HYPH NN CC NN NN VBG NN SYM NN NNS -LRB- VBN NN NN NN -RRB- , CC DT NN IN NN SYM NN SYM NN NNS CC NN HYPH JJ NN HYPH VBG NN SYM NN NNS VBD IN DT NNS -LRB- VBN NN NN CD CD -RRB- . IN NN , DT NN HYPH JJ NN NN NNS VBD RB VB IN DT JJ NN NN -LRB- VBN NN NN CD NN -RRB- . PRP$ JJ NN VBZ IN NN IN DT NN NN VBN IN DT NN VBZ DT JJ NN IN NN SYM NN NNS IN JJ NNS -LRB- VBN NN NN CD -RRB- CD . VBN DT NN IN NN IN NN JJ NN SYM NN NNS IN NN IN NN IN DT NN , PRP VBD IN NN SYM NN NNS VBN IN NNP NN MD VB DT JJ NN IN VBG NN HYPH VBN NN . IN DT NN , DT JJ NN IN NNS VBZ IN JJ NN IN NN SYM NN NNS IN JJ NNS VBZ IN VBN NN IN NN NN NNS WDT VBP JJ NNS IN NN IN NN . RB , JJ NNS IN NNS VBP VBN IN JJ NN SYM NN NN NN VBZ IN FW NN IN JJ NNS CC NN NNS IN JJ JJ NNS CD . RB , DT NNS IN IN IN JJ NN NN NN MD VB IN DT JJ NN , CC IN JJ IN JJ JJ NNS MD VB NN HYPH NN NNS , VBP JJ . TO VB DT NNS , PRP VBD JJ NNS , VBG NN , IN CD IN CD VBN NNS -LRB- RB IN NN NNS -LRB- CD -RRB- IN DT NN SYM NN , NN HYPH CD NN , IN CD NNS IN DT JJ JJ NN . PRP VBD JJ NNS IN CD NNS IN DT JJ NN HYPH NN NN NN TO VB NN NNS IN FW CC RB VBD DT JJ HYPH NN NN HYPH NN -LRB- NN HYPH NN -RRB- NN IN NNS VBN IN NNS -LRB- NNP NN -RRB- . DT NN IN NN NNS IN NN NN NN IN NN VBD RB VBN IN VBG DT NN IN NNS CC NNS IN DT NN NNS . EX VBD RB VBN NN IN NNP HYPH , IN DT NN -LRB- VBG IN CD SYM IN CD HYPH NN -RRB- VBG NN IN DT NN NN NN RB IN NN NNS -LRB- FW CD CD -RRB- . JJ NN VBD RB VBN , RB IN DT RBR JJ JJ , RB VBG NN IN DT JJR NN IN NN HYPH JJ NN SYM NN NNS -LRB- NN CD CD -RRB- . RB , PRP RB VBD NN CC NN NN IN JJ NNS IN VBN CC JJ JJ NNS VBG JJ NN IN NNS CC NNS IN NN -LRB- NN HYPH NN -RRB- NN . NN HYPH VBN NN IN DT VBG CD JJ HYPH NN NN NN NNS , VBN VBG DT NN HYPH VBN NN NN VBN RB CD , VBD CD JJ NN NNS -LRB- NN CD NN -RRB- . DT NNS VBD VBN IN CD HYPH JJ NN VBG HYPH VBN JJ NN NN -LRB- NNP HYPH NNP -RRB- . DT JJ CD NNS WDT VBD NNS VBP VBN IN NN NN CC NNS IN NN HYPH VBN NNS -LRB- NNS -RRB- VBP VBN IN VBN NN NN CD . IN VBN , NN SYM CC NN SYM NN NNS -LRB- CD CC CD NNS , RB -RRB- VBD CD RB JJ NNS CC VBD NNS JJ IN NN CC NN . DT JJ NN -LRB- NN CD -RRB- WDT VBD DT NN IN NN HYPH CC NN HYPH VBG NNS , VBN IN NN IN NNS JJ IN NNP CC NNP , VBD RB RB VB NNS RB VBN IN JJ NN NN NNS . IN DT VBG CD NNS , CD VBD NNP NNS -LRB- CD NNS IN JJ -RRB- , CD NN NN NN -LRB- CD NNS -RRB- CC CD NN CD NN NNS -LRB- CD NNS -RRB- . JJ NN IN NN NN VBN NNP NN NNS , NNP NN NN CD VBD JJR NN NN NNS IN NNP NN NN CD . RB , NNP NN CD NNS VBD VBN IN NNS JJ IN NN CC NN -LRB- VBN NN NN CD CD -RRB- . RB , VBG NNP -LRB- NNP , NNP , NNP , NNP CC NN -RRB- , PRP VBD CD NN NN NNS -LRB- VBN NN NN CD NN -RRB- . NN CD VBN NN CC NN NNS CC NN HYPH VBG NNS VBD NN NNS NN CC NN . NNS CD CC CD VBD VBN IN NN CC NN , RB . NN CD VBD RB VBN IN NNS VBG NN , NN , NN CC NN IN NN IN NN , IN NN CD VBD VBN IN NN , NN CC NN . PRP RB VBD NN NN VBN IN NN NN NN . DT NN IN NNS IN NNP -LRB- CD NNS -RRB- CC NN NN -LRB- CD NNS -RRB- NN NNS VBD JJ -LRB- NN CD NN -RRB- . DT VBG CD IN DT JJ CD NNS VBN IN NN HYPH NN MD RB VB RB VBN IN DT NN NN . JJ JJ NN NN NN VBD DT JJS NN IN RB VBN NNS -LRB- NNS -RRB- IN NN SYM NN NNS -LRB- NNP CD -RRB- . IN NN IN NN IN DT NN IN NN HYPH NN HYPH VBN NNS -LRB- NN NN IN NNS , NNS , NN , NN , NN , NN CC NN -RRB- CD , NN NN CC NN HYPH VBN NNS -LRB- NN , NN -RRB- VBD VBN , VBG NN IN RB JJ NN SYM NN NNS . RB , NN SYM NN NNS VBD VBN NNS IN RB HYPH VBN NN HYPH NN NNS JJ IN NN , NN , NN CC JJ NNS IN DT JJ NN CD -LRB- NN CD NN -RRB- . NN IN NNP CC NNP VBD RB VBN IN DT NN NN IN VBN IN NNP NN CC NNP -LRB- NNP NN -RRB- . JJ JJ NNS MD VB NN SYM NN NNS RBR JJ IN NN . PRP RB VBD IN JJ NNS , VBG JJ NNS CC NNS , VBD NN IN JJ NNS . PRP VBD JJ NN IN NNS JJ IN NN , NN , NN CC NNP -LRB- NN CD -RRB- . NN NN VBG NN JJ NNS VBD JJ NN CC NN , NN NN , VBN JJ NNS , NN CD NN NN CC JJ JJ NN IN DT JJ NNS VBN IN NN NN -LRB- NN CD -RRB- . RB , TO VB IN NN VBD JJ , CD JJ NNS IN NNS CD CC CD VBD VBN CD NNS IN DT JJ IN DT JJ CD NNS -LRB- IN NN SYM CD : NNP CD -RRB- CC RB RB DT NN CC DT NN IN DT JJ JJ NN NN CC RB CD NNS IN DT JJ NN NN . DT VBN NN NNS IN DT IN CD IN DT VBG NNS -LRB- CD IN DT NN -RRB- VBD , IN RB , VBD RB IN DT NN NN IN CD -LRB- NN NN -RRB- . RB , RB , WRB DT VBN NNS VBD VBN DT JJ CD NNS IN DT JJ NN HYPH NN NN , EX VBD RB JJR NN IN NN CD IN IN NN CD -LRB- CD NN VBN IN CD NN : NN CD CD -RRB- . CD IN CD NN NNS VBN IN DT JJ NN VBD VBN IN CD NNS . DT NN JJ NN VBD VBN RB IN CC VBN NNS IN VBN RB -LRB- NNP CD NN CC NN CD CD -RRB- . IN JJ NN VBZ IN DT NNS IN DT NN VBD DT NN NN NN NN IN CD , VBN RBR -LRB- NN CD CD -RRB- . RB , IN DT NN NN , DT CD NN IN NN CD WDT VBD DT NN NN CD IN CD NNS IN DT JJ NN VBD DT JJ NN WDT VBD VBN IN DT CD JJ NNS -LRB- NNP NN -RRB- . IN NN , CC IN VBN RB , NN IN NN CD VBD RB VBN IN DT NN NN NN -LRB- NN NN -RRB- . RB , DT NNS VBP IN DT NN IN NNS VBN IN NN SYM NN , NN HYPH CD VBD RB VBN ."
322,721,mainstream,"JJ JJ NN NN NNS , VBN IN DT NN IN `` NN HYPH CC HYPH NN '' , VBP VBN VBN WDT MD VB VBN TO VB NNS IN JJ NNS IN DT JJ NN . DT VBZ JJ RB IN DT NN NNS VBP VBN RB IN DT JJ CC JJ NN NN VBN CC RB IN DT NN IN NN . NNS IN JJ NNS VBG JJ NN NN , JJ NN NNS , NN HYPH NN CC NN NN NNS MD VB RB VBN RB -LRB- NNP CD -RRB- . IN DT NN VBZ DT JJ JJ JJ NN WDT VBZ DT NN NN IN PRP$ NN , DT NN NNS VBP VBN IN VBG DT NN IN DT NN IN DT NN NN . IN DT JJ NN , DT NN VBZ VBN IN NN IN DT JJ NN NN -LRB- NN NN IN NN HYPH NN HYPH CD -RRB- IN DT NN IN JJ NNS -LRB- NNP -RRB- -LRB- NNP FW FW . -RRB- . NNS VBN IN DT NN NN NN VBZ TO VB DT NN NN , RB VBG NN NN NNS RB JJ . RB , IN PRP , DT NNS MD RB VB JJ CC MD VB PRP$ JJ NN RB IN NN , VBG PRP JJ IN DT JJ NNS TO VB NNS JJ IN DT NN . RB , DT JJ HYPH VBG JJ NN MD VB PRP$ NN IN DT NN HYPH NN JJ NN , WDT VBZ RB JJ IN DT JJ NN IN VBN IN DT NN IN DT NN . DT JJ NN NN VBZ VBG JJ JJ NNS IN JJ NNS IN DT NN NN TO RB VB DT JJ NN IN DT JJ NNS , RB VBG DT JJR NN -LRB- NNP CD -RRB- . IN NNS VBN IN VBG DT NN CC NN IN DT JJ NN IN NNS IN IN DT NN IN NNS IN JJ NN , PRP VBZ RB JJ TO VB JJR VBN NNS VBG JJ JJ NN NNS IN DT NN NN NN -LRB- NNP HYPH NNP CD -RRB- . VBG NNS IN NN VBZ NN , NN NN , NN CC JJ NN NN -LRB- NN -RRB- -LRB- NNP CC NNP CD -RRB- . DT NNS VBP CC JJ IN NNS -LRB- NN -RRB- CC VBP DT RB VBN NN WDT VBZ PRP$ JJ NN . DT NN NN IN DT VBN NN , NN NN VBZ VBN IN DT NN IN JJ NN , NN CC NN IN DT JJ NN . CD JJ NNS VBP PRP$ NN IN DT NN IN NN . PRP$ NN TO VB DT JJ -LRB- JJ CC JJ -RRB- JJ NN WDT VBZ RB JJ IN NNS IN NN CC NN IN DT NN VBZ PRP$ JJS NN . DT NN JJ NN NN VBN RB VBZ DT NN IN JJ NN NNS WDT VBP DT NN NN . RB , PRP$ JJ NN VBZ VBG JJ NN IN DT CD SYM CD NN JJR NN . NNS VBN IN NN NN VBP VBN VBN IN NNS IN NN HYPH NN CC NN IN IN PRP$ NN TO VB JJ NN IN DT NN IN PRP$ NN TO VB DT NN HYPH VBG NNS -LRB- JJ NNS CC NNS -RRB- -LRB- NNP FW CD -RRB- . IN DT NN , DT NNS JJ IN NN IN DT NN VBP VBN , IN NNS , IN DT JJ NN CC VBN IN JJ NN NN NNS IN DT NN -LRB- NNP HYPH NNP CD -RRB- . DT RBS JJ VBN NN NN NNP -LRB- NNP -RRB- VBZ DT JJ VBN NN IN NN . IN VBN NN IN NN NNS , NNP VBZ VBN PRP$ NN TO VB CC VB JJ NN IN JJ NNS -LRB- NNP CC NNP CD -RRB- . NN HYPH JJ NNS MD VB JJR NN NNS CC RB VB NN IN NNS IN RB VBG NN WRB VBN IN DT NN HYPH JJ NNS . CD IN DT NNS IN VBG DT NN NN NN VBZ VBN VBG DT NN IN PRP$ RBS JJ CC JJ NN . NNS VBP VBN IN JJ JJ NNS , WDT IN JJ NN VBP DT NN TO NN HYPH VB IN NNS VBG DT JJ NNS IN PRP -LRB- NNP CC NNP CD -RRB- . DT NNS MD VB DT JJ NN VBG IN DT NN NN VBG PRP IN DT NN IN NN CC MD RB VB JJ IN NN , VBG DT NN NN IN DT NN . DT JJ NN IN NN NNS VBG CC RB VBG DT JJ NNS VBP JJ IN JJ CC NN NNS , NN CC JJ NN NNS CC RB IN JJ NNS . IN NN , IN NNPS VBP DT NN IN PRP$ JJ , PRP VBP DT JJ NN IN NN IN JJ NNS , RB VBG DT NN IN NN NN CC NN IN DT JJ HYPH VBN NN , RB . JJ NN NNS VBP VBN IN DT JJR NN IN JJ CC VBN NNS IN NNS IN VBG NNS IN DT NN VBG DT NN POS NN MD VB VBN IN DT JJ NN . DT VBZ RB VB VBG DT NN IN DT NN CC VBZ JJ JJ NN IN JJ NNS . IN DT NN , DT NN NN VBZ VBN , RB VBN IN NN HYPH NNS , RB IN DT NNS IN DT JJ NN . IN PRP VBP PRP$ NN IN DT NN IN DT NN IN DT NN NN , JJ NN NN NN , VBN IN DT VBN NN , VBZ VBN IN DT NN NNS JJ NN -LRB- NNP CC NNP CD -RRB- . NN NNS VBP JJ , JJ CC JJ NNS MD VB VBN IN DT JJ NN IN NN HYPH JJ NN NNS , WDT VBZ JJ IN NN IN JJ HYPH NN NNS . RB VBN IN VBG NN IN NN NNS IN NN NN , NN NNS VBP RB RB VBN IN VBG NNS . IN NN NNS , PRP VBP DT JJ NN NNS CC , VBG NN IN NN , VBP DT NN IN VBG VBN IN DT NN NN , IN DT NN . PRP VBP IN CD NNS , JJ NN HYPH VBN NNS CC NN HYPH VBG NN NNS . DT VBP IN DT NN IN VBG DT NN NN NN NN TO VB DT NN NNS CC VB JJ NN -LRB- NNP FW CD -RRB- . IN DT JJ VBZ NN HYPH JJ CC VBZ DT NN POS NN , DT JJ NNS IN DT VBN NN IN DT NN NN WRB DT NN NN IN NN VBZ DT NNS POS JJ NNS VBG IN DT JJ NNS . DT VBG NN MD VB DT JJ JJ NNS IN DT NN IN JJ NNS CC MD VB PRP IN DT JJ NN , IN DT NN MD VB PRP VBG DT NNP JJ NN NN VBN IN PRP$ NN -LRB- NNP FW FW -RRB- . DT IN DT JJ NNS VBP VBG RB VBN TO VB JJ NNS IN DT JJ NN . JJ JJ NNS VBP IN DT JJ NN MD VB IN PDT DT NN , RB IN JJ JJ NNS IN DT NN CC VB IN DT JJ NNS IN NN . CC , MD NN VB IN DT JJ NN IN VBG JJ NNS IN VBG JJ NN IN NNP HYPH CD . PRP MD VB TO VB IN DT NNS IN DT JJ NNS TO VB RP ."
323,318,mainstream,"NNP , NNP . , DT JJ NN IN DT NN VBD VBG NNS IN RB JJ NN , VBG VBN HYPH IN NN NNS IN CD JJ , JJ HYPH JJ NNS , PRP$ NN VBN NNP . NN NNS VBN CC DT JJ CC JJ NN IN DT NN IN NNP , NNP HYPH VBN NNP NNP VBD NNS JJ IN DT VBN IN NNS WP VBP VBN IN NN HYPH CD . IN DT JJ NN IN DT NN , VBN IN DT NNP NNP NNPS IN NNP , NNS MD VB TO VB WDT NN VBZ JJS IN DT JJ NN WDT PRP VBP TO VB IN NNP . IN DT , CD NNS VBP VBN CD CC CD NNS IN DT NN , WDT VBD VBG VBN IN CD JJ NNS . DT NN IN JJ NN NNS VBN TO VB NNS VBP RB JJ IN CD NNS RB RB . DT NN VBZ JJ , DT NN VBD , CC RB RBR JJ NN VBZ VBN TO VB IN PRP VBZ RB . DT JJ NN NN VBZ VBG VBN IN VBG DT JJ HYPH NN NN NNS . DT NNS VBP RB VBN VBN CC VBP RB IN DT JJ IN CD NNS IN NN IN NNS CC NNS RB VBP . NNP NN NNS VBP VBN DT NN VBN `` NNP NNP NNP '' TO VB DT NN CC RB VB CD CD NNS IN NNP . RB , RB DT CD NN NNS VBP IN DT JJ NNS IN NN CC VBG PRP . NN NNS VBP VBN IN IN DT VBZ RB , NNS IN DT JJ NN MD VB RP IN RB RB DT NN CC RB JJ NN . JJR IN CD CD NNS CC CD NNS IN DT NN VBP VBN VBN RB IN PRP VBD IN NNP RB JJ NN . EX VBP DT JJ VBN NNS , IN JJ VBP VBG VBN IN DT NN NN IN VBG DT NN IN JJ NN . DT NNP NNP NNP CC NNP NNP VBZ NN IN DT NNP NNP NNP NNP POS NNP IN NNP NNP . DT NN VBZ RB JJ IN DT NN ."
324,617,mainstream,"IN NNS WP VBP PRP$ NN VBZ NN , DT NN RB VBZ IN DT NN : WRB MD PRP$ NN VB VBN IN VBG JJ IN VBG DT JJ NN . IN NN VBD RB VBN IN DT NNS , NNS VBP VBN TO VB PRP . DT NN VBZ DT NN , CC NNS VBP VBG TO VB WP VBZ IN DT NNS IN DT NNS . NNS VBP IN PRP MD VB JJ TO VB NNS IN NN IN RB RB IN CD NNS IN NN , RB IN DT NN VBZ PRP . JJ NN MD VB IN NNS WDT MD VB CC VB DT NNS VBN IN NN . `` WP PRP VBP VBG VBZ IN NN VBZ DT NN , CC IN CC RB DT NN VBZ DT NN VBZ IN JJ NNS , '' VBZ NNP NNP , DT NN IN NNP NNP . DT VBZ DT NN , PRP VBZ , `` IN NN IN DT JJ NN VBZ RB JJ . '' NNS VBP IN NN MD VB VBN IN DT NN IN NNS , CC VBN CC VBN , RB RB IN JJ NNS , JJ IN DT JJ NN IN DT NN . CD JJ NN VBD PRP IN DT NN NN IN NNS , NNS , CC NN : DT JJ NN WDT VBZ VBN VBN . -LRB- VB WRB NNS VBP RB JJ . -RRB- IN DT JJ NNS , DT NN VBZ VBN RB JJ . NNS VBP DT VBZ RB VBN IN NNS IN NN , CC PRP VBP RB VBN RP DT NN IN DT NN VBZ VBG , RB IN IN JJ CC JJ NNS . NNP NNP , DT NN IN DT NNP IN NNP NNP IN NNP NNP , CC PRP$ NNS VBD CD NNS WP VBD DT JJR NN IN NN , WDT VBD PRP VBD DT JJR NN IN VBG DT NN . VBG PRP$ NNS IN CD NNS CC RB IN CD CC CD NNS VBG JJ NN NN , DT NNS VBD VBG NNS IN DT NNS WP RBR VBD NN CC DT WP VBD RB . DT NNS IN NNS WP VBD RB VBN IN DT NN VBD JJR IN DT NNS VBG IN CD NNS , VBG JJR IN NN NN IN CD NNS , CC RB VBD JJR IN NN IN DT JJ NN IN NN , DT NN VBD IN CD . DT NN IN NN NN CC DT JJ NN IN NN VBD RB JJ IN DT NNS MD VB DT NN NNS IN CD CC CD NNS IN NN TO RB VB DT NN NN IN CD IN IN DT CD NNS WP VBD VBN TO VB DT NN . NNS VBG JJ NN NNS VBP DT NN TO VB NNS TO VB NN RB IN NNS VBP . DT NNS WDT VBP PRP : NN NNS , NNS IN JJ NN , CC JJ NNS : RB VBP RB VB IN RB CD NNS IN NN , WDT VBZ WRB JJS NNS VBP VBN . `` PRP VBP VBG IN VBG PRP IN DT NN WRB PRP RB VBP DT NN NNS , '' NNP VBZ . NNS IN NN VBP NNS TO VB PRP VB CC VB , VBG DT NN IN PRP$ NNS . IN JJR NN , NNP CC PRP$ NNS VBP , PRP RB MD VB JJ TO VB JJ NN , CC IN NN NNS CC NN , '' WDT MD VB DT NN IN DT NN . '' IN CD DT NN NN VBN IN NNP NNP , DT NN IN NNP NNP NNP , VBD NNS VBG DT NN IN VBG NN NN IN CD HYPH NN HYPH JJ NNS IN VBG DT JJ NN IN PRP$ NNS VBG DT NN , CC NN . DT NNS VBD DT NNS IN NNS IN DT NNS IN CD NNS CC CD NNS . NNP CC PRP$ NNS VBD IN DT NN IN DT NNS IN NNS WP VBD RB VBN IN NN VBD RP IN DT NN . WP DT NNS VBP IN DT JJ NN IN NN NN IN DT NN HYPH NN IN NN VBZ TO VB JJ IN JJ NNS IN NNP CC PRP$ NNS . IN IN NNP NNP , DT NN IN NNP , NNP CC NNS VBD DT NN NNS IN NNS IN PRP VBD NNS . NNS IN DT NNS IN CD NNS CC CD NNS WP VBD JJR NN VBG IN NNS POS NNS IN RB VBG NNS VBD JJ TO VB VBN IN NN IN NNS , DT NNS VBD . IN DT NN IN NNS , PRP VBD IN DT IN NN VBD NN RB RB IN NNS CC RB RB JJ IN NNS . DT NNS VBP IN NNS WP VBP RP TO VB NN VBP DT NN IN DT RB JJ NN . DT RB VBZ WRB PRP VBP JJ NNS , WDT IN NN VBZ DT VBG NN IN PRP$ NN NN , RB VBG IN JJR NNS . `` WP VBZ TO VB VBG VBZ IN PRP$ NNS IN NN VBP VBG NNS CC NNS CC NNS CC NNS IN NNS IN JJ NN , '' NNP VBZ . DT NNS VBP IN NNS IN NN IN NN MD VB VBN IN DT JJ NN . NNS VBP VBN VBG JJ NNS JJ IN DT NNP NNP NNP NNP , DT NN WDT VBZ NNS CC NNS TO VB JJ NNS , VBG NN , TO VB JJ CC NN NNS NN IN NNS IN NN . DT JJ NN VBG CD NNS VBD IN DT NN VBN NN NN , WDT NNS VBP VBZ CD IN DT JJS NNS IN JJ HYPH NN NNS IN NNS IN NN . NNP NNP , DT NNP NNP NN WP VBD VB DT NN , VBZ , `` WP PRP VBP TO VB , RB RB IN JJ , VBZ TO VB DT NN RB IN DT JJ NN , IN PRP VBP VBG NN CC VBG DT JJ NN . ''"
325,909,mainstream,"UH , PRP VBZ RB JJ , CC PRP VBP RB VB TO VB IN DT NNS IN DT . CC RB , DT VBD NNS NNS WDT VBD RP . CC RB DT VBD DT NN WDT VBD IN DT CD IN CD HYPH NN NN . RB EX VBZ NN DT NN JJ IN PRP . CC PRP VBZ VB NN WDT VBZ JJ . NN VBZ DT NN . PRP VBZ RB DT JJ NN RB RB IN NNS VBP RB VBG , NNS VBP RB VBG , NN NNS VBP RB VBG , CC NN VBZ RB VBG RB JJ NN IN PRP VBD . CC CC DT NN VBZ RB VBG DT NN . DT VBZ JJ . RB DT IN DT NNS VBD VBN . CC DT WDT VBD VBN , CC PRP VBD NN , VBD TO VB DT NN . CC DT VBZ PRP IN DT JJ NN , WDT VBZ DT JJ NNS IN DT JJ NN . WRB RB , PRP$ NN VBZ IN NN RB . NNP VBZ VBG IN NNS CC NNS . NNP VBZ VBG TO VB IN NNS CC NNS . DT JJ NN VBZ VBG IN DT VBG NN . RB NN VBZ VBG RP , UH , CD CD NNS DT NN IN DT NN . CC DT NNP NNP VBZ RB RBR JJ . CC RB NNS VBP IN DT NNS IN IN CD CC CD . RB VBG , DT NN IN PRP . IN CD , PRP VBD VBG RP NN NNS IN NNS . PRP VBD NN IN PRP$ NN IN DT NN . CC DT IN DT JJ NN VBZ DT NNP NNPS IN DT RB JJ NN RB , VBG NNS IN NNS CC VBG NNS IN NN CC JJ NNS IN JJ IN DT NN . RB VBG DT NNP NNPS DT NN TO VB IN JJ NN IN NNS WDT MD VB VBN JJ HYPH IN NNS RB , JJ IN VBG NN IN NNP IN VBG PRP$ NN NN . PRP VBD RB DT NN IN DT NN IN DT NNS . CC PRP VBD JJ TO VB , RB DT JJ NNS RB , WP MD VB WDT MD VB DT NN . RB DT NN VBZ DT NN TO VB . CC PRP VBZ RB VBG RP NN NNS , JJ NNS IN DT NN . NNS VBP VBG IN IN NN TO VB DT NN . CC RB DT NNS VBP VBG IN DT NN WRB EX MD VB DT JJ NN TO VB DT NN . PRP RB VBP NNS WDT , PRP VBP , VBD TO VB NN IN NN IN NN , RB VBG DT NN CC VBG RP IN IN DT NNS IN NNP NNP , IN NN , CC JJ NNS . CC DT VBP DT NNS WP VBP VBG DT NN IN NN . PRP VBP VBG VBN TO RB VB DT NN . UH , DT VBZ VBG TO VB , CC PRP VBZ DT JJ , JJ NN . RB IN DT , PRP VBP NNS IN NNS IN DT NNP NNPS . PRP VBP RB VB DT JJ NN NN WDT VBZ VBG NNS IN DT NN , JJ IN IN NNP NNP . CC RB EX VBP NNS WDT VBP RB IN VBG IN NNS . PRP VBZ DT JJ NN . PRP MD RB VB DT NN IN DT NN WRB , WRB PRP VBP DT NN , PRP MD RB VB JJR NN RP . CC RB , PRP VBP DT IN DT NNS WDT , RB WRB PRP VBP VBG NN , PRP VBP NN NN . PRP VBP NN NN TO VB PRP$ NN , TO VB PRP$ NN NNS . RB WDT NN NNS VBP TO VB , PRP VBP DT RB , RB , RB VB ."
326,645,mainstream,"EX VBZ DT JJ JJ NN IN NNS MD VB NNP POS NN , NN , NN , NN , NNS , NN , NN CC NN NN , VBG IN DT NNP IN NNPS IN NNP . CC RB , DT NNS IN DT NN VBP PRP MD , VBG PRP$ NNS IN DT JJ NN IN NNS WDT VBP IN PRP$ RB VBN NN IN NN . IN NN , CD JJ NNS IN DT NN POS NN VBP RB VBN RB IN PRP$ NN IN VBG NN NN NN CC NN : NN NN NN NN : JJ IN DT NN POS JJ NN NNS NN . NFP JJ NN VBZ IN NNS IN NN IN JJ NN RB , DT NN VBZ VBG PRP DT NN . DT NNS IN DT NN VBP IN NNP CD TO VB DT RB JJ NNS IN PRP$ NNS , JJ NN NNS CC VBN NN , CC VB JJ NN . `` IN DT NNP NN PRP VBP VBN TO RB VB PRP$ NNS -RRB- CC JJ NN NNS CC VB DT NNS WDT VBP NNS WDT VBP RB VB IN DT `` NN NNS '' NN , '' DT NN VBZ IN DT NN VBN RP RBR DT NN . `` DT JJ NNS MD VB VBN RB RB IN WRB PRP VBD VBN CC VBN . '' DT NN VBZ CD JJ NNS WDT NNS VBP RB VBN TO VB , IN IN DT JJ CC NN NNS , CC VBZ DT NN VBZ RB JJ , CC DT NNS IN JJ NNS MD VB VBN IN NN . DT NN VBZ IN DT NN IN NNP NNS VBD IN DT NNP NNS VBD VBG NN NN IN VBG NN NN IN NNP , VBG IN JJ NN NN NNP NNP . `` IN DT JJ NN , DT NN VBD JJ : IN NN NNS , JJ NNS IN DT NN CC PRP$ JJ NN IN DT NN POS NN NNS : IN DT RB JJ NN IN DT NN POS RB CD NNS VBD NN NNS WDT VBD IN DT NN IN NN IN JJ NN NNS , '' NNP VBD IN DT NN . DT NN VBZ VBN CD NNS IN DT JJ NN IN VBG NNS IN NNS : RB NN IN PRP$ JJ CD NNS : VBG IN DT JJ NN IN CD , CD . DT VBZ DT JJ NN IN DT NN RBR , WRB RB CD NN IN IN CD VBD IN NN NNS . CC NNP VBD JJS IN DT NNS DT NN VBP RB VBN IN DT NN : PRP VBP VBN IN JJ NNS CC JJ NNS IN DT NN . RBR DT NN , DT NN HYPH NN IN DT NN POS NN , NNP NNP , VBD IN PRP$ NN IN NNP VBD IN DT NNP NN NN VBN WDT RB VBD NNS VBP RBR JJ IN DT NN NN IN VBG NN . NN NN VBZ NNP NNS IN VBG JJ NN IN NN , IN PRP VBP RB VBN IN VBG JJ NNS . CD JJ NN NNS , NNP NNP CC NNP NNP , VBD RB VBN DT NN IN JJ NNS IN PRP$ NN NNS . DT VBD VBN TO VB PRP$ NNS IN PRP VBD RB IN NNS TO VB PRP$ NNS . CC NNP CC NNP VBP RB VBN NNS RB VBG IN NN NNS MD VB VBN TO VB NN CC NN . NNP CC NNP VBP RB VBN RB TO VB IN NN IN DT NN DT NN , VBG IN NNP , WP VBD PRP MD RB VB IN WRB PRP VBD DT NN . DT NN VBZ VBN IN NNS IN NN . PRP VBP RB JJ IN VBG JJ NNS IN VBG JJ NNS , VBG IN DT JJ NN IN DT NNS CC NNP NNS IN NNS IN IN DT NN . IN DT NN IN NNS VBP TO VB RB IN NN IN JJ CC JJ NN , JJ VBP NNS IN NNS VBN IN DT NN POS NN NNS NN . DT VBZ NNP POS , NN , NN , NN NNS , CC RB NN CC NN . DT NN MD VB TO VB VBN RP IN NNP CD , WRB DT NN VBZ PRP MD VB VBG DT `` JJ NN '' IN DT NN NN . NN WDT VBZ RB RB MD VB VBN IN DT NN POS NN NN IN NN CC JJ NN . NNP VBD PRP VBZ DT NN VBZ VBN IN DT NN IN NNS . `` DT JJ NN IN PRP$ NNS VBP DT JJ , JJ CC JJ NNS IN DT NN , '' PRP VBD . CC NNP NNP , DT NNP NN NN WP VBZ NN IN NN NN , VBD DT NN POS NN VBZ RB VB RB RB . `` DT NN RB VBZ IN IN DT NN RB VBZ RP IN JJ NNS IN DT NNS IN NN -LRB- NN IN NN -RRB- NN , WP PRP MD VB VBN IN VBZ DT NN WDT VBZ DT NN IN JJ NN , '' PRP VBD NNP . `` IN DT VBZ VB NN IN DT IN DT RBR JJ NNS , JJ NNS JJ IN NN NN VBP VBN TO VB . ''"
327,914,conspiracy,"JJ NN VBN IN NNP NNP NNP CC PRP$ NN IN NNP NNP IN NNP VBZ NNS IN JJ NN IN NN VBZ DT JJ NN IN DT NN NN IN NNS IN NN . IN DT JJ JJ NN , NNP CC PRP$ NN VBD DT JJ NN TO VB DT NN NN IN NNS WP VBD VBN IN DT NN IN NN . CC WP PRP VBD VBD RB JJ . PRP$ NN VBD IN DT NN NN IN NNS WP VBD VBN IN DT NN IN NN VBD DT JJS NNS IN NN IN DT JJ NN NN WDT VBD VBN VBN IN DT NN . IN DT NN VBN IN NNP CD , CD , NNP VBD PRP$ NNS . PRP VBD IN : `` PRP VBD JJ TO VB CD NNS , PRP VBD JJ TO VB WRB JJ NN VBD IN DT NN IN NNS WP VBD VBN IN NN , CC PRP RB JJ TO VB IN DT NN IN DT NN VBG DT NN NN VBN NN . DT NN IN NN IN DT NN NN VBD , PRP MD VB RB JJ . '' -LRB- CD -RRB- -LRB- JJ NN -RRB- DT NNS IN PRP$ NN VBD DT NN IN , IN DT NNS . PRP VBD VBN DT NN NN IN RB RB CD CD NNS CC , VBG IN NNP , DT NN NN IN DT NNS WP VBD VBN IN DT NN IN NN VBD DT JJS NNS IN NN WDT DT NN VBD RB VBN . NNP VBD IN DT JJ NNS WDT PRP VBD VBN VBG JJ NNS IN NN VBD DT NNS IN DT NNS WP VBD VBN IN DT NN IN JJ NNP POS NN . -LRB- CD -RRB- `` IN DT RB JJ NN IN NNS , DT CD , CD , CD NNS IN NN , PRP VBD JJR NN IN PRP VBD VBN IN JJ NN . '' NNP POS NN VBZ RB JJ , RB WRB PRP VBP IN PRP CC PRP$ NN VBD RB VBN VBG DT NN NN IN JJR JJ NNS WP VBD VBN IN NNP POS NN . PRP MD VB TO VB IN NNS WP VBD IN PRP$ NNS CC NNS MD VB DT RB JJR NN IN NN IN DT NN IN DT WP VBD VBN IN DT JJ NN IN CD . `` RB RB JJ IN RB RBR JJ VBD DT NN NNS . NN NNS VBD PRP TO VB WRB DT NN VBD IN DT NN NN . `` WRB PRP VBD IN DT NNS IN NNS IN DT NN IN NN , PRP VBD NN RB JJ , NN PRP VBP RB VBN RB , IN CC IN DT JJ NN IN JJ NNS . PRP VBD IN DT NN IN NN VBD RB IN DT NNS , `` JJ . '' '' PRP VBD IN DT NNS VBD VBG IN PRP DT NN IN NN IN DT NN IN DT NN . PRP VBD IN : `` PRP RB VBD NN IN NNS IN DT NN CC IN DT NN VBD VBG IN DT NN , IN PRP VBD VBG IN PRP DT NN IN NN IN DT NN IN DT NN . `` DT VBZ DT JJ NN IN DT NN NN WDT PRP VBP VBN , RB DT VBZ DT NN RP CC IN CC JJ NN IN NN . '' DT VBZ PRP TO VB , WRB DT NN VBD VBG IN . PRP VBP VBG VBN IN NN DT NN IN JJ IN PRP VBP JJ , PRP VBP VBG IN WP NNP VBZ `` DT NN IN NN . '' DT JJ NN VBZ VBG VBN IN NN IN JJ NNS . IN NN , JJ IN PRP$ NNS , NNS , NNS , NN NNS , NNS , NN NNS CC RB JJ NNS VBP NN , CC PRP VBZ IN PRP VBP JJ TO VB DT RB HYPH VBG NN . RB , IN DT NN IN NN VBZ VBN TO VB DT JJ NN CC , VBG IN DT NNP NNP NNP IN NNP CC NNP NNPS , DT JJ NN NN , NN VBZ VBN VBN IN DT JJ RBS VBN NN IN DT NN IN NN , RB IN IN PRP$ NN . -LRB- CD -RRB- NNP RB JJ IN DT NN NN IN NNS IN VBG IN DT NN , NNP VBD VBN IN EX VBD DT JJ NN IN NN IN DT NN IN NNS . RB , IN VBG DT NN , NN NN PRP VBZ VBN DT NN IN NN . `` IN PRP VBP VBN DT JJ NNS IN DT NNS VBN IN DT NN NN VBG DT NN IN NN IN DT NN NN IN NNS WP VBP VBN IN NN , PRP MD RB VB PRP VBP TO VB RB RB IN WP VBZ DT NN WDT VBZ DT NN NN . `` PRP VBP TO VB RB , VBZ DT NN DT NN NN NN CC RB . IN PRP VBZ RB , VB RB VB PRP IN DT NN NN . '' NNP POS NN VBD VBN IN NN IN DT NNP POS NNP NNP NNP NNP -LRB- NNP -RRB- , DT NN WP$ NNS VBP VBN IN JJ NNS IN NN VBZ VBN DT NN IN JJ NNS . IN PRP$ NN , PRP VBP VBN IN : `` DT NNPS POS NNP NNP NNP NNP , RB VBN IN NNP VBD VBN TO VB NN IN NN TO VB VBG JJ NN , RB IN RB JJ CC JJ NNS . `` NNS VBP VBN VBN IN DT JJ NN IN DT VBN JJ NNS IN JJ , JJ CC JJ NNS IN NNS CC NNS VBG IN NN CC JJ NNS IN DT NN IN RB JJ CC JJ JJ NN NNS CC NN JJ NNS IN DT JJ NN IN DT JJ CD NNS . '' `` DT NN IN NNS IN DT JJ CC JJ NNS MD RB VB VBN IN NN IN JJ NN IN PRP VBZ JJ IN JJ NN CC JJ NNS IN DT JJ NN . `` IN NNS VBP NN NN NNS , DT JJ NN IN NN MD VB JJ NNS IN JJ NN NNS IN PRP VBP IN NN NNS . '' -LRB- CD -RRB- IN NN , NNP POS NN TO RB VB IN DT NN VBG DT NN NN IN PRP VBZ RB JJ VBZ JJR VBN IN VBN . VBG IN NN , NNS VBG NN VBP RB VBN VBN IN DT NN NN NN WRB DT NNS VBG NN VBD VBN CC DT NN IN NNS VBG DT NN VBZ TO VB VBG DT NN . IN PRP$ NN , NNP IN NNP NNPS VBZ JJ , NNP NNP NNP VBD IN : `` JJ IN DT NN NN HYPH NN -LRB- CD -RRB- , NNS VBD CD NN IN NN IN CD NNS IN NN . IN JJ CC NN , NNP NNS VBD VBN IN DT NN , NNS VBD VBG CD NN IN NN IN DT JJ NN NN : DT CD NN NN . '' -LRB- CD -RRB- DT VBZ DT JJ NN CC IN JJ , PRP VBZ RB JJ IN PRP VBZ VBG DT NN NN IN NNS . NNP VBD RB WRB JJ NN NNS VBD VBG IN NN IN VBG DT NN IN NNS . PRP VBD : `` NN HYPH JJ CC JJ NN NN IN CD NNS IN NN IN PRP MD VB , DT NN VBZ DT NN IN CD NNS IN NN IN DT NN PRP VBP CD NNS IN NN , IN NNS RB . `` JJ NNS JJ IN NN VBP RB VB IN JJ NNS VBN IN NNS , NNS , CC NNS . NNS VBP RB VBN IN JJ NNS , RB NN -LRB- CC NN -RRB- NNS MD VB JJ . NNS , RB , MD RB VB VBN TO VB PRP$ VBN NNS TO VB JJ NNS IN JJ NNS WDT MD VB PRP$ NN IN JJ CC JJ NNS . JJ NNS IN JJ NN NN NNS VBP RB VBN . '' NNP POS JJ NN VBZ TO VB NNP POS NNS , CC , IN NNP VBD , `` JJ NNS JJ IN NN VBP RB VB IN JJ NNS VBN IN NNS , NNS , CC NNS . '' IN DT NN , PRP VBD NNP NNP DT VBG NNS : NNP : PRP VBZ VBN VBN IN JJ NNS IN NN VBD JJ IN VBG NN , VBZ PRP$ NN VB NN IN DT IN DT NN . NNP : UH , IN PRP VBP RB VBN NN . NNP : IN PRP$ NN , MD NN VB DT NN NN IN NNP POS NN . NNP : RB , DT NN VBZ VBN PRP$ NN . NNP : PRP VBZ IN CD NN CC DT , NN MD VB JJ IN JJ NNS TO VB , WRB VBP PRP VB IN PRP VBP IN RB JJ JJ NNS . NNP : DT NN IN NN NN VBZ RB RB IN WRB CC WRB PRP VBZ IN JJ NN . PRP VBZ RB RB HYPH JJ IN PRP MD VB JJ , JJ JJ NNS . RB , IN DT NN TO VB IN NN DT NN CC NN IN DT NNS MD VB IN DT JJ NN CC TO VB DT NN PRP VBP NN -LRB- FW IN NN -RRB- CC JJ NNS -LRB- IN MD VB DT NN IN NN -RRB- . PRP$ NNS VBP VBG , IN IN PRP VBZ JJ , DT NN WP VBZ VBN DT NN VBG NN VBZ IN NN IN VBG JJ . DT VBZ IN DT NN VBZ RB WDT NN IN NN VBZ JJ . WP MD NNS VB TO VB PRP$ NNS . DT NN VBZ RB VBG IN NNS . RB , EX VBZ CD NN WDT DT NN MD VB TO VB PRP$ NN CC DT VBZ TO VB PRP$ NN NN IN NN IN DT NN WDT PRP MD . CD NN WDT VBZ VBN VBN TO VB VB DT NN NN IN NN VBZ IN VBG DT NN HYPH JJ JJ NN DT NN . JJ , NN HYPH JJ JJ NN VBZ RB IN JJ JJ JJ VBN NNS , IN PRP RB VBZ JJR NN IN DT JJ NN -LRB- VBN IN NN NN -RRB- IN JJS . DT VBZ IN NN VBZ RB VBG CC RB RB VBN . WP VBZ RB RBR JJ VBZ DT NN IN NN NN VBZ DT JJ NN IN NN WDT NNS MD RB VB CC VB IN DT NN POS NN . NNP HYPH JJ JJ NNS VBP VBN IN JJ NNS VBN RB IN DT JJ NN NN CC VBN RB IN DT NN TO VB PRP IN DT JJ NN . NN , DT NN WDT VBZ JJ IN NN NN , VBZ RB VBG IN DT NN IN JJ NN WDT VBZ NN RB RB CC MD VB RB VBN . DT VBZ IN RB NN VBZ DT NN TO VB DT JJ NNS IN NN NN . IN NNS RB VBP DT JJ NN IN VBN NNS , RB DT JJ IN PRP VBP NN . IN DT NNS WDT VBP VB NN , RB CD IN PRP MD RB VB VBN IN NN HYPH JJ , VBN IN CD NNS IN CD -LRB- NN -RRB- IN NN CC RB . IN EX VBP JJ JJ NNS WDT VBP NN , IN RB , EX VBP RB VBN CD JJ NN HYPH JJ JJ NNS JJ : NNP , NNP CC NNP , WDT VBP DT VBN CD NN IN NN CC RB . RB , DT NN VBZ RB VBN , IN IN NNP CD , CD , DT JJ NN NNP VBD NNP , WDT VBZ VBN IN DT NNP NNP CC NNP . IN DT NN VBN IN DT NNP NNP , VBN WRB NN MD VB DT NN HYPH JJ JJ NN , NNP NNP VBD : `` WP PRP VBP VBN IN JJ NNS , VBG CC JJ NNS CC NNS IN NN , VBZ IN VBG IN DT NN IN NN HYPH JJ JJ NN DT NN MD VB RP DT NN IN JJ NN IN DT NN IN DT NNS CC RB NN . IN NN , PRP$ NNS VBD IN NNS VBD JJ NNS IN PRP$ NN NN IN NN , VBG NNS IN IN IN CD NN IN CD NN , IN DT CD HYPH NN NN . NNP HYPH JJ JJ NNS VBP TO VB NN IN DT NN IN PRP VBP RB JJ IN JJ NN CC JJ NN . DT NN IN NN RB VBZ NN NNS IN DT NN NN CC IN DT NN WRB PRP VBZ DT NN IN NN VBN DT NN . DT NN IN NN MD VB RB VBN IN DT NN IN DT NN . RB , NN HYPH JJ JJ NNS VBP DT NN IN NN IN DT NN . '' -LRB- CD -RRB- IN PRP VBZ JJ , RB DT VBZ PRP TO VB IN CC RB PRP VBZ JJ IN VBG DT NN HYPH JJ JJ NN IN DT JJ NN MD VB NNS IN NN . NNS VBP PRP$ JJ NNS VBN IN NN NNS DT NN VBZ TO VB UH , IN RB , EX VBP CD NNS IN DT NNP NN IN NNS VBG IN PRP$ JJ NNS VBP VBN IN VBG NNP NN HYPH JJ JJ NN IN DT JJ NN . `` IN RB CD NNS IN VBG NNP NN , PRP VBP RB VBN JJ NNS IN PRP$ CD HYPH NN HYPH JJ JJ NN WP VBZ VBN VBN NN NN , JJR JJ NN CC VBN JJ NNS . CC IN PRP$ NN VBD PRP `` NNP '' IN DT JJ JJ NN IN PRP$ JJ NN . PRP VBP DT NN WRB JJ DT VBZ IN PRP IN NNS . PRP VBP DT NN WDT PRP VBP TO VB IN NNP CC JJ NNS TO VB NNS CC NN IN PRP$ NNS , WDT PRP RB VBP RB VB TO VB , CC RB EX VBP JJ JJ NNS IN PRP WDT VBP DT NN IN NNS IN PRP . '' -LRB- CD -RRB- `` UH WP DT JJ NN NNP VBZ VBN IN PRP$ JJ NNS . PRP$ CD NNS JJ VBZ VBN IN JJ NN JJS IN PRP$ NN , DT NN VBZ VBN PRP$ NN RB RB RBR JJ IN PRP VBZ VBN PRP VB PRP IN DT NN IN NN . PRP$ CD HYPH NN HYPH JJ VBZ RB VBN JJ NNS IN NN . PRP VBZ RB JJ IN NN RB JJ IN NN MD VB JJ NNS . PRP RB VBP TO VB DT JJ NN IN PRP$ NNS IN PRP VBZ VBN PRP RB RB . '' -LRB- CD -RRB- VBG IN NNP NNP , NNP POS NNP NN CC NN IN DT NNP NN , DT NNS VBD VBN IN DT NNP NN RB IN NNP POS NN IN NN CC NN VBD VBN . IN PRP VBZ JJ , RB DT NN RB VBZ IN NNP NNP POS NN VBZ JJ CC NN VBZ VBN IN NN ."
328,264,conspiracy,"NFP NNS IN DT NNP VB TO VB NNP CD NFP VBP NNS VBG IN DT JJ NN . NNP NNS MD VB CD IN DT RBS JJ NNS TO VB JJ IN IN DT NN NN NN IN DT JJ CD NNS . NNP NN NNP NNP VBD NN IN PRP VBZ VBN RP IN JJ NNS TO VB IN NNP HYPH CD . IN NN CC IN VBN DT NNS VBD TO VB RP DT JJ CC JJ NN RP IN NNP NNP CD . IN JJ NNS VBP , NNP VBP VBG TO VB , PRP VBZ IN IN NN NNP NNP MD VB RB JJ IN DT NN RBR . IN PRP VBP RB VBN DT NN IN NNP NNP CC NNP NNP IN DT NNP NNP NNP , VBN , `` NNP NNP , NNP NNP , PRP$ DT JJ NN CC NN . DT NN VBZ JJ CC JJ NN . PRP VBP NN TO VB DT NN IN NN IN DT NN CC NNP . VB HYPH IN IN DT NNP NNP , NNP IN CD NN NNP , CD NN NNP ."
329,740,mainstream,"NNP NNP , NN IN DT NNP NNP NNP , VBZ IN DT NN NN IN NNS VBN IN NNP CD , DT JJ CC JJ NNS NN IN NNS . DT NNS VBN IN NN NN NNS CC NN NN NNS IN NNP VBP DT JJ NN IN NNS : `` VB NNP NNP '' IN VBG UH IN DT NN HYPH JJ NN . CC DT NN WDT NNP NNS MD VB IN NNP , VBN IN NNP CD , VBZ JJ TO VB IN NN NNS . RB , NN MD VB DT CD NN WDT VBZ DT NNS TO VB NNS IN VBN DT NN IN DT NN . DT NNS , RB , VBP VBN IN JJ NN RB IN NN NN NNS CC IN DT JJ NN IN JJ NNS ."
330,1007,mainstream,"NNP -LRB- NNP -RRB- , NNP VBZ VBN DT NN IN NNP NNP IN DT JJ NN IN PRP$ JJ NN HYPH CD NN , NNP NNP NNP NNP VBD IN NNP . DT NNP , NNP HYPH VBN NN NN JJ NN VBD NNS TO VB DT NN IN CD NNS IN PRP$ RB HYPH VBN NN IN NNP IN DT NN VBZ DT JJ NNS IN NN . PRP VBZ CD IN JJ NNS VBG VBN IN DT NN IN NNS VBP TO VB DT NN . EX VBP RB DT VBN NNS CC NNS IN NN HYPH CD . `` NNP VBZ VBN IN DT NN NNP DT NN WDT MD VB PRP TO VB NNS , '' NNP VBD , VBG IN DT NN IN PRP$ NN . `` DT NN VBZ VBG PRP$ NN , PRP VBP PRP MD VB PRP IN DT NN IN JJ NN , PRP VBP IN PRP VBP , '' PRP VBD . JJ NNS VBD RB VBN . NNP VBD IN NNP MD VB PRP$ JJ NNS TO VB DT NN HYPH CD NN IN DT NNP NNP IN NNP NNP . NNP , IN DT NN IN CD CD , VBZ VBN CD JJ NN NNS CC CD NNS . PRP VBZ VBN DT NN IN JJ NNS IN VBG NNS , NNS CC JJ NNS JJ NN . JJ NNS , VBG NNP , NNP CC NNP , VBP VBN NN NNS IN JJ NN NNP IN PRP$ JJ NN HYPH CD NN ."
331,1019,mainstream,"IN DT NN IN NNP , NNP NN NNP NNP VBD IN DT NNP NN NN IN DT NNS IN DT JJ JJ NN POS NN NN CC NN NNS . DT CD NNS VBD VBN RB IN DT NN IN DT JJ NN NN IN NNP POS JJ NNP HYPH CD NN CC VBD NNP IN PRP VBD TO VB PRP JJ NN HYPH JJ . PRP MD VB JJ RB IN CD . `` RB JJ RB , '' NNP VBD . DT NNS IN DT NNS VBD RP , CC JJ IN DT JJ NN WDT VBD VBN NN , NNP VBD JJ TO VB PRP . CC PRP RB VBD VBG . PRP VBD IN NNS IN DT NN VBD DT NN MD VB RB IN DT NN , CC WP PRP VBD MD VB IN DT NN VBD RB JJ WRB DT JJ NN NN VBD IN DT JJ NN , DT NN DT NNP NNPS IN NNP NNP VBD NNS RBR . `` VB IN JJ NNS , '' NNP VBD PRP . `` VB PRP VBP DT JJ NN , PRP VBP RB VB TO VB IN JJ NNS . VB IN PRP MD VB NNS IN NN , RB JJ . VB PRP VBP TO VB NN IN DT NN IN PRP VBP WP VBZ VBG . IN PRP VBZ RB , VB PRP VB IN PRP CC PRP MD VB PRP RP CC VB PRP RP . '' VBZ NNP NNP , NNP POS JJ JJ NN : `` PRP VBD DT NN TO VB IN DT NN NN NN : TO VB NNS IN NNS IN NN IN DT NNS IN JJ NNS IN DT NN IN DT NN . '' IN DT JJ NNP IN NNP , NNP VBD DT JJ NN IN JJ JJ NNS IN NNP IN DT JJ NNP HYPH CD NN PRP VBD IN NNP POS NNP NNP . NNP VBD VBN RB . DT VBG NN , IN DT NN IN PRP$ NN IN JJ NNP , NNP NNP , PRP VBD RP IN PRP RB VBZ NNS TO VB WP NNP VBD RB VBN IN NNS . `` WRB RB PRP VBD VBZ RB NN PRP MD VB IN DT JJ , JJ NN , '' PRP VBD . `` DT VBZ NN WDT PRP MD VB IN DT JJ NN HYPH VBN NN . '' DT JJ NN WP VBD PRP$ NN IN DT NNP JJ NN IN CD NNS IN VBG NN IN CD , NNP VBZ NN IN PRP$ NN MD VB VBN PRP IN DT NN . CC PRP VBZ VB DT JJ JJ NN PRP VBZ VBN : VBG DT NN NN -LRB- CD NNS : $ CD CD -RRB- RBR IN DT JJ HYPH NN , JJ HYPH NN NN IN VBG JJ VBN NNS CC RB IN JJ NNS CC NN NNS IN NNP CC NNP : VBZ VBN NNP . IN NNP , CD , DT JJ CD NNS VBP VBN DT NN , DT JJ NN IN NNS CC NNS . NNP VBZ RB JJ IN DT NN . JJS IN DT NN POS JJS JJ NNS , VBG NNP CC NNP , NNP , NNP CC NNP , VBP VBG NN PRP MD IN NNP HYPH CD . DT NNS VBP NNP POS NN : DT JJ NN IN DT NN IN DT JJ NNS : VBZ RB JJ . VBN , NNP VBZ VBN NNS IN NNS TO VB NNP POS NN IN JJ CC VBG NNS TO VB IN JJ NNS . RB RB , PRP RB VBD VBG NNS CC VBG JJ NN IN JJ NNS , VBZ JJ IN IN DT JJ NN IN JJ NN . NNP VBZ VBN NNP POS NN NNS JJ IN JJ NN NNS CC VBZ IN NNS RB RB TO VB JJ NNS IN JJ NNS '' NNP HYPH CD NN NNS . NNP POS RBS JJ NN VBZ PRP$ NN IN NNP , NNP NNP , DT JJ $ CD CD -LRB- CD NNS -RRB- NN WDT VBZ RB VBN IN VBG NN NNS . DT VBG JJ NNP HYPH CD NN VBZ IN NN NN , DT NN HYPH NN NN WDT VBZ RB VBN IN DT JJ NN . NNP VBZ VBG TO VB NN HYPH VB NN IN DT NNP NN IN DT NN IN NNP . PRP$ JJ NN VBZ TO RB VB CD JJ NN NN NNS IN CD DT CC VB RP IN DT RBS JJ NN . IN NN , DT NN VBZ VBG NN IN CD NN NNS TO VB CD CD NN NNS IN DT NN IN DT NN CC NNS IN NNS JJR IN CD . NNP VBZ NNP VBZ JJ TO VB $ CD CD IN CD TO VB CC VB DT NN IN PRP VBP IN PRP MD VB : `` NN VBZ IN JJ NN . '' IN DT NN NN VBZ VBG JJS IN DT NN POS NN , NNP VBZ RB VBG TO VB DT JJ NN DT NN IN DT JJ JJ NN TO VB NNP HYPH CD . RB , PRP VBZ VBN IN DT JJ NN WDT VBZ TO VB NNP POS JJ NN NN , NNP , IN JJR HYPH NN NNP HYPH CD NNS . `` VBG DT NN IN DT NN NN WDT MD VB DT NN CC RB IN DT NN IN DT VBZ DT RB JJ NN , '' NNP VBZ . `` RB DT NN PRP$ NN CC NN VBP PRP , `` VBP PRP VB NN CC RB . '' DT NN WP VBZ PRP VBZ DT JJ . PRP VBP IN PRP VBP PRP RB , PRP MD VB DT NN . CC IN PRP VBP RB VB PRP JJ , PRP MD RB . '' IN NNP , NNP NNP , DT JJ NN WP VBD NNP , VBD DT NN IN NNP HYPH CD IN DT NNP . NNP VBD NNP TO VB JJ NNS TO VB IN NNS , RB NN , CC PRP VBD JJ NN MD VB IN DT NN . RB RB , NNP VBD IN NNP NNP , DT JJ NN NN WP IN NNS VBZ VBN NNP CC PRP$ NN , NN NNP NNP , IN PRP$ NNS . `` PRP VBD , `` DT VBZ DT JJ NN . '' PRP VBD DT NNS MD VB VBN , IN DT MD VB DT NN , '' NNP VBZ , VBG IN NNP . `` PRP VBD JJS IN PRP$ NN IN DT NN . '' IN NNP , NNP -LRB- WP VBZ RB RB DT NN , IN NNP POS NN VBZ VBN -RRB- VBD RP NNP NNP , WP VBZ NN NN CC NN IN NNP . NNP VBD NNP NNP VBD VBN RP IN NN NNS IN NNP HYPH CD CC VBD IN NNP MD VB JJ IN VBG IN PRP . `` NNP , PRP VBP VBG . '' NNP VBD . `` IN NN PRP VBP JJ . '' IN DT JJ JJ NNS , NNS VBP VBN VBN IN DT NN IN VBG NN NN , DT JJ NN WDT VBZ NNS NN HYPH VBG NNS , TO VB NNS IN NN , NN NN CC RB JJ NNS IN VBG JJ NNS IN NN NNS . IN NNP HYPH NNP HYPH CD , IN DT NN VBZ RB VBN , VBZ DT NNP NN , NNS IN NNP VBD IN DT NN IN VBG NN DT JJ NN TO VB NNS WDT MD VB NN HYPH VBG NNS . DT NN NN VBZ JJ NNS IN DT JJ NN . IN PRP MD VB VBN RB IN DT JJ NN IN DT NN , PRP MD VB VBN CC VBN IN JJ NNS IN DT NN IN NNS , RB IN NNS CC NNS . CC EX VBZ DT JJ NN : DT NN VBZ RB RB VBN CD . NNP VBZ RB JJ IN VBG DT NN NN . NNP NNP , DT NN IN NNP , NNP , RB VBD VBG IN NNP CC VBZ VBN DT JJ JJ NN IN PRP$ NN NN , VBN IN $ CD CD IN DT JJ NN . NNP VBZ RB VBG TO VB NNS IN NNS IN NN IN DT NN IN DT NN . NNP VBD RB JJ IN NNP . CD NNS RB , DT CD NNS VBD DT $ CD CD NN TO VB DT NN NN NN . NNP VBD VBN IN DT NN IN DT NN NN IN JJ HYPH NN DT NN IN VBG DT NN IN DT JJ NN IN DT NN DT NN . DT JJ NN CC NN VBD IN NNP WRB PRP VBD IN VBG IN DT NN IN DT JJ NN IN NNP HYPH CD . IN NNP CD , NNP VBD NNP POS JJ NNS CC VBD PRP IN NN IN NN MD RB VB DT NN IN DT NN POS NNP HYPH CD NN . `` DT VBZ RB NN IN JJ , '' NNP VBD PRP . `` JJ NNS MD RB VB DT NNS . '' NNP VBD DT NN IN NN IN NNP DT JJ NN . DT NN PRP VBD IN NNP VBZ DT NN IN NN . NNP VBZ VBG PRP$ JJ NN , JJ CC NN NNS IN DT NN . NNP VBZ VBG DT JJ NN . IN DT JJ NN , NNP VBD DT NN TO VB $ CD CD IN DT NN , RB IN DT NN VBZ , PRP MD VB VBN JJ DT NN . NNP MD RB VB IN DT NN TO VB NNP DT JJ $ CD CD IN NN VBZ VBG IN NN . `` DT CD NNS VBZ RB VBG TO VB PRP . CC , IN DT NN , PRP VBP RB VB TO VB PRP . PRP VBP TO VB JJ PRP VBP DT NN , '' NNP VBZ . `` PRP RB VBP IN PRP VBP DT NNS . RB UH , PRP VBP VBG TO VB DT CD IN '' DT NN VBZ RB VB . WP VBZ NNP POS NN JJ VBZ IN PRP VBZ VBG CD JJ NNS : JJ NN NNS WDT VBP VBN TO VB DT JJ JJ NN . DT JJ NN MD VB IN VBG JJ NN NNS IN DT CD NNS IN CD NNP NNS CC CD IN NNP , RB VBG IN RB CD NNS . DT NNP NN VBD VBN TO VB IN DT NN MD RB VB VBG DT CD IN DT NNS IN NN NNS VBP PRP VBZ RB VBG JJ NNS TO VB NN NN . DT NNS VBP VBG NNS IN DT NN . NNP RB VBD CD IN DT NN NNS MD VB VBN IN DT JJR NN TO VB JJ : DT JJ NN IN DT NN NN IN DT NNS . EX VBZ JJ NN IN NNS IN NNP POS NN IN VBG NNS IN NNS IN JJ NNS IN DT NN VBZ JJ . NNP NNP , WP$ NNP IN NNP NN VBZ VBN IN NNP IN NN NNS IN JJ NNS , RB VBD NNP PRP VBZ RB RB VBN IN DT NN NN MD VB JJ NN . NNP , NNP POS NN NN NN , VBZ IN NNP CC NNP MD VB DT JJR NN IN DT NN IN NNP IN IN WDT IN DT CD NN NNS VBZ DT RBS JJ CC IN PRP$ NN HYPH VBN NN VBZ JJ . DT NN MD RB VB RB CD CC CD IN DT RBS JJ NNS IN RBR JJ NNS . `` PRP VBZ RB JJ . IN DT NN IN NN , PRP VBZ RB VBN VBN RB : PRP MD RB VB PRP DT NN , '' NNP VBZ . `` DT JJ NN , JJ IN DT JJ NN , VBZ JJ NN . NNP VBD DT JJ TO VB DT CC VB IN PRP , CC TO VB DT NN CC DT NN IN PRP TO VB CC VB RB . '' IN NNP NNP VBD PRP$ NN IN DT NN IN NNP IN NNP CD , PRP VBD DT JJ JJ NN IN DT NN POS NN NN CC VBD RB VB PRP , VBD DT NNS IN DT NN CC VBD RP NNS IN NNS IN DT NN . DT NN VBD TO VB JJ NN CC VB NNS IN DT JJ NN IN DT JJ NN . RB RB , JJ NNP NNS VBD TO VB NNS IN PRP$ NNS IN NNS PRP VBP CC VBP . DT JJ NN NNP VBD IN DT NN IN JJ NN VBD IN NNP POS RB HYPH JJS NN , NNP , DT JJ NN NN IN DT NNP NNP . PRP VBD RP JJ HYPH NN : PRP$ NN CC NN VBD DT NN NN : IN NN IN DT JJ JJ NN WDT VBD DT JJ NN CC DT NNP . DT NN IN NNS CC NN VBD NNP TO VB DT NN . IN NNP POS NNP NNP , PRP VBD VBN IN VBG DT NN CC NN , CC IN DT NNS VBD IN DT JJ NN NN . PRP VBD NNP POS NNP NN IN CD , VBG IN PRP$ NN HYPH NN NN , VBG DT NN WDT VBD PRP VB PRP$ NN IN CD NNS IN CD NNS , VBG NNP CC NNP . IN CD , NNP VBD DT JJ HYPH NN NN IN NNP POS NNP NN IN NNP NNP , WRB , IN JJ NNS , PRP VBD NNP POS NN CC NN NNS . PRP VBD DT JJ NN IN DT VBN HYPH RP NN . PRP$ NN NNS VBD JJ , VBG IN DT RB RB JJ NNS . PRP VBD NN NNS TO VB PRP$ NNS IN NNS IN WRB JJ NNS PRP VBD VBG , RB RB IN NNS IN NNS CC NNS . NNP NNP , NNP POS NNP HYPH VBN NN IN DT NN , VBD VBN DT NN POS NNS IN NNP NNP , WRB PRP$ NN VBD VBN RB VBG , IN VBG NNS IN NNS CC VBG NNS WDT VBD NN NN CC NN NNS . RBR RB , NNP VBD NNP POS NN NN IN PRP$ NN NN NN CC VBD NNP POS NNS TO VB VBN NNS , RB IN NN , IN DT IN PRP$ NN HYPH VBN NNS , IN DT NN HYPH VBG NN NN , VBD IN HYPH NN . NNP POS JJ NN IN VBG IN DT NNP HYPH NN VBD IN NN IN NNP POS NN NN . PRP VBD DT NN IN IN PRP VBD VBG DT NN HYPH NNS NN NN NN . PRP VBD DT IN PRP$ CD NN NNS , WDT VBD NN , NNS CC JJ NNS , TO VB IN NN . `` PRP VBD VBG DT IN PRP , `` PRP VBP PRP$ NN , PRP VBP JJ NN , DT NN WP VBZ DT JJR NNS MD VB DT NN , '' '' PRP VBZ . `` DT NN WDT VBZ DT NN IN NNP CC DT NN IN DT JJ NN VBD RB PRP$ NN . '' `` NNP VBZ DT NN IN NN , CC DT VBZ VBG RP IN DT NN PRP VBZ VBG DT NN POS NNS IN VBG TO VB DT NN CC NN IN NNP HYPH CD , '' VBZ NNP , PRP$ JJ NN . `` PRP VBZ DT JJ NN NN , VBG NNS IN NNS TO VB DT NN VBN . '' NNP POS NN VBD JJ IN DT JJ NN IN NNP WRB PRP VBD IN NNP HYPH CD VBD RB VBG TO VB RB DT NN IN NNP . IN DT NN DT VBG NNP NN , NNP VBD RP NNS IN NNP POS JJ NN . PRP VBD DT NN NNS TO VB JJ DT NN POS NNS VBD JJ , CC IN NNP VBD TO VB IN DT JJ NN IN DT NN . `` IN RB PRP , RB WP . '' NNP VBD . PRP VBD DT NN NN TO VB DT NN IN NNP POS NNS : VBG DT WDT VBP NN NN CC JJ JJ NNS : WDT MD VB IN JJ NN IN DT NN CC VB JJ PRP MD RB VB VBN IN NN NNS . PRP RB RB VBD DT NN IN PRP VBD VBG DT NN IN NNP HYPH CD . CD NN IN DT NN IN DT NN , NNP NN NNP NNP , WP VBD VB DT NNP , VBD DT NN POS NNP NN , CC IN NNS PRP$ NNS VBD VBG TO VB : NNS VBD VBG IN NNP VBG NN NN IN NNP . DT NN NNP VBD DT NNP NN : DT JJ NN MD VB RB , CD VBG VBN NN , PRP VBD : CC RB IN IN NNP POS NNS IN NNP , PRP MD RB VB IN NN IN NNS CC NN VBD RB JJ . `` NNP VBD RP RB WRB PRP VBD RB JJ TO VB RP DT JJ NNS IN NNP IN DT NN IN DT NN NN NN , '' NNP VBZ . `` VBG RP IN DT NN MD VB DT NN IN JJ NN . DT VBZ RB WP VBZ IN NN , CC JJ NNS VBP DT NN TO VB RP NN CC VB JJ NNS IN DT NN RB JJ IN JJ NN NNS . '' IN DT NN IN NNP , NNP VBD TO RB VB NNP POS NN TO VB NNS IN PRP$ NNP HYPH CD NN IN JJ NN NNS . PRP VBD TO VB DT JJ NN NN CC RB VB NN IN NNP POS NNS RB IN PRP$ JJ NNS TO VB NNP HYPH CD NNS IN JJ NNS . `` PRP VBP DT NN , '' NNP VBZ . `` VB -LRB- IN -RRB- WP PRP VBP IN . '' IN RB , NNP VBZ VBN IN CD NNS . PRP VBZ RB VBN JJ NN IN DT IN PRP CC VBZ IN DT NN IN VBG JJ NN NNS IN NNS . PRP VBZ RB IN NNS IN JJ NNS WDT VBP NN IN PRP$ JJ NN HYPH CD NNS . `` MD PRP$ NNS VB IN NN JJ NN . '' NNP VBZ . `` PRP VBP RB NN IN NN . PRP MD RB VB JJ . '' IN DT NN NN IN NNP POS NN IN NNS IN JJ NNP , NNP VBD VBN WP MD VB IN JJ NN NNS VBD JJ . DT MD VB DT JJS JJ NN , PRP VBD , IN JJ NNS IN NN MD VB RB VBN . IN DT JJ NN IN DT NN , NNP VBZ RB VBG TO VB RP IN JJ NNS . DT NNS VBN IN VBG IN NNP POS JJ NN VBD VBN IN JJ IN PRP$ JJ NNS WDT MD VB DT NN IN VBG PRP IN VBG . IN NNP VBD DT NN NN IN DT NN IN NNP , NNS VBD RP WDT MD VB JJS . VBG JJ NN IN DT VBN NNS , RB , VBD JJ . NNP VBD NN VBG DT NN WDT MD VB DT JJ NNS . DT NN VBD VBN RP PRP$ JJ NN DT NN RB CC RB RBR VBD DT JJ NN NN TO VB IN DT JJ NN . IN CD NN , NNP VBD DT NN IN DT NN MD VB DT JJ HYPH NN NN . CC DT JJ NN JJ NN VBD NNP VB DT JJ NN IN DT NNPS . EX VBP VBN `` JJ NNS IN JJ NN VBG TO VB DT JJ NN PRP VBD CD NNS RBR , '' NNP VBZ . NNP POS NN NN VBZ RB VBN CD IN PRP$ NN NNS , RB VBN TO VB NN , TO VB JJ NN IN NNP HYPH NNP HYPH CD . NNP VBZ RB VBG TO VB DT JJ NN IN DT NN , WDT VBZ VBN RB , IN DT NN IN DT NN . DT NNP NN VBG NN VBZ NNP , DT NN NN NN VBG $ CD CD RB . PRP VBZ VBN IN DT JJ NN TO VB RP DT JJ NN NN IN NNP HYPH CD WDT VBZ DT VBN NNS . NNP VBZ VBG DT NNP NN IN JJ NNP HYPH CD NNS , RB RB IN DT NNP NN WDT MD VB DT JJ NN NN , DT JJ NN WDT VBZ DT NNP HYPH CD NN , IN DT NN . IN PDT DT VBZ VBG RP , IN NN , NNP RB VBZ TO VB DT NN IN NNP . PRP RB VBD DT JJ NN IN DT NNP NN : NN VBZ VBN : CC IN VBG DT NNS , PRP VBD VBN IN PRP MD RB VB VBN TO VB IN PRP VBD RB VBN JJ . `` PRP VBP RB VB IN PRP VBD RB VBN IN NN IN DT , '' NNP VBZ . `` CC PRP VBP IN PRP VBP TO VB PRP RP CC VB IN DT NN IN DT VBZ WP PRP VBP TO VB . ''"
332,78,mainstream,"DT NN VBZ IN DT NN TO VB NNS IN DT JJ NN NN HYPH NN HYPH CD CC DT NN PRP VBZ , NNP HYPH CD . PRP VBP JJ TO VB DT NN , WDT VBZ TO VB NNS IN NNS CC VB NN CC NN IN DT NN . VBN DT JJ NN , PRP VBZ JJ IN DT NN MD VB VBN RB RB TO VB VB DT NN . IN DT NN IN VBG WP IN JJ NNS MD VB VBN VBN JJ , PRP VBP VBG RB IN JJ NNS TO VB JJ NN NN CC NN TO VB DT JJ NN . IN PRP$ NN NNP , DT JJ NN NN , PRP VBP VBG RB CD CC IN JJS CD JJ NN NNS RB IN RB . PRP VBD VBG DT NN IN NNP IN NNP CD . DT NN , PRP VBP VBG TO VB PRP$ NN NN NNS IN DT NNP NN : RB CD NNS IN VBG RP PRP$ NN HYPH CD NN . RB IN PRP$ RB CD NNS IN VBG NNS VBP PRP VBN DT JJ NN VBN IN DT NN . RB , PRP VBZ NNS IN VBN NN TO VB IN DT NN . DT NN NN VBZ DT NN IN DT NN CC NN IN NNS CC NNS IN CD RB JJ NNS CC NNS , JJ NN IN NN CC NN IN JJ NNS CC JJ NN NNS , CC DT NN IN NNS TO VB RB CC IN WP VBZ `` JJ '' IN PRP . PRP$ NN VBZ VBN IN DT JJ NN WDT PRP VBP VBG IN DT NN IN NNP : DT NN JJ NN NN , WDT VBZ RB RB VBN JJ NNS . IN JJ , DT NN MD RB VB DT JJ `` NN '' IN VBG DT NN NN IN VBG DT NN IN NN CC NN IN VBG NNS . PRP VBD DT NN TO VB DT NN IN NNP IN DT JJ NN NN IN NN HYPH CD , WDT MD RB VB PRP VB DT NN JJR IN VBG JJ NNS . IN JJ JJ NNS : WDT RB VBP NNS IN NNS IN NN IN PRP VBP RB VBG JJ NN , NN CC JJ NN NNS : NN NNS VBP RB JJ , RB VBN CC VBP RB JJ NNS IN NN . IN DT NN NN VBZ VBN TO VB , PRP MD VB PRP TO RB VB DT NN IN JJ NNS IN VBG DT JJ NN IN DT NN HYPH NN HYPH CD JJ NN IN DT IN DT NN . IN JJS JJ JJ NNS VBN NN , VBN CC VBN NNS IN DT NN , CC NN NNS IN DT NN VBN IN NNS , VBP VBN IN DT NN . DT NN NN RB VBZ DT JJ NN NNS CC VBZ DT JJ NN : JJ NN NNS TO VB VBN NNS CC JJ NNS TO VB DT NN IN VBG PRP$ NNS . RB , IN DT VBN NN VBZ DT NN IN DT NN , PRP$ JJ NN RB VBZ WRB TO VB , VB CC VB PRP IN PRP VBP JJ . DT NN NN NN VBZ RB VB DT JJ NN IN VBN CC VBN NNS CC DT JJ NN . RB , NNP , DT NN IN JJ NNS VBG IN JJ NNS , VBZ VBN IN DT NN . RB IN NNS , DT NNS VBP DT NN POS NN TO VB DT NNS , WDT MD RB VB DT JJ NN WRB TO VB CC VB RP DT JJ NN NN . IN NN , NN NNS MD RB `` VB `` DT NN NN VB DT JJR NN IN DT NN IN DT VBN IN DT NN RB . DT JJ NN NN MD VB VBN IN DT NN NN IN `` NN . '' DT VBZ DT JJ NN IN DT NN NN VBN JJ NN , WDT VBZ NNS IN JJ NNS JJ IN NNS CC NN CC VBZ DT NN IN DT NN . JJ NNS IN NN NN NN JJ NNS VBP RB VBN IN RB CD NN NN IN CD JJ NNS , VBG IN JJ NN CC NN NNS RB VBG RP IN JJ NN NNS WDT RB VBP NNS IN NNS IN NNS . PRP VBZ DT JJ CC JJ NN WDT MD VB JJ NNS . IN IN DT NN IN DT NN , RB HYPH VBN JJ NN NNS MD VB RB RB IN PRP . TO VB DT NN IN JJ IN JJ NN , PRP VBP VBG DT JJ NN TO VB IN JJS CD JJ NNP NN NNS IN JJ IN DT JJR NN IN JJ NN NNS . DT JJ NNP NN CD , CD NN VBZ DT JJ NN NN WDT VBZ NN NN IN VBG NN IN RB VBG JJ NN NNS IN DT NN IN DT `` NN '' IN DT NN . RB IN VBG JJ JJ NNS , PRP VBP TO VB DT JJ NN CD , CD NN IN JJ NN CC VBN IN JJ NN NN TO VB DT JJ NN NN , VB NN CC NN CC VB JJ NN NNS TO VB DT JJ NN IN DT JJ NN NN IN DT NN . VBN DT NN , PRP VBP VBG JJ NNS IN DT NN NN NN , CC VBG NN , PRP MD RB VB JJ TO VB RP DT JJ NN NN RB RB IN NN CD . JJ NN JJ NNS VBP RB VBN RB IN JJR NNS RB CC RB VBN IN JJR NNS . PRP VBP RB VBG DT NN : IN VBG DT NN IN DT NN POS NN NN IN JJR NNS , PRP MD RB RB VB DT NN NN IN JJR NNS , IN IN JJ NN CC NN NNS IN DT NN RBS JJ IN NNP HYPH CD VBP JJ RB IN DT JJ NN TO VB DT NN NN IN DT NN . DT NN IN DT NN DT JJ JJ NN IN VBG DT JJ NN VBZ VBG IN PRP MD VB CC VB NNS IN NNS IN NNS . RB PRP VBP VBN DT JJ NN NN . IN JJ NNS , DT NN IN JJ NNS IN NNS IN NNS IN NNS VBZ VBN TO VB NN NN NN . DT NNS VBP RB IN DT NN NN VBZ VBN PRP TO VB JJ CC JJ . NN PRP VBP VBG DT NN WDT RB VBZ NNS IN CD WDT MD VB RB JJ NNS , IN JJ JJ NNS IN NN CC NNS IN PRP VBP JJ NN WDT DT NN NN MD VB JJ . IN DT NN , PRP VBP VBG RB IN NNP CC NNP POS NN NNS TO RB VB RP NN CC VB TO VB DT JJ NNS IN VBG DT NNS VBN TO VB NNS IN NNS IN NN NNS IN JJ NN . PRP VBP VBN PRP$ JJ NN IN VBG CC VBG NNS IN IN JJ NNS RB IN DT NN MD VB VBN IN NN CC NN . PRP VBP VBN JJ DT JJ NN IN NNS TO VB NNS CC VB VB IN NNS VBP DT NN NN TO VB RP JJ . NN NN VBZ RB VBN VBG , CC EX VBZ RB JJ NN TO VB JJ NNS IN NN . DT JJ NN VBZ VBN PRP$ NN RB RP IN NN VBZ DT CD NN PRP VBP RB VB . PRP VBP RB VBN CC VBN TO VB JJ NNS IN DT JJ NN IN NN TO VB WP VBD JJ RB DT NN IN NNS RB RB JJ . DT JJ NN VBZ VBN PRP$ NN IN DT NN IN NN , NNS , NN NN NNS CC NNS VBG RB TO VB DT NN . DT NN VBZ PRP$ NN . CC PRP VBP TO VB NN IN PRP$ NN TO VB DT NN IN PRP , RB NN , CC NN . DT JJ NN VBZ NN HYPH VBN NN IN NNP . VB JJR IN NN HYPH VBN NN ."
333,916,mainstream,"NNP CD , CD , NNS , NNS , CC NNS IN NNP NNP , NNP CC NNP NNP NNP , NN , IN NNP NNP NNP NNP IN NNP NNP , RB VBN TO VB PRP$ JJ NN IN JJ CC NN NN , VBG CC PRP$ `` NN NN '' IN DT NN CC NN , CC PRP$ JJ CC JJ NN . DT NNP IN NNP CC NNP NNP , NNP , NNP CC NNPS NN VBD VBN NNP CD , CD IN DT NNP NNP NNP NNP NNP . NNP VBZ DT NN RB VBN IN PRP$ NN IN DT NNS IN JJ HYPH NN NNS , RB NN NNS , CC DT NN IN NNS TO VB PRP$ NN CC NN . PRP VBD NN IN DT NNP POS NNP IN NNP CC NNP NNP IN CD , VBG DT NN IN DT NN VBD IN DT TO VB DT NNP IN NNP CC NNP NNPS . NNP VBD TO VB DT NNP POS NN NN IN JJ CC NN NN , DT NN IN DT JJ NN IN RB CD NNS . IN NNS IN DT NN , NNP NNP IN DT NNP NNP IN NNPS VBD NNP POS NN IN JJ JJ JJ NNS : DT VBG JJ NNS . NNP VBD DT JJ HYPH NN NNP NNP IN NNP NN WDT VBD NNS IN NN NN IN DT NN -LRB- NNS , NNS , CC NN -RRB- NN VBZ NN . DT NN VBD DT NN TO VB DT NN CC VBD DT NN IN NN NNS . PRP RB VBD DT NNP NNPS IN NNPS , NNP , CC NNP NN IN DT NN NNS IN NN CC NN HYPH VBN NNS . IN VBG JJR IN CD NNS , DT NN VBD JJ NN IN JJ IN DT NN VBZ RB VB JJ NNS VBG NNS WDT MD VB CC VB VBN IN NN . IN DT JJS NNS DT NN VBD VBD NN IN NN MD VB JJ NN CC NN HYPH VBN NN IN NN NNS CC IN PRP MD VB JJ NN CC VB JJ NNS . RB IN DT NN IN NN IN DT NN CC NNS : WDT VBD RB JJ IN PRP$ NN IN NN NN : NNP VBD PRP$ NN IN NN , NN , CC NN , NNS VBD . IN VBG NNS IN DT NN , NNP NNP NNP VBD NNP CD IN PRP$ `` NNS IN JJ NN . '' NNP VBD DT JJ NN IN JJ CC NN NN IN DT NNP IN PRP$ NN , NNP VBD . JJ NNS VBD NNP NNP , NN IN NNP IN DT NNP IN NNP CC NN IN JJ NN CC JJ NN , NNP NNP NNP , WP VBD DT NN IN JJ CC NN NN IN DT NNP . NNP NNP IN NNP NNP NNP : DT JJ NN IN DT NNP NNP CC NNP NNP NNP : VBD IN DT NN TO VB NN CC JJ NN NNS IN JJ NN IN NN TO VB JJ CC NN NN . JJ IN DT NN VBD IN NNP VBD DT NN IN NN , RB VBG NN IN IN PRP$ JJ NN TO VB IN NNS CC NNS IN JJ CC JJ NNS . DT NN IN DT NN VBD DT NN VBN IN NNS IN NNP VBN IN NNS , NNS , CC JJ NNS IN IN DT NN . NNS VBD PRP IN DT JJ NN , CC VBD NNS WRB PRP VBD VBN PRP NN IN JJ NNS IN PRP$ NN NN . IN PRP$ JJ NNS , NNP VBD IN PRP VBD VBN IN DT NNS . `` PRP VBD RB VBG WP PRP VBD , '' PRP VBD . PRP VBD IN VBG DT NN , `` PRP VBP PRP DT VBP RB CC VBP JJ NNS IN NNS . ''"
334,1347,mainstream,"NNP NNP VBD DT NN IN DT NNP POS NN IN VBG NNPS . NNP NNP VBZ DT NNP NNP IN NNP POS NNP NNP IN NNP NNP . PRP$ RBS JJ NN , DT NNP NNP : DT NNP NNP IN DT NNP HYPH NNP NNP , VBD DT NNP NNP IN NNP NNPS CD `` NNP IN NNP '' NNP CC DT NNP NNP NN IN DT NNP NNP NNPS NNP POS NNP NNP NNP IN NNP . PRP VBZ RB DT NN IN DT CD NNP NNP NNP NN VBG DT NNP : WRB NNP , NNPS , CC NNP VBD DT NN IN DT NN , WDT VBZ DT NNS CC NNS IN DT NNP NNP HYPH NNP NNP NN NN IN DT NNP NNP NNPS . PRP$ JJ NN , NNP NNP NNP : DT NNPS IN DT NNP NNP NNP CC PRP$ NNP IN NNP NNP , VBD DT NNP NNP JJS NNP IN DT NNP . IN CD , NNP VBZ VBN DT VBG NN IN NNP NNP , WRB PRP VBZ VBN IN DT JJ NN NN IN NNP , NNP NNP , CC NNP NNP . IN CD CC CD , PRP VBD DT JJ NN IN NNP , WRB PRP VBD DT NN NN `` NNP NNP '' CC RB VBD NNS CC JJ NN . PRP$ NN IN NN , NN , CC NN VBZ NN IN DT NNP NNP IN NNP -LRB- NNP -RRB- NNP NNP . PRP$ NN VBZ VBN IN JJ NNS , VBG NNP NNP , NNP , DT NNP NNP NNP , DT NNP NNP , DT NNP NNP , NNP , NNP , CC NNP . DT JJ NN NN IN DT NNP NNP NNP , PRP VBD PRP$ NN NN IN DT NN NN IN DT RB HYPH JJ NN VBN IN NNP CC VBZ RB VBN IN DT NN NN IN DT NNP NNP NNP , DT NN NN NN IN DT NNP , DT JJ NN NN IN NNP POS NNP , CC DT NN HYPH IN HYPH DT HYPH NNS IN NNP . PRP VBD IN NNP NNP IN CD IN DT NN IN NNP CC NNP , CC VBD DT CD NNP NNP NNP IN NNP POS NNP NNP IN NNP . DT NN IN NNP , NNP , PRP CC PRP$ NN RB VBP IN NNP IN PRP$ CD HYPH NN HYPH JJ NN , PRP$ CD HYPH NN HYPH JJ NN , CC PRP$ CD HYPH NN HYPH JJ NN . : VB JJR IN : ADD"
335,597,mainstream,"PRP VBD JJR IN DT NN IN NNS TO VB DT JJ HYPH NN NN WDT VBD TO VB RP DT NNS IN VBG JJ NNS CC NNS . RB NN NNS VBD TO VB NNS TO VB PRP . IN DT NN POS NN IN CD , JJ VBD NNS , WDT RB VBD CD NNPS DT NN CC VBD CD , DT JJ NN NN WDT NN VBD TO VB IN . `` NN VBD PDT DT JJ NN CC PRP$ NN VBD RB JJ , '' VBZ NNP NNP , DT NN NN IN DT NNP NNP NNP IN DT NNP IN NNP . `` NNS VBD JJR NNS IN NNS . '' CD IN DT JJS NNS IN NNS VBZ IN DT NNP NN VBN NNP IN DT JJ NN , CC PRP VBD RB IN CD IN JJ NN NNP NNP VBD PRP VBD VBN IN DT NN CC RB VBD TO VB DT NN . IN RB , NNS VBD DT JJ NN . `` PRP VBZ DT JJ NN , CC PRP RB VBD RB JJ IN VBN JJ NNS IN DT JJ NN RB , '' VBZ NNP . IN DT RBS JJ NN NNS VBD RB VBN , NNS VBD RB VBN IN NN . NNS VBD JJS IN NNS IN DT NN , JJ IN NN NNS . DT CD NN IN NNP VBD RP IN IN DT NN IN DT NN IN CD NNS , CC NNP POS JJ NN IN CD RB VBD IN IN DT NN IN DT NN , RB CD NNS RBR DT NN CC NN VBD PRP CC VBD IN DT NN IN NNP . VB JJR : WRB NNS VBD VB DT JJ NN IN NN NNS RB VBD VBG , NNS MD RB VB JJ . IN CD , CD NNS VBD IN NNS , CC CD IN IN CD NNS VBD NNS IN CD NNS JJ . CC DT JJ NN , DT NN IN JJ NNS VBD NNS NNS IN NNS POS NN . PRP VBD WRB DT NNS MD VB NNS IN VBG DT NN , VBG DT NN IN VBG DT NN . IN DT NNS , NNS NNS VBD VBN IN RB CD IN CD DT NN , NN IN DT NN IN NNS CC NNS IN NN , JJ JJ NN CC NN , VBZ NNP NNP , NN IN NN IN JJ NNS IN NNP POS NNP IN NNP CC NN IN PRP$ NNP NNP NNP . -LRB- IN NNS MD RB VB DT JJ NN , JJ NN VBD CD IN NNS POS JJS NNS . -RRB- RB NN IN VBD DT NNS RB , RB NN VBD PRP . DT NN VBD IN DT VBN CD NNS DT NN IN NNS JJ IN NN NNS , NN , NN CC NN . RB CD NNS DT NN VBD NN , NN NN WDT MD VB JJ NN CC NN . IN DT NNS VBN VBG IN DT NN IN PRP$ NNS IN DT NN VBD NNS POS NN NNP NNP , WP VBD PRP$ NN VB IN NNS NN IN CD . PRP MD RBR VB PRP$ NN , DT NNP , IN PRP$ NN POS NN . RB VBG DT NN NN VBD RB VB PRP$ NN IN NN : DT RB JJ , JJ NN VBN JJ NN NN -LRB- NNP -RRB- MD VB CD IN CD NNS RBR , VBG JJ NN IN DT NN VBD DT NN CC RB VBD . DT NN NN MD VB DT JJ JJ NN NN , CC NN NNP NNP IN NNP NNP POS NNP VBD VBN TO VB CD . WRB DT NNS NN VBD DT NNS POS NN NN RB CD NNS IN NNP IN NNP CD , NNP VBD CD IN PRP$ NNS , NNP NNP , TO VB NN NNS . NNPS VBD NN IN VBN NNS , VBG DT CD , `` JJ NN , PRP VBP VBG IN DT NNS IN NN . PRP VBP VBG TO VB DT NN IN DT JJ NN . IN PRP VBP , PRP$ NN MD VB IN PRP$ JJ NN IN DT NN . RB DT MD VB DT JJ . VBP PRP NN . '' JJ NN NN VBD `` JJ IN NNP '' IN DT NN , NNP VBD VBN DT NN IN DT NN IN CD HYPH NN HYPH JJ NNP NNP . IN CD , DT NNP NNP POS NN VBD DT JJ NN NN NN TO VB IN JJ NNS VBN IN NNP NNP CC NNP NNP NNP , WRB JJ NN NNS VBD NN NN IN NNS . CC DT NN IN DT NN VBD RB JJ RB : JJS NNS VBD JJ NNS CC NNS JJ IN JJ NNS . NNP RB VBD DT NN IN JJ NNS , VBG NNP NNP , DT JJ NNP NN JJ IN VBG JJR NNS IN DT JJ NN IN NN . `` PRP VBD JJ IN NN , '' NNP VBD NNP , DT NN IN NNP , WP VBD DT NN IN PRP$ NN IN NNP . `` DT NNS VBD NNS RB JJ IN PRP VBD NNS . '' IN VBG IN JJ NNS , NNS VBD RP IN DT NN TO VB DT NN RB IN NNS CC VB DT NN IN DT JJ NN IN NNS NNS TO VB NN NNS . IN NNP CD , CD , DT NNP VBD DT JJ JJ NN NNS NN , NNP POS NNP . JJ NNS NNS VBD RB VBN , VBG DT VBN -LRB- JJ -RRB- NN WDT JJ NN IN JJR NN NNS CC JJR NN . PRP VBD VBN IN DT NN IN CD , DT JJ NN NNP VBD DT NN IN DT NN VBN NN : CD IN DT JJ NN NNS CC WDT VBD RB VB DT JJ NN IN NNS NNS . IN RB , NN NNS VBD VBN IN CD NN , CC DT NNP VBD RB VBN DT NN TO VB NNS CD NNS RBR . DT JJ NN VBD VBG NNS TO VB PRP$ NNS . `` JJ NN IN DT NN IN JJ NN VBZ RB VBN DT NN IN JJ NN , '' NNP VBZ . DT NN VBD RB DT NN VBN NN RB RB IN NN . `` PRP VBD DT NN IN NNS VBG VBG NN IN PRP$ NNS NNS IN VBG PRP IN NNS , '' RB IN JJR NNPS , NNP VBZ . PRP VBD NNS RB $ CD -LRB- $ CD NN -RRB- TO VB CD NN IN NNS . DT NNP NNP NNP IN CD VBD NNS IN NNS NN , CC DT NN VBD RP IN DT NNS , VBG IN DT NN IN NNS . `` JJ NNS RB VBP RB VBN VBN IN DT NNS IN CC NN IN NN , '' VBD DT NNP NNP NNP NNP IN NNP IN CD . DT JJ NN , NNP VBD NNS , NNS CC NN NNS IN DT JJ NNP NN TO VB RP NNS POS JJ NNS . CC PRP VBD RB IN JJ NN NN NNS CC JJ JJ NN WDT DT NN VBD VBG IN NNS NN , RB VBN IN CD . -LRB- IN NNS IN NNS RB VBP RP , DT NNPS IN NNP NNP VBZ NN IN DT NN IN DT NN IN JJ NN NN IN CD NNS CC JJR IN DT JJ JJ NN . -RRB- `` RB JJ NNS VBP JJ RB WP VBD NNS IN DT NNS CC PRP$ NNS , '' VBZ NNP NNP , DT NN WP VBD DT NN NN VBN IN NN POS NNP . `` IN NN WP VBD NN NN IN DT NNS CC NNS , PRP VBP RB VB DT NNS RB IN DT . ''"
336,813,mainstream,"DT NN VBZ IN NNP NNP RB , DT NN NN CC NN NN VBN IN DT NNP NNP NNP NNP IN NNP NNP . VBG WDT RB HYPH VBG NN NNS MD VB DT NN NN JJR IN CD NNS IN PRP VBZ VBZ RB JJ CC DT JJ JJ NN NN NN VBZ JJ NN NN . RB , NNS VBP TO VB PRP$ JJS NN VBN IN DT JJ NNS . IN NNP , DT NNP VBD RP PRP$ VBN NN IN NN NNS IN DT NNP NNP . -LRB- PRP VBD PRP$ JJ NNP NNP NNS CD NNS CC RB RBR . -RRB- IN JJ NNS , DT NNP VBZ DT NN IN NN , NN CC DT NN NN : CC IN DT JJ IN DT JJ NN , DT NN IN NN , NN , CD HYPH JJ NN . IN DT NN IN DT NN IN VBG NNS CC JJ NNS , NNP NNP RB VBD DT NN IN NNP NNP , NN IN DT NNP IN NNP NNPS CC NNP NNPS IN DT NNP NNP NNP NNP IN NNP NNP . VBP EX DT NNS IN WP POS NNS . DT NNS . DT NN IN DT NN POS NNP NNP NN VBZ RP TO VB RB DT JJ IN DT VBN CD NNS RB IN DT NNP NNP . DT JJS NN VBD DT NN IN DT NN NN IN DT NN , WDT VBD RB VBN VBN IN CD NNS . DT VBD VBN IN DT JJ NN . EX VBD VBN DT NN IN IN CC RB IN -LRB- NN IN DT -RRB- NN VBD VBG DT JJ NN IN NNS IN VBG NN IN VBG NN NNS . RB , NNP VBD TO VB PRP . VBZ DT WRB DT NN NN RB VBZ IN NNP IN NNP . DT NNS -LRB- IN DT CD NNS -RRB- VBP RB VBN . PRP VBP JJ NN IN WP VBZ IN DT NNP NNP IN PRP$ NN -LRB- PRP$ NN -RRB- IN DT RB VBZ PRP DT RB JJR NN IN NN NNS WDT MD VB VBG RB WRB NN VBZ RB . CC PRP VBZ RB VB PRP IN PRP$ NN NN NNS IN DT VBZ TO VB VBN RBR IN DT NN . DT VBZ TO VB VBN IN JJS CD NNS IN PRP VBP TO VB VBG NNS . IN DT NNP NNP , DT NN NN VBZ VBN IN NNP VBN IN WP VBZ VBG IN NNP CC NNP . IN NN NNS VBP NNS , PRP VBP WRB NN VBZ IN DT NNP NNP TO VB IN PRP$ NNS VBP JJ RB . DT NN TO VB DT NN IN NNS IN DT NNS TO VB IN DT NN CC DT NN IN DT NN . NN NN VBZ DT JJS NN IN DT NN . IN PRP VBP VBG TO VB NN TO VB NN NNS , PRP RB VBP TO VB DT JJR CC JJR NN TO VB DT NN NN . PRP VBP DT NN IN NN IN NNP WRB PRP VBP RB IN DT NN IN NN NN IN DT NNP . PRP VBP VBN PRP IN PRP VBP WRB DT NN IN NN NN VBZ RP . VBP PRP JJR IN VBG NN NNS TO VB IN NNS RB IN PRP VBD DT NN NNS RB . UH . PRP VBP JJR IN VBG NNS IN NN NNS . PRP VBP JJ JJR NN NN NNS CC VBP PRP IN NN NN CC JJ IN DT VBZ VBN IN DT JJ IN JJ NN NN . IN DT CD NN , PRP VBP DT RB JJ NN IN WP NNS VBP VBG IN DT JJ NN . RB , IN PRP VBP RBR WP VBZ RB RB VBG , MD RB DT VB IN JJR NNS CC JJR NNS IN NN . PRP VBP JJR NN CC DT VBZ RB VB DT NN NN JJR IN IN DT NN IN NN PRP VBP RB VBN IN DT NN IN JJ NN NNS WDT MD VB JJ IN DT NN . RB PRP VBP RB JJ WDT IN DT MD VB DT JJ NN . PRP VBP RB VBG IN : VBG DT VBZ VBG RB CC PRP MD RB VB DT CD NN MD VB DT CD JJ NN JJ NN NN . WP VBZ PRP$ NN VB PRP IN DT NN IN DT NN POS NNS . VBP PRP VB NN NN IN DT . DT VBZ RB RB IN PRP VBZ VBN IN DT NN NN NN . PRP MD VB DT JJR NN NN IN PRP VBP JJR NN TO VB DT NN NNS WDT VBP VBG . IN PRP$ NN NN IN NNP , IN DT JJ CD NNS , PRP MD VB VBG CD NN NNS VBN RB CC VB DT JJR NN IN WP VBZ VBG IN NNP . IN DT VBZ DT JJ IN WP VBD VBG IN NNP CC NNP , PRP MD VB JJ . IN NN VBZ VBN , DT VBZ PRP WRB JJ DT NN MD VB , CC PRP MD RB VB DT NN NN CC DT NN NN . WRB VBZ DT NN POS NN NN IN DT NNP VBG RP . DT NN NN DT NN VBZ RB IN DT CD IN CD NN JJ NN . PRP VBZ IN DT JJ NN IN WP PRP VBP . PRP VBD PRP MD VB RB JJR IN VBG NN IN PRP VBZ VBN . IN NN DT NN NN CC DT VBG NN VBP TO VB RB VBN CC DT NN NN NNS VBZ RB VB DT . PRP VBP VBN TO VB RP WP PRP VBP VBG DT NN . WRB VBZ RB DT NNP NN NN NN WDT VBZ TO VB VBG IN NNP IN DT NN . PRP$ JJ NN VBZ VBN JJR IN CD NNS IN JJ NN . DT NN VBZ RB VBN RB IN NNS VBG IN NN IN VBN NN . EX VBP JJ NNS IN JJ IN JJ NN IN DT NN . WP PRP VBP RB VB RB VBZ WRB EX VBZ PDT DT JJ NN DT NN IN NNP NNS . PRP MD RB VB NN . PRP MD VB DT NN VBD CC VBD RBR JJ IN VBG NN . CC JJS NN NN , PRP VBZ RBR JJ IN VBG NNS . PRP VBP IN DT NN IN VBG TO VB DT RP RB RB . VBN DT JJ NNS IN DT NN NN , MD RB PRP VB JJ TO VB DT NN IN DT NN . DT MD VB JJ IN DT NN IN PRP MD VB RB NN NNS RB VBN IN NN IN DT NN IN JJ NN , WDT PRP VBP MD VB JJ NN IN PRP RB VBZ . EX VBZ VBN JJ NN VBN IN DT NN NN IN DT JJ JJ NNS . JJ JJ NNS , VBG DT NNP NNP , NNP , CC JJ NN NNS VBP VBN DT JJ NN IN NN , CC JJ NN NNS VBP VBN NN NNS IN DT NN . PRP VBZ RP TO VB DT JJ NN IN PRP VBZ RB VB RB RB IN JJS JJ NNS IN NN WRB PRP VBP PRP IN DT NN . EX VBZ VBN JJ NN VBN TO VB PRP DT RBR JJ NN IN NNS CC JJ NNS . DT VBZ WRB JJ NN NN VBZ PRP IN NN IN DT NN . IN PRP VBD PRP MD VB DT NNP NN NN RB RB IN PRP MD IN JJ NN , PRP MD VB VBN JJ . PRP MD VB JJ NN NNS CC PRP VBP TO VB VBN . PRP MD RB VB VBN IN IN PRP VBD JJ NN NNS IN PRP JJ NNS RB IN NN IN PRP$ JJ NN . WDT NN IN NNS IN NN CC NN MD VB PRP JJ . PRP DT VBZ RP IN VBN JJ IN JJ NN . VBG DT NN IN NN VBZ CD NN . VBG DT JJ NN CC RB DT NN NN NN VB PRP IN DT NN VBZ DT NN , CC VBN NN IN IN DT NN NN MD VB DT JJ NN WDT NN VBZ VBN IN DT NN CC PRP VBZ VBG TO VB DT RB JJ NN . CC DT CD NN PRP MD VB IN IN NNS VBZ PRP MD VB . UH , RB . DT RB VBZ IN JJ NN . DT IN PRP$ NNS RB VBP DT NN IN NN VBZ IN JJ NN WDT MD VB VBG DT NN NN IN DT NN . PRP VBZ VBG RP PDT DT NN . WRB PRP VBP IN NN NNS , PRP$ NN NN VBZ DT CD NN . WRB JJ VBZ DT NN IN DT NN IN DT NN . EX VBP DT NN IN JJ CC JJ NNS WDT VBD IN DT CD NN WDT PRP RB VBP RB VB NN . UH . DT NNS IN NN NNS IN NNS IN VBG VB DT NN RB . DT JJ NN IN NNS TO VB IN JJ JJ NNS , WDT VBP DT JJ NN IN RB JJ NN . CC DT NN IN NNS VBZ VBN RB . PRP VBP PRP VBZ JJ PRP MD RB VB DT NN -LRB- IN DT -RRB- , CC PRP RB VBP TO VB JJR NN NNS WDT VBP JJ . IN CD , PRP VBD JJ IN DT NN VBD RB RB JJ . PRP VBD RB VB JJ NNS IN NN . EX VBP DT NN IN NNS IN DT NN WDT MD VB VBN TO VB DT JJ NN IN JJ NNS . CC PRP VBP RB JJ TO VB IN NN . UH , PRP RB VBP ."
337,590,mainstream,"DT CD NN NN IN NNS IN NNS IN NNP NNP VBZ RB IN IN DT NN VBG RBR JJ IN NN , DT NNP NNP NNP VBZ VBN . EX VBD CD VBN NNS JJ NN , VBN IN RB CD IN CD . NNP NNP NNP VBD DT NN IN DT NNS VBD NNS JJ CD SYM CD WP VBP VBN CD NNS IN DT NN NN . PRP VBD EX VBZ DT NN IN NNS DT CD IN CD NNS IN DT NNS NN IN DT NN VBZ RBR JJ . NNP NNP VBD NNS WP VBP VBN DT NNP VB DT JJR NN IN NNS . NNS VBP VBN DT NN NN IN CD NNS CC CD NNS IN NN . `` PRP VBP TO VB DT NN IN NNS NN DT CD IN CD NNS CC DT VBZ WP PRP VBP VBG IN DT NN , '' NNP NNP VBD . `` PRP VBP IN DT NNS NN IN DT NN VBZ CC VBZ RBR JJ IN NN . `` RB DT CD CC CD NNS DT NN IN NNS WP VBP JJ IN VBG NNS VBZ CC DT VBZ WP VBZ VBG . '' NNP NNP VBD NNS WP VBP RB VBN VBN MD VB IN JJ NNS IN DT NN , VBG NN IN DT NN CC NN . PRP VBD IN DT CD NNS , CD NN VBD RB VBN CD NNS IN DT NN NN . NFP WRB NNS MD RB VB DT NN NN , NNP , VBZ PRP DT VBN NN . EX VBP VBN CD NNS IN NNS RB RB IN CD . NNP NNP VBD DT NNS VBP `` DT NN IN DT JJ NN '' . `` PRP MD VB TO VB DT NN CC NN IN DT JJ CD NNS IN DT NN , RB IN DT JJ NN IN DT NN PRP MD VB TO VB DT NN . `` PRP MD VB PRP TO VB JJR CC DT VBZ WRB PRP VBP NNS TO VB JJ PRP VBP VBN CD NNS IN NN . '' PRP VBZ VBN VBN IN NNS IN NNS IN NNP VBD PRP$ JJS NN IN DT NN . NNS IN NNS CC NNS VBD DT NN IN NNS IN DT JJ JJ NN IN CD IN CD HYPH CD NNS DT NN IN CD . NNS CC JJ NNS WP VBP RB VBN CD NNS IN DT NN NN VBP VBN `` RB JJ '' . EX VBD RB NNS IN NNS NNS IN NNP CC NNP IN CD . NNP NNP VBD NNS MD VB IN PRP VBP VBN CD NNS IN DT NN IN PRP$ NN CC IN PRP VBD RB JJ IN NNS VBG IN NNS TO VB RB . PRP IN DT NN IN NNP NNP VBD RB RB JJ IN IN NNP IN EX VBZ RB VBN DT JJR NN IN NNS CC NN VBD RB RB RB VBN IN DT NN IN NNP WDT VBD NNP IN DT NNS . `` IN DT NN IN DT NNS EX VBD DT JJ NN IN DT , CC PRP VBD RB RB VBN IN IN NNP , '' PRP VBD . `` RB PRP VBP JJ , IN IN PRP VBP VBG DT NNS NN JJR DT NN , PRP VBZ RB RB JJ IN WP NNP VBZ VBG IN PRP VBD VBN IN DT NN JJR IN PRP VBD IN NNP NNP . '' PRP VBZ DT JJ NN WDT VBD TO VB RB JJ IN NNS IN DT NN -LRB- NNS , NNS CC NN -RRB- NN VBD VBN IN DT NNP IN CD . DT JJ NN VBZ JJ NNS IN DT NNS . NNS VBZ JJ CC VBN IN VBN NNS IN NN VBN RP IN DT NN CC NN . WP VBP DT NNS . SYM JJ NN IN DT NNS IN DT NN IN DT NN JJS NNS RB VBP IN NN . CC IN JJ NNS , EX MD VB JJ NNS , JJ IN NN IN DT NNS IN NNS , NN CC NN . WRB VBP DT NNS RB VB NNS . DT NN IN DT JJ NN WDT RB VBZ IN NNS VBZ RB RB RB JJ IN DT NNS VBG IN NNS CC NN . RB , VBG DT NN VBZ RB JJ , IN DT JJR NNS WP VBP VBN , DT RBR JJ NNS MD VB VBN RB . IN NNS IN NNS , WDT VBP JJ , RB JJ NNS VBP IN JJS NN . RB IN PRP VBP DT NN IN VBG VBN , PRP VBP JJ TO VB DT RBR JJ NN IN PRP CC JJR NNS . NNS IN NNS RB VBP NNS CC NN NNS DT NN . NNS CC JJ NNS IN NNS CC NNS VBP RB DT NNS WP VBP TO VB VBN , IN JJ NNS . JJ IN DT CD NNS VBD VBN IN DT JJ NNS CC JJ NNS CC VBD RP IN DT NNP NN WRB PRP VBD NNS . NN IN DT VBN NNP NN , NNP NNP NNP , RB VBG DT NN IN NN RB VBD DT NN IN NN . JJ NNS MD RB VB RB JJ TO VB VBN VBN CC VBN DT NN , CC MD RB VB VBN CD NN IN DT NN CC RB RB VB RB VBN . PRP VBZ RB JJ DT NN POS NN IN NNS MD VB VBN RP ."
338,46,conspiracy,"IN NNP NN , NNP NNP NNP NNP VBD DT NN IN DT JJ NN CC VBD DT JJ `` JJ NN '' WDT MD RB VB NN . NN , IN DT CD HYPH NN NN , DT NN IN DT NN VBD RP JJ NNS IN DT NNS IN NN WDT VBP IN NN : VBG NN IN VBG IN NN , JJ NN CC VBG CD NN IN NN IN PRP$ NN . CC EX VBZ RB JJ NN CC NNP NNP CC NNP NNP VBD JJ JJ NNS IN NNP NNP NN IN PRP$ NN IN DT NN IN WP NNS MD CC MD RB VB : RB WRB NN MD VB IN VBG CD DT . NNP VBD : `` PRP , IN DT NN IN NNS , VBD RB VBN IN WP PRP VBD . PRP VBD RB VB RB JJ IN DT , PRP VBP NN PRP VBP VBG TO VB NN . `` PRP VBP RB RB JJ PRP VBP RB VBN DT RB , DT NN VBZ VBN IN DT RB TO VB DT NN RP CC RB VB TO VB PRP . CC VBP PRP VB IN NN DT NN VBD PRP . '' VB RBR : NNP NNP VBZ NNPS MD RB VB IN NN HYPH CD NN VBN IN JJ NN"
339,1128,mainstream,"POS NN HYPH CD NN VBZ VBN IN DT NNP NNP . DT NN WDT IN NNS VBD VBN VBG NNS IN PRP$ NN IN NNP VBD NNP NNP POS NN IN CD NNP , CC RB IN PRP VBD PRP . NNP , DT NNS NN IN DT NN NN IN DT NN , VBD DT JJ NN RB IN NNP TO VB DT JJ NN IN DT NN NN , CC IN DT NNS RB , PRP VBZ VBN VBN IN DT NN IN NN . `` EX VBZ VBN JJ NN , NN , CC NNS VBG IN PRP IN NNS IN DT NN , '' NNP VBZ . `` PRP DT RB VBP RB JJ , JJ . DT VBD CD IN DT JJ NNS VBG WDT NNS MD VB RP IN CC VB , `` UH , PRP VBP VBN DT NN VBG . '' VB IN PRP VBZ VBG TO VB IN JJS CD NNS , CC PRP VBZ RB CD JJ NN IN DT RB JJ NN IN DT NN . '' DT NN NNP VBD TO VB VBZ VBN IN NNP , DT RB HYPH VBN NN WDT VBZ RB TO VB DT NN IN NN . NNP CC NNP POS NNP NNPS VBP DT JJ TO VB JJ JJ NNS IN NNS IN NN NN CD -LRB- NNP SYM CD -RRB- TO VB IN PRP VBP JJ CC MD VB NN NNS . -LRB- DT NNP NN NN RB VBD IN CD NNP , VBG IN NNS IN DT JJ NN POS NNP IN NNP , WDT VBZ VBG IN PRP . -RRB- DT RB HYPH VBG NN VBN RB IN DT NNP NNP NNP RB VBZ CD JJ NN NNS WDT MD RB VB . `` DT VBZ DT JJ NN IN DT JJ NN IN DT NN , '' VBZ NNP NNP , DT NN IN DT NNP NNP NNP NNP NNP WP VBZ VBN NN NNS IN DT CD NNS CC VBZ RB VBN IN DT NN HYPH CD NN . `` PRP VBZ CC JJ CC JJ IN DT NN IN WRB VBP PRP VB PDT DT RP . '' RB VBG , DT NNS NN IN CD JJ `` NNS '' : IN PRP JJ NNS JJ IN VBN CC VBN JJ NNS , RB VBN NNS , CC DT JJR NN NN -LRB- NN -RRB- NN WDT VBZ DT NN IN DT NNP NN : CC PRP$ NNS VBP NNS , NN , JJ NNS , CC DT JJ JJ JJ NNS . IN CD NNP , NNP CC NNP -LRB- NNP -RRB- VBD WP PRP VBD MD VB DT $ CD CD NN HYPH CD NN NN , IN RB PDT DT NN VBG IN DT NNP NNP NNP NNP CC NNP NNP IN NNS VBP VBN . JJ NNS , VBG NN CC NN NNP , VBP VBN NN NNS . CC DT JJ NN , JJ JJ JJ NN NN CD -LRB- NNP HYPH NNP SYM CD -RRB- , VBZ RB VB TO VB DT RB JJ NN . PRP VBZ RB , WDT VBZ PRP VBZ RB RB JJ IN VBG DT NN NN , CC NNS IN DT JJ NNS WDT VBP NN CC JJ NNP JJ NN -LRB- NNP -RRB- VBP VBN IN NN NNS . NNP VBZ DT NNP NNPS POS NNP NNP NNPS NNP , WDT VBZ VBN CD NN NN IN DT NN CC NN , VBZ JJ IN DT NNP HYPH NN HYPH CD NN . `` PRP VBP RB VB DT VBZ VBG TO VB RB JJ . '' CD NN VBZ IN NNS VBP JJ NN IN NNP HYPH NNP HYPH CD , WDT VBZ JJ VBN IN NNS VBP TO VB DT JJ NN . NNS IN DT CD JJ NNS WDT RB VBP JJ NNS VBP RB VB JJ HYPH VBG NN . RB RB , NNS VBP VBN RB HYPH VBG JJ NNS IN DT NNS VBG NN CC NN , CC RB PRP VBP RB RBR IN NN HYPH NNP HYPH CD . CC IN JJ HYPH VBG NNS , WDT VBP IN DT NN CC NN , DT JJ NN VBZ DT JJR JJ NN , WRB DT JJ NN IN DT NN MD VB JJR , VBZ NNP NNP , DT NN WP VBZ NNS IN DT NNP NNP NNP NNP NNP . `` WRB PRP VBP DT NN IN DT NNS , PRP RB VBP JJ NNS IN NNS CC JJ JJ NNS IN PRP$ NN IN DT NN . '' RB IN DT DT HYPH RP NN , NNP NNP , NN IN DT NNP NNP NNP IN NNP CC NNP NNPS -LRB- NNP -RRB- , VBZ VBG DT NN IN DT NN '' VBZ VBG TO VB DT NN , DT NN CC DT NN , IN JJS . '' CC NNP VBZ `` IN JJS '' IN NN NNS , NN NNS , CC NN NNS MD RB VB NNS . RB DT VBP VBG IN DT RB JJ NN TO VB RP JJ NNS : VBG NNS NN NNS CC RB RB VBG TO VB PRP TO VB IN PRP VBP VBN . DT JJ NN MD RB VB VBN JJ IN NN NN NNS CC NNS IN JJ NN RB IN NN CD NN NNS VBP VBN . CC NNP NNP , DT JJ NN NN IN DT NNP IN NNP , VBZ DT NN WDT RB VBZ JJ NN CC NN MD VB JJ JJ : IN RB . `` IN DT NN IN NN NN , RB RB IN PRP VBP NN WDT VBZ PRP RB CC VBZ DT NN IN NNS , DT MD VB JJ , '' PRP VBZ . IN CD NNP , CD NNS IN JJ NNS RB VBD JJ DT JJ NNP NN IN NNP HYPH NNP HYPH CD , NNP NN NNP NNP VBD NNP DT VBN NN IN DT NN WDT MD VB DT NN IN PRP$ NN . CD HYPH CD NNS RBR , DT JJ NN IN DT NN VBD IN NNP CC JJ NNS VBG IN DT JJ NN IN DT NNP NNP NNP NNP NNP NNP . IN CD , NNP VBD VBN DT NNP NN NN WDT VBD IN NN NN IN DT JJ NN IN WP PRP RB VBD VBD DT NN HYPH JJ CD NNS . `` PRP VBP DT NN IN RB CD NNS , '' PRP VBZ . DT NN VBD IN NNS NNP VBD IN PRP$ JJ NN NNS , VBG PRP$ NN IN JJ NN NN -LRB- NNP -RRB- . DT NN IN DT NNP NN VBZ DT VBN NN : IN CD , DT NN IN DT NN NN VBD VBN IN DT NN IN CD NNS . RBR NNS VBD DT NN IN NN HYPH VBN NNS WDT VBD IN DT NN NN IN DT NN CC VBD RB VB PRP$ NN TO VB NNS . DT NN HYPH JJ NN , IN NN , RB VBD IN JJ JJ NNS . VBG DT NNP NNS IN DT NNP NN NN , NNP VBD IN DT JJ NN VBD JJ NNS RB CC IN VBG IN DT NN . RB DT JJ NN , PRP VBD RP , VBD JJ NNS IN VBG NNS , RB IN CD PRP VBD DT JJ NN IN DT NN IN DT NN . `` PRP VBD RB JJ IN DT NN IN IN PRP VBD RB VB NN , PRP VBD RB RB VB WP PRP VBD VBG , '' NNP VBZ . DT NNP NN WDT VBD IN DT NN VBZ VBN RB IN JJ NNS . DT NN VBD IN JJ IN CD , WRB DT NN IN NNP POS NN VBD DT NN IN NNP , NNP NNP , CC VBD RB JJ . VBN IN PRP MD VB NNP , WDT VBZ JJ IN JJ JJ NNS CC RB VBZ IN NNS RB , NNP POS NN VBD IN DT NN CC RB VBD RP DT JJ JJ NN . PRP VBD RB JJ TO VB DT NN IN PRP$ NN , WDT RB VBD DT NN TO VB JJ NNS IN DT NNS IN DT NNS CC NN NNS , CC , IN NNP , IN NNP HYPH NNP HYPH NNS . DT VBZ DT NN IN DT NNP NN HYPH CD NN , WDT VBZ NN WDT VBZ DT NN POS NNS TO VB DT VBN NN NN . RB DT JJ NN , DT NN NN VBZ RB VBN DT NN CD JJ NN , VB RB VBN VBN IN NN . CC VBG JJ NNS IN NN NNS MD VB JJR IN NN NNS IN IN JJ NNS , VBZ NNP NNP HYPH NNP IN DT JJ NN NNP , WDT VBZ RB VBG IN JJ NN IN DT JJ NN . NNP POS JJ NN NN VBD DT JJ JJ NN IN DT JJ NN IN NN . DT VBZ CD NN MD VB VBN TO VB CD CD NNS . `` RB , WP PRP VBP TO VB VBZ VB RB NNS IN NNS . CC DT MD VB JJ , '' NNP HYPH NNP VBZ . JJ NNS VBP VBG IN NN HYPH VBN NNS . NNP NNP VBZ VBG DT NNP HYPH NN HYPH CD NN IN RB VBG JJ NN NNS CC VBG DT JJ NN VBN NN . NNP VBD DT JJ NN IN DT NNP NN PRP VBD CC VBN IN DT NN CD JJ NN CD NNS RB , VBZ NNP NNP , DT NN NN IN NNP . `` PRP RB RB VBD DT NN PRP RB VBP . '' DT NN POS NNP NN VBD IN NNS CC IN EX VBD NNS IN DT VBN NN NN MD VB DT NN IN NN NN NN WDT VBD IN DT NNP NN , NNP VBZ IN DT JJ NNS VBD IN PRP$ NN NNS . NNP NNP , DT NN IN DT NNP NNP IN NNP IN NNP NNP , VBZ VBN NN NNS VBP DT NN IN VBG DT VBN HYPH CC HYPH JJ NN WDT MD VB VBN RP IN JJ NNS . `` DT NN NNS VBP RB RB , CC PRP MD VB VBN , '' VBZ NNP , WP VBD DT NN NN IN NNP HYPH CD NNS WDT VBZ RB IN NN . NNP VBZ RB VBG DT NN . PRP$ NN VBZ DT JJ NN IN NN HYPH CD -LRB- NN -RRB- , WDT RB VBZ DT JJ NN , IN DT `` NN '' TO VB IN DT NN IN DT NN NN NN . JJ NN NNS VBP IN IN JJ NNS VBP NN IN NNP , PRP MD VB DT JJ NN IN DT NN , VBG PRP IN VBG DT NN NN NN IN JJ NNS : CC PRP MD RB VB NN , IN VBD TO VB IN DT NN IN DT NN HYPH VBN NN NN VBN IN NNP WDT VBD VBN RB IN CD . CC DT JJ JJ NN VBD DT NNP NN , WDT JJ NNS VBD IN CD , CC DT NN NN NN VBD PRP$ JJ NN VBD `` JJ NN NNS IN NN NNS '' CC VBZ `` DT JJ NN NN . '' `` PRP VBP JJ NN NN CC NN NN NN VBP RB DT NN , '' NNP NNP , DT NN VBG IN DT NN IN DT NNP IN NNP , VBD IN DT NN IN NNP , VBG IN DT NNP NN NN NNS VBZ IN PRP$ NN IN DT MD RB VB NNS . JJ NN HYPH CD NN NNS VBP DT NN HYPH VBN NN IN NNP HYPH NN HYPH CD , DT VBG CC JJ NN NN NN WDT VBZ IN DT NN IN DT NN NN , RB VBN NN NNS IN DT NN , DT NN IN NN VBN IN DT NN WDT VBZ DT NN IN DT NN , CC NN HYPH NN HYPH CD NNS WDT NN HYPH VBP IN `` JJ NNS . '' NNP VBZ VBG DT NN , NNP , WDT VBZ RB RB VB NNS , IN PRP$ NN . DT JJ NNS MD VB JJ NNS IN DT JJ NN , CC NNS VBP RB `` VBG '' VBN NNS IN NN HYPH NN HYPH CD TO VB WDT NNS RBS VBP IN NN . JJ NNS VBP NN MD RB VB IN VBG NNS , WDT RB VBP NNS IN VBG NNS . CC NNP NNP , NN IN NNP NNPS , WDT VBZ VBG DT NN NN HYPH CD NN , VBZ DT NN IN NN NNS : WDT JJ VBN NNS : VBD DT JJR NN IN NN IN NN NNS IN DT NN POS NN NN , WDT VBZ RB IN NN CD NNS . `` PRP VBP VBG DT NN IN NN CC NN NN NNS RB VBZ DT JJS NN . '' NNP CC NNS VBP DT NN IN NNS . `` IN DT JJ NN , PRP VBP PRP VBZ NN TO VB NN JJ , '' PRP VBZ . IN NNP NNP , NN IN NNP , VBZ , `` NN VBZ WDT NNS VBP VBG TO VB . '' VBG JJ IN DT NNS IN DT JJ NN HYPH CD NN VBZ VBN DT NNP IN NNP NNP NNPS -LRB- NNP -RRB- , DT NN VBN RP TO VB NN IN NNS IN VBG JJ NNS . RB RB , NNP VBZ VBN RB $ CD CD IN NN NN IN NNP , NNP , CC CD JJ NNS . `` PRP VBP VBN IN DT JJ NN TO VB DT NNS WDT PRP VBP VBP DT JJS NN IN VBG PRP$ NNS : WDT PRP VBP MD TO VB DT NN POS NNS : IN NN , NN , CC NN , '' VBZ NNP NN NNP NNP . CC PRP VBZ VBG IN JJ NNS RB RB . `` PRP VBP RB VB TO VB IN DT NN WRB PRP VBP -LRB- CD -RRB- JJ NN CC PRP VBP DT NN NN -LRB- IN NN -RRB- CC RB PRP VBP RB VB DT NN NN . '' NNP VBZ IN NN NNS IN DT JJ NN PRP VBZ NN IN VBG JJ NNS . `` IN VBG NNS IN NN RB IN IN JJ NN , PRP VBP TO VB DT JJ NNS , '' NNP VBZ . IN VBG NN CD NNS CC NN NN NNS , NNP VBZ TO VB CD IN DT CD NNS IN JJR NN NNS TO VB IN CD WDT VBP JJ IN JJ HYPH NN NN NNS WDT VBP RB CD NNS . NNP VBZ JJR IN $ CD CD IN PRP$ NNS IN DT NN , CC NNP VBZ DT NN NN IN $ CD CD . PRP VBZ NNP VBZ TO VB DT NN IN NNS , JJ NNS , NN , CC DT NNP NNPS NNP . NNP NNP , WP VBZ NNP , DT NNP NNP , VBD IN DT NN IN DT CD NNP NN IN NNP IN DT NN VBZ TO VB RB RB JJR TO VB DT NN IN DT NN HYPH CD NN . `` IN RB EX VBD DT NN IN DT VBN JJ NN NN NN VBG DT `` JJ NN '' NN , PRP VBZ RB , '' NNP VBD , VBG IN EX MD VB JJ NN IN NNS , NN IN JJ NNS , CC NN . `` PRP MD RB VB CD NNS RB , '' PRP VBZ . NNP CC NNP DT VBP IN IN NN VBZ RB , PRP MD VB DT NN NN IN RB CD NNS IN JJ NNP CC VB IN NNP CD CC RB IN DT NN VBZ . NNP VBZ IN , VBG IN NN IN JJ JJ NNS , NNP MD VB PRP$ NN IN JJ NN NN CC CD NNS IN NNP . CC , IN IN NNP POS NN IN VBG PRP$ NN , DT NN MD VB TO VB DT NN WDT VBZ JJ NN IN NNP HYPH NNP HYPH CD TO VB DT NN NN RB . NNP VBZ VBN DT JJ NN NNS IN DT NN VBN IN PRP$ NN CC VBZ IN DT NN PRP VBP MD RB VB IN DT NN VBZ JJ . `` DT NNS IN DT NN WDT PRP VBD VBG RB NN . PRP VBP RB VB , '' NNP VBZ . `` DT VBZ RB DT JJ IN JJ , JJ NNS , CC PRP VBZ RB JJ NN IN PRP VBD DT JJ NN . '' NFP NN , CD NNP , CD NN : DT NNP NNP NNP NN RB VBD NNP POS NN NN IN VBG NN . DT NN VBZ RB VB DT NN CC VBZ RB VB TO VB NNS ."
340,1179,conspiracy,"IN WP VBZ TO VB RB DT NN IN JJ NNS IN NNP NNP POS NNP NNP : WDT VBZ , NNPS CC NNS WP VBP IN NNS MD VB RB IN DT NN VBZ VBN VBN CC IN NNS MD VB NN WP VBZ VB DT NNS : DT NN IN DT NNP NNPS IN NNP NNP CC NNP VBZ VBN IN NNS WP VBP JJ IN NN HYPH CD IN VBG IN DT NN VBP TO VB VBG JJ NNS IN DT NN . DT MD VB IN DT NNS VBP RB JJ , DT NNS VBD , WDT VBD VB NNS IN DT NNS MD VB JJ IN NNS IN VBG VBN . IN DT NN VBZ RB VB DT NN IN DT NN POS NN : JJ IN NNS WP RB VBP TO VB VBN DT `` JJ '' NN IN DT NN IN PRP$ NNS VBP VBN IN RB RB . CC RB , DT NN VBD VBN IN DT JJ NN , CC , IN NN , MD VB NNS TO VB RBR RB , IN DT JJ NN IN NN WDT VBD VBN DT NNS VBZ TO VB DT NN . DT NN RB VBZ DT NN IN `` NN POS NNS IN DT NNS NNP NNP NNP NNP VBD MD VB `` JJ '' IN NNP POS VBG . DT NNS VBP NN NNS IN NNP NNP MD RB RBR VB NNS JJ IN VBG IN DT NN . NN JJ NN VBD IN RB HYPH VBN NN NNS IN DT NN POS JJ NN MD RB VB IN JJ CC JJ NN NNS , RB VBG DT JJ NN IN NN WP VBZ JJ IN DT NN VBZ JJ . DT NN MD RB VB IN DT NN IN NN NNS , WDT VBP IN NNS IN DT NN WDT VBP NN IN DT JJ NN . NNS VBP NNS RB VBP DT NN IN NN IN DT NN , CC PRP VBP RB VB DT JJ NN RB . CC VBP PRP VB WRB RB DT NN MD VB . DT JJ NN IN NNP VBD IN VBN NNS IN JJ JJ JJ NN , CC NN , VBP VBN TO VB `` JJ NNS IN VBG NNS '' CD IN CD NNS IN JJ NN , VBG IN NNS VBG NNP NNP NNP IN NNP HYPH NNP NNP NNP . JJ NNS VBP VBN JJR NNS IN NNP , DT NN WDT VBZ IN NN IN NN IN DT NN , IN NNS , VBG IN DT NN VBN IN NNP . DT VBZ JJR NNS VBP DT NN TO VB DT RBR JJ NN IN NNP HYPH CD . DT NN VBZ RB VBN VBN IN NN NN . NNP VBZ DT JJ NN IN DT IN DT NN IN DT JJ NNS IN DT NN , CC DT NN IN NNS IN VBG NNS JJ IN NN . IN NNP VBZ , NNS IN NN , WDT VBZ JJ IN DT NN WDT VBZ NN HYPH CD , VBP IN NNS VBP NNS JJ IN NNS , VBG NNS IN DT JJ JJ NN , CC VBZ IN DT NN MD VB JJ , WDT VBD RB VBN IN DT NNP . DT NN MD RB VB IN DT NN IN NN NNS , WDT VBP IN NNS IN DT NN WDT VBP NN IN DT JJ NN . NNS VBP NNS RB VBP DT NN IN NN IN DT NN , CC PRP VBP RB VB DT JJ NN RB . CC VBP PRP VB WRB RB DT NN MD VB . DT JJ NN IN NNP VBD IN VBN NNS IN JJ JJ JJ NN , CC NN , VBP VBN TO VB `` JJ NNS IN VBG NNS '' CD IN CD NNS IN JJ NN , VBG IN NNS VBG NNP NNP NNP IN NNP HYPH NNP NNP NNP . JJ NNS VBP VBN JJR NNS IN NNP , DT NN WDT VBZ IN NN IN NN IN DT NN , IN NNS , VBG IN DT NN VBN IN NNP . DT VBZ JJR NNS VBP DT NN TO VB DT RBR JJ NN IN NNP HYPH CD . DT NN VBZ RB VBN VBN IN NN NN . DT NN NN IN JJ NN NNS VBZ RB IN NN . VB NN NN NN IN CD NN RP IN JJ NN NNS CC JJ NN NN ."
341,990,conspiracy,"UH , NNP , CD NN WDT MD VB VBN VBZ DT NN IN DT NN NNP VBD VBN IN DT NN . PRP VBZ RB DT NN IN DT NN VBD VBN IN DT NN , FW PRP VBD DT NN NN . PRP VBP RB JJ IN PRP VBD VBG VBN IN DT NN IN NN CC WRB PRP VBD VBG RB VBN . DT MD VB IN DT NN POS NN IN VBG NNS DT NN RB . IN NN , NNS VBP IN DT JJS NN IN NN NN VBZ IN `` NNP '' NNP : PRP VBD IN DT JJ NN IN NNP VBN IN NNP JJ NNP -LRB- CD -RRB- VBD VBN IN DT NN WP$ NN NN VBD JJ IN DT VBN IN DT NN , CC RBR IN DT IN NN VBN IN NNS . `` DT VBZ DT JJ NN NN , IN PRP VBD RB DT JJ NN WDT VBD RB VBG RB . '' PRP RB MD RB VB VBN VBN IN NN IN NN NNS VBD RB VBN VBN TO VB DT NN , PRP VBD . `` PRP MD VB VBN VBN IN RB DT NN . '' IN NN , DT JJ NN MD VB DT JJ JJ NN , NNP NNP VBD , WRB JJ NNS VBP IN NN WDT VBZ RB RB VBN IN JJ NNS , VBG IN `` DT NN IN NNS VBN IN NN . '' IN DT JJ NN , DT NN VBZ IN DT JJ NNP NN MD VB IN NNS RB RB `` IN PRP MD VB DT JJ NN IN JJ NNS WDT MD VB IN NN . '' NNP NNP VBZ IN DT NN VBZ `` DT JJ NN IN NNS , WDT VBZ TO VB NNS IN NNS -LRB- IN PRP VBP VBN -RRB- IN PRP MD VB WRB PRP VBP IN CC WP PRP$ NNS VBP . '' DT NN NN NN VBZ DT NN IN DT NNP NNP IN NNP NNPS ADD -LRB- NNP -RRB- , IN DT CD NNP NN IN NNP , NNP NN -LRB- NNP HYPH NNP -RRB- NNS VBN IN JJ NNS VBP TO VB JJ JJ NNS IN DT JJ JJ NN . TO VB NN HYPH NN NN IN NNS , NNP NNP NNP CC NNS IN DT JJ NNP NNP NNP NNP VBD JJ JJ NNS IN NNS VBN IN DT NN . PRP$ NNS VBD VBN IN CD NNP CD IN DT NNP NN ADD -LRB- DT JJ NN VBZ VBN IN NNP : NNP NNP IN DT NNP NNP IN DT NNP IN DT NNP NNP IN NNP . IN DT NNP NNP NNP NNP NNP . VBN RB CD NNP CD , CD -RRB- . DT JJ NN IN DT NN VBD CD NNS IN JJ JJ NNS IN NNP NNP , WRB JJ NNS VBP NN IN DT NN . CD IN DT NNS VBD VBN NN IN JJ NNS . CD JJ NNS VBN , WP$ NNS VBD JJ IN DT IN NNS VBG JJ JJ NNS . PRP VBD IN DT JJ NN IN NNP VBN IN NNP JJ NNP -LRB- CD -RRB- VBD VBN IN DT NN WP$ NN NN VBD JJ IN DT VBN IN DT NN , CC RBR IN DT IN NN VBN IN NNS . `` DT VBZ DT JJ NN NN , IN PRP VBD RB DT JJ NN WDT VBD RB VBG RB . '' PRP RB MD RB VB VBN VBN IN NN IN NN NNS VBD RB VBN VBN TO VB DT NN , PRP VBD . `` PRP MD VB VBN VBN IN RB DT NN . '' IN NN , DT JJ NN MD VB DT JJ JJ NN , NNP NNP VBD , WRB JJ NNS VBP IN NN WDT VBZ RB RB VBN IN JJ NNS , VBG IN `` DT NN IN NNS VBN IN NN . '' IN DT JJ NN , DT NN VBZ IN DT JJ NNP NN MD VB IN NNS RB RB `` IN PRP MD VB DT JJ NN IN JJ NNS WDT MD VB IN NN . '' NNP NNP VBZ IN DT NN VBZ `` DT JJ NN IN NNS , WDT VBZ TO VB NNS IN NNS -LRB- IN PRP VBP VBN -RRB- IN PRP MD VB WRB PRP VBP IN CC WP PRP$ NNS VBP . '' DT JJ NN VBD IN DT JJ `` JJ HYPH NN NN -LRB- NNP -RRB- '' , VBN IN JJR IN CD JJ CC JJ NNS IN DT NN IN NNP . DT JJ NN VBD DT NN IN NNP NNP , VBN IN DT NN WP VBD IN NNS IN NNP WP VBD NNP NNP IN DT JJ NN , DT NNS VBD IN DT NNP HYPH NN NNS VBD DT JJ CD HYPH NN NN WDT VBD DT JJ NN IN DT NN IN DT NN . DT NN VBD DT NN NN , WDT VBZ JJ IN NN HYPH NN NNS , DT NN VBZ . `` PRP VBD IN DT NN VBD CC VBD IN NN NNS , '' NNP NNP POS NN VBZ , `` RB IN DT JJ NN IN DT JJ NN NNS CC DT JJ NN WDT VBD IN DT JJ NN IN DT NN . '' NNP NNP NNP NNP , DT NN IN DT NNP IN NNP WP$ NN VBZ JJ NN , NN , CC NN HYPH NN NNS , VBD DT NN IN NNP NNP . `` PRP$ NNS VBP IN DT NN IN NNP VBD DT JJ NN , NN WDT VBD RB , '' PRP VBD . DT VBN NN NNS `` MD RB VB IN CD NN , '' RB VBG IN PDT DT NNS VBD IN DT JJ JJ NN . -LRB- DT JJ NN IN DT NNS VBZ DT NN IN DT CD NNS VBP DT JJ NN . RB PRP VBZ JJ IN DT CD NNP NN MD VB VBN DT JJ NN -LRB- FW VBD DT JJ NN -RRB- . CD NN MD VB IN JJ NNS IN NN HYPH IN NNS MD VB RB JJ JJ NNS VBG IN DT JJ NN -LRB- FW DT JJ NN NN -RRB- . DT NNS VBP JJ IN NN IN DT NN NN IN DT NN NN , CC PRP VBP RB VB DT . NFP NN -RRB- -LRB- VB RB : NNP HYPH NNP -LRB- CD -RRB- : JJ NN , CD CD CD , NNP HYPH RB -LRB- CD -RRB- : NN , NNP CD NNP HYPH RB -LRB- CD -RRB- : NN CD NN , RB -LRB- CD -RRB- : NN CD NN , RB -LRB- CD -RRB- : NN CD NN , RB -LRB- CD -RRB- : NNP JJ NN CD NN , RB -LRB- CD -RRB- : NN CD -RRB- , ADD NNP NNP NNP , NN UH VB PRP$ `` JJ NNPS '' NN NN IN : ADD GW GW FW GW ADD VB IN NNP CC IN NNP NNP"
342,33,mainstream,"DT NN NN VBN NNP NNP HYPH NNP -LRB- NNP -RRB- VBZ VBN RB IN DT NN IN DT JJ NN . PRP VBZ DT JJ VBN NN NN . IN NN , JJR IN CD CD NNS IN PRP VBP VBN VBN . DT JJ NN VBZ VBN IN DT NN . NNS IN NNP POS NNP NNP NNP IN NNP NNP VBP VBN DT NN IN RB VBG NN . IN DT NN VBZ RB VBN JJ NN , EX VBP NNS TO VB PRP IN NN RB IN DT JJ JJ NNS . NN NN NNP NNP VBD IN NN IN DT NN IN NNP . RB , NNS VBP RB VBG DT NN IN PRP$ NN IN NNP HYPH CD . PRP$ NN VBZ RB VBN TO VB JJ IN JJ NNS . `` IN VBN NNS , PRP VBZ VBN VBN IN NNP MD RB VB IN JJ JJ NNS . NNP VBZ JJ NN , CC DT MD VB VBN TO VB DT NN IN JJ JJ NNS . VBN IN DT , PRP VBP IN PRP$ JJ NN MD VB DT JJ NN , '' NNP VBD NNP . DT RB VBZ NN IN NN IN NNP HYPH CD . NNS IN NNS VBP IN NN VBZ DT NN NN CC MD RB RB VB JJ NNS JJ IN NN HYPH CD . DT NN : CC DT NN , IN DT NN : RB VBZ CD NNS IN NN IN DT NN . CD IN DT VBZ JJ CC JJ NN . PRP MD VB NNS RB RB . DT JJ VBZ VBN CC JJ NN . `` DT NN IN DT CD NNS VBZ DT JJS JJ JJ NN CC DT JJS JJ JJ NN , '' NNP VBZ . NNP NNP NNP VBZ RB VBN DT NN CD JJ NN IN NN IN NNP HYPH CD . PRP VBZ VBG VBN IN JJ JJ NNS , VBG DT NNP NNP NNP -LRB- NNP -RRB- . IN IN DT NN IN NNP , NNS VBP VBN VBG IN DT JJ NN NN VBZ DT NN NN IN DT JJ NN . `` DT MD VB TO VB DT JJ NN IN JJ NNS JJ IN NNP HYPH CD , '' NNP NNP VBZ NNP . PRP VBZ CD IN DT NNS IN DT NN VBN IN NNP NNP NNP , WP VBZ JJ NN IN DT NN . PRP VBZ IN DT NN POS NN IN DT JJ NN IN NNP HYPH CD . `` DT JJ NN NN NN CD MD VB VBN IN NNP RB IN PRP$ NN IN DT JJ NN HYPH NN HYPH CD NN NN , '' VBZ NNP . DT JJ JJ NN VBZ CD NN NNS . PRP DT VBP IN DT JJ NN CC VBP RB RB VBN IN DT JJ NN . `` IN DT JJ NN , PRP VBP TO VB DT NN IN DT VBN NN NN NN IN NNS IN DT NN IN CD . DT NN RB VBZ IN NN MD RB VB DT NN NN , WDT VBZ RB RB IN NN , '' DT NN POS NN , NNP , VBZ . DT JJ NN MD VB CD NNS IN DT IN NNP RB IN DT NN NNS IN NN VBP JJ , NNP NNP VBZ , JJ NN IN DT JJ NN NN VBZ RB JJ . CC IN PRP$ NNS VBP JJ RB , NN MD VB VBN IN JJ NNS IN DT JJ NN IN NN , RB VBG DT NN IN DT JJ NN HYPH CD NN VBZ VBN . `` PRP VBP RB VBG IN NNS , CC RB CD IN CD CD NNS IN DT JJ NN . DT VBZ RB RB JJ , IN DT NN NN NNP VBZ RB JJ , CC DT NNP NNP NNP VBZ RB JJ IN NNS IN NNS IN NN MD RB VB JJ TO VB VBN , '' NNP VBZ . NNP VBZ DT RBS JJ NN NN . DT NNP NNP IN NNP VBZ VBN VBN TO VB DT NNP NN . DT NN VBZ DT JJS NN NN IN DT NN CC RB VBZ NNS JJ IN NN . DT NN NN NNP VBZ RB HYPH VBN CC VBZ RB VBN IN NN VBZ DT JJR NN . NNS IN DT JJ JJ NNS CC IN JJ NNP VBP VBN PRP . NN , PRP VBZ RB VBN RB IN NNP CC NNP IN DT NN IN NN . IN DT IN DT NNS , EX VBP TO VB VBN RB JJ NNS IN NN HYPH CD RB RB . `` WRB DT NNP HYPH CD NN VBD , DT NNS VBD RB IN IN NNP NNS VBD JJR IN NNS WRB NNP NN VBZ JJ , FW , IN EX VBD JJR NNS IN NN IN IN NNS IN NN NN . CC , RB , DT NN VBD VBN RB , '' VBZ NNP . RB , PRP VBZ JJ IN PRP$ NN IN DT NNS : `` DT VBP NNS VBG NNS WDT VBP IN CD DT IN JJ NNS . RB PRP MD RB RB VB VBN IN DT NN IN EX VBZ VBN DT JJ NN NN . '' CC PRP VBD DT NNS VBD DT NN TO VB DT NN RBR . DT NNS IN NNP VBP RB JJ . `` PRP VBP DT JJ NN NN NN VBZ DT JJ NN , '' VBZ NNP . `` DT NN MD VB DT JJ NN POS JJ JJ NN CC RB VB JJ IN NN HYPH NN HYPH CD NNS , CC PRP MD VB TO VB IN DT NNS IN DT JJ NNS . '' CC EX VBP RB RB DT NNS IN NNP CC IN NNP : JJ NN VBZ IN JJ NN : RB IN DT NN ."
343,424,conspiracy,"IN PRP$ NN VBZ RB RB VBN CC VBN IN JJ NN , NN HYPH VBN NN NNS , CC VBN RP IN NN HYPH VBG NN NN , RB PRP MD VB JJ TO VB DT CD IN IN PRP VBZ RB JJ IN PRP TO . NN POS NNS VBP VBN , JJ CC JJ , CC DT NN NN VBZ VBG RP NNS IN NNS TO VB PRP RB IN DT NN , NN . PRP MD RB , RB VB DT NN IN DT VBN NN IN NN CC IN DT NN , VBG IN DT NN IN NN NN NNS , VBG NN , NN , NN CC NN . RB VBP DT JJ CD JJ NN NNS RB TO VB VBN IN NN , RB . DT JJ NN NNS IN NN POS NNS CC DT JJ CD NNS TO VB PRP DT NN VBD VBN IN NNP , NNP NN , CD IN CD NN CC VBZ VBN IN NNP NNP , NNP . PRP MD VB DT NNS IN DT NN IN DT NN CD NN ."
344,867,mainstream,"JJ NNS IN NNS VBP JJ IN NNS , VBG IN DT JJ NN IN NN NN IN NNS , WDT RB VBZ DT NN IN NNS CC NN . DT NNS `` MD VB JJ IN NNS IN JJ NNS CC IN DT NNS WP VBP IN PRP , '' VBD NNP NNP NNP , IN DT NNP IN NNP POS NNP IN NNP , VBG IN DT NN VBG DT NN . NNS VBP VBN DT JJ NN IN VBG DT JJ NNS , CC VBG NNS IN NNS , VBG NN , NN CC NNS , DT NN VBD . CC DT NN IN NNS WP VBP TO VB PRP$ NNS VBZ VBN IN JJ NNS . NNS IN NNS , IN JJ NNS , VBP VBN VBN IN NNS IN NNS JJ IN NNS , DT NN VBD . IN CD , DT NNP IN NNP -LRB- NNP -RRB- VBD DT NN IN CD JJ NNS , CC VBD IN JJ NN NNS IN DT NNS VBP RB JJ . DT JJ NN , VBN IN NNS IN DT NNP NNP , VBZ DT NNS IN VBG NNS VBN IN DT NN IN DT NNP NN , CC VBG NN NNS IN JJ NNS RB VBN IN DT JJ NN . -LRB- CD JJ NN NNS -RRB- IN NN , DT JJ NN VBD DT NN IN CD NNS IN NNS IN NN CD : NN -LRB- NN , NN CC JJ NN -RRB- , NN NN , NN NN , NN , NN , NN -LRB- NNS , NNS CC NN -RRB- , NN -LRB- NN -RRB- , NN NN NN NN -LRB- NN -RRB- , NN , NN CC VBN NN NNS . EX VBZ DT NN IN NNS CC NN NN , CC DT NNP NN VBD RB VBN IN NN , DT NNS VBD . DT NN NN NN VBD RB VBN IN JJ NN , CC DT JJ NNS VBD VBN IN DT NNP NN . IN JJ , DT NNS VBD VBN IN JJ NNS : DT NNP NN VBD VBN IN DT VBN NN IN NN HYPH VBN NNS , NN NNS VBD VBN IN DT VBN NN IN JJ NNS JJ IN NN , NN NNS VBD VBN IN DT VBN NN IN NNS IN NNS IN NN NNS , CC DT NN NN VBD VBN IN DT VBN NN IN DT JJ JJ NN VBN NN . CC DT NNS VBP RB JJ , DT NNS VBD . IN NN , DT NN NN NNP VBD VBN IN CD JJ NNS IN NN IN CD CD NNS IN DT NN , DT NN VBD . CC IN CD CC CD NNS VB DT NN NN IN DT CD JJ NN IN DT NN HYPH VBN NN , VBG IN DT NNP NN . `` RB , DT JJ NNS VBN IN DT NNS VBD JJ , CC IN JJS NNS , MD VB VBN TO VB RB IN DT JJ NN , '' DT NN VBD . `` DT VBZ RB IN DT JJ NNS WDT NNS VBP VBN TO VB , WDT MD VB DT NN IN NN IN JJ NNS , JJ IN NN , NN , JJ NN , NN , CC NN CC MD RB VB IN NN . '' DT NN RB VBZ IN DT JJ NNS WDT VBP VBN DT NN IN NN CC DT NN NN . DT NN VBD VBN IN DT CD NN WDT VBZ RB VBN RB RB RB VBN , CC RB VBN TO VB JJ . DT NN VBZ VBN NNP CD IN DT NNP NNP . NN CD NNP , DT NNP NN . DT NNS VBN . DT NN MD RB VB VBN , VBN , VBN CC VBN ."
345,1079,mainstream,"NNP NNP VBD NNP IN PRP MD VB PRP$ NN IN NNP HYPH VBN NNP NNP NNP TO VB JJ NN NNS VBN IN RB VBG JJ NNS . VB NNP MD VB $ CD CD IN NN NNS , VBG IN DT $ CD CD NN NN CC DT $ CD CD NN IN JJ NN JJ NN IN $ CD DT NN . VB NNP VBZ RB JJ IN JJ NNS IN IN $ CD CD . NNP MD VB NN HYPH JJ NNS TO VB CC VB JJ NN NNS VBG NN NNP NN , DT JJ JJ NN VBD . DT NNS VBP RB VBG JJ NN NN NNS CC DT NNS VBP DT NN IN VBG DT JJ HYPH IN HYPH JJ JJ NN IN DT JJ NN IN CD ."
346,364,conspiracy,"NNP TO VB JJ NNP NN NN , VBZ IN CD `` NNS '' DT NNP VBZ VBG DT `` JJ NN NN '' WDT MD VB JJR IN CD NNS CC CD IN DT RBS JJ NN HYPH CD NNS , NNS VBD NNP IN NNP NN . DT NN IN NN VBD DT NN MD RB VB RP NN NNS IN CD IN DT NN IN DT NN . DT NN TO VB HYPH VB DT NN VBZ VBG IN JJS `` CD NNS IN NN NN CC NN IN DT NN IN NNS , '' NNP VBD . DT NN VBD NN NNS VBP `` VBN TO VB NNS CC VB DT NN IN PRP$ JJ NN NNS IN NNS MD PRP$ JJ NN VB . '' DT NN WDT VBZ VBG JJ NNS MD VB VBN IN CD IN CD NNS VBG IN NNP . NNP NNP NNP , DT NN NN IN NNP NNP NNP NNP IN NNP , WP VBZ VBG DT NN , VBD IN CD IN CD NNS MD VB VBN IN DT NNS . `` IN PRP VBP RB VB DT NN NN , PRP RB VBP VBG , '' NNP NNP NNP , NN IN DT NNP NNPS IN NNP -LRB- NNP -RRB- , VBD NNP . DT NN TO JJ HYPH VB DT NN VBZ NN IN DT JJ HYPH JJ NN VBN NNP NNP HYPH CD NNP NNPS CC NNPS -LRB- NNP -RRB- VBN JJ NN . NNP VBD DT NNP NNP NN , VBN IN NN IN DT NNP , MD VB DT JJ NN TO VB NN IN NNP . PRP VBD NNS IN NNP POS NNP NNP CC NNP NNP MD RB VB . IN DT NN VBD , NNP HYPH NNP NNP VBD RP RB CD NNS : RB HYPH VBN NN . PRP VBZ DT NN IN DT NN NN VBD TO VB DT NN IN DT NN HYPH NNP NN -LRB- JJ -RRB- CD JJ NN NN . WRB JJ NN NNS MD PRP VB NNP NNP TO VB IN CD NN HYPH NN IN CD . DT NN VBD VBN : NNP , NNP CD , CD IN CD NN"
347,1210,conspiracy,"JJ NN : NN `` NN '' NN VBZ NN , JJ NN NN , CC NN NN NNS VBP RB VBN IN NN NNS , IN NNP VBZ IN NNP DT NNP VBZ IN NN VBD VBN IN DT NN NNS CD NNS RB , CC NN VBZ CD NN NN IN NN , IN NN , CC PRP VBZ VBN IN RB DT NN NN -LRB- NN NN -RRB- CC RB DT NN , RB , PRP VBD VBG . PRP RB VBP PRP VBZ `` JJ WRB VBN IN DT NN '' IN NNS , CC DT NN IN NN VBZ JJ IN DT JJ NN , IN NN , NN VBZ DT RBS JJ JJ NN IN NN . PRP VBZ JJR . PRP VBP RB RB RB CC RB NNS NNS IN DT JJ NN NN , IN PRP VBP VBN NNS IN JJ NNS TO VB DT JJ NNS , IN NN CC NN NNS . VB , EX VBZ JJR . RB DT NNPS VBP IN EX VBP VBN JJ JJ NN NN NNS IN DT NN CC NN NNS , CC PDT DT NNS VBP , CC DT NNP VBZ RB VB WRB NNS VBP NNS . DT VBZ WDT NN HYPH VBN NN VBZ IN , CC PRP VBZ RB RB IN PDT DT `` VBN HYPH RP '' NNPS WP VBP RB JJ NN , NN , CC NN TO VB . NN NNS RB VBP CD NNS IN NN : CD NNS DT NN DT NNP VBZ VBZ JJ IN NN CC NN NN VBD PRP VB IN RB DT NN NNS , IN NNP NNP CC NNP , VBP IN NNS IN NN WDT VBP VBN IN NN -LRB- NN -RRB- MD VB JJ IN JJ JJ NN CC JJ JJ NN NN . UH , PRP VBZ IN NNP NNP POS `` NN NN NN NN . IN PRP$ JJ NN RB VBZ CD NNS , PRP CC PRP VBZ IN JJ NN IN DT JJ NN NNS CC JJ NNS DT NNP VBZ IN DT NN NN NNS . DT NNS VBP VBN WRB JJ NNS VBP VBN IN PRP , CC NN VBZ JJ , JJ , JJ , IN DT NNP VBZ IN PRP$ NN IN JJ NN IN NNP . PRP VBZ IN NN IN NN NN , CC DT NNS WP VBP DT NN IN NNS IN NN IN NN CD IN JJ CC JJ NNS IN NN VBP JJ . RB , IN VBG RP DT NNP POS JJ NN NN POS NN NNS VBD RB DT JJ JJ JJ NNS , DT NNP NNP IN NNP , IN IN DT NNP NNP NNP NNP , VBD NN VB RB VBN IN DT NNS . DT VBD DT NN IN CD , CC CD NNS RBR , DT JJ NN NN NNS RB VBD NN NNS IN NN , CC VBD DT NNP NNS RB VB PRP IN DT JJ NNS CC NNS CD HYPH NNS JJ . CC , NN MD VB TO VB DT NN IN NN , WDT RB VBZ IN NNS IN JJ NN IN DT NN CC NN IN NNS IN DT NNP POS JJ NN IN NNS CC NNS . WP VBZ IN NNS WDT VBP NN CC NNS WDT VBP NNS . NNP , DT VBZ WP NNS , NN VBZ RB JJ . CC VBZ NNP POS NN CC NNPS . NN VBZ RP IN DT JJ NN . DT NNS DT VBP DT . RB PRP VBZ RB JJ , CC JJ NNS PRP VBZ , CC RB VBZ RB IN NNS CC NNS . NN VBZ VBN IN NNS VBG IN DT NN CC DT NN IN NN NN CC NN IN DT NN , RB , IN NNS CC NNS -LRB- VB NN NN CC NN NN RB -RRB- . RB VB WP PRP VBP IN DT JJ NN NN , DT NN NN , CC DT NN . JJ NNS IN NNS . DT VBZ RB DT NN CC DT NN . PRP VBZ NN NN . PRP VBZ JJ NN . PRP VBZ JJ NN . PRP VBZ NN NN RB VBN IN `` NN HYPH VBG '' NN . DT VBZ WRB DT NNS VBP RBR JJ IN RB VBG DT JJ NNS IN DT NNS . VBN JJ NN NN , CC JJ JJ NN . DT NN DT NNP NNS RB VBP NN , PRP VBP RB VB DT NNS WDT VBP PRP . MD PRP RB VB IN NNS RB VBG NNS CC NNS VB RB VBN CC VBN NNS , WDT VBP VBN VBG JJ JJ NN NNS , IN PRP$ NNS . NN NNS VBP IN NN RB , IN DT NN CC NN NNS VBP JJ CC JJ , IN DT NN POS JJ JJ NN VBZ RB VB WP TO VB IN DT DT NN , JJ NNS , CC VBN NN NN NNS WDT VBP VBN IN NN NN , VBG CC RB VBG DT NN . UH , DT JJ JJ NN NN NNS VBP VBN NNP NNS , CC PRP MD VB DT VBN NNS IN DT RB JJ NN NN , DT NN HYPH VBG NN NN , NN SYM NN , NN , DT NN CC NN NN NNS -LRB- WDT RB VBP CD JJ NNS IN NN NNS VBN NN -RRB- , CC DT JJ NN NN . RB VBZ DT NN IN JJ NNS IN NN POS JJ NNS , JJ IN DT NNP IN NNP NNP IN VBN IN CD EX VBP JJ JJ NNS IN NN POS NNS , CC DT IN DT RBS JJ VBP VBN RB . NNP NN NN NN CD NN NN , CD NNS NN IN CD NNS , NNP NNP CC NNP NNP NNP NNP NNP CD NN NN , NN IN NN . NN NN NN IN JJ . NN JJ NNS NN NN NN NN NN RB VBN IN NN NN JJ NNS NN NN NN NN NN RB VBN IN NN NN NN NNS JJ NN NN JJ NN NN RB VBN IN NN NN JJ NNS NN JJ NN NN NN RB VBN IN NN NN JJ NNS NN GW GW NN NN RB VBN IN NN NN JJ NNS NN NN NN NN NN RB VBN IN NN NN JJ NNS NN NN NN NN NN RB VBN IN NN NN NNS , DT VBZ WRB NNS VBP RB JJ CC VBP RB JJ , IN DT NNP POS JJ NN , NN CC NNS . VB RP IN NNP . NN IN NNS IN RBR JJ NN CC VBN NN VBG NNS VBP `` JJ CC JJ , '' WRB PRP VBP VBN IN NNS CC RB VBN NNS ."
348,1292,mainstream,"IN JJ NNS IN DT NN VBP TO VB RP DT NN , PRP VBP RB VBG IN JJ NNS IN NN CC NN IN JJ NNS : NNS WDT VBP RB VBN IN NNS . DT NN , IN DT NNP NNP NNP CC NNP VBD IN DT NN MD VB RB WRB NNS VBN IN NNS , JJ NNS VBD PRP$ NN NNS . RB IN NNS WDT VBD TO VB PRP VBG , NN NNS IN NN NNS VBD VBN IN DT NN CC NN NNS VBN TO VB PRP . RB , NN VBZ VBG IN NNP , NNP CC NNP . NNP VBZ IN NNP NNP , NNP , NNP , NNP CC NNP . DT VBN NN IN NN VBZ VBN VBN IN JJR IN CD NNS . CC NNS VBZ VBG IN DT NN , VBG IN NNP , NNP , NNP , NNP NNP NNP , NNP , NNP , NNP , NNP CC NNP ."
349,148,mainstream,"DT NNP NNPS IN NNP VBD DT JJ NN TO VB RP NN IN DT NN IN DT JJ NN IN NNP NNP NNP NNP VBD IN NN IN VBG VBG NNS IN NN . DT NN VBZ VBN NN IN DT NN IN NNS VBP TO VB DT NN IN DT NN WDT VBZ RB RB VBN JJR IN CD NNS , VBN RB CD CD NNS CC VBD DT JJ NN . NNP NNP NNP NNP NNP VBD VBG DT NN MD VB DT JJS NN NN RB VBN IN DT NNP NNPS VBD NNS IN NN NNS CC DT JJ NN TO VB , VB CC VB DT NN IN NN HYPH CD , DT NN VBN IN DT NN . `` PRP VBP DT JJ JJ NN IN DT JJ , '' NNP VBD DT JJ NN . `` DT NN JJ IN NNP HYPH CD VBZ DT RBS JJ JJ NN NN IN NN . '' `` NN IN PRP VBZ JJ IN DT IN PRP VBP JJ , '' DT NNP NN VBD . `` NNP HYPH CD VBZ DT NNS . NNP HYPH CD RB VBZ DT NN IN NNS RB . '' IN DT NN VBZ TO VB VBG IN NNP CC DT NNP NNPS , JJ NNS VBP RB IN DT JJ NNS IN DT NN CC DT NNP VBZ VBN JJ NNS MD VB IN EX VBZ DT JJ NN CC NN . DT NN VBZ RB IN DT NN TO VB CD , IN DT NNP IN NNP VBG DT JJ NN , IN NNP VBD JJ NNS MD VB IN JJ NN . IN DT NN IN DT NNP NNP , NNS VBD PRP VBD VBN DT NN VBD RB VBN IN NN , VBG NNS IN DT NN MD VB IN DT JJ NN NN VBZ . `` VBZ EX DT NN PRP MD VB NN IN DT , IN NN RB CC RB DT NN . '' NNP VBD . `` PRP VBZ JJ IN PRP . '' CC PRP$ NN VBD VBN IN NN IN JJ NNS WP VBD IN DT JJ NN . `` DT NN IN VBG CC VBG DT NN IN NN NN IN DT NN VBZ JJ , CC PRP$ JJ , '' NNP NNP , NN CC NN NN VBD NNP NNP . DT NNP NNPS VBZ RB DT RBS HYPH VBN NN IN DT NN , IN RB CD NN NNS . IN DT NN TO VB PRP$ NN , DT NNP NN IN NNP MD VB NNS RBR IN JJS IN NNP WRB PRP VBZ NNS IN NNS CC NN NNS TO VB , DT NN VBN IN RB RB IN DT . `` DT VBZ DT JJ NN WDT VBZ VBN RB IN NNS IN NN , '' NNP NNP , NN IN NNP NNP NN , VBD NNP . `` PRP VBZ RB DT JJ NN TO VB . '' IN DT NN JJR IN CD CD NNS VBP RB IN DT NN IN NN CC NN HYPH IN HYPH NN NN RB IN NNS VBP VBG NNS , VBG DT NN IN JJR NNS IN VBG JJ NN . NNPS IN DT NN VBD VBG DT JJ NN IN NNP IN DT NN NNS IN NNP , IN NNS IN NNS IN NNS CC JJ NNS IN NNS CC NNS TO VB DT JJ RB , DT NN IN DT JJ NN . IN DT JJ JJ NN IN NNP , DT NNP NNP , RB VBN IN NNS IN NNS IN NNS IN NNP , VBD VBN IN JJ NNS VBD DT NN HYPH JJ NN NN . `` PRP VBP VBN IN VBG DT JJ NN VBN IN NNS IN DT NN , NN , PDT DT NN . PRP VBP NN RB RB , '' VBD NNP NNP , DT NN WP VBZ DT NN IN NN IN DT NNP NNP . CC IN DT NN NN , NNS CC NNS IN DT NNS VBG NNP , NNP CC NNP , DT NN POS JJS JJ HYPH NN NN , VBP VBN RB IN JJ NN NNS , VBG TO VB NNS IN NNS . JJ CD NNS VBD NN NNS IN NNP IN DT JJS NN IN DT NN IN NNP POS JJ NNP NN , CC EX VBD JJ NNS IN JJ NNS IN NNP . DT NNP VBD IN DT NN IN DT NNP NNS TO VB DT NN IN NNS , CC NNS IN JJ NNS VBP RB VBN IN DT NN IN JJ JJ NNS . VBG NNS CC DT JJ JJ NN IN DT NN VBP RB VBN JJ JJ NNS IN NNP , RB NN NN CC JJ NNS , VBP VBN VBN RB . DT JJ NN VBN IN NNS RB VBZ JJ , IN DT NN VBG PRP$ JJS NN IN DT NNP NNP . NNP NNS VBD PRP$ NNS IN NNS CC VBD IN JJ NNS TO VB DT $ CD CD NN NN , IN NN IN DT $ CD CD NN RB VBN . DT NN MD VB JJ NNS IN DT NN IN NN CC RB HYPH VBN NNS IN DT NN POS JJS NN VBZ , IN JJR IN CD CD NNS VBG PRP$ NNS IN DT NN VBD . IN NNP , DT JJS HYPH VBN NN , NNS VBD IN NN NN IN PRP$ JJ NN WDT MD VB CD CD NNS , IN DT NNP NNP NNP NN VBD IN DT NN IN `` VBG RB JJ , RB JJ '' . DT CD HYPH NN NNP NNP VBD TO VB DT NN POS JJ NN TO VB RP IN DT NN NN IN NNP CD , NNS VBD NNP . DT JJ JJ NNS VBP IN NNS IN NNP RB VBP NNS IN NN IN VBG DT NN IN JJ NNS . CC NNS VBP VBN IN DT JJ JJ NN , CC NNS VBP VBG RP PRP$ NN TO VB IN PRP IN NNP , WRB NNS IN JJ NN VBP VBN VBN RB . DT NNP NNP NNP VBZ PRP VBZ JJ IN DT NNP TO VB IN NNP CD , RB IN NNS IN NNS CC IN JJ NN NN NNS . DT JJ NN NN VBZ VBN JJ NN ."
350,183,mainstream,"NNP NNP RB VBD IN DT NNP NN VBG IN PRP$ JJ NN IN NN , DT RB JJ , RB RB RB JJ , NN IN DT NNS . PRP VBD WRB PRP VBD RB VBN PRP VBD RB DT NN . CC PRP$ JJ NNS IN NN CC `` NN NN '' VBD PRP RB IN DT NN NN , CC RB IN DT NN NN . RB , NNP VBZ JJR RB . CC RB , PRP VBD JJ NN , VBG JJ NN , NNS , CC JJ NNS RB RB . IN PRP$ NN IN NNP , PRP VBZ DT NN IN VBG NN NNS CC NN NNS . IN DT IN PRP IN NN , DT VBZ RB RB JJ NN . PRP VBP RB VBG DT NN POS NN NN , RB VBG VBN IN JJS CD NN VB IN DT NN . DT NN NN VBZ VBN IN DT NNS NNS CD NNS CC JJR . DT NN . NN . CC WP IN DT NN NN . DT NN VBZ RB RB VB PRP IN DT NNS . IN NNP VBD NN , DT VBZ . DT NN NN VBZ RB RB DT NN WDT VBZ NN IN FW , IN NN MD VB VBN IN DT NN IN NNS CC NN . CC PRP VBZ VB NN IN CD IN CD NNS IN DT NN NN , DT JJ NN WDT MD VB NN IN DT NN . DT NN -LRB- JJ NN NN CD -RRB- VBZ VBN IN NNS CC NNS , CC NNS NNS CD NNS CC JJR : DT NN -LRB- JJ NN NN CD -RRB- VBZ VBN IN NNS NNS CD NNS CC JJR , CC NNS NNS CD CC RB WP VBP IN NN IN NN , CC VBP DT JJ NN . NNP RB VBD CD DT JJ NNP . IN PRP VBZ RB VBN IN CC RB PRP VBZ VBN DT NN , DT NN , CC CC , CC IN CC RB PRP VBZ VBN DT NN NN , PRP VBZ VB DT NN IN VBG JJ NNS RBS VBN IN NNS IN JJ NNS . RB RBS JJ VBZ NNP POS NN IN NNP NNP RB IN CD , WRB PRP VBD NNP DT NN IN PRP$ NN NN TO VB IN WRB PRP$ NNS NN NNS VBD VBN IN PRP$ VBG DT NN -LRB- NNS , NNS , NN -RRB- NN . NNP NNP VBZ VBN CD IN DT JJS NN NNS IN DT NN NN , WDT RB VBZ TO VB NN . IN IN DT NNS CC JJ NNS IN VBG NNP NNS IN NN , DT JJ NN IN NNS VBG DT NN IN DT NNP NNPS VBZ VBN IN PDT DT JJ NN IN EX VBP TO VB NNS NNS RB RB . IN NNP CD , DT NNP NNP VBD PRP$ `` NNS JJ '' NN VBG IN DT NNP , CC DT NNP VBZ RB RB RB . NN NNS VBG NN NNS , NN NN NNS , CC NN NN VBP NN JJ , CC VBP TO VB JJR NN IN JJS NNS , NNS , CC RB NN NNS MD VB . RB DT NN RP IN NNS IN CD IN DT RBS JJ NNS IN DT NN MD VB DT NN HYPH JJ NNS DT NN . CC RB PRP MD ."
351,700,conspiracy,"VB RB VB IN IN NNS VBP CC RB , CC IN CC RB PRP VBP NN , IN PRP VBP JJ IN DT RB VBN NN . IN DT NN IN NNS CC NN VBZ NN JJ , TO RB VB IN PRP MD VB PRP VBN IN DT `` NN '' CC DT NN NN IN NNS IN DT NN -LRB- VBN NNS -RRB- WDT VBP DT NN DT NNP VBZ RB RB VBZ , CC VBZ CD NN JJ CC CD NN JJ CD NN IN DT NN . RB IN DT NNS VBP DT IN DT NN , VBP PRP JJ DT NN NN . DT VBZ DT JJ NN , IN CD NN PRP MD RB VB VBZ IN NNS WP VBP NN HYPH VBG NNS -LRB- VBN IN NN RB -RRB- VBP CD NNS RBR JJ TO VB NN IN DT WP VBP RB VB DT NNS . DT VBZ IN DT JJ NN VBN IN DT NNP POS JJ NNS . RB VBP TO VB PRP DT NN HYPH NN NN . NNS IN NNP VBP RB VBN TO VB NNS IN DT , CC VBP PRP VBN TO VB JJR IN DT NNP VBZ , CC PRP VBP DT NN IN DT NNP : DT JJ NNP NNP NNP : WDT VBZ DT NN TO VB RP DT `` NNS , '' RB RB VBG RP PRP$ NN TO VB NN . JJ NN : MD DT NNS IN NN RB VB RP IN NN VBD VBN IN DT NNS , VBG NN NNS . -LRB- IN DT NN , DT NNP VBD WRB PRP VBD NN VBZ VBN VBN IN DT NNS -RRB- . NN VBZ DT NN IN NN IN DT NNP NNS IN NNP IN NNS , NNS VBP RB VBN IN NN . PRP VBZ IN NN CC NN , CC VBZ VBN RP IN DT NN IN NNS CC VBN , VBN CC VBN IN JJ NNS , CC DT IN DT JJ . IN NN , DT JJ NN NN NN -LRB- NNP -RRB- NN IN DT JJ CD NNS IN DT NNP RB VBZ IN DT NN NN NN , IN NN CC NN , VBN IN DT NNP . TO VB WRB NN VBZ JJ IN JJ IN DT NNP , VB IN DT NNP VBP VBN `` VBN RP '' IN JJ JJ CC JJ `` NN '' IN NNS , RB PRP VBP VBN JJR NN IN DT JJ NNS WDT VBP NN , VBG DT RBS JJ NNS . VB DT JJ NN IN DT NN IN NNP JJ NN CC VB TO VB PRP RB PDT DT CD NNP NNS IN NN CC PRP MD VB RB JJ . IN NNS VBD PRP$ JJ NN , EX MD VB RB CD IN DT NNP NN , CC IN NN , EX VBP RB CD , CD IN WDT VBD VBN CC VBN RP IN NNP . VB NN . DT NN RB VBD VB VBN CC VBN NN RB RB . VB NN RB . RB VBP DT JJ CC JJ NNS TO VB . NN VBZ RB CD CD NNS IN DT NN , CC VBZ IN NNS CD IN CD NNS RBR RB IN NNS . IN DT NNP , CD IN DT CD NNS VBZ DT NN IN NN , DT CD NN NN IN RB CD . WRB VBZ DT , PRP VBP VBG PRP . NNP NNPS NNS VBP CD NNS IN NN CD , JJ WDT VBP NNS VBG JJ NN NNS , NN , NN -LRB- UH , NN NN IN DT JJ -RRB- , NN NN -LRB- NN -RRB- CC NN , RB TO VB DT JJ NNS . NN NNS VBP DT JJS NNS IN NN , IN IN CD NNS WP DT NNP VBZ IN DT NN IN NN NN CC JJ NN . NNP VBZ DT JJ RBS JJ NN VBN IN NN . IN IN JJ NNS , DT NNP VBP IN IN DT NNS RB IN DT NNP , PRP VBP RB VBG IN IN CD IN DT RBS JJ NNS IN DT NN NN : NN NN , NN -LRB- JJ NN -RRB- CC IN NN , DT NN -LRB- NNS , NNS , NN NN -RRB- WDT VBD VBN IN DT NNP NN HYPH NN HYPH NN CC JJS JJ NN HYPH NN IN NN , RB . VBG IN NNP VBZ , DT JJ NN NN IN NN NN RB VBZ NN -LRB- CD NN NN -RRB- . DT JJ JJ JJ NNS CC DT NN IN NNP NNS VBP VBN DT JJ NN NNS IN PRP$ NN POS JJ NNS . JJ NNS VBP RB DT NN NNS IN DT , IN NN . CC VBP DT NNP VBG JJ NNP NNS IN NN , NN NN CC NN . DT MD RB VB IN PRP VBP RB VB NN , VB JJ NNS , CC NNS . RB , DT NN VBN JJ NN MD RB VB DT NN IN JJ NN IN JJ NN , CC DT NN VBZ IN PRP . RB , DT NNP VBZ TO VB DT NN NN CC RB RB VBZ JJ NNS , JJ JJ NN NNS , NNS CC JJ `` NNS '' IN NN . PRP VBZ RB IN NN CC JJ NN DT NNS , IN PRP RB VBP NN WDT VBZ RB VB IN DT NN IN JJ CC JJ `` NN NNS , '' IN NN NN NN , NN POS NN CC NN NN ."
352,570,mainstream,"DT NN VBZ DT NNP IN DT RB VBN NN IN DT NNP , WRB PRP VBZ DT JJS NN VBG NNP NNP NNP POS NN TO VB NNS . IN DT NN NN IN DT NNP NNP NNP , NNP VBD NNP POS NN , VBG `` DT NN IN DT NN TO VB DT NN WDT DT NN VBD '' IN CD IN DT `` JJ NNS DT NN VBD IN IN NN . '' `` IN DT JJ NN TO VB DT NN , IN JJS CD NN NN VBD DT NN IN PRP$ NN NNS , IN JJ NNS IN DT JJ NN , '' PRP VBD , VBG NNP IN VBG PRP . NNP VBD NN IN DT NNP HYPH VBN NN IN DT NN IN NNP , VBG `` DT NN IN DT JJ NN IN DT JJ NN IN NNP HYPH CD IN PRP VBZ VBN IN NN . '' DT NN NN NN IN NN TO VB VBN IN NNP IN NNP NN NNS VBZ IN DT NNP NN TO VB DT NN IN DT NN , VBG DT JJ NN POS NNS , '' IN DT JJS JJ NN . '' WP NN NNP NNP NNP NNP VBD DT NN NNP CC VBD TO VB PRP . NNP RB VBD DT NN , CC IN DT NN , VBG DT NN NN `` JJ '' CC VBG DT NNP HYPH VBN NN VBZ TO VB `` RB RBR JJ CC RB RBR JJ . '' `` IN PRP VBP RB VBN IN DT JJ NN , PRP VBP DT RBR JJ NN RB RB , '' PRP VBD . NNP VBD RB VB NNP POS NNS TO VB DT NN , CC VBD NNP . RB , NNP VBD IN NNS IN JJ NNS VBD JJ NNS CC NNS TO VB DT JJ NN . DT NN , PRP VBD , `` DT NN VBZ RB VB DT NN , DT NN , DT NN , DT NN CC DT NN . PRP VBZ TO VB , VB CC VB DT NNS CC NNS PRP VBZ : VBG NNP . '' JJ JJ NNS VBN IN NNP TO VB VB DT JJ NN , VBG JJ NNP NNP NNP CC JJ NNP NNP NNP , VBD NN IN DT NNP . PRP RB VBD NN IN NNP , WP VBD IN DT `` JJ NN TO VB JJ CC JJ NN IN NNP . '' NNP VBD NNS TO VB NNP IN JJ NNS IN VBG DT NN NN VBN EX MD VB DT `` JJ JJ NN . '' NNP VBZ DT IN DT VBG NNS IN DT JJ NN IN DT NN , IN CD RB IN JJ NNS . IN DT JJ NNS IN NNP POS NN VBP JJ , PRP MD RB VB DT NNP , WDT VBZ VBN NNS TO VB NNS IN DT JJ NN CC VBD JJ IN NNS IN PRP VBD TO VB JJ NN IN DT NN . `` NNP HYPH CD NN NN CC NN IN NNP , WRB JJ , MD VB VBN DT JJ JJ NN , '' NNP VBD DT NN . `` DT MD VB NNP POS NN IN VBG NN NN CC NN IN VBG NNS . '' NNP VBD IN NNS VBG IN VBG NN NN IN DT `` JJ JJ NN '' IN DT NN IN DT NN IN DT NNP HYPH CD NN . IN DT NN IN DT NN VBZ JJ IN DT NN , JJ JJ NNS MD VB JJ IN JJR JJ NN NNS CC JJ NNS TO VB PRP$ NNS CC VB PRP RBR RB JJ . NNP POS NN VBZ `` RB JJ '' VBD NNP NNP , JJ JJ CC NN NN IN NNP NNP NNP , WDT VBZ JJR NN NNS . IN CC DT NN CC NN NN , NNP VBZ `` TO VB RB IN NN TO VB DT JJ JJ NN . '' CC PRP VBZ DT NN IN DT NNP , NNP VBD , DT MD VB JJ IN VBG NNS IN WRB NNS VBP . NNP NNP CC NNP NNP VBD IN DT NN ."
353,1277,mainstream,"IN PRP VBP VBG TO VB IN DT NNP , PRP MD VB TO VB VBN IN DT IN DT JJ NNS VBN IN JJ NNS IN DT NN . NNS VBP JJ TO VB PRP IN NNS JJ IN JJ NN , NN CC NN NN . IN DT NNP , DT NNP JJ NN -LRB- NN -RRB- NN VBZ PRP IN DT NN IN NNS , CC VBZ RB VB DT IN DT JJ NNS VBN RB . WRB MD PRP VB VBG IN DT NNS PRP VBP . IN JJ , VB DT NN CC DT JJ NN NN IN JJS CD NNS IN PRP VBP JJ TO VB . DT NNS VBP TO VB VBN RB IN NN TO VB PRP$ NN TO VB NN . CC DT NNS VBP DT NN IN NNS VBN IN JJ NNS CC NNS . PRP MD VB RBR IN NN IN DT NNS , IN NN , IN PRP VBP : NFP IN DT JJ NN RB IN DT NN NN IN PRP VBP DT VBG NN NN , DT MD VB PRP RBR IN NN IN NN CC NNS IN DT NN HYPH JJ NN . WDT NN NNS VBP PRP VB . PRP MD VB RP WDT NNS VBP JJ CC VBN IN DT NNS PRP MD VB VBG IN DT NNS : DT NNS VBP NN IN NN -LRB- IN NN , IN NN CC JJ NN NN -RRB- , WDT MD VB VBN IN DT JJ NN IN NN CC NN -LRB- NN -RRB- IN PRP VBP CC WRB PRP VBP DT NN . NNP NNP VBZ NN IN NN IN JJ NNS IN NN IN NNS VBG IN DT NNP CC NNP NNS . RB IN DT NN VBZ RB VBN , PRP VBZ RB DT JJ NN TO VB DT NN IN DT NNS PRP VBP VBN IN PRP . VB RP JJR IN DT NNS JJ IN NNS RB WRB VBP PRP VB PRP$ NN NNS . RB , NN CC VB DT NN NN CC NN NN TO VB RP IN PRP$ VBG NNP NNS VBP IN HYPH IN HYPH NN . IN PRP VBP DT NNS IN PRP$ NNS , VB DT NN VB WP PRP VBP VBN RB . PRP MD RB VB IN DT NN NN VBZ VBN RP TO VB JJ NNP NNS IN NN , IN RB DT NN NNS VBP . IN DT NN NN VBZ RB VB NNP NNS IN NN , PRP MD VB DT : DT NN CC NN NN MD VB JJ TO VB PRP JJ NN IN NN NNS CC NN NN , JJ IN VBG PRP IN NN . PRP MD VB PRP DT JJ NNS IN PRP$ NNP NNS IN PRP VBP PRP . RB DT NN NNS VBP JJ JJ IN DT NNP , RB IN PRP VBP VBN IN NN IN DT JJ NN . IN DT NN NN VBZ VBN RP TO VB NNP NN NNS , DT MD VB VBN IN PRP JJ IN NN . JJ JJ NN NNS MD VB VBN IN IN DT NN . IN DT NN NN MD VB PRP DT NN NNS PRP VBP CC PRP VBP RB JJ IN DT NNP , VB IN : NFP VBN NN IN WP NNS VBP VBN NFP DT NN IN DT NN CC NN , DT JJ NNS PRP MD VB TO VB , JJ IN IN DT NNS IN NN DT VBG NN NNS VBP JJ JJ IN DT NNP IN PRP$ NN NN VBZ VBN RP TO VB NN -LRB- NN -RRB- NNS . DT NNS VBP JJ IN PRP VBP IN NNS VBN TO VB DT JJS NN IN JJ NN IN PRP VBD VBN IN DT NN . WDT NN NNS MD PRP VB TO VB IN . PRP MD VB TO VB IN NN NNS IN : JJ NN NNS VBP RB JJ IN VBN NNS . DT NN IN NN NNS WDT VBP RB JJ IN DT NNP MD VB , VBG IN DT NN CC NN IN NNS PRP VBP . PRP VBZ JJ VBG DT WRB VBG IN PRP$ NN . JJ NNS TO VB EX VBP JJ NNS TO VB WRB VBG PRP$ NN NNS , VBG : NFP PRP$ NN CC NN : PRP MD VB RBR JJ IN NN IN NNS , DT NNS MD VB VBN IN NNS IN JJ JJ NNS NFP VBG IN DT NN NN : PRP MD VB IN NN IN JJR NNS IN DT NN NN CC VBG IN DT JJ NN , VBG IN DT JJ NN : DT NN , NN CC DT NN NN MD VB JJ NNS , NN IN NNS : PRP MD VB RBR IN NN IN VBG NNS VBN IN NNS , JJ IN NN IN PRP VBP RB VBG IN NNS IN JJ CC JJ NNP , NNP NNP CC NNP , PRP VBP JJ TO VB DT NNS . CC PRP VBZ JJ TO VB IN PRP VBP IN HYPH IN HYPH NN IN JJ NNS JJ IN DT NNP . VB IN DT NN IN VBG DT NNS IN : NFP PRP VBP PRP MD VB JJ IN JJ NNS , PRP VBZ JJ DT NN VBN IN PRP VBP JJ CC NN MD VB NNS IN DT NN . CC DT NN MD VB JJ TO VB PRP JJ NN IN DT ."
354,531,conspiracy,"PRP VBP VBN IN DT JJ NN IN DT NN HYPH CD NN MD RB VB DT `` NN HYPH NN IN JJ NN IN JJ JJ NNS IN NNS VBP VBN PRP$ NNS , '' CC DT JJ NN VBZ VBN IN NN . PRP VBD IN RB CD NNS RB , CC RB IN JJR NN NNS IN DT NN , NNS VBP JJ CC JJ IN NNS , VBP VBN PRP$ NNS TO VB IN DT NNS TO VB DT NN POS VB HYPH IN HYPH NN NNS . IN NNP DT NN -LRB- NNP CD SYM CD -RRB- , NNP NNS WP VBD DT `` JJS NN RB '' VBP IN NN IN PRP$ NNS IN NNS , VBD IN JJ NN NN NNS , VBG PRP$ JJ NN NNS VB NN NNS . RB PRP VBP VBG TO VB IN NNS VBD RB VBN IN DT NNP CC VBD RB VBN IN NNP , RBR RB IN JJ NNP . NNS IN NNS VBD NN NNS IN NNP , JJ IN DT JJ NN VBD VBN IN `` JJ NN . '' NNP NN VBD DT NN VBD VBN IN `` DT JJ NN NN . '' RB CD NNS VBN IN DT NNP HYPH NNP HYPH NNP NN IN NNP POS NN IN NNP NN TO VB IN DT NN POS NN NNS . JJ NNS VBD RB VB IN JJ NN NNS , JJ IN VBG NNS CC VBG CD NNS RB IN CD DT , WP VBD VBN IN NNS IN JJ NN . NNP VBZ RP IN CD NN VBD DT NN WDT VBD , `` NN VBZ NN , '' VBG IN WRB NNPS MD RB VB VBN TO VB DT NN HYPH CD NN RB VBN . NNPS VBP RB JJ IN NN NNS MD RB VB VBN TO VB CC RB VB IN IN DT NN . DT NN RB VBD JJ NNS VB RP IN NNS CC NNS , IN DT NNS VBN CC VBN RB IN NN NNS . CC RB PRP MD VB NN WRB JJ NNS IN DT NNP VBP RB VBN RP PRP$ NNS , IN IN DT NN IN JJ NN VBG IN JJR NN NNS RB . DT NN VBD VBN : NNP , NNP CD , CD IN CD NN"
355,21,mainstream,"VBG RB IN DT NN NNS VBP JJ . PRP VBP PRP IN PRP VBP DT NN CC VBP IN NN POS NNS , WDT VBZ PRP DT NN NN IN DT NN POS NN NN . IN DT NN VBZ JJ JJ NNS IN DT NN , PRP VBZ RP DT NN NN IN DT NN NN . CC IN DT NN VBZ DT NN NN , PRP RB VBZ NN TO VB PRP CC VB DT JJ NN IN DT NN NN MD VB RP . DT VBZ WRB NN POS JJ NN IN DT JJ NN MD VB RB JJ . DT NN NN VBZ RB RB RB VBN DT JJ NN : WRB PRP VBZ VBN DT NN RB , PRP VBZ DT JJ NNS NN VBN IN DT JJ NN , JJ TO VB DT JJ HYPH NN NN IN PRP VBZ RB VBN RB . RB , DT JJ NN DT NN VBZ RP IN PRP$ NN , DT NN MD RB VB DT JJ NN NN . TO VB NN NN , DT VBN NN MD , IN NN , VB JJR IN CD NN -LRB- IN RB , PRP VBZ RB JJ TO VB PDT DT NN , IN DT JJ NNS VBP IN DT NN CC NNS VBP RB , DT JJ NN NN MD VB JJR IN CD . -RRB- IN DT NN NN VBZ IN CD , DT NN VBZ NN NN . DT MD RB VB DT CC DT NN , CC PRP MD VB DT NN IN VBG RB . JJ IN PRP$ NNS IN NN NN VBP IN DT NNS , IN PRP VBZ RB JJ . DT RBR JJ DT NN VBZ , DT JJR NNS WP VBP TO VB JJ TO VB NN NN . CD NN IN NNS , IN NN , MD VB IN IN CD JJ NNS IN DT JJ NN . TO VB DT NN NN PDT DT NN RB IN JJR IN CD , RB NN IN DT NN VBZ TO VB IN DT NN IN DT JJ NN CC DT JJ JJ NN . DT VBZ WRB NNS VBZ PDT DT JJ NN IN NN NN : RB CD NN . DT NN VBZ CC NNS IN VBG DT NN NNS VBP DT NNS NN IN DT NN IN DT NN RB VBG TO VB RP DT NN PRP , WDT VBZ WRB NN NN VBZ NN WDT VBZ RB VBN IN NN RB IN NN . IN NN , RB CD NN IN NNS NNS VBP NNS JJ IN NNS , NN , CC NN , VBG IN RB CD NNS IN DT CD NNS IN DT NNP VBG DT JJ NN IN NN MD VB DT JJ NN TO VB NN NN IN DT NNS . `` DT NN IN NN VBZ IN UH HYPH PRP VBZ VBN PRP RB , RB IN NN , '' VBZ NNP IN DT NNP IN NNP . PRP VBZ RB IN IN NN NN VBD RB VBN IN DT JJ NN , VBG NNS RBR JJ IN DT RBR JJ NNS WDT VBP IN NN , PRP VBZ . NN NN RB VBZ RB NN WDT MD VB IN DT NN . PRP VBZ RB VB WRB JJ NNS VBP VBN IN NN , IN NN : IN NN WP VBZ RB VBN NNS IN DT JJ NN , PRP MD RB VB VBN , IN NN VBZ IN NNS IN IN DT JJ NN . DT NN MD VB VBN IN NNS IN NN NN TO VB DT JJ NN . NN RB VBZ RB RB VB RB RB . NNP VBZ RB RB IN PRP MD RB VB IN DT JJ NN , VBZ NNP NNP , DT JJ NN NN IN DT NNP NNP IN NNP IN NNP . RB VBG NN VBZ RB DT VBG NN IN NN CC NNS , WDT VBZ WRB DT NN NN POS NN VBZ TO VB DT NN WDT MD VB RB , PRP VBZ . WP VBZ DT VB IN NN . CD JJ NNS RB VBP IN NNS , VBZ NNP , CC PRP DT VBP DT JJ NN , IN PRP VBP RB VB JJ IN DT NNS IN RB RB . IN DT JJ NN VBZ JJ , DT VBZ IN NNS MD VB TO VB RB VBN CC VBN IN NN NN TO VB VBN . DT NNS VBP NNS IN DT JJ NN IN NNS WP VBD JJ RB IN PRP VBD RB VBN . PRP VBZ RB JJ , RB , IN DT VBP RB NNS IN NN : PRP VBZ RBR JJ IN PRP MD VB VBN IN NNS VBG TO VB DT NN IN DT JJ NN , CC IN DT NN IN NN NN VBZ IN NN . JJ NN VBZ , IN RB , `` DT JJ NN , '' NNP VBZ . IN NNS VBD JJ TO VB JJ RB RB RB , PRP MD RB VB DT JJ NN IN NN NNS WDT VBZ VBG IN JJ NNS IN DT NN . CC PRP MD VB IN RB DT JJ NN WDT PRP VBP VBN IN , PRP VBZ ."
356,1307,mainstream,"DT NNP NN VBG VBN IN NNP NNP MD RB VB NNS VBG VBN IN DT NN , NNS VBP . DT JJS NN NNS IN DT `` JJ NN '' NN VBN RP VBG CD NNS VBN DT VBD RP TO VB DT NN NN . NFP VB PRP$ NN JJ NN IN DT JJS NN CC NNS DT NNS VBP IN NN NN NNP VBD PRP MD VB CD CD NNS IN DT NN IN NNP IN PRP VBZ CC DT NNP MD VB DT JJ TO VB PRP . NNP VBD PRP$ JJ NN IN JJ NNS DT NN , IN NN VBD VBG VBN PRP$ NN NNS IN NN . RB , VBG DT NN IN JJ NN NNS PRP VBD VBN DT NN VBD JJ TO VB NNS IN VBG NNP HYPH CD . IN DT NN , NN IN DT VBN NNS VBD NN WDT VBZ IN , IN RB VBG DT NN , PRP MD VB RB JJ . DT NN VBZ VBN DT TO VB DT NN IN DT NN CC IN JJ IN PRP MD VB JJ TO VB DT NN IN DT NN . NNP NNP NNP , DT JJ NNP NNP NNP NN , VBD : `` DT IN DT VBN NNS VBN IN DT JJ NN VBD VBN WRB VBN , IN VBN IN NN IN NN JJ NN IN JJ NNS . '' PRP VBD IN DT NN IN NNP : `` EX VBD DT NN IN DT NN IN JJ NN VBN IN DT NN IN DT VBN NNS IN VBN IN DT JJ NNS . WDT VBZ TO VB , DT VBN NNS VBD VBN . '' NNP NNP , NN IN JJ NN IN DT NNP IN NNP , VBD DT NNS VBZ DT NN MD RB VB JJ TO VB DT NN IN DT NN , VBZ DT NNP . `` DT JJ NNS IN DT NNS IN VBN CC JJ NNS VBD JJ VBZ RB JJ . IN DT JJ VBD IN NNS , NN MD RB VB NN , '' PRP VBD . `` PRP RB VBP IN DT NN MD VB DT JJ NN IN DT JJ JJ NNS IN DT NNP NN . '' DT NNS IN DT NN NN NNS VBD VBN RP IN DT NNP NNP IN NNP POS NNP NNP NNP IN DT NNP . CD NNS VBD VBN IN JJ NNS IN DT NN CC RB VBN IN DT NN . DT NN NN IN CD JJ NNS VBD RB VBN . DT NNS VBD RB VBN IN CD NNS IN NNS IN VBG NNP HYPH CD . RB , NN IN DT VBN NNS VBD NN WDT VBZ PRP MD VB IN DT NN JJ ."
357,408,conspiracy,"JJ NNS VBP VBN DT NN IN JJ NN CD -LRB- NN -RRB- CC NN IN JJ NN NNS CC NN NNS , JJ NN , CC NN POS NN , RB JJ IN DT NNS VBD JJ CC VBG NN NNS , WDT VBD PRP JJ TO VB IN PRP VBD JJ . RBR , DT NN IN DT NN NNS IN NNS VBZ VBN IN DT NN IN NN NNS . VBG IN JJ NNS , IN CD IN CD JJR IN CD CD NNS CC NNS IN DT NNP NNPS VBD VBN RB IN JJ NN IN IN NN HYPH VBN NN NNS . DT NNS VBD RB VBN IN JJ JJ NNS CC JJ NN NNS VBN IN DT NNP JJ NNS IN CD IN CD RB VBD JJ NN . NNP VBZ VBN VBN TO VB DT JJ JJ NN NN -LRB- NN -RRB- NN CC IN NN NNS , DT NNS VBN IN NNP VBD JJ NN NNS , JJ NN , NN NNS , CC JJ NNS . DT JJ NN IN NN NN NNS IN NNS VBZ RB VBN IN EX VBZ DT NN IN NNS IN WDT NNS VBD VBN NNS CC DT NN IN JJ NN IN JJ NNS IN NN . PRP VBZ RB JJ TO VB JJ NNS IN NNS IN NN NN IN DT NN IN NN . NN IN JJ NN NNS VBZ IN NN NN VBZ VBN RB IN JJ NN CC NN NNS , JJ NN , CC NN POS NN . RBR , NNP MD VB DT NN IN DT NN IN DT NNS . VBG IN CD NN , EX VBZ JJ NN NN IN NN NN MD VB IN NN IN NNS IN JJ NNS . JJ NNS VBP VBN TO VB WRB NN VBZ VBN CC WRB PRP VBZ IN JJ NNS . NNP NNP NN : JJ IN DT NN NN VBZ RB RBR VBN IN NNS , RB IN NNS . DT NN VBZ RB JJ CC RBS VBP TO VB IN DT NN IN RB VBG DT JJ NN TO VB PRP IN NN IN DT NN IN NNS . DT MD VB RB NN WDT VBZ DT . PRP VBD DT NNS TO VB PRP IN NN IN NN CC RB PRP VBD DT NNS IN DT JJ NN WDT MD VB RB CD DT NN IN DT NNP NNPS . DT VBZ RB JJ IN NN MD VB VBN IN JJS NNS RB IN VBG NN IN PRP$ NN . IN PRP VBD CD IN DT NNS WP VBD DT NN PRP MD VB NN JJ TO VB PRP$ JJ NN . VBG PRP$ NN IN NN HYPH CD NNS CC VBG DT NN HYPH CD NNS MD VB DT JJ NN IN VBG DT NNS IN NNS . VBG JJ HYPH NN NN NN VBZ DT JJ NN TO VB DT JJ NN NNS IN NN CD . WRB VBG PRP$ NN NN CC NN NN NN , PRP VBZ JJ TO VB IN RB DT NNS VBP DT JJ . IN PRP$ NN , CC IN PRP$ JJ NN IN PRP$ NNS , PRP VBP VBN IN LS -RRB- DT JJ NN VBZ JJ IN NNS , LS -RRB- IN JJ NNS RB VBP JJ IN NNS , LS -RRB- IN DT NNP POS NN IN NN NN , NN NN NN VBZ IN DT JJ NN CC NN . PRP VBZ RB RB DT JJ NN IN DT NN IN JJ JJ NN , CC RB IN DT NN PRP VBZ DT JJ NN IN JJ NN WDT PRP MD VB , RB PRP RB VBP DT NNP POS NN NN CC NN NN NN JJ IN NNP , PRP MD RB VB PRP$ JJ NN NN NN TO VB IN PRP VBP PRP . RB WP VBZ DT NN IN NN NN CC NN NN NN . IN JJ , NN NN MD VB VBN IN JJ NN NNS CC JJ NNS , IN NN NN NN MD VB VBN IN JJ NN NNS CC JJ NNS . NN NN NN VBZ JJ IN NN NN -LRB- CC NN NN -RRB- : DT IN JJ NN NNS VBP RB RB VB JJ NN NN RB , IN JJ NN , PRP$ NN NN VBZ RB JJ , IN NN VBZ CD IN DT JJ NNS IN VBG DT NN , IN PRP VBP RB JJ NN NN IN DT JJ NN NNS , PRP VBP VB VBG . DT JJ NN IN CC NN NN CC NN NN NN VBZ CD NN IN DT CD NNS IN NN NN RB ."
358,28,conspiracy,"WRB DT NNPS VBD DT NN NN VBD VBG TO VB RBR IN DT NNP VBN NNP , PRP MD RB VB . PRP VBD DT NN IN DT NNP WRB NNPS VBD JJ JJ NN , CC PRP VBZ DT RB JJR NN IN DT NNP WRB NNP NNP CC DT NNPS VBP VBG DT NN . DT NNP NN IN NNP NNP VBZ RB JJ CC JJ IN PRP VBZ JJ RB DT JJS NNP VBG NNPS MD VB IN NN IN NN . WRB VBP DT NNPS VBG DT NN NN WDT VBZ RB DT NN IN DT NN . DT NNPS VBP VBN IN PRP$ NNS , NNS CC NN MD VB VBN IN DT JJ NNP NN . DT NNPS VBP RB VB DT JJ NN CC VBP RB VB DT JJ NN TO VB VB DT NNS IN DT JJ NN JJR . DT PRP VBP VBZ NN NN , JJR NNS IN NN CC JJ NN CC JJ NN VBN RB IN NNS WP PRP VBP TO VB RB . DT NNP NN VBZ VBG VBN . RB , DT JJ NN HYPH DT HYPH NN IN JJ NNS NN VBZ VBG RB , RB . VBZ IN DT NNPS MD VB TO VB IN JJ NN CC NN NN TO VB TO VB . DT VBP PDT DT NNS DT NNPS VBP VBN CC JJ IN NN CC NN IN PRP$ NNS , NN CC RB NN IN NNP VBZ RB . DT NNP VBZ TO VB DT JJ NN NN DT NN VBZ IN NN . PRP VBZ VBN RP DT NN NN , WDT VBZ JJ NN NN IN NNS . NNS IN NNS IN NNS VBP VBG VBN IN DT JJ JJ NN IN DT JJ NN . IN DT NNP VBZ DT , VBZ DT NN VB . VB NNP NNP IN NNP IN PRP VBZ IN DT NNS CC JJR IN DT NNP NNP NNP HYPH NNP . JJ NN NNP NNP VBZ DT NN IN DT JJ NNP NN . VBZ WP DT NN VBG IN DT NN NN DT JJ NN NN . NNP VBZ DT JJ `` UH '' CC MD VB WRB IN NN ."
359,286,conspiracy,"RB PRP VBP VBN NN CD IN DT NN NN , VBG RB RBR IN IN DT JJ NNS IN DT JJ NN IN NN . IN VBG DT NNS IN NNP IN NNP IN NNP CC DT NNP NNP NNP IN NNP , IN IN NNS IN NNS IN NNP , DT NN RB VBZ IN DT JJ NN IN DT NNP NNP , CC NNS RB . IN NNPS VBP IN DT JJ NN VBN IN DT JJ NN `` VB JJ CC VB RP '' , DT NN HYPH VBN NNP VBZ RB VBN IN DT NN POS NNS IN DT NNP VBD RB IN NNP NNP IN NNS JJ IN DT NNP NN VBD TO VB DT CD NN IN VBN NN NN CC NN HYPH CD VBD IN DT CD NNS NN . DT NN NN IN DT NN NN IN NNP VBZ DT NN IN DT NN HYPH NN , UH NNS . RB , EX VBZ VBN RB RB CD NNS RB RB IN DT JJ NN , DT JJ NN IN DT NN IN DT RB HYPH NN NN . JJ NN VBZ JJ RB RB WP PRP VBD TO VB , WRB DT JJ NN NNS NNP , NNP CC NNP VBD JJ NNS IN NNS IN JJ JJ NNS CC NNS VBN IN NN NNS TO VB NN IN PRP$ NN HYPH NNS CC TO VB NNP NNP POS JJ JJ NN NN . NNS IN CD JJ NNS CC JJR IN CD JJ NNPS VBD IN DT JJ NN NNS IN NNP NNP IN IN NNS JJ IN DT JJ NN . DT VBD DT NN IN DT JJ NN NN IN DT JJ NN . DT NN IN NN UH , NNS . RB VBN RB VBZ DT NN IN DT JJ NN IN NN NN , WDT VBZ VBN DT NNP NNS , IN DT NN VBD RB RB NN IN RB VBN IN DT RB HYPH VBN NN . WP VBD JJ NN IN NNS VBD RB RB JJ NN IN PRP VBD DT VBN `` NN '' VBN IN NNP CC RB DT NNP , NN CC NN , WDT VBZ DT JJ NN CC NNS , RB IN JJ NNS . PRP VBZ RB IN NNS VBP RBR JJ IN NN HYPH CD CC RB IN PRP VBP JJR CC VBP JJR NNS IN NNS . DT JJ NNS IN NNS IN NNP VBP NN CC JJ NNS , CC RB DT JJ NN IN NNS POS NN VBZ NN . IN IN DT NN HYPH VBN NN NN , PRP$ NN VBD VBN IN DT JJ NN IN NNP IN DT NN IN DT JJ NN IN VBG RP DT NN IN DT JJ NN IN JJ VBN NN NN . DT NN NN IN JJ NN IN DT NNP VBZ NN IN DT JJ NN IN DT NN WP VBZ IN JJ NNS CC WP$ NN VBZ VBN IN JJ JJ JJ NN NN , NN JJ IN DT NNS CC NNS VBN IN JJ NNS CC VBN IN NN . DT JJ NN IN DT NN IN DT JJ NN NN NN , WDT VBP VBN NNP CC JJ NN , VBZ DT NN NN IN NN NN IN JJ NN . RB , DT DT NN , PRP MD VB IN JJ HYPH VBN NN IN DT JJ NN IN DT JJ NN NN IN JJR NNS NN HYPH VBN , WDT VBZ IN PRP$ JJ NNS VBP VBN IN IN JJ HYPH NN NN IN NN . NN IN JJ NNS VBZ DT JJ CC JJ NN IN DT RB JJ NN IN JJ NN NNS CC RB RB RB IN DT JJ NN VBP IN DT JJ NN IN NNP NNP IN NNP NNP . RB , DT RBS NN HYPH JJ NN NN IN JJ NNS , IN NN IN VBG DT NN NN , VBZ TO VB RP PDT DT JJ NNS CC VB DT NNS IN JJ NNS . EX VBP DT JJ JJ NNS RB CC RB IN DT NN , CC RB PRP VBZ NN IN NN , WP MD PRP VB . JJ NN . PRP VBP VBG RB RB JJ IN DT . WP IN DT NN NN IN NN , IN NN DT NN NN IN NN JJ NN NN . DT NN VBZ IN NNP CC NNP , WRB NNP VBN TO VB CC NN NNS VB JJR IN DT NNS IN CD NN , NNS IN IN JJ NN CC JJ NN . DT JJ NN IN DT NNP NNP NNP NNP -LRB- NNP -RRB- VBD IN JJ JJ NNS VBP VBN RB NN HYPH CD NNS IN CD IN DT JJS NNS . DT CD HYPH NN HYPH JJ JJ NN IN NNP NNP , IN WDT NNP VBZ DT NN , VBD VBN IN NNP CD IN NN NNS . RB , PRP VBD RB NNP POS NN CD , WP VBZ RB TO VB VBN . DT NN VBZ JJ IN DT JJ NN VBZ DT NN IN NN IN NN IN DT NNP NNP NNP NNPS IN NNP , VBN NNP CD SYM CD . RB , DT NN CC NN IN DT NN VBD RB VBN , DT NNS VBG JJ IN VBG IN DT NN VBD VBN IN CC IN DT CD NNS WDT VBD NNS IN DT JJ NN CC NN NN , CC RB IN PRP MD VB VBN IN DT NN NN IN DT NN IN NNP . DT NN NN IN NNS IN NNP NN NNS IN NNP , NNP NNP , VBZ RB TO VB RB IN DT NN POS CD NNS VBG IN NNP . DT NNS WP VBD VBN NN IN DT NNS VBD RB JJ IN DT JJ NN NNS IN PRP$ VBN NNS . DT NN NNS VBP JJ IN DT VBG NN IN JJ NN IN JJ NN NNS , WDT DT NN NN IN VBN JJ NNS CC JJ NN . DT NN IN JJ NNS NNS IN IN CD CC CD NN NN HYPH NNS , RB IN NNP NN NNS , VBZ RB VBN VBN , RB IN IN JJ NN NNS . DT NN IN DT NN HYPH CD NNS IN NNP VBZ JJ NN , IN DT NNP NNS VBG DT JJ NN IN NN IN DT NN HYPH NN . DT RB HYPH VBG NN NN IN DT NN NN IN NNP HYPH VBN NNS VBZ VBN VBN RB IN JJ NN NNS IN DT NN IN CD JJ NNS , CD DT NNP NN IN NNP CC DT JJ VBN IN NNP -LRB- VB DT NNS IN NNP NNP -RRB- . JJ NNS IN DT NN NN VBD NNP POS NN TO VB DT NNP HYPH VBN NNP NNP NNP NN NN IN NNP . RB DT JJ NN NN VBZ VBN VBN , VBG IN RB DT NNP CC NNP NNPS NN -LRB- NNP -RRB- TO VB NNS IN PRP$ NNS . RB IN JJ , NN VBZ VBN DT NNS RB IN VBG NN IN DT NN . PRP VBZ JJ IN DT JJ NNS IN NNP CC NNP VBP VBN TO VB JJ NN RB IN DT JJ HYPH NN JJ NN IN DT JJ NN CC PRP$ VBN NNS . DT IN DT RBR JJ NNS IN DT NNS VBP JJ NN IN NN HYPH NN CC JJ NN IN DT NN NN , RBR RB VBN IN VBN NNS . DT NN IN NNP , CC NN IN DT NNP NNP , VBZ TO VB DT NN IN NNP IN CD IN DT JJ NNS IN DT NNP NN VBZ DT JJ NN IN DT NNP , VBG DT NNP VBZ VBN IN NN . DT NN VBZ , IN RB IN DT JJ NN IN NNS CC DT JJ NN . IN PRP VBP RB VBN JJ IN DT NNS IN JJ NN VBN IN PRP$ NN HYPH NNS IN DT NNP , CC VBN IN PRP$ JJ NN CC NN IN DT CD JJ NNS IN NNP , EX VBP RB VBN NNS WRB PRP VBP VBN IN RB HYPH JJ NN IN PRP$ NNS , IN NN , DT NN IN DT JJ NNP HYPH CD CC NNP HYPH NNP NNP NN IN DT NNP NN TO VB NNP NNP , PRP$ NN IN DT NN IN NNP VBD RB VBN IN JJ NNS , CC NNP POS NN IN NNP NNP NNP POS NN TO VB NNP NNP IN DT NNP NNP . IN IN DT JJ JJ NN IN DT JJ NN IN NNP HYPH CD VBD VBN IN NNP NNP , WDT VBZ PRP `` IN DT JJ NN '' IN NN . IN NNP RB VBD RP DT NNP IN DT NN IN DT NN , JJ NN NNP NNP VBZ VBN DT JJ NN VBG DT NN IN DT NNP , VBG IN DT NNP NN VBD VBN IN CD IN DT NNP NNP NN IN NNP , NNP , VBN IN DT NNP NNP NNP CC NNP NNP -LRB- NNP -RRB- . DT JJ NN NN VBD IN NN NNS IN DT JJ JJ NN VBD DT JJ NN IN DT NN HYPH NN NN IN JJ JJ NN NN NNP NNP CD NNS RBR . VBG RP IN NNS VBN IN NNP IN NNP , NNP VBD IN DT NN HYPH NN NN IN DT NNP NNP NNS HYPH NN NN IN JJ NNP CD . PRP$ NNS VBD VBN RP IN NNP NNP JJ NN NN . DT NN NN VBZ VBN IN NNP VBG VBN IN DT JJ NN IN DT NNP NNP IN NNP CC NNP NNPS , VBG PRP VBZ VBN IN NN IN JJ NNS IN JJ NNS WP VBP RB VBN , RB RB DT NNS IN NNP WP$ NN IN NN NNS IN NNP HYPH CD VBD VBN IN DT NNP NN . IN VBG RP IN PRP$ NNS , DT NNP -LRB- NNP -RRB- VBD JJ NNS IN DT JJ HYPH NN NN IN JJ NN IN DT NN NN , VBG DT NNP NNP NN NN IN JJ NNS NN NNP NNP . VBN IN NNP CD , RB CD NNS JJ IN NNP POS JJ NN IN DT NNP , PRP VBD , `` VBN DT JJ NN IN DT NN , PRP DT VBZ RP IN DT JJ NN , DT NN IN DT JJ NN IN NN NNS IN DT NNP , IN DT NN IN NNP MD VB VBN , CC DT NN IN EX VBP RB DT NN IN NNS VBN IN NNP VBZ DT NNP NNP CC VBZ DT JJ JJ NN . DT VBZ DT JJ NN IN DT NNP NNP CC PDT DT VBZ IN PRP$ NN . NNP VBZ NN IN PDT DT NNS IN PRP VBZ VBG DT JJ -LRB- NN -RRB- NN IN DT NNP NNP . '' DT , RB VBN , VBZ JJ IN , IN DT JJ NN IN PRP$ NN IN DT JJ HYPH NN NN NN NN IN DT JJ JJ NNS NNP CC NNP , IN NN IN DT JJ NNS VBG TO VB NNP NNP POS JJ NN VBG DT NNP NNP . IN DT NN HYPH RP NN IN NNP CD , NNP VBD `` DT NN IN NN VBZ DT NN NN CC JJ NN VBN IN JJ NNS . IN DT NNS IN NN IN DT NN VBP IN DT NN MD VB IN NNP , PRP MD VB . PRP VBP EX VBZ DT JJ NN VBG RP . DT NNS VBP DT JJ HYPH JJ NN . RB NNP VBZ RB DT JJ NN , PRP$ NNS VBN . NN NNS MD RB VB TO VB IN DT NNP . DT VBP NNS IN DT JJ NN , RB VB RB VB IN DT NNS RB , IN VBP RB DT NNS WP VBP NNP RB , VBG NNP NNP . WP VBZ VBG RP VBZ DT JJ NN VBN IN NNP VBG DT NNP , DT NN . '' DT VBZ RB VBN IN DT JJ NN , IN VBG JJ NNP NNP POS NN IN DT NNP NNP IN WDT DT NNP IN NNP , DT NNP NNP CC NNP HYPH CD RB VBP JJ NNS IN JJ NN CC JJ NN IN PDT DT NNS . DT JJ JJ NN HYPH NN MD RB VB DT NN IN DT NN HYPH VBN JJ `` NN '' IN NNP NNS IN DT NNP IN NNP , IN DT NN VBN IN JJ NNP HYPH CD NNS , IN DT NN TO VB DT NN IN IN NNP RB IN NNP . RB DT NN NN VBZ VBN VBG DT NNS IN NNP NNP , VBN IN DT NNP NN IN DT NNP NNP NNP IN NNP CC NNP , VBG DT NNP HYPH CD CC JJ NN NN IN DT NN NN . DT NN IN JJ NN VBZ DT NN VBN TO VB DT JJ NN IN DT JJ NNS IN NNP , DT VBZ TO VB DT NNP NNP . RB NNP , NNP , NNP CC NNP VBP TO VB DT JJ HYPH VBN CD HYPH NN NN NNP , WDT VBZ DT JJ JJ NNS IN NN . DT NNP NN VBD IN DT VBN `` NN HYPH VBG '' NNS IN `` NNP VBD TO VB DT NN TO VB IN PRP$ NN . CC DT JJ NNP NN VBD `` DT NNP NNP VBZ VBN RB VBG NN IN CD . '' IN NN TO VB NNP POS JJ NN NNS , DT NNP NNP NNP NNP IN DT NNP NNP NNP NNP -LRB- NNP -RRB- VBD VBN RP . '' RB DT NNP HYPH NNP VBZ IN `` RB VBG NN '' RB RB IN DT NNP NNS CC NNP POS NN NN IN DT NNP NN , JJ . JJ NN NN NNP POS NN VBZ DT VBG NN IN NNP NNP HYPH NNP IN PRP VBP VBN IN DT NN , IN DT JJ NN NN CC JJ NN IN DT JJ NNS IN DT NNP HYPH NNP HYPH NNP NN VBN IN NNP NNP , NNP NNP , NNP CC NNP . PRP$ NN VBZ IN DT JJ JJ NN IN DT NN IN NN , DT NNP NNP IN NNP , RB IN NNP , WDT VBD IN DT NN IN PRP$ NN NN : `` DT NNP NNP VBZ JJ IN NN VBG DT NNP CC PRP$ NN VBG IN JJ NN VBG DT NN IN DT JJ -LRB- JJ -RRB- NN WDT VBZ NNS IN NNP , NNP . DT NNP VBZ RP NN IN JJ NN NN -LRB- NN -RRB- , DT NN WDT VBZ NN , CC NN NN WDT VBZ NNS . NNP VBZ RB RB VB IN JJ NNS . `` DT NNP VBZ NN UH . CD WDT VBZ DT NN IN DT VBN -LRB- VBN -RRB- NN IN DT NN WDT MD RB VB VBN IN DT NN TO VB JJ NNS IN NNS CC JJ NNS . JJ NNS VBP VBN IN DT NN , IN NN IN NN . PRP VBP RB RB VBN DT NN NN , CC NN VBZ JJ . `` DT NNP VBZ RB VBN IN DT NNP CC NNP NNPS NNP NNP , NN IN NNP NNP CC NNP -LRB- NNP NNP -RRB- CC RB VBZ NN IN JJ JJ NNS VBG DT NNP CC NNP NNP NNP . DT VBN NN VBD RB VBN IN DT NNP NNP . DT NNP NNP NNP VBZ VBN IN DT NNP NNP `` RB VB PRP VB DT NN IN VBG RP DT NN IN JJ CC RB JJS IN NNP POS NN IN JJ NNS IN NNS VBP JJ , JJ IN VBG RP IN NNS IN NNS , IN NN JJ CC NN NN CC NN IN JJ JJ NNS . WRB PRP VBZ IN JJ NNS , JJ NN CC JJ NN NN , RB IN DT NN IN NN NN . NN NN IN NN IN JJ NN VBZ RB JJ IN JJ NN RB VBZ DT JJ NN IN JJ NN . NNP VBZ PRP$ NNS IN NN NN NN VBP VBN IN DT NN NN CC DT NN NN HYPH NN , CC RB VBZ IN DT NNP NNP VBZ VBG -LRB- $ CD CD JJ NN -RRB- IN DT NNP NNP NNP , WDT VBZ VBN IN NN IN DT NN IN NNS . DT NN NN IN NNP VBZ `` DT NN VBZ TO VB NNP POS NN IN NN JJ NNS , NN HYPH NN NN CC JJ JJ HYPH NN NNS TO VB NN NN , NN CC NN RP IN DT NN RB VBN IN DT JJ NN IN NNS CC NNS . DT RB JJ NN MD VB DT NNS IN DT NN NN NN IN VBG DT NNS IN DT NN NN . '' RB VBZ DT JJ NN IN NN JJ IN JJ NN . RB , NNS VBP VBN DT NN IN NNS IN JJ NNS IN NNS , VBG JJ NN , NN , NN , NN , NN NN , NN , NN NN CC RB RB . PRP RB VBZ IN NNP VBZ VBG TO VB DT NN . RB , VB PRP VB DT NN IN NNP POS `` JJ NNS '' , WDT VBP DT NNP NN NN , JJ NNS , NN NN NNS , NNS , CC RB VBZ DT NNP NNP NNP VBN IN JJ NN CC RB DT NNP NNP , WDT VBZ NN IN NN , NN NN CC NN NN . DT NN VBZ DT NN NN VBN IN DT NNP NNP NNP , VBN IN NN CC NN NN NNP NNP . NN VBZ , IN NN , DT NN IN JJ `` NN '' , DT NNP IN NNP IN JJ NNS , RB NNP . VBG IN PRP$ JJ NN VBZ NNP POS JJ JJ NN NNP , WDT VBD DT $ CD CD NN IN NN HYPH NN NN , $ CD IN NN HYPH VBN NNS NN -LRB- DT NNP NNP NN NN -RRB- . DT NN NN NN RB VBD DT JJ NN IN CD JJ NNS , VBG DT NNP IN NNP NN IN NNP NNP , JJ JJ NN IN DT NNP NNP , CC IN NNP IN DT NNP NN NN IN DT NNP NNP NNP NNP . DT JJ NN IN NNP NNP VBZ DT JJ NN NNP NNP , DT JJ NN WP VBD DT JJ VBN NNS WDT VBD DT NNP NN IN IN NN HYPH VBG NNS IN NNP NNP , VBG DT NNS IN JJR HYPH NN NNS IN DT CD JJ JJ NN . NNP , IN JJ , VBZ DT JJ NN NN IN DT VBN NN IN JJ JJ NN NN IN JJ NN IN JJ NNS . IN DT NNS IN NNP NNP CC NNP NNP IN NNP NNP CC NNP , DT JJ NNS CC PRP$ NNP NNS VBP RB VBN DT JJ NN , RB VBN IN NNPS , TO VB CC VB DT JJ NN . RB WRB VBZ NNP RB VBN IN DT NNP . DT NNP NNP NNP NNP NNP -LRB- NNP -RRB- VBZ VBN JJR IN $ CD CD IN NN NN IN NNP NNP HYPH NNP , VBG IN CD NN IN JJ NN NNP NNP , VBN IN NNP NNP NNP . RB , IN NNP , DT NNP NN , DT NNP NNP , DT NN CC JJ NNS , EX VBZ RB CD NN VBG IN IN DT NN HYPH CD NN . NNP NNP , PRP VBP DT NNP CC VBP PRP IN DT NNP NNP . EX VBZ CD NNS IN VBG IN PRP . IN PRP MD VB PRP , VB PRP CC IN PRP MD VB PRP , VB PRP . VB RB TO VB IN NNP , NNP , NNP CC NNP VBD RB JJ NNS WP VBD VBN CC VBN IN DT JJ IN NNS JJR IN NNP . RB , VB PRP VB RP DT NN IN DT NNP NNPS VBN IN DT NNP NNP IN JJ NNS VBN IN DT NNPS . DT VBG NN IN JJ NN IN NNP , IN NNP NNP VBD DT NN NNP NNP CC NN NNP NNP . IN DT NNP NNP NNP , CD JJ , JJ CC JJ NN NNS VBD VBN IN JJ NN NNS , IN JJ NNS IN PRP VBN IN JJ HYPH NN NN NNS . DT VBD DT JJ NN IN DT NNP JJ NN CC DT NNP NNP NNP IN NNP NNP NNP NNP , RBR VBN IN NNP NNP . CC RB DT NN IN NNS WRB NNP VBZ RP . JJ IN DT JJ NNS IN JJ NNP NNS , NNP HYPH CD MD RB VB VBN VBN IN NNP , IN IN NN NN CC JJ NN . CC VBD NNS IN NN NNS VBN IN JJ NNS VBN IN NNP . DT JJ NNPS , WP VBD IN NNP NNP IN NNP NNP VBP NN HYPH NN JJ IN NNP HYPH NNP CC DT NNP , RB PRP RB MD VB VBN NN NNS IN CD . IN IN DT JJ NN IN NNS CC DT JJ NN , PRP VBP RB VBG TO VB DT NN CC VB DT NNS IN DT NN . DT JJ JJ HYPH JJ CC JJ HYPH JJ NN NN CC JJ NN VBZ DT NN IN DT NNP CC NNP CC JJ VBP NN IN NNP CC JJR IN DT JJ RB VBP IN DT NN HYPH NN NN IN NNP . PRP VBP DT JJ NN VBZ RP DT NN HYPH NN NNS , IN RB VBG DT NN HYPH JJ CC JJ NNS IN DT NNP TO VB DT NN IN PRP$ JJ NN NNS , DT NNP NNP , NNP NN NNS CC IN NN DT NNP JJ NN . NNP MD RB VB VBG DT JJ NN IN DT VBP NNS IN DT NN NN . RB VB IN DT NN NNP NNP , DT NNP NNP NNS NN CC JJ NNP NN WP VBZ DT JJ NN VBN IN DT JJ NN IN NNP , NNP IN DT NNP NNP -LRB- NNP -RRB- . NN WP VBZ PRP VBZ RB VBN JJ JJ JJ NN NNS , UH , RB WP VBZ DT NN NN IN PRP VBG RB . WP VBD IN DT NNP , IN DT RB JJ NNP NNS VBN IN JJ NN IN NNP -LRB- WRB JJ MD DT JJ NN NN TO RB VB DT JJ NN VB . -RRB- VBD DT NN HYPH NN . DT JJ JJ NN NN , WP VBD RB VBN IN NN CC PRP$ NN DT NN NN , VBD RB VBN CC RB PDT DT JJ NN NNS RB VBD JJ IN DT JJ NN IN NNP NNP , VBN RB IN PRP$ NN . DT NNS , DT NNS , DT NNS , DT JJ NN , IN JJ NNS DT NN NN VBD DT NN NN IN DT JJ NN NNP VBD RB IN PRP$ NN IN DT JJ NNP NNP CC NNP NNP IN DT NNP IN NNP IN NNP . NNP NNP VBZ VBN DT JJ NN IN DT NNP NN , IN PRP$ NN IN DT NNP JJ NN , IN VBN IN CD NN NNS . DT NNS MD VB NN NN NN NN NNP NNP POS NNS IN DT NNP IN NNP NNP , DT VBN NN IN NNP , NNP , NNPS CC NNP NNS . NNP POS NNS IN NNP HYPH NNP NNP IN DT NN NN VBZ VBN IN NNP HYPH CD NN IN NNP NN IN NNP CC DT NN POS JJ NNS IN NNP IN PRP$ NNP NNP NNP NN CC DT NN NNP NNP , WP$ NNP NN VBD DT NNP HYPH NNP VBN NN NN NN VBN IN NNP NNP NNP IN PRP$ RB JJ JJ NN NNS IN NNP CC NNP . NNP , NNP POS NNP VBZ DT JJ NN IN NNP NNP . IN PRP$ NN VBZ DT JJ NN IN JJ NNS , NNP VBZ RB VBG IN DT NN IN JJ NNS , CC RB DT JJ JJ NN MD VB RBR JJ IN CC PRP CC PRP MD VB . PDT DT NNS MD VB VBN RP . -LRB- NNP NNP POS NN MD VB VBN IN ADD PRP MD HYPH VB . -RRB- TO VB DT NN IN JJ NNS VBN IN NNP NNP , VB PRP VB DT JJ JJR NNS . IN DT JJ NN IN NNP IN NNP CC NNP , NNP VBD DT JJ NN IN NN NN IN NNP , NNP , CC RB VBD PRP RP TO VB DT NN VBN IN NNP NNP NNP , WDT VBZ VBN NN NN IN NNP IN NNP NNP IN NNP NNP . NNP POS JJ NN VBZ IN NN HYPH NN , WDT VBD TO VB VBN IN NNP HYPH CD . DT JJ NN IN NNP VBZ DT NNP NNP IN NNP NNP , DT NN HYPH VBN NN . DT NNP NN VBZ VBN IN DT NNP NNP IN NNP NNP CC NNP NNPS , WDT VBZ NNS IN RB NN NN NN IN NNS IN NNP CC NNP , CC RB IN NNP . PRP$ NN IN NNP NNP VBZ NNP IN NNP , WDT VBZ DT JJ JJ NN . -LRB- NNP VBZ PRP$ JJ NN IN NNP CC DT JJ NN VBZ TO VB IN DT JJ NN . -RRB- DT CD JJ NN IN DT NNP NN VBZ IN NNP HYPH CD VBD VBN IN NNP CC RB VBN IN NN IN DT NNP NNP NN IN NNP IN NN . PDT DT JJ NN MD VB VBN IN HYPH DT HYPH NN NN , IN DT NN IN NNP NNP NNP NNP , VBN IN DT NNP HYPH VBN NNP NNP , WDT VBZ DT NN IN DT NNP NNP . PRP NN HYPH NN NN , RB RB NNP VBN , VBZ VBN IN NNP , NNP , DT NN IN DT NN NN IN NNP . DT VBZ TO VB PDT DT NN , RB VBN DT NNS IN DT NN , VBG NN HYPH NN NN CC JJ HYPH NN NN . PRP MD VB JJ , IN DT NNS IN DT NN VBP RB JJR IN PRP$ JJS NN , CC RB PRP MD RB VB VBN IN NNP VBD DT NN IN DT NN NN . JJS IN DT NN NN HYPH VBN NN RB RB , RB , VBZ IN DT JJ NNP HYPH CD NN VBG NNP NNP HYPH NNP , NNP NNP NNP IN NNP , NNP IN NNP , DT JJ NN NN . IN DT NNP NNP NN , VB DT NN NN TO VB RP DT NN IN NN NN , NN NNP NNP `` NNP , NNP CC DT NNP NN . '' PRP VBP JJ CC JJ IN DT NN , NN CC JJ NNS , IN DT JJ NN MD VB DT JJR NN IN DT JJ NN IN NN . DT JJ NNS VBP DT NN IN NN , IN DT JJ NNS IN DT VBN NNS MD VB VBN DT NN NN IN NN HYPH VBG NN IN DT JJ NN IN JJ NN CC IN VBG DT JJ IN DT NN NN WDT RB RBR VBZ , WRB DT NNS VBP VBN , NNS VBP VBN CC NNS IN IN DT NN . VB RP CC VB DT JJ NN NNS IN EX VBP NNS WP VBP TO VB RB VBN RP CC VBN . JJ NN VBZ RB JJ IN DT NN WRB NN IN NNS VBZ RB JJ , CC RB NN HYPH NN IN VBN NNS VBZ JJ IN IN PRP VBZ JJ NN IN NN IN DT NN IN NN . VB JJ NN CC NNS IN VBG DT JJ NNS TO VB PRP$ NNS IN VBG DT JJ NNS . NNP -LRB- NNP -RRB- , DT `` NN NN '' VBN IN NN NNS IN NNP CC VBG VBN IN NNP CC DT NNP IN DT VBN NN IN NNS , IN JJS DT WP VBP RB VBN VBN IN PRP . VBN IN DT NN WDT NNP NNP VBZ TO VB , NNP VBZ DT NN IN DT JJ NN IN JJ NN . DT NN VBZ VBN NN HYPH NNS VBG VBG NNS IN NN NN , VBG NN NN NN , NN IN DT NNS CC VBG DT NN CC NNS , DT JJ VBG DT NN IN JJ JJ NN , VBG DT NN NN NN . NNP RBR VBD DT JJ NN IN DT JJ NN NN IN NN NNS RB . DT JJ NN IN JJR NNS VBG RB JJR NNS IN DT NN VBZ IN IN DT NN IN DT NN IN JJ NNS , WDT VBP TO VB RBR VBN CC VBN IN JJR NNS . NNP VBD JJ DT NN NN IN DT NN , VBG DT NNS VBD RB VBN CC RB `` VB RP '' IN NNP . DT MD VB JJ IN DT NNS IN NN NNS IN DT NNP NNP WP VBP NN JJR IN CD , RB VB PRP VB DT NN NN IN DT NNP NNP CC PRP$ NN IN DT NNP NNP NNP . PRP$ JJ NNP NNP NNS RB VBP NN DT `` JJ NN '' NN . RB VB , NN HYPH NNS , IN VBG TO VB WP VBZ VBG TO VB IN PRP$ NN NNS . DT JJ NN IN DT NNS POS NN VBZ IN DT NNP NNP VBZ JJ HYPH NN NNS IN NN , NN CC NN , WDT VBZ DT JJ NN IN DT NNS , JJ NNS , NNS CC , UH IN PRP JJ NN NNS , NN NN . DT , IN NN , VBZ WP DT NNS VBP RB VBG PRP NN IN DT NN NN , DT , WDT MD RB VB TO VB PRP . DT JJ CC RB JJ NN IN NN VBZ VBG DT JJ NNS CC NN IN VBN NN NNS JJ IN VBG NN CC VBG PRP$ NNS IN NN . DT VBZ DT JJ NN RB IN NNS IN NN NNS IN NNS , NNS , NNS , NNS CC NNS VBN IN DT JJ HYPH NNS NN NN . IN DT NN , NNP VBG DT NN IN JJ NN HYPH NN , VBZ DT JJ NN NN IN VBN NNS POS NN NN . WRB JJ NN VBP NN NNS CC JJ NNS IN NNP , CC NN NNS CC NNP NNS IN DT NNP JJ TO VB IN JJ NN NN . $ CD CD IN NN . DT MD VB IN JJ NN . VBG IN JJ NNP , DT NN IN DT NN CC PRP$ NNP NNS , EX VBZ VBN DT JJ JJ JJ NN TO VB RP NN HYPH JJ NN NN TO VB DT JJ NNS CC JJ NNS IN DT JJ NN , RB IN NNS CC JJ NNS VBP RB VBN IN JJ NN IN DT JJ `` NN NNS '' VBG NN . DT NN `` NN '' NNS VBP RB NN NNS . JJ NN IN NNP VBP RB IN CD CC IN DT JJ NN IN PRP VBZ JJ TO VB JJ , RB IN VBG JJ JJ NNS TO VB PRP$ NN . JJ NN CC JJ NN , PRP VBP RB VB TO VB VBN RP IN DT NN IN JJ CC VBG JJ NNS , VBP PRP . PRP$ NN NN VBZ DT JJ NN NN IN DT JJ NN NN IN NNP POS NNP NNP IN NNS IN JJ NN CC JJ NNS , CC VBP WP . PRP VBZ JJ IN DT JJ CD CD NNS IN CD NNS IN NN . DT NN VBZ VBG IN CD NNS , CC PRP VBP PRP DT JJ NN NN NN IN DT NN CC DT NN IN JJ NN NNS , DT NN IN PRP$ NN CC NN NNS . UH , PRP VBP RB JJ , EX VBZ RB CD NNS VBN . WP VBZ DT NN VBG IN IN DT NN . UH , DT JJ NN NN WP VBP JJ NN , DT NNP NNPS . `` DT JJ NN NN VBZ VBG TO VB PRP RB , VB PRP RB . '' DT JJ NN VBD VBN IN DT `` NN '' IN DT JJ JJ NN IN DT JJ JJ NN WRB RB CD NNS VBD RB VBN VBN . RB , DT NN VBD VBN IN JJ NNS IN JJ CC RB VBN NN `` NNS '' RB JJ NN VBN NN NNS . IN DT NNS IN NN VBD VBN RP , DT NN VBD VBN IN VBG IN DT NN TO VB NN , IN DT JJ NN VBD VBN RP . CD IN DT `` VBG NNS '' MD VB VBN DT JJ NN IN DT NN CC IN DT NN , IN WRB DT JJ NN VBD HYPH NN . CC DT NN VBD CC RB VBD . DT NN , IN PRP VBD RB CD IN JJ JJ JJ NNS IN VBN RP IN NN NNS . RB VBP PRP VB DT JJ NN IN NN NNS IN DT JJ NN NN . NN NNS VBP RB VB RB RBR , PRP VBP RB VBN IN DT JJ NN . VBG NNS IN PRP$ NNS VBZ RB JJ IN NNS IN `` NN NN '' CC VBN NN . IN DT NNP NN , PRP VBD VBN IN VBG DT NN IN JJ NNP NNP NNS WP VBD IN DT NN IN NNP IN JJ JJ NN IN NN HYPH IN HYPH NN NNS . DT RBS JJ NN IN DT NN VBD TO VB IN DT NN HYPH VBN NNS VBD VBN CC VBN IN NN NN IN JJ NNS IN DT NN , JJ IN NNS . DT NN HYPH NN NN VBD VBN TO VB NN JJ IN DT CD VBN JJ NNS VBN IN DT NN IN NNP . EX VBD RB DT JJ NN NN IN DT JJ NNP HYPH VBN JJ NN WDT VBD RB VBN CC VBD DT NNS . DT NN NN VBD JJ NNS RB VBN IN NN CC NN IN DT `` NNS '' WP VBD VBN DT NN . DT NN IN PRP$ JJ NN NN VBD DT JJ NN IN NNP , WRB NNS WP MD RB VB PRP$ NNS IN DT NN WDT VBD NN NNS MD VB DT NN IN DT JJ NN . PRP$ NN VBD DT VBG NN HYPH NN IN NN , WP VBD TO VB NNS IN PRP$ JJ NN CC VBD PRP IN DT NN HYPH JJ NN . NNP VBZ RB RB DT JJ NN WRB JJ NN VBZ NNS IN NN NN . DT JJ NNS VBN IN DT NNPS VBP NNS CC NNS POS NNS , VBN IN DT NNP NNP , WRB PRP VBD VBN TO VB JJ NN IN DT JJ NN IN JJ IN DT NN VBD VBN VBG NNS IN NNP VBD IN IN DT NN NN . JJS JJ NNS VBP VBN IN DT JJ NNS CC VBP IN NN HYPH NN VBZ JJ TO VB CC JJR TO VB . DT JJ NN IN DT NN IN DT JJ CC JJ VBZ TO VB NN NNP NNP POS NN IN NNP POS NN VBG DT NN IN NN . JJS JJ JJ NNS VBP PRP$ JJ NN IN DT NN IN DT JJ NN VBD DT NN . UH , PRP VBZ NN HYPH VBN JJ NN . IN DT JJ NNS VBP VBN RB , DT JJ NN IN NN HYPH NN VBZ JJ NNS . NNS MD RB VB DT NN JJ NNS , CC IN NN NN DT NNS MD VB NN NN , NN NN CC NN HYPH VBG NN . PRP$ NNS VBP IN WRB DT JJ CC JJ NNP NNS VBD VBN TO VB DT JJ NN IN DT NN HYPH VBG NNP NNP , WDT VBD VBG JJ NN VBZ PRP POS JJ NNS CC VBD JJ NNS CC NN JJ IN DT NNPS . DT NNP IN NNP , WP VBD DT JJ NN VBN IN DT NNP IN NNP , WDT VBD DT NN IN NN IN NNS JJ IN DT NNP NNP , VBD DT JJ NN IN JJ NN . CC , RB , IN DT JJ NNS , DT JJ HYPH VBG NNS IN NNP VBP DT NN . NN NNS VBP IN WRB NN NNS VBP RB VBN IN NNS VBP HYPH IN PRP$ NN IN NN IN JJ NNS . NN HYPH JJ NN VBZ WRB RB JJ IN DT JJ NN NNS CC NNS VBP VBN IN DT NN , RB IN NNP CC NNP NNP , NNP NNP CC NNP . JJ IN DT NNS CC NN NNS VBP RB VBN JJR NNS IN DT JJ NN NN . IN PRP$ NN NN IN NNP , NNP NNP CC PRP$ NN NNP NNP VBD DT NN HYPH NN IN JJ NN IN JJR IN CD NNS . IN IN DT NNP NNP NN CC NN NN `` NNP '' , PRP$ NNS VBP VBN IN NNS IN NNS CC DT NN IN PRP VBP JJ TO VB PRP$ JJ NNS , IN PRP VBP IN DT JJ NN IN DT NN IN NNP IN NNP NN . DT JJ JJ NN VBZ IN DT JJ NN IN JJ NN . DT JJ NN IN NN HYPH VBG NN VBZ IN NN NN , UH , RB VBN , VBG VBN IN NNS IN VBN NNP NNS IN NNP . NN NN VBZ VBG VBN RP IN NNPS IN DT JJ NN IN JJ NN . VBZ DT VB JJ CC JJ . UH , IN JJS NN VBZ VBN IN PRP$ NN NN , CC NN NNS VBP VBN JJ IN DT RB VBN NN . CD IN DT NNS IN NNP IN DT NNP VBD PRP TO VB IN NNP NNP NNP POS NN IN NN NN POS JJ NN , WDT VBZ NN NN NNS . IN JJ NN PRP VBD PRP VBD DT NN IN JJ NN CC IN PRP MD RB VB VBN RP IN DT NN IN DT NNPS CC DT NNPS POS NNP NNP NN . RB IN JJ NN , VBN IN NNS IN NNP IN JJ HYPH VBN NN IN JJ NN IN NNP NN , PRP VBD IN JJ NNS VBG NN HYPH NN , NN NN CC NN VBD PRP$ NN IN NN IN DT NN IN NN , IN VBN IN DT JJ NN IN JJ NN IN NN . DT NN NN TO VB , RB , VBZ IN DT NN NN HYPH NNS VBP IN NN NN . WRB PRP VBD DT JJ NN IN PRP$ NN NNS IN NNP , DT JJ NN NN IN NNS WDT PRP MD RB VB VBG VBD NN . NNS RB VBP RB , RB IN DT NN CC RB IN DT NN , CC RB RB PRP$ JJ NN VBD IN DT JJS , JJS , JJS CC JJS NN WDT PRP VBP RB VBN , RB EX VBZ RB NN NN HYPH VBG IN NN NN . IN JJ NN VBN IN VBN NN , PRP VBD WRB NNS IN NNP VBP VBN VBN NNP NNS IN NNS IN PRP$ NN , NN NN , NN NN CC JJ NN . DT VBP RB HYPH NNS IN NNS IN NNS IN NNS IN NN IN JJ NNS CC JJR JJ NNS . IN VBN NN , PRP$ NN IN NN VBZ JJ , JJ IN DT JJ JJ NN WDT VBZ DT JJ NN IN PRP$ NN , RB VBN IN NN CC NN NN . DT VBZ WRB NN NNS VBP VBN JJ IN NNPS , NNPS , NNPS CC NNP -LRB- NNPS -RRB- . NNS VBP NNS CC JJ JJ NNS IN PRP$ NNS VBG NN , IN VBN IN DT NN NN VBN IN JJ NNS IN DT NN IN NNS VBG DT JJ NN TO VB DT NN NNS CC NN NNS , IN RB VBG IN NN . DT NNS VBP IN JJ NNS IN `` JJ '' NNS , NNS CC NNS IN DT JJ NN WDT VBZ VBN RP IN NNS IN JJ NNS , IN IN DT NN NN HYPH NNS VBP VBN . IN DT NN IN NN , PRP VBD TO VB DT NN NN IN DT JJ NN IN DT NN IN NN NN . DT JJ NN VBD IN PRP VBD VBN NN NNS IN NN NN NN DT CD NNS RB , CC UH PRP VBZ VB RP IN DT NNS . VBN VBD PRP IN DT NN IN NN VBG DT NN HYPH NN IN NNP NN IN DT NN HYPH NN . IN JJ IN DT JJ NN , NN NN VBN IN DT JJ NN NN VBZ RB JJ CC JJ CC RB JJ CC NN , IN IN PRP$ NN IN DT NN IN NN CC NN . NNP VBZ CD IN JJ NNS IN NN -LRB- IN NN CC NN NN -RRB- . PRP$ NN POS NN NNS VBZ VBN IN NN HYPH JJ NN NNS MD VB NN NN IN NN CC VB NN NN NN . PRP$ NN CC JJ NNS IN DT NN NN VBP PRP$ JJ NN IN NN VBZ JJ CC JJ IN JJ NNS , VBG JJ IN JJ NN IN DT NN IN JJ NNS . IN DT NN IN CD NNS IN IN CD NNS , NNS IN NN VBP JJ NN NN IN IN JJ JJ NNS . IN PRP$ NN , VBN NNS IN NN HYPH NN MD VB NNS IN NNS IN NNS VBN NNS , RB WRB VBN IN DT NN HYPH VBG JJ NN . DT NN MD VB CC VB NN IN NN HYPH VBG NNS VBN NNS . DT NN IN NNS IN DT NNS VBZ DT NN NNS TO VB RP JJ NNS . IN NN , IN DT NN IN NN , DT NN VBZ NNS IN NNS TO VB NNS IN DT JJ NN . NN NNS , IN NN , VBP DT NN NN IN DT NN CC NN NNS IN NN HYPH CD , IN IN DT JJ NN NNS VBG IN IN PRP$ NN . IN DT NN VBZ DT NN IN NNS , DT NN NN HYPH NN VBZ DT NN NNS IN NNS , VBG DT IN PRP$ NN IN NN CC JJ NNS . DT NN VBZ VBN IN DT NN NN NN WRB VBG PRP$ JJ HYPH NN NN CC , RB , IN DT JJ HYPH NN IN NN -LRB- VBG DT NN IN PRP -RRB- . DT NN NN VBZ VBN IN `` NN '' IN NN IN NN NN CC NN HYPH NN NNS , WDT `` VBP '' DT NNS VBG PRP$ NN . IN CD HYPH JJ JJ NN NNS , DT NN NN VBZ DT NN IN DT NNP NNS VBP RP IN NNS IN DT NN . RB WP . DT VBZ WRB NN VBZ IN NN RB , IN DT NNP HYPH VBN NN NN VBZ JJ RB TO VB IN DT NN NN IN DT NNS CC IN IN DT NN POS NN . UH . DT NN NNS CC JJ NN NN , DT JJ NN . EX VBP DT JJ JJ NNS IN DT NN HYPH NN HYPH NN VBN NN JJ IN VBG , VBG , VBG CC VBG DT NN HYPH NN NN . PRP$ NN NN VBZ RP IN DT VBN NN HYPH CD VBZ JJ , RBR JJ CC JJR TO VB IN NN IN IN DT VBN HYPH IN NN CC NN NNS . DT NNP NN POS NN HYPH VBG NN MD VB VBN IN NN IN JJ NNS , CC DT VBZ RB JJ CC RB JJ DT JJ NN NN NN CC NN CC NNS . WRB VB IN NN HYPH NNS WRB NNP HYPH CD VBZ JJ CC JJ IN DT NNP NNP , DT NN NN JJ IN NN IN DT NNP NNP VBG DT NNP HYPH NN NN , DT NN IN DT NN HYPH VBN NN HYPH NN NN IN DT NNS VBG IN DT NN IN NNP . IN VBN CC VBN IN NNP RB WRB VBP JJ NNS IN NNP VBG RP IN NNP HYPH CD . RB RP , PRP VBD DT JJ NN IN NNP IN NNP , CC JJ IN IN NNS PRP VBP VBN NN VBN IN NN CC IN DT JJ HYPH NN JJ NNS IN NNP , WDT VBP VBN VBN IN JJ NNS IN DT `` VBG '' RB VBG NNP NNP NN RB IN RB VBG NN HYPH VBN NN NN IN NN IN JJ VBN NNS . VBG DT NN VBZ JJ NN . NN : PRP$ NN HYPH VBG NN IN DT NNP CC JJ NNS VBD IN NNS IN JJ NNS MD VB DT NN CC NN NN IN JJ NN VBN RB , CC VB NN NNS WRB VBG , JJ IN DT JJ NN NN . IN DT JJ NN , DT JJ NN VBN IN NNS VBZ RB JJ NN POS NN CC DT JJ NN IN NNS , NN , NNS , NNS , NNS CC NNS VBG NN VBN IN NN NNS , VBN IN NN CC NN IN NN NN . RB PRP VBD VBG NN IN DT NN CC PRP$ JJ NN MD VB VBN JJ , VBN IN NN , JJ CC IN JJ JJ NN . RB IN DT NNP NN , PRP VBD IN JJ NN HYPH VBN NN POS NN VBZ RB JJ TO VB IN DT NN CC VBZ RBR VBN IN VBG DT JJ JJ JJ NN HYPH VBN NN HYPH NN . JJ NN VBZ JJ IN NNS TO VB , VBG RB JJ IN NNS . VBG IN JJ NNS IN DT VBN NN , NNS VBP RB IN IN NN IN DT JJ NN CC RB MD VB JJ NNS IN NN IN NN . VBP PRP , NNP NNP , IN VBG PRP IN DT JJ NN IN JJ NN IN NN HYPH NN IN DT NN IN NNP . DT NN IN PRP VBP VBN DT NNP IN NNP IN DT JJ NNS IN JJ VBN NNS IN DT NNP NN . IN PRP VBZ RB JJ , PRP MD VB RB IN PRP$ NN IN DT NN . DT VBN , NN VBZ , VBG DT NN IN DT JJ NN CC JJ NN VBN IN JJ NNS , CC RB NN VBZ VBN IN PRP$ NNS . WRB , IN PRP$ NN PRP MD VB , MD NN HYPH NN VB VBN . VB DT NN IN DT JJ HYPH NN NN NNS CC VB DT JJ NNS CC DT NN NN TO VB IN DT JJ NNP NNP , RB IN PRP$ VBG NNS . RB VB PRP VB DT NNP NNP , DT NN NN IN NNP , CC PRP$ JJ NN HYPH NNS NNP IN DT NNP NNP CC DT NN NNP IN NNP . RB VBZ NNP POS NN IN DT NN IN `` PRP NNP NNPS IN NNP VBP '' . `` VBN DT NNP IN NNP JJ , NN PRP VBP TO VB PRP RB NNP RB , VBG RB IN PRP DT TO VB . '' DT JJ NN CC RB DT JJ NN . NN VBZ DT JJ NN IN DT NNS IN DT NNS . WP NNS DT NN HYPH VBN NNS VBP , TO VB DT NN HYPH VBG NN IN JJ NNS IN NNS VBN IN DT NNS IN JJ NNS . CC RB DT NN NNS VBP PRP$ NNS IN NN IN DT NN NN PRP VBD IN VBN NNS . WDT JJ NN MD VB DT JJ NN IN JJ NN VBN IN NN . RB DT NN NN CC DT RB VBN NN VBN IN DT NNS IN DT JJ NN . VB PRP RB VB DT NN IN JJ HYPH NN NN IN NN IN NN NNS IN DT NN IN NN CC NN . NFP NNP , JJ HYPH NN NN IN IN NN NNS IN DT JJ JJ NNS IN NNP NNP NN CD IN DT NNP NN , CC NNS IN CD VBN JJ JJ NNS IN DT NNP NNP IN CD . NFP NNP NNP , NN IN JJ JJ NNS IN DT NNS IN DT NN , JJ JJ JJ NN NN , NNP NN . NFP NNP , NNP CD IN IN NNS IN NNP IN NNP , NNP CC NNP . , NNP , NNP CD CC NNP NN IN DT JJ NN IN DT JJ JJ NNS IN NN CC NN IN DT NNP . NFP NNP CC NNP NNP , NNP NNP JJ NN NN CC NN VBN IN NN , NNP , VBZ IN DT NNP JJ JJ NN NN , DT NNP HYPH JJ NNS CC JJ NNS . NFP NNP , NNS IN IN VBN JJ NNS , VBN NNS CC NNS IN DT NN POS RBS JJ NN JJ NN . NFP NNP NNP HYPH NNP , JJ HYPH JJ JJ NN HYPH NN IN NNP , NNS IN NNP NNP JJ NNS CC NN IN DT NN NNP NNP NNP VBD IN NNP IN DT CD NN . IN NN , JJR JJ NNS VBG NNP NNP , NNP CC NNP NNP VBP JJ NN NNS `` VBN '' IN DT JJ NNS . JJ HYPH NN NN NN VBZ DT JJ NN NN , DT NN WDT VBZ IN WRB JJ NNS VBP RB RB RBR JJ IN NN HYPH CD NN IN JJ NNS , WP MD VB JJ NN NN CC JJ NNS IN PRP VBP RP . DT JJ NNS VBP RB HYPH VBG JJ NN IN NN NNS , NN NNS CC NN NN , CC NN CC NNS IN NN , WDT IN NN VBZ DT JJ NN NN . RB IN DT VBN NN NNS VBP IN DT NN IN NNS , NN VBZ DT JJ NN IN DT JJ NN IN DT JJ NN IN NN NN . IN IN DT JJ NNP , VBN IN PRP$ JJ NN IN JJ NN HYPH NN CC JJ NN , NNP VBZ DT JJ NN , IN IN `` DT JJR NN IN NN VBZ IN NN , DT JJR NN IN NN VBZ IN NN NN , DT JJR NN VBZ NN IN DT JJR NN VBZ TO VB NNS . '' VB CC VB , VB RB CC VB CC VB , DT VBZ DT NN , VB DT NN CC VB PRP$ JJ NN . NN VBZ PRP$ NNS , CC RB PRP VBZ RB RB IN PRP . NN VBG CC VBG JJ NNS VBZ DT NN IN NN CC NN TO VB DT JJ NNS IN WRB PRP VBP RB JJ RB CC JJ IN DT JJ NN IN NN CC NN . NNP VBZ RB VBG VBN IN PRP$ NN IN NN , NN IN NN CC DT NN TO VB NNS IN PRP$ NN NNS CC JJ NNS , IN NNS VBP DT RB HYPH VBG NNP RB IN PRP$ JJ NN POS JJ NN . VB NN IN JJ NN CC VB RP DT NNS CC NNS , VB JJ IN JJ NN NNS CC VBN NNS CC RB VB JJ NNS IN VBN NNS TO VB DT JJ NN IN NNS CC NN , NN CC NN . IN IN NNP , VB NNP JJ RB . RB IN VBG IN NNS IN JJ NNS , VB DT NN IN NNP , WP VBD PRP RB IN DT NN IN PRP$ NN `` NNP '' . `` PRP MD DT VB PRP$ JJ NN . ''"
360,215,mainstream,"DT NNPS VBP VBN DT NN IN PRP$ JJ NN , `` PRP RB VBD '' . VB RB TO VB DT NN HYPH VBN NN , WDT VBD VBN IN NNP NNP NNP CC VBZ DT NN POS NN NNP NNP HYPH NNP IN NN NNP NNP , WP VBZ DT JJ HYPH NN IN NN NNP NNP . DT NN NN VBP DT NN IN NNP CD , IN CD '' CC JJ NN . PRP MD VB VBN IN `` VB PRP NNP '' , WDT VBD VBN IN NN NNP NNP CC VBN IN NNP NNP IN PRP$ NNP NNP NNP IN NNP , NNP NNP . DT NNS VBP NNP POS NNP NNP IN NNP CD JJ NN , CC RB VB IN DT RB VBN HYPH RP NN JJ NN . PRP VBP IN DT NN IN NNP NNPS IN NNP CD CC VBP IN NNP NNP NNP IN NNP CD . DT NN IN NNS RB VBZ NNS IN NNP , NNP , NNP , CD NNS IN NNP , NNP , NNP , NNP , NNP CC WP MD VB DT NN POS JJS NN NN IN NN IN NNP POS NNP NNP . TO VB DT NN IN DT NNPS NNS CC VB PDT DT JJS NNS , VB IN NNP NN , NNPS RB , CC VB CD CD CD ."
361,432,mainstream,"NNS IN NNP VBP VBG DT NNP NN IN DT NNP HYPH JJ NN TO VB DT NN IN DT JJ NN WDT VBZ RB VB JJ NN CC VBZ VBN RBR JJ IN NN . DT NN , RB VBN IN NN , VBZ DT RB JJ JJ NN IN DT NNS CC NN VBN IN DT NN VBN NN NN -LRB- FW NN -RRB- . PRP VBZ VBN IN NNS CC NNS IN NN IN DT NN . PRP VBZ VBN NN WDT MD VB IN CD IN CD NNS CC JJR , CC VBZ RB NNS IN DT NN IN CD NNS , DT NN RBS JJ IN JJ CC RB NN HYPH VBG JJ CC JJ NNS WDT VBP NN NN ."
362,344,mainstream,"IN NNP CD , DT NN VBD RB CD NNS , DT IN PRP NNS VBG IN RB , VBG DT JJ NN IN CD JJ NNS IN CD CC DT NN NNS . IN NN NNS VBP VBN TO VB , DT NN VBZ RB VBN PRP$ NNS , IN VBG DT NN IN `` JJ NN '' NNS , JJ IN VBG NNS CC NN NNS IN NNS . NNS POS NNS VBP RB VBN , VBG DT NNS TO VB IN NN CC DT JJ NN IN NNS . DT NN NN MD VB DT NNS , CC DT NN VBZ RB VBN RB , VBG CC VBG NNS IN NNS IN DT NN IN NNS . JJ NN VBZ DT JJS IN NN NNS VBD JJ TO VB IN DT NN , VBG RP DT NNS VBD NNS . IN NNP , NN IN NNS VBD RB VBG NN , CC EX VBD RB JJ NNS TO VB IN DT JJ NN IN NNS . RB , NNS VBD TO VB DT NNS IN RB JJ NNS RB CC RB : NN NNS VBN TO VB VBN IN DT NN , JJ NNS VBD DT NN MD VB IN NNS VBD IN NN , CC NN NNS VBD VBG JJ IN JJ NN . IN NNP NNP , DT RB VBD IN VBN NN , VBZ NN NN NNP NNP NNP . `` RB WRB PRP VBD VB NNS , DT NN NNS VBD RB RB JJ IN NN TO VB VBN , IN PRP MD VB TO VB IN JJ NNS , '' VBZ NNP NNP , DT NN IN DT NN POS NN NN . VBG IN NNP NNS , DT NN VBD VBG RB CD NNS DT NN IN JJ NNP : CC JJ JJR VBD VBG VBN RB IN IN DT NN . JJ NNS IN NNP VBD VBG IN NN HYPH IN NN NNS , WRB NNS MD VB VBN IN VBG PRP$ NNS . CC NNP NNP VBZ IN DT NN NN IN DT JJ NN IN JJ NNP , IN JJ IN PRP$ NNS , NNS VBP RB DT NN . RB , NNP VBD DT NN HYPH IN NNS , WDT VBD IN NN NN IN NNP CD . IN NNS , DT NN IN NNS VBN IN DT NN VBD VBN . IN DT NN IN DT NN , DT NN MD VB JJR IN CD NNS DT NN . NNS RB IN NNP CC IN DT NN RB VBD PRP$ JJ NNS IN DT NN . DT NN IN NNP VBD DT JJ NN RB CC NNS VBP VBN NN IN NNP ."
363,96,conspiracy,"JJ IN HYPH CC HYPH JJ JJ NN NN NN CC NN NNP NNP VBD IN NNP , RB IN DT JJ NN IN NN NN CC NN . NNP NNP POS NN VBZ VBN , `` PRP MD RB VB '' WP VBD PRP$ NN CC RB VBD PRP$ NN . IN NNP CD , CD , NNP NNP , CD HYPH NN HYPH JJ NN NN IN DT JJ NN `` DT NNP , '' VBD RB . NNP POS NN , NNP NNP NN NNP NNP , VBD PRP JJ RB IN DT NN IN DT NN . PRP VBD VBN IN DT NN , CC DT NN NN WDT VBD RB RB VBN RP VBD DT NN , `` IN DT NNP NN CC NNS IN NN , PRP VBP VBN PRP VBZ DT NN NN CC RB NN . '' PRP VBD VBN IN DT RB VBN NN CC VBD RB . NNP VBD PRP$ NN IN DT NN IN NNP : `` VBP PRP NN IN PRP$ NNS . PRP VBZ IN DT JJ NN WDT PRP VBP DT . RB NNP VBZ VBN . UH VB NNS IN PRP$ NN . VB IN NN , PRP JJ NN . '' DT NNP , NNP HYPH VBN NNP VBD IN NNP TO VB VB DT NN IN DT NNP NNP NNP NNP . NNP NNP , DT JJ NN IN DT NN , VBD DT JJ NN IN PRP$ NN : `` NN VBZ PRP VBD RB JJ IN NNP WRB PRP VBD . NNP VBD DT JJ NN WP RB VBD PRP$ JJ NN . DT IN PRP VBP IN NN CC NNS CC PRP VBP VBG IN PRP$ NN . '' NNP VBD DT JJ NN RB IN PRP CC VBD RB VBN JJ NNS IN NN NNS IN NNP NNP , NNP , CC NNP . NNP VBD RB VBN TO VB DT `` NN , '' CD IN DT VBG NN IN NNPS JJ IN DT JJ NNS IN NNS VBP VBN IN DT NN IN NNS , VBG NN . IN CD , NNP VBD VBN : `` NNP VBZ JJR NNS TO VB VBN . . . . UH . NNS VBP IN DT NNP . '' IN NN IN JJ NNS VBD JJ , JJ RB VBD IN DT JJ NN WDT RB VBD NNP VBD DT NN JJ IN DT NN IN NNP . NN VBZ RBR RB VBN IN IN DT NN NN . NNP VBD VBN TO VB VBG IN DT NN NN IN DT NN IN PRP$ NN , CC RB CD NNS RB VBD VBN DT RB HYPH VBG NN IN NNP NNP POS NN VBG NN NNS IN PRP MD VB VBN . NNP POS JJ NN VBD RP IN DT RB JJ NN . PRP$ JJ NNS , IN CD NN NNP NN , VBD IN DT NN IN NNS TO VB RP CC VB PRP$ NN VB DT NN NN `` NN NN '' CC DT JJ NN IN `` VB PRP . '' IN DT NN IN CD NN . PRP VBZ RB VB TO VB DT RB HYPH VBN NN NN TO VB WRB DT JJ CC JJ CD HYPH NN HYPH JJ MD VB VBN RB JJ IN DT NN IN NN , NN NN JJR IN CD NNS RBR . NN VBD PRP VBD VBN RB JJ DT JJ NN . PRP VBZ JJ TO VB IN WDT NN VBD PRP$ NN MD VB RP RB RB , IN DT NN NNS . IN DT JJ NNS VBD NN , DT NNP NNP NNP VBD IN PRP$ NN IN `` NNP NNP VBD DT NN NN , RB VBN IN DT NN NN , CC NN , VBG IN PRP$ NN . '' NN CC NN VBP CD JJ NNS . WRB MD PRP$ NN VB VBN PRP . IN DT NNP CD `` JJ NN '' NN VBN , `` WRB VBD NNP NNP VB DT NNP NNP NNP IN NNP NNS . NN NNPS NNP , '' PRP VBD VBN IN PRP$ NN VBD , `` PRP VBD IN NN IN NN HYPH JJ NNS CC RB VBD RP . '' PRP$ NN , NNP , VBD , `` WRB PRP VBD PRP RP -LRB- IN DT NN -RRB- , PRP VBD JJ . '' PRP$ NN VBD VBG IN PRP$ NNP NN , WRB PRP VBD PRP PRP VBD JJ CC JJ TO VB NN RP . `` DT NN VBZ RB RB VB . . . WP VBD DT IN PRP , '' NNP POS NN VBD , `` CC PRP MD RB VB . '' IN JJ VBP VBN IN NN NNS , NN NN NNS RB VBP JJ IN PDT DT NN IN PRP VBZ DT JJ NN . NNP VBD VBN JJ NN IN DT NN , RB CD IN JJ JJ NNS . PRP VBD VBN WRB PRP$ JJ NN VBD $ CD CD IN JJ `` JJ NN '' IN DT NN WRB DT NN IN JJ NNS VBD , VBG PRP TO VB . PRP RB VBD DT NN NN IN NN CC VBD TO VB NNS , WP VBD VBG DT NN , IN VBG JJ NNS . JJ IN DT JJ NN VBD PRP$ NN IN DT IN NN NNP NNP , WP RB VBD PRP$ NN IN DT NN IN DT RB JJ NN IN VBG PRP VBD VBG IN DT NN TO VB DT JJ NN , CC DT NN IN NNP NNP , NNP NNP , WP VBD JJ IN DT JJ NN RB IN VBG PRP VBD VBG TO VB DT NN IN IN NNP NNP POS JJ NN . JJ NN NNS VBP JJ IN DT WP VBP DT NNP NNP . NNP NNP VBZ DT RB VBN NN CC NN WP$ NN IN DT NNP , NNP CC NNP NNS CC JJ JJ NNS IN DT NNP NNP VBZ VBN VBN IN NNS IN NNS IN DT NN . NNP VBZ RB DT NN IN CD NNS RB VBG VBN IN NNP POS NNP NNP ."
364,771,mainstream,"DT NNS IN NN VBP JJ , PRP VBP NNS VBG JJ . IN JJ NNS VBP VBN , NNS MD RB VB NNS VBG JJ NNS . DT VBZ VBN NN NN . EX VBP RB NNS IN VBG NNS . IN NN , DT NNS VBP IN DT JJ NN IN DT NN . IN JJ NNS EX VBZ VBN JJ NN VBG DT NNP NN . DT NNS VBD TO VB DT NN , WDT VBZ DT VBN NN IN NNS , NNS CC NN , MD VB NN IN NNS . PRP VBD RB TO VB VBG PRP$ NN VB DT NN CC VBD PRP MD RB VB NNS , NNS CC NN . CC DT VBD IN , IN JJR CC JJR NNS VBD VBN , DT CD NNS VBD TO VB RBR RB CC DT NN IN NNS VBD TO VB . JJR JJ NNS IN DT NNP NNP NNP VBP VBN IN EX VBZ DT NN IN DT NN NN CC NN . NNS MD RB VB RB JJ CC EX VBZ RB DT NN IN DT NN HYPH NN . RB , WRB VBG DT NN , DT VBP DT IN DT NNS WDT VBP TO VB VBN : NFP NN WRB JJR NNS VBP VBN , DT NN IN NNS IN DT NN VBZ NFP NN DT NN IN VBG RB JJ CC VBG IN DT NN MD VB RB JJR IN DT NN IN VBG DT JJ NN HYPH NN . NN VBG DT NN MD VB RB JJR IN VBG DT RB JJ NN"
365,284,mainstream,"JJ NNP NNP NNP NNP VBZ VBN DT JJ JJ NNS IN DT NN NN . DT NNP NNP NNP -LRB- NNP -RRB- , DT JJ NN WDT VBZ VB CC VBZ NNS IN NNP , VBZ VBN DT NN HYPH RB IN DT JJ JJ NN IN NN , DT NN IN DT NN HYPH NN HYPH CD NN . PRP VBD VBN IN NN NN CC NN NNP NNP CC PRP$ NN IN JJ NN NNP , CC VBZ VBN IN PRP$ JJ NN IN NN NN . NNP RB VBD IN DT NNP IN NNP IN VBG DT NN IN NNP . VB JJR : VBD NN RB VB IN DT JJ NN . IN DT JJ NN NN IN NNP IN NNS IN DT NNP NNP NNP , NNP VBD NNP VBZ DT RB HYPH VBN NN NN . PRP VBD IN JJ JJ NN IN DT NNP HYPH NN HYPH CD NN VBZ VBN IN JJ NNS IN DT NN IN JJ NNS , DT JJ NN NN NN . DT NNS RB VBP DT JJ NN IN DT NN , WDT MD VB DT NN POS JJ NN IN DT JJ NN . RB IN NNP , WDT VBZ RB IN DT NN CD NN NN , NNP : RB IN NNP : VBZ VBG IN CD JJ JJ NN NNS . NNP NN NNP NNP , RB , VBZ VBN JJ JJ NNS VBP RB VBG NNS IN NNP HYPH NNP HYPH CD , VBN IN DT NN IN NN NNS IN NNP , NNP CC DT NNP NNPS . DT JJ JJ NNS IN NNP MD VB CD JJ NNS IN DT NNS IN CD CC CD . DT NN VBZ TO VB DT JJ NN CC IN DT NN VBZ DT JJ NN NNS . `` NNS IN NN NNS IN NNS VBP DT JJ NN IN DT NN IN JJ CC JJ NNS IN NN HYPH CD IN DT NN IN NNP CC RB , '' DT NNP VBD IN DT NN . NNP VBD NN MD VB VBN IN NNP , IN DT JJS . IN DT NN VBZ JJ , DT NNP MD VB IN DT NN MD VB IN JJ NN NNS . NNP VBD , RB , IN DT VBN NN VBD JJ TO VB JJ IN DT JJ NN IN CD . JJR IN CD CD NNS VBP VBN VBN IN DT NN HYPH CD NN IN DT JJ CD NNS , CC IN JJS CD NNS VBP VBN . DT NN , NNP POS NNS VBP RP DT NN IN DT NNS JJ NN CC NN NN NN . VB RP IN DT NN RB ."
366,322,mainstream,"NN NN NN VBZ DT NN . PRP MD VB DT JJ NN IN NN , NN , NN , CC NN WDT VBZ IN DT JJ NNS . CC PRP MD VB DT JJ NN . JJ NNS IN DT NN MD VB NN NNS RBR , JJ IN NN -LRB- VBN CC VBN NN -RRB- CC NN NN . NNS RB VBP DT NN NN NN -LRB- NN -RRB- IN DT NN IN CD NNS : IN DT JJ NN : NFP IN DT NN POS NN VBZ DT NN NN NN IN PRP$ NN , DT NN MD VB DT NN IN CD NNS IN NN . DT NN RB VBZ DT NN : NN NN NN NN -LRB- NN -RRB- : TO VB NN IN DT NN RB RB . NFP IN DT NN POS NN VBZ RB VB DT NN IN PRP$ NN , DT NN MD VB DT NNP NN IN CD NNS IN NN . NN MD VB DT NN NN IN DT NN IN PRP VBD PRP IN DT NN . DT VBZ RB JJ IN NNS WP VBP IN JJR NN IN VBG VBN . DT VBZ NN NN CC JJ NN NNS , NNS IN JJ NN CC NN NN , NNS IN NN NN , CC NNS WP VBP NNS . DT NNS MD VB TO VB VBN RB RBR IN NN . DT VBP NNS : NFP WP$ NNS VBP DT NN NN NN IN PRP$ NN WRB VBZ DT NN NN VBN . DT NNP NN RB VBZ JJ HYPH NN NN . JJS NNS WP VBP DT NN NN VBP VBN IN NN NN NN IN NN , IN PRP$ JJ NNS . VBG DT NN IN NN RB VBZ NN IN NN IN DT NN , JJ NN NN , CC NN NN . NN NNS RB VBP JJ , CC MD VB DT JJ NN CC NN CC NN IN DT NN NN . JJ NNS IN DT NN VBP JJ . WRB TO VB CC VB NN NN NNS VBP VBG DT NN IN NNS WP VBP JJR IN CD NNS , CD NNS -LRB- CD NNS -RRB- IN NN WP$ NNS VBP RB VB DT NN IN PRP$ NN . DT NN MD VB DT JJ NN IN CD NN IN NN CC WRB DT NN VBZ VBN IN DT NN . DT NN VBZ RB VBN IN PRP$ NN : NFP VBZ RB JJ , IN JJ NNS CC JJ JJ NNS MD RB VB NN , VBD DT JJ JJ NN IN DT JJR NN IN DT NN CC VBZ JJ IN NN POS NN VBG IN PRP$ NN IN NN NN PRP$ NN MD VB NN , NN , CC DT NN CC NN IN DT NN NN . IN NN CC NN , VB IN PRP$ NN TO VB IN PRP MD VB CC NN CC NN , CC TO VB RP DT JJ NN . WRB MD PRP VB DT NN . NFP PRP VBP RB JJ IN DT VBN NN IN DT NN NN . NFP PRP VBP NNS IN PRP$ JJ NN NN NN NN . NFP PRP$ NN VBZ JJ CC JJ NN NNS IN VBG DT NN NN ."
367,1154,conspiracy,"DT VBZ DT NNP NNPS JJ HYPH NN IN DT JJ NN IN NNP NNP . DT NN VBZ VBN NNP NNP POS NN TO VB DT NN : IN NNP IN CD , NNP CC NNP NNP VBD DT $ CD CD NN TO VB IN DT NN IN NNS . CC RB IN DT JJ NN , DT NN VBZ IN DT NN TO VB DT JJ NN NN VBD NN IN DT RB JJR NN . DT NN WDT MD RB VB IN JJR NNS IN JJ NN NNS , JJR NN IN DT NNP NNP IN DT NN IN JJ NN , CC JJR NN IN NNP NNP TO VB DT NN IN DT NN IN NNS IN NNS IN DT NN ."
368,1062,mainstream,"DT JJ NN VBZ VBN IN NNP DT NN TO VB DT JJ NN IN NNP HYPH CD . DT NN VBZ VBN NNP HYPH NNP CC VBZ IN DT NNP NN NN , NNP . DT NN MD VB VBN RP IN NNP CC NNP , CC VBZ DT JJ JJ NN IN DT NN RB IN NNP HYPH CD TO VB NN IN NNP . DT NN VBZ RB VBN IN DT NN WDT VBD RB IN NN IN NN . CC WRB MD PRP VB IN NNP HYPH NNP HYPH CD , DT NN WDT VBZ NN HYPH CD . VB JJR : MD NNP , DT CD HYPH NN HYPH JJ NN IN NN , VB IN NN . NNS VBP DT JJ NN IN VBG DT NNS IN PRP$ JJ NN IN DT NN IN DT JJ NN , IN DT NN IN DT NN PRP . DT NNS VBP TO VB CD NNS . DT JJ VBZ VB PRP$ JJ NNS VB IN CC `` VB RP '' DT NN . DT JJ VBZ TO VB DT NN NNS IN PRP VBP VBN TO VB DT JJ CC DT JJ NNS IN DT NN IN NN . PRP RB VBP NNS VBN NNS IN NNS TO VB DT NN NN IN DT NN NN , VB NN NNS CC VB DT JJ JJ NN . VB JJR : VBN : DT NN `` NN '' WDT VBZ DT CD HYPH NN NN VB CC VB JJ NNS DT NNP NN VBZ WP PRP VBP DT `` NN '' NN IN , RB IN VBG DT JJ NN , PRP VBZ RB NN IN PRP . DT NN IN NNP HYPH NNP HYPH CD IN DT NN VBZ DT NN NN , WDT VBZ VBN IN DT NN IN DT NN . IN VBG DT JJ NN , DT NN NN VBZ DT JJ NN TO VB DT JJ NN . RB , NN IN PRP VBZ RB RB JJ IN VBG IN CC VBG DT NNS IN PRP$ JJ NN . NNS VBP RB JJ , WDT VBZ RB VB IN NN NNS . PRP VBP NN PRP MD VB RP . RB RB IN JJ NN , NNP VBZ VBN DT NNP HYPH NN HYPH CD NN NN IN RB JJ NNS , VBN NNS . IN NN NNS , DT NNS VBP IN JJ NNS , RB NN NNS MD VB IN DT VBN NNS IN NN , RB VBG PRP CC VBG VBN . DT NNP NN RB VBZ DT NN VBN NNP HYPH NNP IN DT NNS VBP DT JJ NN NN , NN HYPH NN MD VB VBN TO VB DT RB JJR NN NN CC RB VB RP DT NN NN . DT NNP NN IN NNP HYPH NNP HYPH CD VBZ VBN IN DT NN DT NN VBD RB VBG IN NN , VBN NNP . DT NNP NN VBZ JJ NNS : NNS IN DT NN HYPH NN NN . CC PRP VBZ DT JJ NN IN DT NN -LRB- NN , WDT VBZ IN DT NN IN DT NN NN -RRB- . IN NNP JJ NN , NNP VBD VBG NNP IN DT NN CD JJ NN , DT JJ NN IN JJ NN IN DT NN MD VB VBN . DT NN VBD CD NNS CC NNS VBD VBG IN NNP VBD RB RB IN NNP , DT JJ NN NN . VB JJR : WRB VBP PRP IN IN VBG DT NN IN NN . DT JJ NN IN DT NN VBZ NNS VBD IN DT NN IN CD . JJR NNS VBP TO VB JJR NNS IN NNS , IN NN NNS VBP RBR JJ TO VB IN PRP VBP . DT NN VBZ JJ , IN NNS TO VB VBN IN DT NN IN DT NN . RB , JJ NNS VBP NNP MD VB RB JJR NNS IN NNS IN NNP : RB VBN DT JJR NNS IN DT NN . NNS VBP JJ NNS VBN IN PRP$ JJ NNS WDT VBP RB IN NNS CC MD VB PRP IN VBG NNS IN DT NN CC NNS . RB VBN NNS IN NNP MD VB IN JJR NNS IN NN IN NN . DT NNS VBD JJ IN DT VBN IN DT NN PRP NN IN NNP , CC VBP NNP MD VB DT JJ NN IN NN . RB DT JJ NN VBZ : MD DT JJ NN VB IN NNP HYPH NNP CD . DT JJ NN CD , CD NN MD VB RB CD JJ NNS JJ IN CD CC CD TO VB DT NN POS NN CC VB WRB PRP VBZ DT NN POS NN NN . DT NNS MD RB VB DT NN , IN DT NN NN . DT NN MD VB DT NN , IN DT JJ JJ NNS . DT NN MD VB CD NNS IN NN NNS : DT JJ -LRB- CD NN -RRB- CC DT JJ -LRB- CD NN -RRB- NN . DT NNS MD VB VBN IN NN HYPH NN NN CC DT JJR NN MD RB VB VBN IN NN NN . DT NNS MD VB CD NNS IN DT NN CD NNS RB , IN CD NN WDT MD RB VB CD NN . DT NN VBZ NNS TO VB CD JJ NNS : NFP NN MD DT NN VB DT JJ NN . NFP NN IN RB , WDT NN IN NN VBZ JJS . NFP NN VBP PRP VB NN CC VBP NNS RB . NFP NN VBP PRP VB CD NNS CC VBZ CD JJ . VB JJR : NN NNS VBP RB DT JJ NN RB . WRB VBP PRP VB PRP DT NN . IN PRP VBZ RB RB JJ WRB DT NN MD VB IN NNP HYPH NNP HYPH CD , NNP VBZ VBN PRP VBD JJ JJ NNS IN NNS . CC PRP VBP NNP VBD RB CC VBD DT JJ NN NN IN NN . NNP RB VBD TO VB RB IN JJR NNS , WDT MD VB JJ IN DT NN IN NN HYPH CD . PRP RB VBP DT JJ NN IN NNS , VBN IN DT NN IN NNS : DT JJ NN NN IN DT JJ NN . IN DT JJ NN VBZ JJ , DT NN CD NN IN DT NN MD VB , IN JJR NNS . DT NNP NN VBZ IN JJS CD JJ NN NNS IN NNP HYPH NNP HYPH CD RB IN JJ NN IN DT NN ."
369,87,conspiracy,"DT JJ NN VBZ IN NN IN DT VBN NN IN PRP VBD IN PRP$ NN NN NN IN -LRB- ADD WDT PRP VBD : `` DT NNP NNP NNP NN VBZ VBN NN NNS IN PRP$ NN NN . . . '' CC IN '' PRP VBP PRP IN DT NNP NN VBZ DT NN HYPH JJ NNS , . . . -LRB- IN -RRB- NNS MD VB VBN IN JJ CC JJ JJ NN IN DT NN DT NNS VBP VBN . '' DT VBZ PRP IN NN IN CD NN HYPH JJ NNS WDT PRP VBP VBG VBG NNP CC PRP$ NN NNS : LS -RRB- DT JJ NN VBG PRP$ JJ NNS VBG DT NN IN DT NN HYPH VBN NN IN NN VBZ JJ IN PRP$ NN , ADD IN DT JJ NN IN NNP , FW FW . -LRB- CD -RRB- IN DT NNP IN NNP , LS -RRB- PRP VBP RB VB DT NNP , CC PRP$ `` NN '' IN NN IN PRP , JJ IN DT NN , IN NN JJ IN JJ , VBN , CC JJ NN , CC LS -RRB- DT JJ JJ NN IN PRP$ JJ NN VBZ JJ IN RB HYPH VBN NNS CC JJ NN NNS CC NNS . JJ JJ NN , RB IN NN IN JJ NNS CC JJ NN , VBZ VBN IN DT VBG JJ HYPH JJ JJ NNP NNP NN WDT VBZ TO VB DT RB HYPH VBN JJ NNS CC NNS IN NN IN JJ NN NNS -LRB- RBS VBN DT `` JJ JJ HYPH JJ NN '' -RRB- . IN JJ NNS , PRP VBP DT NNP POS RB VBN NN NN VBG JJ NN NNS CC NN NNS IN DT JJ NN NN IN DT `` NNP IN NNP . '' VB RP DT NN CC VB WP VBZ VBG NNS IN PRP$ NN CC DT NNP VBD NN . PRP VBP IN NN IN PRP$ JJ NN VBD VBN , RB IN DT NN , CC IN PRP$ JJ NN , NN . IN PRP$ NN CC JJ NN , PRP RB VBP CC VBP IN JJ NNS . IN JJ NNS JJ IN RB CD NN , PRP VBP DT CC DT VBN NN IN PRP$ `` NN . '' PRP VBP DT JJ IN RB VBG JJ JJ NNS RB VBN IN DT NNP NNP NNP -LRB- NNP -RRB- , VBG JJ NN NNS , NN NNS , CC VBN NNS IN NNS VBN IN NN NNS TO VB NN IN JJ NNS , NNS , CC NNS JJ IN JJ NNS CC JJ NNS . PRP$ JJ NNS MD VB JJ IN VBG DT JJ NN , CC JJS IN PRP IN DT JJ NN NNS CC NNS VBP RB VBN CC VBN IN PRP$ NNS . JJS NNS IN PRP$ JJ NNS VBP IN JJ , IN RB JJ , VBG JJ HYPH JJ JJ NNS TO VB JJ NN NNS CC NNS . DT VBZ JJ NN NNS CC JJ NNS IN DT NN IN JJ NN WRB , IN NN , NN NN NNS IN DT JJS VBN NNS , VBG NNP , NNP NNP , NNP , CC NNP , VBP VBN VBG JJ CC NN HYPH VBN JJ NNS IN DT NN CC NN IN NN . PRP VBP PRP$ NN CC DT NNP VBZ DT JJ NN IN DT NN CC NN IN DT JJ , JJ , CC RB JJ NN NNP , RB VBN IN DT NN HYPH VBN NN , CC RB VBN IN DT NN IN NNP NN NN IN IN NN VBD DT NN VBD VBN IN DT NN . VBG IN DT NNS CC PRP$ NN POS JJ NN IN DT JJ , IN RB JJ , NN IN DT JJ NN CC JJ NNS VBG NN NNS RB VBZ PRP$ NN . JJ NN NNS MD VB RB RBR VBN VBG PRP$ NN CC DT NNP VB DT JJ VBG NN IN NN IN DT NNP NNPS HYPH NN , DT VBZ , NN HYPH VBN NNS CC JJ NN NN NNS . WRB VBP PRP VB DT NN TO RB VB DT JJ JJ NN NN , CC VB IN DT NN PRP$ JJ NN NN POS NNS . WP VBZ RBS JJ VBZ PRP$ NNS POS NN IN DT JJ NNP WP VBZ RB VB DT JJ NNP , NNP NN IN WP PRP RB VBZ , RB DT NN TO VB DT NN IN JJ CC JJ NN IN DT JJ CC JJ NN NN VBN NNP NNP . IN JJ NNS DT JJ NN NN VBZ VBN TO VB CC VB NN JJ IN NN POS NN . NNS IN DT , IN JJ NNS , VBP JJR NNS IN NN IN NN IN VBN NNS IN NN NN CC DT NN CC NN IN NN , DT JJ JJ NN NN , IN DT VBN `` JJ NN '' RB IN DT NN . IN DT NNS IN PRP$ NN IN PRP$ NN , EX VBP JJ RBR JJ NNS IN JJ NNS VBN IN DT IN WP PRP VBP VBN . CD NN VBZ DT NN IN NN , NN CC DT NNP POS JJ NN , IN NN IN DT NNP JJ NN CC DT NNPS IN NNP NNP CC NNP -LRB- NNP -RRB- , VBG RB VBN DT CD NN NN NNS VBN IN JJ NNS IN NNP NNP NNP CC JJ JJ JJ NNS . VBG IN DT RBS JJ JJ NN VBN CC VBN IN -LRB- ADD DT NN VBD DT JJ NN IN VBG DT JJ NNP NN . IN NN , PRP MD RB VB VBN , VBN , CC VBN IN PRP$ NN NN VBG NN CC , CC NN . PRP VBP IN RB RB HYPH VBG NNS IN PRP$ NNS VBP VBN VBN , RB IN NN , TO VB IN NNS IN NN IN DT RB VBN JJ NNS . PRP RB VBP PRP$ JJ , RB JJ NN , CC VBP JJ IN VBG PRP$ NN HYPH NNS IN VBG , IN DT NN JJ , DT JJ NN VBN TO VB CC VB DT `` NNP IN NNP IN DT NN '' IN DT NN IN NN NN CC DT NN POS NN . RB RB PRP , VBN : NNP , NNP CD , CD CD NN NN : NN IN NN JJ NN IN NNS CC NNS IN : NN IN JJ JJ NN IN NNS CC NNS TO VB , VB , CC VB JJ JJ NNP NNP -LRB- NNP -RRB- NNP NNP NNP NN VBZ VBN NN NNS IN PRP$ NN NN VBG IN DT NN , NN CC NN IN JJ JJ JJ NN -LRB- NN -RRB- . PRP VBP PRP IN DT NNP NNP VBZ DT NN HYPH JJ NNS , JJ IN NNS IN DT NN NN MD VB , VB CC VB NN , CC NNS IN DT NN NN NN CC NN NN MD VB CC VB DT NN VBN TO VB NN , MD VB VBN IN JJ CC JJ JJ NN IN DT NN DT NNS VBP VBN . IN JJ NNS , PRP VBZ IN DT NN TO VB NN NNS , IN RB CC RB IN DT NN IN DT NN NN , NN NN NN , NNS , CC DT JJ NNS , IN JJ NN CC TO VB DT NNS IN NNS CC NNS PRP VBP VBG . NNS IN DT NNP NN MD VB IN JJ NN IN DT NN IN NNP NNP NNP NN CC JJ NN . DT NN RB MD VB IN PRP VBP NN RB IN NNS . IN NN , VBZ IN DT NN VBZ VBN TO VB , VB , VB , VB , CC VB NN MD VB DT NN TO VB DT JJ JJ NN CC NN IN DT NNP NNP , NNP , CC NNP NNP -LRB- NNP -RRB- . DT NN VBZ DT NN IN JJ NN IN JJ JJ NNS CC JJ NNS . VBG IN DT NNPS IN NNP NNP CC NNP -LRB- NNP -RRB- , NNP VBZ DT JJ JJ NN WDT VBZ TO VB VBN RB IN JJ NN HYPH IN HYPH NN NN IN NN CC NN VBG NNS VBG JJ NN TO VB DT JJ NN IN NNS IN JJ NN . NNS MD RB VB VBN IN VBG NNS VBN IN JJ NNS CC RB VBG PRP POS NNS -RRB- , NN , CC NN . IN JJ CC NN NN NNS VBP VBG JJ NNS TO VB NN CC NNS TO VB DT NN , EX VBP RB DT NNS VBN TO VB , VB CC VB NN CC DT NN VBN TO VB DT NN IN NN . IN PRP VBP VBG DT NN NN IN NN , PRP MD RB VB JJ IN DT JJ NN IN NNS IN DT NN NN NN VBZ VBN DT JJ NN VBG IN DT NN NN VBZ VBN VBN TO VB CC VB NN CC VBG IN DT NN IN NN NNS IN DT NN IN NN . DT JJ NN IN DT NNP NNP NNPS NNP , NNP NNP NNPS NNP , NNP IN NNP NNP , NNP NNP NNP NNP , CC NNP NNP NNPS NNP VBZ JJ IN DT NNS POS NN NNS . DT NNP NN RB VBZ PRP TO VB DT NNS PRP VBP VBG IN PRP$ NNS , RB NNS IN PRP$ NNS MD VB , VB , VB CC VB NN . IN PRP$ NNS VBP RB VBN IN JJ CC JJ JJ NN PRP MD VB VBN CC VBN RB . NNP NNS VBP VBN CC VBN DT NNS IN PRP$ JJ JJ NNS CC MD VB VBG PRP$ NN UH VB PRP IN JJ NN TO -LRB- ADD ADD IN CD NNS IN DT JJ NNS PRP VBP VBN TO VB DT NNP NNP , NNP , DT NN IN NNS RB HYPH VBN IN PRP$ NN IN JJ NN CC VBG NNS VBZ VBN DT JJ NN IN NN -LRB- JJ JJ JJ NN -RRB- VBG DT RB HYPH VBN NN IN NN . VBG IN DT NNS , NN MD VB RB VBN IN JJ NNS IN CD NN NNS JJ IN NNP NNP CC DT JJ NNS HYPH NNP FW CC NNP FW CC NNS IN DT NNP NN IN NNS . NNP NNP NNP , DT NNP HYPH VBN , RB VBN NN IN JJ NN CC VBG NNS CC NNP NNP NNP , DT VBG JJ NN CC DT VBG NN IN DT NNP NNP NNP NNP -LRB- NNP VBD DT NN IN NNS RB VBN IN CD . VBN JJ NN NNP NNP NNP , NNP NNP IN DT NNP IN NNP NNP , VBD DT NN HYPH JJ NN WDT VBD NNP NNS MD VB NN NNS IN NN NNS , DT NN RB RBR JJ IN NN IN VBG NNS . NNS NNP CC NNP VBD NNP NNP POS NNS IN VBG CD JJ JJ NNS CC VBP VBN DT JJ NN DT `` NNP NNP NNP . '' DT NN VBZ JJ JJ NN NN NNP NNP NNP , CD IN DT NN POS JJS NNS . NNP NNP , WP VBD DT NNP NNP NNP IN PRP$ JJ NN IN NNPS IN NNP , VBD IN NNP IN VBG DT NN IN VBG IN NNS . IN DT NNPS MD VB `` NN '' NNS IN IN NNS IN NNS CC NNP NNS , PRP VBP IN DT NNS IN DT NNP NNP NN VBP NN HYPH VBN , JJ , RB JJ CC RB VBN IN DT NN NN CC JJ JJ NNS . NNP NNP VBD JJ NN IN NNS WP VBD IN NNP IN NN HYPH JJ NNS IN DT NNP NNP NNP NNP PRP VBZ IN NNP , NNP . DT JJ NNS IN DT JJ NNP NNP NN VBP RB JJ TO VB IN RB VBN NNS , WDT VBP VBN IN JJ NN CC NN . DT NNS VBP : NN NN NN NN . DT VBZ VBN VBN IN NNS TO VB JJ JJ NNS CC TO VB JJ IN DT NN HYPH NN . PRP RB VBZ NNS IN DT NN , DT NNP , WDT VBZ DT JJ NN IN NN . NNP VBZ VBN VBN IN NNS IN NN IN DT JJ NN IN NNS . PRP VBD VBN IN NNP NNPS IN DT NN CC IN DT NN IN NN IN NN CC JJ NN NNS . PRP VBZ VBN VBN RB IN DT NN IN NN CC NN . NNP POS NNP -LRB- NNP NN -RRB- . DT VBZ RBS VBN IN DT NN HYPH VBG `` NN '' WDT VBZ DT NN IN NN IN DT NN . PRP RB VBZ IN DT NN CC JJ NN NN WRB VBN IN JJ NNS . NNP NNPS VBP RB VBN NNP POS NNP TO VB VB NN HYPH JJ NN CD NN . NNP NNP VBZ IN JJS NNP NNS VBP JJ NN NN CC JJ HYPH JJ NNS WDT VBP JJ NNS DT NN IN JJ NN . DT NNP -LRB- FW FW CC NNP FW CC NNPS -RRB- . DT NNS VBP DT RB HYPH VBG JJ NN IN VBN IN NNP NNPS IN NN NNS CC IN JJ NN IN NN . IN CD PRP VBD VBN IN NNS IN DT NNS VBD RB JJ IN NNS . NNP NNP . NNP VBZ DT RB JJ NN IN DT NN IN JJ NNS . DT CD HYPH NN NN VBD RB JJ IN NNP CD NN NNS VBD PRP IN NN . NNS IN NNP VBD IN DT CD NN NN IN NNP VBD CD NN IN NN CC NN NN NNS CC CD NN IN NN NNS . JJ NNS IN NN VBP VBN RB IN DT NN , WDT VBZ PRP VBZ RB VB DT NNS VBN IN JJ NNS . NNS VBP RB VB DT NN IN NNP CC MD VB VBG NNS TO VB PRP$ NN . DT NNPS NNP CC NNP VBP VBN JJ NN NNS IN DT NNP NNP NNP IN NNP NNP NNPS , NNP , DT NN VBN IN NNP NNP NNP . NNP NNP MD VB VBN IN CD CC IN NN IN -LRB- ADD ADD . DT NN VBZ JJ IN CD NNS , VBG DT NNP NNP NNP , DT NNP NNP NNP NNP , DT NNP NNP NNP , CC DT JJ NN . DT JJ CD VBP VBN DT JJ NN : `` VB CD NNS IN DT NN CD NNS IN NN IN IN IN CD NNS . '' IN DT JJ NNS VBP RB JJ IN DT VBN NNS , DT NN VBZ RB VB TO VB VBN IN NNS , IN DT JJ NN VBZ RB VBN IN JJ NNS CC NNS . NNS IN DT CD HYPH NN NNS VBP RB JJ VBN IN DT JJ JJ NNS CC NNS RB VBN IN NN . DT NNS MD VB VBN IN : ADD CC IN NN NN HYPH JJ IN CD"
370,644,mainstream,"IN CD , DT NNP NNP NNP CC DT NNP NNP IN NNP VBD DT NN IN JJ NNS TO VB NN , DT NN HYPH VBG NN , IN NNS RB RB IN JJ . IN DT JJ NN , IN JJR NNS VBD VBN IN DT NN NN NN , DT IN WDT VBD NN , NNS VBD VBN IN JJR NNS IN NN . IN CD , PRP VBD JJ IN NNS TO VB RB JJ IN CD NN IN NN IN DT JJ CD NNS IN NN . NNS VBD VBN IN DT NN IN NN MD VB JJ NNS IN NN NN . IN DT NNS VBD TO VB DT NN , JJ NN NNS VBD DT JJ NN CC VBD NN . DT JJ CC JJ NN IN WDT NN VBD VBN IN NNS IN DT JJ NNS VBD NN IN JJ NN NN NNS , RB , NNP NNP , NNPS IN NNP , CC NNP NNPS . DT IN DT NNS VBD IN NN VBD VBN VBN IN NNS IN DT JJ NN NN VBD RB IN PRP MD VB NN , CC RB IN PRP VBD VBN NN . DT NNS VBD RB VBN IN NN IN NNS VBD VBN NN . IN NNS POS NN IN NN IN NNS MD VB NN VBD JJ : RB VBN DT NN IN WDT PRP VBD VBN : JJ JJ CC JJ NNS MD VB VBN JJ . RB , NNS CC NNS IN NN NN VBP RB JJ IN DT IN NN . RB , NN VBZ VBN IN DT NN RB RBR RB IN JJ NN -LRB- NN -RRB- . RB , DT NNS IN NN VBN IN NN NN CC NN NN JJ TO VB VBN IN DT JJ CD NNS IN NN VBD JJR IN DT NN IN NN VBN IN NNS . JJ NNS VBG IN NN IN NNS VBD NN VBD NN IN JJ JJ NNS . JJ JJ NNS VBD VBN NN IN DT NNS IN CD . RB , DT JJ NNS VBD NN HYPH VBG NNS , IN NNS VBD NNS VBG JJR NNS IN NN CC DT NN . NNS VBG IN NNP , NNP , CC DT NNP NNPS VBD IN NNS WP VBD NN HYPH VBG NNS VBD RB RBR JJ TO VB NN NN NN CC RB JJ NNS IN NN NN IN NNS WP VBD VBN NN HYPH JJ NNS CC NNS VBG JJR NNS IN NN . NNS CC JJ NN NNS VBP RB JJ IN VBG NNS VBP VBN DT NN IN NN IN NNS VBD NN ."
371,1008,conspiracy,"NNP NNP VBD DT JJ NN TO VB NNP IN NN IN VBG DT CD NN NN TO VB PRP IN CC IN NNP NN . DT NN NNS MD VB DT NN IN PRP$ JJ NNS , CC JJ NNS WDT VBP RB RB VBN MD VB RBR VBG NNS RB VBN , CC , UH , NNS MD VB , RB , CC PRP MD VB JJR NNS IN IN JJ NN VBN . IN JJ NNP CD NNS VBP , RB MD DT NNS . DT JJ NN NNS , JJ IN NNP NNP , MD VB IN NN RP IN NNP . EX VBZ DT NN IN NNP VBD NN CC JJ NN IN IN WRB PRP VBD DT NN NN IN NNP . DT NNS IN NNP NNP VBD RP DT NN IN DT NN IN DT NNP NNP NNP -LRB- NNP -RRB- . NNP VBD NNS IN NNP RB IN NNP CC VBD NNS IN NNP TO VB RB RB IN DT NN . DT JJ NNS VBD VBN RP CC VBN IN , WDT VBZ VBN DT JJ NN TO VB IN DT JJ NN . DT NN POS NN IN NNP VBZ VBN VBN RB , CC VBP NN TO VB NNP CC VB IN DT NNP . RB IN NNP NNP VBZ VBG TO VB NNP RP RB IN NN , DT JJ NNS VBP RB VBN VBN , CC PRP VBZ RB RB . NN VBZ VBN IN CD CD IN DT JJ CD NNS RB . RB IN NN VBD RP NN , EX VBZ RB DT JJ NN IN NN IN NN IN NN , NNS , NN NNS , NNS CC NN , TO VB DT JJ . VB NNP NNP IN NNP IN PRP VBZ IN DT NNS CC JJR IN DT NNP NNP NNP HYPH NNP . IN DT JJ NN RB JJ , PRP VBP VBG NN NN NNP NNP RB IN DT NN . PRP VBZ JJ DT NN VBZ VBG RB RP , CC JJ NN VBZ VBN VBN WDT VBZ VBG TO VB RB VBG . NNP MD VB WRB PRP$ JJ NNS VBP RB IN RB ."
372,888,mainstream,"`` PRP VBP RB VB PRP VBP VBG TO VB VBG IN VBG RB IN NN , '' NNP NNP VBD WRB VBN IN NNS IN NNP CC NNP WDT VBP VBG DT NN IN PRP$ NN MD VB NN HYPH IN HYPH NN NNS DT NNP NNPS VBZ RB VB JJR JJ NNS TO VB PRP$ NN HYPH CD NN IN NN , IN DT NN IN DT JJ JJ NN NN VBZ VBN JJ , VBG NN NN NNP NNP VBD NNP . VBG IN NNP , DT NN HYPH NN VBD PRP VBD JJ DT NN MD RB VB DT NN WDT MD VB DT NN , VBG JJ NN NNS `` VBG . '' `` PRP VBP RB VB PRP VBP VBG TO VB VBG IN VBG RB IN NN , '' PRP VBD WRB VBN IN NNS IN NNP CC NNP WDT VBP VBG DT NN IN PRP$ NN MD VB NN HYPH IN HYPH NN NNS . `` PRP VBP PRP VBP VBG TO VB VBG IN VBG TO RBR VB DT NNS IN DT NN WDT VBP TO VB VBG DT NN IN NNS . '' DT NNP VBZ DT NN IN DT NN IN VBN NNS CC IN NNS , IN DT NN NN VBG CD . CC IN JJ NNS NNP NNP CC NNP NNP VBP VBN PRP$ NNS , DT NN VBZ RB VBG IN CD NNS , VBG DT NN IN DT JJ NN NN . NNP VBD DT VBN NN IN DT NN VBZ IN JJ , VBG IN DT JJ NN IN WRB TO VB NNS . `` NNS WRB EX VBP RB DT NNS IN DT , EX VBZ DT NN IN DT NNS VBG , '' PRP VBD . `` EX VBP JJ NNS WRB EX VBZ DT JJ NN IN NN -LRB- WRB -RRB- PRP MD VB NN NNS . '' IN DT NNS IN IN , `` PRP VBP TO VB DT NN IN DT NN , RB : JJ NNS , NN IN NN , VBG NNS RB IN DT JJ VBG NNS . '' IN DT NN IN VBG DT NN POS NNS , PRP VBD DT JJ NN . `` RB , EX VBZ DT NN IN VBG RB IN DT NN IN NN IN PRP$ NNS IN JJ NNS , '' PRP VBD , VBG DT NN VBD VBN RB RB CC VBG TO VB DT NN . DT CD HYPH NN HYPH JJ VBZ VBN DT NNP NNP IN NNP CC NNP NNPS IN CD , CC VBZ VBN DT NN POS NN IN DT NN IN NN RB . DT VBG NN RB VBZ VBN DT NN IN JJ NN IN NN , RB IN DT JJ NN . `` RB WRB DT NNS VBP TO VB DT NN , DT NN WDT PRP VBP VBN VBN IN VBG , EX VBP DT NNS WDT RB VBP DT NNS RB RB , '' VBD NNP . `` CC RB , PRP VBP NNS IN NNS IN NNS CC IN NNS IN DT . RB RB , PRP VBZ DT VBN NN . '' JJ IN DT JJ NN VBP VBN DT NN IN DT NN IN DT NNP HYPH NN HYPH CD NN IN DT `` NNP '' VBN EX VBZ RB VBN DT JJ NN IN DT JJ NN . RB EX VBZ DT NN IN NNS VBP VBN TO VB DT NN IN NN , IN VBG IN NNS . NNP VBD IN DT CD VBD RB JJ . `` DT NN PRP VBP JJR NN IN NN VBZ IN PRP VBP DT NN IN NNS VBP IN NN HYPH CD IN PRP$ JJ NN VBZ DT NN , '' PRP VBD . `` RB NN VBZ RB VBN PRP DT NN IN NN WDT PRP MD VB VBN . '' IN NNS WP VBP VBP NN HYPH VBG NNS , NNS VBP JJ IN DT NNS MD RB VB VBN IN DT JJ NN . NNP VBD PRP VBD `` RB JJ '' IN DT NNP NNPS IN NNP POS JJ NN NNS IN DT NNP NN , RB RB IN JJ NNS IN DT JJ NN WDT VBD `` VBG '' VBG NNS . CC PRP VBD IN RB IN DT NNP NN CC DT VBN IN NNP NNP VBD TO VB `` RB RB , '' PRP VBD RB VB PRP$ JJ NNS MD VB DT JJS . IN DT NN NN , NNP VBD PRP VBD `` RB JJ '' IN NNS IN DT JJ NN IN DT NN NN , WDT VBD VBN TO VB NNS IN NNP HYPH CD NNS IN NNS IN DT NN . `` PRP VBD DT NN , IN RB RB RB DT NN IN VBG NNS JJR RB RP , '' PRP VBD . `` DT VBZ RB JJ IN VBG IN RB RP IN NN , PRP VBP DT JJ NN TO VB DT NN . ''"
373,649,mainstream,"DT NN NNS VBP TO VB DT JJ NNS IN NNS , NNS CC NNS , CC JJ JJ NNS . PRP MD RB VB PRP VBG IN DT VBG NN CC VBG NNS . PRP$ NN MD VB PRP$ NN CD NNS IN JJ JJ NNS IN DT NN , IN CD , CD , CD , CC CD NNS . IN PRP$ NN VBZ VBN DT NNS , CC IN DT NN VBZ VBN VBN WDT VBZ JJ NN , JJ NNS MD VB VBN . WP TO VB IN DT NN NN DT RB HYPH NN NNS IN PRP$ NN POS JJ NN VBP JJ IN DT RB , CC NNS IN PRP$ NN IN NN CC NNS MD VB RBR JJ IN PRP$ NN VBZ JJR . NFP NN IN PRP$ NN POS NN , NN , CC NN NN . NN MD VB VBN IN DT NN NN , CC PRP MD VB VBN IN PRP$ NN POS NN . NFP DT NN IN PRP$ NN POS NN IN CC NN CC PRP$ NN NN . VBZ PRP$ NN VBG TO VB . VBG . VBG JJ NNS . VBG DT JJ NNS . VBG CD NNS IN NN CD . DT NN MD VB PRP DT NNS CC NNS IN PRP . NFP DT NN MD VB IN NN NNS JJ IN : VBP PRP VBN PRP$ NN . -LRB- PRP MD VB TO VB PRP$ NN NNS RB IN PRP$ NN MD VB CC VB . -RRB- VBZ PRP$ NN IN DT JJ NN NN IN VBG IN DT NN . NFP DT NN IN PRP$ NN POS NN NNS . VBZ PRP CC PRP VBG DT NN IN NNS . NN NN CC VBG DT NN . VBG DT NN . VBG VBN IN DT NN CC NN . JJS NNS VBP DT NN IN NN TO VB IN CD CC CD NNS . NFP NN IN WP TO VB IN DT VBG NNS . IN PRP VBP RB RB , NNS DT NN MD VB DT NN NN NN , RB DT IN NN IN NN . PRP MD VB VBN NNS IN WRB TO VB DT NN CC VB NNS IN DT NN POS NN . PRP$ NN MD VB DT NN NN TO VB IN NN CC NN NN . VB DT NNS CC NNS PRP VBP , CC VB RP DT JJ NNS DT NN VBZ PRP VBG JJ NN . VB VBG PRP$ NN POS JJ JJ NN , VBG NN IN NN CC DT NNS CC NNS . DT NN WP VBD RB VB PRP IN DT CD HYPH NN NN MD VB DT NNS IN CD NNS : NFP DT JJ CC JJ NNP NN , VBG IN DT NN IN DT CD HYPH NN NN , IN RB RB VBN VBN , NNS MD VB : SYM JJ NN NN NN -LRB- NN -RRB- , WDT MD VB VBN VBG IN CD NNS SYM RB VBN NN NN -LRB- NNP -RRB- , WDT MD VB VBN VBG IN CD NNS PRP$ NN MD RB VB DT NN NN , WDT VBZ VBN DT NN IN NN NN IN NNS JJR IN CD NNS . IN PRP$ NN VBZ IN JJ NN IN VBG JJ NN , DT JJ NN WDT MD VB IN JJ NN , PRP$ NN MD VB DT JJ NN RB RB . VB JJ NN NNS IN PRP$ NN CC VB NN IN WRB TO VB IN NNS . IN DT CD HYPH NN NN , NNS VBP DT NN NN TO VB VB JJ NNS CC NN . EX VBZ DT JJ NN IN JJ WRB PRP VBZ IN VBG JJ NNS . CC IN CD NNS , JJS NNS : SYM VB IN PRP$ JJ IN NN CD , NNS MD VB JJ TO : SYM VB CD NNS RB TO VB DT NN VB IN PRP$ NN IN PRP VBP NNS IN PRP$ NN POS NN . WRB MD PRP VB DT NN . IN RB PRP VBP RB VBN PRP$ NN POS NN JJ NNS IN NNS CC NNS IN PRP$ NN POS NN . VB RB VB TO VB DT NN IN PRP VBP IN NN VBZ JJ : PRP VBP PRP$ NN JJS . CC RB VB DT NN IN PRP$ NN VBZ DT NN , VBZ VBG JJ , VBZ JJ NNS VBG , VBZ VBG DT NN CC NN , VBZ VBG , CC VBZ NN ."
374,88,conspiracy,"NNP : NN IN DT JJ NNP NNS . WRB NN NNS VBP RB JJ JJ NNS WDT VBP JJ NN JJS NNS VBP PRP VBZ RB JJ TO VB NN NNS , VBG IN PRP$ NNS VBP JJ , NN HYPH VBN NNS TO VB CC VB VB NN NNS CC JJ NNS WDT VBP RB VBG RB . WDT JJ NNS VBP PRP VB , IN DT . VB PRP DT NN : JJ NNS VBP IN NN IN CD NNS TO VB WRB TO VB JJ NNS IN VBG DT IN PRP$ NNS IN JJ JJ JJ NNS , RB MD RB PRP RB VB DT NN RP CC VB WP PRP VBP VBN , WRB PRP VBP VBN , IN VBG JJ , JJ NNS WDT MD RBS RB VB NNS IN NNS . WRB JJ NNS , IN DT , VBP RB VBG IN JJS CD NN IN NN , NN , NN , NN , NN NN , NN CC NN . RB , EX VBP NN IN PRP , IN PRP VBP IN `` JJ '' NN VBZ RB RB NN IN DT , CC NN HYPH NN HYPH RP NNS IN JJR VBN NNS WDT RB RB VBP IN WP PRP VBP , VBP CC VBP IN PRP$ NNS . VBP PRP DT `` NN NN '' WRB PRP RB VBP DT NNS VBN IN PRP IN DT JJ NN . NN NNS CC PRP$ NN IN NNP VBP RB IN DT NN . PRP DT VBD IN DT NN VBN IN NN CC NN VBN NNP . UH , PRP VBD DT NN `` NN '' WDT NNS VBD IN NN , NN , NN CC JJ NN . VB JJ . PRP VBD RB JJ , IN DT VBN HYPH RP NN MD VB . IN NNS IN DT NNS IN NNP VBD VBN IN VBG IN NNS CC NNS , PRP RB VBD IN DT NN IN NN IN NNS CC JJ NNS , CC NN . RB , RB CD CD NNS NN NNS RB . JJ NNS VBP VBN IN CD . NN IN NNS IN NN -LRB- VB IN NNP -RRB- CC NN -LRB- VB IN NNP -RRB- , DT NNP VBZ DT JJS NN IN JJ NN NNS . VBD PRP VB IN IN DT JJ CD NNS , NN NNS VBP VBN JJ JJ NN IN DT NN IN NN RBR RB IN NN CC NN . RB PRP VBP RB JJ IN NN , RB . VBD PRP VB IN DT NN VBD NNP NNP , CC IN DT NN NN HYPH VBN PRP$ JJ NN NN WRB PRP VBD NN IN DT JJ NN CC VBD PRP IN DT NN IN NNP IN DT NNP NNP . VB PRP$ NN IN NN CC JJ , JJ , NN HYPH VBN NN NNS VBP JJ IN PRP . VBP PRP DT NN NN IN DT NN IN DT VBN , JJ NN VBG VBN RP IN JJ NNS CC JJ NNS . VBP PRP VBN VBN RB IN PRP$ NN NNS VBP RB `` JJ . '' DT VBZ IN NNS VBP PRP TO VB IN EX VBZ DT NN , RB JJ NN '' NN . '' VBP PRP VBN VBN PRP VBP DT JJ NN IN PRP$ NN . DT VBZ IN PRP VBP VBG NNS RB IN PRP$ NN CC NN , VBG IN JJ NNS , NN NN , NN NNS CC NNS . JJS NN NNS CC NNS VBP RB VBN IN NN CC NN , CC RB VBP `` RB HYPH VBN '' IN NN CC NN NN WRB NN NNS VBP NNS NNS IN NNS TO RB VB `` UH . '' IN JJS JJ NNS , JJ `` NN '' VBZ RB VBN , JJ , VBN CC VBN TO VB DT NNS DT NN NNS VBP TO VB NNS CC VB JJR NN CC NN -LRB- VB IN DT NN NN CC NNP NN NNS RB -RRB- . RB DT JJ NN NN VBZ CD JJ , JJ JJ NN WDT DT NNP VBZ VBZ RB DT NN . RB DT NN PRP VBP NN NNS VBZ IN PRP VBP VBG NN NNS . VB IN DT IN DT NN . RB VB DT NN : IN DT NN NN VBZ DT NN , CC VBN NNS VBP NNS IN NNS , RB VBP PRP RB VB PRP$ NN NNS , WDT VBP VBN RP IN DT JJ NN NNS CC NNS , VBP VBN IN PRP$ `` JJ NN '' IN NN . VB PRP VB DT JJ NN IN WP PDT DT JJ `` NN NNS '' VBP VBG . NNP -LRB- VB HYPH NN NN -RRB- MD VB JJ NNS . NN MD VB NN IN PRP$ NNS CC NN NNS . NNP MD VB PRP$ NN . NNP VBZ RB JJ CC JJ NN MD VB NNS . NNP MD VB PRP TO VB RP NN . NN MD VB RP PRP$ NNS , CC MD VB NN NN CC JJ HYPH NN NN NNS . NNP VBZ DT NNS NNS CC VBZ NN NNS . NNP MD VB JJ NN . NN MD VB PRP NN NNS CC JJ NNS -LRB- VB RB JJ . -RRB- . NNP MD VB NN NNS JJR , VBG IN JJ NNS CC NN . NNS CC NNP VBP DT NN IN NN NNS CC NN NN . UH NNP : VB PRP VBN , VBN RP CC VBG IN DT VBN NN IN JJ NNS CC DT NNS . DT VBZ DT NN IN NN NNS , NN NNS , RB VBN NN CC VBN NN NN . PRP VBZ NN TO VB JJ CC JJ IN JJ . VB IN DT JJ NN CC VB NN WDT VBZ NN NNS JJR IN DT NN PRP VBP VBG VBG . RB VB DT NN IN JJ NNS IN NNP . VB , PRP VBP RB VB TO VB DT NN NN ."
375,1009,mainstream,"JJ NN VBZ DT NN IN DT NN IN DT NNS IN DT NNS VBP RB JJ IN NN RB . JJ NN NN VBZ DT NN IN WDT DT NN VBZ DT NN . DT NN VBZ DT NN , WDT VBZ DT NN IN VBG NNS RB JJ IN DT IN DT NN , VBG DT NNS VBP RB JJ IN NN RB . DT NN IN CD NN CC JJR VBZ RB VBN TO VB RB JJ . JJ NN VBZ DT NN IN DT JJ NN , WDT VBZ IN DT NNS VBP JJ IN NN RB . DT NN NN VBZ JJ NN WRB DT NN VBZ RB JJ . WRB DT NN VBZ JJ , RB DT NNS IN DT NNS VBP JJ IN NN RB , CC DT NNS VBP VBN JJ IN -LRB- IN RB VBG -RRB- DT JJ NN . WRB DT NN VBZ RB JJ -LRB- FW , CD NN CC JJR -RRB- , RB DT NNS VBP RB RB VBN IN NN RB , CC DT NNS VBP VBN JJ IN DT JJ NN , IN DT NN DT JJ NN IN NN RB IN DT NN IN DT NNS VBZ VBN IN NN IN DT RBR JJ NN . VB NNP NNP , DT JJ NN , VBZ JJ IN IN IN DT NNS VBD JJ NN IN DT NN POS JJ NN . NNP VBZ TO VB DT NN IN JJ NN NNS JJ IN DT NN POS NN IN DT RB TO VB IN EX VBZ DT RB JJ NN IN DT CD NNS . DT NN POS NN VBD CD NN -LRB- SYM CD NN -RRB- , VBG IN DT NN RB JJ IN DT VBN -LRB- SYM CD IN CD -RRB- VBZ RB JJ IN DT NN HYPH JJ NN . RB , DT NNS VBP RB VB JJ NN IN JJ NN IN NN . IN DT JJ NN , IN DT NN VBD CD NN -LRB- RB JJR IN CD NN -RRB- , RB DT VBN NN MD VB RB JJ IN DT NN HYPH JJ NN . IN DT NN , NNP MD VB TO VB DT JJ NN , CC TO VB RB IN DT NNS VBD JJ NN . JJ NN VBZ RB VBN TO VB JJ JJ NNS , VBG NNS , NNS , CC NNS . RB JJ NNS IN JJ NN RB VBP NNS IN WRB JJ DT NN VBZ IN VBG JJ NNS . IN NN , NNP NNP , DT JJ NN IN NN NN , VBD IN EX VBD DT RB JJ NN IN NN CD NN WRB PRP VBD PRP$ JJ NN . DT NN VBD IN CD NNS IN VBN NN IN NN NNS , CC DT NNS VBD DT NN WDT VBD JJR IN CD NN . DT VBZ IN NNS CC JJ NNS IN DT NNS VBP DT RB JJ NN IN NN CD NN . NN NNS IN NN NNS VBP RB VBN RB IN NNS IN JJ NN IN PRP$ JJ NNS ."
376,581,conspiracy,"DT NNP , WP VBP RB VB VBN , RB VBP NN , NN , CC NN NN : NN . VB RB VB IN IN NNS VBP CC RB , CC IN CC RB PRP VBP NN , IN PRP VBP JJ IN DT RB VBN NN . IN DT NN IN NNS CC NN VBZ NN JJ , TO RB VB IN PRP MD VB PRP VBN IN DT `` NN '' CC DT NN NN IN NNS IN DT NN -LRB- VBN NNS -RRB- WDT VBP DT NN DT NNP VBZ RB RB VBZ , CC VBZ CD NN JJ CC CD NN JJ CD NN IN DT NN . RB IN DT NNS VBP DT IN DT NN , VBP PRP JJ DT NN NN . DT VBZ DT JJ NN , IN CD NN PRP MD RB VB VBZ IN NNS WP VBP NN HYPH VBG NNS -LRB- VBN IN NN RB -RRB- VBP CD NNS RBR JJ TO VB NN IN DT WP VBP RB VB DT NNS . DT VBZ IN DT JJ NN VBN IN DT NNP POS JJ NNS . RB VBP TO VB PRP DT NN HYPH NN NN . NNS IN NNP VBP RB VBN TO VB NNS IN DT , CC VBP PRP VBN TO VB JJR IN DT NNP VBZ , CC PRP VBP DT NN IN DT NNP : DT JJ NNP NNP NNP : WDT VBZ DT NN TO VB RP DT `` NNS , '' RB RB VBG RP PRP$ NN TO VB NN . JJ NN : MD DT NNS IN NN RB VB RP IN NN VBD VBN IN DT NNS , VBG NN NNS . -LRB- IN DT NN , DT NNP VBD WRB PRP VBD NN VBZ VBN VBN IN DT NNS -RRB- . NN VBZ DT NN IN NN IN DT NNP NNS IN NNP IN NNS , NNS VBP RB VBN IN NN . PRP VBZ IN NN CC NN , CC VBZ VBN RP IN DT NN IN NNS CC VBN , VBN CC VBN IN JJ NNS , CC DT IN DT JJ . IN NN , DT JJ NN NN NN -LRB- NNP -RRB- NN IN DT JJ CD NNS IN DT NNP RB VBZ IN DT NN NN NN , IN NN CC NN , VBN IN DT NNP . TO VB WRB NN VBZ JJ IN JJ IN DT NNP , VB IN DT NNP VBP VBN `` VBN RP '' IN JJ JJ CC JJ `` NN '' IN NNS , RB PRP VBP VBN JJR NN IN DT JJ NNS WDT VBP NN , VBG DT RBS JJ NNS . VB DT JJ NN IN DT NN IN NNP JJ NN CC VB TO VB PRP RB PDT DT CD NNP NNS IN NN CC PRP MD VB RB JJ . IN NNS VBD PRP$ JJ NN , EX MD VB RB CD IN DT NNP NN , CC IN NN , EX VBP RB CD , CD IN WDT VBD VBN CC VBN RP IN NNP . VB NN . DT NN RB VBD VB VBN CC VBN NN RB RB . VB NN RB . RB VBP DT JJ CC JJ NNS TO VB . NN VBZ RB CD CD NNS IN DT NN , CC VBZ IN NNS CD IN CD NNS RBR RB IN NNS . IN DT NNP , CD IN DT CD NNS VBZ DT NN IN NN , DT CD NN NN IN RB CD . WRB VBZ DT , PRP VBP VBG PRP . NNP NNPS NNS VBP CD NNS IN NN CD , JJ WDT VBP NNS VBG JJ NN NNS , NN , NN -LRB- UH , NN NN IN DT JJ -RRB- , NN NN -LRB- NN -RRB- CC NN , RB TO VB DT JJ NNS . NN NNS VBP DT JJS NNS IN NN , IN IN CD NNS WP DT NNP VBZ IN DT NN IN NN NN CC JJ NN . NNP VBZ DT JJ RBS JJ NN VBN IN NN . IN IN JJ NNS , DT NNP VBP IN IN DT NNS RB IN DT NNP , PRP VBP RB VBG IN IN CD IN DT RBS JJ NNS IN DT NN NN : NN NN , NN -LRB- JJ NN -RRB- CC IN NN , DT NN -LRB- NNS , NNS , NN NN -RRB- WDT VBD VBN IN DT NNP NN HYPH NN HYPH NN CC JJS JJ NN HYPH NN IN NN , RB . VBG IN NNP VBZ , DT JJ NN NN IN NN NN RB VBZ NN -LRB- CD NN NN -RRB- . DT JJ JJ JJ NNS CC DT NN IN NNP NNS VBP VBN DT JJ NN NNS IN PRP$ NN POS JJ NNS . JJ NNS VBP RB DT NN NNS IN DT , IN NN . CC VBP DT NNP VBG JJ NNP NNS IN NN , NN NN CC NN . DT MD RB VB IN PRP VBP RB VB NN , VB JJ NNS , CC NNS . RB , DT NN VBN JJ NN MD RB VB DT NN IN JJ NN IN JJ NN , CC DT NN VBZ IN PRP . RB , DT NNP VBZ TO VB DT NN NN CC RB RB VBZ JJ NNS , JJ JJ NN NNS , NNS CC JJ `` NNS '' IN NN . PRP VBZ RB IN NN CC JJ NN DT NNS , IN PRP RB VBP NN WDT VBZ RB VB IN DT NN IN JJ CC JJ `` NN NNS , '' IN NN NN NN , NN POS NN CC NN NN ."
377,359,mainstream,"IN DT NN : PRP VBD DT NN VBG DT JJ NN WDT VBD JJ NNS VBG NNS . DT NN NN CD -LRB- NNP SYM CD -RRB- VBZ VBN IN NNP IN NNS CC NNS TO VB DT NN . PRP$ NN IN DT NN IN DT NN , IN JJ NN IN JJ NN , IN PRP$ NN IN NN CC DT VBN JJ JJ NNS , VBD NN IN PRP$ JJ NN JJ . DT NN IN VBG NN HYPH CD NN VBZ IN DT NN IN DT NN , DT NN IN JJ NN , CC DT NN IN DT JJ NN . DT NNS IN DT NNP NNPS VBP VBN RB VBN , CD CC DT NN JJ IN DT NN IN NN CC NN IN NN , VBN IN DT NN TO VB IN PRP$ JJ NNS IN JJ CC JJ NN NNS , VBZ VBN IN JJ NNS IN DT NN . JJ NN -LRB- NN IN NN CC VB IN NN -RRB- VBN IN NNS , VBD DT NN IN JJ IN PRP$ NNS . IN DT NN IN DT NN CC DT NN WDT VBZ NN , IN IN JJR NN NN , JJ NN IN DT NN VBZ JJ IN DT JJ NN IN DT JJ NNS VBN IN DT NN IN JJ . IN NNS , PRP VBP VBN IN VBG DT NN IN NN NN IN CC IN VBG IN NNS , IN JJ NNS VBP IN JJ NN VBZ IN NN IN NN HYPH JJ NNS CC NN NN . NNP NNP , NNP , NNP , NNP CC NNP PRP RB VBP VBG DT NN CC NN IN DT JJ , VBN NN . PRP RB VBD PRP$ NN RB WRB DT JJ NN NN VBD RB DT JJ NN . DT NN IN PRP$ NN IN NN HYPH CD CC JJ NNS CC NNS VBZ PRP$ NN IN NN . DT NN IN NN HYPH CD NNS VBZ VBN TO VB IN IN CD NNS DT IN NN , VBG DT NN TO VB . NN NNP , NNP NNP , NNP , NNP , NNP CC NNP IN DT JJ NN , JJ NNS IN NN , JJ IN NN NN VBP RB VBN IN DT NN , RB DT NN MD RB VB VBG . PRP$ NN IN NNP HYPH CD NN VBZ VBN VBN IN PRP$ JJ NN IN JJ NN . DT NN IN VBG JJR NN IN NNP HYPH CD IN NNS VBZ IN DT NN IN NNS -LRB- CD -RRB- TO VB CC VB DT VBN , -LRB- LS -RRB- TO VB NN NN NN , -LRB- LS -RRB- TO VB JJ NN , CC -LRB- CD -RRB- TO VB NN NNS . NNS CC JJ NN -LRB- NN , NN , VBN NN -RRB- NN VBZ VBN RB VBN TO VB VBN NNS IN DT NN IN JJ NN CC VBG JJ NN . NN , RB , VBZ RB NN NN CC MD VB VBG DT JJ NN IN NN . JJ NNS IN JJ NN NN NN NN VBD RB JJ NNS . LS IN DT JJ NN , VBG NNS JJ IN NN HYPH NN IN CD SYM CD NNS JJ IN DT NN , VBZ DT NN IN DT NN VBG RB VBN IN DT NN IN DT NN . JJ NN VBZ DT NN IN NNS TO VB VBN NNS , CC NN NN IN VBG JJ NN CC VBG NN MD VB DT NNS IN NN IN DT NN . TO VB JJ HYPH VBG NNS WDT VBP VB NN HYPH CD CC JJ JJ JJ NNS , PRP MD VB TO VB CC VB JJ NNS . CD IN DT JJ NNS IN NNS POS NN IN JJ NN VBZ NN NN . NN NNP , NNP CC NNP HYPH NNP NNP NNP , NNP CC NNP NNPS VBP RBR JJ TO VB IN DT VBN JJ NNS IN PRP VBP IN PRP VBP JJ IN VBG DT NN -LRB- UH , VBN NN -RRB- CC IN DT NN VBZ VBN TO VB IN JJ NN NNS -LRB- FW , VBN NN -RRB- . NNP NNP CC NNP , NNP NNP , NNP , NNP , NNP , NNP CC NNP RB , VBG IN DT NN NN NN , NNP NNP CC NNP NN NN VBZ DT NN CC JJ NN IN DT NN IN JJ NNS . NN NNP , NNP CC NNP IN NNS IN NN , NNS RB VBP PRP$ NN TO VB IN DT NN -LRB- FW , NN NN -RRB- . RB , DT NN TO VB IN JJ NN VBZ VBN IN DT NN IN DT VBN JJ NNS MD VB IN JJ NNS -LRB- FW , NN NN -RRB- CC WRB EX VBZ NN IN PRP POS NN TO VB JJ NNS -LRB- UH , NN HYPH NN , IN NN , `` PRP VBP JJ TO RB VB NN NN CC NN . '' -RRB- . NN NNP CC NNP IN NN , NN NN CC NN HYPH NN NNS VBP RB VBN IN DT NNS IN NN IN WDT NNS VBP VBN -LRB- NN , NN , NNS , JJ NN NNS -RRB- . NN VBN JJ CC VBG IN DT JJ NN MD RB VB PRP POS NN TO VB JJ NN . NN NNP , NNP CC NNP JJ NN VBZ VBG DT NN PRP VBP VBG , VBG IN JJ VBZ WRB TO VB DT NN , CC VBG JJ NNS TO VB JJ NNS . NN NNP , NNP , NNP CC NNP PRP VBP VBG PRP$ NN TO VB JJ NN IN DT JJ NN TO VB NN IN NNS VBN IN NNS CC NN . DT VBZ JJ NN NN , DT NN NN CC VBG NNS , VBG JJ NN , CC VBG NN IN DT WDT VBP JJ . IN NN , PRP VBP TO VB JJ NN IN WRB TO VB NN NN , WRB TO VB DT NN IN NN NN , CC WRB TO VB NN NN NNS RB . DT NNS VBP RB RB VBN CC VBN IN DT NN IN DT NNS VBP NN IN PRP$ JJ NNS . IN NN , JJ NNS IN DT NN CC JJ NNS MD VB VBN TO VB DT NN WDT VBZ JJ IN DT NNS IN VBG JJ NN . RB , JJ IN VBG PRP$ NN DT NN IN NN IN PRP$ JJ NN , PRP MD VB TO VB DT NN CC NN IN VBG DT JJ NNS IN DT VBN NN ."
378,371,mainstream,"NNS IN NN CC JJ NN NNS NN VBD DT JJ NN TO VB RB TO VB DT NN CC NN IN JJ NNS , NNS CC NNS IN NN HYPH CD CC VB JJ NN RB . DT NNP HYPH CD NN VBZ RB VBN JJR IN CD CD NNS , VBG RB CD . PRP VBZ VBG DT JJ NN IN NNS , NNS , NN NNS CC NNS IN DT NN , CC IN RB RB IN DT NN VBZ DT NN , DT JJ NN VBZ IN NN . EX VBZ DT JJ NN , RB , IN VBG VBG NNS TO VB NNS RB VBN CC TO VB CC VB DT NNS IN NNS WP VBP JJ , IN JJ NN HYPH CD NNS , NNS CC NNS . `` PRP MD RB VB NNP HYPH CD IN NN , '' VBD NNP NNP NNP NNP , NNP NN HYPH NNP . `` NNS , NN NNS , NNS , CC DT JJ NN MD VB RB CC VB IN DT NNS IN NN CC NN MD VB NN . '' NN VBZ RB VBN . IN NNP , NNP VBZ VBN VBG IN NNS IN NNS IN NNS TO VB CC VB NNS , VB NNS CC VB JJ NNS IN JJ NN NNS CC VB NNS TO VB NN NNS . DT NNP VBZ VBN NNS WDT VBP VBG VBN RB IN DT NN , CC JJR VBP IN DT NN . CC PRP VBZ VBG DT JJ NN TO VB DT NN CC NN IN CD NNS IN NN HYPH CD . DT NN VBZ TO VB RP CC VB NNS TO VB IN IN NNS VBP VBN JJ CC JJ , PRP MD VB VBN IN DT NNS IN NNS IN DT NN WP VBP PRP . JJ NN , IN DT JJ NNS IN NN NN , IN NN , CC IN DT NN IN NNS IN DT NNP NN IN CD , VBZ IN RB WRB NNS VBP JJ , PRP VBP RB VBN RB JJ IN DT . RB NN NNS VBD RB IN DT JJ NN , VBN IN DT NNP NNP NNP , DT NNP IN NNP , DT NNP IN DT NNP NNP , CC DT NNP CC NNP NNP NNP . DT NN VBD VBN IN DT NNP NNP NNP , DT NNP NNP NNP , DT NNP NNP , NNS IN NN IN NNP , NNP NNP , NNP , NNP , NNP NNP , NNP , NNP , NNP , NNP , NNP CC DT NNP -LRB- VBN IN DT NNP NNP IN NNP -RRB- . NN NNS IN DT NNP IN NNP NNP NNPS -LRB- NNP -RRB- , NNP , DT NNP NNP , DT NNP NNP , NNP , DT NNP NNP , DT NNP NNP NNP CC NNP NNP NNP -LRB- NNP -RRB- , DT NNP NNP IN NNP NNPS -LRB- NNP -RRB- , DT NNP NNPS NNP NNPS POS NNP -LRB- NNP -RRB- , CC DT NNP NNP CC NNP NNPS NNP -LRB- NNP -RRB- VBD TO VB RB , VBN IN DT JJ NN IN DT NN VBN IN JJ NN CC DT JJ JJ CC JJ NNS IN NNP HYPH CD , TO VB DT JJ NN . PRP VBP VBN IN CD JJ NNPS : NNP NNP HYPH NNP , NNP NNP NNP CC NNP NNP NNP , JJ NN IN NNP . PRP VBD TO VB IN JJ JJ NN VBN IN DT JJ NN IN NN . PRP VBD TO VB DT JJ JJ NN , TO VB IN JJ NN CC TO VB JJ IN DT NN , IN NNS CC IN CD DT . `` PRP$ VBN NN VBZ TO VB DT NNS VBP NN IN PDT DT NNS TO VB , VB , VB CC VB NN HYPH CD , '' VBD NNP NNP . `` DT NN CC DT NN MD VB DT RB . DT NN IN NNP HYPH CD NNS NN VBZ RP DT VBN NN IN JJ NNS TO VB IN NN CC NN . '' NN NNS VBD IN DT JJ NN CC JJ NNS TO VB DT JJ NN CC IN NNS TO VB DT JJ NNS TO VB NN IN PRP$ NNS , VBG IN DT NN VBN IN DT JJ NN NN WDT VBZ IN CD NNP CD . DT NN , VBN IN DT NNP NNP , VBZ TO VB DT JJ NNS VBN TO VB DT NN IN VBG DT NN IN NNP HYPH CD ."
379,289,mainstream,"NFP EX VBP JJR IN CD JJ NN NNS IN DT NNS . NFP VBG IN NNS IN NNP NNP , EX VBP CD NNS WDT VBP DT NN TO VB IN VBG JJ CC JJ . NFP DT NNS VBG DT NNS VBP NNP NNP , NNP IN NNP , NNP IN DT NNP IN NNP , NNP , RB RB IN NNP CC NNP CC NNP POS NN IN NN IN NNP . NFP DT NN IN DT NNS , DT NNS VBD , MD VB RB IN $ CD CD IN $ CD CD IN DT NN , CC RB IN $ CD IN $ CD CD WRB DT NN VBZ JJ IN DT NN NN . NNS VBP VBG TO VB JJ NNS TO VB DT NN NN . EX VBP JJR IN CD NNS IN NN , DT IN WDT VBP VBN IN JJ NNS RB NNS IN DT NN VBD VBN . DT NNS VBP VBG IN JJ NN , IN NNS VBG JJ NNS JJ IN NN NN IN DT NN . IN DT , NNS IN NNP NNP VBP CD NNS VBP DT NN TO VB : CC IN VBG JJ CC IN VBG RB JJ . CD VBP RB IN JJ NNS . DT NNS VBG DT NNS VBP NNP NNP , NNP IN NNP , NNP IN DT NNP IN NNP , NNP , RB RB IN NNP CC NNP CC NNP POS NN IN NN IN NNP . NNP NNP VBZ VBG CD NNS IN JJ NNS VBG JJ IN DT NN . NNP , NNP HYPH NNP , NNP HYPH NNP IN NNP , CC NNP MD VB DT JJ NN IN DT NN IN CD . DT NNS VBP DT NNP NN JJ IN DT JJ NN IN CD , CC DT NNP HYPH NNP NN JJ IN DT JJ NN IN CD . TO VB JJ , EX MD RB VB JJ NN IN CD . NNS IN NNS MD VB JJ IN DT NN DT NNS VBP VBN IN NN NN IN DT NN , CC CD SYM CD CD NNS MD VB JJ IN NN IN DT NN IN CD . DT NNS VBD PRP VBP `` JJ NN '' IN DT NNS TO VB IN NN , IN NNS IN DT NNS IN NNS IN NN . DT NN IN DT NN NNS , DT NNS VBD , MD VB RB IN $ CD CD IN $ CD CD IN DT NN . CD NNS VBP RB IN JJ NNS IN NNP , NNP VBD DT JJ JJ NNS IN PRP$ NN NN . DT JJ NN IN CD JJ NNS VBN IN VBG DT NN IN DT NN VBD IN DT NN VBD DT JJ NN IN DT NNS . NNP VBZ VBG TO VB DT NN IN DT NN RB VBG IN WRB JJ DT NN MD VB , IN DT JJ HYPH NN NN VBN TO VB IN NNP . DT NNS WDT PRP VBD `` RB JJ CC RB VBN , '' IN JJ NNS . DT NN RB VBD TO VB CD JJ JJ NNS IN CD CC CD , CC VBZ RB VBN IN CD NNS TO RB VB PRP IN JJ NNS . DT NNS VBN IN NNP VBD IN DT JJ JJ NN NNS . IN DT IN DT NNS , NNP VBD JJ NNS , NN HYPH VBG NNS WDT VBP DT JJ NN IN DT NN POS NN NN . PRP VBZ RB JJ WRB JJ NNS VBP VBN IN DT NN TO VB IN DT NN , CC DT NNS VBP DT NN VBZ IN DT JJ NN . `` PRP VBP DT NN IN NN VBZ PRP IN DT VBZ DT JJ NN CC PRP MD VB JJ , '' NNP POS JJ JJ NN NNP NNP VBD IN DT NN TO VB DT JJ NN POS NNS . NNP VBZ VBG JJ NN NN DT NN CC VBZ TO VB JJ NNS . DT JJ NN MD VB IN CD . NNP , VBG IN JJ NN NNP , VBZ VBG CD NNS IN JJ NNS . DT CD VBP TO VB NNS IN NNS JJ IN NNP CC CD CD NNS IN DT NN IN CD . DT NNP IN NNP VBZ TO VB NNS IN PRP$ NNS IN JJ NNS RB RB IN NNP CC JJ NNP . PRP VBZ VBN RP IN NNP TO VB IN NN IN DT NN . NNP , DT NN VBN IN NNP , RB VBZ PRP$ NN NN IN JJ NNS . NNP NNP VBZ DT NN TO VB NNS IN DT CD HYPH NN NN IN NNP . PRP VBZ VBG TO VB PRP$ NN IN CD CD NNS IN CD . IN NNS VBP RB TO VB WRB JJ PRP VBP TO VB IN DT NN , VB JJ VB PRP$ NNS VBP JJ , DT NNS IN NNP NNP VBP DT NN NN MD VB IN $ CD CD CC $ CD CD IN CD SYM CD . IN DT NNP , NNS MD VB VBN IN $ CD IN $ CD DT NN , IN NNP NNP MD VB IN $ CD CC $ CD DT NN . DT NNS VBD PRP VBD RB VB DT NN TO VB DT NN MD VB IN $ CD IN $ CD DT NN . IN DT NN NN , WRB DT NN VBZ RB JJ IN DT NN NN , DT NNS VBP DT NN TO VB RB IN $ CD CD IN $ CD CD . DT VBZ DT NN IN JJ NNS , WDT VBP DT NN RB , RB RB IN DT NN IN NNS MD RB VB JJ IN DT JJ NN , RB RB IN DT NN TO VB NNS VBN IN DT NN NN ."
380,1070,mainstream,"CC DT NN , NNP NNP POS NN IN DT JJ JJ NN , NNP NNP IN DT NNP NNP NNP , VBD TO VB DT NNS , IN CD NN VBG NN PRP VBD `` JJ NN . '' NNP NNP , WP VBD TO VB IN DT NN , RB VBD IN DT NN IN NNS IN NN IN NN . `` NN VBZ VBN , PRP VBZ RB IN PRP VBD , '' NNP NNP , DT NN IN DT NNP NNP NNP , VBD IN DT NN VBD VBN IN NNP : VBG DT NN IN WRB , RB , PRP VBD VBN IN DT . IN NNP , CD NNP NNS VBD PRP MD RB VB TO VB DT NN NN RB . `` RB , DT NN VBZ VBN JJ NN WDT MD VB DT NNS WP VBP VBG TO VB IN CC RB TO VB PRP$ NNS , '' VBD NNP NNP , DT VBG NN IN NNP NNP HYPH NNP NNP NNP CC DT JJ NN IN DT JJ NN . -LRB- CD NN VBD DT NNP NN VBG PRP VBD PRP VBD VBN IN PRP$ NN NN . -RRB- `` DT NN MD VB JJ , CC VB RB IN DT NN IN NN , '' NNP NNP VBD . DT NNS NN , WDT IN DT JJ CD NNS VBZ VBN VB DT NN IN DT NNP NNPS , VBD VBN IN NNP IN CD . DT NN IN NN VBD RB IN JJR IN CD NN IN CD . CC DT NN VBD VBN IN CD , NNP NNP VBD , IN NNP VBD RB VBN PRP VBD VBN DT NN IN NN CC NNS IN DT NN . RB , PRP VBD , DT NN VBD . PRP VBD DT NN IN NN IN NNS IN DT NN IN DT NNS VBD VBN RB JJ IN TO VB JJ , IN DT NN IN DT RB HYPH VBN CC VBN NN IN DT JJ NN DT NNP VBG NNS IN NN , CC IN WP PRP VBD `` NNP NNP . '' IN CD , NN VBD VBN IN RB CD NN . NNS IN NNS , WDT MD VB NN , NN NN , NN CC IN DT NNS NN , VBP VBN VBG ."
381,1044,conspiracy,"WRB NNP NNP VBD IN DT JJ NNS POS NN NN IN `` JJ VBN NN '' PRP VBD VBG DT NNP NN NN -LRB- `` FW '' -RRB- IN NNP HYPH NN NNP VBZ VBN VB NN IN DT NN . NNP , RB VBZ NNP CC NNP WDT VBZ DT NN NN . NNP RB VBZ `` JJ NNP , '' WDT VBZ CC VBZ DT NN IN NN HYPH NN CC NN NNS WP VBP JJ NNS IN `` NNS '' CC `` NNS . '' DT JJ NN VBD DT NN IN NNP `` NNP NNP '' : NNS VBP , NNS VBP CC RB VBP PRP VB PRP VBP RB VB PRP NNS -LRB- `` VB CC VB '' -RRB- RB NNP VBZ RB VBN IN NNP POS NNS . RB PRP VBP DT JJ NN , CC RB PRP VBP PRP IN VBG PRP . PRP VBZ RB JJ IN NNP POS NN RB VBD PRP IN DT NN : NNP : DT VBZ DT JJ NNS IN NNP . NN , PRP VBD NNS CC : NNP : DT JJ HYPH NN NNS . NNP : DT VBZ DT NN HYPH VBN NN RB . PRP VBP TO VB PRP IN RB , UH , DT VBZ DT : NN . CC DT NNS IN NNP , PRP DT VBP JJ , PRP VBP , RB , UH : RB UH : PRP VBP RB VB . NNP VBD IN NNPS MD VB PRP$ NNS `` NNS , '' CC NNS VBP TO VB PRP IN NN NNS , IN DT JJ NN . -LRB- PRP VBP DT JJ NN IN DT JJ NN , NNS . -RRB- DT JJ JJ NNS VBD JJ WRB DT NNP NNP , NNP NNP , CD IN DT NNP NNP NNP -LRB- IN WDT DT NNS VBP VBN -RRB- , VBD PRP VBD VBG NNP . `` EX VBZ VBN JJ NN IN DT NN NN IN DT VBZ IN PRP$ JJ NNS , RB JJ NNS IN NN VBG TO VB PRP$ NN IN DT NN , '' , NNP VBD IN VBG DT NN . `` JJ NNS IN NN VBG TO VB PRP$ NN IN DT NN . '' VBZ PRP VB NNS IN DT JJ NN WP RB VBD DT NNP NNP NNS IN NN . VBZ PRP VB NN IN DT NN NNP VBZ VBG CC VBG . PRP VBP DT NN NN NN DT NN PRP VBP DT NN JJ NNS RB VBP NN JJ HYPH UH NNP . -LRB- NNP NNP `` NNP '' -RRB- `` JJ NNS IN NN VBG TO VB PRP$ NN IN DT NN . '' DT VBZ DT NN . DT NN , NN CC NN NN VBZ NNS TO VB PRP IN DT NN IN DT NN . DT VBZ VBN IN DT JJ NN : `` NNP VBD DT JJ NN IN JJ NNS . CC NN VBD DT JJ NN WRB PRP VBD DT NNP NN : WDT VBZ DT NN NN , DT JJ NN CC DT JJ NN : IN PRP VBD IN DT NNP NN NN . '' NNP POS NNPS VBD DT NN NN . PDT DT JJ NNS , NNP NNP , NNP NNP , NNP NNP , NNP NNP CC NNP NNP : VBD RP . NNP VBD DT NN '' DT NN IN JJ NN . DT NN MD VB DT JJ NNS TO VB JJ CC JJ NN . '' IN DT IN NNP `` JJ NN '' NN . VB , NNP , NNP , NNP , NNP NNP , PRP VBD PRP$ NN IN DT NN NN NN WRB PRP VBP PRP VBD WRB TO VB PRP CC VB UH RB IN PRP VBZ JJ , VB PRP VB PRP IN PRP$ NN PRP VBD NNP , NNP , NNP , NNP VBD PRP JJ IN PRP VBD VBG IN NN NN MD RB VB TO VB PRP RB CC VB PRP DT IN PRP VB PRP VBP RB TO VB DT JJS , PRP VBP VB PRP DT IN PRP PRP VBP DT NN IN DT NN NN PRP$ NNP NN VBD NN IN DT NNS , PRP VBZ JJR IN DT NN NN PRP VBP PRP VBP DT NN PRP VBP VBG PRP RP CC RB VB JJ NN RB VB PRP VB DT RP PRP VBP RB TO VB PRP JJ NN WP VBZ RB IN PRP RB PRP VBP IN DT NN IN VB DT NN -LRB- NNP , `` UH PRP NNP , NNP '' -RRB- VBD NNP : `` PRP VBZ PRP VBZ TO VB VBN . PRP VBP PRP VBZ IN DT NN . CC PRP MD VB DT NN VBN IN DT NNS MD VB CC JJ NN CC NN . '' WP VBZ PRP VBG . VBZ PRP VB DT IN NNP POS NN NN . NNS VBP JJ IN PRP VBD PRP RP , VBN PRP NN NN CC NN DT VBZ WP DT NN PRP NNS VBP , PRP VBZ DT NN . UH UH , PRP VBP RB MD VB JJ TO VB IN PRP VBP NN , RB VB TO VB -LRB- VB PRP -RRB- RB IN DT NN VBP RB VB TO VB IN DT NN , PRP VBZ DT CD NNS VB DT NN , PRP RB DT NN RB VB PRP$ NNS RB CC VB PRP$ NN -LRB- `` NNP NNP PRP '' NNP HYPH CD NNP POS NN -RRB- DT JJ NNS IN NNP VBP TO VB NNS IN $ CD CD DT NN IN NNP POS NN . CC PRP VBP RB JJR IN DT IN VBG CC VBG DT NN . PRP VBZ JJR . NNP VBZ VBN JJR IN $ CD CD NNS TO VB NN -LRB- NNP NNP NNP NN -RRB- CC VBD IN DT NN IN DT NN NN NNP WRB DT NN IN PRP$ NN VBD VBN . JJ NNS VBD PRP$ JJ NN NNS IN VBG NN . IN PRP VBP NNP , VB DT VBG : NNP NNP NNP , NNP NNP NNP , NNP NNP , NNP CC NNP NNP CC NNP NNPS NNP . CC VB NNP NNP . '' NNP VBD CD NN , NNP NNP , IN VBG IN PRP . '' DT NNP NNP , NNP NNP , NN IN DT NNP NNP IN NNP NNPS CC NN IN NNP CC NNP NNS , VBD IN NNP IN NNP . . PRP VBD PRP , TO VB DT NN IN DT NN IN NN . `` NN VBD IN DT JJ NN IN NNP , '' NNP VBD . `` PRP VBZ RB RB WP DT NN NN VBD . NNP VBD RB VBZ JJ . NNP VBD PRP VBP RB VB DT NN IN NN , PRP VBP RB VB DT NN IN NN , RB IN NNS . '' VBZ DT NN RB VB NNP . VBZ PRP VB IN DT NNP . NN DT NN IN DT NNP NNP , NNP VBZ DT NN NN IN DT NNP IN JJ NN . PRP VBZ DT NN NN IN JJ NNPS IN WRB `` NN CC NN '' VBZ VBN CC WRB PRP VBZ RB . -LRB- VB IN NNP NNP CC NNP NNP . -RRB- PRP VBZ VBN IN JJ JJ NNS . VB `` NNP NNP VBN IN NNP NNPS '' . PRP VBZ RB VBN IN NNPS , NNPS CC NNS . PRP VBD RB VB IN NNP CC PRP RB VBD JJ NNPS CC VBD NNP NNP DT `` NN . '' RB PRP RB VBD NNP CC VBD IN VBG DT NN POS `` CD HYPH CD NNS . '' PRP VBP RB VB NN MD VB DT NNP NN . PRP VBZ IN DT JJ NN NN , JJ NN NNS CC JJ NNS IN JJ NN CC NN . PRP VBZ IN DT NNP NNP NNP . WP VBZ JJ IN NN CC NN RB . VBP PRP VB DT NNP NN WP VBZ NNPS . VBP PRP VB DT VBN NN WP VBZ DT NN WP VBD PRP . VBP PRP VB DT JJ NN WP VBZ DT NN NN . MD RB PRP VB JJR IN JJ RB TO VB . NNS VBP IN DT NN . EX VBZ DT VBN NN WDT VBZ JJ , JJ CC JJ , CC PRP VBP VBG VBN TO VB JJ CC JJ . RB VBZ RB `` NN '' DT NN IN VBG IN NN . RB PRP VBZ RB `` NN HYPH NN . '' PRP VBP JJS NNS MD VB PRP$ NNS WRB PRP VBP IN DT NNS VBP VBN . RB WRB MD PRP VB NNS WP VBP VBG VBN IN JJ HYPH NN NNS IN PRP$ JJ NN . WP VBP IN DT JJ JJ NN NN VBZ NNS CC DT NN . WP VB PRP VBG DT NN IN NNS IN NN TO VB DT NN . WP VBP IN NNS CC NNS VBP VBN VBN IN NNP , VBN IN DT JJ CC NNP NNPS WP VBP DT NN . WP VBP IN PRP$ NN VBP VBG CC PRP$ NN VBN JJ IN DT NN POS JJ NNS . WP VBP PRP VBP VBG PRP$ NN IN DT NN IN DT JJ NN IN NN . WP VBP DT JJ NN VBZ RB VB DT NNS RB JJ IN CD SYM CD CC DT NN IN CD NNPS . DT JJ JJ NN VBZ NNP NNP POS NN : DT JJ JJ JJ JJ NNP . DT JJ NNS VBP VBG NNS TO VB DT NN . NNP NNP MD VB VBN DT NN POS NN . PRP VBD TO VB . VB PRP VB DT NNS VB . NFP NNP POS NN : PRP VBD DT JJ NN VBD JJR . -LRB- PRP NN -RRB- RB VB : WRB NN HYPH NN VBZ NNPS NNP"
382,458,conspiracy,"`` DT NN PRP VBP NN : IN DT NN PRP MD VB IN NN . '' WP PRP VBP RB VBG VBN IN DT NN PRP VBP IN WRB DT `` NN NN '' NN VBD VBN TO VB DT NN NN WRB JJ JJ NNPS VBP DT NNP TO VB , VB , CC VB NNS JJ NNS IN DT NN VBP : NNP NNP NNP NNP : NN CD -LRB- NN : VB IN JJ NN RP IN RBS JJ NN IN DT JJ NN . -RRB- NNP NNP NNP NNP : NN CD -LRB- NN : VB IN JJ NN RP IN RBS JJ NN IN DT JJ NN . -RRB- `` RB TO VB JJ VB '' NNS IN IN JJ JJ `` NN '' CC NN NN `` NN '' IN NNP JJ NN VBZ IN NNS IN JJ NN VBZ VBN NN VBZ NN TO VB NN JJ NN NNS IN DT NNP NN NN VBN CC JJ JJ NN NN NNS NNP VBZ IN JJ NNS IN NNP VBZ `` RB JJ IN DT NN '' JJ NN NN NN NNS VBP NNPS IN NNS IN NNP NNP IN JJ NN IN VB NNP VBZ NNP NNS NN IN WP IN NNP NN VBZ NN CC VBZ NN IN NN `` JJ '' VBG VBN IN JJ NNPS VB NN NN CC VBN IN NNP POS JJS NN NN IN : NNP NNP , CC IN VBN IN PRP$ JJ NNS DT RB VBG JJ NNP NNP -LRB- NNP -RRB- NN VBG IN DT NNP NN VBG IN DT `` NNP NNP NNP '' VBZ RB VBG PRP$ RBS JJ NN , VBZ DT NN VBN IN NNP NNP NNP NNP NNP IN DT NNP NNPS MD RB VB RB TO VB DT JJ NNS NNP NNP NN VBD DT NN TO VB NNP NNP NNP NNPS IN DT NNP NNP NN NNP NNP WDT VBD IN DT NNP CC DT NNP IN CD NNP : DT JJ NN NN VBG VBN IN DT NNP IN PRP VBZ JJ IN NNP MD VB IN DT NN IN NNP NNP WRB JJ NNS VBP : CC VBZ IN DT JJ NN PRP VBZ VBG VBN DT NNP VBZ RB VBG PRP$ NN IN NNP TO VB JJ NNS . DT NN NN VBG VBN IN DT NNP VBD DT NNP NNP MD VB VBN JJ HYPH NN JJ NN NNS : WDT RBS JJ IN VBP JJ NNPS RB VBN JJ NNS IN PRP$ JJ NN NN NNP : WDT PRP , IN IN PRP$ NN NN NN , VBZ RB VBN DT JJ CC JJ NN NN IN PRP$ NN IN DT JJ RB JJ NNP NNP VBN IN NNP NNP VBN NNS IN DT JJ NNP NNP IN NNP NNP CC NNP NNP : CC IN VBG RP , RB VBZ DT JJ JJ JJ JJ NN NN NNP CC PRP$ NN NN NN IN NNP NNP NNS VBG JJ IN DT JJ NN IN DT NNP NNPS . JJ IN IN JJ NNS DT NNP NNP MD VB VBG NN NN NNS IN DT JJ JJ NNS IN PRP$ JJ JJ JJ NN NN NN NN : WDT MD VB DT VBN NN NNP NNP NNP : WDT VBZ RB VBN VBN RP NN IN PRP VBD VBN IN DT NN : DT NN DT NNP VBZ RB VBN TO VB VBN IN IN VBG RP NNP NNP POS JJS JJ NN NN IN PRP VBD VBN IN PRP$ NN IN NNP : DT NN VBN IN DT RB NNP NNP VBN NN POS JJS NN NN NN NNP NNPS VBG RP PRP$ NNS IN DT NNP NNPS IN IN DT NN IN VBG DT JJ NN VBG IN NNP VBD VBG `` RB RB IN DT NN '' IN NN NNS IN PRP$ NNS : DT VBN NN VBG IN DT JJ NN PRP VBZ RB VBG VBN JJ NN NN NNS VBP VBG TO VB IN IN DT NN NN : WDT VBZ DT NN VBN TO VB RB JJR IN DT NN NN VBN IN NNP NNP , JJ NNS RB IN DT JJ JJ VBN NNP NNP NN NN NN , VBD PRP VBZ RB VBN VBN IN DT NN POS JJS CC RBS VBN NNP NN NN NN CC VBZ VBN TO VB JJR IN CD IN PRP$ NN NN : DT NN RB VBD IN IN DT NNP NNP WDT VBZ RB VBN DT NNP NN NNS . DT IN WDT DT NNP NNP VBZ PRP VBZ VBG , CC WP VBP RB VBN NNP NNP IN PRP VBZ `` RB JJ '' CC NNS `` RB JJ '' TO VB IN WP VBZ VBG : DT NN RB VBD IN JJ NNP NN CC NN NNS VBG IN DT NN DT JJ NNS RB IN `` DT NN VBD IN DT NNP NN IN NN IN NNP POS NNS TO VB IN NNP , CC VBZ DT JJS NN NN IN DT NN '' : DT JJ NN WDT VBZ VBG JJ JJ JJ NNS TO RB VB IN JJ JJ NN NNP NNP NNP RB VBD DT NN , CC RB VB IN `` NNP NNP POS JJ NN VBZ PRP TO VB DT JJ '' : DT VBG VBN IN NN HYPH JJ NN JJ NNP NNP NNP IN NNP RB VBG IN `` NNP VBD DT NNP NNP NNP IN VBG DT NN '' : CC NN HYPH JJ NNS IN DT NNP NNPS VBG NNP NNP NN NNP NNP TO RB VB DT NN NN JJ IN PRP$ JJ NN NNS TO VB RP NNP NNP NNP . -LRB- NN : DT NNS CC , CC NNS VBG IN NNS IN DT NN VBP JJ NN NNS IN JJ NNS , NNS VBG DT JJ NN . -RRB- VBG IN DT NN , RBS JJ IN DT JJ NN IN DT JJ NNS VBZ IN PRP RB RBR VBP WDT NN VBZ IN , WDT VBZ VBN PRP IN DT JJ NN IN PRP VBP RB IN CD CC VBP VBG IN PRP$ JJ NN : DT JJ NN IN WDT VBD IN CD : WDT VBD IN NNP CD NNP IN DT NN WRB DT JJ NNS VBD DT NN VBN IN JJ NNP NN NNP NNP IN `` DT NNP NNPS VBZ VBN NNP '' : DT VBN NN VBD CD NNS RBR IN NNP CD NNP WRB JJ JJ NN DT NNP IN NNP VBD PRP$ NNP NNP NNP NN CD IN DT NNP NNP NNP VBG PRP TO VB NNP NNP : DT NN WDT VBD IN CD NNP CD VBG CD JJ NNS : WDT RB VBD DT JJ NNS IN DT NN CC NN IN PRP VBD IN DT NN WP$ JJ NN VBD NNS RBR WRB DT NNP NNPS VBD PRP$ JJ NN IN DT NNP IN NNP : RB VBG IN IN PRP VBD RB , RB VBZ PRP RB , DT JJ NNS RB VBP RB VB IN NNS RB VBP RB RB VB IN IN RB : PRP VBP WRB DT JJ NNS IN NN NNS VBP : JJ IN VBZ RB VBG WRB IN NNP NNP VBD PRP$ VBG NNS IN NNP NNP , JJ JJ NNP NNP NNP NNP NNP VBD PRP$ NNS TO VB CD NNP NN NNS CC VB CD IN PRP$ NNS IN VBG : `` WP DT NNP NNPS VBZ JJS VBZ VBG NNS , RB PRP MD VB WRB JJ NNP VBZ '' . IN NN HYPH JJ NN JJ JJ NNP NNP NNP VBG RB VBN IN `` NNP VBD DT NNP NNP NNP IN VBG DT NN '' , DT NN VBZ , DT NN VBG DT MD VB JJ VBZ NNP NNP VBG PRP$ JJ NN : IN IN DT JJ NN , DT JJ NN VBZ IN RB JJ CC JJ NN : IN RB CD HYPH NNS IN DT `` NNP NNP NNP '' WDT JJ NNP NN CC NN NNS VBP RB VBG VBZ DT NN NN IN NNP VBN IN NNP NNP , DT NNP NNPS VBZ RB VBN IN JJ NN PRP$ NN CC JJ NN VBD PRP$ JJS NN IN CD : DT NN WDT , RB , VBZ VBN PDT DT NNS VBN IN DT NNP NNP VBG VBN RP IN CD HYPH CD JJ NNS RB RBR VBP NN CC NN TO VB CC VB PRP$ NNS : CC IN IN JJ NNP NNP NNS , VBP NNS , NN CC JJ NN RB VBG RB DT NN RB : RB IN DT JJ NNS VBP JJ RB TO VB PRP$ NNS IN DT NN NN VBZ VBN : CC WP$ JJ NNS TO RB VB PRP$ NNS TO VB VB DT NN CC JJ NN , RB VBG PRP TO VB VBN RP : `` VBP NNS IN NNP POS NN RB , RB , RB VB IN VBG DT NN PRP MD RB VB NN RB JJ NNS MD VB PRP IN NN . IN DT NN IN DT NN WDT VBZ TO VB CD NNS IN DT NN MD RB VB RP IN NN IN CD NN DT NN . IN DT NN MD VB DT CD HYPH NN NN IN PRP MD VB CD NNS . '' : CC WP VBP IN DT NN NN MD RB VB : IN IN DT NN , DT NN VBZ RB VBN IN NNP TO VB DT RB JJ NN NN NNS DT NN RB . IN JJ JJ NN NN NNP NNP NNP NNP NNP VBG VBN IN JJ NN DT NN TO VB RP PRP$ $ CD NNS CC $ CD NNS IN NN NN NN IN NNS IN NNPS VBP IN NN IN NN NNS , IN RB VBG NNS IN PRP VBG DT NN , CC WP VBZ IN `` DT NNP VBZ RB '' , DT NN VBZ , VBN RB JJ TO VB DT NNP NNPS CC PRP$ NNS IN DT NN VBZ NNP NNP : WP RB VBZ TO VB DT JJ NN IN NNP JJ NN NNP NNP NNP HYPH IN : DT NNP NNP WP DT JJ NNP HYPH CD VBD VBN IN NN HYPH NNS IN PRP$ JJ HYPH JJ NNS TO VB NNP NNP NNP : CC VBZ DT JJ NNP NNP WDT NN VBD PRP$ NN POS NN HYPH JJ NNS IN PRP$ JJ NN NN NN : DT JJ NN IN JJ HYPH JJ NNS , RB , VBN DT JJ NNS RB IN JJ HYPH JJ NN JJ NNP NNP NNP NNP IN PRP$ JJ NN NN NN : WDT PRP VBD DT JJ `` NN '' NN NN DT JJ NN IN NNP WDT VBD JJ HYPH JJ NNP NNP NNP NNP VBG RP PRP$ NN POS NN HYPH NN NNS : DT NN IN WDT JJ JJ NNS VBP IN NN HYPH JJ NNS VBG `` JJ IN , CC RB RB JJ IN , VBG IN JJ NNS '' : DT RBS JJ NN IN WDT DT JJ NN HYPH JJ NNS VBP RB VBN IN PRP$ NNS VBG DT NN NN NN : IN NNP NNP , IN DT NN , VBZ JJR IN VBN IN IN NNP POS JJ NN : CC IN VBG PRP$ NN IN DT JJ NNPS , IN IN PRP$ JJ NN POS NN HYPH JJ NNS IN CC DT NNP NNP CC JJ NN JJ NN , PRP VBZ VBZ DT NN NN IN NN PRP VBZ RB RB VBG , CC VBZ VBN PRP$ NN VBG IN : CC WP$ NNS RB MD VB VBN WRB NNP NNP VBD PRP : `` PRP VBP RB VBN , CC PRP VBP VBG TO VB TO VB CC DT VBZ DT NN PRP VBZ '' . NNP CD , CD , NNP CC NNP DT NNS VBN . NN TO VB DT NN IN PRP$ NN VBZ VBN IN DT NN PRP VBZ VBN IN PRP$ JJ NN IN NNP . NN . NNP NN VBN IN NNP HYPH NNP CC NNP . -LRB- NN : JJ NNS CC PRP$ NN NNS RB VBP IN DT NN VBN IN DT NNS IN IN RB TO VB PRP$ NNS IN DT JJ JJ NNP NNS CC NNS TO VB , DT NN WDT DT NNPS IN NNP NNP RB VBP IN IN VBG IN PRP VBZ DT JJ NN POS NN TO VB DT NN . IN IN PRP$ NN POS NNS IN DT IN DT NNS , DT NNS IN PRP$ `` NNS '' VBZ VBN DT JJ NN , NN NN VBN TO VB PRP , CC NNS IN PRP , WDT VBZ VBN IN JJ NNS , VBG RB . -RRB- -LRB- NN : DT NNP NN VBD VBN IN CC VBN IN DT NNPS IN NNP NNP IN CD IN DT JJ NN IN JJ NN NNS VBN IN DT JJ JJ NN NN NNP NNP -LRB- CD -RRB- TO VB DT NN VBG VBN IN DT NN TO VB PRP$ JJ CD NN IN NNP . -RRB- -LRB- NN : DT NN NNP -LRB- NN IN DT NN -RRB- IN VBN IN DT NN VBZ IN JJ NNS , VBG IN , VBG NNS WP$ JJ NN NNS -LRB- JJ NNS -RRB- VBP , JJ IN WP VBP VBN IN DT NN IN DT NNPS IN NNP NNP . -RRB- NN MD RB VB DT JJ IN JJ NN IN NNS NNS IN NN"
383,1082,conspiracy,"VBP PRP VB WRB JJ DT NNP NN VBZ VBN . PRP$ NN NN -LRB- UH , MD PRP VB NN HYPH IN HYPH DT HYPH JJ HYPH NN NN -RRB- VBZ RB VBG RB . DT JJ NN PRP VBD PRP VBD VBD IN NNP . VBZ RBR IN NNP VBD VBG DT NN NN CC VBG NN NNS IN PRP$ NN -LRB- NNP NN -RRB- IN DT NN NN VBD RB VBG DT NN PRP VBD IN PRP TO VB . DT NNP IN NNP NNP , `` VBZ IN PRP VBP VBG TO VB PRP IN PRP RB , VBZ RB PRP . '' IN GW ADD DT NNP NNP VBZ DT JJ NN . NN VBZ , RB IN PRP VBD DT NNP . VB DT CD CD NN NNP NN , DT MD VB VBN CD NN IN DT . DT JJ NN WDT MD VB DT RB JJ NN IN NNP JJ NN VBZ `` NNP '' . NN VBN : NNP IN NNP NNPS VBZ CC VBZ PDT DT JJ NNS DT NN NN VBZ WRB PRP VBP DT NNS CC VBP PRP IN JJ NN IN NN . DT VBZ WRB NNP NN CC JJ NNS VBP CC VBP DT NN . NN NN NNS . PRP VBZ RB DT NN IN NNP , PRP VBZ DT NN NN NNPS NN . RB RB IN PRP VBP NNP , NNP MD VB WRB PRP VBZ . JJ NN . NNP VBZ IN DT NNP VBZ TO VB NNP TO VB IN DT NN IN DT . WRB VBP NNP NNP CC NNP NNP WRB PRP VBP TO VB DT NNPS IN DT RB VBN NN . VBD DT VBN NNP HYPH NNP NNP VBG DT NN HYPH IN HYPH DT HYPH JJ NN IN NN NN . VBG NNS VBP TO VB . WP PRP VBP TO VB IN DT NN NN CC NNS DT NNP NN VBZ VBN IN DT JJ NN DT NNP NNP . NNP VBZ DT JJ NN NN : NNP : WP VBD DT NN NN RB CD NNS IN NNP , NNP PRP$ JJ NN IN DT NNP IN NNP NNP IN CD , DT NN IN NN CC NN NN VBD VBN RB IN DT NNP . NNP NNP . -LRB- NNP CD , CD -RRB- . JJS NN CC NN NN VBZ DT NN IN NN HYPH NN NNS . JJ NNP . WP DT NN VBZ JJ NN . NN : DT NNP NNP POS CD JJ NN VBZ RB RB VB NNP . NNP POS -LRB- RB NNP , NNP NNP , NNP NNP , NNP NNP -RRB- NNP , NNP NN NN VBZ DT JJ CD NNS -LRB- CD NNS -RRB- CD NN NN IN NNP , NNP , DT VBN NN IN DT JJ NNP NN . NNP NNP VBD VB NN IN NNP HYPH NNP IN DT NNP NNP , RB VBN NNPS RB PRP$ NNS VBP IN NNP CC NNS IN DT NN IN NN NN WDT VBZ RB RB JJ IN DT IN NNP WP IN JJ NN VBZ VBN NN NN IN PRP$ JJ JJ NN WDT PRP VBP MD VB VBN IN NNP CC NN IN JJ NN NN . VB DT JJ NN NN NN IN NNP WDT VBZ VBG NNP JJ CC RB . PRP VBP VBN VBG IN NNP IN CD SYM CD WRB PRP$ NN MD VB PRP NNS RB IN NN . IN RB , PRP VBD VBN PRP$ NN MD RB VB PRP VB IN NN NN . PRP VBD VBG TO VB RB CC VB IN NN NN . CC PRP VBD RB RB IN PRP VBD TO VB IN NN IN NNP NNP . PRP MD VB RB IN VBG IN PRP CC RB VBD RB WRB PRP$ NN VBD RB RB . NNP VBD PRP VB JJ NN IN PRP$ NN . IN NNP , PRP VBD PRP$ NN CC PRP VBD RB JJ . VBG IN NNP , PRP VBD IN IN PRP$ NN CC PRP VBD IN DT NNS , IN DT NN PRP VBD RB RB IN NN IN DT NNS IN NN WDT RB VBD . PRP VBP PRP$ JJ NN IN IN NN CC VBG RB IN PRP$ NN IN PRP$ NN NN RB TO VB IN NNP NNP . PRP VBP IN PRP$ NN VBD DT JJ NNS RB PRP VBD IN PRP$ NN CC PRP VBD IN DT NN CC VBD DT NNP NN NN CC RB NNP POS NN . PRP VBD PDT DT NN IN PRP IN DT NN IN NN TO VB DT JJ NN CC NN IN NN . WRB VBZ DT NN . WRB VBZ DT JJ NN . WRB VBZ DT NN . WRB VBD JJ NN NNP VB RP PRP$ NN IN DT JJ NNP . WRB VBD RB DT NNP VB PRP$ NN . CC RB RB RBR . IN PRP VBP RB VBN IN NNS , PRP VBP RB RB VBN DT RBS JJ NN IN DT NN , IN PRP VBD IN DT NNP NNP NNP NNP NN NN JJ NN VBG PRP$ `` NNP CD '' NN . NNS IN NNS VBG IN PRP$ NN CC VBG RP IN DT NNP NN HYPH NN IN PRP VBD DT NN CD . NNS VBD RP IN PRP CC VBD PRP IN VBG PRP$ NN CC VBG PRP$ NNS VBN IN `` DT NNP NN '' . `` WRB VBZ DT JJ NNP NNP VBN RB RB TO VB NN . IN NN IN NN VBZ DT JJ NN IN VBG NNS TO VB WP PRP RB VBP , WDT VBZ VBG PRP$ NN POS NN IN DT JJ NN NN , RB DT NNP NNPS . IN NN VBN , DT NN POS NN MD RBR RB VB VBN TO RB RBR VB PRP IN NNS IN PRP$ NN , CC IN `` NNS IN DT NN . '' '' NNP NNP VBZ DT JJ NN NN TO VB IN DT JJ NN IN PRP : VBG JJ NN NNS IN DT NN . DT JJ NNP , NNP NN VBZ IN RB CD NN IN NNPS VBP DT JJ NN IN NNP . NN VBD RB CD NNS RB JJ IN CD NN . . CD NN VBD DT JJ NN IN NNP , VBN IN RB CD NN JJ NN IN NNP DT NNS MD VB IN NN HYPH NNS VBP VBN DT NN NN VBZ VBG PRP$ NN RB IN VBG IN DT NN IN RB . IN PRP VBP RB JJ IN DT NN , VB DT JJ NN NN IN DT NNS `` NN NN NN '' TO VB PRP$ NN . ADD PRP VBD CD TO VB DT JJS NN IN DT NN . VB PRP IN PRP , UH ."
384,520,mainstream,"`` IN PRP VBP DT JJ NN NN NN : PRP MD VB NN VBZ DT JJ NN '' , DT NN NN VBD IN PRP$ NN NN . `` NN IN NN HYPH CD CC NN MD VB DT NN IN NN NNS WDT VBP RB VBN . '' RB , JJR IN CD CD NNS IN NN HYPH CD CC JJR IN CD NNS VBN IN DT NN VBP VBN VBN IN NN IN NN , PRP VBD . JJR IN CD NNS VBP VBN VBN DT NN IN DT JJ CD NNS : RB CD NN NN IN PRP IN CD NNS IN DT NNPS CC NNP NNP . `` NNS MD VB JJ IN DT NN IN NN , '' PRP VBD . RB JJ NN , NNP VBD DT JJ NN IN NNS IN NNP IN JJR IN CD NNS IN DT JJ NN IN DT NN . IN JJR IN CD NNS RB VBN , DT NN CC NN IN DT NN VBP VBG VBN . IN DT JJ NN , PRP VBD JJR IN CD CD NNS VBP VBN IN NN DT NN , VBN IN NNS VBN IN NNP IN DT NN IN NN NNS . TO VB WDT NNS VBP VBG , NNP VBZ IN NN VBN IN CD NNS IN DT NNP NNP NNP CC NNP NNP , WDT DT NN VBZ TO VB NNS IN DT NN IN NN NNS . `` DT NN , NNS , NNS CC NN VBN RP IN -LRB- DT NN -RRB- , NNP NNP NNPS CC NNP NNP NNPS VBP VBN DT NN IN VBG NN HYPH CD '' , NNP VBD . RB , DT NN : IN NN IN CD , VBZ VBG JJ NNS , IN NN NN CC VBN CC VBG IN JJ NNS , CC DT `` JJ '' NN VBN IN DT NN IN NN NN CC NNS , IN IN DT NN HYPH CD NN . VBN IN DT JJ CD NNS , EX VBZ VBN DT JJ NN IN DT NN IN NNS VBN IN NN RB , NNP VBD , IN IN DT CD NN NN NN IN NN NNS IN NNP NNP NNPS CC DT CD NN NN NN IN DT NN IN NN NNS IN JJ NN NNS VBN IN DT NN CC NN NN . `` DT NNS IN IN DT NN IN NNS , VBG DT NN IN NN CC NNS , VBN NNS CC NN NNS '' , PRP VBD . DT NNS MD VB IN DT NN IN NNS IN VBG CC VBG JJ NN NNS IN NN NN . NNP VBD IN NNP NN IN WRB TO VB NN IN NN HYPH CD IN JJ NN NN IN DT JJ DT NN TO VB DT CD JJ NNS . `` DT VBZ RB RB NN HYPH JJ '' , PRP VBD . `` PRP VBZ RB JJ IN VBG DT NN IN DT JJ NN NN . '' NNP NNP , NNP IN NNP POS NNP NNP NNP , VBD IN EX MD RB VB VBG NN NNS CC NNS . `` CC NN VBZ RB RB '' , PRP VBD . `` DT VBZ RB DT RB JJ CC RB JJ NN , TO VB NN . '' DT NN HYPH CD NN MD VB VBN RBR RB , NNP NNP NNP , JJ NN IN NNP HYPH CD , VBD NNS IN RB VBG NNS VBG NN IN JJ NNS . PRP VBZ JJ TO VB IN DT NN VBZ CD IN JJ NN NN CC IN EX VBP NNS TO VB NNS RB VBN . IN NN VBZ JJ , DT NN MD VB IN NN TO RB VB CC VB DT JJ NNS . `` DT NN WRB NNS VBP IN JJ NNS CC DT NN VBZ JJ , CC JJ JJ NNS VBP RB IN NN , DT NN MD VB '' , PRP VBD . `` DT JJ NN IN NNP HYPH CD VBZ JJ CC MD VB VBN RP CC VBN IN RB . '' IN DT NN , NNP NNP NNP , JJ NN IN NNP POS NNP NNPS NNP , VBD DT NN IN JJ NNS RB VBZ DT NN , RB WRB DT NN VBZ RB VBN . WP VBZ VBG JJ NNS WDT VBP VBG RB , NN , VBG CC VBG NNS . DT NNS VBP VBN IN NN NN , IN JJ IN JJ NNS , NNS , JJ NNS CC JJ NNS . NNP VBZ DT JJ CC VBN NN , PRP VBD , CC DT NN IN NN VBZ VBN IN DT NN IN JJ NNS IN DT JJS NN , IN DT NN . DT NNP NN VBN IN NNP , VBN IN NN NN CC VBN IN NNS RB VBN RB , VBP VBG IN NNP POS NNP IN NNP NNP CC NNP . WP MD VB PRP$ NN NN IN DT VBG NNS IN DT NN VBZ . IN IN DT NNS IN NN NN , PRP VBD NNP VBZ VBG DT NNP NNP NNP NNP -LRB- NNP -RRB- CC DT NNP NNP NNP NNP CC MD VB NNS IN NNS IN DT VBG NNS . `` EX VBZ DT CD NN IN DT NN , '' PRP VBD . IN NN VBZ JJ , DT NN TO VB NN WP VBZ VBN IN DT NN VBZ JJ . `` PRP VBP TO VB DT NN NN NN RB JJ IN JJ . ''"
385,23,mainstream,"DT NN NN MD RB VB JJ NN IN RB CD NN , VBG IN DT JJ NN . WRB DT NN VBZ JJ , EX VBZ DT JJ NN PRP MD VB DT CD HYPH NN NN , NNP NNP VBD . NNS MD VB TO VB VBN CD NN RB , IN DT NN VBG JJ NNS RBR . IN IN NNP CD , DT NNP NNP NNP -LRB- NNP -RRB- VBD CD NN NNS IN JJ NN , IN CD NNS IN JJ NN . NNP NNP , NN CC NN IN JJ NN IN DT NNP NNP NNP NNP IN NNP NNP IN NNP , VBD NNP NN IN RB DT IN DT NN NNS VBP VBG CD NNS IN PRP$ NNS . VBG IN DT NN POS NN , DT JJ NN IN DT NN MD `` VB DT NN NN '' TO VB DT NN VB DT NN , VBN IN DT JJ NN TO `` VB DT JJ NN . '' WRB NN NNS VBP JJ JJ NNS , RBR JJ NN MD VB JJ , NNP NNP NNP , NN NN IN NN NN IN DT NNP NNP NNP , VBD DT NN . IN DT JJ NN IN DT NN , DT NN NN VBZ NNS CC NN NNS IN RB CD NNS , VBZ NNP NNP , JJ NN NN IN DT NNP NNP NNP CC NN IN DT NNP NNP NNP NNP CC NNP NNP NNP NNP . NNP VBD DT NN HYPH CD NN VBG CD NNS MD RB VB VBN RB DT NN CC CD RB . NN VBZ RB VB IN NNP VBG NNS , NN NN JJ NNS IN NN , NNP NNS VBD DT NN VBZ RB VBG TO VB RBR JJ IN DT NN IN NNP . IN DT NNP HYPH NNP HYPH CD VBZ RB JJ RB RB , JJ NNS MD VB IN NNS RBR RB TO VB NN , NNP VBD DT NN . RB , NNS VBP RB JJ WRB JJ NNS POS NN NN MD VB . IN NNS VBG DT JJ NN , NNP NNP NNP , NN IN DT NNP NNP IN NNP CC NNP NNPS , VBD NN RB RB VBZ JJR IN DT NN . `` PRP MD VB RB JJ IN DT NN , IN NNP HYPH NNP HYPH CD , PRP MD VB IN PRP VBP DT NN WDT VBZ RB JJ , '' NNP VBD DT NN IN DT NNP IN DT NNP NNP NNP . DT CD HYPH NN NN IN VBG NNP HYPH CD IN DT NN MD VB RBR JJ NN CC NN HYPH VBG TO VB NNS VB DT JJ NN IN NN . IN NNS VBP IN DT JJ NN , NNS IN NN NN NNS VBP RB VBG DT NN TO VB NN NNS . NNP NN VBD DT NN NNS VBP IN JJ NN IN DT NNP CC NN NN NNS TO `` VB CC VB DT NNS IN JJ NNS IN NNS . ''"
386,918,mainstream,"RB RB NN IN NNPS VBP PRP MD VB DT NN HYPH CD NN IN DT NNS VBG RB TO VB CD NN , VBG IN DT JJ NN IN DT NNP NNP HYPH NNP NNP IN NNP NNPS NNP . DT VBZ RB JJ VBG DT NN VBG IN DT JJ NN IN DT NN IN DT NN WDT VBZ VBN DT NN IN RB VBG IN NNP RB JJ NN . CC JJR NNS MD RB VB RP PRP$ NNS : DT NN , VBN NNP , VBD CD NN RB VBD RB JJ IN PRP MD VB VBN . DT CD IN CD VBD PRP MD VB . NN NNS RB VBP IN DT NN IN NN VBZ IN NNP NNP NNP POS NN IN DT CD CD HYPH NN NN IN NNP VBP . RB NN CC NN MD VB , CC DT JJ NN VBZ DT NN VBZ RB JJ . `` PRP VBZ RB JJR TO IN HYPH NN CC RB HYPH VB , '' VBD NNP NNP NNP , DT JJ NN NN IN NNP NNP NNP NNP . `` DT JJ VBZ JJ CC DT VBZ WRB PRP VBP IN DT IN DT NNS , PRP VBP VBG TO VB DT JJ NN NN TO VB DT NN , '' PRP VBD . IN NNPS WP VBP PRP MD RB VB VBN , CD IN CD VBP IN NN . `` PRP VBP RB DT NN , '' VBD NNP NNP , CD , IN NNP NNP , NNP . CC , `` TO VB DT NN HYPH CD NN IN DT NN CC CD , VBZ PRP TO VB IN PRP MD RB VB RB VBN IN IN NN NNS . '' NNP NNP NNP , WP VBZ DT NNP NNPS IN NNP , VBZ NN VBZ DT JJ NN . DT NNP VBZ VBG DT NN NN IN VBG DT VBG NNP HYPH CD NN NNS IN NNS IN NNS IN NNS , TO VB IN PRP RB VBP CC RB IN PRP VBP JJ . `` PRP MD RB VB NNS TO VB IN PRP VBP VBG NNS IN DT MD VB DT JJ NN . PRP VBP DT VBZ DT NN TO VB TO VB NNS , CC RB TO VB NN , '' NNP VBD DT NNP RBR DT NN . `` RB DT JJS NN WDT MD VB VBZ IN PRP VBP IN DT NN WDT VBZ RP TO VB JJ NN NNS , '' NNP VBD . IN DT WP VBP DT NN , DT NNP HYPH NNP NN VBD VBG PRP , PRP$ NN CC DT NN VBP DT JJ NNS . `` PRP VBP RB VBG TO VB PRP , '' VBD NNP NNP , CD , IN NNP , NNP . `` IN DT NN WP VBZ NN IN PRP$ NN , PRP VBP , PRP VBZ JJ IN PRP TO VB VBN RB RB IN PRP JJ TO RBR VB PRP$ NN . '' CC RB CD IN CD IN DT WP MD VB VBN VB NN MD RB VB RB IN JJ IN DT NN . DT NN NN IN PRP$ NN POS NN NN , NNP VBZ IN NN IN NN VBG IN JJ NNS , CC VBD DT IN PRP$ NNS RB VBP VBG RB IN NN TO VB IN HYPH DT HYPH NN NN . DT JJ NN VBZ RBS JJ IN JJR NNS CC NNS IN DT NN WP VBP JJ NN NNS JJ IN NN CC NN NN . DT NN VBD CD NN IN NNS CD CC JJR VBP PRP VB VBN , VBN IN CD NN WP VBP JJR . CC NN NNS VBP JJ CC JJ NNPS VBP RBR JJ IN NN HYPH CD , IN IN JJ NN IN NN NN CC JJ NNS . CC DT NN VBD RB CD NN IN JJ NNPS CC CD NN IN NNPS MD VB DT NN VBN IN CD NN IN NNS . IN NNS WP VBP RB VB DT NN , RB CD IN CD VBP PRP VBP JJ IN VBG NN HYPH CD IN DT NN . CC JJS IN DT VBG NN NNS VBP RB VB DT NN PRP , VBG PRP MD VB NN . CC CD IN CD WP VBP RB VB DT NN VBP RB VB VBG RB JJ IN DT NN . RB CD CD NNS RB VBP VBN VBN VBN IN DT NN , CC JJR IN CD NNS VBP VBN VBN , VBG RB CD IN DT NNP , VBG IN DT NN VBN IN NNP NNP NNP . NNS VBP DT JJ NN VBZ RB JJR . CC IN JJS NNS WP VBP NNP HYPH CD VBP JJ NNS CC VBP , NNS RB VBP VBG DT NN NNS IN RB JJ NNS IN RB VBG NN : IN NN NNS IN NN CC NN NN IN DT JJS NN , DT NN HYPH VBG JJ NN IN NNS . WDT DT JJ NNS VBP IN WRB RB PRP VBZ , NN NNS VBP DT JJ NN VBZ JJR IN DT JJ NN . CC DT NN VBZ DT NN MD VB RB RBR JJ IN DT JJ NN NN . RB , RB DT CD NN HYPH CD NN NNS VBP IN JJ NNS IN NN CC VBN TO VB . JJ NNS VBP VBG CD IN DT JJS NNS RB RB , TO VB DT NNP NNP HYPH VBN VBN IN CD NNS . IN PDT DT NNS IN DT NNP NN POS `` NN NNP NN , '' RB CD NN IN NNPS VBP DT NN TO VB JJ IN DT NN IN NN POS NN , DT NN VBD . JJS VBP RB JJ NN VBZ RBR JJ . JJ NNS VBN IN WRB DT NN VBZ DT NN VBP VBN IN NN IN DT NN , RB . JJR IN NN IN NNPS VBP DT NN JJ IN NN , VBN IN RB DT NN IN NNPS . IN CD NN IN NNPS MD VB DT NN , RB CD NN IN NNPS VBP DT JJ . `` EX VBZ RB DT JJ NN IN NN IN VBG DT NN , '' VBD NNP NNP , WP VBZ NNP POS JJ NN NN . `` EX VBZ DT NN IN NN TO VB IN NNPS IN DT NN CC DT NN IN DT NN . ''"
387,195,mainstream,"SYM UH DT NN WP VBZ IN JJ NN NNS DT NN IN DT NN NN CD NN . NFP NNS IN DT NN VBP JJ NNS , VBG VBG JJ NN CC NNS . NFP DT VBZ WRB PRP VBP JJR IN DT NN IN DT JJ NN . JJ NNS JJ IN VBG IN DT NN NN VBP PRP RBR JJ IN PRP$ NN . PRP VBZ JJ IN DT NN , RB JJ . CC PRP VBP VBG JJ NNP HYPH NNP HYPH CD IN PRP$ NNS CC DT NN VBZ RB TO VB VBN RB . IN PRP VBP DT NN TO VB VBN NNS , PRP VBP DT JJ NN IN VBN NN VBG VBN IN PRP$ NN IN PRP$ NN NN . EX VBP CD NNS IN NN CC JJ NNS IN PRP CC DT NN , CC DT NN IN PRP$ NN VBZ VBN IN JJ NN . NN IN DT NNS CC JJ NNS IN PRP$ JJ NN NN , PRP VBP RB JJ IN VBG RB JJ CC JJ IN DT JJ NN . IN DT NN IN JJ NN NN CC NN NN , PRP VBP VBN DT JJ NN IN PRP$ NN IN PRP MD VB PRP$ NN IN VBG NN HYPH NN HYPH CD , DT NN WDT VBZ NN HYPH CD . DT NN VBZ TO VB DT NN CC VB DT NN , JJ . PRP VBP DT NN IN WP VBZ VBN DT JJ HYPH NN NN NN CD HYPH VBN NN , IN JJ NNS IN NN TO VB NN IN DT RB JJ NNS PRP VBP IN . IN NN IN NNP HYPH NNP HYPH CD , NNS VBP DT NNS WDT VBP NNS VBG NN , NN , CC JJ NN IN JJ NNS IN DT NN IN DT NNP . IN DT NN IN PRP$ NNS , JJ NNS VBP VBN PRP PRP VBP JJR IN DT NN NN IN PRP VBP VBG IN NNS IN DT NN . RB VBZ WRB . NN NNS VBP VBN IN WRB JJ NN VBZ VBN IN VBG IN JJ NNS . DT NNP , NNP NNP NNP VBG RP IN PRP VBP IN DT NN NN WRB VBG DT NNP HYPH NN HYPH CD NN , PRP$ NNS VBP IN VBG IN DT JJS CD IN PRP$ NN NNS : PRP RB VBP IN NNS IN NN . PRP VBP DT NN NN HYPH IN HYPH NN , VBP PRP VBP DT IN DT VBN NNS , VBP CC VBP DT NNS CC VBP IN DT NN NN . JJ NN IN NN , PRP VBP JJ NNS CC NNS TO VB DT NN VBZ VBG RB . RB PRP VBP DT NN , WRB PRP VBP DT IN PRP$ NN NNS , VBG NN CC NN . PRP VBP RB VB TO VB DT RB VBN NN CC NNS IN IN NN IN DT NN IN DT NN . `` PRP VBP CC VBP NN IN PRP VBD IN NN '' VBZ PRP$ NN . PRP VBP NNS , JJ HYPH VBN NN NNS , DT JJ HYPH NN JJ NN , NN NNS , JJ NNS IN NNS CC DT JJ NN . RBS RB , PRP RB VBP IN PRP$ NN HYPH VBG NNS . DT NN VBZ DT NNP HYPH NN NN NN WDT VBZ DT NN VBN IN DT NN NN JJ IN VBG RP DT JJ NNS IN DT NN . VBN IN DT NN NN WDT MD VB IN JJS CD NNS , DT NN VBZ VBN NN RP DT NN IN DT NN WDT VBZ PRP$ JJ NN CC NNS . DT NN VBZ IN JJ NN IN DT NN IN DT NN MD VB PRP$ NN NN . IN DT JJ JJ NN NN PRP MD VB IN PRP VBP IN NNS IN NN NNS . IN RB VBN , PRP VBP DT NN NN CC VBP IN PRP$ VBN NN NN CC NN NN NNS . DT JJ NN VBZ VBN IN CD CC CD NNS . IN DT NN , NNS VBP VBN IN DT VBN NN WDT VBZ NN RB TO VB VBN . NNP NNP , NNP NNP NNP DT NN PRP VBZ DT JJ NN . DT IN DT NN VBZ IN RB IN DT NN . PRP VBZ IN NN NNS WDT VBP DT JJ JJ NNS . DT NN VBZ VBN TO VB NNS . IN CD NN VBZ , EX VBZ DT JJ NN , CC DT NN VBZ IN DT VBP VBG RB . IN DT NN PRP$ NN VBZ VBN IN NNS WRB PRP VBP NN IN NNS IN JJ NNS . EX VBP JJ NNS WRB PRP VBP NNS WDT PRP VBP TO VB WRB DT NN VBZ VBN CC IN PRP$ NNS VBP VBG . WRB PRP VBP VBN IN DT NN , DT NNS PRP VBD VBP VBN IN NN CC VBN RB . DT NN VBZ VBN IN JJ NNS CC VBN IN DT JJ , JJ HYPH NN NN VBN DT NN TO VB DT VBG NN VBZ JJ . TO VB DT NN , IN PRP VBP IN JJ NNS IN DT NN , IN DT NN PRP VBP DT NN IN NNS CC JJ NN . PRP RB RB VBP PRP$ NNS CC NNS IN JJ NNS . IN DT JJ NN , PRP VBP PRP$ NN CC NNS CC `` NN RP '' IN DT NN . RB DT NN IN DT NN VBZ VBN IN DT NN IN JJ NN TO VB DT NNS . DT JJ NN NN WDT VBZ DT NN VBZ DT NN . DT JJ NN IN DT NNP NNP NNP NNP HYPH CD NN NN IN NNP NNP . NNP NNP , NNP NNP NNP JJ IN DT NN NNS IN VBG IN DT JJ NN NN VBP RB IN DT NN VBZ NN IN DT NN . TO VB NN IN DT NN , PRP VBD DT JJ NNP CC NN NN NN . PRP VBD JJ IN DT JJ NN , CC PRP$ NN NN VBD VBN . PRP VBD VBN IN NN . PRP VBP JJ WRB DT NN HYPH CD NN VBZ JJ , PRP MD VB DT NN RB RB . DT JJ NN CC NN NN VBD JJ PRP VBP WRB TO VB NNS IN NNP HYPH NNP HYPH CD RB , RB RB IN NNS IN WP TO VB IN DT NN , DT NN NN CC RB DT NN . RB IN PRP$ RB CD NNS NN VBG IN NNS , NN VBG DT NN VBZ VBN IN NN . DT JJ NN NN IN DT NNP VBZ JJ IN JJ NNS IN DT NNP NNP IN NNP , DT NNPS IN NNP NNP CC NNP CC DT . RB JJ , DT NN VBZ VBN CC VBN DT CD NNS . IN DT NN , NNS VBP VBN TO VB DT NNS IN DT NN , VBG NN NNS , NNS IN NNS CC NN NNS . PRP$ NN RB VBZ NN . CD IN PRP$ NNS RB VBD IN IN DT NN NN , DT NN NN MD VB DT JJS NN TO VB . RB , PDT DT NNS VBP IN NN TO VB PRP VB WRB DT NN HYPH NN HYPH CD NN VBZ VBN IN NNS CC VB DT JJ NN NN WDT MD VB NN . DT NN IN NNP NNP , IN NNS IN DT NNP , VBD VBN IN DT NN IN NN IN NNS MD RB CC RB VB IN DT NN . IN DT NN IN NN , DT NN VBN IN VBN NNS IN DT NNS MD VB VB DT NN HYPH CD NN IN DT NN , RBR IN RBR ."
388,1206,mainstream,"DT NNP NN VBZ VBN IN VBG $ CD CD IN NN CC NN NN IN NNS VBG IN NNP HYPH CD NN NN , VBD NNP NNP NNP NNP . IN DT JJ NN , $ CD CD VBZ IN DT NNP HYPH CD NN VBG VBN IN DT NNP IN NNP CC DT VBG $ CD CD IN NNP NNP NNP . RB , NNP NNP VBD DT JJ NN NN IN NNP IN DT NN CC NN IN PRP$ NN NN . IN DT NN VBZ JJ , NNP MD VB IN IN CD CD NNS IN NNP IN NNS IN DT NNP . DT NN VBZ IN DT JJ NN TO VB DT NN IN CD CD NNS . NN NNP NNP NNP VBD : `` PRP$ NNS VBP IN DT NN IN NN NN . DT NN IN NNP VBZ IN IN DT NNP NNP NN VBZ , NNS IN DT NNP MD VB DT JJ NN IN PRP , VBG TO VB NNS IN NNS . `` DT NN MD VB CD CD NNS IN NN , VBG IN IN NN IN VBG PRP$ JJ NNS , PRP VBP JJ TO VB DT NNS JJ IN VBG NNS IN DT JJS JJ NN . '' IN NN , DT NN VBZ VBN TO VB IN IN $ CD CD TO VB DT NN POS NNPS NNP CC NNP NNP -LRB- -RRB- CD NNS RB IN CD . WRB VBN , DT NN VBZ VBN TO VB DT NN TO VB JJ NN NNS IN DT JJ NN IN DT NNP IN RB CD NNS . TO VB VBN IN DT NNP NNP CC NNP NNP IN NNP , DT NN MD VB IN VBG CC VBG DT JJ NN IN NNS . DT NN MD RB VB HYPH RP DT NN IN NNS IN VBG NNS JJ IN DT NN . DT NNP NN MD RB VB DT JJ NN NN IN DT NNP HYPH CD NN VBG JJ NN IN $ CD CD IN NN IN NN IN DT NN . NNP VBD : `` DT JJ NNP NNP CC NNP NNP CC JJ NN MD VB `` VB CC VB '' NN , VBG DT NNP NN NN RB IN NN IN NN . ''"
389,141,mainstream,"DT NNP NNP NNP IN NNP VBZ NN IN DT NN IN DT JJ NN IN NN VBN NNS CC RB JJ NNS IN DT NN IN JJ NNS CC NNS . DT NNP NNP NNP NNP VBZ VBN IN DT JJ NN NN TO VB JJ NN IN JJ NNS IN NNP . DT NN VBZ DT JJ NN IN PRP$ NNS . DT NN VBZ DT JJ NNS , IN CC NNP CC NN NN , IN CD . DT NNP NNP NNP NNP -LRB- NNP -RRB- VBZ JJ JJ NN IN JJ NNS IN NN , VBG JJ CC NN JJ NNS , JJ NNS , NN NNS CC JJ NN NNS . DT NN VBZ NNS IN JJ NNS IN NN IN NN NNS IN JJ CC , CC NN JJ NNS . DT NNP NNP NNP NNP VBZ VBN IN DT JJ NN NN TO VB JJ NN IN JJ NNS IN NNP . DT NN VBZ DT JJ NN IN PRP$ NNS RB RB IN DT NN IN DT NNP NNP NNP NNP NNP NNP NNP NNP . DT NN VBZ IN JJ NNS VBN IN CD . DT NN VBZ NNS IN JJ NNS IN NN NNS IN NNP CC VBZ IN RB VBN NNS CC NN NN , VBN IN DT NNP NNP NNP NNP NNP IN CD . CC NNP CC NN NNS VBP JJ . DT NN VBZ NNS IN DT NNP JJ NNS , WDT VBP VBN IN NNP NNPS NNP . DT NNS RB VBP NNS IN DT NNP NNP NNP NNP , WDT VBZ VBN TO VB DT JJ NN IN VBN NN NN IN NNP . DT NNP NNP NNP NNP VBZ NNS IN JJ JJ NN NNS IN NN HYPH IN NN , NN NNS IN NN CC NN NNS IN DT JJ NN . DT NN VBZ IN JJ NNS VBN IN CD . DT NN VBZ NN IN DT IN DT NNS IN DT NNP IN NNP NNP , IN VBG JJ NNS IN NNP WP PRP VBP NN IN DT NN VBN IN DT NNP NNP NNP NNP , NNP IN NNP NNP , NNP NNP NNP IN NNP . DT JJ NN IN JJ JJ NN VBZ VBN DT NN . DT NN VBZ NN IN NN IN NN CC IN NN NN . DT NN VBZ NNS IN DT JJ NNS IN CD . NN NN IN DT NNP NNPS NNP NNP -LRB- NNP -RRB- . PRP VBZ DT NN POS NN , PRP$ JJ NNS CC NNS : DT NN IN DT NN , CC JJ NNS CC NN NNS . DT NN VBZ NNS IN NNS VBN IN DT NNP NNP TO VB DT NN IN DT JJ NN IN NN NN NN -LRB- NN -RRB- CC NN NNP HYPH NNP NN -LRB- NN -RRB- . DT NNP IN NNP CC NNP POS NNP NN NN VBZ VBN VBN IN NN IN DT JJ NNS TO VB IN DT NN IN NN VBG VBN IN NNP ."
390,345,mainstream,"IN NNP VBZ RP IN NNS , NNS CC JJ NNS DT NN IN NN IN JJ NN , NN NNS IN PRP$ CD NNS VBP IN JJ NN IN JJ NN NNS IN WRB TO VB DT NN NN IN PRP$ JJS NNS : RB DT CD NNS . NNS IN NNS IN NNS IN NNP , NNP , NNP , NNP , NNP , NNP CC JJ JJ NNS VBP IN PRP JJ NNS RB VBN IN NNS IN NN CC NN . VBN IN DT VBZ DT JJ NN VBG NNS CC RB NNS IN JJ NN , NN CC NN . RB , NN NNS VBP IN PRP DT NN TO VB DT NN IN NN IN DT JJ NN IN NNS , RB IN JJ NN NN IN PRP$ JJ NNS IN NN VBP PRP RBR JJ TO VB VBN . `` EX VBZ DT JJ NN IN NN CC DT NN IN JJ NNS , '' NNP NNP NNP , DT NN IN DT NNP NNP NNP POS JJ NN , VBD NNP . `` NNS CC NNS VBP VBN RB IN DT JJ NNS WDT VBP JJ IN NNP , RB IN NN . '' VBG IN DT NNP , VBG NN IN NN CC JJ NN NN RB RB IN JJ VBP IN DT JJS JJ NNS . RB , JJ NN VBN IN NNP IN DT NN IN NN NNS IN NNP VBZ IN JJ NNS VBP VBN IN NN NNS . NN NNS VBP JJ IN DT NNS MD VB VBN IN NN IN DT NN RB RB . `` NN CC NNS VBP VBN RP RB RB , CC DT VBP NNS WDT VBP , IN NN , RB IN NNP IN NNS CC NNS IN DT JJ NN , '' VBD NNP NNP , DT NN IN DT JJ NN IN NNP , WDT VBZ NNP NNP HYPH NNP POS NN NNS . `` DT NN VBZ PRP$ NN IN DT NNS IN PRP VBZ NN IN DT JJ NN . CC PRP VBP RB JJ IN PRP MD RB VB CC VB DT JJ NN IN DT NN NN . `` VBG RB , VBG RB CC VBG RB '' VBP VBN JJ IN VBG DT NNS RB RB , PRP VBD . DT JJ JJ NN , WDT VBZ DT NN IN DT NNPS CC NNP , VBZ VBN JJR IN CD NN IN NN NNS DT NN . CC PRP , IN NNP POS JJ NNS , VBG DT NN HYPH NNS IN NNP , NNP CC NNP , MD VB PRP$ JJ NN NN NNS IN NNS IN JJ JJ NN WDT , IN NNS , VBZ VB JJ NNS . NNS MD VB DT JJ JJ NN IN NNS IN VBG IN DT NN NN NN . NNS VBP IN JJ NNS VBG IN DT NN POS NNS . NNP NNP HYPH NNP -LRB- NNP -RRB- , IN NN , RB NNS IN NN , IN JJ NNS , JJ IN NNP , VBP RB RB IN NN IN NN CC NN NN . NN NNS RB VBP , VBN IN NNP VBZ RB VB DT NN NN . IN DT NNS , JJ IN NNP , VBP DT JJ NNS IN NNS , NNS CC NN IN NN NN NNS , VBG NNP NNP , IN NN , VBZ RB VBN JJ TO VB DT NN IN CD NN . NN IN DT NN IN NN NNS WP VBP VBN NNS VBZ RB VBN VBN . RB , VBG IN NNP CC NN NNS IN CD JJ NNS WP VBD IN DT NN IN NNP , DT JJ NN WP VBP NNS RB VBP DT NN TO VB PRP . NNP POS NN NNS MD VB VBN IN DT `` JJ NN '' RB IN `` DT NN WDT VBZ DT NN IN JJ NN , '' VBD NNP NNP , WP VBZ DT NN IN JJ NN NN IN DT NNP NNP NNP , NNP POS JJ NN IN NN . VBG IN NNP , NN NN IN NNP VBZ DT JJ NN IN PRP$ JJ NN NNS . `` PRP VBP RB JJ IN VBG DT NNS WP VBP RB , '' PRP VBD , VBG IN DT NN IN JJR NN IN DT JJ NN IN VBG JJ JJ NN . DT NNS IN IN IN DT CD JJR NNS VBG NNS VBZ RB RB RB VBN DT NN RB , IN NN NNS IN NNP POS JJ NN NN , DT NNP NNP NNP , VBG IN JJ NNS VBP VBN DT NN IN DT NN NN DT NN ."
391,641,mainstream,"NNP , JJ NNS IN DT JJ NN NN VBP VBN NNP , DT NNP NNP VBD IN DT NN . CD NNS IN DT NN VBN IN DT NNP HYPH VBN NNP NN NN : NN CC NN IN NNS : MD VB VBN IN CD NNS IN NNS , CD NNS DT , DT NN VBD . DT NNS MD VB VBN IN CD NNP NNS . `` VBG JJ NNS IN DT NN IN DT NN VBZ DT JJ NN . RB JJ NNS VBP VBN VBN : DT JJ NNS IN DT NN , VBD CD NNS -LRB- VBN -RRB- IN DT NN IN NN , '' DT NN VBD , VBG IN DT JJ NNS VBP VBN IN NNP CC NNP . DT NNP NN VBD NNS JJ NN WRB PRP$ NN , NN NNP NNP , VBD DT NN IN PRP CC JJ NNS VBD VBN DT NN IN PRP IN DT NN IN JJ NNS . PRP VBD RB VB WRB JJ NNS VBD PRP IN DT NN , CC VBD DT NNP NN NN IN DT NN VBD DT NN NNS : `` NN VBZ JJ CC JJ CC JJ . '' IN NNS IN NNP NNP , NNP VBD IN PRP CC NNS VBD RB VBN TO VB DT NN : PRP VBD RB VBG TO `` VB PRP -LRB- IN DT NN -RRB- IN DT NN . '' `` PRP VBZ RB DT NN . PRP VBZ NN HYPH NN IN NN IN PRP TO VB VBG -LRB- IN DT NN -RRB- . VBG DT NN -LRB- IN DT NN -RRB- MD VB DT NN . VBG WP PRP VBP VBG , PRP RB VBD DT NN . CC RB VBD PRP , '' NNP VBD . NNP POS NNS VBD NN IN DT JJ JJ NN . DT NN POS NNP IN NNP NNP NNPS VBD DT NN VBG DT NNS IN DT NNS IN DT `` JJ NN IN DT JJ NNS IN JJ NN , JJ NN CC RB VBN JJ NNS . '' DT NN VBD JJ NNS IN VBG NNS TO VB JJ NNS IN NN HYPH CD NNS , VBG `` DT JJ NN VBZ VBN VBN . JJ NNS VBP DT , CC PRP VBD VBN IN DT JJ NN , VBG TO VB DT IN NN . '' NNS IN NNP VBD VBG DT NN , JJ NN NNP NNP VBD `` NNS IN NN '' IN NNS VBG DT NN IN PRP . `` VB PRP RB VB DT NN , DT NNS . CC DT VBP NNS WDT VBP NNS IN WP PRP VBP IN DT JJS NN IN DT NN , '' NNP VBD DT NNP NN IN DT NN IN NNP . VBG IN JJ NN , IN JJS CD NN NNS VBP RB VBG IN NN NNS ."
392,1266,mainstream,"DT NN VBZ NNS CC PRP$ NN IN JJ NN IN DT NNS WDT VBP VBN CC RB VBN IN PRP$ NNS , DT NNS DT NNS VBP , CC DT JJ NN IN JJ NN NN NNS WDT MD VB VBN RP IN PRP$ NNS . DT NN , IN JJ NNS IN NN NNS , VBZ VBN RB , VBN IN JJ NNS IN DT JJ NN , IN NN NNS TO VB VBN IN NNS . DT NN IN DT NN VBZ PRP JJ TO VB JJ NNS CC RB VB JJ NN , IN DT RBS JJ NNS -LRB- JJ IN NNS CC NN NNS -RRB- VBN IN DT JJ NN IN DT JJ NNS . EX VBP RB NNS VBG DT NN NN NN CC NN HYPH VBN NNS IN WRB TO VB IN NNS IN NNS . DT NN VBZ TO VB DT NN CC NN IN JJ NN NNS IN NNS , VBG IN RBR VBN NNS CC JJ NN . DT VBZ DT JJ NN IN DT NNS VBG NNS CC PRP$ NN NNS ."
393,1263,mainstream,"DT NN IN DT RB JJ NN CC PRP$ NNS POS NN IN DT NN . NNP NNP VBZ CD NNS JJ CC RB JJ . PRP RB VBZ RB DT NN CC VBZ IN PRP$ NNS NNP CC NNP RB . DT VBZ PRP$ NN . NNP CC NNP VBP VBN DT RB JJ NN IN VBG PRP$ JJ NNS . PRP VBP NNP POS NN IN `` JJ CC JJ '' . DT VBN CD IN CD NNS IN NNP VBP DT NN IN DT JJ NN . NNP CC NNP VBD VBN IN NNS IN NNP VBD DT `` JJ JJ NN '' , CC PRP VBD TO VB PRP . IN JJ NNS IN DT NN `` JJ NN '' , PRP VBD VBG IN NNS . RB PRP VBD DT NNP HYPH VBN NNP NNPS NN , VBN IN NN NN NNP NNP , WP VBD DT NN VBN IN NNP POS NNS , VBG IN NN VBZ RB JJ . IN DT JJ NN IN NN HYPH NN , DT NN VBD RP IN NNP . IN DT NN NNP CC NNP VBD JJ NNS , IN PRP RB RB IN NNP . IN DT NN IN DT NN , PRP VBD VBG DT JJ NN , JJ , JJ CC RB JJ . RB PRP$ NN TO VB PRP$ `` JJ '' NN VBD VBG RB PRP$ NN CC , RB , PRP$ JJ NNS ."
394,124,conspiracy,"IN NNP CD , NNP NNP NNP NNP NNP VBD DT JJ NN TO VB DT NN NN , IN JJ NN NNS RB VBG DT JJ NN NN IN DT NN RB NNS RBR . DT NNP NN NN VBZ : `` IN IN CD NNP CD , NNP HYPH CD VBZ RB RBR VBN TO VB DT JJ NN JJ NNS -LRB- NN -RRB- IN DT NNP . '' RB NNS IN NNP NNP NNP NNP NNP VBD DT JJ NN TO VB DT NN NN , NN NNS IN NNP RB VBD DT JJ NN NN IN DT NN , VBG DT NN HYPH CD NN VBD RB VB DT NNS TO VB IN DT `` JJ NN JJ NN '' -LRB- NN -RRB- . NNP NN NNS VBD RB VBN NNP HYPH CD IN DT NN IN JJ NNP , CC VBD IN DT NNP CD NN PRP VBD VBG PRP$ JJ NN . `` DT VBD VBN IN NN IN DT NNP NNP NNS IN DT NN CC DT NN IN NN JJ IN DT JJ NNS IN DT NN , '' DT NN VBD . `` RB IN JJR VBZ VBN IN NNP HYPH CD , DT JJ NN NNS IN DT NNP VBP : VBN IN JJ NNS VBP RB VBN , IN JJ , JJR NN VBZ JJ IN NN NNS -LRB- JJ RB -RRB- , CC EX VBZ RB JJR JJ NN CC DT JJ CC JJ NN NN , DT NN IN WDT VBZ TO VB . '' DT NN VBD DT NN NN WDT VBZ IN NNS VBD DT NN VBD RB VB DT NN NN , CC RB VBD IN DT NN IN DT NNP IN DT NN '' VBZ VBN VBN IN JJ . ''"
395,752,mainstream,"VBG NNS IN DT NNP NNP NNP NNP IN NNP CC NNP NN NNP JJ NN IN DT JJ NN NN VBP DT JJ JJ NN IN DT NN CC VBP PRP$ VBG NN IN VBG NNS IN JJ CC JJ JJ NNS WDT VBP DT NNP HYPH CD NN . VBN IN JJ NN NNP NNP , NNP , DT NN IN DT NNP IN NNP CC NNP IN NNP NNP NNP IN NNP CC NN IN DT NNP NNP NNP IN DT NNP : NNP , DT NN VBZ IN DT NN , VBN NNP HYPH NNP , VBZ RB VBN CC MD VB VBN NN HYPH CD NN NN VBN IN VBN JJ NNS , IN WDT JJS NNS VBP NN . DT JJ NN VBZ JJ NN IN NN NN MD VB JJ NN CC VB DT JJ NN IN JJ NN NNS JJ IN NNP CC NNP . VBG IN DT NNP NNP NNP NNP , NNP CC NNS VBP IN NNP HYPH CD VBZ VBN IN JJ JJ NNS , VBG NN , NN , NN , NN , JJ CC NN NNS . PRP RB VBP IN NNP HYPH CD VBZ VBN IN RBR JJ NNS IN NN , VBN NN CC VBN NN , VBG PRP DT JJ JJ NN IN JJ NNS . DT NNS VBP NNP HYPH NNP IN DT NN HYPH NN NN HYPH JJ NN WDT VBZ CD NN NN HYPH NN NN NNS : NN NN NN -LRB- NN -RRB- , NNP HYPH CD VBG IN NN NN NNS CD -LRB- NN -RRB- , CC NN HYPH NNP HYPH CD VBG IN NN NN NNS CD -LRB- NN -RRB- VBG DT `` JJ '' NN NN HYPH NN NN . DT CD NN NNS VBD VBN CC VBN IN NNP . `` RB , NN VBG NN NNS VBZ DT JJ CC RB JJ NN IN NN WDT VBZ NNS POS NN NNS TO VB NN , '' DT NNS VBP IN NNP NNP NNP . `` JJ NN HYPH NN NN NN NNS VBG DT `` JJ '' NN HYPH NN NN VBP DT JJ JJ NN IN DT NN IN NN . '' DT JJ NNS IN DT JJ HYPH IN HYPH JJ JJ NN , VBN IN NNP NN CD -RRB- CC VBN IN DT JJ JJ NN NN -LRB- NNP NN CD , NNP NNP -RRB- VBN IN DT NNP NNP CC NNP NNP , VBD TO VB DT NN CC NN IN NN , VB DT JJ JJ , JJ NN -LRB- NN , NN -RRB- IN DT JJ NN NNP HYPH CD NN , VB JJ CC JJ NN NNS , CC VB DT NN POS JJ NN . DT NN , WDT VBD NN RB IN NNP NNP , VBD CD NNS IN JJ CC JJ NNS CC DT NN IN CD JJ NNS IN NN WP VBD IN JJS CD NN IN NN HYPH NN . IN DT , CD NNS VBD CD CC JJR NNS . CD IN DT NNS VBD DT JJ NN CC CD VBD JJ NN . `` DT NN VBD VBN JJ NN HYPH VBG NNP HYPH CD HYPH JJ NNS IN DT NN IN VBG NNS , '' DT NNS VBP , VBG IN JJS NNS IN DT NN VBD JJ CC DT NNS , CC IN DT NN HYPH VBG NNS VBD VBN . DT NNS POS NN VBZ DT JJ NNS IN DT JJ NN , JJ IN PRP VBG DT JJ HYPH NN NN VBG DT JJ NN IN NN NNS WP VBD RB VBN . `` JJ NNS VBP TO VB JJ NN TO VB DT JJ NN NN IN IN NN HYPH CC NN HYPH VBN NN , '' PRP VBP , VBG IN NNS WP VBP RBR RB VBN CC VBP DT JJR NN NN VBP VBN VBN TO VB DT RBR JJ CC JJ JJ NN . PRP VBP RP TO VB IN DT NN VBD IN DT NN IN NN CC IN DT NN IN JJ NN IN NNP HYPH CD NN IN NNS VBN IN DT NN HYPH NN NN IN DT NN . `` DT VBZ RB IN DT NN PRP NN VBD JJ IN DT NNS JJ IN IN PRP VBD NNP HYPH CD . '' RB , DT NNS VBP IN , IN NN IN VBG RB VBN CC JJ TO VB VBN NN HYPH CD NN NN , DT NN VBN NN NNS WDT VBD JJ NN NN . `` VBN DT JJ NN , '' PRP VBP , `` JJ NN IN DT NN VBZ JJ -LRB- IN DT NNP : NNP -RRB- IN DT VBN NN IN DT RBR RB VBN NN NN IN NN CC , CC JJ NNS IN NNP HYPH CD , NN NN . ''"
396,553,mainstream,"NNP NN NNS VBP PRP VBP VBN IN DT JJ NN RP IN DT NN NN IN DT NNP NN IN DT NN IN NNS VBG IN NN NNS IN DT JJ CD NNS . RB RB JJR IN CD NNS VBP VBN VBN . DT NNS VBP VBN DT RB JJ NN IN RB HYPH VBN NN IN CD WDT VBD DT NN IN DT NN NN CC NN . RB , WRB JJ IN DT NN VBZ DT NN VBN IN VBG DT JJ NN . NNP NNP NNP , IN NNP , VBZ VBN DT NN IN DT NN HYPH NNP , NNP CC NNP , CC PRP VBD IN NNP NNP IN NNP NNP NNP ."
397,313,mainstream,"NNP . CD , CD : DT NNS NN VBZ RB VB JJ HYPH VBG NN NN CC VB JJ NN NNS IN NNS IN NN , DT JJ NN VBZ . DT CD NN IN CD NNS VBD IN PRP$ NN MD VB VBN IN NNS NN , VBN IN NN IN DT JJ NNS HYPH NNS HYPH NN -LRB- NN -RRB- NN NN . DT NN POS JJ NNS VBD IN DT NNS MD VB RB JJ NN IN , CC DT JJ JJ NN IN , DT VBN JJ NN NN VBN IN DT NN . IN CD , CD IN DT NN POS CD NNS RB VBD DT NN CC VBD DT NN IN NN NN CC NN CC JJ NNS . IN RB , NNP NNS VBD VBN RB VBN IN DT NN IN NNP NN NNS VBD IN CD NN IN CD NN IN JJ NNS . CD NNS VBD VBG JJ NNS HYPH NN JJ NN VBN IN NNS IN NN . CC CD JJR JJ NNS VBD DT JJ NN , CC DT NNS VBN IN DT JJR NNS VBP VBN VBN IN NN . RB NNP NNP , NNP , IN NNP POS NNP , NNP , CC NNS VBP NNS IN DT RB JJR NN . NNP CC NNS VBD IN NNS NN CC NN NNS IN NN NN IN NNP NNS JJ CD IN CD . DT NN VBD CD NNS IN NN , CD NNS IN JJ JJ NNS CC RB NN , CC CD NNS IN JJ NNS . `` DT NN IN NN NN CC NN NN NN VBD VBN , '' NNP CC NNS VBP IN DT NNP CD JJ NN IN NNPS IN NNP IN NNP . DT NNS IN NN VBP TO VB VBG RB CC RB VBP , VBG NN NNS PRP RB VBD VBN . DT NN VBZ IN RB DT JJ NN IN NNS VBP PRP$ NN NNS . CC IN DT NNP NN , NNS IN JJ NN VBD DT JJ NNS IN NNS NN . RB , DT NN IN NN NN VBZ RB VBN DT JJ NN IN NNP NNS , VBZ NN NNP NNP , NNP , NN IN DT NNP NNP NNPS NN . `` RB RB , NN IN NNS NN CC DT JJ NNS VBZ RB VBN JJR , '' NNP VBZ NNP . `` PRP VBP RB VBN DT NN IN NNS NN NN IN DT NNP . DT NN VBZ CD NN RB IN CD SYM IN CD HYPH NN HYPH NNS . '' IN DT NN , EX VBZ VBN DT NN IN NNS IN DT NNP IN DT JJ NN . `` IN JJ NNS IN DT NN , NNS RB VBZ IN , '' NNP VBZ . `` DT VBZ CD NN PRP VBP TO VB JJ NN , IN PRP VBP RB VB JJ NNS RB WRB DT NN VBZ RP . PRP VBZ RB RB DT NN NN RB . ''"
398,77,mainstream,"DT NN WP VBD DT NNP NN VBD `` JJ , JJ CC VBD JJ NN IN DT NN CC NN '' IN NNS , DT NNP NNP NNP -LRB- NNP -RRB- VBZ VBN . DT NN VBZ VBN VBN IN JJ NNS . DT NNP VBD NNP NNP NNP `` VBD PRP$ NN IN NN '' WRB VBG NN IN DT VBN NN IN DT NN NN , NN CC NN NNS . PRP VBD RP RB JJ CC JJ NNS IN NNS IN JJ NN CC JJ NNS . NNP RB VBD TO VB NNS IN NN IN DT NNP JJ NN , WDT IN CD VBD DT NN NN WDT VBD DT NNP NN . DT NN VBZ RB VBN VBN IN DT NNP CC VBN . DT NN RB VBD IN DT JJ NN IN NN NN NNS CC DT NN IN NNS IN NNS . DT NN VBZ IN DT CD HYPH CC HYPH DT HYPH NN HYPH NN NN IN DT NNP . WRB VBD DT NNP VB DT JJ NN IN DT JJ NN . NNP VBD TO VB DT NN IN VBG NNS WRB VBG DT NN IN NN . DT VBD DT NN IN PRP CC JJ IN DT NNS IN DT NN VBD VBN IN DT NN VBG TO VB IN NNP VBD VBN IN NN . DT NNP VBD DT NN IN DT VBD VBN IN DT NNP NNP NN IN NNP CD . DT NN VBD NNP POS JJ NNS VBD DT NN POS `` NN , NN , CC NN IN NN '' . RB CD IN PRP$ CD NNS RB VBD PRP$ NN IN DT NN . VBZ EX DT NN IN NNP VBZ NN . RB NN . EX VBZ RB VBN DT JJ JJ NN WDT VBZ VBN DT NN IN NN VBG NN , IN NNS IN NNS IN NNS IN DT NN VBG DT NN . IN DT NN , JJ JJ HYPH NN NN NNS VBP DT NN IN NNP . DT JJS JJ NN , VBN IN DT NNP NNP , VBD NN IN CD NNS CC VBD IN EX VBD DT NN IN DT NN IN NN CC NN . IN CD , VBG DT JJ NN , DT NNP NNP NNP VBD EX VBD DT NN TO VB NNP VBD NN . DT NNS IN VBN NN NNS VBP DT NN CC NN IN DT NN NN . NNS IN NN VBP RB VBN IN DT NNP NN VBD VBN . WRB VBD DT JJ JJ NN VB PDT DT JJ NN NN . DT NNP VBZ DT VBN JJ NN CC , IN NNP POS NN VBG JJ CC RB JJ , PRP VBD JJ JJ HYPH NN NN NN . RB , DT NNS VBD RB VBN IN DT VBN NN NN CC NNP , DT JJ NN , VBD JJ IN VBG DT NN IN DT NN IN NN CC NN . DT JJ CC JJ NN VBD IN NNP POS JJ JJ NN VBD NN CC PRP VBD TO VB PRP$ NN RB . PRP RB VBD TO VB CC VB DT NNS IN WRB NNP VBD VBN PRP$ NN . DT VBD DT NN TO VB IN JJR IN CD NNS IN DT JJ NN NNP NNP VBD PRP$ NN IN CD . WRB VBZ PRP VBN DT NNP JJR IN CD NNS TO VB IN NNP POS NNS . DT VBZ VBN DT JJS NN VBN IN DT NNP NNP NNP . DT NN IN CD NNS CC CD JJ NNS VBZ VBN IN DT NN IN CD NNS IN DT NN VBD RB VBN . PRP VBD TO VB CC VB NN IN CD NNS IN NNS IN NNS . DT NN NN -LRB- NN -RRB- VBZ IN CD NNS , CD IN PRP VBN IN NNP NNP RB . DT NN IN NNP POS JJ NNS IN NN WRB VBG DT NN , IN JJ NN IN JJ NNS , VBG DT NN IN JJ CC JJ NNS . WP VBD PRP$ NN . DT NNP VBD NNP NNP VBD VBN `` RB CC RB '' . IN DT NNS VBN IN PRP VBD DT NN IN JJ JJ NNS CC DT NN TO VB PRP$ NN IN DT VBN NN IN DT NN VBG NNP VBD VBN NNS . CD JJ NNS IN DT NNP NN , NNP NNP NNP HYPH NNP CC NNP NNP NNP , RB VBD NNS IN NN . VB DT JJ NN -LRB- NN -RRB- . DT NNP NN MD VB IN NNP TO VB IN DT NNS POS NN TO VB . IN PRP VBP VBN JJ IN JJ JJ NN , PRP MD VB VBN IN DT JJ NN . WRB JJ NN VBZ DT NNP NN VBN . DT NN VBD NNP NN NNS TO VB RB . DT IN NN VBD IN DT JJ NN IN NNS IN NNS , VBG NNS POS NNS IN NN . NN NNS VBP VBN RB IN JJ NNS CC VBP RB TO VB IN JJ NNS . MD PRP VB PRP$ NN VBN . RB . NNP NN VBZ DT JJ NN NN CC VBZ DT JJS NN TO VB NNS IN NNS , DT RB JJ NN WDT MD VB , VB NN NN CC RB VB . NNP RB VBZ IN NNS CC NN , CD JJ CC JJ NNS WDT MD VB JJ NNS . WRB MD PRP VB RP JJR . EX VBP DT NN IN NN HYPH VBN NNS TO VB NNS VB NN CC NN : NNP NNS NN IN CD : NNS , NNS CC NNS"
399,681,mainstream,"IN NN IN NNS IN NNS IN NNP CC NNP , VBG IN DT VBG NN IN NNS TO VB NNS IN PRP$ NNS , NNS VBP VBN NNS TO VB NN NN JJ . JJ NN , DT NN NN VBD JJ NNS IN NNP , VBG IN JJ NN IN NN '' MD RB VB VBN '' . IN PRP VBP VBN RB VBN IN DT JJ NN IN VBG DT NNP NN IN NN IN NNS IN DT NN IN NN , PRP VBP JJ NN NNS MD VB TO VBZ NNS IN NN . IN DT NN IN DT NN IN NN WP VBD RB IN DT NN VBG NNS IN NNS , PRP VBD IN JJ NN NNP NNP POS RB JJ CD NN IN DT DT NNP VBG DT NN IN NN CC NN . PRP VBD RB JJ IN IN DT NN VBD DT NN IN DT NN , PRP MD VB JJ NN IN NNS IN NNS IN NN RB RB IN IN NNS IN NNS IN IN NNS . IN NN PRP VBD DT JJ IN DT NN IN NNS , VBG IN CD IN DT NN NNP CC NN : WDT NNS VBP TO VB . DT NN VBD TO VB NNS IN PRP VBD DT NNS TO VB IN NNP VBD VBN PRP$ NNS POS NN , CC IN PRP VBD JJ NN IN JJ NNS . PRP VBD DT JJ NN WRB NNP POS NN VBD RB VBN IN JJ CC PRP VBD NNP TO VB DT JJ NN IN NN NNS CC JJ NN NNS IN DT NNP NNPS ."
400,365,conspiracy,"DT NNP NNP NNP NNP -LRB- NNP -RRB- , DT NN IN DT NNP NNP NNP -LRB- NNP -RRB- , VBZ DT VBG NNS CC NNS IN NNS IN VBN JJ NN IN DT NNP NNP : NNP , NNP , NNP NNP , NNP NNP , NNP , NNP , NNP , NNP , NNP , NNP , NNP NNP , NNP , NNP CC NNP . NNP NNP VBZ RB VBN IN NNP IN VBG JJ NN NNS , CC VBZ VBN VBG RB IN NNP NNP . CC IN NNP , CD NNP , NN NNS VBD DT NN IN DT NN IN NNP , NNP . DT NNPS IN NNP NNP CC NNP VBN IN NNP , NNP VBZ DT VBZ RB DT JJ NN DT NN VBZ VBN NNP IN NNP NNP IN DT NNP NNPS , CC DT NN NNS VBP EX VBZ NN IN DT NN TO VB . NNP IN DT NNP NNP IN NNP NNP IN NNP NNP IN NNP CC NN IN DT NNP NNP POS NNP NNP IN NNP NNP , NNP NNP NNP VBD NNP NNP `` PRP VBP RB JJ IN NNP . '' EX VBZ NN TO VB DT NN VBZ JJ , IN PRP VBZ VBN IN JJ NNS , DT NNP VBZ RB JJ , CC VBZ RB VBN VBN IN JJ NNS . CC PRP VBZ DT NN TO VB RB DT NN NN , DT JJ NN , MD VB . NNP VBZ VBN RB IN DT NNP NN NN , VBN RB IN DT NNS , CC DT JJ NN NN , NN NN MD RB VB JJ TO VB DT NN . DT JJ NN NN VBZ JJ IN DT JJ CC JJ NNS IN NNP NNP , CC IN DT JJ JJ NNS VBZ VBN JJ NNS . IN IN CD , DT NN VBD VBN VBN RB RB RB IN DT NNP HYPH NNP NN . DT JJ NNS IN DT NNP NNPS VBP IN JJ NN IN NNP NNP . `` PRP VBP RB JJ IN NNP VBG RP IN DT NNP NN , '' NNP VBD IN DT NN IN NNP NNP . `` PRP VBP CC NNS IN NN WDT MD VB DT NN . EX VBZ DT JJ NN IN NN CC DT JJ NN . '' NNP VBZ VBN DT NN IN NNP , IN NNS VBG NNS IN NNS IN NNPS VBP VBN VBN . CC IN RB , EX VBZ CC DT NN CC DT NN IN NNP , DT JJ NN IN DT NN IN NN VBZ DT NN IN NNP MD RB VB VBN IN NNS . DT JJ NN VBZ TO VB NN IN DT NN IN NN IN DT NN TO VB VBN CC VB DT NN IN NNS . NNP VBZ DT NNS IN NNP IN DT `` JJ NN , NN -LRB- RB NN HYPH NN -RRB- , NNS , NN , NN , NN , CC JJ NN , VBG RB CD IN CD NNS IN DT NN NN NN . '' CC RBR JJ VBZ DT VBN NN IN NNP CC JJ NN NNS IN NNS . VBG IN DT NNP , NN VBZ VBN TO VB NNS VBN IN NN , DT RB JJ NN WDT VBZ RB VBN IN JJ NN NN . RB NNS VBD JJ IN DT NN IN NNP CC NN . CC IN DT NN IN NNS VBD TO VB , PRP VBZ RB VBN CD , DT NN VBZ RB JJR . IN JJ NNS , DT NN VBD DT NN IN RB CD CC RB RB . DT NNP VBZ VBN DT NN IN NNS IN JJR NNS IN DT NNPS TO VB NN NNS . VBG IN PRP$ NN , DT VBP DT JJS NN NNS : `` NN WDT VBZ NN NN IN NN NNS WRB NNS VBP RBS JJ . NNS MD VB VBN IN VBN NN CC IN NN . NN HYPH VBN NN NNS VBP JJ NN IN DT WP VBP IN DT NN -LRB- FW NNS , DT NN CC NN HYPH NN NNS -RRB- , NN NNS JJ IN NN CC NN NNS CC NN HYPH NN MD RB VB NN . ''"
401,269,mainstream,"IN PRP VBP TO VB IN DT NN HYPH CD NN , JJS IN PRP VBP JJ TO VB IN JJ NN , WRB PRP MD VB PRP$ JJ NNS CC NNS , RB VB IN JJ NNS CC RB RB VB IN DT NN CC NN NN . JJ NNS VBP IN NN VB RB IN DT NN NN VBZ VBN . IN DT JJ NN , NNS IN DT NN VBP VBG IN DT NN , CC PRP VBZ TO VB VBN RB CC VB DT JJ JJ NN . IN DT NN IN DT NNP , NNP NNP NNP , DT NN NN IN DT DT NNP NNP NNP IN NNP NNP IN DT NNP IN NNP CC DT JJ NN NN IN JJR IN CD NNS IN NN , VBZ NN NNP NNP NNP TO VB VB WRB JJ PRP VBP IN DT JJ NN IN NN HYPH CD , DT NNS PRP MD VB TO VB RB , CC WP PRP VBP TO VB IN DT NN TO VB RB JJ IN JJ CC VB DT NN IN NN . WRB TO VB IN DT NN VB IN JJ IN NNP NNP CC IN PRP$ JJ NN NN : VBG NNP NNPS CC NNP NNPS . IN PRP VBP JJ IN NNS RB , VB RB ."
402,701,mainstream,"-LRB- NNP -RRB- DT JJ NN POS `` NNP NNP NNP '' NN NN , IN PRP$ NN IN JJ NN CC NN IN JJ NN NNS , VBZ VBG NNS RB VBN RP IN NN NNS , CD NNS VBD NNP . DT NN PRP VBZ RB JJ , VBD NNP NNP NNP , NN IN DT NNP NNP IN NNP NNP CC NN IN NN CC JJ NN CC NN IN NNP NNP IN NNP . CC DT NN PRP VBZ VBG VBN VBZ VBG NNS , PRP VBD NNP . `` DT NN DT NN VBZ VBG IN IN NNP NNP NNP VBZ DT NN IN NN CC NN . CC PRP VBZ VBG DT NN NN , '' NNP VBD . DT NNP NNP NN NN NN NN VBD NNP RBR DT NN IN DT NNP NNP POS NNP NNP NN VBD VBN CD NNS RB JJ TO VB DT NNP HYPH CD NN , VBN RP IN CD JJ NN WRB `` NNP NNP NNP '' VBD VBN . NNP NNP NNP , NN IN DT NNP NNP IN NNP CC NNP NNPS , VBZ PRP VBZ IN IN CD NNS IN CD NN , VBN IN NN NN NNP , TO VB JJ IN DT NN IN DT NN , JJ TO VB VBN RP IN PRP VBZ VBN TO VB RB TO VB NNS IN NN NN IN JJ NNS WDT VBP RB IN NN . PRP VBZ VBN CD IN DT NNS MD VB JJ RB RB IN NNP . DT VBZ DT RB VBN NN , IN NNS RB VBP NNS TO VB . `` DT NN PRP VBP VBG PRP VBZ DT JJ JJ IN PRP VBP DT NN IN VBG WRB RB PRP VBZ VBG VBN , '' VBD NNP NNP NNP , NN IN DT NNP NNP NNP CC NN IN NN IN NNP POS NNP IN NNP . `` PRP VBZ NNS VB EX VBP NNS VBG VBN . '' NNP CC NNP MD VB . PRP VBP RB VBN NNS VBG DT VBN NN NN , CC VBG TO VB NNS WP VBP NNS CC NNS IN NNS . DT VBP VBN NNS IN NN NN . NNP VBD `` NNPS VBD RB VB NNP POS NNP , '' IN PRP$ NN , CC NNP VBZ VBN JJ NNS , VBG `` NNP NNPS : WRB DT NNP NNP VBZ PRP DT . '' `` WP VBZ DT JJ NN VB . '' NNP VBD . `` PRP VBP PRP VBP NNS , IN PRP VBP RB RB VB PRP IN NN , CC IN EX VBZ DT JJ NN IN NNP NNP CC DT NN . '' NNP NNP , NNP POS JJ JJ NN , VBD CD NNS IN $ CD CD , NNS VBP . PRP RB RB VBD PRP IN $ CD CD , VBG DT NN IN $ CD CD . DT JJ NN , NNP NNP , NNP POS JJ JJ NN , VBD $ CD CD TO VB NNS . PRP RB VBD DT NNS IN $ CD CD , VBG DT NN IN $ CD CD . PRP VBD RB JJ , CC VBD JJ , NNP VBD . `` PRP VBP VBG PRP IN DT NN , '' PRP VBD . NNP VBZ IN NNS CC DT JJ NN MD RB VB VBN TO VB NN NNS IN DT NN TO VB NNS IN NN . DT MD RB VB DT NN NNS JJ , CC PRP MD VB JJ CC RB VB NN . `` PRP VBP DT NN WP VBD NN VBD VBG TO VB . PRP VBD , `` PRP VBD RB JJ NNS IN PRP CC WRB MD PRP VB , '' '' NNP VBD . `` NN IN DT VBD JJ . RB , PRP VBD RB VB , CC RB , PRP VBD VB . PRP VBZ JJ NN . '' NNP VBZ NN RB RBR JJ MD VB IN DT NN . RB DT JJ NN VBZ VBG VB CC NNS CC NNS TO VB NN . `` VBP PRP VB DT NN VBZ DT NN TO VB DT NN . '' VBD NNP . `` UH , PRP VBP . '' RB RB , NNP VBZ NN WDT VBZ VBN JJ IN DT IN DT NNS IN NN . PRP VBZ RB VB DT NN IN NN VBZ VBG VBN . CC PRP VBZ JJ IN PRP WRB DT NN MD VB CD NNS TO VB IN . `` PRP VBZ IN PRP VBP DT JJS TO VB , '' NNP VBD . DT VB NN NNS TO VB NNS VBG JJ NNS , IN VBN IN DT VBN HYPH CC JJ CC JJ NN IN VBG DT JJ NN WDT VBZ VBN CC VBN CC VBN . `` RB RB IN DT NN CD NNS VBP VBN CC VBN , PRP VBP DT NN PRP VBP VBG MD VB JJ , '' NNP VBD . CC DT NN CD NNS , CD IN WDT VBZ VBN RP TO VB VBN IN CD NNS RBR DT NN , MD VB VBN IN DT NN TO VB IN DT JJ NN NNS IN NN MD VB JJ . `` DT VBZ DT NN WDT MD RB VB VBN , '' NNP VBD ."
403,717,mainstream,"NN : NNP FW FW FW . JJ NN . UH IN NN CD IN NN NN CD . NN , PRP VBP VBG TO VB PRP IN PRP$ JJ NN NNS IN NNP HYPH CD NN NN CD , IN PRP VBP IN EX VBP JJ NNP NNPS WP VBP JJ IN NN IN DT NN . CC RB , IN IN JJ , PRP MD VB RP IN DT NNP HYPH NNP IN NNP IN PRP$ NN . NNP NNP . NNP NNP NNP : VBP PRP , NNP NNP . NNP FW FW . NN , PRP VBP CD JJ VBN NNS TO VB . CD VBZ VBN IN DT VBG NN , CC DT CD NNS VBP IN NN RB . IN NN , PRP VBP VBN WP VBD RB DT JJ NN IN RB DT NN . DT VBZ PRP$ NN IN VBN NNS VBZ RB CD , CC DT VBZ DT NN PRP VBP IN DT NNP NNP NNP . DT JJ NN IN JJ NNS VBZ CD , CC PRP$ JJ NN VBZ CD NNS . PRP VBP JJ TO VB EX VBP DT JJ NNS TO VB NN , CC PRP RB VBP CD NNS IN NN , NN IN WP VBP IN JJ NN . EX VBD DT JJ NN IN NN NN , IN CD NNS VBN , CC PRP$ JJ JJ NNS VBZ CD . IN PRP$ NNS , CD VBP VBN IN VBN , CC DT VBZ DT NN IN CD , CC CD NN IN DT NNS VBP RB VBN VBN . EX VBP DT JJ NNS IN PRP$ NNS , CC DT JJ NN IN NNS WDT VBP IN IN JJS CD NNS CC JJR VBZ IN CD . RB , IN PRP VBP RB IN NN CD , JJ NN VBZ VBG RB : CC IN DT , PRP VBP VBG IN NN NNS CC NN NN . PRP VBP VBN DT NN IN DT NN WDT NNS MD VB VBG NN NNS IN VBG DT NN CC DT NN RB VBG VBN VBN RP . DT JJ JJ NNS VBP RB RB RP CC VBG , CC PRP VBP NN , IN PRP VBP VB DT NN , DT NN NN , CC DT NN IN , IN NN , DT NN NN CC DT JJ NN , TO UH VB CC VB DT NN . PRP VBZ RB JJ RB TO VB WP VBP JJ NNS IN VBG RB . NNS MD RB RB VB VBG NN IN JJ NNS CC RB NN . IN PRP VBP DT JJ NN , UH VB VB IN NN IN PRP$ NN . IN PRP MD VB JJ , PRP MD VB JJ IN DT NNS RB RB RB . IN PRP VBP DT NN IN DT NN IN DT NN HYPH NN CC JJ NN CC DT JJ NN , UH VB VB RP DT NN . DT NNS VBP RB JJ NNS IN NN TO VB PRP JJ . DT JJ NN IN DT NN CD NN . DT VBN NNP NNP NN VBZ VBN VBN IN DT NNP IN NNP NN . PRP MD VB PRP IN DT NN NNS NN IN DT NNP IN NNP NN . DT JJ NN VBZ DT JJ NN TO VB DT VBG : NNS MD VB TO VB IN PRP$ NNS CC JJ NNS , IN PRP VBP PRP VBZ JJ TO VB IN DT JJ NNS IN PRP$ NNS CC WRB PRP VBP VBG . RB PRP VBP VBN IN JJ NNS VBP VBN TO VB NN NNS , WDT VBZ PRP MD VB IN DT NNS TO VB RP NNS CC JJ NNS WDT VBP NN . RB , NN IN NN NNS IN NN NNS VBZ RB VBN IN NN NN CD . DT VBZ , IN NN , NNS MD VB NN NN CC DT JJ IN NN NN CD . VBP PRP , NNP NNP . NN : VBP PRP , NNP NNP . NNP NNP POS NN TO VB NN CD VBZ CD JJ NNP NNPS RB IN NN CC VBZ IN RB CD NN IN DT NN VBZ RB VBG . CC IN PRP VBP VBN , DT JJ NN VBZ VB IN JJ NN : DT NN , IN PRP VBP VBN RB , TO VB RP DT JJ NN WDT DT NN IN CD CD VBZ VBN RP TO VB DT NN . RB IN NNS MD RB VB NNS CC VB HYPH NNS , PRP VBZ JJ IN PRP VBP PRP$ JJ NN CC VBP IN NN IN EX VBZ DT JJ NN TO VB RB . NNS VBP DT JJ NN CD NN NN NN IN NN CD . IN IN CD NN NN , CD NNS VBD VBN VBN , IN CD VBN IN DT NN NN NN . IN DT , CD VBD VBN VBN IN JJR NN IN NNS . DT VBP VBN VBN RP IN NNP , NNS , NN , CC NNP : RB JJ IN DT NN IN NN WDT MD VB VBN . DT JJ NNS IN NNS VBD NN IN JJ NN , NN NNS IN NNS CC NN , JJ NN NNS IN NNS , JJ NNS , CC JJ NNS IN IN HYPH NN NNS . IN NN , DT DT HYPH IN HYPH NN NN NN VBZ DT NN NN WDT VBZ VBG DT NN WDT VBZ VBG VBN , RB PRP VBP RB VBG , RB , IN DT NN IN DT NN TO VB DT NN . IN PRP VBP VBG IN DT NN IN NN NNS , RB DT VBP VBG VBN RP RB , RB RB . JJ NNS RB VBP DT JJ NN NN IN NN , VBG DT NN IN CD NNS IN DT NN CC NN NNS IN NN NN CD : DT VBZ DT NN IN CD IN DT JJ CD NNS : CD VBN , DT NN IN CD IN CD NNS : CD NNS , DT VBZ DT NN IN CD , CC CD NN NNS , DT VBZ DT NN IN CD . EX VBP , IN NN , JJ NN NN NNS , CC IN DT NN IN DT JJ CD NNS EX VBP VBN CD IN DT IN DT NN . NNS VBP RB VBN IN IN DT NN IN DT NN IN DT JJ CD NNS IN NN CD , NNS VBP VBN TO VB RP : DT JJ NN WDT PRP VBD WRB PRP RB VBD IN NN . RB IN PRP VBP VBN , PRP DT VBP DT NN TO VB DT JJ NN IN PRP$ NN NN NN . UH , VB TO VB IN PRP VBP DT NN WRB PRP VBP RB CC RB , CC IN PRP VBP NNS , UH VB PRP . DT JJ NN PRP MD VB VBZ DT NN IN NNS IN IN VBG PRP$ NN IN DT NN , CC , IN VBZ VBN VBN NN , PRP VBP RB VB NNS WDT VBP VBG RP . CC RB RB VBZ RB DT NN TO VB RP PRP$ NN . NN PRP VBD DT JJ NN IN NN CC NN NN . PRP MD VB IN RB CD NN IN NN CD IN CD NN NNS VBD NN , CC RB CD NN IN NN . IN PRP VBD NN , DT VBZ RB DT RB JJ NN IN DT NN NNP NNPS VBP VBG IN NN CD , CC DT VBZ RB WP PRP VBD VBG : IN RB , NN WP MD VB RB VBD VBG RB , CC DT WP VBD TO VBD JJ TO VB NN . JJ NN PRP MD VB IN PRP NN VBZ IN NNP MD VB IN NN DT JJ NN IN NN NNS TO VB JJR NN HYPH NN TO VB JJ NNS , CC DT VBP NNS WDT PRP VBP VBN IN PRP RB . PRP$ NN VBZ JJR IN $ CD CD IN DT NN NN TO VB JJ CC JJ VBN NNS IN PRP VBP TO VB IN DT JJ NN IN NN HYPH CD . IN PRP MD VB , DT VBZ DT NN TO VB IN NN NNS CC RB RB . PRP MD RB VB DT NN IN WRB JJ IN DT NN NN VBZ VBN VBN IN PRP$ JJR NNS . JJR IN $ CD CD VBZ VBN VBN IN RB CD JJ NNS . DT JJ $ CD CD VBZ VBN IN CD JJ NNS WDT VBP IN CD CC CD NN , CC RB CD JJ VBN NNS , RB IN IN CD NN , VBP VBN VBN $ CD CD . RB IN DT NN , NNS IN NN IN DT NN NN VBP DT WP MD VB NN IN NNP HYPH CD , CC VBP VBN TO VB DT IN DT NN NN RB IN IN PRP$ NN NNS . PRP VBZ CD NN IN PRP VBP RB VBN JJ TO VB DT NN IN NN NN IN DT NN . JJ IN PRP$ JJR NNP NNS MD VB VBG RB IN NN CD , CC PRP VBP RB VB JJ NNS , RB CD NN PRP VBP TO VB NN TO VB VBZ TO VB IN VBG JJ WRB PRP VBP VBG IN JJ NN . DT VBZ PRP , RB , IN WP VBZ RB VBG DT NN IN NNP NN . NNP NNP VBZ DT NN WDT VBZ NN NNS IN DT VBG IN PRP$ NN NN . PRP VBZ VBG CD NNS , RB RB RB VBZ PRP VBN IN NNS IN PRP$ NN NNS , PRP VBZ RB VBN IN NNS WDT MD RB VB JJ TO VB RB : VB PRP NN CC NN NNS CC RB NNS IN NN : CC VBZ DT NN TO VB NN NNS IN JJ NNS , IN RB VBG DT IN DT NNS VB IN DT NN WRB PRP MD VB JJ TO VB CC VB . PRP VBP VB TO VB NNP CC NNP , WP VBD RP IN DT NN IN VBP PRP NNP . NNP VBD IN DT NNP NNP NN NN IN CD NNS , CC VBD RB IN NN , CC VBZ , `` RB VBZ DT NN TO : VB PRP$ NN IN NN DT JJ NNS VBP , RB RB IN -LRB- DT NN -RRB- IN NN , CC DT JJ NN . '' PRP MD RB VB JJR . JJ IN NNS . NN : NNP NNP , WRB PRP VBD VBG TO VB IN NN CD , PRP VBD IN DT NNS WDT PRP VBD TO VB IN IN NN TO VB IN NN CD . WP VBP DT NNS WDT PRP VBP VBG IN IN NNS IN DT NN IN NN CD . NN : PRP MD VB VBN PRP VB NN CD IN DT `` NN NN '' : DT NN WRB PRP VBP DT IN DT NNS WDT PRP VBD TO VB IN NN CD VBP RB IN NN : IN PRP VBP RB VB JJ NNS IN NNS , IN PRP VBP RB VB NN NN , IN PRP RB VBP NN IN DT NN , CC DT VBZ WP PRP MD VB VBG IN WRB PRP VBP DT NN TO VB IN DT JJ NN NN . PRP MD VB VBG RB RB DT NN IN DT NNP HYPH NNP IN NNP . RB PRP MD VB NN PRP MD VB TO VB IN RB , NNP . NNP NNP NNP : RB DT NN IN NNS : PRP VBP , JJ IN DT NN IN NN NN CD IN CD , PRP MD VB VBG IN DT JJ NNS VBG , WRB PRP VBP , CC PRP$ NN TO VB DT IN VBG NNS . PRP MD RB VB VBG IN DT NN IN PRP$ NN NN , WDT DT NN NN NNS VBP VBG RB NN , CC PRP VBP PRP VBD DT VBN IN DT VBN NN IN NN NNS : RB PDT DT NN IN DT MD VB DT NN NN VBG IN DT NN . CC PRP VBP DT NN PRP VBP RB JJ IN , IN NN , VBZ DT NN IN NN IN DT JJ NN NNS , IN JJ , IN NNS VBP VBN IN NN TO VB IN NN CD , WDT MD VB TO VB IN NN CD . RB DT MD VB DT JJ NN . NN : VBP PRP VB TO VB CD NNS . VBZ DT NN WDT PRP VBP TO VB . CC VBZ PRP RB IN PRP VBP RB VBG JJ NNS WDT VBP VBN IN VBG NNS . NNP NNP NNP : RB RB CD , CC IN PRP VBP VBN , CC JJ NNS VBP VBN , EX VBZ DT JJ NN IN DT NNS , CC DT JJ NN VBZ VBG RP DT JJ NN IN NN TO VB JJ PRP VBP VBG NNS RB RB IN PRP$ NN IN JJ NN NN IN NN HYPH IN NN CC JJ NN IN NNP CC RB VBG JJ TO RB VB IN DT IN PRP$ NN HYPH NN CC NN NN . NN : RB CD JJ NN TO VB IN DT , PRP MD VB , IN DT VBN NN , CD , CD NNS , CC DT CD IN DT MD , IN NN , VB IN NN WP VBZ VBN RP IN RB CC VBZ RB IN NN . RB DT VBZ IN RB JJR NN IN NNP NNP IN , IN NN , NN WDT PRP MD VB IN DT NN . RB PRP VBZ VB WRB DT NNS VBP VBG IN . NN : NNP NNP , NN IN DT JJ NN NN VBP IN WRB PRP VBD IN NNP , JJ NN NNS VBD RB VBG VBN IN IN DT NN , NNS VBD TO VB IN DT JJ IN IN JJ NN . CC PRP RB VBP IN DT NN HYPH NN VBZ RB VBG IN , WRB PRP VBP NN RB , PRP$ NNS VBP IN NN IN DT NNS POS NNS . VBP NN NNS VBG RB TO VB IN DT NNS . CC WRB VBZ DT VBG VBN . NN : PRP VBP VBG NNS TO VB VBN IN DT WP RB VBP DT NN TO VB NN JJ WRB PRP VBP VBG . CC RB DT VBZ WRB PRP VBP VBG NN RB RB . PRP VBP VB RB RB DT NNS RB RB CC IN NN PRP$ NN NN VBP JJ IN IN CC RB NNS VBP VBG VBN IN DT WP VBP VBG IN DT NNS RB . RB PRP VBP VB DT JJ NN . PRP VBZ DT NN CC DT NN IN NN PRP VBP VBG IN DT WP VBP VBG , CC PRP MD RB VB . NN : CC WP IN , RB , DT NNS WP RB MD VB PRP MD RB VB RP IN PRP$ NNS : MD VB JJ IN DT NNS CC NNS . WDT NN VBP PRP VB . WP MD PRP VB IN DT NN . NN : WP PRP VBP PRP VBP VBN RB IN PRP$ NN VBZ IN NNS VBP JJ TO VB RB RB , CC RB PRP MD VB , RB , IN NNS VBP PRP MD RB VB DT NN IN DT WP VBP VBN IN NN , VBG PRP$ NN . CC , RB IN PRP VBP RB , NNS VBP RB JJ IN WP PRP VBP VBG . IN PRP VBP JJ NN , PRP VBP VBG PRP . NN : MD PRP VB IN NN NNS . VBP PRP JJ . CC VBP PRP JJ IN PRP . NN : PRP VBZ RB JJ IN DT NN IN DT NN TO RB VB CC VB DT NN IN NNS , CC DT NNS VBP , IN NN , JJ TO VB DT . WRB PRP VBP VBN NN NNS , IN DT NNS PRP VBP VBN NN HYPH VBG , PRP VBZ RB RB VBN VBG NN . WRB PRP VBP VBN VBG RP , PRP VBP VBN NNS VBG IN DT NNS TO VB JJ IN WP VBZ VBG VBZ JJ , VBZ JJ , CC VBZ RB TO VB DT NN . NN : IN WDT NN VBP PRP VB TO VB DT NN NNS VBN . NN : RB , WRB PRP VBP RP NN NNS , DT VBZ DT NN IN PRP VBP IN DT JJ NN CC RB , RB , DT NN IN DT IN DT NNS WDT NNS VBP RB VBN TO VB IN NN TO VB PRP VBP RB IN JJ . NN : NNP NNP , JJ JJ VBP VBG NNS IN NN RB IN PRP MD RB VB RB IN PRP$ NN NNS IN DT NN . MD DT NN VB DT NN VBN IN DT NN IN DT NNS VBP VBG RB . NNP NNP NNP : RB RB , WP PRP VBP VBG : CC PRP VBD IN , UH , RB , CD IN PRP$ NNS VBD IN DT NNP NNP NNP CD NNS RB , CC PRP VBP VBN DT NN RB IN NNP NNP , DT JJ NN , VBG PRP IN VBG RP . PRP VBP RB VBG TO VB RP IN PRP CC VB IN PDT DT NN PRP VBP VBN IN DT JJ JJ NNS IN WP PRP VBP TO VB TO VB JJ PRP$ NN NNS CC JJ JJ NN NNS VBP RB JJ IN PRP MD VB , VBG IN DT NN PRP VBP VBN IN NN TO VB DT NN , CC DT NN , IN NN NNS CC NNS WDT VBP VBN NNS , RB RB IN NN WDT DT NNPS VBP VBN IN VBG RB CC VBG IN DT IN PRP$ NNS IN PRP$ NN . RB PRP VBP VBG DT RB IN PRP , CC DT VBZ DT NN IN NN IN CC NNS WP MD VB VBG CC VBG RB IN NN , DT WP VBP RB RB RB RB IN NN , CC WDT NNS PRP VBP TO RB VB RB DT IN NNS IN , IN PRP VBP VB DT NN , IN PRP VBP TO VB JJ NN IN NN NNS TO VB PRP RB VBG NNS IN PRP$ NN . RB PRP VBP VBG IN DT IN DT RB IN PRP , CC , IN PRP VBP , DT VBZ DT NN IN NN IN JJ NNS VBG RB , CC IN DT NN IN WRB PRP VBP RB CC RB RB IN PRP VBP IN DT CD HYPH NNS NN , IN CD IN DT NNS PRP VBP VBN VBZ IN DT IN DT NNS PRP VBP VBN IN DT NNS VBP DT NNS , CC RB PRP VBP TO VB JJ PRP VBP VBG RP DT JJ NNS RB . NN : NNP NNP , VB PRP , CC PRP$ NN VBZ IN PRP VBP VBN CD NN IN DT NN WDT VBZ VBN VBN IN DT JJ NN NN IN DT NN , CC WDT VBD VBN IN JJ NN , VBZ PRP$ NN . RB DT NN RB VBZ VBN IN NN NNS CC NN , CC RB PRP VBP IN DT JJ NN IN DT WP VBP NNS , WRB RB PRP VBZ DT NN IN DT WP VBP VBG CC VBG IN PRP VBP TO VB RB , RB JJ IN . NN : NNP NNP , IN DT NN PRP VBD IN PRP VBP VBN DT NN IN NN NN CC MD VB JJ , VBZ IN DT JJ NN TO VB IN DT NN WRB PRP VBP RB RB VBN JJ NN IN DT NN RB . PRP MD RB RB VB IN PRP VBP VBN DT NN . NN : RB , RB DT NNP HYPH NNP IN NNP VBG IN DT , CC DT VBD CD IN PRP$ NNS IN VBG RB IN NN NN CD : VBD PRP$ NN IN NN IN NN NN . DT NN IN NN IN NNP NNP VBZ JJ TO VB PRP DT NN , CC DT VBZ DT NN IN NN . RB PRP VBP WP PRP VBZ JJ TO VB VBZ IN IN PRP MD VB NN WRB PRP VBD DT NN , PRP VBP TO VB PRP$ NN . PRP VBP TO RB VB PRP VBP RB VBG DT NNS IN IN PRP MD VB VBN IN DT VBZ RB DT NN . PRP VBP PRP$ NN , PRP VBP PRP$ NN NNS , PRP VBP PRP$ NN TO VB VBG PRP DT NN . PRP VBP RB VB IN NNP HYPH CD RB MD PRP VB DT NN IN NN IN DT NN TO VB NN VBN . DT VBZ VBG TO VB IN PRP IN DT JJ NN , CC PRP MD VB TO VB VBG NNS DT NN IN DT NN . NN : DT NN NNS VBP PRP VBP RB CD NN NN NN RB . RB , CD NN IN JJ NNS VBD DT NN IN PRP$ JJ NN . VBZ DT NN VBN RB JJ IN DT NN IN NN NNS . NN : RB PRP MD VB RB VBN CC IN DT JJ NN , RB PRP VBP DT NN IN DT NNS PRP VBP . DT CD NN IN NN NN RB VBZ VBN IN DT JJ NN IN PRP$ NN IN NN HYPH CD . RB DT NN TO VB NN NNS , PRP RB RB VBN IN NN IN IN CC RB PRP RB VBD NNS WRB PRP MD RB VB DT NN IN NN . NNP NNP , VBP PRP VB TO VB IN NN : NNP NNP NNP : PRP VBP PRP VBP VBN PRP RB , NNP NNP . NN : RB IN NNS IN DT NN IN NNP VBZ VBN VBN RB RB IN DT JJ CD , CD , CD NNS , MD DT VB DT NN NN WDT DT NN VBZ TO VB RB IN DT NN : FW , MD PRP VB VBG DT RP IN PRP MD VB DT IN DT NN WDT VBZ TO VB VBN . NN : IN DT NN PRP VBP RB VBN RP DT NN NN IN RB EX VBZ DT NN IN NN NNS CD CC CD . RB PRP VBP VBG TO VB DT , CC , IN NN , PRP VBP IN DT NN NN IN DT NNS IN DT JJ NN NN . NN : RB IN DT NN IN CD HYPH NN NN NN VBZ JJ : PRP VBZ VBG TO VB DT JJ JJ . NN : VB , IN DT NN , CC , RB , PRP VBP VBN TO VB JJ TO VB IN WP DT NN NNS VBP IN DT NN NN RB RB , CC DT NNS TO VB IN DT NN . NN : CC DT NNS TO VB DT NN IN CD NNP : DT VBZ DT JJ . NN : DT NN RB . RB , IN PRP VBP VBN , DT NN IN WDT PRP VBP RB VBG IN DT NN VBZ , IN DT JJ NN , JJ NN : WDT VBZ VBG VBN CD NNS RP IN DT NN . RB EX VBZ RB NN IN NNS VB , CC IN DT NN , PRP VBP VBG JJ NN CC DT NN TO VB DT NN NN . NN : DT NNP IN NNP VBZ VBN IN JJ NNS CC JJ NN NNS VBG IN PRP$ NNS IN NN IN PRP$ NNS IN NN CD VBP NN IN VBG VBN CC VBN , DT NN VBG IN PRP MD RB VB NN PRP VBP IN , CC PRP MD RB VB RB VBN IN DT NNS WDT PRP VBD VBG JJ IN NN CD . MD DT JJ NN NNS VB VBN IN DT NNS : RB IN VBN NN CC IN DT NNS . NN : UH , DT NNP IN NNP VBZ RB VBG IN DT IN DT NN NNS WP VBP VBN NNS IN NNP HYPH CD , VB PRP PRP$ NN NN , RB NNS PRP VBP VBN IN IN DT NN , CC EX VBP RB JJ NNS . PRP VBP VBN DT NN IN JJ NNS IN NNP HYPH CD CC RB RB VBG IN VBN NN . RB EX VBZ RB NN JJ . DT JJ NN , RB , WDT PRP MD VB , RB IN DT IN DT NN , VBZ IN PRP MD VB DT JJ NN IN NNS WDT MD VB TO VB VBN , RB PRP VBP IN PRP MD VB RB JJ IN DT NN TO VB . NN : DT NN VBD RP DT NNS IN NN IN NNP HYPH CD . VBZ DT NN WDT PRP VBP VBG TO VB RB IN DT NN , CC VBZ DT RB DT CD HYPH NN . NN : RB , PRP VBP RB VBG TO VB NN NNS NN , CC CD IN DT NNS PRP VBD DT RB , CC DT VBD RB RB RB DT JJ NN NN CC RB VBZ IN DT NN NN NN , VBD DT JJ NN IN NN IN PRP$ JJS NN NNS , CC RB DT NN IN WRB PRP VBP TO VB DT NN IN DT VBN NN , VBG JJ PRP VBP VBG JJR NN IN DT WP VBP DT JJS RB NNS PRP VBZ VBG TO VB RB IN DT NN . NN : NNP NNP , VBP PRP VB DT NN IN DT NN IN NN NN NNS . VBZ DT VBG JJ NN CC VBZ DT NN IN DT JJ NN VBG NNS TO VB NN IN PRP$ NN RB IN NN . NN : RB PRP VBZ RB VBN IN DT NN NN , WDT VBZ VBN IN DT NNP NNP , CC RB , UH , DT NN IN NNS POS VBP , CC NNS JJ IN JJ NN , VBZ IN DT NN . RB PRP VBP VBG DT IN PRP VBP . PRP VBP IN PRP VBP RB VBN NNS IN PRP . PRP VBZ RB RB IN PRP TO VB NNS IN NN JJ , RB . PRP VBP DT TO VB JJ RB , CC RB IN DT NN NNS IN DT , PRP VBP RB VBN IN CD NNS : RB IN WRB PRP VBZ IN NNP . NN : DT NN IN DT NNS , NNP NNP : EX VBP CD WRB EX VBZ DT JJ NN IN NNP HYPH CD . IN NNP , EX VBZ RB VBN DT NN IN CD NNS , IN NNP NNP PRP VBZ CD NNS , DT NNP NNP CD NNS , CC PRP VBZ DT JJ CD NNS IN EX VBD DT NN IN DT NNP . VBN DT NNS VBP DT IN DT RBS JJ IN NNP NNP , VBP PRP VB EX VBZ DT NN IN VBG RP NN IN DT NN RBR IN JJ NNS . NN : UH , CD IN DT NNS WDT PRP MD VB VBN PRP VB IN VBZ PRP VBD VB JJ NN IN JJ NNS , CC EX MD VB DT NN WRB PRP VBP PRP IN DT NN , CC WRB PRP VBP IN DT NN IN NN NN CD CC CD IN DT NNS , PRP VBZ , IN NN , VBG IN JJ NN : RB RB TO VB JJ NNS IN NN IN DT . CC , IN NN , RB DT JJ NNS VBP RB IN CC RB PRP VBP VBG NN IN NN . IN DT , PRP RB VBP TO VB JJ IN NNP NNPS VBP , CC EX VBP : IN NN , DT NNP VBZ DT NN WRB PRP VBP VB NNS WP VBP IN NN . RB DT IN DT NNS VBP DT NN JJ WRB PRP VBP RB VBG TO VB JJ IN PRP VBP VBN NN IN DT NN CC PRP VBP RB VBG , WRB PRP MD VB NNS , IN JJ NNS . RB RB IN RB : CC PRP VBP RB VBN PRP RP IN DT NN . NN : MD PRP VB NN , RB , UH VB PRP VB PRP IN NN CD RB IN JJ NNS CC VB NN IN JJ NNS . VBZ DT JJ . NN : RB , PRP VBP RB VBN PRP RP IN DT NN IN PRP$ NN NN , CC PRP RB VBP RB VBN PRP IN DT NN . NN : IN DT NN HYPH RP IN DT IN NNP POS NN IN IN NN CD , MD RB PRP VB DT NN IN PRP VBP IN NN CD RB IN NNS IN DT NN NN . PRP VBZ IN DT NN IN NN NN MD VB VBG , JJ CC VBN NN NNS , IN NN CD VBZ EX VBZ DT NN IN NN NN MD VB VBG . PRP VBP TO VB VBN IN DT VBZ RB DT NN , CC PRP VBP NN IN DT . RB VBP RB PRP IN NN CD IN NNS IN DT NN NN . NN : CC DT VBZ WRB DT NN IN DT NN NN VBZ RB JJ . RB IN NN WP PRP VBP RB VBN TO VB IN IN PRP VBP VBN RB VBZ DT RB JJ NN WDT PRP VBP VBN IN NNS IN DT NNS IN VBG RB RB VBP DT NNS IN JJ NNS , VBP DT NNS WDT PRP MD VB VBN JJ NN CC IN , RB , EX MD VB VBN DT JJR NN WDT VBZ VBG RB . CC RB NN CD VBZ PRP DT NN TO VB IN PRP VBP NN IN VBG IN JJR NN . DT JJ NN NN VBZ VBZ PRP TO VB RB , VB DT NN , CC VB RB . DT MD VB RB JJ IN PRP$ NN NN , CC RB JJ IN PRP$ NN . NN : VBZ DT NN VB DT NN VBG DT NN HYPH CD NN , CC VBN PRP$ NN IN VBG RP DT NN , VBZ EX DT NN IN PRP MD VB VBN IN DT NN IN DT NN IN EX VBZ DT NN VBN RB . NNP NNP NNP : WP PRP MD VB VBZ EX VBZ RB JJ NN IN NN IN PRP CC NNP TO VB DT NN WDT PRP VBP VBG TO VB IN DT NN , VBG NN IN NN : WDT MD VB VBG IN JJ NNS : RB RB IN VBG PRP VBP IN DT NN IN WDT NN MD VB DT NN WDT VBZ JJ , VBG EX VBP , PRP VBP , RB IN CD CC CD NNS IN NN IN DT NN IN DT NN . RB PRP VBP VBG DT VBN NN IN DT CC RB JJ IN VBG DT JJ NN IN DT RB RB , RB VBG RB IN NNP , CC PRP MD VB DT JJR IN DT IN DT JJ NN . NN : VBZ EX DT NN RB RB IN NNP NNP TO VB DT NN , IN EX VBZ VBN NN IN DT IN DT NN . NNP NNP NNP : EX VBZ VBN NN , CC EX VBZ NN IN JJ NN NNS . IN DT NN PRP VBP RB VBG NNP NNP POS JJS NNS VBP TO VB NN CC NN IN VBG TO VB DT NN CC RB TO VB IN JJ NN NNS . PRP VBZ RB JJ , CC DT VBZ RB VB IN PRP$ NN NNS RB MD RB VB NNS IN DT NN WDT MD VB IN JJ NNS CC RB , RBR RB PRP VBP , VB VBG IN JJ JJ NNS . CC , IN PRP VBP , DT MD VB RB VBN IN PRP$ NN NN , WDT VBZ RB VBG VBN IN . NN : VBG IN NN , EX VBZ RB DT NN IN NN CC NN , CC RB DT VBZ NN WDT PRP VBP PRP MD RB : RB IN PRP VBP RB RB RB VBN IN CD NN , RB MD VB IN DT JJ . NN : NNP NNP , PRP VBP VBN VBN IN DT NNP IN NNP NNP VBZ RB VB , CC IN DT JJ JJS RB VB , DT JJ NNS IN JJ NNS IN DT VBG IN DT NN NN . MD RB PRP VB DT TO , NN IN , VB JJ NNS , CC VBN NN NN . NN : PRP VBP VBN VBG TO VB RP DT NN IN DT NNS WDT PRP VBP VBG IN WP VBZ VBG IN PRP$ NNS IN DT RBR JJ NN . RB PRP VBP VBG TO VB DT PRP$ RBR RB . PRP MD RB VB TO VB DT NN IN NN IN IN IN CC RB DT POS NNS WDT VBZ VBN CC RB RB MD VB VBN IN JJ NNS IN NN . CC WP PRP VBP VB , IN DT VBZ NN WDT PRP MD VB IN RB DT NN WDT NNP VBZ VBN IN NN IN PRP$ NN NNS NN : PRP VBP VB DT NNS , DT NNS , DT NNP NNPS WP VBP RB RB VBN IN JJ NNS , WP VBP RBR JJ TO VB IN JJ NNS IN NN , IN WRB PRP VBP RBR JJ IN NN IN NNS CC NN NN . RB DT VBZ NN WDT PRP RB VBP IN DT NN , CC PRP VBZ WRB PRP VBP , IN NN , VBN RB JJ IN PRP$ NNS , VB PRP DT NNP NNP NNP CC NNP NN NNS IN NNP IN NNP . RB IN PRP MD RB VB DT JJ NNS IN NN , EX VBP NNS PRP RB VBP IN PRP$ NN , WDT VBZ PRP VB PRP$ NN . NN : CC PRP VBP VBG TO VB DT NNS . NN : RB , PRP VBP RB VB TO VB PRP DT JJ NN IN VBG NNP RB IN WP DT NNS MD VB IN JJ NN IN DT IN DT NNS . CC PRP VBP VBN VBG RB TO VB CC VB JJR NN IN IN DT JJ NN IN WP PRP VBP . NN : NNP NNP , NNP NNP NN NNP NNP VBZ IN JJ NNS MD VB VBG IN JJS DT NN NN . VBP PRP VB . NN : PRP VBP DT NNP NNPS TO VB JJ TO RB RB VB IN WP PRP VBP CC VBP DT RB JJ NN IN NN . RB , DT MD VB DT NN WDT NN IN NNP NNP VBZ IN PRP$ JJ NNP NNPS . WP PRP VBP PRP VBP VBN IN DT NN VBZ DT VBG NN IN DT JJ NN IN NNS IN NNS WDT VBP RB VBN VBN VB . NN : CC RB IN DT JJ HYPH NN NN , VBN IN VBN NN NN IN JJ NNS CC VBN IN DT NN VBZ RB VBN NNS IN NNS IN NNS CC NNS , VBZ DT NN WDT DT NN MD VB IN IN DT JJ HYPH NN NN : VBG DT JJ NNS POS NNS WP VBP IN DT NN NN IN IN DT NN NN . NN : WP PRP VBP VBN VBG VBZ , IN NN : IN NN PRP$ NN NN VBZ VBG RB TO VB PRP$ NNS VBN , CC DT VBZ NN WDT PRP VBP VBN VBG IN PRP VBP VBN IN NN . RB , PRP MD VB DT JJ , IN NN , IN NNS WP VBP NNS IN PRP$ NNS , RB , DT NN PRP VBP RB VBN TO VB PRP$ NNS VBN . WRB DT NN VBZ DT NN TO VB , PRP VBP VBN PRP . WP PRP MD VB DT JJ NN VBZ TO VB PRP$ NN IN DT JJ NN . PRP VBP VBN DT NN IN NNS WP VBP VBG IN PRP$ NN , IN PRP VBP NNS , IN PRP VBP NN , CC IN PRP VBP VBG IN DT NN . NN : MD PRP RB VB DT NN HYPH IN NN IN NNP POS CD IN NNS . EX VBZ VBN DT JJ NNS IN DT NNP IN DT JJ NN , NNP , WDT VBZ VBN VBN IN NNP . VBZ DT NN RB VBN VBN DT NN IN PRP , VBZ NNP NNP JJ IN DT NN . NNP NNP NNP : UH , UH PRP VBD NNP NNP DT NN VBG RB RB IN PRP , RB PRP VBD DT JJ NN IN NN . PRP VBP RB TO VB DT NN WDT PRP VBD VBG IN . CD JJR NNS : CD IN WDT VBZ VBN IN DT NNP , RB : VBN IN NNP VBD RB VB DT NN IN DT NN CC CC VBD DT JJ NN , RB PRP VBP RB JJ TO VB DT . PRP MD VB RP NNP VBZ RB DT JJ NN , PRP VBZ RB CD WDT VBZ VBN IN NN IN DT NN IN DT NN IN DT NN . RB PRP VBZ RB RB IN DT NNS , WDT RB VBD RB JJ NNS IN NNS , JJ CD IN DT , RB VBG RB RB . CC DT VBZ DT NN IN NN IN NNP NNP , RB PRP VBD RB JJ IN PRP$ NN IN DT NNS . PRP MD VB TO VB WP VBZ WRB DT VBZ VBN . NN : NNP NNP , RB IN NNS , DT NN IN DT NN NN IN NNP VBZ VBN IN EX VBP CD NNS IN NN HYPH JJ JJ NNS , VBG NNS CC NNS WDT VBP VBN VBN IN DT JJ NN . VBP PRP VBN DT JJ NNS IN VBN NN NNS IN PRP$ JJ NN , CC , IN RB , VBP PRP VBG NN IN PRP . NN : PRP VBP TO VB , IN DT NN WDT PRP VBP , PRP VBP RB VBG DT IN DT NNS IN DT JJ NN . RB , PRP MD VB DT NN , CC DT VBZ RB NN WDT VBZ VBN RB VBN IN PRP . NN : NNP NNP , MD PRP VB DT NN IN NN IN PRP$ DT NN NNP , DT NNP NNP NN VBZ VBN DT NN IN NN IN NNS . JJ NNS CC JJ NNS , WRB JJ VBZ PRP IN NNPS VBP NNS IN DT NN . NN : PRP VBP CD IN DT NNS WDT VBZ VBG DT IN NNPS VBZ DT NN IN , RB , PRP VBP DT VB DT NN TO VB . PRP VBP NNS IN DT JJ NN CC PRP$ NN VBZ JJ IN CD DT . CC RB PRP VBP RB JJ IN PRP MD VB PRP IN VBG , RB , IN RB DT VBZ RB RB IN PRP$ NN IN DT NN , CC RB DT NN IN NNS RB VBG PRP RB TO VB CD DT RP . CC RB PRP VBP VB PRP VBZ RB RB DT NN IN NNS VBG `` RB , PRP VBP VBG PRP$ NN , PRP VBP PRP TO RB RB '' . VB PRP VB JJ IN PRP VBP VBG NN PRP MD RB TO VB DT NN RP . NN : WRB PRP VBZ IN JJ NN IN NN CD , NNP NNP NNP VBP RP DT NN NN IN NNS PRP MD VB TO VB . WP VBZ DT NN WDT PRP VBP VBN IN NN CD . NN : RB PRP MD VB VBN IN PRP VBP RB VBN RP DT IN DT NN IN DT JJ NN NNS . NN MD , IN NN , VB VBG IN DT NN RBR JJ NN , CC PRP VBP NN TO VB NN IN DT . RB , RB VBG IN PRP VBP VBN DT NNS RB . IN PRP VBD , PRP VBP RB VBN IN JJS IN DT RB WRB PRP VBD DT JJ NN IN NN NN CD . CC , IN VBZ PRP$ NN , PRP VBP VBG JJ HYPH NNS IN PRP VBP IN DT NNS WDT PRP VBP PRP VBZ VBG PRP$ NNS IN DT NN . NN : CC MD PRP RB VB DT JJ NN WDT MD VB VBN TO VB : RB JJ RB VBN . NN : CC PRP VBP , RB , IN NN NN CD , DT JJ NN IN PRP EX VBZ RB NNS IN JJ NNS CC JJ JJ NNS IN NN . CC WRB PRP VBP IN DT IN DT NNS PRP VBP VBN , PRP VBZ RB VBN DT JJ NN WDT VBZ VBN RB JJ IN PRP . CC PRP VBP VBG IN PRP VBP TO VB JJ PRP VBP VBN DT NNS RB . NN : CC RB , VBG IN DT NN IN DT NN HYPH NNP NN , IN WDT NN NN MD PRP VB TO VB IN PRP RB VBP DT NN VBG NNPS VB RP . NN : UH , RB , PRP VBP EX VBZ RB PDT DT NN IN NN WDT VBZ TO VB VBN IN DT NN , CC PRP VBP PRP MD VB VBN CC NNP NNP NNP CC PRP VB RB RB IN DT NN RB . PRP VBP RB , IN NNS , VBG RB RB TO VB NN IN NNP HYPH CD , CC PRP$ NN VBZ TO VB NN VB RB JJ IN JJ CC , RB , PRP MD VB DT MD VB PRP$ NN TO VB NN IN PRP$ NNS . CC DT VBZ DT JJR HYPH NN NN . NN : DT NN IN NNS RB : CC RB DT NN RBR RB : PRP VBD PRP IN PRP VBD VBG TO VB VBG IN NNP NNP RB TO VB IN PRP$ NN NN NN . MD PRP VB PRP WRB DT VBD , CC PRP$ NN IN WP PRP VBP TO VB IN PRP$ NN . NNP NNP NNP : UH , JJ IN DT NN , PRP VBD VBG IN DT NNP IN NNP NN WRB PRP VBD TO VB RP RB IN DT NN NN , RB PRP VBZ IN RB DT NN , VBG IN DT NN . RB PRP MD VB RP IN PRP RBR IN DT NN CC VB WP PRP$ NNS VBP . NN : RB DT VB RP IN JJ NNS UH , NNP NNP . VBP PRP VB : IN CC RB PRP VBP IN NN CD CC CD : NNS IN JJ NNS TO VB IN JJS IN DT NN IN DT NN . NN : PRP VBP RB VBN DT JJ NN NN IN DT , CC IN DT JJ NN , UH . VB VB TO VB IN EX MD VB NNS IN JJ NNS . IN NN IN NN , RB , IN NN PRP VBP VBN VBG IN DT NN NN , NNS WP VBP VBN IN NNS IN NN WDT VBP NNS IN NNS , RB TO VB CC VB PRP IN DT IN DT JJ NN NNS . CC VB VB DT TO VB NN IN PRP$ NN IN DT JJ NN . NN : NNP NNP , VBP PRP VBG RP VBG DT NN HYPH CD NN IN NNP NNP . NNP NNP NNP : UH , UH , PRP VBZ RB IN PRP TO VB RP , CC PRP VBP VBN DT JJ NN IN NNS : RB , DT NN NN , VBN IN PRP$ NNP NNP NNP NNP NNP NNP , WP VBZ RB DT JJ NN IN NN , CC VBG IN NNP , CC RB IN NN IN NNS IN DT NN , VBP VBG RP IN DT NN . PRP MD VB TO VB DT IN NNS RB , TO VB NN , CC RB DT MD VB NN IN WRB PRP VBP PRP$ NNS VBP RBS VBN IN DT NN IN DT NN NN CC NN NN . NN : NNP NNP , NNP NNP NNP VBZ NNP CC NN MD VB RBR VBN IN NN NN NNS IN IN PRP$ JJ NN . WDT NNS VBZ DT NN VBG TO RBR VB NNP . NN : PRP RB VBD DT NN IN NNP NNP NNP DT NN CC NNP NNP NNP . PRP VBP DT NNS IN PRP$ NN NN NN , CC PRP VBD VBG RB , RB , DT RB JJ NN IN PRP$ NN WDT VBZ VBN VBN IN NN , IN NNP NNP NNS , IN JJ NNS WP VBP VBN VBN , CC IN DT JJ NN NN , RB . PRP VBP VB IN DT NN PRP VBP VBN IN NNP IN NN IN NNP VBZ NN WDT PRP VBP TO VB IN CC VB RP , CC RB DT NNP NNP NNP NN IN NN NN RB VBZ TO VB CD IN PRP$ JJ NNS IN PRP$ NN NN . NN : VBP PRP VBN DT NN IN NNS IN NNP NNP NNP . NN : UH , PRP VBP , RB VBG PRP IN NN IN NNP NNP IN DT NN IN PRP$ NN NN . CC PRP MD VB DT NN IN NNS PRP CC PRP$ NN VBP VBN VBG RB , CC DT , PRP VBP JJ , MD VB NN IN PRP$ NN . NN : NNP NNP , VBP PRP VBN NN IN NNS IN NNS IN DT NN IN JJ NN PRP VBD PRP DT NN TO VB IN CD IN CD . MD PRP VB DT JJ IN NN CD CC NN CD . NN : UH , PRP VBP RB VBN JJ NN NNS . PRP VBP VBN IN PRP VBP VB TO VB DT NN IN NN IN PRP VBP NN NNS , RB TO VB JJ IN PRP VBZ VBN , IN PRP VBZ VBN , CC IN PRP MD VB PRP IN NN . NN JJ IN JJ JJ NNS PRP VBP RB VB VBZ RB JJ IN NNP NNP , VB JJ PRP$ NN NN . NN : NNP NNP , PRP VBP DT NN IN DT NNS VBP VBN VBN IN IN JJ NNS IN NN POS NN , CC PRP VBP RB VBG TO VB DT NN IN PRP . PRP VBZ IN NN CD RB , CC DT NN CD PRP VBP VBG TO VB IN , VBP VBG TO VB JJ IN DT NN IN NNS . VBZ DT JJ TO VB . NN : UH , UH . PRP VBP RB NNS POS JJ NN IN NN CD IN DT JJ NN WDT PRP VBD IN PRP VBD DT NN IN JJ JJ NN , CC DT VBZ , CC NNS IN NN NNS : DT NN IN NNS IN JJ NNS CC JJ NNS : CC EX VBZ DT NN RB , CC , CC , IN NN , DT NNS IN DT NN IN JJ NN WDT VBD VBG . UH UH , PRP VBP NNS MD VB RB JJ , RB IN DT JJ NN , IN WDT NN CD VBD . NN : RB NNS IN IN IN CD NNS RB . NN : UH , RB PRP MD VB IN DT IN DT NN VBZ DT JJ IN NN CD . PRP VBP RB VB TO VB JJ CC JJ IN NNS IN JJ NNS . PRP MD VB IN IN JJ NNS WDT VBP VBG CC VBG IN PRP$ NNS , JJ NNS VBP RB DT JJ NN WDT VBZ VBG IN JJ NNS . NN : RB IN NNS IN DT NN , WRB NNS VBP NN IN IN DT NN CC DT NN CC PRP VBP RB VBN TO VB IN CD NNS IN DT JJ , WRB VBZ DT VB . VBZ DT NN CD CC NN CD . NN : PRP MD VB TO VB CC VB DT JJ NN IN DT JJ NN IN NN CD , CC RB IN NN CD , RB , WP PRP VBP VBG TO VB VBZ RB VBG JJ IN IN PRP VBP DT NN , IN PRP VBP PRP$ NN VBG JJR . CC IN PRP VBP VBN IN DT JJ NN IN DT NN , VBG CD NNS IN NN VBZ PRP VBZ RBR JJ IN NN JJ RB WP VBZ NNP MD VB PRP VBG RP IN NN IN CD NNS . JJ NN . NN : NNP NNP , IN DT NN , RB TO VB , MD JJ NN RB RB VB IN DT NNS IN JJ NNS IN NN CD . NN : UH , CC DT VBZ , RB , PRP VBP RB : DT VBZ NN IN DT NN WDT PRP VBP VBN , CC PRP IN DT NN , IN PRP VBP VBN IN DT NN , VBP VBN WP MD VB VBG IN DT JJ NN NNS IN PRP VBP VBN IN PRP . PRP MD , RB , VB NN RB IN DT NNS IN NN NN CD IN PRP VBP DT NNS , RB PRP VBP JJ TO VB IN PRP IN PRP IN DT NN . NN : WRB VBP NNS IN IN DT JJ HYPH NN NN NN WDT PRP VBD . NN : RB UH , DT VBD DT NN IN NN CC DT NN PRP VBD VBG VBN IN NNS . NNP NNP . NNP NNP NNP : UH , RB VBD DT NN RB IN NNP . VBD DT NN IN PRP IN DT NN , RB , IN JJ NN , CC PRP VBP RB VBG DT NN IN DT IN DT NN , CC DT MD VB DT NN . DT MD VB RP IN PRP RBR NN , CC RB PRP VBZ IN PRP$ NNS , IN PRP VBD DT NN WP VBD DT , RB PRP MD VB WRB PRP MD VB DT . IN PRP$ NN , VBG IN PRP PRP VBD RB VBN IN WP PRP VBD . NN : WRB RB VB DT RB RBR . NNP NNP NNP : IN PRP VBD DT NN WP VBD DT , RB PRP VBP PRP VBZ RB JJ IN PRP VBZ DT NN CC VBZ DT NN IN DT NN IN PRP . NN : RB VBZ PDT DT JJ NN IN PRP VBD IN PRP , RB , JJ . IN PRP VBD PRP IN NNP . NN : PRP VBZ RB VB PRP RB . NN : UH , PRP VBP RB VB PRP VBZ JJ IN DT NNP IN NNP CC DT NNP HYPH NNP IN NNP TO VB CD NNS TO VB IN DT NN CC RB VB PRP IN DT NN . DT JJ : NN : CD JJ NN IN NN IN NNS , UH . WP VBZ PRP$ NN IN NNP NNP NNS IN DT NNP , VBN DT NN RB . MD PRP VB RB . NN : IN NNP NNP NNS IN DT NNP . MD PRP VB RB . NN : UH , VB , PRP VBD NN RB RB IN IN DT NN IN NNP NNPS VBG DT NNS WDT VBD JJ IN NN . JJ NNP NNPS WP VBP RB VBP NN RB . PRP VBP RB , PRP VBP NNS RB , PRP VBP NN RB . CC RB PRP$ NN DT NN RB VBD WP PRP VBP IN JJ NNS NNS `` NN IN NN '' : VB WRB PRP VBP : CC PRP VBP RB VBN PRP$ NN IN DT NN . UH , NN , NN ."
404,841,mainstream,"NN : IN DT NNP CD , CD , NN NN , NNP CD NN NNP NNP NNP NNP , VBN , VBZ IN NN IN NNP NNP , NN IN DT NNP POS NNP NNP IN DT NNP CD NNP NNPS , IN NNP . DT NNP NNPS VBD VBN DT NN RB . CC EX VBP RB JJR NNS IN NNS IN DT JJ NN IN NNP CD , CD CC WDT NN DT NNS MD VB . -LRB- NNP NNP , NNP NN IN NN , NN -RRB- NN : IN DT NNP CD , CD , NN NN , NNP CD NN NNP NNP NNP NNP , VBN , VBZ IN NN IN NNP NNP , NN IN DT NNP POS NNP NNP IN DT NNP CD NNP NNPS , IN NNP . DT NNP NNPS VBD VBN DT NN RB . CC EX VBP RB JJR NNS IN NNS IN DT JJ NN IN NNP CD , CD CC WDT NN DT NNS MD VB . -LRB- NNP NNP , NNP NN IN NN , NN -RRB- NNP -LRB- NNP -RRB- : DT NN IN DT NNP POS NN NN IN DT NNP NNPS VBD NNP PRP VBZ IN NNS IN DT NNS CC NNS IN DT NN IN NNP HYPH CD VBZ VBN TO VB DT NNS . NNP NNP , DT NNP NNP NNP NN IN NNP WP VBZ DT NN , VBD PRP VBD VBN DT NN CC VBD RB VB . `` DT NN PRP VBP VBG IN NNP -LRB- NNP NNP NNP -RRB- VBZ PRP MD VB TO VB IN DT NN CC DT VBZ WP PRP VBP VBG , CC DT VBZ RB JJ IN DT NN , '' NNP VBD DT NNP NNP NNP . `` DT NN MD VB JJ . CC PRP MD RB VB TO VB VBN IN NNP CC DT JJ NN NNS . '' IN NNP , NNP NNP NNP NN NNP NNP VBD PRP MD RB VB JJ IN DT NNPS TO VB RB IN NNP CD IN DT NNS VBD IN NN , RB RB IN NNP , CC RB . `` IN PRP$ NN , PRP MD VB JJ TO VB DT NNPS IN JJ NNS VBP VBN , '' NNP VBD . NNP VBD DT NNS WRB CD NNPS CC CD NNPS IN JJR IN CD NNS CC NNS MD RB VB : CC VB : NNP IN VBG DT NN . PRP MD VB VBN RB IN DT NNPS NNP . PRP MD RB VB VBN IN NNS IN NN NNS CC NNS , CC NNS JJR JJ NNS WP VBP TO VB DT NNS . VB IN DT NNS IN NN NNS , WP VBP NNS IN DT NNS IN DT NNPS : DT JJ NN , RB IN DT NNPS VBP VBN IN JJ NNS IN NNS . NNP VBD DT NN IN NN VBD VBN VBN IN DT NN CC DT NN VBD RB TO VB CD NNS IN DT NNP NNPS CC NNP . NNP VBD VBG IN NNP DT NN IN NNP VBD DT NN NN NN IN PRP$ NNS . NNP NNP , DT NN IN NNP NNP IN DT NNP IN NNP , RB VBD VBG DT NNPS MD VB IN VBG DT NN . DT JJ MD VB IN DT CD NNP NNPS IN NNP . VBG IN NNP NNP NNP NNS IN NNP , NNP VBD VBN RB CD NNS IN NN HYPH CD IN CD NNS . WRB DT NN VBD VBN JJ NN , NNP NNP NNP NNP CC JJ NNP NNP NNP NNP VBD DT NNP NNPS MD RB VB VBN IN DT NN IN CD ."
405,444,mainstream,"WRB MD DT NNP HYPH CD NN VB JJ . JJ NN NNS VBP DT NN IN DT NN MD VB DT JJS NN NN . CC NNS VBP RB VBN DT NN RB RB , CC EX VBZ DT NN DT IN NN MD RB VB . RB , NN RB VBN CC VBZ RB TO VB IN RB DT CD JJ NNS . DT RBS JJ NN NNS VBP VBN TO VB IN JJR NNS DT NN . WRB RB DT NNS MD VB IN DT NNS VBP JJ CC JJ VBZ IN NN IN WRB RB DT NN VBZ RB VBG . DT NNS MD VB TO VB CD NNS CC JJR IN DT NN NN , IN NN IN PRP VBG DT JJ NN CC DT NN VBG DT NN NN . RB PRP VBZ DT NN IN VBG TO VB WRB JJ IN DT NN VBP VBN IN DT NN . NNS MD VB RBR IN NNS VBP VBN IN NNS WRB NNS VBP VBG , DT NN WDT MD VB JJ TO VB . CD NN TO VB RP NN VBZ TO VB NN NNS IN NN NNS VBP IN . CC PRP VBZ DT NN WDT MD VB VBG RB NNS IN NNS WDT VBP . DT NN VBZ VBG PRP$ NNS IN DT NN IN DT NN . VB PRP IN : NNP ."
406,188,mainstream,"JJ NNS IN DT NNP NNP NNP , NNP IN NNP NNP VBP NNP IN NNPS IN NNP NNP NNP IN JJS NNS IN NNP VBP JJ , DT JJ JJ NNP NNP NNP -LRB- NNP -RRB- NN VBD VBN IN NNP , CD . DT NN VBD VBN IN DT NNS IN DT JJ JJ NN IN NNP NNP , NNP . DT NN VBZ IN NNP VBZ VBN IN NNP . IN DT NN VBZ JJ IN NNP , CC DT RBS IN NN NNS VBP NNS , JJ NNS , NNS CC NNS , PRP VBP TO VB IN VBG DT NN IN VBG DT NNS . VBG IN DT NNP NNP NNP NNP , JJS IN DT NNS IN VBG NN NN VBP VBN IN NN NN . DT MD VB VBN IN VBG NN NN : NN MD VB IN JJ NNS , NN NNS , NN NNS , JJ NNS , CC JJ NNS . JJ NN NNS IN PRP VBP RB IN DT NN CC VBP , VBP CC VBP NN NNS , JJ NNS CC JJ NNS , CC IN RB IN NN , VB JJ CC VBN . VB NN IN NN NNS . VB DT NN IN NN NNS IN JJS RB DT NN , VB IN JJ NN NNS , CC NNS , FW WRB RB IN NN . JJ NNS JJ IN NN NNS MD VB VBN TO VB NN IN DT NN NNS IN NN NN WDT MD VB RB VBN . DT NNP VBZ RB VBN DT JJ NN IN DT NN NN IN NNS , VBG NNS . NNP NNP NNP , NNP NNP , VBZ VBN DT NN IN DT NN IN NNP . DT NN MD VB JJ VBG IN NNP IN CD . DT NN VBZ VBN IN DT VBN NN CC VBZ VBN NN NNS , RB , DT JJ NN IN JJ NN NN , WDT VBZ RB VBN IN NN , VBZ VBN VBN IN JJ NNS . DT NN IN DT JJ NN NN VBZ VBN VBN IN . CD NN . NNS IN NN IN NNS VBD RB RB IN NNP IN CD IN DT JJ NNP . RB , NNS IN DT NNP NNP NNP , NNP IN NNP NNP VBP IN IN DT NN VBZ JJ , NNS MD VB VBN RB DT NN . DT NN VBZ DT JJ NN CC DT JJ NN CD IN CD NNS RBR . NN NNS WP VBP JJ IN VBG PRP$ NNS IN NN MD VB PRP$ JJ NN . NNS VBP VBG VBN TO VB NNS IN DT NN MD VB DT NN IN DT NN IN DT NN . IN NN IN DT NN NN IN DT NN , CD NNS CC NNS VBD VBN . JJ CC JJ NNS VBD IN RB JJ IN DT VBN NNS : CD NNS VBD VBN NN NNS -LRB- NN CC NN -RRB- , CD NNS VBD VBN TO VB DT NN VBG DT JJ NN RB , CC CD NNS VBD JJ NNS -LRB- JJ NN IN CD NNS IN NN IN CD NN CC CD NN VBD VBN IN NN IN DT JJ NNS IN DT JJ NN -RRB- . VBG IN DT NN VBN IN NNP NNP NNP NNP , DT NN VBD RB VB DT JJ JJ CC JJ JJ NNS IN CD NN IN DT NNS , RB , DT NN VBZ TO VB JJ . NN NNS VBG TO VB PRP$ NNS MD VB JJ IN VBN NNS MD RB VB DT NN NNS IN VBG NNS IN IN DT NN IN JJ NNS IN NN . IN DT NNS VBP JJ RB , NN IN DT NN WRB DT NN VBZ JJ TO VB VBN MD VB IN NN IN NN TO VB . IN NNS WDT VBP VBN RB JJ , DT NN VBZ DT JJ JJ NN CC VBZ NNS IN NN . JJ NNS IN NN IN NNS VBP NN IN NN CC NN , IN NN IN DT NN IN DT VBG : NN , NN CC NN IN NN NNS , JJ NN , NN -LRB- NN -RRB- , NN NN , JJ NN , NNS , NN TO VB , NN , NN , CC NN . JJ NNS IN JJ NN IN DT NN VBP NN , NN , JJ NN NN -LRB- NN -RRB- , JJ JJ NN -LRB- NN -RRB- , JJ NN -LRB- NN -RRB- , JJ JJ NN -LRB- NN -RRB- CC JJ NNS JJ IN JJ JJ NN -LRB- NN -RRB- , JJ JJ NN -LRB- NNP HYPH JJ IN NNP -RRB- CC JJ JJ NN -LRB- NNP HYPH JJ IN NNP -RRB- , MD RB VB VBN . JJ IN DT VBN NNS VBP JJ JJ NNS IN RB VBN JJ NNS , RB NN . VB NNP NNP NNP NN NN IN NNS IN JJ NN . NN NNS VBP VBN RB TO VB JJ IN PRP$ NNS VBP VBN VBN . NN IN NN NN NNS CC JJ NN VBP RB JJ . DT JJ NN DT NN NN MD VB IN PRP$ NNS TO VB NN VBZ TO VB TO VB JJ NN NNS IN PRP$ JJ NN NN . DT JJ NN NN MD VB IN DT JJ NNS MD VB VBN IN DT NNP NNP IN NNP IN JJ NN ."
407,770,mainstream,"PRP VBD JJ TO VB DT NN IN DT NNP NNP , DT `` NN IN DT NNPS '' NN , IN DT NNP NNP NN IN DT NNP IN NNP CD . PRP VBD DT IN PRP$ JJR NNS IN JJ NN WRB PRP VBD CD NNS JJ . PRP VBZ RB CD . DT NN VBD RB VB DT NN JJ IN JJS IN DT NNS IN NN WDT VBP DT NN IN JJ NN JJ IN DT JJ NN VBD . RB IN PRP PRP VBD VBN IN NN IN CD , RB CD NNS IN PRP VBD DT JJ CC JJ NN . DT JJ NNS VBP TO VB DT JJ NN IN CD IN CD NNS IN NN IN DT NN NN IN CD NNS , IN DT NN VBZ TO VB IN CD NNS CC RB . EX VBP NNS IN NN IN JJ JJ NN NNS IN JJ NN NNS WDT VBP PRP JJ NN IN JJ NNS . PRP RB VBD PDT DT JJ NN TO VB NNS CC NNS TO VB DT NN WRB PRP RB VBD VBN . -LRB- PRP VBZ RB VBN IN DT NNS -RRB- . PRP VBP JJ DT JJ NN MD RB VB TO VB DT NN TO VB DT NN WDT VBZ RB JJ IN NN TO VB DT VBG NN ."
408,1312,mainstream,"NN NN NNS -LRB- NNS -RRB- CC NN NN NNS -LRB- NNP -RRB- VBP DT NN IN NNS VBN IN JJ NNS IN DT NN HYPH CD , VBN IN DT NNP NNP NNP . -LRB- CD -RRB- IN IN JJ JJ NNS CC NNS , DT JJ NN IN JJ NNS CC NN PRP VBZ RB VBN IN JJ NN NNS . -LRB- CD -RRB- IN DT NNS , JJ NNS IN NNS IN NN , NN NN , CC JJ NNPS VBP VBN RBR JJ . -LRB- CD -RRB- JJ NN IN NN VBZ RB VBN IN DT JJ NNS IN NNS , NNS , NNS , CC NN NN . DT NNS IN NN IN NN NN VBP RB VBN IN DT NN WDT VBZ NN IN DT NN CC PRP$ NN IN DT NN , IN PRP$ NN VBZ RB RB VBN , VBG DT NN IN NN IN NN CC PRP$ NN . -LRB- CD -LRB- CD -RRB- NNS IN DT NN IN NNS IN JJ NNS -LRB- IN NN , DT NN TO VB JJ NNS IN DT NN -RRB- MD VB VBN IN NNS IN JJ NNS IN DT JJ NNS CC IN NN PRP . -LRB- CD -RRB- NNP NNP VBZ IN DT NN IN JJ NNS IN JJ IN NN CC NN , IN IN VBG NN , VBZ RB VBN IN NN . -LRB- CD -RRB- IN DT NNS , NNS VBP VBN IN NN , NN , CC NN WDT MD VB VBN IN `` IN DT -LRB- NN -RRB- NN . '' -LRB- CD -RRB- NNS VBP VBN VBN IN VBG VBN IN RB JJ IN NN , CC VBP VBN VBN IN CD IN JJ NNPS IN NN . -LRB- LS -RRB- , NNPS IN DT NNPS -LRB- CD -RRB- VBZ DT NN HYPH VBG NN IN NNS IN NN IN NNP . DT NN VBZ NNS VBN IN NNS IN NNS IN NN CC DT NN IN JJ NNS IN DT NNS . -LRB- CD -RRB- SYM NN : DT NNP -LRB- CD -RRB- VBZ DT NN IN DT NNS IN JJ NNS CC PRP$ NNS , IN DT NNS VBP CC VBP DT NN NN . DT NN VBD JJ NNS , VBG CD NNP NNPS . -LRB- CD -RRB- -LRB- CD -RRB- DT NN VBZ IN DT NNP NNP , DT JJ NN VBG IN VBG DT JJ NN IN JJ NNS . -LRB- CD -RRB- NFP DT NNP NNP -LRB- CD -RRB- VBZ DT NN CC NN -LRB- CC VBN DT JJ NN -RRB- , WDT VBZ DT NNP NN IN PRP$ NN IN NNP TO VB PRP$ JJ NN . SYM NNP NNP -LRB- CD -RRB- VBZ DT JJ NN IN DT RB VBN NN NN NNP NNP . SYM NNP -LRB- CD -RRB- VBZ DT NN WP$ NN NNP NNP VBZ VBN IN JJ NN NNP NNP WP VBZ NN NN . NFP DT NNP NNP -LRB- CD -RRB- VBZ NN IN DT CD NN WDT VBZ RB IN DT NN NN NN , NNP NNP , WP VBZ VBN IN JJ NN NNP NNP IN DT VBG NN . NNP VBZ PRP TO VB IN DT JJ NN IN NN NN . IN DT NN IN DT NN DT VBZ RB VBN CC RB PRP VBZ RB VBN . -LRB- CD -RRB- NFP NNP FW FW FW -LRB- CD -RRB- VBZ DT NN IN JJ NNS IN NNPS IN NNP . DT NN VBZ VBN IN JJ NN NNP . NFP DT NNP NNP -LRB- CD -RRB- VBZ DT NNP CD NN NN IN WDT DT NN IN JJ NNS VBP NNS POS NNS . -LRB- CD -RRB- NFP NNS IN NNP -LRB- CD -RRB- VBZ DT NN VBG CD NNS IN NNP NNP , -LRB- CD -RRB- DT JJ NN IN DT NNP . NFP DT NNP NNP -LRB- CD -RRB- VBZ DT JJ NN IN DT JJ NN POS NN IN NNP CC NNP CC , RB IN WP PRP VBD IN DT NN . -LRB- CD -RRB- NFP DT NNP NNPS -LRB- CD -RRB- VBZ DT JJ NN VBN IN DT JJ HYPH VBG JJ NN , WDT VBZ IN PRP$ NN IN PRP$ JJ HYPH VBG JJ NN . DT NN VBZ JJ NNS IN NN . -LRB- CD -RRB- -LRB- CD -RRB- NFP NNP VBZ DT NN IN NNS VBN IN DT JJ NN NN NNP , WDT VBZ DT NN IN DT NN CC WRB TO VB WP DT NN VBZ . DT NNP NN VBD DT NN IN NN VBG IN NN IN DT -LRB- RB VBN -RRB- CD NN IN NNP NNP FW FW . -LRB- CD -RRB- IN CD , NNP POS NN VBD VBN IN DT NNP NNP NNP TO VB VBN `` JJ '' , -LRB- CD -RRB- DT NN VBD VBN JJ IN CD IN DT NNP . -LRB- CD -RRB- DT NNP CD NN IN NNP NNP NNP VBD IN NN NNS IN NNP POS NN VBD `` VBN DT JJ NN IN DT NN IN DT NN IN NN VBD RB JJ IN DT NN IN '' . -LRB- CD -RRB- JJR NNS IN NNP IN NNP CC NNP NNP NNP VBD IN NN NNS VBD DT JJ NN IN DT NN IN NN IN NNP POS NN . -LRB- CD -RRB- -LRB- CD -RRB- -LRB- CD -RRB- NNP VBD IN IN NNP VBD VBN IN DT JJ JJ NN IN NN IN NNP CD , CD NN IN NNS IN DT NN VBG DT NNP NN VBD PRP VBD RB VB IN DT NN VBD JJ NN IN NN NNS . -LRB- CD -RRB- DT NNP NNP NNP IN NNP NN VBG DT NN IN NNS VBD IN NN IN NNS VBZ VBN IN DT JJ NN , CC `` RB DT NNS POS NN IN NN VBP RB NN CC DT NNP , VBG PRP$ JJ NN NNS , WDT VBP VBN TO VB JJ NN CC VB NN IN JJ NN '' . -LRB- CD -RRB- DT NN IN DT NN IN DT NN IN DT NNP NN NN VBD VBN IN DT NNP : NNS VBD RB VBN IN DT NN IN NNS VBG IN JJ NNS WDT PRP `` VBP RB IN DT NN TO VB CC VB . -LRB- CD -RRB- -LRB- CD -RRB- NNP NNP , DT NN WP VBZ IN DT NN IN NN , VBG IN DT NNP NNP VBD DT NN DT `` NN IN NN '' WDT VBD IN JJ NNS , VBG IN LS -RRB- DT NNP MD RB VB VBN DT NN VBN IN `` RB JJ NNS '' IN RB CD NNS , LS -RRB- DT NN NN VBD VBN IN DT JJ NNP NNP NN , CC LS -RRB- DT NN IN JJ NNS CC `` NN '' NNS VBD DT JJ NNS . -LRB- CD -RRB- DT NNP RB VBD IN DT JJ NNS JJ IN JJ NN NN NNS NN CC NN NNP NNP , -LRB- CD -RRB- NNP NNP NNP HYPH VBG NN NN CC NN NNP NNP , -LRB- CD -RRB- -LRB- CD -RRB- CC JJ JJ NN NNP NNP VBP JJ . NNP , WP IN NNP CD VBD DT `` NNP NN IN NN '' NN , VBZ VBN WRB DT `` NN '' IN VBG IN NN NN VBZ PRP `` VB NNS IN IN DT NN '' WRB PRP VBZ IN NN NN . -LRB- CD -RRB- IN DT NN IN NN NNP NNP IN NNP NNP NNP NN , DT RB HYPH CD HYPH NN HYPH JJ NN VBD IN NN VBZ PRP VB NNS IN `` JJ CC JJ '' . PRP VBD RP TO VB : PRP VBZ PRP JJ , CC VBG JJ VBZ DT NN , PRP MD VB . PRP RB VBZ PRP VB NNS IN IN DT NN . PRP VBP RB RB VB IN NNS , PRP MD VB IN NNS . PRP VBP RB VB PRP MD VB JJ IN DT NN IN DT , IN PRP VBD VBN IN NN JJ . JJ NNS VBP IN PRP VBZ RB VB , PRP MD VB RB . CC PRP MD VB DT . PRP MD VB DT JJ NN JJ . CC PRP VBP JJ , CC RB JJ . IN NN RB RB DT NNS CC NNS IN NN VBP VBN RB IN RB VBG NN IN DT TO VB DT NN NN CC JJ NN , CC PRP MD VB JJ IN PRP MD RB VB RB IN PRP RB RBR . -LRB- CD -RRB- RB , NN NN IN JJ NNS IN VBG IN DT NN NN VBZ VBN JJ IN JJ NNS . NNP NNP NN VBD DT NNS , WDT VBD IN NNP NN VBD IN NNP NNP VBZ JJ , CC IN DT NN IN NNP NNP VBD IN PRP$ JJ NN CC `` NN IN NNS '' VBP PRP `` DT RB JJ NN . '' DT NN RB VBD IN IN NNP NNP , NNP NNP NNP VBD NN NN NNP NNP DT NN IN DT NNP POS NN , CC DT NNP NN VBD `` VBD TO VB '' . NNP NNP VBD DT NNS , VBG IN JJ JJ NNS VBP NN VBZ `` DT NN , CC RB DT RB RB HYPH VBN NN WDT EX VBD TO VB JJ NNS IN . '' -LRB- CD -RRB- NNP NNP VBZ VBN NNP POS NN IN NNP , VBG IN DT NNS VBG PRP VBP RB VBN PRP RB . -LRB- CD -RRB- NNP NNP VBZ RB VBN DT JJ NNS IN NNP CC NNP IN JJ , VBG DT NNS VBP JJ TO VB RBR RB IN DT RB JJ NN CC NN IN JJ NN NNS CC JJ NNS . -LRB- CD -RRB-"
409,959,mainstream,"NN HYPH VBN NN -LRB- NN -RRB- VBZ DT NN VBN IN NN NNS . NNS WDT VBP PRP VBP VBN IN NNS IN NNP CC NNP , CC DT NNS IN DT NNP . VB IN PRP MD VB IN NN IN NNP DT NN IN VBG NNP VBZ RB JJ . NNS WDT VBP PRP MD VB VBN IN : NFP JJS IN NNP : VBG NNS IN NNP NNS VBP IN NNS CC JJ NNS . PRP VBP RBR IN NN IN VBG VBN IN PRP VBP NNS JJ IN NN CC NN . RB DT NNS VBP NN . RB IN PRP VBP VBN , DT NN IN VBG RB JJ VBZ JJ . PRP MD VB VBN IN NN IN PRP VBP IN NN VB VBG DT NN NN IN PRP VBP VBG DT NN WRB DT NN VBZ JJ CC PRP VBP VBG TO VB JJ NNS WRB PRP VBP RB . CD NNS IN DT NN MD VB PRP IN RB DT NN . DT JJ NN MD VB PRP IN RB CD NNS . PRP VBP TO VB DT JJ NN IN JJS CD NN IN VBG . DT NN NN VBZ RB JJ IN DT NNP . VB RB IN DT NN NN WDT VBZ PRP . PRP VBZ RB $ CD IN NN . RB VB TO VB VBG VBN IN NNS WRB NNS VBP VBN . TO VB DT NN IN VBG VBN : SYM VB PRP$ NN IN VBG RB CC VB PRP$ NNS IN PRP$ NNS SYM VB NN NN IN PRP$ NNS CC NN : NNS VBG NN VBP JJS SYM VB IN NNS WRB JJ NFP VB NN HYPH VBN NN RB NNS VBP JJR TO VB CC VB RP WRB TO VB CC VB NNS NN NNS VBP RB RB JJ . PRP MD RB VB DT NN IN PRP VBP PRP IN PRP$ NN . RB VB PRP$ NN CC NN IN VBG RB . NFP VB JJ HYPH VBN NNS CC DT NN NN NN . PRP MD VB DT IN DT NNS , NNS CC NN NNS . NFP VB DT NN RB JJ IN PRP$ NN IN JJ . NFP RB VB RB , VBG NN RB TO VB CC VB DT NN . VB IN PRP WRB PRP VBP VBN PRP . SYM VB DT NN IN NN CC NN CC NN . DT NN IN VBG JJ VBZ JJ . PRP VBP RB VB TO VB NN JJ IN PRP VBP JJ ."
410,423,mainstream,"JJS NNPS VBP NNS VBP JJ IN NN , CC IN NNS MD VB VBN TO VB PRP , VBG IN DT JJ NN . DT NN , IN NNP NNP NNP , VBD CD NN IN NNP NNS VB JJ NNS MD VB VBN TO VB DT NNS , NNS CC NN -LRB- NN -RRB- NN IN NN TO VB NN , IN RB CD NN VBP NNS MD VB JJ TO VB RB TO VB PRP$ NNS . IN NN , RB CD HYPH NNS IN NNS -LRB- CD NN -RRB- VBD DT NN NNS IN DT NNP NN IN `` JJ '' CC `` RB JJ , '' IN RB CD NN VBD DT NNS IN `` JJ . '' RB , CD NN IN NNPS VBD DT NNS IN DT NN NN VBP DT NNS , DT NN VBD . -LRB- RB WRB JJ VBP NNS . RB VBP DT NNS -RRB- RB , NNS IN JJ NNS VBD RB RBR JJ IN DT NN IN DT NN NN . DT NN VBD IN RB CD NN IN NNS IN NNS NNS CD IN CD NNS VBD DT NNS IN DT NNP NN IN `` JJ '' CC `` JJ , '' VBN IN CD NN IN NNS IN DT NNS IN CD . DT NNS VBP VBN IN NNS IN RBR JJ NNS VBP RBR JJ TO VB PRP$ NNS , WDT VBZ VBN IN NN IN NNS IN JJR NNS VBP RBR JJ IN NN NN , NNP VBD . CC DT JJ NN VBD NNS IN JJR NNS VBD TO VB DT JJ NN IN NNS : CD NN IN DT IN DT NN NN IN $ CD DT NN CC JJR VBD IN DT NNS IN DT NN NN VBP DT NNS , CC CD NN VBD DT NNS IN DT NN IN JJ . IN DT IN DT NN NN IN JJR IN $ CD DT NN , CD NN VBD DT NNS IN DT NNP NN IN JJ , CC CD NN VBD DT NNS VBP DT NNS . DT NN RB VBD IN NNPS POS NNS IN DT NNP NN IN JJ NNS . PRP VBD IN CD NN IN NNS WP VBP IN JJ VBD IN NNS MD VB JJ TO VB RB TO VB PRP$ NNS , VBN IN CD NN IN NNS WP VBP IN JJ , CC CD NN IN NNS WP VBP IN JJ . RB , DT NN IN NNS -LRB- CD NN -RRB- VBD IN JJ NNS MD VB VBN TO VB DT NN NN TO VB NN , CC CD NN IN NNS VBD IN DT NN . RB , DT NNS IN NNS IN NNS VBP VBN DT RB HYPH RB VBN NN VBG DT NNP NN IN NN . EX VBP RB JJR IN CD JJ JJ NNS WDT VBP VBN TO VB DT NN IN DT NN NN CC NN , CC DT JJ NN VBD VBN , VBG IN DT NNPS IN NNP NNP CC NNP . DT NN NNS VBP VBN IN NNS IN CD NNPS NNS CD CC JJR , WDT VBD NN IN NNP IN NNP CD . DT NN NN VBZ RB JJ , CC DT NN POS NN IN NN VBZ CD NN , NNP VBD ."
411,1238,mainstream,"NNP NNP VBD VBG DT JJ NN IN PRP$ NN IN NNP NNP , NNP , CD NN IN NNP CD WRB PRP VBD PRP$ NN IN DT JJ NN . RB RB RB , DT RB HYPH CD HYPH NN HYPH JJ NN VBD VBN IN PRP$ NN POS NN , VBG TO VB DT NN NN : DT JJ NN WDT IN CD VBZ VBN NNP NNS VBN IN DT NN HYPH VBN NN NN NN CD HYPH NN . PRP$ NN VBD IN PRP$ NN CC VBD IN PRP$ NN IN DT NN . DT NN VBD JJ , CC RB JJ IN NNP VBD . `` PRP VBD RB RB CC RB IN NN VBD VBN RB JJ , '' PRP VBZ . CD NNS RBR , VBN IN DT JJ NN , NNP VBZ VBN DT NN NN NN IN DT VBG NN IN NNP , NNP , PDT DT NN IN DT JJ NN NN WDT VBZ WP VBZ RB VBN IN DT NN NN . CD NNS RB , JJ NN VBD IN NN : NN IN DT NNP NNP IN NNP NNS : TO VB NN NN NNS IN DT JJ NNS , WRB DT NN IN NNS VBD VBN NNS CC VBD VBG TO VB NN NNS . DT NN , DT NNP NNP NNP NNP NNP IN CD , VBD DT JJ NN IN NNS CC VBD DT NNP NNP NNP NNP NNP -LRB- NNP -RRB- IN DT NNP IN NNP CC NNP NNPS . DT NNP VBZ DT DT HYPH NN NN IN NNS VBN IN NNS TO VB NNS IN DT NN NN NN VBN IN DT NN NN IN NNS . -LRB- IN DT NN POS NN , NNS , RB , MD VB NN IN NN NNS . -RRB- IN PRP$ JJ NN IN CD , DT NN NN VBZ VBN JJR IN CD NNS CC VBN CD HYPH NN IN PRP . IN DT JJ NNS , CC PRP$ NNS , PRP VBZ VBN RB $ CD CD . DT NN VBZ VBN NNS IN NNS , WP VBP VBN JJ JJ NNS IN IN IN $ CD RB IN IN DT NN VBZ . DT NN POS NN VBZ CD NNS RB WP VBP JJ TO VB NN NNS , IN NNS MD VB NNS . JJ VBP RB IN NN IN PRP$ NN IN DT $ CD CD NN IN DT NN NN NN . DT NN IN DT JJ NNS IN NN NNS POS NNS VBP DT : `` PRP VBP VBN NNS IN PRP$ NNS '' : `` VB NN '' , CC `` DT NN IN PRP . '' NNP POS NN VBZ DT JJ NN , IN IN JJR NNS CC JJR NN . CC PRP MD VB JJ IN IN PRP$ JJ NN VBD PRP IN NN NN . RB DT NN NN IN DT NNP NNP IN NNP CC RBR DT JJ NN IN DT NN VBG IN JJR NN IN NN NN , PRP VBD PRP$ NN NN CC RB VBD DT JJ HYPH NN NN NN NN IN DT NN NN VBD JJ . NNP POS NN , PRP$ JJ NN , CC DT NNS VBN IN DT NN NN VBP DT NN IN DT JJ NNS IN NN . DT NNS MD VB RB JJ IN RB JJ , JJ NNS IN NN : DT JJ JJ NN : CC IN JJ IN NN NNS IN NNP . CC IN NNS IN DT NN VBP VB DT NN IN JJ NNS WDT VBP NNS , DT RBS JJ , CC JJ , IN DT VBZ RB VBN RB VBN : RB RB VBZ DT NN VBN DT NN VBG IN DT NN VBD NN . NNP , WP VBZ PRP VBZ PRP$ NN IN VBG NN IN JJ NN NNS , VBZ DT NN . `` NNS VBP PRP JJ . PRP VBP NN . IN PRP VBD NNS , PRP MD VB PRP VBN . '' DT NN NN POS NNS VBP IN JJ JJ NN NNS VBP JJ . IN DT CD NN NNS JJ IN NN WDT VBD VBN IN DT NN VBG IN CD , DT NN VBD CD NN NN . VBG IN DT NN IN DT NN IN NN , VBG DT NN VBZ NNS IN NN RBR JJ IN VBG JJ . DT NN NN WDT NNP VBD VBZ DT NN HYPH VBG JJ NN IN IN JJS CD NN IN NNS WP VBP DT NN . DT NNP NN NN NN IN NN , IN NN , VBZ CD NN . `` CD NN IN NNS VBZ CD RB JJ , CC PRP VBZ RB JJ TO VB NN , '' VBZ NNP NNP , DT NN IN DT NNP IN NNP , NNP . `` DT NNS IN NN IN DT NN , DT JJ NN , CC DT NN IN DT NN RB VBP DT NNS . '' NNS VBN IN DT NN VBP IN IN DT JJ NNS , NN NNS VBP VBN IN RB DT RBS JJ . JJ NNS VBP NNP HYPH NNP NN -LRB- NNP -RRB- , DT JJ NN VBN IN DT NN NNS : NN , DT NN HYPH VBG JJ NN WDT RB DT NN MD VB CC VBZ CD NNS IN CD NNS , NN , DT JJ NN WDT VBZ IN IN CD CC CD IN DT CD NNS VBN IN NN , CC JJ NN -LRB- RB VBN NNP HYPH NNP NN -RRB- , DT JJ NN IN DT NNS VBG DT NN CC NN , WDT VBZ IN IN CD IN DT CD NN NNS . NN RB MD VB -LRB- RB RB IN VB -RRB- NN NNS , WDT VBP IN IN IN CD NN IN NNS WP VBP JJ IN DT NN . DT NNS VBP RBS JJ IN NNS , NNS , CC NN -LRB- NN -RRB- CC DT VBN NN CC NN NN , VBG IN IN IN CD IN DT CD NNS VBN . RB VBG CD IN CD NNS , DT NNS MD VB JJ TO VB . CC PRP VBP JJ CC RB RB IN VBG NNS . DT NN IN JJ NNS IN DT NNP RB VBZ NN NNS , VBG IN NNS IN DT NNP IN NNP TO VB DT NN IN PRP VBP DT NNS VBP RB VB DT NN NN NN . CD JJ NNS : VBD JJ NNS CC VBN IN NNS IN DT NNP NNP IN JJ NNS : NN IN DT NNS . DT NN VBZ RB VBN TO VB IN DT NN VBZ VBN : DT VBZ RB RB RB JJ : CC IN DT NN VBD DT NN . WRB DT NN VBZ IN DT NN VBD JJ CC JJ NN , IN IN DT CD HYPH NN HYPH JJ NN WP VBD IN NN DT NN IN VBG JJ NN NNS , DT NN VBZ JJ NNS . PRP$ NNS VBD DT JJ NN NN IN DT NN : $ CD . CC DT NN RB VBZ NNS WRB NNS CC PRP$ NNS VBP JJ , JJ NNS : IN DT IN DT CD HYPH NN HYPH JJ NN WP VBD VBN CC DT NN VBD , JJ , IN VBG IN DT JJ JJ NNS IN PRP$ NN . DT NN VBD JJ NN IN DT NN VBD VBN : CC DT NN IN NN HYPH VBN NN . DT NN VBD VBN . CC IN CD , DT NN VBD TO VB NN IN DT JJ NN WDT VBD JJR IN CD NN NNS . JJ NNS VBP TO VB . CD JJ , JJ NN VBZ : `` DT JJ NN RB VBZ RB VB NNPS POS NN IN DT NNP NN VBD DT NN IN NNP POS NN -LRB- NN NN NN -RRB- NN . '' DT NN NN IN NNP POS JJ NN VBD IN DT NNS IN PRP$ NN NN . `` PRP VBD IN PRP$ NN VBD VBG RP , '' PRP VBZ . PRP MD RB VB PRP$ NN CC VB DT NN IN NN . PRP MD RB VB DT NN IN PRP$ NN CC VB PRP IN DT NN NN IN PRP$ NN . PRP VBD PRP$ NN CC VBD PRP$ NNS IN , WP VBD VBG RP , DT NN VBD VBN PRP . `` DT VBZ RB JJ , '' PRP VBZ PRP VBG . `` NNS VBP RB JJ RB TO VB DT NN IN NN . '' IN NN , NNS MD VB RB DT NN IN NN IN DT NN VBZ RB VBN RB JJ IN DT JJ NN , CC DT NN VBZ DT NN NN CC VBZ IN DT NN NN . EX , JJ NN IN DT NN CC , RBR JJ , DT JJ NN IN DT VBN NN MD VB DT NN WDT VBZ NNS , NNS , CC DT NN HYPH VBN NNS VBN NNS WDT VBP NN IN DT NN . RB IN CD , NNS IN DT NN POS NNP VBD DT NN IN JJ NNS CC VBD PRP DT NN : NN NN JJ IN NN NN . DT NN NNS , VBN IN NNP , VBD VBN CD NNS WP IN CD CC CD VBD DT NN IN NN IN NN NNS CC VBD JJ JJ NNS . NN VBD JJ NN NNS , CC DT VBD VBN JJ , JJ NN CC DT JJ NN IN NN IN DT NN IN DT NN . CD NNS VBD NN , CC NN IN DT VBD DT JJ NN . PRP$ NN NNS VBD NN NNS VBN IN NN . NN VBD IN DT NN VBD VBN VBN `` RB JJ '' IN DT NN . JJS VBD VBN DT NN IN NN : NN CC NN , CC IN CD NN JJ NN : IN DT NN , VBG IN DT NN POS JJ NN VBD RB VBN TO VB , IN DT JJ NN WDT VBD IN JJ , JJ NN IN DT NN . DT JJ NNS VBP RB JJ IN NNP NNP NNP , DT JJ NN WP VBZ IN NNS IN DT NNP IN NNP NNP NNP IN NNP . `` IN PRP VBP DT JJ NN IN DT NN NN , PRP VBZ VBG TO VB VBN RB IN DT NN IN NN CC IN NNS , NNS , CC RB NNS IN NN . '' NN NN NNS IN DT NN VBP VBN IN JJ NN NN VBZ VBN JJ : IN CD , DT NNPS IN NNP NNP CC NNP VBD PRP IN NN IN DT JJS NNS . IN CD , DT NN NN VBD CD NNS IN WDT NNS VBD NN NNS . IN CD , CD IN PRP$ VBN NNS VBD `` NN NN . '' DT NN MD VB : JJ NN , DT NN VBD NN NNS IN DT NN IN NNS IN WDT DT NN VBZ RB VB TO VB NN . RB , NNS VBP RB NN IN PRP VBD DT NN CC IN CD NNS VBD JJ , NN HYPH VBG NN IN DT RB JJ NN . NNP VBD IN CD NNS IN JJ NN VBN IN CD NNS IN IN HYPH NN NNS IN PRP VBD RB VBN , PRP VBZ . IN RB , PRP VBD VBN TO VB NN NNS CC NN NN . RB , PRP VBD TO VB RP NNS CC VB DT JJ HYPH NN NN . IN RB IN PRP$ NN , `` PRP RB MD RB VB VBG DT NN , '' PRP VBZ . NNP VBZ IN RB CD NN IN PRP$ NNS IN NNS JJ CC JJ VBD NN NNS : DT JJ CD NN VBP PRP VBD IN JJ NNS JJ IN NN NN CC NN . DT NNS VBP VBN TO VB IN DT JJ NN IN DT NN WDT VBZ NN IN DT JJ NNS . DT MD RB VB VBN IN DT NN RP IN DT NN NN : RB IN DT NN CC RB , IN NN , IN DT NN . DT MD VB RB VBG . NN MD VB DT NNS , NNS , CC RB DT JJ NNS . NN NN MD VB NN CC NN NNS VBN CC VBN . DT VBD DT NN IN NNP NNP , DT NN NN IN NNP , NNP . IN NN CD , PRP VBD DT NNS TO VB . CC CD NN NN IN CD , PRP$ JJ NN VBD VBG RB RB IN PRP VBD TO VB DT JJ NN PRP VBD VBG IN VBG VB PRP$ NNS IN PRP$ JJ NN . IN DT JJ NNS , NN IN PRP$ NN VBD JJ CC PRP VBD DT NN TO VB PRP$ NN : DT JJ NN IN NN NNS . PRP VBD CD NN IN JJ NN VBG IN PRP$ JJ NN IN PRP$ NN . VBG PRP$ NN IN JJ NN , PRP VBD IN PRP$ NN CC DT VBG NN IN PRP$ NN CC NN VBN IN DT JJ NN , DT NN IN NNS WDT VBZ DT NN . RB , PRP VBD VBN TO VB PRP$ NN IN DT NN . NNS RBR , NNP VBD TO VB IN DT JJ NN VBG DT JJ NN NN PRP VBD VBN CD NNS IN PRP$ NNS VBD . WRB PRP VBD `` JJ NN '' CC `` NN NN , '' `` PRP$ NN VBZ RP IN PRP VBP VBN IN DT NN , '' PRP VBZ . NNP VBD VBN WP NNP NNP , DT NN NN NN IN DT NNP IN NNP NNP IN NNP NNP NNP , VBD JJ NNS RBR IN JJ NN . RB RB IN DT , RB VBG DT NN , NNP VBD NNP . DT NN NN VBZ RB VBG PRP$ NN : DT NN VBZ IN VBN NNS IN PRP$ JJ NN : DT NN JJ IN NNS WP VBP DT NN VBG IN NNS : MD VB JJ . NN , IN CD , NNP POS JJ NN VBZ VBN . `` PRP$ JJS NN VBZ PRP$ NN TO VB WP PRP RB VBD TO VB DT JJS : NN , '' PRP VBZ . RB , PRP MD VB DT NN NN RB . `` PRP VBP DT RB JJ NN IN NN . '' NNP VBZ RB VBG IN TO VB DT NN IN NN IN PRP$ JJ NN . `` PRP VBP VBG PRP$ NNS JJ . '' IN CD NN PRP VBZ RB JJ : DT NN IN VBG IN NNS . WRB NNS VBP PRP , VBG WRB TO VB IN DT NN NN IN NN NN , PRP VBZ RB VB NN . RB , PRP VBZ , `` PRP VBP IN PRP IN PRP$ JJ NN IN NNS CC DT NN IN PRP VBP NNS VBP JJ . ''"
412,557,conspiracy,"NNP NNP NNP NNP NNP RB VBD DT JJ NN IN NNP NNP NNP VBD DT NN NN DT `` NN , '' IN PRP VBG VBN JJ NNS . NNP VBD IN JJ NN NNP NNP IN `` NNP NNP IN NNP NNP . '' NNP VBD RP DT NN IN DT NNP NNP NNP '' IN DT JJ JJ NN NN -LRB- NNP NNP -RRB- WP VBD VBN IN PRP$ NN '' IN VBG IN EX VBD `` DT RBR JJ NN NN IN NN RB RB IN DT JJ NN WDT '' NNP MD `` VB . '' `` EX VBZ TO VB , '' NNP VBD . `` DT VBZ NN , CC IN RB JJ IN DT NN VBP RB VBN IN NN VBZ CD IN DT NNS PRP VBP IN NN RB . CC PRP VBZ DT NN , NNP . '' `` NN VBZ VBN WRB NNP NNP VBZ VBN IN NN , RB JJ IN DT NN IN PRP RB IN VBG NNS , VBG PRP IN DT NN , VBG PRP DT NN , VBG PRP MD VB RB , VBG DT NNS PRP VBP . '' IN NNP VBD DT JJ NN IN NNP VBD DT NN NN DT `` NN , '' PRP VBD CD NN IN NNP . VBG IN JJ NN HYPH NNS IN NNP NNP IN DT JJ NNP POS VB PRP$ NN , DT NN VBZ VBN VBN JJ NN . `` EX VBZ RB DT NN IN DT NNP NNP WP VBZ NN IN NN , WP VBZ DT NN IN DT NN CC VBZ `` PRP VBP TO VB IN DT , '' '' NNP VBD . `` IN NN , NN WP VBZ DT , IN DT NN IN NNP , VBZ RP VBG VBN : CC IN RB JJ NNS PRP VBP , JJ NNS , NNS , PRP VBP VBN CC VBP . '' `` WRB NN VBZ RB VB : DT VBZ DT JJ NN , NN CC NNS , CC NN . WRB PRP VBP RB VB , PRP VBP IN JJ NN , '' PRP VBD . `` IN DT NN , EX VBP RB RB JJ NNS WP MD VB DT NN TO NN , WP MD VB DT NN VB WP DT JJ NNS VBP CC VB , `` NNP NNP , PRP VBP JJ , NN VBZ RB VB . '' '' NNP RB VBD TO VB NNS IN DT NNP NN . DT NNP NN VBD PRP VBD JJ IN NNP VBD VBN IN VBG TO `` VB DT JJ NN NNS WDT NNP NNP CC PRP$ NNS IN NNP NNP VBD RB VBN IN . '' CC VBG IN JJ NNS , NNP VBD IN PRP$ NN RB RB IN DT NN NN NN . RB , VBG IN DT NN NN , DT JJ NN IN DT NNP CC NNP NNPS -LRB- NNP -RRB- NN NN VBD IN DT NNP CC NNP NNP -LRB- NNP -RRB- `` VBP DT NN NN NN -LRB- NNP -RRB- IN NN NN IN JJ NNS IN NN NN CC NN NN IN DT NN IN CD NN NN -LRB- NN SYM CD -RRB- '' -LRB- VB JJR -RRB- NN VBZ IN NNP POS NNP : NNP VBZ PRP , VBZ NN IN JJ NN"
413,824,conspiracy,"NN NNS VBP DT NNP NN VBZ VBN IN JJ NNS TO VB PRP RP , CC DT NN IN NN IN DT JJ NNS IN NN VBZ RB VBG NNS IN NNS DT NN . WRB PRP VBZ IN CD IN PRP$ CD VBG NNS VBG , NNP NNP MD RB VB RB PRP$ NNS , CC DT `` JJ CC JJ '' NN IN PRP$ NN NNP , WP PRP VBD JJ IN PRP$ NN CD NNS IN DT NN NN . DT VBD RB CD NNS RB . `` PRP VBP JJ . PRP VBP RB JJ CC JJ TO VB , CC PRP$ NN MD RB VB VBN . PRP MD RB VB JJ IN VBG DT NN WDT VBD PRP$ NN RB TO VB VBN , CC PRP VBP RB VB IN PRP MD RB VB IN DT NN IN PRP VBD PRP , '' VBZ NNP , WP RB VBZ PRP$ NN IN VBG IN NN . PRP VBZ NNP CD , CD , DT JJ NN IN PRP$ CD NN HYPH JJ NN POS NN , IN JJ NN . IN DT JJ , JJ NN PRP VBD PRP IN DT NN NN , IN DT NN PRP VBD IN PRP IN PRP$ NN NN IN DT NN : WDT PRP RB VBZ IN PRP$ NN , JJ TO VB PRP RB : IN WRB PRP$ NN VBD IN PRP$ NN , VBD IN PRP$ NN VBD VBG RB IN PRP$ NN CC VBD RB VB RBR . RB , WRB WRB PRP VBD RB , CC VBD VBG TO VB PRP , PRP VBD PRP$ NN VBD RB VBG , VBD RP PRP$ NN , CC VBD , JJ RB RB PRP VBD RB JJ . RB , DT RB JJ NNS TO VB PRP . `` IN PDT PRP$ NNS IN NN NN NN PRP RB VBD DT JJ NN PRP MD VB PRP$ NN NN IN MD VB PRP$ JJ , '' VBZ NNP . `` PRP RB VBP NNS IN DT JJ NNS VBG PRP$ NN POS NN TO VB DT RBR JJ NN , VBG PRP$ NN IN PRP VBD DT NN NN . '' DT JJ JJ NN IN NN VBD DT RB JJ `` JJ '' . VBN RB IN PRP$ NN VBD RB VB , NNP , WP VBZ IN NNP , NNP , VBD TO VB JJR , CC MD RB VB PRP VB . PRP VBZ IN DT JJ HYPH NN NN VBD JJ NN IN NNP POS NN NN CC NN , CC VBD DT NN , IN `` PRP VBZ DT JJ NN IN JJR NNS -LRB- NNP NNP NNP NNP -RRB- NNS PDT DT NN , CC RB IN JJR NNS CC PRP VBZ VBN PRP VBD RB RB IN PRP VBD . '' NNP VBZ IN PRP VBZ RB JJ IN RB RB IN DT NN NN , NNP VBD CD JJ NNS , VBG NNP , CD NNS IN PRP$ NN ."
414,115,mainstream,"DT NN VBD VBN IN NNP CD , CD NNPS RB VBP DT JJ NNS IN NNS CC NNS , VBG NNS . NNS VBP PRP IN DT JJ NN , NN , NN , JJ JJ JJ NN -LRB- NN -RRB- , CC NN NN CD -LRB- NNP SYM CD -RRB- . DT NNS MD RB VB DT NN . NNS RB VBP DT JJ NN , IN PRP MD VB JJ IN RBR JJ NNS . IN DT JJ CD NNS , NNS VBP VBN IN DT NNS MD VB NNS , NNS , NNS , NNS , NNS , NNS , NNS , CC NNS . RB , DT NNS VBP DT NNS IN NNS . RBS RB , NNS VBD DT JJ NN NN IN NNP WDT VBZ RB VBN JJ NNS . DT NN VBZ VBN JJ JJ JJ NN NN CD -LRB- NNP HYPH NN SYM CD -RRB- CC PRP MD VB NN HYPH CD . IN DT NN , PRP VBP DT JJ NNS IN JJ NN , PRP$ NNS , CC WRB NNS VBP PRP . PRP RB VBP IN CD RB JJ NNS VBN IN NNS : NNP HYPH CD , NN , CC NNP NNP JJ NN -LRB- NNP -RRB- . VB VBN IN JJ NNS IN DT JJ NN HYPH CD NN CC VB PRP$ NN NN IN JJR NN IN NN CC NN . VBG DT NN WRB NN MD VB VB DT NN IN NNS . NNS RB VBD DT NN IN CD , VBG CD WDT VBD JJ IN DT NN IN NN IN NNS WDT VBD DT NN TO VB NN NNS . NNS VBD NN IN JJ NNS IN DT NNS , IN DT NNS IN NNS IN DT JJ NN . JJ NNS WDT VBP RB JJ VBP CD , NN , NN , CC NNP . DT NN `` NN '' VBZ IN DT NN HYPH JJ NNS IN PRP$ NNS . `` NNP '' IN NNP VBZ `` NN '' CC `` NN . '' IN NNS , NN NNS RBS RB VBP IN DT NN NNS CC JJ NN . IN CD , DT NNPS IN NNP NNP CC NNP -LRB- NNP -RRB- VBD VBG DT NN IN DT JJ NN , NNP HYPH NNP HYPH CD , WDT VBZ NN HYPH CD . NNS RB VBD DT NN IN NNP , NNP . IN RB , DT NN VBZ VBN IN RB DT NN , VBG DT NNP NNP NNP -LRB- NNP -RRB- TO VB DT NN . DT JJ NN VBZ VBN JJ IN NNS IN NNS RB , VBG NNS IN NNS IN NNS . DT NNP NNPS VBZ VBN DT JJS NN IN DT NNS . DT JJ NNS IN NNP HYPH CD VBD NNS IN DT NN CC NN NN . DT VBZ IN NNS RB VBD DT NN IN NNS . RB , NNS IN DT NNS IN DT NN VBD DT NN , VBG IN NNS MD VB DT NN IN DT JJ . JJS NNS WP VBP NN HYPH CD MD VB DT JJ NN IN DT NN . VBG IN DT NNP , RB CD NN IN NNS WP VBP NN HYPH CD MD VB IN VBG NN . DT VBG CD NN VBP RB JJ CC VBP NN VBG . DT NNS VBP RBR IN NN IN JJ NN , VBG JJR NNS CC NNS IN JJ JJ NNS , VBG JJ NN NN , NN CC NN NNS , NN , CC NN . DT NN NN VBZ IN NNS . IN DT NNP , DT NN NN VBZ RB CD NN . VBG IN DT NNP , NNS VBP RB IN JJR NN IN NN HYPH CD IN NNS . JJ NNS VBP TO VB DT JJ NN IN NN HYPH CD IN JJ NNS . RB , IN NN , NNS VBP DT JJR NN IN JJ NN IN NNS WDT VBP JJ IN NN HYPH NN HYPH CD CC NN . DT NNP RB VBP IN NNS VBN IN NNS IN VBN CC VBN NN HYPH CD VBP VBN IN NN . VBG IN DT NNP , NNS MD VB TO VB NNS CD SYM CD NNS IN NN IN DT NN . NNS MD VB : NFP JJ NN IN NN CC NN DT NN VBZ RB JJ IN NNP HYPH CD . RB , NNS VBP RB VBN DT NN . DT MD VB IN JJ NN CC NN IN NNS WP VBP DT NN CC VBP RB VBG NNS . VBG IN DT NNP , DT VBG NNS VBP DT JJR NN IN VBG JJ NN IN NN HYPH CD : NFP NNS IN DT NN WP VBP JJ JJ JJ NNS , VBG JJ NN NN , JJ NN NNS , JJ NN , DT VBN JJ NN , CC NN DT NNP VBP IN IN EX VBP VBN NNS IN NNS IN JJ NNS , DT VBP JJ . NNP HYPH CD RBS RB VBZ JJ NNS IN NNS . JJ HYPH CC NN HYPH JJ NNS RB VBN RP IN CD SYM CD NNS IN DT NN VBZ . RB , DT NNS VBP JJ , IN PRP VBP IN NN IN NN . IN DT NNS , NN NNS VBP JJ . IN NNS MD RB VB NNS : WDT RB VBP DT JJ NN : IN DT NN , DT VBZ RB DT NN IN NNS . DT VBZ PRP JJ TO VB DT NN IN DT NNS . EX VBZ RB DT NN IN DT JJ HYPH JJ NNS VBN IN NNS . NNS VBP NN HYPH NN CC IN HYPH DT HYPH NN NNS . VBG DT VBG NNS MD VB : DT NN MD VB DT NN JJ IN DT NN IN NN IN DT NN POS NN , JJ IN DT NN IN NN CC NN IN DT NN . NNS VBP IN DT NN NNP IN DT NN NNP . JJ NNS IN NN VBP , IN NNS IN DT NN IN NN WDT PRP VBP CC WRB RB PRP VBP . NNS RB VBP CD NNS IN NN WDT MD VB NNS . JJ NNS WDT VBP RBR JJ NNS VBP NNP HYPH NNP , WDT VBZ DT NN NN , CC NNP HYPH NNP , DT NN JJ IN NN . IN CD , DT JJ NN , VBN NNP HYPH NNP HYPH CD , VBD VBG , VBG DT NN NN HYPH CD . DT NNP VBP IN DT NNS VBP NN NN NNS IN JJ NNS WRB PRP VBZ JJ TO VB DT CD HYPH NN -LRB- CD HYPH NN -RRB- NN IN NNS . DT MD VB VB DT NN IN DT NN IN JJ NNS CC NNS WP VBP RB VB IN PRP VBP VBN PRP . NNS MD VB NN NN NNS IN VBG TO VB JJ NN . NNS IN VBG NNS IN NN VBP JJ RB . NN : PRP VBZ JJ IN JJ NNS CC NN NNS VBP VBN IN NN NNS . NNS VBP IN DT NNS VBP IN NNS IN DT JJ NN , JJ IN NN . IN NN , DT NN MD VB WRB DT NN : SYM NNS CC NNS IN VBG PRP$ NN , VBG NNS IN DT NN , VBZ NN WP VBZ DT NN , VBZ DT NN WDT VBZ DT NN , RB VBZ PRP$ JJ NN , NNS , CC NN DT NN NNS MD VB IN NNS IN NN IN NNS , IN PRP VBZ JJ IN JJ NNS MD VB IN DT JJ NN . NNS MD VB JJS NNS IN DT NN . TO VB NN , NNS IN NNS MD VB IN NN , VB , CC VB VBG IN JJ NN IN JJ NNS . VBG DT NN CC NN IN DT NN CC NN IN VBG CC NN MD RB VB VB NN . PRP VBZ JJ TO VB IN VBN NNS RB RB CC VB JJ NN IN DT NN . NN VBZ VBN IN DT NN HYPH NN NN . NNS RB VBD DT JJ JJ NN IN CD IN PRP VBD IN NNP NNP . IN RB , PRP VBZ VBN IN JJ NNS . DT NN VBZ VBN DT NNP RB , RB CD NNS IN DT NN VBP VBN JJ IN NNP HYPH NNP , CC DT VBD IN CD . IN DT NN , DT NNP VBP IN DT NN IN VBG NN IN DT NNP VBZ RB JJ . NNS IN NNS VBP DT NN , NN , CC NN . DT NN VBZ IN JJ NN IN NNS WP VBP DT NN . DT CD NN IN NNP VBD IN DT NN VBZ JJ IN CD NN IN NNS WP VBP PRP . VB RP IN NN IN DT JJ NN HYPH CD NN . DT NNP VBP RB DT NN IN VBG DT NN IN NN ."
415,1021,mainstream,"EX VBP RB CD VBN NNS IN NNS IN DT NNP . WP VBP NNS VBG IN PRP . DT NNS NNS IN DT NNP DT NN : DT CD VBN NNS IN CD NNS VBZ DT JJ HYPH JJS NN IN CD NNS : VB DT NN IN VBG RP DT NN IN NN . DT NN TO VB DT NN VBZ VBN RB IN JJ , RB . VBN NNS VBP RBR JJ TO VB JJ NNS IN PRP VBP VBN DT NN . DT VBZ VBN NNS IN DT JJ NN IN DT NN RB VBN VBN NNS IN DT NN . `` PRP VBP JJS IN DT NN , RB , VBZ RB IN DT NNS WDT VBP VBN NNS , '' VBD NNP NNP NNP NNP IN NNP , WDT VBZ VBG NN WDT MD VB DT JJ NN IN NNS IN VBG RB IN DT JJ NN IN CD . `` EX VBZ DT NN VBG DT NN . CC RB NN VBZ IN DT IN PRP VBP DT NN PRP . '' VB DT NN JJR : VB NNP NN POS NNP NNP IN PRP$ NN VB DT NN IN NNP , CD IN CD NNS WDT VBZ JJ HYPH NN CC JJ NNS IN NNS , IN NN IN DT JJ NN VBN IN DT NNS CC DT JJ NN WDT VBZ IN NN IN DT IN NNP , NNP CC NNP NNP . DT JJ NN NN VBN IN DT NN IN NNP NNP VBD IN NNP NNP , IN DT JJ NN IN DT NN , RB IN NNP , NNP , IN JJ NNP , VBG NNP NNP NNP NNP TO VB DT NN IN NN . IN DT CD NNS VBN IN NNP , CD VBP VBN VBN IN VBG IN NNP NNP , WRB DT NN NN IN NNS VBD IN CD NN IN CD IN CD NN , RB IN WP VBZ VBN IN NN NN : JJ NN . CD IN DT WP VBD DT NN VBD VBN , DT NN NN IN JJS IN DT NN MD RB VB VBN . NNS IN DT NN RB VBD IN NNS CC VBD RB IN NNS IN DT NNS IN DT NN , CC IN RB , DT RB JJ CC RB JJ NN VBD VBN DT JJ NN NN . DT NN VBZ VBN NN CC JJ NN NNS JJR IN $ CD CD , WDT MD VB VBN IN VBG CD NNS IN DT NN WDT VBZ $ CD DT NN CC VBZ CD NNS IN CD NN NN . `` NN VBZ , CC PRP VBZ NN NNS , '' VBD NNP NNP , NN IN NNP POS NNP IN NNP CC NNP NNP . JJR : JJ NN VBZ IN NN IN NNS NN VBZ RB VB NN CD NNS IN NNP NNP VBD NNS WDT MD VB VBN JJ HYPH NN NNS IN NN HYPH NN NNS , CD VBG IN DT NNS CC DT JJ CD RB IN DT NNS HYPH NNS HYPH NN -LRB- NN -RRB- NN . DT JJ NN VBD VBN , CC DT JJ NN , NNP NNP CD , VBD PRP IN IN DT NN CC VBZ IN DT NN NNP . IN DT NN NNP CD IN DT JJ NN , NNP NNP IN NNP NNP NNP VBD , `` JJ NN NNS IN DT NN VBP VBG IN IN JJ NN , VBG NN NN CC DT NN IN JJ NNS . PRP VBP PRP RB VBG IN NNS , RB IN VBG TO VB PRP . '' DT VBD DT NN IN NNP , RB . IN CD , IN VBG DT NN NN VBN IN NNP WDT VBD RB CD NNS , NNP VBD DT JJ CC JJ NNS . DT NN NN VBZ VBG IN TO VB NNS IN JJ NNS IN DT NN IN NNS VBG NN IN PRP VBN IN DT NN VBD IN CD . VBG IN DT NNP IN NNP CC NNP NNP NNPS , JJ NNS VBG VBG JJ IN DT JJ NN VBP NNP , NNP , NNP , NNP , NNP NNP , NNP NNP CC NNP . CD IN DT CD : NNP , NNP NNP , NNP NNP CC NNP : VBP VBN NNS NNS DT NN . IN DT JJ NN , JJ NNS VBP VBG NNS TO VB CC VB NNS , VBG DT NN POS NN CC DT JJ NNS IN DT NNS IN PRP . NNS IN NNPS VBD NNP CD IN NN IN DT NN NNP IN NNP , CC JJ NN NNS JJ IN NNP VBP PRP$ NNS VBP VBG VBN RP IN DT NN IN VBN : CC RB HYPH VBN : NN NNS VBG JJ NN CC RB NNS TO VB PRP$ NN . NN IN NN : NNS VBP NN IN NNS , NNS , JJ JJ HYPH NN NNS RB IN JJ NN DT JJ HYPH VBN NN IN NNS VBP VBN IN NN VBZ TO VB VBN , IN VBZ DT NN IN PRP VBP JJ RB WRB NNS VBP RB CC NNS JJ IN DT NNPS IN NNP NNP CC NNP VBP IN PRP$ NN . JJ NNS VBP VB , NNS VBP , CC PRP VBP JJ CC RB JJ , IN DT NN CC NN . RB , NNS JJ IN DT NNP NNP NNP NNP MD VB DT NN IN NNS VBP PRP$ NNS POS NNS IN VBG PRP VBN . NNP NNP NNP NNP VBD DT NNP , WDT PRP VBD IN CD IN DT NN NNP NNPS NNP , RB VBZ VBN NN CC VBZ RB VB NNS JJ IN NNS . VBN IN DT NN POS NN TO VB PRP$ NNS IN JJ NN NN , NNP VBD , `` VBP PRP VBG IN DT JJ NN NN WDT VBZ DT JJ NN IN NNS TO VB PRP$ NNS , VB PRP$ NNS , IN DT NN VBZ DT JJ NN WRB PRP VBP RB VBN DT NN IN IN CC RB PRP VBP VBG TO VB IN DT NN . DT VBZ RB DT JJ JJ NN NN . '' RBR : VBG RP JJ : PRP$ JJ NN VBD PRP DT NN NN IN DT JJ NN DT JJ NN IN NNS VBN IN NNS IN DT NNP VBZ JJ TO VB RP , CC DT NNP VBD NN HYPH VBG JJ NNS IN DT NN IN DT NN VB RB RB DT CD NNS . EX VBP VBN CD NNS VBN IN NN IN DT NNP NNP NNP NNP NNP VBD VBN IN CD IN DT DT HYPH NN NN IN NN . RB CD NN IN DT NNS VBD IN DT NN NN -LRB- NN , NN , NN -RRB- , WDT VBD VBN IN DT NNS IN DT JJR NN . DT VBZ CD NN NNS IN JJ NNS , CD NN IN WDT VBD VBN , VBG RB CD IN DT NN NNS TO VB RB VBN DT NN IN NNS . DT VBZ RP IN RB CD DT NN IN CD , RB JJR IN DT NN IN JJ NNS IN IN NN NN -LRB- CD IN CD -RRB- CC NNS IN NNS , NNS CC NNS -LRB- CD IN CD -RRB- . NNP VBD RP IN JJR IN $ CD CD VBZ VBN VBN RP IN DT NN NN . VBG IN NNP NNS , CD CD NNS IN VBN NNS VBD VBN IN DT NNP IN CD IN CD , CC CD VBN NNS VBD VBN . DT VBZ RP IN CD VBN NNS IN DT CD NNS . RB , NNP VBD DT NN NN MD VB TO VB , CC PRP VBZ PRP IN NN IN DT NN IN JJ NNS . `` NN , NN VBZ NN WP VBD JJ , VBD VBN CC VBD RB JJ RB , '' PRP VBD , `` CC DT VBZ DT NN DT NN VBZ RB VBG TO VB RB RB RB WDT NN IN NNS CC RB NN WDT NN IN NN VBZ VBN . '' NNP NNP , NN IN DT NNP NNP IN NNP , VBZ IN DT NNP POS JJ NNS , VBG PRP `` DT NN NN . '' NN IN WP VBZ JJ NNS JJ , PRP VBD , VBZ IN PRP MD VB TO VB JJ NN . `` RB , PRP VBP NNS IN NNS WDT VBP RB JJ , CC RB JJ NNS , PRP VBP NNS WDT VBP RB JJ , '' NNP VBD . `` RB PRP VBZ RB JJ IN NN WP VBZ RB VB DT NN IN NN NN CC IN JJ NN TO VB . '' NN IN NN : NN NN : WRB NNP NNP VBD NN CD : RB VBD DT `` JJ NNS '' IN NN NN IN JJ NN NNS , NNP VBD NNS VBP RB CD NN JJ CC JJ . PRP VBP IN JJ NNS , PRP VBD , WDT VBP VBN IN VBG DT NNS IN NNS WRB DT NN MD VB VBN RB , JJ IN DT JJ NN . RB , NN RB VBZ DT NN . IN DT NNS NN NN VBD VBN IN CD , CD CD IN CD CD NNPS VBD DT NN DT NN , CC RB CD IN CD VBD . DT NNP NN VBD DT NN POS NN IN CD NN , CC NNS VBD VBN VBN IN CD . NN VBZ RB DT NN IN JJ NNS IN DT NN , VBG CD IN CD , RB NNS IN CD , DT NNP NNP NNP VBD . DT NN VBZ VBN IN NNS IN DT NN , NN CC NN IN DT VBN NN , CC DT NN MD VB IN DT NN CC NNS IN IN IN CD NNS , VBG IN CD NN IN NNS WP VBP RB JJ CC VBP VBN IN NN IN NNS . NNS VBP VBN DT JJ NN , VBG RB CD CD NNS IN CD IN CD , VBG IN DT NNP , WDT VBD IN DT NN IN NN NN NNS IN CD NN IN CD NN IN DT NN . DT VBZ WRB JJ NNS VBP RB JJ IN DT NN IN DT NN NN , IN DT JJ NN NNS . `` JJ NNS MD VB IN DT NN , DT NN , DT NN DT NN VBZ IN NN IN , '' NNP VBD . `` RB , IN PRP VBD TO VB DT NN IN DT JJ NN , PRP MD VB VBG DT NN CC VB VBG DT NN , CC PRP MD RB VB RB IN PRP MD VB IN NN IN DT NN . '' NNP VBD PRP VBZ DT JJ NN IN DT NN : NN NN VBZ RB VBN IN DT JJ NN : VBZ DT JJ NN IN WP NNS VBP VBN VBG NNS . EX VBP VBN DT VBN NNS IN NNS IN NNP DT NN , PRP VBD , RB NN VBZ RB VBN TO VB DT NN POS JJ CC JJ NNS . VBG DT JJ NN , NNP , NNP CC PRP$ NNS VBD NN IN PRP VBZ RB RB VBN NNS VBG IN DT NN WP VBP DT NN CC RB DT VBG NNS IN JJ NNS WP VBD VB DT NN IN NN NN VBN . WP MD VB IN NNS VBD TO VB NNS JJ RB IN JJ . `` PRP VBP DT NN IN WDT VBZ VBN PRP RB IN DT NN IN NNS , '' NNP VBD . `` IN PRP VBP NNS TO VB IN DT NN VBN IN NN NN CC PRP VBP PRP TO VB TO JJ JJ NNS IN NN , RB IN DT NN IN DT NN RB VBZ NN IN JJ NNS , DT NN MD VB RB CC VB RP IN DT NN . ''"
416,61,mainstream,"VBG JJ NNS VBZ JJ , CC DT NN IN VBG DT `` NN NN '' CC VBG PRP$ JJ NNS . IN CD , DT JJ NN IN NN NN VBD IN DT NNP . RB CD NNS VBD VBN RP IN DT RB JJ NN , WDT VBZ VBN IN JJ NN HYPH VBN IN DT NNS IN DT JJ `` NN '' , CC MD VB JJ NNS CC NN . JJ NNS VBP RB JJ , CC , IN DT CD NNS IN CD IN CD , DT NN IN CD NNS VBD IN DT NN IN CD NNS JJ . NNS JJR VBD VBN IN NN . DT JJ NN VBD IN JJR IN DT NN IN WDT DT NN IN NNS VBD VBN IN DT NNS . PRP VBD , IN JJ NN , DT JJ NN IN VBG DT NN TO VB PRP RB HYPH IN HYPH VB HYPH VBN NN . IN IN NN NN -LRB- VBN IN DT JJ NN NN -RRB- VBZ DT NN HYPH JJ NN , DT NN VBZ RB VB IN DT RBS IN NN HYPH NNS IN CD NNS . PRP$ VBG NN NNS VBP JJ TO VB DT JJ NN WDT NN IN DT JJR NN MD VB . DT VBZ NN POS NN . CC EX VBZ DT NN IN VBG PRP . RB IN VBG DT NN , VB DT NN . DT NNS PRP VBZ IN DT NN VBP RB VBN IN DT NN IN DT NN , WP VBZ VBN IN NN . IN DT JJ NNS CC JJ NNS , IN IN CD NNS IN NN VBD VBN DT NN IN DT NNP . DT NNS VBD IN DT NN IN DT NN IN DT NN IN CD VBD PRP , RB , IN NN NN , WDT VBD IN DT NN IN NN NNS . NNS RBR , DT NN IN DT NNP NN , WDT VBD RB VBN IN NN IN DT JJ NNS , VBD DT JJ NN . TO VB NN IN NNS IN PRP$ NNS , DT JJ NNS IN DT NNP VBP VBN VBN DT NN NN IN DT JJ NN IN NN IN CD , CC JJ VBP IN IN VBN NNS IN PRP$ NN . NN , PRP VBZ VBN IN NNS IN NN , NN CC NN HYPH NNS WDT VBP VBN RB VBN IN DT NNP CC MD VB DT NN . DT VBN NN , VBN NNP NNP , VBD DT NN RP NN IN NNP IN CD NN IN CD . DT JJ NN IN JJ NN VBZ VBN RBR RB RB IN DT NN . IN CD , EX VBD DT VBN CD CD NNS IN NN RB CC CD NNS . IN DT NNS WRB JJ NN NNS VBP VBN VBN , NNS VBP VBN RB . NN NN VBZ RB VBN IN NNS IN NN TO VB PRP , PRP$ JJ NN CC DT NN IN PRP$ JJ JJ NNS . DT NN POS JJ NN VBZ VBN RB IN NN , TO VB PRP$ NN VBG DT NN . CC DT VBZ PRP RBR JJ IN NNS JJ IN NN . NN IN DT NN IN NN RB VBZ NN IN PRP$ NN CC VBZ VBN VBN TO VB NNS IN NN IN NNS IN CD NN . JJ NN IN NN VBD VBN RB RB RB IN CD IN DT NNP CC IN CD IN DT NNP NNP NNP -LRB- NNP -RRB- . IN NNP , PRP VBD RB VBN IN JJ NNS IN DT NN NN NN IN CD . CC VB HYPH RP NNS IN DT NN VBP JJ , IN CD NN IN NNP IN CD . DT JJS JJ NN NN NN , IN DT JJ NN , VBZ IN NN , DT JJ NN VBN IN NN NNS VBN IN DT NN IN DT NN VBG IN DT NN . JJR IN CD CD NNS VBD DT NN IN NN IN DT NNS , RB CD HYPH NNS IN PRP NNS IN DT JJ NN IN NN . NN , DT NN IN JJ NNS VBZ VBN VBN IN RB CD NN CC JJ CC JJ NN VBZ VBN VBN IN DT IN CD NNS . IN DT NN VBG DT NNS , VBN IN DT NNP NNP NNP NNPS CC VBN IN DT NN NN VBN IN DT NNP NNP NNP IN NNP -LRB- NNP -RRB- IN NNP , NNP NNP , IN DT NNP IN NNP NNP NNP , CC PRP , RB IN NNS , VBP IN NNS TO VB DT JJ NNS VBN IN JJ NN CC TO VB NNS IN VBG PRP$ NN . NNS IN NNS CC NNS RB VBP DT NN IN JJ NNS , CC DT NN IN JJ NNS VBP IN DT NN WDT MD VB VBN IN JJ NNS . CD NN VBN IN DT NNP DT NN VBD IN IN CD NN NN -LRB- NNP IN NNP , NNP -RRB- CD NN IN JJ NNS VBD VBN IN NN CC CD NN IN NN , NN CC NN , RB JJR IN DT NNS IN DT NNP -LRB- CD CC CD NN -RRB- . NN NN CC NN NN VBD DT JJ NNS , VBG IN DT NNS . NNS MD VB DT VBP RB VBN CC JJ NNS VBN TO VB NN IN PRP CC PRP$ JJ NNS . DT NN IN NN IN NN VBZ DT NN WDT MD VB VBN RB CC RB . NNP NNP VBZ DT NN , NN IN DT NNP IN NNP NNP NNP , CC JJ NN IN DT NNP NNP NNP IN NNP , DT NN IN DT NNP NNP . PRP VBD DT NNP NN NN CD SYM CD ."
417,804,conspiracy,"NNP NNP VBD VB $ CD CD IN WDT NNS IN NNP NN NN NNP , IN IN JJ NNP NNP NNP NNP , VBD RP TO VB VB NNS JJ NNP NNP NNP NNP VBZ VBG JJ JJ NN IN DT NN NN IN VBG VB $ CD CD IN DT JJ NNP HYPH VBN NNP NNP NNP -LRB- NNP -RRB- , NNS IN NNP VBD PRP$ NN . IN NNP VBG VBN IN VBG RP IN NNP IN DT NN IN DT NN CC VBG DT JJ NN IN NN , NNP NNP VBD DT NNP JJ NN MD VB DT NN . NNP , IN IN JJ JJ NN , NNP NNP , VBD RB TO VB VB NNS IN NNP NNP , DT JJ NN WDT VBD DT `` NNP IN NNP '' JJ NN JJ NN . `` VBG CD NNP : RB IN NNP , DT JJ JJ NN NN , NNP NNP RB IN NNP NNP , VBD $ CD CD IN NNS IN NN IN NN IN NN NN NNS IN DT NN IN DT NN HYPH CD NN . '' DT NN HYPH VBG $ CD CD VBD VBN TO VB IN DT NNP HYPH CD NNP NNP NNP IN NNP , IN $ CD CD VBN IN `` JJ CC JJ NNS . '' `` NN NNS , JJ NNS , CC NNS VBD PRP$ NN IN DT NNP HYPH CD NNP NNP NNP IN NNP , VBN IN DT NNP NNP , IN DT CD NNP : RB IN NNP JJ NN NN . NNS IN DT NN MD RB VB DT NN NN NN NNP IN NNP NNP NNPS -LRB- NNP -RRB- CC NNP , '' DT NN VBD . `` DT RB IN NN NN MD RB VB RB CD JJ JJ CC JJ NNS WDT MD RB VB NNS , VBG NN , NNP NN , NNP NN , NNP NNP , CC NNP NNP , IN NNS . `` NNS , NNS , CC NN NNS VBD RB TO VB RB IN JJ NNS , IN VBG NN NN NNS CC VBG IN NN NN . '' RB VBZ DT NN VBG NNP NNP CC NNP NNP : `` PRP VBP VBN DT JJ NN IN VBG TO VB PRP CC PRP$ NNS . PRP$ NNS , PRP$ NNS , CC PRP$ NNS , '' NNP VBD . `` DT VBG NNS MD RB VB JJ , CC DT JJ NN IN PRP VBZ JJ . `` PRP MD VB TO VB RB IN CD DT , CC PRP MD VB IN DT NN RB . VBP PRP . '' `` DT NN CC NN IN DT JJ NNS VBZ RBS JJ IN NNS IN NN , CC IN DT NN IN JJ NN , PRP VBP RB VBN JJR , '' NNP VBD . `` RB RB IN PRP$ JJ NN , CC NN PRP VBP IN DT NNS IN DT NN . '' RB , CD NNS IN NNP NNP VBP VBG DT NNP NNP NNP -LRB- NNP -RRB- IN `` JJ '' NNS IN PRP$ NN IN DT NN NN . PRP VBP DT NNP IN RB VBG RB RB TO VB DT NN , CC RB VBG RP IN NNP NNP . RB , NNP NNS RB VBD DT JJ NN IN NNP . DT JJ JJ NN , TO VB DT JJ NN IN NNS IN NNS IN DT NN NN , VBZ NNS IN DT VBG NNP NNP IN NNP -LRB- NNP -RRB- IN NN CC DT VBN NN HYPH NN IN NNP HYPH CD . DT NN HYPH NN NN VBD VBN IN NNP CC VBD NNS IN NNS IN CD NNS , VBG NNP CC DT NNP . IN NNP NNP VBD RBR DT NN , DT NN VBN IN NNP VBD DT NNP RB VBD DT NN IN NNP IN DT NN NN IN NNP CC VBD TO VB PRP , DT JJ NN VBZ NNP VBD PRP$ NNS IN NNP HYPH CD , CC PRP VBD VBN JJ NN TO VB DT NN . NNP NNP POS NN TO VB VB NN IN DT JJ NN NN , WDT VBD IN DT JJ NNPS CC VB DT JJ NN IN NN , RB DT NN IN VBG NNP . RB , PRP RB VBZ WDT NN IN DT NN PRP VBZ IN . -LRB- JJ -RRB- NNP HYPH VBN NNP NNP NNPS NNP NNPS , VBG NNP POS NN NN IN NN"
418,198,mainstream,"DT NN NN VBZ IN DT NN IN NNS IN NNS CC NN NN IN JJR NNS VBP VBG NNS IN DT NN HYPH CD NN : DT NN CC NNP NNP NNP VBP JJ NN VBZ VBG DT NN . NNP NNP , DT JJ JJ NN IN NN IN NNP NNP POS NN IN NN NNS , VBD NNP NNP CD NN IN DT NN IN NNS TO VB RB VBZ IN PRP MD VB DT IN VBG VBN . `` PRP VBZ VBG IN DT NNS , WRB RB NN VBZ RB VBN VBN CC VBN IN IN VBG TO VB RB IN NNS CC IN DT NN NN -LRB- IN DT NN -RRB- , CC RB DT IN DT NN VBZ RB RB VBN VBN CC VBN , '' PRP VBD . `` PRP VBP VBN NN , CC PRP VBP RB VBN NNS CC NN NN IN PRP RB VBP TO VB NNS VBP VBG PRP$ JJ NN , CC IN PRP$ NN NNS VBP PRP$ NN , CC RB IN PRP$ NN NNS TO VB PRP VBP VBN RB . '' NNP VBD VBG DT NN POS NN NN MD VB PRP VBN IN NNS . NNP NNP , DT NNP NNP IN NNP NN , VBD NNP NNP PRP VBP RB VBN DT NN IN DT NNS . `` NNP HYPH CD NNS IN NN -LRB- FW VBN NN , JJ NN CC JJ NNS RB -RRB- RB MD VB DT NN IN JJS NN JJ NNS , '' PRP VBD . `` IN VBG NNS VBP VBN CC JJR NNS VBP VBG RB , PRP MD VB JJ IN NNS CC NNS , NNS TO VB IN NNS VBP IN HYPH IN HYPH NN IN IN PRP VBP RB VB NNS IN NN HYPH JJ NN NN CC NNS . '' NNP VBD NNS MD RB VB PRP$ NNS CC IN NN NNS VBP RB VBN TO VB IN NN HYPH CD NNS VBP . NNP NNP NNP , NNP POS NN JJ NN IN NN , VBD NNP NNP DT NN CC NN IN NNS IN DT NN VBZ RB JJR IN IN NNP HYPH CD CC VBD IN DT JJ NNS VBP VBN NNS IN VBG JJ NNS . `` IN NNP CC NNP , PRP VBP RB VBN DT NNS IN DT JJ NN NN HYPH JJ NNS VBG NNS , NNS , NN , '' PRP VBD . `` PRP VBP JJ IN DT NN . PRP VBP NN NN IN NN : PRP VBP RB VB IN NN TO VB DT NN WRB PRP VBP NN CC VBN NNS IN JJ NNS . ''"
419,79,mainstream,"CD NNP NN NNS CC CD NNP NNP NNS IN NNP POS NN VBP RB VBN JJ IN DT JJ NN NN IN DT NN IN NNP NNP POS NN NN IN NNP IN NNP , NNP . NNP NNP NNP POS NN NN VBZ NNPS IN CD JJR NN NNS VBP VBN JJ IN NNP HYPH CD IN DT NN IN NNP POS NN IN NNP , NNP , VBG DT NN IN CD . NNP RB VBD DT NN , IN NNP RB VBD IN CD NNP NNP NNS VBG IN NNP IN NNP IN NNP RB VBD JJ IN DT NN . `` IN DT NN IN NN IN NN NN IN NNP , CD JJ NNS IN DT JJ NN VBD JJ IN DT NN , '' NN NNP NNP VBD IN DT NN IN NNP . `` DT NN NNS VBD DT NN CC VBD VBG NNS IN DT JJ NN . IN DT JJ NNS , DT NN RB VBD VBN NN CC NN NN NNS . '' DT NNP NN VBD RB VB IN DT JJ NN VBG IN IN NN PRP VBD DT JJ NN TO VB IN IN NNP POS NN , WDT VBD DT JJ JJ NN HYPH VBN NN TO VB NN IN DT NNP IN DT NN VBD IN JJ NN NNS IN NNP . DT NN VBD DT VBN HYPH RP NN IN IN JJS CD IN DT NNP IN NNP NNP IN DT NN , CC DT NN VBD JJR IN NN JJ IN DT NN NNP VBD NNP NN . NNP VBD IN RB CD VBD DT NN . RB , DT NNP NNP NNP VBD DT NNP CC JJ NNS IN DT NN IN JJR IN CD VBD RP IN NNP POS NN . NN IN NNP VBG IN DT NNP NNP : IN NNP NN IN NN CC PRP$ NN VBD : RB VBD JJ RB , IN NNS VBD NN IN DT NN POS JJ NN NN IN CD JJ NNS . IN DT NN IN IN JJS CD NNS VBP VBN IN IN NNP IN DT NN HYPH CD JJ NN , VBN IN DT JJ NN , DT NNP NN VBD IN NNP POS NN TO VB RB . DT NNP NN VBG DT JJS VBN NN HYPH CD NNS VBZ JJR IN CD CD NNS IN DT NNP VBP VBN DT NN . CD IN PRP DT NN IN DT NNP NN RB . NNP VBD NNP IN DT CD NN NNS WP VBD JJ RB IN NNP POS NN VBD RB VB DT NN . NNS WP VBD RP IN DT NN VBD RB VBN TO VB NNS CC JJ NN , VBG IN DT NN . `` DT NN HYPH JJ NNS CC NN IN JJ NN MD VB IN NN POS NN CC IN NNS CC VBN NNS , '' PRP VBD DT NN IN NNP . DT NNP NN VBD NNS IN DT NN TO VB DT NN RB IN NN , VBG TO RB JJ DT NN IN PRP VBD DT NN IN NNP POS NN . NN NNS VBD VB PRP$ NNS VBN IN VBG DT NN , CC DT NN VBD PRP VBD TO VB RP NNS CC NN NN . NNS IN DT NN VBD JJ VBD RB VB NNS . IN NN IN DT NN NN RB VBZ , NNP VBZ VBN IN VBG DT RBS JJ NNS IN PRP$ NN . DT IN DT NN IN DT NN MD VB VBN IN NN . IN DT JJS IN NNP SYM CD , NNS VBP VBN TO VB JJ NNS IN NNP , NNP , CC JJ JJ NN NNS . NNP VBZ VBN IN NNP TO VB NN IN DT NNP HYPH CD NN NN , DT NNP NN TO VB NN IN NN NNS IN NNS IN NN , RB RB IN NNS VBG NNS . IN JJR NN CC TO VB , VB RB ."
420,216,mainstream,"IN NNS , NNS VBP VBN NNS IN JJ VBN NNS VBN IN JJ NNS IN NN , NN , CC NNS , WDT RB VBD JJ NNS . PRP VBD JJ IN DT CD JJ NNS , NN CC NN , TO VB NNS . NNS CC JJ NNS VBD VBN TO VB , CC NNS VBD VBN TO VB . NN VBZ RB RB VBN DT NN TO VB DT NN IN DT NNS RB . RB , RB WRB NNS VBP RP , PRP VBP VBG IN NNS . NNS IN NN NNS IN DT NN IN DT JJ HYPH JJ NN IN NN CC JJ NNS VBN IN DT JJ NN IN DT CD NN CC DT NN IN JJ HYPH NN NN NN WDT MD VB JJ NNS IN NN NN IN DT JJ NN IN DT JJ , VBN NN TO RB VB DT NN VBN IN NN NN CC NN NN . DT NN RB , IN DT JJ NN , PRP VBD RB CD NNS IN DT NN TO VB VBN JJ . DT NN VBD VBN IN NN NN IN DT NN IN NNS CC NNS . RB , DT NNP NN VBD VBN IN CD NNS , CC NNP NN VBD VBN IN JJR IN CD NNS . RB , IN NN HYPH CD DT NN MD VB JJ IN DT JJ NN IN RB CD NNS RBR IN IN JJ NN , RB IN NN . IN DT NN , EX MD VB DT JJ JJ NNS VBN . RB CD NN NNS IN NNP HYPH CD NN VBP IN JJ NNS IN NN . IN JJS CD IN PRP VBP IN NN CD JJ NNS . NNP , NNP CC DT NNP VBP VBG CD NNS DT , CC CD NN IN DT NNP VBZ RB IN JJ NNS . NNP VBZ VBG IN NN CD JJ NNS , IN JJS IN CD NN . DT NN VBG VBN IN NNP NNP CC VBN IN DT NNP NNP NNPS IN NNP -LRB- NNP -RRB- MD VB DT JJ NN . DT NN VBG VBN IN NNP NNP IN DT NNP IN NNP VBZ RB VBG TO VB IN JJS CD CD NNS IN NN JJ IN NNP CD . IN NNP , DT JJ NNP NN -LRB- NNP -RRB- NN , VBN RB TO VB NN , VBZ VBG VBN IN DT NN TO VB RB JJ NN HYPH CD NNS IN JJ NNS . PRP VBZ JJ IN JJS IN DT JJ NNS MD VB IN VB NN HYPH CD IN DT JJ NN IN JJ CD . DT NNS , RB , RB VBP TO VB NN CC NN IN NN HYPH CD . JJ NN VBZ IN DT NNP NNP -LRB- NNP -RRB- NN -LRB- RB VBN IN NN NN -RRB- MD VB DT JJ NNS IN DT NN NN . RB , CC DT NNS VBP VBN RB VBN , CC VBD VBN IN JJ NNS . EX VBZ RB JJ NN IN DT NNP NN MD VB NN IN DT NN HYPH CD NN NN . JJ NNS VBG DT NN VBP JJ . WP VBZ RB VBN NNP NN TO VB NN HYPH CD IN PRP VBZ NN IN JJ NN . TO VB JJ JJ NNS , PRP VBZ JJ TO VB DT NN IN DT NN : PRP$ JJ NN , DT NN PRP VBZ NN -LRB- NN -RRB- , DT NN PRP VBZ NNS , CC DT NN PRP VBZ CC , RBR RB , DT NN PRP VBZ IN DT NN . DT JJ NN VBZ IN VBG DT JJ JJ NNS VBN IN DT JJ NN IN NN IN DT NN MD VB NNS IN NN NN CC RB VB JJ NNS . DT NN IN NNS , IN JJ , IN DT NNS VBZ IN DT NN IN DT JJ NN NNS IN JJ NNS . DT NN IN NN IN DT NN HYPH VBN NNS IN DT JJ NNS VBZ IN DT JJ NN CC JJ NN . IN DT NNP HYPH NNP HYPH CD , DT NN VBZ VBN IN DT NNP NN NN IN NN NN NNS . NNP FW FW -LRB- CD -RRB- RB VBD IN NNP HYPH NNP HYPH CD VBZ DT NN HYPH NN NN NN HYPH VBG NN HYPH CD -LRB- NNP SYM CD -RRB- IN VBG NN NNS -LRB- RB VBN IN NNP FW FW CD -RRB- CC DT JJ NN NN NN HYPH CD IN NN IN DT NN NN . IN VBN , DT RB VBN NN HYPH CD NN NN NN MD VB DT JJ NN CC MD VB DT JJ NN IN JJ NN . JJ NNS VBN IN DT NN MD VB DT JJS NN NNS . DT JJ NN , CD IN DT RB HYPH VBN NN NNS IN DT NN IN NNS , VBZ JJ IN DT NN IN NNS VBN IN DT JJ NN , IN IN DT NN HYPH IN NNS -LRB- NNP FW FW CD : NNP CD -RRB- . IN DT JJ NN , NNP FW FW -LRB- CD -RRB- VBD DT NNP HYPH NN NN NNS IN DT JJ NNP HYPH NNP HYPH CD JJ NN CC PRP$ NN IN DT AFX NN NN WDT VBD VBN IN DT JJ NN IN DT JJ NN . DT JJ NN IN DT VBN NN VBD DT NN IN DT NN IN DT JJ NN . DT NN , IN CC JJ , VBZ VBN DT RBS JJ NN TO VB DT NN . NNS VBP RB VBG IN DT NN CC NN IN NNS IN NNP HYPH NNP HYPH CD IN NNS . JJ CC JJ NNS VBP VBG VBN RP IN NNP HYPH CD , IN DT NN IN PRP VBG JJ NNS IN NN . VBN NNS CC NNS , WDT MD VB IN DT NN IN CD CC DT JJ JJ NNS IN DT NN HYPH NN HYPH CD , VBP VBG VBN TO VB DT RBS JJ NNS TO VB NN HYPH CD . NNP HYPH NNP HYPH CD MD RB VB VBN IN NNS RB VBN IN JJ NN NNS . NNS VBP RB JJ IN DT NN IN CD JJ NNS : NN CC NN -LRB- VBN TO VB NN HYPH NN -RRB- . JJ NNS IN JJ NNS NN CC NN -LRB- DT JJ VBN TO VB RBR JJ IN VBG NN HYPH CD IN NNP FW FW CD -RRB- VBP RB VBG VBN IN JJ NN . RB IN DT , JJ JJ JJ NNS VBP VBN VBN IN VBG NN HYPH CD , VBG VBN JJ NNS IN NN -LRB- NN IN NNP NN -RRB- , NN , NN HYPH CD , NNS : NNS IN NN : JJ JJ NNS JJ IN NN , NN , CC NN : NNS IN NNS , JJ NN NN , JJ NN -LRB- NN -RRB- NNS , FW -LRB- NNP FW FW CD NN : NNP FW FW CD CD -RRB- , DT NN CC NN IN WDT VBZ TO VB VBN IN JJ NN CC JJ NNS . NN IN JJ NN IN VBN NN NNS VBZ VBN TO VB JJ IN VBG JJ CC RB JJ NN HYPH CD NNS , IN DT JJ JJ NNS -LRB- NNP FW FW CD -RRB- . RB , JJ NN NN VBZ JJ NN IN JJ HYPH NN VBN NNS ."
421,665,conspiracy,"RB VBN IN NNP NNP IN NNP NNP NNP IN CD DT NN NNS WDT VBD DT IN CD VBP VBN IN JJ NN IN NNS JJ IN DT NN IN DT NNP NNPS CC NNP NNP NNP NNP CD . IN DT NNS , IN JJS , JJ NNS VBP , IN VBG IN JJ NN POS NN . CC DT NN NNS , RB VBN IN CD CC DT NNP NNP , VBP IN VBN NNS , VBN , CC RB VBN . JJ VBG NNS VBP DT NN IN JJ NN DT NNS . NN VBZ VBN IN JJ NNS . IN DT CD NNP NN , NNP NNP NNP , VBG NNP IN DT NNP IN NNP NNPS IN NNP NNP , VBZ PRP RB IN DT JJ NN IN DT NN NNS . PRP VBZ DT JJ CC JJ NN IN JJ NN CC VBZ TO VB IN NNP NNP NNP POS JJ JJ NN IN DT NN IN DT JJ NNP NN . NNP VBZ DT JJ NN IN DT NN IN CC NNS , DT NN WDT VBZ CC IN NN NNS JJ IN DT NNP NN , RB IN NN IN JJ NNS . NNP POS NN VBZ IN VBZ : DT JJ NN NNS VBD VBN IN DT NN IN NNS RB IN DT NNP NN WP VBP VBN IN , CC JJ IN , DT CD NNS . PRP$ NN VBD TO VB DT NNP NNP IN DT JJ NN IN NN CC IN VBG RB VB JJ NNS IN DT NNP NNPS CC VB JJ NNS . RB DT VBP JJ NNS WDT VBP JJ NN VBN RB IN DT JJ NN . NNP , IN VBG JJ NNS IN DT NN CC NN WP VBP JJ NNS IN NNS IN NNS RB VBN RP , VBZ PRP$ NN RB : `` DT NNS IN NN VBP RB JJ IN DT VBN TO VB JJ NNS . PRP VBP NN CC NN . IN DT NNS PRP MD VB JJ TO VB JJ NNS CC IN JJ NNS PRP MD VB TO VB IN PRP VBP VBG , CC RB IN DT JJ NN PRP MD VB PRP$ JJS TO VB PRP$ NN IN NN . NN , JJ NN , NN CC `` JJ NN '' MD RB VB DT NN . '' EX VBZ DT NN IN PRP$ NN , VBN RP IN JJ NN CC DT JJ NN , VBZ DT NN NN , RB IN DT CD NN NN POS NN IN CD CC DT NNP NN POS NN CC NN VBN JJ NN IN NNP NNP CC NNP NNP IN CD CC DT NN NNS . `` PRP MD VB TO VB RB JJ TO VB NN WP VBZ RB VB DT NN NN IN CD , '' PRP VBZ . `` CC IN DT NN PRP VBZ JJ TO VB NNS IN VBG DT NN NN IN DT NN . '' CC JJ NN IN DT NN VBZ NNS TO VB PRP JJ , CC NNP VBZ DT NN IN DT , IN DT NNP NN VBD NNS CC NNS IN NN WDT VBD RB VBN . PRP RB VBZ NN NNP NNP POS JJ NNS VBG DT CD NNS : RB RB VBZ NNP VB JJ VBN NNS TO VB PRP$ NN , CC PRP VBZ PRP IN DT RB JJ NN WDT VBZ DT JJ NN IN NN . IN DT NN VBD VBG VBN -LRB- IN PRP MD , CC NN VBD VBN RB -RRB- , NNP VBZ DT NN IN NN IN DT JJ NN . DT NN NN NNS VBD IN NNP CD , CD WRB DT JJ NNS VBD VBN IN NNP , NNP NNP . IN NNP CD CC NNP CD CD HYPH CD NNS VBD VBN IN VBN NN NNS CC CD VBD . IN NNP CD CC NNP CD RB RB VBN CC VBN NN NNS VBD VBN IN CD JJ NNP NNPS , NNP NNP CC NNP NNP . IN NNP CD WRB DT JJ NN , DT IN NNP NNP WP VBD CD NNS RBR , VBD VBN , DT NNP VBD IN `` DT NN IN DT NNS VBD : IN DT NNS VBD IN NN . '' CC DT NNP NNP NNP , IN NNP CD CC NNP CD , VBD NN IN DT NN IN JJ CC JJ JJ NNS CD NNS , CD NNS RB IN NN . JJ IN DT NNS VBD IN NN NNS . IN NN DT NNP VBD NN IN NNP NNP , JJ IN PRP$ NNS VBG NNP POS NNP , CC WP$ NN NNPS : NNP NNPS CC NNP POS NNP NNP , VBD RB TO VB VBN IN DT JJ JJ NNS IN NNP . IN DT NN NNP FW FW VB IN NNP MD VB DT JJ NN TO VB DT NN IN DT NNP NNPS . RB RB , IN DT NN IN NNP IN DT NN NNS VBD JJ , DT NNP NN CC DT JJ NN VBD DT NN IN NNP NNP -LRB- RB VBN IN CD -RRB- CC NNP NNP -LRB- RB VBN IN NN -RRB- VBD JJ IN DT NN NNS . IN DT NNP VBD VBG NNP IN NNP CD , VBN NNP NNP NN VBD DT NN . DT NN VBD VBN . DT NNP NNP , VBG IN DT NNP NNP NNP IN NNP NN NNS , VBD VBN DT NNP CD NN `` NNP NNP NNP VB JJ NNP NNPS . '' DT JJ JJ NN NN : IN NNP NNP POS NN , NN HYPH VBN IN NNP , VBD DT NN NNS : VBD VBN RB IN NNP . DT JJ NN NNS VBN IN NNP NNP IN NNP NNP CC NNP NNP IN PRP$ CD HYPH CD NNS CC JJ NN NN , VBN IN DT NN IN NNP CD , VBD TO VB DT NN . IN NNP CD , IN NNP VBD VBN DT NNP NNP , DT NN VBD VBG RB , CC RB IN DT CD NNP NNPS , NNP CC NNP , WP VBD VBN VBG DT NN IN NN , VBD VBN PRP$ JJ JJ NN NNS IN JJ NNS . WRB NNP NNP NNP NNP VBD DT NNP NNP NNP JJ NN NN IN NNP CD , `` NNP IN NNP , NNP IN NNPS , '' CC VBD , `` DT NN VBZ VBN VBN RB IN NN IN DT NN NNS , '' PRP MD RB VB VBN IN DT NN VBN NNP NNP , VBN CD NNS RBR IN NNP CD SYM CD , IN PRP MD VB PRP MD VB VBN IN DT NN IN NNS IN NN IN PRP$ JJ NN IN DT JJ NNS IN DT NNS VBD VBN . RB PRP VBD DT NNP NN VBD RB VB DT NNP NNP NNP IN NN . NNP , IN DT RB JJ NN IN NN , RB , VBZ PRP VB IN NNP NNP , DT JJ NN NN VBN CC VBN IN NNP NNP NNP IN NNP NNP NNPS , NNP IN NNP CC NNP NNPS IN NNP NNP NNP NNP IN JJ NNS IN DT JJ NN NNS . DT NNS VBP . NNP NNP VBD JJ NNS VBN IN DT JJ NN IN NNS IN NN . NNP NNP VBD IN DT NNS VBP RB NN HYPH VBN JJ NNS . NNP NNP VBD IN `` DT JJ JJ NN VBZ VBG NNP VBD DT NNS NNS IN DT NNP IN NNS . '' NNP NNP VBZ IN DT NNS VBP JJ NNS IN JJ NNS , RB JJ NN . NNP NNP VBZ DT JJ NN NN VB IN `` RB DT NN VBZ NN IN VBG DT NN NN , CC NNP VBZ VBN IN NNP MD VB VBN DT NN IN DT NN IN JJ NNS VBN IN NNP . '' CC UH , RB TO VB VBN , PRP VBP IN NNP NNP POS NN POS NNS VBD NNP POS NNP NNP NNP POS NN NNP NNP , RB TO VB DT NNP NNP NNP RBS HYPH VBG NN IN NNPS , VBG DT NN IN DT NNP NNP NNP : NNP NNP , JJ NNP NN CC NN IN DT NNP IN DT NNP NNP NN -LRB- PRP MD VB DT JJ NNP NNP , NNS -RRB- : CC NNP NNP , DT NN IN DT NNP IN DT NNP NNP , CC `` DT JJ NN IN DT NN IN DT CD NNS CC DT NN NNS , '' WP VBD DT NNP NN . IN DT NN POS NNS IN NNP NNP CC NNP VBD RB CC DT NNP NNP VBD VBN NN , NNP NN VBD , CC DT NN IN NNP VBD RB , DT NNP VBD PRP$ NN CC VBD DT JJ NN NN NN , RB VBG DT NN VBN NNP NNP CC RB , IN PRP VBD CC RB VBD $ CD CD IN NN , PRP VBD NNP NNP , DT NN VBG IN DT NN NN IN NNP NNP IN NNP . NNP VBZ IN NN WRB DT NN VBD RB CC VBD IN DT NN IN NN CC IN NNP VBG NN . CC , PRP VBZ , DT NNP NN VBD PRP$ NN IN VBG NN IN DT JJ NN IN DT NN NNS CC PRP$ NNS . RB , NNP VBZ WRB DT NN NN VBZ IN DT IN DT VBN CD NNS IN NNP IN PRP VBD RP DT NN IN JJ `` NN '' PRP VBD VBN TO VB , VBG NN HYPH NNS , NN IN CD . NNP NNP , DT VBN CD NN , RB VBD IN DT NNP NNP IN NNP NN VBG DT $ CD NN TO VB CC VB DT NN . PRP VBD JJ DT NN VBD CC MD VB PRP$ NN , CC WRB PRP VBD IN DT NN , '' PRP VBD WP MD VB PRP IN VBG IN PRP$ NN , VBG PRP$ NN , CC VBG DT NN IN DT JJ NN IN DT NN . '' PRP RB VBD DT NN IN NNP , NNP , VBN TO VB PRP , VBD IN NN IN DT NNP NNP NNP , VBD PRP VBD VBN IN NNP NNP , CC VBD PRP IN NNP NNP `` `` MD RB VB VBN IN DT NN POS JJS NN . '' '' NNP RB VBZ , `` CC DT VBZ DT NN IN WRB DT NN NN , VBN IN DT JJ HYPH JJ NN , VBD DT NN NN TO VB PRP IN PRP$ NN . '' IN CD JJ IN NNP NNP NNP POS -LRB- CC PRP$ JJ POS -RRB- NNS TO VB PRP JJ IN NNS IN DT NN NN CC DT NN NN IN NNP POS NN , DT NNP NN MD VB DT NN . NNP VBZ DT JJ NN IN DT JJ NN NNS VBD `` NN '' CC IN PRP$ NN VBD TO VB CD IN DT NN NNS CC , RB , IN NNP . PRP VBZ IN PRP VBD RB IN DT NN IN DT JJ NN IN NNP NN IN DT JJ NN NN IN NNP VBD RB VBN TO `` VB DT NN . '' PRP VBZ IN IN DT NNP VBD IN DT NN NNS VBD RB DT JJ NN CC DT NN VBD VBN PRP$ NN , DT NN HYPH NN NNS VBD IN NN . RB , PRP VBZ , `` VBN IN DT NN NNS VBD DT JJ NN , CC VBN IN DT VBN NNS VBD VBN IN DT NN JJ IN PRP$ NN , DT NN MD VB VBN : DT CD NNS VBD RB DT JJ NN . '' CC IN JJ MD VB , IN NNP CD , CD IN DT NNP NNP NNP , DT NNP , NN , NN HYPH NN NN VBD IN PRP$ NN IN DT JJ , JJ NN IN NNP NNP IN PRP RB VBD NNP RB IN DT NN NNS CC VBD IN NN IN NNP . DT NN IN NN VBD CC CD IN IN JJS CD NNS WRB CD JJ NNS IN DT NNP NN VBD IN JJS CD JJ NNS IN NNP POS NN IN NNS IN JJ NN CC PRP$ NNS IN NNP NNP , VBG IN DT NN VBN IN DT NNP IN NNP NNP CC DT NNP IN NNP IN NNP CC VBN IN CD . NN JJ IN DT NN IN CD CC DT NN NNS MD VB DT RB JJ NN . PRP VBZ VBN IN JJ NN VBN IN JJ NN , CC RB DT JJ NNS VBP JJ . IN NN PRP MD VB NNP POS JJ JJ NN WRB PRP VBZ IN DT NN IN DT VBN NN `` JJ '' IN DT NN CC NN NNS VBG NNP NNP NNP POS NN IN DT NN `` VB DT JJ '' IN DT NNP CD , CD NN IN DT NNP NNP NNP . DT JJ NN VBD DT NN `` JJ '' RB IN NNP CD WRB VBG IN DT NN NNS . CC CD IN DT JJ NN JJ NNS VBN IN NNP NNP , VBZ : `` DT NNP '' -LRB- UH -RRB- : VBG , IN NN , WRB JJ NNS MD RB VB NNP . `` EX VBZ DT NN RB , '' NNP VBZ . NNS VBP , CC DT VBN JJ NN RBR , NNS JJ IN NN CD , NN , CC JJ . `` PRP WP VBZ TO VB MD RB VB PRP$ NN IN DT JJ NN , '' NNP NNP VBD IN NNP NNP . `` DT NN IN NN VBZ RB VBN JJR IN DT NN IN NN . '' NNP VBZ VBN NN IN NN , CC RB IN VBG PRP IN JJ , VBG NNS RB MD VB PRP . DT CD NN NN NNS IN DT NNP NNPS VBD CD NNS CC VBD NNS . PRP VBD RB VBN IN JJ NNPS CC PRP$ NNS CC VBN TO VB DT NNS IN NNP CC NNP . PRP VBD RB VBN TO VB CC VB DT NN IN DT NNP NNP NNP , WDT VBD VBG VBN IN NNP RB IN DT JJ NN NN VBD JJ . IN NNP CD , CD IN DT NNS WDT VBD NN VBD DT IN DT NNP NNP , DT NN IN NNP HYPH NNP VBD VBG RP DT NNS IN DT NN IN NNP . JJ NN VBD VBN RB TO VB DT NNP NN NN CC JJ NNS RB VBD IN DT NN NNS VBD IN DT JJ NN IN DT NNP VBG DT NN CC NN NNS , RB IN NNP HYPH NNP CC NNP . DT NNP RB RB VBD IN DT NN VBD JJ IN DT NNS CC VBD RB VBG IN DT `` JJ NN . '' IN CD DT NNP VBD NNP NNP NNP IN DT NNP NNP NNP NNP IN NNP NNP IN DT `` NN NN . '' IN DT NNP VBZ VBN IN DT NNP NN , DT NN VBZ VBN VBG IN DT JJ CD NNS . RB , PRP VBZ RB VBN IN NN RB RB IN NNS WP VBD IN NNP CC IN JJ NNS RB RB IN JJ NNP NNS . CC DT VBZ DT NN : IN NNP VBD RB VB DT NN , WP VBD . DT NN VBZ NN TO VB DT VBG NNS : -LRB- NFP DT NN NNS VBD VBN RP IN DT NN IN NNS , RB IN DT `` JJ NN . '' DT NNS VBD , RB , DT NN IN DT NN : IN NN DT NN IN CD CC JJR NNS , VBN IN NN CC VBG IN DT JJ CC JJ NN . -LRB- LS DT NN WDT VBD RP DT NN VBD , IN JJ CC IN NN , IN NNS RB IN DT NNP NN NN . -LRB- CD DT NNS VBD DT JJ NNS WP VBD DT CD NNS LS DT NN NNS VBD VBN TO VB DT NN IN NN IN DT JJ NN IN NN IN NN IN NNP CC NNP JJ NN . PRP VBD RB VBN TO VB JJ NN IN CC VB IN DT NN IN NNP JJ NN , VBG DT NNP NNP IN DT JJ CC JJ JJ NN NN , DT JJ NN IN NN ."
422,1282,mainstream,"RB CD IN CD NNS IN DT NNP NNPS VBZ DT NN NN NN , VBG IN DT JJ NN NN IN DT NN POS NN IN CD . DT JJ NN VBZ VBN IN NNS VBN IN DT JJ NNP NNP NNP NNP , IN NNS IN NNS IN PRP$ NNS , CC VBZ DT JJ NN IN DT NN IN NN IN DT NNP TO VB NNS IN DT NNS CD IN CD , VBG IN DT NNS IN DT NNPS IN NNP NNP CC NNP -LRB- NNP -RRB- . IN DT JJ NN VBZ IN DT JJ NN IN DT NNP POS JJ NN : WDT VBD DT NN NN NN NN IN CD IN CD NNS : DT JJ NN VBD VBN VBG NNS IN DT JJ NNP NN , VBN DT NNP CC NNP NNPS NNP NNP , WDT VBZ NN IN NNS POS JJ NNS . DT CD HYPH NN HYPH CD NN VBD VBN IN CD , CC VBD VBN IN NNS VBN IN CD . NN IN DT NN NNS CC NN NNS WDT VBP VBG NN NNS IN NN IN DT NNP VBD IN WRB DT NNS VBP TO VB VBG . CC CD NN MD VB IN NN IN DT NN VBZ VBN IN CC NNS CC NN NN NNS , WDT VBZ RB VBN IN JJR NNS IN DT NN VBG VBN , VBD NNP NNP , DT NN IN NN IN DT NNP NNP NNP IN NNP IN NNP NNP , WP VBD RB VBN IN DT NN . IN NN , IN DT NN , DT NNS RB VBN TO VB DT NN NN NN -LRB- NNP -RRB- MD VB VBN VBN IN VBG DT `` JJ NN , '' PRP VBD . EX VBP RB VBN JJ NNS IN DT JJ NNS CC NNS VBN TO VB NN . -LRB- IN NNS : CD NNS WDT MD RB VB NN -RRB- DT NN VBZ IN DT NN IN VBG NN VBZ VBN , NNP VBD . RB , RB NNS MD RB VB VBN TO VB NNS DT NN IN `` NN , '' VBG NNS POS JJ NNS TO VB DT NN IN JJ NNS . RB , EX VBZ VBN DT NN IN NNS CC NN IN NNS WP VBP NN , RB DT MD VB VBN IN DT JJ NN HYPH NN , PRP VBD . IN DT JJ NN , RB CD NNS IN NNS NNS CD IN CD IN IN DT NNP VBD RP IN NNS IN NN HYPH IN HYPH NN NNS IN CD , CC RB CD NNS VBD VBN DT NN IN CD IN CD . DT NN IN NN IN CD -LRB- CD IN CD -RRB- VBD JJR IN DT NN NNS VBD IN CD IN CD , WDT VBD CD IN CD NNS IN NN . RB , IN CD , DT NNS VBD DT NN PRP VBD DT NNS , VBD DT JJ NN IN DT JJ NN , NNP NNP , DT NN IN DT NNP IN NNP NNP NNPS IN DT NNP NNP IN NNP NNP IN NNP , NNP . RB , JJ IN WP VBZ IN DT NN IN NN IN CD CC CD VBD RB DT NN IN DT NN DT NNS VBD DT NNS , NNP VBD . IN CD , DT NNS RB VBD NNS IN DT NN CC NN NN RB VBD PRP IN PRP$ NN VBD DT JJ NN , RB VBN IN JJ NN . DT JJ NN VBD DT NN HYPH JJ NN IN NN : NNS VBD VBN IN DT NN NN RB VBD PRP PRP$ NN VBD NN , NN POS NN , JJ JJ NN CC NN NN NN . DT JJ NN VBD IN DT NN NN VBD RB VBN NNS PRP$ NN VBD DT JJ JJ NN . WRB NNS VBD NNS IN CD IN CD , PRP VBD DT JJ JJ NN IN JJ NN , CC RB PRP$ JJ NN VBD IN JJ JJ NNS . IN DT JJ NN , NNS VBD VBN TO VB IN DT NN IN CD NNS , VBG NN , NN , CC TO VB IN DT NN NN RB VBD PRP PRP$ NN VBD CD IN DT NNS . DT NN : IN VBG NN IN DT NN RB IN VBG DT JJ NN IN PRP : MD VB VBN IN DT NN IN DT NN RB VBG VBN IN DT NN , NNP VBD . DT VBN NN VBD VBN IN CD TO RBR VB IN DT NN VBN IN JJ JJ NNS WDT VBP DT NN IN NN , CC TO VB DT JJ NNS WDT NNS MD VB VBN NN NN NNS VBP WRB VBG DT NN , NNP VBD . RB , VBG DT NN NN JJ , IN DT NN IN JJ JJ NNS , VBD IN DT CD NNS VBG DT JJR NN NN IN NN , CC DT JJR NN NN IN JJ JJ NNS . DT NN VBD TO VB IN CD IN CD , WRB DT NNS VBD DT JJ NN RB : DT NNS VBD DT JJR VBN NN IN NNS IN JJ NNS , CC DT JJR NN IN NN . NNP VBD IN WP VBZ IN DT NN IN NN POS NN IN CD VBD RB IN IN DT NN DT NNS VBD DT NNS IN DT NN , RB IN DT JJ NN IN NN NN IN DT NN . TO VB DT JJ IN DT NN IN NN IN DT CD HYPH NN NN : IN CD IN CD , IN CD IN CD : NNS MD RB VB TO VB VBG DT JJ NN IN NN NNS IN NN IN DT NN , NNP VBD . -LRB- CD JJ NNP NNS MD VB VBN -RRB- WRB NNS VBP CC VBP DT NNS PRP VBP VBN IN DT NN CC WRB RB PRP MD RB VB PRP$ NN POS NN VB DT NNS PRP VBP CC VBZ DT NNS , NNP VBD NNP NNP . DT CD NNS VBD RB DT RBR JJ NN IN DT JJ NN IN NN IN PRP VBD NNS JJ IN DT IN JJ JJ NN NNS , PRP VBD . DT CD HYPH CD NNS VBD JJR NNS IN NN IN IN DT NN NNS VBD VBG DT NNS , PRP VBD . DT JJ NN VBZ IN DT NNP MD VB TO VB DT NN IN NNS IN NN , NNP VBD . NNS IN DT JJ CD NNS VBP VBN VBG NNS IN NN NNS , CC PRP VBP RB RB VBN DT NN RP , PRP VBD ."
423,277,mainstream,"DT NNP -LRB- JJ NN -RRB- NN VBZ VBN IN NNS CC NNS JJ CD IN CD NNS JJ TO VB VB PRP IN NN HYPH JJ NNS . DT NN NN VBZ VB PRP IN NNS WDT MD VB VBN IN NN , JJ IN : SYM RB CD NN NN IN JJ NNS -LRB- IN NNS -RRB- NFP DT NNS IN DT NN CC NNS DT NN MD RB VB PRP IN DT CD NNS IN NN WDT VBP DT NN IN NNS IN JJ NNS . PRP MD RB VB PRP IN DT JJ RB VBN NNS . PRP RB MD RB VB NNS VBG JJ . DT NN NN VBZ VBN IN CD NNS . RB CD CD NNS VBP VBN DT NN RB . EX VBZ NN IN DT NN VBZ RB VBG DT JJ NN IN NN NNS IN DT NNP , NNP CC NNP . IN NN PRP VBZ VBN IN DT NN MD VB NNS IN NNS DT NN . IN PRP VBZ RB JJ IN PRP MD VB IN NN IN NN NN IN JJ NNS , PRP VBZ VBN PRP VBP DT NN IN NN CD IN CD NNS , IN NNS VBP IN NN IN DT NN VBZ JJR WRB PRP VBZ VBN IN DT JJR NN . JJ NN -LRB- NN -RRB- NN VBZ RB JJ IN RB JJ IN PDT DT NN VBN IN NN DT NN IN PRP$ NNS . PRP MD VB PRP IN JJ JJ NN IN DT NN WP RB VBZ DT NN . EX VBP RB CD NNS IN NN CC RB CD IN PRP VBP VBN TO VB NN . EX VBP RB DT NNS , RB JJ MD RB VB PRP VBP VBN . JJS IN DT NN , DT NN VBZ RB VB NN . DT VBZ IN PRP VBZ VBN RP IN DT NN POS NN NN , CC RB RB . DT NNS VBP CC VBP IN NN CC JJ NNS , DT VBZ WRB DT NN VBZ RB JJ . PRP MD VB CD NNS IN CD NNS TO VB DT JJS NN . IN DT NNS PRP VBD IN DT NN , PRP VBZ JJ PRP VBP DT NN CC VBP DT NNS IN PRP TO VB RB . IN PRP VBP CD NNS IN NN CC RB WRB PRP VBP DT JJ NN PRP MD VB TO VB CD NNS IN CD NNS . PRP$ NN NN NN MD VB IN PRP TO VB DT NN IN NN CD IN NN . PRP MD RB VB VBN DT NN IN NN CD IN PRP VBD RB VB PRP DT NN RB . DT NN MD VB PRP DT NN IN PRP$ JJ NN . IN PRP VBP IN NN , NN , NN NN CC JJ NNS , PRP MD RB VB DT NN . IN PRP VBP DT NNS IN DT , VB IN DT NN IN VBG DT NN . NNS CC NNS IN NNS CC NNS JJ IN CD MD VB PRP$ NN IN NN . PRP VBP NN IN VBG CC VBG DT NN NN IN PRP$ NN POS NN . PRP CC PRP$ NN MD VB DT NN IN JJR NN IN DT NN . PRP VBZ JJ TO VB IN IN PRP$ NN VBZ IN CD CC CD NNS IN NN , DT JJ NN TO VB DT NN VBZ RB PRP$ NN POS RB RB IN PRP CC PRP VBZ DT NNS IN VBG NN . NNS CC NNS JJ CD CC RB MD VB TO VB DT NN , IN PRP VBP IN DT JJ NN IN DT NN NN , IN PRP VBP RB VB WP VBZ VBN IN VBG NN . DT NN VBZ VBN RB , IN DT NN HYPH VBN NN , IN DT NNS CC NNS JJ CD IN CD NNS -LRB- NN NN CD -RRB- . IN PRP VBP VBN JJ IN DT NN CC VBP RB VBN PRP IN NN , PRP MD RB VB PRP JJ IN NN IN DT NN IN CD , IN PRP VBP PRP$ NN . IN PRP VBP DT NN NN IN CC IN PRP$ JJ NN , PRP VBP CD NNS TO VB RB VBN . DT VBZ IN DT NN NN VBZ JJR IN JJR NNS CC NNS . IN PRP VBP RB VBN DT NN CC VBP DT NN NN MD VB JJ , PRP MD VB DT IN PRP$ NN . PRP MD VB DT NN IN PRP . DT NN NNS IN DT NN VBP RB JJ : RB RB NN , NN CC NN IN DT NN , WDT RB VBZ RP . JJ RBR JJ NN NNS MD VB NN , NN , NN CC , CC JJ NN . DT MD VB VBN IN NN CC NN . RB , DT NNS VBP DT NN RB IN DT NN , IN DT NN . DT NN MD VB WRB TO VB DT . PRP VBZ RB DT NN RB TO VB JJR NNS IN NN CC JJ NNS . JJ JJ NNS VBP JJ CC NNS VBP VBN TO VB IN PRP . NNS VBP RB IN NN , RB IN DT JJ NNS . DT NN VBZ DT JJ NN NNS VBN IN PRP TO VB VBN IN DT NNP CC JJ JJ NNS . NNS IN NNS IN NN VBP RB VBN VBN IN DT NNP CC IN DT NN . IN IN DT NNS , NNS IN NN NNS VBP RB VBN CC VBN . NNS IN DT NNP NN NN IN CD , DT NN NN VBZ VBN VBN IN DT CD SYM CD NN JJ NNS IN NN NN CD . IN NNP CD DT NN MD RB VB VBN IN NNS IN NN NN CD . DT VBZ IN DT NN VBZ JJ IN DT NN NN VBZ VB CC NNS CC NNS IN NN HYPH JJ NNS . WRB RB DT NN NN VBZ PRP NNS VBP RB VBN IN DT NN VBZ IN NN NN IN IN JJS CD NNS , IN NNS VBP NN TO VB IN RB RBR . CC IN DT NN NN VBZ RB VB IN DT NNS IN NN WDT MD VB JJ NN , PRP VBZ JJ IN DT NNS WP VBP DT NN NN RB VBP JJ JJ NN IN PRP VBP DT NN IN CD ."
424,59,mainstream,"VB VBG NN NNS CC JJ NNS . DT NN CC NNS WDT VBP , VBD NN NNS . NN NNS VBP PRP VBD JJ NN IN DT NN IN NNS CC JJ NNS IN DT NN IN JJR IN CD NNP NNS . DT NN VBD RB VB NN NNS , WP VBD DT NN POS JJ NNS VBD DT JJR NN CC VBD VBN RP . PRP RB VBD IN DT NN POS JJ NN RB VBZ IN DT NN NN . DT NN , VBN NNP IN DT NNP NN IN NNP , VBZ CD IN DT JJS NNS TO VB IN JJR NNS IN DT NN HYPH VBG JJ NN VBD IN JJ HYPH NN NNS JJ IN NN , IN DT JJ NNS VBP . IN CD NN IN NNS VBN , JJ NNS IN NN VBD TO RB VB DT NN IN NNS . IN DT NN , DT JJ NN VBD VBN IN NN NNS CC RB NNS . DT JJ NN VBD DT NNS IN DT NN . IN DT , JJR IN CD NNS VBD VBN CC DT NN VBD VBN IN DT JJ NNS , VBG NN , VBD NN NNP NNP NNP IN DT NNPS IN NNP NNP CC NNP . JJ JJ NNS IN NNS VBG DT JJ NN RB VBD TO VB JJ NN IN DT NN . DT JJ NNS VBP JJ , NNP VBD , CC RBR JJ NNS VBP VBN IN IN HYPH NN NNS DT NNP VBZ VBG DT IN DT NN NNS . CC NNP NNP NNP , DT NN WP VBZ VBN IN DT NN IN NNS POS NNS IN NN NNS , VBD DT NNS POS JJ JJR NN IN DT NN NNS VBD JJ NNS IN NNS CC JJ NNS : CC IN DT VBN NNS VBP TO VB DT NNS . PRP VBD DT JJ NN '' VBZ JJ NN . '' NNP VBD IN DT JJ NNS VBD JJR NNS IN DT NNS , IN RB NN , CC VBD IN EX VBD VBN NN CC DT NN HYPH NN . PRP VBD DT JJ NNS VBP DT RBR JJ JJ NN . DT NN POS JJ NN , JJ NNP NN NNP NNP NNP , RB VBZ IN NN NN NNP IN NNP , CC NNP VBD IN NN MD VB VBN WRB DT NN VBD VBN . NNP , WP VBD DT NNP IN NNP CD , VBD RB VB IN DT NN NN VBG DT NN , CC NN NN NNP NNP VBD PRP VBD RB VB TO VB DT NNS . PRP VBD DT VBN NN IN WDT NNP VBD IN IN VBG DT NNP PRP VBZ VBN RB IN DT NN IN DT NN VBD VBN CC VBN IN NN . DT NNS VBD NNS IN CD NN NN NNS IN NNS VBN IN CD CC CD CC VBD IN JJ NNS . NN VBD VBN IN JJ JJ NNS , VBG NN , NN NN NNS , NN CC JJ NNS . IN DT NNS VBD VBG TO VB PRP$ NNS , JJ NN NNS VBD VBG TO RB VB NNS IN DT NN IN NN IN NN NNS . NN IN JJ NNS VBZ VBN VBN IN JJ NNS . NNS CC NNS VBD IN RB JJ NN IN NN IN IN DT VBG NN IN NNS VBN IN NN . NN NNS VBP RB VBN RP NN IN NN IN DT NN IN NN NNS VBN IN DT NNP NNPS , IN NN NNS VBP IN DT NNS . PRP VBZ RB VBN IN DT NN RB , RB IN VBG NNS , VBD NNP NNP NNP , DT NN IN DT NNP NNP IN NNP POS NNS NNS NN CC DT NN NN IN DT NNP IN NNP IN NNP . NN NN NNP NNP NNP IN NNP NNP NNP VBD DT NN VBZ IN IN EX VBZ DT NN IN JJR NNS CC JJ NNS , `` PRP MD VB RB JJ . '' `` DT JJ NN NN MD VB VBN RP IN DT JJ NN IN DT CD IN DT NNPS , '' NNP VBD . RB , PRP VBD DT NNS MD VB VBN JJ IN DT NNS VBD VBN DT JJ NN IN NN , IN NNS VBP RB RBR JJ IN NN NN IN NNS ."
425,1204,mainstream,"WRB PRP VBP DT NN `` , '' PRP MD VB IN CC DT NN IN DT NNS IN JJ NNS IN DT NN IN NNS IN NNS . IN DT NN IN DT `` JJ NN '' VBD IN NNP `` IN DT NN IN NNS , '' PRP MD VB DT NN IN NN WDT VBZ , VBG NNS . NNS MD VB DT NN IN NNP HYPH NNP HYPH CD TO VB JJR IN WRB DT NNS IN DT NN VBP . PRP VBZ RB JJ TO VB NNS IN DT NN IN DT NN IN DT NN , CC WDT NN IN NN MD VB RBS JJ . WP VBZ DT NNS IN NNS CC JJ NN , CC PRP VBP IN DT JJ NNS RB VBG DT NN IN NNP HYPH NNP HYPH CD IN PRP MD VB NNS CC JJ NN NNS VB DT NN IN DT NN IN NN . WP PRP VBP VBG VBZ IN DT NNP HYPH NNP HYPH CD NN VBZ TO VB VBG RBR RB IN DT JJ NN WDT MD VB NNS TO VB DT NN . NNS VBP IN VBG . DT VBZ , EX VBP NNS IN PRP$ JJ NN IN NN . DT NN PRP VBZ VBZ DT JJ IN DT NN IN NN . NNP VBZ DT JJ NN , CC PRP$ NN VBZ `` NN . '' PRP VBZ PRP$ NN IN NNP , WP RB VBZ `` NN . '' NNP VBZ PRP$ NN IN NNP , WP VBZ `` JJ . '' IN DT NN IN NN VBZ RP , DT NN MD VB RBR CC RBR RB IN PRP$ JJ NN . PRP MD VB IN DT JJ JJ NN IN DT NN IN NNS , CC IN NN , NNS VBP : DT NNS IN DT NN MD VB . NNS VBP VBN JJ TO VB PRP VB WRB NNS VBP IN NN . JJ IN PRP$ NN IN NN , DT NN NN IN DT NNP HYPH NN HYPH CD NN VBZ IN NN : NNS VBP RB , CC DT NNS WDT VBP IN DT VBN NN MD VB VBN IN DT NNS IN DT JJ NN . RB , RB IN PRP MD VB TO VB WRB `` NN '' VBD `` JJ , '' NNS MD VB NNS IN JJ NN TO VB TO VB DT RBS JJ JJ NN IN DT NN . WRB MD PRP VB DT IN NNS IN NNP HYPH CD . NN NN VBZ DT NN IN RB VBG DT NN IN NNS -LRB- NNP , NNP , NNP CC NN -RRB- : DT JJ NN NNS IN NNS : IN DT NN IN NN . NN NN VBZ RB VBN TO VB JJ NNS CC NNS , CC IN JJ NNS , NN VBZ VBN DT , CC IN , JJ NN MD VB RB RBR JJ IN NN VBZ . NNP VBZ DT NN JJ IN NN , CC PRP VBZ RB DT JJ NN IN DT JJ NN IN NN . RB , IN DT , NN VBZ VBN IN NNP . NNP HYPH NNP HYPH CD VBZ DT NN NN , VBG PRP$ NN NN NNS MD RB VB PRP$ NN . RB , NNS MD RB VB VB DT NN IN DT NN IN , WDT MD RB VB VBN . VBN DT NN IN JJ NN NNS , PRP MD VB PRP$ NNS IN NN NN TO VB DT NN POS NN , CC PRP MD VB DT TO VB NNS IN , `` WRB RB VBP NNS VB . '' CC `` WRB IN DT NN VBP NNS VBP . '' VBG WDT NNS VBP VBG RB MD VB JJ IN NN NN . VBG WRB NNS VBP VBN IN DT NN MD RB VB NNS IN , `` WRB JJ JJ NNS VBP IN PRP$ NN . '' DT NN IN NN MD VB JJ NN NNS VB DT NN IN DT NN . IN NNP HYPH CD , EX VBZ VBN DT IN DT NNS . VBN DT NN IN NNS IN NN NNS , NNS MD VB DT JJ NN IN DT NNS IN JJ HYPH NN CC VB DT NN TO . CD JJ NN VBZ , DT JJ HYPH NN NN WDT VBZ NNS JJ HYPH NN NNS IN DT NN IN , CC JJ JJ JJ NNS . RBS RB , PRP VBP VBN VBG DT JJ NN IN NN HYPH CD IN VBG DT RB RB IN DT VBN TO VB JJ IN DT JJ NN . RBR , PRP VBP DT JJ NN TO VB IN PRP$ NNS IN VBG DT NN NN IN JJ JJ NNS . IN DT NN IN JJ NN VBZ , NNS VBP JJR NNS TO VB JJ TO VB DT NNS . IN NNP NNP NNP , IN NN IN DT VBN IN , VBZ VBG TO VB JJ NNS , NN NNS CC NN NN TO VB DT JJ HYPH NN NN IN DT NN HYPH CD NN RBR JJ . WP VBP PRP VBN IN DT NN . VBN IN JJ NNS , PRP VBZ IN IN NNP HYPH NNP HYPH CD VBZ RB RBR RB IN DT JJ NN . RB , NNP HYPH NNP HYPH CD VBZ TO VB DT NN NN IN JJR IN CD NNS IN NN , IN DT JJ NN VBZ DT NN NN IN . VBN IN DT NNP HYPH NNP HYPH CD NN VBZ RB RB RB JJ IN DT JJ NN NN , PRP VBZ IN IN DT JJ NN VBZ RB CD NNS RB RB IN NNP HYPH NNP HYPH CD . DT NN IN DT JJ NN VBZ RB RB VBZ RB WRB PRP VBZ JJ TO VB PRP$ NNS , RB DT RB JJR NN NN IN NNP HYPH NN HYPH CD VBZ PRP NN IN DT JJ NN IN JJ JJ HYPH VBG NNS IN DT NN . -LRB- VB NNS IN NN CC DT JJS NN . VB RP IN DT NNP POS NN . -RRB- DT NN VBD RB VBN IN DT NN VBD DT NN IN NNP NNP POS ."
426,1125,mainstream,"VB VBG NN NNS CC JJ NNS . DT NN CC NNS WDT VBP , VBD NN NNS . RB VBZ DT JJ NN TO VB DT NN NN DT JJ NN : NNS WP VBD DT JJ NN DT NN NN VBD RBR JJ TO VB CC VB RP IN DT NN IN JJ NN , DT JJ NN VBZ . DT NN IN NNS VBN IN DT NN IN NN VBD IN DT WP VBD VBN VBN RB VBD JJR IN DT WP VBD RB VBN VBN IN DT JJ NN . DT NN IN NNS RB CD : WP VBP RBS JJ TO VB IN NN : VBD IN VBN NN VBD RB RB JJ IN VBG DT RBS JJ NNS IN NN . `` DT NN IN JJ CC JJ NN VBN IN NN VBD VBN RB IN NNS WP VBD VBN IN CC DT JJ CC JJ NNS , '' NNP NNP NNP CC NNP NNP NNP IN DT NNP IN NNP NNP IN NNP , NNP , VBD IN DT NNP NNP NNP NNP . `` VBN NN IN NN VBD RB JJ IN VBG JJ CC JJ NN VBN IN NN IN JJR NNS , '' PRP VBD . DT VBZ NN IN NNP NNP , DT NN CC NN IN DT NNP IN NNP NNP NNP , WP VBD RB VBN IN DT NN . `` PRP RB RB VBP VBN IN NN , DT NN , DT CD IN CD NNS IN NN , '' NNP VBD NNP NNP . JJ : JJS NNS WP VBD IN NN VBD RB VBN `` DT VBZ NN IN NN IN PRP$ NN TO VB . VBG DT NN DT NN VBZ PRP$ NN . '' CC VBN NN MD VB JJR NN , CC NNP CC DT NNS VBD . NNS VBP CC DT NN IN NNS CC NNS VBN NN HYPH NNS TO VB NNS . VBN NN MD RBR RB VB DT NN IN NN HYPH NNS . PRP VBZ DT JJ NN . DT NN IN JJ NNS VBD VBN IN VBG DT NN NN DT NN MD VB DT NNS POS NN IN VBG NN , RB IN PRP VBD JJ TO VB WRB DT MD VB . NNP VBD PRP VBD RB VB DT NN VBZ VBN NNS VBP JJ . `` PRP VBP PRP MD RB VB DT NN IN JJS NNS , '' PRP VBD . `` PRP VBD DT RB JJ NN . '' CC , PRP VBD , JJS NNS VBD VBN DT NN : IN VBG DT NN NN DT NN VBZ NN JJR IN VBG VBN RB IN DT NN . DT JJ NN VBD IN JJ NNS WP VBD DT JJ NN NN CD NNS IN DT NN VBD RBR JJ TO VB , IN RB NNS VBD DT VBD IN JJS IN DT JJ NN WDT VBZ VBN VBN . NNP NNS VBP IN RB RB NN IN DT NN IN CD NNS MD VB DT NN NN DT JJ NN . DT NN NNS VBG RB VBP CC DT NNS VBP VBN IN DT NN TO VB RP . DT NN DT NN NN VBZ RB IN DT JJ NN , IN NNS IN DT NNS RB VBG PRP$ NN NNS VBP VBG RP . RB RB , CD NNS VBP VBN IN NN . RB IN DT NN NN VBZ RB RB VB IN NN , DT NN VBZ IN PRP RB VBZ DT NN IN NNS WP VBP CC VBP RB JJ IN NN . NN VBZ IN CD IN CD NNPS DT NN , VBG IN WRB JJ DT NN NN VBZ , CC PRP VBZ CD IN CD NNS IN DT NN . IN DT NN IN NNP , DT NN VBD IN CD NNS CD CC JJR WP VBD IN DT NN IN NN . IN DT NNS , CD VBD . NNS WP VBD RB VBN VBN IN DT VBD RBR JJ TO VB JJ NN : CD NN IN PRP VBD , VBN IN CD NN IN DT WP VBD VBN VBN . CC CD NN IN DT WP VBD VBD RB VBN VBN , VBN IN CD NN WP VBD VBN VBN . DT NN VBD CD NN JJ IN VBG NN . `` NN WDT VBD RB IN DT JJ NN VBD RB VB JJ NN IN JJ NN , '' DT NNS VBD . CC VBN NN VBD . PRP VBZ JJ IN NNS WP VBP NNS DT NN VBP JJR CC RBR JJ IN JJ NNS , NNP VBD . IN NN , CD NN VBD NNS WP VBP NN NNS VBP RB RBR JJ TO VB NN NNS , PRP VBD . `` EX VBZ RB JJ NN IN VBG PRP$ NN NN , '' VBD NNP . `` PRP VBP PRP$ NN DT NN . NN IN PRP$ NN VBZ . ''"
427,29,mainstream,"NNP -LRB- FW CD -RRB- VBZ DT RBS JJ NN IN JJ JJ JJ NN VBG NNS . PRP VBZ JJ IN JJ NNS CC VBZ IN JJ NN NN IN VBN NN . DT NN VBZ IN DT JJ NN IN CD CC CD NNS , IN WDT DT NN VBZ NN , NNS , NN , NN CC NN . DT VBZ RB VBN IN NN CC NN IN CD CC DT JJ NNS . DT JJ NN MD VB RB JJ CC VBZ VBN IN NN CC NN . NNS VBP RB IN CD SYM CD NNS . IN DT JJ NN IN NNS DT NN VBZ VBN IN DT NN CC JJ NN : DT NN IN JJ NN IN DT VBN NN CC JJ JJ NN NN VBZ JJ . RB , DT NN MD VB JJ CC JJ CC VB RB JJ CC RB JJ NN . IN DT NN NNS HYPH JJ NN MD VB VBN IN DT NN RB RB IN CD NNS VBG JJ NN IN DT NN . DT NN VBZ RB JJ IN DT NN . CD NN IN NN VBZ JJ NN . DT NN IN NNS VBZ JJ . JJ NN CC NN TO VB NN NN VBZ JJ . NNS JJ IN NN , NN , NN , NN CC JJ NN VBP JJ IN NNS CC VBP RBR JJ IN NNS . DT NN IN NNS VBZ VBG RBR JJ IN , RB , NNS VBP VBG DT NNS , NNS CC NN NN IN DT JJ NN . RB , PRP VBZ JJ TO VB PRP IN NN IN DT NN WRB DT JJ JJ NN VBZ IN JJ NN NN . DT NN IN JJ JJ NNS : NNP NN CC NN , NN CD CC CD , NN CC JJ NN : MD RB VB JJ NNS CC NNS . JJ NN NN VBZ RB JJ NNS CC NNS . PRP VBZ VBN TO VB DT JJ NN WDT VBZ JJ IN NN . JJ VBG NN NN VBZ RB DT JJ NNS -LRB- NN CD -RRB- . RB , PRP VBD VBN IN JJ , JJ NNS RB VBG JJ JJ NN WRB DT NN VBD IN DT `` NN IN NN POS NN . DT VBN NN NN CC JJ NN VBD IN NN VBG DT JJ NN CC RB VBG DT JJ NN . IN JJ NN NN CC VBN JJ NN , NNS VBP RB VBN TO VB JJ CC DT JJ NN VBZ JJ . DT JJ NN VBG IN DT JJ VBG JJ NN RB VBZ DT RB JJ JJ NN IN DT JJ NN NNS . JJ NN VBZ IN DT NN IN JJ , JJ , JJ JJ NN IN DT JJ NNS . EX VBZ VBN NN , NN CC RB JJ NN . NN VBZ VBN IN VBG TO VB CC VB . DT JJ NN MD VB JJ CC RB PRP VBZ VBN IN DT JJR NN IN DT NN , RB IN DT NN VBZ TO VB IN DT NN IN NN . IN DT NN VBZ RB `` VBN '' IN VBG DT NN JJ JJ NN MD VB VBN IN DT JJ NN , DT MD VB VBN . DT VBG NN VBZ RB NN NN CC NNP NNS . NNP MD RB VB VBN IN DT JJ NN IN NN IN DT NN NN IN VBN NN IN DT NN NN MD VB IN NN . NN NN VBZ DT JJ NN IN DT NN . IN DT NN VBZ IN DT JJ NN IN NN NN , DT NN MD RB VB VBN IN NNS . DT NN MD RB VB VBG IN DT NNS IN JJ NN : IN DT NN RB JJ IN NN DT NN IN DT JJ HYPH NN NN -LRB- NN -RRB- CC DT NN HYPH JJ NN -LRB- NN -RRB- VBZ RB JJ . IN NNS JJ IN DT NNS , NNP VBZ DT JJ NN . DT NN VBZ RB VBN IN NN . DT NNS IN DT NN VBP DT IN DT VBG NN . IN DT NN VBZ JJ , VBG NN NN , DT NN MD VB VBN . RB PRP VBZ JJ TO VB DT NN IN VBG DT NN IN DT JJ HYPH NN JJ NN , CC RB PRP VBZ JJ TO VB JJ JJ NN IN JJ NN . NN MD VB VBN WRB VBG DT NN RB TO VB DT NN IN DT JJ NN . RB DT NN MD VB VBN CC DT NN VBD IN JJ NN VBG NN NNS . DT JJ NN VBZ VBN IN CD NNS . RB , VBG NN IN DT NN , DT NN VBZ RB CC DT JJ NN VBZ RB VB . JJ JJ NN VBZ RB RBR JJ IN DT JJ NN NN CC RB VBZ JJ IN JJ NN -LRB- VB RB -RRB- . RB DT JJ NN VBZ DT JJ NN IN NN VBG NN CC IN JJS NNS , VBG NN IN DT JJ NNS IN NNS , DT NN PRP MD VB VBN . DT NN VBZ VBN IN NN IN JJ NN . JJ NN MD VB VBN RB TO VB DT JJ NN IN DT JJ NN WRB VBG DT NN , DT JJ NN WRB VBG DT NN CC VBG DT NN CC DT JJ NN WRB VBG DT NN IN DT NN IN DT JJ NN . JJ NN NN VBZ DT NN WDT MD VB DT JJ NN IN DT JJ NN IN JJ JJ NN . JJ NN CC NN RB VBZ IN DT JJ JJ NN , WDT MD VB JJ NN . DT RB VBZ IN DT JJ NN IN DT NNP NN -LRB- DT NN NN VBG VBN IN PRP$ JJ NN IN DT NN CC RB IN DT NN -RRB- . VB IN JJ NN IN NN VBZ JJ NNP VBG NN IN NNS TO VB NN JJ NN IN NN VBZ IN DT JJ JJ NN CC JJ VBZ VBN VBG PRP$ NN CC NN . PRP VBZ VBN IN DT JJ NN IN RB CD JJ NN , VBN IN NN CC NN IN NN , RB RB IN JJ NNS JJ IN NN CC NN . IN DT NN IN JJ NN VBZ RB JJ , DT JJ NN MD VB VBN IN JJ NNS . DT NN IN NN CC NN VBZ IN CD SYM CD NNS CC VBZ VBN IN DT JJ NN IN DT JJ NNS IN JJ NNS . RB NNS VBP RB JJ IN DT NN VBZ DT JJ NN IN NN . DT NN VBZ RB IN CD CC CD NNS , IN PRP VBZ VBN VBN IN NNS RB JJ IN CD NNS . DT NN VBZ VBN IN DT JJ NN CC VBZ VBN IN NN , WDT VBZ DT RB JJ JJ NN RB VBN IN DT NN NN IN DT JJ NN NN -LRB- FW CD -RRB- . RB DT NNS IN NN VBP VBN VBN IN NNS CC NNS VBP IN CD SYM CD NNS IN PDT DT NN . RB , JJ NNS VBP RB JJ IN JJ NNS VBP VBN IN DT NN IN NNS CC NNS . NNS VBP TO VB RB IN NN CC DT IN DT NNS VBP RP TO VB JJ JJ NN RBR IN NN . VBG DT NN IN JJ NN , WRB DT JJ NNS VBP IN DT NN NN DT NN VBZ DT JJ NN , RB IN CD NNS . DT NNS VBP JJ CC JJ , EX VBZ DT VBN NN IN NN NN CC DT NN NN NN VBZ VBN . DT NN VBZ NN HYPH VBG CC VBZ IN CD CC CD NNS , RB IN DT NN VBZ . DT NN VBZ RB JJ IN DT JJ NN NN WDT VBZ IN JJ NNS IN CD NN , WDT VBZ RB IN DT NN VBZ VBN VBN CC VBZ IN NN . JJ NN IN NNS VBZ RB JJ IN NN NN . IN NNS DT NN NN CC JJ NN IN DT JJ NNS VBP RBR JJ . DT NN IN NN HYPH VBN NN VBZ RB JJ IN JJ NNP POS NN -LRB- VB RBR -RRB- . JJ NN , JJ NNS CC NN IN DT JJ NNS RB IN NN VBZ DT NN . RB DT NN RB VBZ NNP POS NN CC NN MD VB JJ . RB , NNS : VBG JJ , NN NN , NN HYPH NN CC NN HYPH NN : VBP JJ IN DT NN RB VBZ DT JJ NN NN . NN HYPH VBN NN VBG IN NN NN NN VBZ RB VBN VBN . DT NN IN JJ NN NN IN NN HYPH JJ NNS VBZ JJ JJ NNS VBG JJ JJ NN CC JJ JJ NN . IN NN IN NNP CC NNP DT NNS VBP DT NN IN DT JJ NN , IN JJ JJ JJ NNS -LRB- FW CD -RRB- . DT NNS VBP RB JJ CC EX VBZ DT NN IN NN NN NN . NN MD VB VBN TO VB DT NN . WRB DT JJ NN NNS VBP VBN , DT JJ JJ NNS MD VB JJ IN DT JJ NNS . RB , NNP POS NN RB VBZ DT JJ NNS : CC RB DT NN VBZ RB VBN IN DT NN IN DT JJ NN NN NN . NN NN VBZ DT JJ JJ NN IN DT JJ NN NNS IN DT NN , VBN IN JJ NNS . DT NN VBZ IN JJ JJ NN NNS IN WDT DT JJ NN IN DT NN VBZ VBN CC JJ JJ , CC DT VBG NN IN JJ NN VBZ JJ IN DT NN IN NN . DT NN VBZ RB VB DT NN IN JJ NN CC VBZ JJ , IN DT NN MD VB VBN TO VB NN . JJ NN NN VBZ DT JJ NN , WDT VBD RB VBN IN CD . PRP VBZ RB IN DT JJ NN IN DT NN NN IN DT NN IN DT NN NN IN DT NN CC DT JJ NN . PRP VBZ VBN RB IN JJ NNS . PRP VBZ DT JJ NN , WDT VBZ DT NN IN JJ NN CC VBD JJ NNS . DT NN MD VB RB JJ IN CD NNS IN NN . IN PRP RB RB VBZ DT NN DT NN VBZ RB VBN IN DT NN IN JJ NN . DT NNS VBP NN HYPH NN , CC RB VBP CD SYM CD NNS TO VB . IN PRP VBP RB JJ PRP VBZ JJ TO VB DT JJ NN NN IN DT NN TO VB , RB IN NN NNS . NNS , DT RBS JJ NN IN JJ NN JJ NN VBG NN , WDT MD VB VBN IN NN CC NN NNS IN NNS , NNS CC NNS , WDT VBP JJ"
428,1005,conspiracy,"-LRB- JJ NN -RRB- RB , DT NN NN NN VBZ IN DT NNS . DT NNP NNP JJ NN NN VBN IN NNP NNP VBZ VBN VBG IN PRP . IN NN , DT NN VBZ VBN IN DT JJ NN -LRB- NNP -RRB- IN CC DT JJ JJ NN . DT JJS NN NN VBZ IN DT JJ JJ JJ NNS IN DT NN NN IN DT NN TO VB JJ NN IN VBG DT NN NN . CC VBG NNS VBG JJ NNS , JJ NNS , CC NNS IN PRP$ NNS VBZ VBN VBN TO VB NN JJ CC JJ HYPH NN . RB IN NN NNS VBD JJ , DT NNS WDT VBP DT NN POS VBN NN VBP RB VB JJ NN . DT VBN NN NN VBZ WP NNS MD VB TO VB NN RB CC IN RB VBG PRP$ JJ CC JJ NN . CC VBG DT NN IN NN MD VB IN DT JJ NN IN NNS IN VBG DT JJ , RB JJ NN . NNP NNP VBD DT NN IN DT JJ JJ JJ CD IN DT NN NN , WP$ JJ NN VBD RB JJ , VBG NN JJ IN DT NNS JJ IN JJ NNS . NNP VBD IN JJ IN DT NNS , JJ IN DT JJ NNS , VBD JJ CC JJ . NNP VBD NN NNS IN PRP TO VB JJ TO VB NN , CC PRP VBD PRP$ NN CC NN NN NN NNS . RB RB , PRP VBD JJ . RBR RB , NN NNS VBD DT JJ NN IN JJ NNS IN DT VBN JJ NN CC JJ NN . IN DT NN IN NNP POS NN NN , JJ NN VBD RB VB NN DT JJ NN IN JJ NN . PRP VBD VB JJR NN IN NN , RB JJ NN , IN DT NN IN DT NN . DT VBD DT JJ NN . CC PRP$ NN NN , VBN IN DT NN HYPH NNP NNP NN , VBZ RB DT JJ NN IN PRP$ CC NNP NNP POS JJ NN . NNP CC PRP$ NN NN VBD IN DT NN TO VB JJ NNS WDT VBP NN . PRP VBD DT NN NN , RB VBG PRP$ NNS IN RB VBG DT NN POS JJ NN HYPH JJ NNS . DT VBZ VBN IN RB VBG IN DT JJ NN . DT JJ NN VBN IN DT WDT VBZ JJ TO VB CC VB DT NN VBZ DT RB JJ NN IN VBG RB IN DT NN . IN IN CD IN RB , EX VBZ VBN DT NN IN JJ NN IN PRP$ JJ NN . DT NN IN VBG TO VB DT JJ CC JJ NN VBZ VBN RB . JJR NNS VBP VBG PRP VBP TO VB PRP$ NNS . VBG CC VBG RBR RB CC IN DT NN VBZ CD NN IN VBG NN . NNP NNP VBD WRB NNS WDT VBD , RB VBD , RB IN NNS VBD TO VB JJR . VBG NN NN IN JJ NN IN DT `` NN NN '' WDT VBZ RP DT NN VBZ VBZ . JJ , NN NN VBN IN NN VBZ DT JJ HYPH NN NN IN VBG IN DT JJ , JJ NNS VBG PRP . NN VBN RB VBZ VBN RB VBN TO VB RB JJ NN NNS VBN IN NN . VBG NN CC NN TO VB NN CC VB NN VBZ VBN RP RBR IN DT JJ JJ NNS . JJ NN NNS VBP JJ IN JJ CC JJ NNS WDT VBP VB NN CC NN . NN MD VB VBN TO VB NN . NNP NNP RB VBD IN NN IN NNP NNP IN PRP$ NNS IN JJ NN NN NN . NNP VBD DT RB VBN NN , RB VBN IN JJ NN , IN NNP VBD NN NN CC NN IN DT VBG NNS . RB , PRP VBD RB JJ . ADD RB DT NN : NNP NNP VBZ VBN IN VBG NNS IN DT JJ NN IN NN CC NN CC VBG NNS IN DT NN IN JJR NN IN DT NNS IN NN NN . PRP MD VB PRP$ NN IN ADD DT NN NN IN JJ NN NNS VBZ RB IN NN . VB NN NN NN IN CD NN RP IN JJ NN NNS CC JJ NN NN ."
429,1184,conspiracy,"JJR IN DT NN IN DT NN DT NN VBD RP . `` VBN JJ . '' DT NN VBD , CC VBD PRP IN CD NNS IN DT JJ NN NN . NNP , WP VBD RB RB VBN PRP$ NN IN DT NN , VBD VBN CC VBN RB . CC PRP$ NN , NNP , VBD IN DT JJ NN NN , VBG RP NN DT NN WDT MD VB CD IN DT RBS JJ NNS IN NNS POS NNS IN NNP JJ NN . JJ NN DT NN VBD , NNP NNP , CC DT VBG NN IN DT JJ NN , NNP NNP , VBD JJ IN VBG VBN $ CD CD -LRB- $ CD CD -RRB- IN DT NN CC NN IN DT JJ NN NN WRB NNS JJ IN CD IN CD VBD VBN RP ."
430,478,mainstream,"DT NN NN IN NN POS NN VBZ JJ , CC RB NN TO `` VB RP , '' DT VBG JJ NN NN VBD NNP IN DT NNP NN VBD TO VB IN JJ NN NNS IN DT NN TO VB DT VBN NNP NN . NNS IN NNP NNP VBP VBN NN NNS , CC PRP VBP RB VBN TO VB JJ NN IN DT NN NN IN DT NN TO VB IN NNS , NNS CC JJ NN , IN JJ NNS VBP RB VBG TO VB . `` NN VBZ RB VB IN DT NN , '' NNP CC NNP NNPS NNP NNP NNP VBD IN NNP POS `` NN IN DT NN , '' VBG NN VBN CD NNS RBR IN NNP WRB PRP VBD DT JJ JJ HYPH JJ NN TO VB JJ NN IN NNP . `` NN CC DT NN , PRP VBP RB , '' NNP VBD NNP . IN DT NNP NN NN VBG CD , JJ NN NNS VBD DT NN POS NN NN IN JJ : RB RB RB . `` NN MD VB TO VB IN DT JJ NN , CC EX VBP JJ NNS IN PRP MD RB VB , '' VBD NNP NNP , NN IN DT NNP IN NNP NNP IN NNP NNP NNP , VBN IN NNP POS `` VB DT NNP . '' `` RB PRP VBP RB VB PRP MD VB IN PRP , '' PRP VBD , VBG DT NN DT NN `` RB IN DT JJ NN . '' JJ NN VBD VBN IN NNP NNP , DT JJ NN IN DT NNPS IN NNP NNP CC NNP . VBN IN `` NNP NNP NNP , '' PRP VBD DT NN VBD `` DT JJ RBS JJ NN PRP MD VB IN DT NN , '' CC `` PRP VBP RB VB CD RB . '' `` PRP VBP PRP MD , '' NNP VBD . `` PRP VBP PRP MD VB RB , CC PRP MD RB VB IN PRP . '' RB IN DT NN VBZ VBN , JJ NNS IN JJ NN MD VB JJ , VBD JJ NNP CC NNP NNP NN NNP NNP . `` DT NN IN NNS MD VB JJ , '' NNP VBD IN NNP POS `` VB DT NNP . '' '' DT NN IN NNS MD VB VBN . PRP VBZ RB JJ TO VB IN DT NN WRB PRP VBP VBG IN JJ , JJ NNS . '' DT NNP VBZ DT NN POS JJS VBN NN IN NN NNS , IN JJR IN CD CD VBN NNS . CC NNP VBD DT JJ NN IN NNS CC NNS VBD JJ NNS IN VBG RB IN VBG DT NN . `` PRP VBP IN DT NN TO VB JJ TO VB RB , '' NNP VBD IN NNP . PRP RB VBD RP DT NN IN VBN NNS IN VBN NNS CC NNS IN NNS WDT VBP VBN NNS , VBG DT WP VBP TO VB JJ HYPH VBG NNS IN DT NN . `` IN DT JJ NN , PRP VBP VBG TO VB NNS VBG NNS WDT VBP JJ , '' PRP VBD . `` DT VBZ NN IN DT NN WDT PRP VBP RB IN NNP . '' JJ NNP NNS VBD RB JJ NN TO VB NN IN JJ NNS CC RB VBN NNS . `` UH , PRP RB VBP DT JJ NN IN NNPS VBG DT JJ NN , '' VBD NNP NNP NNP -LRB- NNP HYPH NNP -RRB- , VBN IN NNP . CC PRP VBD JJS NNS VBD `` VBG RB JJ '' IN NNS IN NN HYPH VBG CC JJ NN . NNP RB VBD IN VBD NNS IN NN VBD RB VBN IN NNS JJ IN NNP CC NNP , WDT VBD RB TO VB , IN PRP VBD IN PRP VBD `` RB JJ NNS . '' DT NN IN NN RB MD VB DT NN IN NNS TO VB IN JJ NNS VBP RB VB NNS RB RB . NNP NNP NNP IN NNP , DT NNP WP VBZ RB VBN NNP POS VB IN DT JJ NN IN NNS , VBD PRP VBD TO VB DT NN IN PRP$ NN IN NNS VBP VBN . `` PRP RB VBP PRP VBP RB VB DT , '' PRP VBD IN NNP , VBG IN `` RB RB VBZ IN DT NN POS NN . '' NNS JJ IN NNP VBD DT NN IN DT NN IN DT NNP NN MD VB VBN IN NN IN NNS VBD , RB IN DT NN IN PRP MD RB VB VBN VBN IN DT JJ NN . `` PRP VBP NNS VBD JJ , '' PRP VBD . `` PRP RB VBP VBN DT NN IN DT NN IN DT NNP NNPS . '' PRP VBD IN DT NN VBG IN DT JJ NN , PRP VBD `` RB JJ IN NNS TO VB VBG IN WRB TO RB RB VB , CC VB PRP RB RB IN JJ . '' NNP , DT JJ NNP NN , VBD DT JJ CC JJ NN IN NNS IN JJ NNS , VBG IN RB HYPH JJ NN IN NNS MD VB JJ JJ NNS . `` PRP VBP JJ TO VB JJ NNS IN JJ NNS IN DT NN , '' PRP VBD . `` IN PRP VBP RB RB , PRP MD VB . '' NNP VBD DT NN IN NNP NNP , DT JJ NN IN NNP , VBG NN NNS IN NNS VBG DT NN NN . `` PRP VBD DT NN IN JJ NNS , '' PRP VBD NNS IN VBG IN DT NNP NNP IN NNP . `` JJ NN VBZ VBG VBN IN JJ NNS , VBG VBG RP IN DT NN IN DT JJ NN WDT VBZ VBN PRP$ NN . '' IN DT JJ NN , DT JJ NN VBD DT JJ JJ NN IN NNP NNP , DT NN NN VBN NN WP VBD NNP JJ NN IN DT NN VBD JJ NNS IN DT NNS IN DT NN . NNP NNP NN NN NNP NNP , VBG IN NNP POS `` DT NN , '' VBD NNP , WP VBD VBN IN PRP$ NN IN DT NN IN DT JJ JJ NN NN CC VBD NN IN DT JJR NN , VBD `` VBN '' DT NN IN DT NN IN `` NN . '' `` PRP MD VB VBN PRP IN DT NN , '' VBD NNP , WP VBD DT NN TO VB IN DT JJ JJ NN IN NNP VBD ."
431,514,mainstream,"NNS MD VB DT RB JJ NN , CC NNS WP VBP RB VBN VBN VBP IN NN . NN VBZ DT RB JJ JJ NN VBN IN DT JJ NN , DT NN CC RB VBG JJ . DT JJ NNS VBP JJ NN , JJ NNS , DT NN CC NN . IN DT JJ NN IN DT NN , DT NN HYPH JJ JJ CC JJ NNS , MD VB , RB VBG IN DT NN CC VBG RB . EX MD RB VB NN , NN CC JJ NN . IN DT MD VB DT JJ NN IN DT NN IN JJ , VBG PRP IN CD NNS IN DT JJ NNS , JJ NNS MD VB IN RB CD IN CD NNS . DT VBP DT JJ NN CC NN NNS , NN NNS , NN CC NN NNS . IN DT RB JJ NN IN NNS , NN IN DT NN -LRB- NN -RRB- MD VB . DT VBZ RB JJ , IN CD NN IN DT VBN VBP VBN IN NN NN . DT RBS JJ NN IN NNS , VBG IN RB CD IN CD NNS , VBZ DT RB HYPH JJ NN NN WDT VBZ RB RB VB IN DT NN IN DT JJ NN , VBG NNS CC RB NN . RB , NNS VBZ RB CD IN DT JJS NN NNS . DT NNP NNP NNP VBZ EX VBP CD NNS IN NNS DT NN . PRP VBZ VBN IN IN CD IN CD CC CD IN CD IN DT VBN MD VB . NNP VBZ DT VBN NN IN NNS , NNS CC NN , CD JJ JJ NNS IN NN . PRP VBD VBN IN DT NNP IN CD TO VB JJ NNS IN DT NN . PRP VBZ VBN IN NNS IN DT NN , IN NNS IN NNS VBN DT NN . DT JJ NNP NN VBZ VBN IN DT NNP IN DT JJ NN IN NNS IN NN IN PRP$ JJ NN NN , RB IN DT NN IN PRP$ JJ NN . PRP MD RB VB DT JJ NN IN DT NN , VBN IN DT NNP NN , IN VBG NN , RB IN DT NNS IN CD CC CD . DT JJ VBZ RB CD NN NN IN NNS , IN CD NNS VBZ CD SYM CD NN NN . WRB VBD NNS JJ IN PRP . IN CD , DT NN VBN IN DT VBN NN DT NNP VBD DT NN IN DT NN MD VB VBN IN NN CC NN NN . DT NN CC DT NN NN WDT VBD VBN JJ NNS TO VB IN VBG PRP$ NNS VBN IN DT CD HYPH IN HYPH CD NN . DT VBD TO VB PRP$ NNS VBN VBG JJ NNS IN DT NN . RB , NNS VBD IN VBG PRP$ NNS VBN IN DT NNS IN DT . NNS , NNS CC NN VBP RB JJ NNS , RB NNS . JJ NNS VBD VBN IN DT NN IN NN NNS MD VB JJ NNS IN NN . WP VBZ VBN DT JJ HYPH NN NN . TO VB IN DT NNS IN DT NN VBP VBN IN NNS , CD NN IN PRP VBP TO VB RB VBN , DT VBZ VBN IN NN NN . IN DT NN IN DT NN VBG DT NNP NN NN NNS VBD RB . IN PRP$ JJS , IN CD , CD , JJR IN CD IN CD NNS VBD VBN , CC IN DT NNS JJR IN NN IN NNS VBD DT NN . NN NNS VBP EX VBP JJR IN CD CD NNS IN NNP RB WP VBP RB VBN IN DT NN . DT JJ NNS IN NNS VBP VBN VBN RP , IN NNS IN NNS VBG . EX VBD CD VBN NNS IN NNS IN NNP CC NNP IN CD , DT JJS NN IN CD NNS . DT JJ NN IN NNP , IN WDT JJR IN CD NNS VBP VBN VBN , VBZ DT JJS JJ NN IN DT NNP IN DT NN . VBD EX DT NN TO VB VBN . UH . DT JJ NN VBZ VBN VBN TO VB RP NNS IN PRP MD VB VBN IN NN CC NN NN . DT NNP NNS VBP VBN VBN IN RB DT CD JJ NNS VBN RP IN JJ NNS IN JJ NNS , CC NN VBD DT NN IN DT TO VB EX VBD DT NN IN DT NN NN CC NN . DT NNS VBD DT CD NN IN DT NN IN DT NNP NNP NNP NNP WDT VBD DT NN NNS IN CD NNS VBN IN NN CC JJ NNS IN DT IN CD NNS WP VBD DT JJ NN . RB , CD NN IN DT NNS IN NN VBD VBN NN . CC CD NN IN DT JJ NNS VBD RB VBN VBN NNP . DT CD NN VBD IN NN NNS IN CD NNS VBN IN NNP . PRP VBD DT NN IN NN RB VBD IN DT NNP NN VBD VBN IN DT NN IN CD . CD IN DT JJS NNS IN DT , DT CD NN VBG DT NNS IN CD NNS VBN IN NNP , RB VBD DT NN IN NN CC NN . WP IN DT JJ NN . DT NNP , WDT VBD DT JJ NNP NN IN DT JJ NN , VBZ RB RB VBN PRP MD RB VB VBN PRP . NNP NNP NNP , DT NN IN DT NN , VBD RB VBN IN DT JJ NN IN DT NNP NNP NNP IN JJ JJ NN . DT NNP NN VBD IN NNP NNP VBD VBN `` RB CC RB '' IN VBG RP PRP$ NN . IN DT NNS IN WDT PRP VBD VBN JJ VBD VBG NNS $ CD IN NN NNS IN PRP$ NN POS NN NN . DT NNP NN VBD VBN IN CD . JJ IN IN DT VBN NN TO VB NNS RB VBD JJ IN CD , DT VBN NN NN IN CD . JJS NNS VBN IN CD IN DT NNP VBP RB VB VBN NNS NN CC RB VB JJ ."
432,182,mainstream,"NN VBP NNP NNP NNP -LRB- NNP -RRB- VBZ VBN VBN IN VBG NNS CC NNS IN NN IN PRP VBD IN PRP VBD VBG TO VB DT NN IN IN NN NNS MD VB `` NN NN '' . DT VBN NN IN DT NN VBD PRP VBD VBG TO VB DT NN IN DT NN IN NN NN . PRP VBD PRP VBD VBG TO VB IN DT NN WP VBD RB VBN PRP$ NNS `` IN PRP VBP JJ IN NN NNS '' , RB RB IN `` NNS WP VBP VBN RB CC RB VBP PRP$ NN VBZ NN NN IN DT NN . '' DT NNP NNP NNP -LRB- NNP -RRB- VBD PRP VBD VBN DT NN RB IN PRP$ NNS IN PDT DT JJ NN NN IN NNS IN EX DT NN IN NNS CC NN , WDT VBP VBN RB VBN IN NNS . `` EX VBZ DT NN IN NN CC NNS . IN NN VBG DT RB , VBG NNS IN NN VBP IN DT NNS : CC MD VB VBN , '' VBD NNP NNP , NN IN JJ NNS IN DT NNP . `` PRP VBD RB JJ TO VB IN DT JJ NN MD VB VBG NN IN DT NN IN NNS IN DT NN '' . NN VBZ DT JJ NN WDT VBZ WRB DT NN VBZ IN CC VBZ IN JJ NNS CC WRB PRP VBP IN DT NN IN PRP , CC VBZ RB CD NNS IN DT NNP . `` IN DT JJ NN PRP VBD RB VBN , '' VBD NNP NNP , CD , WP VBZ IN DT NN NN CC VBZ DT NN NN NNP NNP NNPS . `` IN DT JJ NN PRP VBD TO VB DT NN IN DT NN IN NN CC NN , CC DT NN IN NN VBZ NN WDT MD VB VBN . `` CC RB JJR IN DT NN DT VBZ IN JJ NN , DT NN IN JJ NNS CC RB HYPH VBN NN NNS VBZ RB JJ CC JJ . '' PRP VBD DT VBD RB JJ VBG IN NNP , WDT NN NN NN . DT NN IN DT NN NN VBZ VBN JJ IN DT NN IN JJ CC RB JJ NNS IN NNS , WDT VBZ RB JJ . NNS IN NNP WDT VBP VBG NNS IN NNS IN NNP CC NNP VBP VBN VBN IN DT NNP CC VBN NN IN JJ NNS VBG JJR IN DT CD NNS . DT NNP NNP NNP VBD PRP VBD JJ IN DT VBG NN IN NN NN NNS IN DT NNP , '' WP VBP VBN NNS IN NNS MD VB IN PRP$ NNS VBG NN HYPH JJ NN '' . `` CC EX VBZ RB DT JJ NN TO VB NN IN NNS CC DT NN IN NN CC NN , '' VBD NNP JJ NN NN NNP NNP . `` PRP VBP IN DT NN IN DT NNP NN CC PRP$ RB VBN NN IN NN IN NNS IN NN MD VB IN DT NN IN JJ NN IN NN CC NN HYPH NN NNS WDT MD VB IN NNS IN NN , '' VBG IN VBG NNS IN NN NNS MD VB RB JJ NNS IN PRP$ NNS CC VB NN NNS IN NN NN CC DT NN WDT VBP VBN RB VBN CC VBN IN NNS . DT JJ NN NN VBD VBN IN DT VBN JJ NN NNP NNP WP VBD IN DT CD NN , IN VBN IN DT NNP JJ NN , IN DT NNS , NNS CC NN -LRB- NNP -RRB- VBN NN VBD VBG NN . NNP VBD VBN RP IN NNS VBD DT NN IN JJ IN DT NNS IN PRP$ NN VBD NNS IN DT NN IN DT NN NNS , CC VBN IN DT NN VBG PRP$ NN . NNP NN NNS VBP RB RB VBG TO VB IN PRP$ JJ NNS , CC NNP VBZ VBN PRP IN NNP , VBG NNS IN DT NN CC VBG DT JJ `` NN '' NN VBG NN RB . DT NNP NN VBD : `` JJ NNP NNP VBZ JJ NNS IN DT NN IN NN NNS CC JJ NNS . IN NNP POS NN EX MD VB DT NN IN NN NNS IN NN IN JJ NNS VBG DT NN IN DT NN IN NNS VBG VBN . DT NN MD VB CC DT `` IN `` CC `` IN '' NN NN . ''"
433,989,mainstream,"EX VBZ VBG NN IN NN VBZ TO VB NNS CC JJ NNS WP VBD VBN IN NNS , IN IN DT RBR JJ NN . IN NN , CD NN IN DT NN VBZ RB VBN CC MD VB VBN IN NN IN NN . NNP VBZ VBN RB VBN IN NNS CC NNS CC VBG DT NN NN , CC VBN IN DT VBN NN NN . IN DT , DT CC CD -LRB- CD NN -RRB- VBD VBN VBN IN JJS CD NNS JJ IN DT NN . NN VBD RB JJR IN DT VBN NN NNS , CC RB JJ TO VB NN NN . IN DT NN IN DT NNS VBN IN PRP$ VBN NN NN MD VB VBN , CC MD PRP$ NN IN NN NN . CD NNS WP$ NN VBD RB VBN VBN IN DT NN IN NN VBD VBN RB RB . IN VBN NNS , DT NN NN VBD CD NN , WDT VBD RB JJR IN CD NN IN DT NN IN JJ CC NN HYPH VBN NN NNS . DT NNS MD VB JJ NNS IN NN NN NNS CC VB JJ HYPH NN NN IN RB VBN NNS . DT VBZ IN DT NNS IN DT VBD DT NN IN NNS IN NN IN VBN NNS VBN IN JJ . DT VBN NN VBD DT RB JJR NN IN JJ NN CC JJ NNS , RB RB IN JJ JJ NNS , IN DT JJ NN . PRP MD RB RB VB DT NN IN DT NN CC MD VB WRB RB NNS MD VB IN DT VBN NN ."
434,6,mainstream,"VB NN IN DT NNP IN NNP POS NN NN NN IN DT NNP NNP NN . VB IN NNP NNP POS NNP IN DT NN IN NNP CC VB IN NNP NNP NNP NNP , NNP NNP IN NNP CC NNP NNP NNPS . PRP VBD VBG IN NN NNS IN DT NNP POS CD NNP NNP NNPS WDT VBD TO VB NN NN IN JJ CC RB JJ NNS . IN NN , NNS IN NNS CC JJ HYPH NN NNS VBD TO VB RB VBG JJ IN NNS , NNS , JJ HYPH NN NNS , CC NN NNS . PRP VBD DT NN NN VBD IN PRP$ NN . DT CD NNP NNPS VBP VBN VBN CC PRP$ VBN CD CC CD CD CD JJR MD VB DT NN IN PRP$ NN VBZ VBN IN DT JJ NN CC RB . WRB DT NN IN NN NN -LRB- DT JJ NN -RRB- VBZ IN NNP , WRB NN VBZ JJ , DT NN VBZ PRP IN DT NNP CC VBZ IN DT NN IN DT NN . PRP VBD VBN IN DT NN IN DT NN JJ NNP . RB IN NNP PRP$ NNS VBD PRP IN PRP VBD RB IN DT NN IN NNP NNP NN . IN DT NN IN NNP NNS VBD VBN DT NN . TO VB DT JJ CC JJ NN VBZ IN JJS CD NNS . DT JJ NN VBD NNP CD . VBZ WRB PRP RB VBD CC WRB PRP MD VB RBR . PRP VBZ VBN IN DT NN IN NNP IN IN IN DT NN POS JJ HYPH NN NN IN DT CD RB NN MD VB VBN NN NNS . VB IN DT NNP NNP NNP NNP NNP IN NNP . CC VB IN NNP NNP NNP : RBR NN IN DT NNP NNP NNP ."
435,827,conspiracy,"NN WP VBD DT NNP NN VBD VBG TO VB VB DT NNP IN DT NN NN VBZ RB VBN JJ NN TO VB DT NN . VBG IN DT NN NN IN DT NNP NNP IN NNP , VBG DT NN IN NNP NNP . NNP NNP , DT NNP VBZ VBG IN NNP TO VB CD CD NNP NN NN NNS , IN NNS VBN TO VB IN NNP IN DT NN . VBG IN DT NN NN : VBN IN DT NNP POS NNP NNP NNP NNP -LRB- NNP -RRB- , IN NN IN DT NNP NNP IN DT NNP NNP IN NNP CC NNP , DT NN MD VB `` NNP '' TO VB DT NNP HYPH VBN , JJ HYPH NN NN NN IN VBN NNS VBG RBR DT NN IN VBG RB HYPH VBN NN HYPH NN HYPH NN -LRB- NNP -RRB- JJ NNS NN NN , JJ IN VBG NN HYPH CD WRB DT JJ CC VBN NN VBZ JJ . DT NNP NNS VBP IN DT JJ NN NN IN IN NN NN NNS MD VB DT NN NN CC NN IN DT NN VBG VBN . IN DT NNP NN : IN DT JJ NN , NN NN IN DT NNP VBN NN , NNP MD VB DT JJ . IN VBG DT NN , DT NN NN MD VB JJ TO VB DT JJ JJ NN CC `` VB '' DT VBN NN IN PRP$ NN , VBG DT NNP NN POS JJ JJ NN , NN NN CC NN , NN . DT NN RB VBZ DT NNS IN DT NN HYPH VBN NN NN . VBN NN NNS VBZ NN NNS DT VBG JJ HYPH NN '' NN NN . '' UH , PRP MD VB VBN , VBN , VBN CC VBN , RBS JJ IN PRP$ NN . VB RB VB IN DT VBZ VBG VBN IN NNP NNP POS `` NNP NNP NNP '' WDT VBZ TO VB PDT DT JJ NNS IN NN NN NN CC JJ NNS , VBG IN IN CD CD NN NN NNS IN DT NN IN NN CD . DT NN VBD VBN IN NNP , NNP NN , CD IN CD NN CC VBZ VBN IN NNP NNP PRP , NNP NNP , NNP NNP , NNP NNP . PRP MD VB DT NNS IN DT NN IN DT NN CD NN ."
436,524,mainstream,"NN NNS VBP VBN IN DT NNP DT NN , IN DT NN IN NNP NNP RB VBG PRP$ JJS NN IN NNS . IN JJ NN , JJR IN CD NNS VBP VBN VBN IN NNP NNP , DT NNP NNP NN NN IN DT JJ JJ JJ NN WRB EX VBZ VBN DT NN IN NNS . DT JJ NN IN NNP NNS VBP NNS TO VB IN IN VBG VBN IN PRP VBP IN JJ NNS CC NNS VBP TO VB NN IN DT NNS . NNS VBP VBN IN JJ JJ CC JJ NNS IN NN NNS VBP VBN IN JJR NNS IN JJ NNS . CC DT NN POS NNS VBP RB VBG JJ NN NNS IN WRB NNS VBP JJ NNS . RB VBZ WRB JJ NNS VBP : WP VBZ DT JJ NN IN DT NN , CC WDT NNP NNPS VBP PRP . JJ NNS VBP NNS TO VB PRP$ NNS IN IN VBN NN NNS IN PRP VBP IN DT NN IN JJ NNS CC IN PRP VBP DT NN POS NN HYPH NN NN . RB DT NN , CC NNP NNP , VBZ IN DT JJ NN VBG IN JJS IN NN . CD NNS VBP RB : NNP , NNP NNP , NNP CC NNP . DT NN VBZ PRP$ JJ NNS VBG NNS IN NNS WP VBP JJ NNS . IN NN IN DT JJ NN , DT CD NNS , CC NNP NNP , VBP NNS IN JJ NNS . NNS VBP DT NN WP VBZ DT NN IN NN CC DT JJ NN WRB DT NN MD VB JJ IN DT NN POS NN . CC JJR IN DT CD NNS VBP JJ NNS , RB VBN IN JJ HYPH NN NNS , WDT VBP RB VB IN DT NN POS NN TO VB RP VB RB IN PRP$ JJ NNS . RB , PRP MD VB NNS IN NN CC JJ NN . NNP , NNP NNP CC NNP , WDT VBP RB VB JJ NNS , RB VBP RB VB JJ NNS . WRB VBP JJ NNS VBN IN DT JJ NNP NNS NN . DT NNS NN IN DT NNP NNP NN IN NNP NNP VBZ RB VBN VBN IN DT JJ JJ NN , WRB EX VBZ VBN DT JJ NN IN NNS . NN NNS VBP TO VB JJ IN DT JJ , CC DT NNS VBP , IN NN IN NN IN NNS IN NN IN JJ JJ CC JJ NN . DT JJ NN HYPH NN IN NNP NNP CC NNP NNP , DT IN WDT VBP JJ NNS , MD VB VBN RB IN DT NN NNS IN NNP JJ NN . IN JJ NNS RB VBP PRP$ NNS IN PRP$ JJ JJ NNS , DT NN VBD RB RB VBN . CC PRP VBZ RB VBN RB . DT JJ JJ NNS VBP VBN VBG JJ NNS TO VB NN , IN DT NNP NNP NNP NNP POS NN , IN DT NN NN . WRB VBP NNS DT JJ NN IN DT NNS . DT NNS VBP IN NN VBZ DT JJ NN IN NN POS NN , CC PRP VBP RB VB TO VB IN NNP POS NN . NNS VBP NNS IN DT NNS MD VB JJ NN NNS , IN PRP VBP VBN NN CC JJ . JJ NN DT JJ JJ NN IN NNP VBD DT JJ NN , WDT VBD RB VBN , IN DT NNS HYPH NNS HYPH NN , CC NN , NN , VBG PRP$ NN IN NN NN . CC JJ IN DT WP VBP NN VBP IN JJ NNS , IN DT VBN TO VB NN CC NN NN . DT NNS VBP VBN IN VBG NNS IN JJ NN NN NNS , CC NN NNS WDT VBP VBN IN NNS CC VBP VBN IN CD JJ NNS IN DT NNS . DT JJ NN IN NNP , IN NN , VBZ VBN DT NN IN DT NNP NNP NNP NNP IN VBG JJ NNS IN NN CC NNS IN DT NN NN IN PRP$ NN POS JJ NN . VBP DT JJ NNS NNS VBG DT NNP NNS TO VB NNS . IN DT NN , UH . NN NNS IN NNS VBN IN NN VBP RB VBN IN DT JJ NN , VBG IN DT NNPS IN NNP NNP CC NNP -LRB- NNP -RRB- , VBG DT NNS TO VB NNS . NNP VBD JJ IN PRP$ JJ NNS IN CD . DT JJ NNS WDT VBP JJ NNS VBP VBN PRP RBR JJ TO VB , VBG NNS IN DT VBN NN IN DT JJ NN RB IN RB VBG RP DT JJ NN . NN NNS , RB NNPS , IN DT NN VBD JJR IN CD NNS IN CD IN CD WDT MD VB VBN PRP JJR TO VB NNS IN NN NNS . CC VBG IN DT NN IN DT NNP NNP IN NNP NNP VBN IN NNP , DT CD NNS VBN IN NN RB VBD DT NN TO VB . DT JJ NNS VBP RB VBN NN . DT NNP NNP IN NNP VBZ VBN DT NN IN JJ NN NNS PRP$ JJ NN DT NN , RB VBG PRP IN NN NNS IN DT NN . VBP JJ NNS VBG NN TO VB DT NN . UH . NNPS CC NNS VBD DT JJ NN NN TO VB DT NN IN NNS . DT NNP NNP CC DT NNP NNP IN NNP VBP RB VBN NNS TO VB PRP$ NNS . `` PRP VBZ RB VBN IN DT VBG RB DT JJ NN HYPH CC HYPH NN NN VBP VBN TO VB RP DT NNP CC JJ JJ NNS IN NN -LRB- JJ NN -RRB- NN IN DT NN VBZ VBN , '' PRP VBD IN NNP . RB , JJ NN CC NN NNS VBP VBN JJ NN IN NN NNS CC JJ NNS TO VB JJ NNS . IN NNP , NNP NNP NNP , DT JJ NN IN NN IN DT NNP IN NNP NNP NNP IN NNP , VBZ VBN IN DT NNS VBP IN JJ NNS , JJ IN WRB DT JJ NN VBZ CC IN DT NN IN NN NN , CC RB RB IN DT NN NN . PRP VBZ RB VBG IN DT NN POS NNP IN NNPS TO VB NNS IN NNS TO VB PRP$ NNS . `` JJ NNS NNS VBP JJ NN , '' NNP NNP VBD . `` EX VBZ DT NN TO VB IN JJ NNS IN NN NNS IN JJ CC JJ NNS . ''"
437,130,mainstream,"DT NNP NNP NNP CC NNP NNP VBZ DT NN NN IN DT NN , VBN IN JJ NN NNS CC JJ NNS IN IN DT NN . VBG PRP$ JJ NN , DT NN MD VB DT JJ NN IN DT NNS VBN TO VB DT NN IN DT NNS RB . NN CC NN MD VB TO VB DT NN IN NN NN NNS IN CD CC RB . NN NNS IN DT NNP CC DT VBG NN IN NNS RB VBP RB VBN RP NN DT NN IN JJ CC JJ NN NNS , IN DT NN IN JJ , RB JJ NN CC NN NNS VBZ VBN IN DT NN DT VBN NN IN DT NN IN DT NN POS JJ JJ CC NN NN . IN DT NN IN `` JJ NNS '' IN DT NN IN JJ HYPH NN CC NN HYPH JJ NN HYPH NNS VBG IN NN POS NNS IN DT VBG NN CC NN NN , RB , NN VBZ NN IN DT VBG NN IN NNS . NN IN DT JJ NNS CC NN HYPH JJ NN WDT VBZ VBG MD RB VB IN VBG NNS IN NNS VBN IN NN CC VBG JJ NN NNS IN DT NN ."
438,1014,mainstream,"DT `` NN NN : JJ NN -LRB- NN -RRB- NNS '' NN VBZ VBN VBN IN NNP POS NN . JJ NN NNS IN JJ NN -LRB- NNP -RRB- VBP VBN RB IN DT JJ NN . EX VBP RB CD VBN NNS IN NN : NNP , NNP , CC NNP CD . NNP CC NNP POS NNP , DT JJ NN , VBD JJ HYPH IN HYPH NN IN PRP$ NN IN CD , RB RB IN DT CD NN IN NNP POS JJ JJ NN , NNP . DT NNS VBP VBN IN DT JJ NN IN JJ JJ NN NN IN JJ NN NNS , WDT NN HYPH VBP IN NN HYPH IN NNS -LRB- NNS -RRB- . IN CD , NNP CD , DT CD HYPH NN NN JJ IN VBG IN DT JJ CD NN IN NN HYPH JJ NNS , VBN NN . IN DT NN IN DT JJ NNP NN IN CD , DT NN VBZ VBN JJ NN , IN JJ NNS VBG IN $ CD CD IN CD IN $ CD CD IN CD . DT NN VBD VBN IN DT NN IN NN NNS IN JJS JJ NNS , VBN IN DT NN IN NNS JJ CD SYM CD NNS CC NN HYPH RP NNS IN NNS JJ CD SYM CD NNS . IN DT JJ CD NNS , DT NNP NN VBZ VBN JJ NN , CC PRP VBZ JJ TO VB DT JJ NN . JJ NN NNS VBP DT NN IN NN NNS TO VB NNS JJ CD SYM CD NNS IN JJ NNS JJ IN DT NNP , NNP , CC NNP , VBG NN TO VB NN NNS IN NN NN RB , CC DT NN IN JJ NNS IN JJ NNS JJ IN NNP . RB , NNP CC NNP VBD PRP$ $ CD CD NNS NN IN CD IN DT JJ NN IN DT JJ NN . DT NN IN JJ JJ NN NN NNS VBZ VBN TO VB JJ NN IN DT NNP NN , RB RB IN IN NNP CC NNP VBZ VBN $ CD CD IN CD NN NNS TO VB JJ NN IN DT NN NN . EX VBP JJ NNS WDT MD VB NN IN DT NN NN IN DT JJ CD NNS . CD JJ NN VBZ IN NN NN VBZ RB VBG IN JJ NN . TO VB DT , NNP CC NNP RB VBD NNS TO VB CD JJ NN NNS WDT MD VB VBN IN CD . DT NNP NN VBZ RB VBN NN HYPH NN NN IN IN PRP$ JJR NN NN CC JJ NN IN NNS , CC IN JJ NN IN NNP CC DT JJ NNS IN NN NNS , PRP MD VB PRP$ NN IN DT JJ NN . NNP VBD DT JJ HYPH IN HYPH NN NN CC VBZ VBN DT JJ NN IN NNS IN DT NN IN $ CD CD IN CD , VBN IN JJ NN IN NNP IN NN NN . DT JJ NNS NN IN DT NNP NN CC NNP VBZ VBN TO VB IN $ CD CD IN CD IN $ CD CD IN CD , VBN RB IN NN IN NNP CD IN JJ CC VBG NNS , CC DT NN VBZ VBN TO VB IN NNP CD VBZ TO VB NN IN DT JJ JJ NN . NNS IN NNP VBP RB VBN IN RB $ CD CD , CC IN DT NN MD VB TO VB NN IN JJ NNS , DT NN IN VBG NNS VBZ NNS IN NNP TO VB NNS NN IN DT JJ NN . IN JJ , DT NN IN NN IN NNP CD IN VBG NNS VBZ VBN NNP IN DT JJ NN IN NN TO VB NN IN NNP IN NNP CC NNP MD VB PRP$ NN IN NNP CD TO VB VBG NN . RB , EX VBZ RB DT JJ JJ NN NN -LRB- IN NNP CD -RRB- IN DT NNP NN , VBG VBN IN NNP NNP RB IN DT NNP . DT NN VBZ VBN IN DT NN NN , WDT VBZ RBR VBN IN JJ NNS IN NN , DT NN VBZ TO VB DT NN TO VB DT JJ NN . PRP VBZ RB JJ IN DT NN MD VB NN IN DT CD HYPH NN NN NN . IN DT NN IN CD , NNP POS NN VBD NNP , DT JJ NN JJ NN VBN IN DT JJ NN NNP . DT JJ NN VBZ VBN TO VB DT JJ IN DT NN IN NNS VBN IN DT NN , VBG NNS IN DT NN CC JJ NN NNS . DT NN POS NNS IN NNP VBD IN EX VBP JJ NNS VBG NN NNS IN NNP CC NNP , CC PRP$ NNS IN DT NNP CC NNP VBP JJ . EX VBP DT NN NNS IN DT NNP IN NNP , RB , EX VBZ DT JJ NN NN VBG VBN IN NNP IN NNP NNP . NNP NNP VBZ VBG DT NN NN WDT PRP VBZ MD VB JJ VBN IN DT JJR NN IN DT NN NN NN IN NN NNS . DT NN VBZ DT NN MD VB JJR NN , MD RB VB NNS , CC MD VB DT JJ NN NN . SYM NNP CC NNP POS NNP CD VBZ NNP NNP NN VBG IN JJR NN NN SYM NN IN NNS RB VBN IN NN NNP CD : NN IN NN IN DT NNP NNS NN NNP CD : JJ CD NNS IN JJ NNS IN NN NNS CC NNS NNP CD : JJ CD NNS IN JJ NNS IN NN NNS CC NNS IN JJR NN IN DT NN VB ADD"
439,1314,mainstream,"NNP CD , CD , EX VBZ JJ NN IN DT NN NN VBG VBN IN NNP NNP IN NNP . NNS VBP IN DT NN VBD NN IN DT NN WRB VBN IN NN NN NNS IN DT NNP NNP NNP IN NNP CC NNP NNPS POS NNP NNP NNP IN NNP , NNP , VBG IN DT NNP NNPS IN NNP CC DT NN NN VBN IN DT NN NN . CD NNS VBD DT NN CD NNS IN VBG VBN IN DT NN . CD JJ NNS VBD IN DT NN NN CC VBD RB VB DT NN , DT NN NN VBD . DT VBN NNS VBD RB VB DT NN CC VB NN NNS , DT NNP VBD IN DT NN NN . CD IN DT CD NN NNS VBD DT NN IN NN . NN NNS VBP RB VBN IN NNS IN PRP VBP RB CD NN IN PRP$ NNS IN NNS , VBG IN DT NNP NNPS NNP NNP . VBN IN DT NN , NN IN JJ NNS VBD NNP CD IN DT NNP NNP , DT NNP VBD . DT NN VBZ RB VBN NN HYPH VBN CC VBZ VBN RB TO VB JJ NNS IN DT NN TO VB DT NN HYPH CD NN . DT NNP NNS VBP VBG DT NN IN DT VBN NN IN DT JJ JJ NN VBN DT NN VBN IN NNS . DT NN VBZ VBN IN NNS TO VB NNS WDT VBP DT NN NN TO VB DT NN ."
440,416,mainstream,"DT VBN JJ JJ NN POS JJ NN IN DT VBN NN IN NN CC NN NN VBZ VBN NNP NNP NNP IN DT NN IN DT JJ NN WDT VBZ DT NN IN PRP$ JJ NN NN IN NNP NNP . NNP NNP , DT NN IN DT JJ NN CC NN IN DT NNP NN NN , VBZ VBG IN DT NN TO VB NNP : IN NNP HYPH NNP IN NNP , WDT VBZ VBN VBN IN DT JJ NNP NNP . IN DT NN IN DT NN IN NNS , NN NNS CC NNS , NNP NNP VBD PRP VBD RB JJ IN PRP TO VB RB RB VBN IN VBG DT NN . CC PRP VBD DT NN VBD `` RB JJ IN PRP CC PRP$ NN '' . DT NN IN NNP POS NN VBZ IN JJ NN IN DT NNS `` VBP PRP$ NNS JJ . '' VB IN DT NN IN VBG NN VBG IN DT NN . DT JJ NN IN DT NN , DT NN VBZ , MD VB DT NN IN DT NN IN DT NNPS IN NNP NNP CC NNP , DT NNP JJ NN NN , WP VBZ TO VB NN IN DT NN WDT `` VBD IN NNS VBD RB VBG NN '' . NNP RB VBZ VBG , IN DT NN IN DT NNP NN : `` UH , DT NNP VBD VBN DT RB EX VBD DT NNP NN NN . '' DT NNP NN VBZ `` JJ CC JJ NNS IN JJ NNS , NNS , NNS , NNS '' VBN IN DT NN TO `` VB WP VBZ IN DT VBG NN IN NN NNS NN '' . NNP VBD NN IN NNP IN CD IN DT NN NN , RBR VBN , WDT VBD DT JJ NNS , NNS CC NN NN VBD DT JJ NN IN NN CC NN NNS . NNP VBD VBN IN DT NNP JJ NN IN CD WRB DT JJ NN VBN IN DT NNP NNP NNP VBD PRP JJ IN `` NN '' CC VBD PRP VBD VBN NNS IN JJ JJ NNS PRP VBD RB VB . RB , IN NN IN PRP$ VBN NN , NNP VBZ NNP NNP NNP , DT NN IN DT JJ NN WP VBD DT `` VBN '' NN NN RB VBN IN NNS WP VBP JJ NNS IN VBG PRP$ NNS . CC DT NN IN NN MD VB JJ VBZ DT JJ NN IN NN , VBG IN JJ NNS WP VBP VBN DT NN . `` IN DT NNP NN NN VBZ TO RB VB NNP NNP , PRP MD VB RB DT JJ NN WRB DT JJ NN VBZ TO VB DT NN CC VBZ DT NN PRP VBZ VBN RB IN DT JJ NN IN NN NN CC NN , '' VBD NNP NNP NNP NNP , DT NN IN NN IN DT NNP IN NNP HYPH NNP NNP . DT NN HYPH VBG NN NN NNP NNP VBZ VBN DT JJ NN VBG NN NNS IN VBG `` DT RB JJ NN '' IN DT NN WDT '' VBZ DT NN IN RB RB DT JJ NN HYPH NNS IN PRP$ NN NN , CC DT NN IN JJ '' . NNP RB VBD DT NN NN NNS . IN NNP NNP NNP NNP , DT JJ WP VBD DT NN RP IN DT NNP NN IN DT NN NN . PRP VBZ PRP IN `` DT NN NN VBN IN NN '' . IN PRP VBZ DT NN IN NN NN MD VB JJ , NNP VBZ IN `` DT NN MD VB VBN JJ '' IN NNP TO VB IN . `` DT NN NN VBZ VBN RB VBN IN RB . RB RB , DT NNS MD VB RB IN PRP$ NN VBG VBN VBN , IN NN IN IN PRP$ JJ NN CC DT NN CC NN IN PRP$ NN NN , RB TO VB PRP$ NNS . CC RB RB NNS MD VB IN DT NN , '' PRP VBD . NNP NNP CC PRP$ NN , NNP NNP , VBD DT NN IN NNP , VBG DT NN . `` NNP CC PRP VBP DT NN IN NN CC PRP VBP PRP VBZ JJ IN DT IN DT NNS VBG DT NNS IN NN VB RB VBN CC VBN . IN DT CD NNS IN DT NNP NN NN VBD VBN , PRP VBP RB VBN IN DT NN TO VB VBN CC VBN VBN IN DT NN . `` RB DT VBZ RB JJ IN PRP CC PRP$ NN CC PRP VBP EX TO VB DT NN , WDT VBZ WRB PRP MD VB VBG NNP . PRP VBP RB RB VBG DT NN , CC VBP PRP NN , PRP VBP RB VBG DT NN IN DT NN IN DT NN . '' DT NNP NN NN VBD PRP$ NN TO VB JJ NN . `` NNP , IN VBP JJS NN NNS , VBZ IN NN CC NN . IN DT NNS PRP VBP VBN JJ NNS IN VBG NNS IN DT NN . PRP VBP DT NN , RB DT NN , '' PRP VBD IN DT NN . NNP POS NN VBZ JJ TO VB IN NNP IN CD NNP , CC VBZ TO VB VBN IN DT NN NN ."
441,848,mainstream,"WRB DT NN NN VBZ JJ IN DT NNP NNPS , DT JJ NN CC NNS MD VB DT JJ NN : MD DT CC JJS NNS VB VBN TO VB DT NN . CC MD PRP VB VBN RB IN NN NNS , IN DT JJ NN VBN , CC IN NNS IN JJ HYPH NN NN HYPH NN NNS . DT NNS MD VB JJ CC DT NNS IN DT IN PRP VBP JJ NNS MD VB DT NN RB CC VB NN IN DT NN TO VB DT NN IN DT NN . CC IN NNS IN NNP , NNS TO VB CC VB DT NN MD VB IN JJ NNS . JJ NNS VBP JJ CC JJ IN DT NN , VBN RP IN DT JJ NN . PRP VBZ CD NN NNP VBZ CD IN RB CD NNS , VBG NNP CC NNP , WDT VBP NNS TO VB JJ NNS TO VB PRP$ NNS IN NNS VBN IN NNS CC NN HYPH NN NNS . PRP VBP RP CC VBP IN DT NN . DT NNS VBP NNS IN JJ NNS , CC CD NNS CC NNP , NNP , VBP NNS IN JJ NNS . NN NNS VBP RB VBN RP NNS IN DT NNP CC NN NN TO VB NNS . RB DT NN , DT NN NN NN VBD VBG NNS WP VBP IN IN NNS IN PRP$ NNS IN JJ CC JJ NNS TO RB VB DT NN NN NN IN PRP$ JJ NN NN . PRP RB VBD IN NNS VBP IN JJ NN IN NNS VBP PRP . DT VBD TO VB . DT JJ NN VBG NNS IN DT VBZ NNP POS VBG NNS CC NNS IN NNS . IN CD SYM CD , DT JJ NN NN IN DT NNS VBD CD NN , RB IN CD NN IN CD SYM CD CC CD NN IN CD SYM CD , VBG IN DT NNP NNP NNP IN NNP . IN CD SYM CD , DT NN NN VBD CD NN . DT NN IN VBN NN NNS VBD IN CD IN CD IN CD IN CD . NNP NNP , JJ NN IN DT NNPS IN NNP CC NNP NNPS NNP , DT NN WDT VBZ WP VBZ RB VBN NN NN CC NN NN , VBD PRP VBZ EX VBZ DT JJ NN NNP MD VB DT NN HYPH CD NN IN PRP$ NN NN IN NNS , CC NN HYPH NN NNS MD VB VBN TO VB PRP . CC PRP$ NN MD VB IN DT NN POS NN TO VB . `` WP VBZ RP , NNPS VBP TO VB DT NN IN NN CC NN , '' PRP VBD , VBG NNS IN JJ NN IN DT NN HYPH CD NN MD VB NNS IN JJ NNS . NNP NNP NNP , DT NNP NNP NN WP VBD IN JJR NN NNS IN PRP$ CD NNS IN DT NNP NNP , VBD PRP VBZ DT JJ NN MD VB DT NN IN DT NNS IN IN WRB JJ CC JJ DT NN VBZ . CC PRP VBZ DT NN MD VB VBN RP IN DT NNS . `` PRP VBP DT JJ NN IN NNS MD VB PRP , CC PRP VBP NNP MD VB TO VB PRP , '' NNP VBD . NNP VBZ NNS VBG NN TO VB VBN IN CD NNS , VBG NNS , NN CC NN . NNS MD VB IN NNS IN JJ , JJ CC JJ NNS . JJ NNS VBP DT JJS NN IN NN NNS IN DT NN . NN NN NN NN NNP NNP , NNP HYPH NNP NNP , VBZ DT NN NN NN MD VB DT NN NN IN NNS TO VB NN HYPH CD IN DT JJ CC JJ NN VBZ JJ CC DT NNP MD VB PRP RB RB IN NNS MD VB IN DT JJ NNS . `` PRP VBP PRP MD VB RB VBN , '' NNP VBD . `` PRP MD VB PRP . '' CC DT JJ NN TO VB VBN MD RB VB , NNP VBD . `` EX VBZ DT NN IN DT NNP NNP VBG DT NNP POS NNP IN NNP NN , '' PRP VBD . RB RB PDT DT NNPS VBP JJ NNS VB VBN IN JJ NN IN VBG IN NN , CC CD NNS RB VBP DT NN NN NN . CC IN NNS IN NNS , JJ NNS VBP IN NN NNS IN DT NNP CC JJ JJ NN NN VBZ JJ NN IN NNS , VBG IN DT NNP NNP IN NNP NNPS . NNS CC NNS VBP DT NN VBZ DT JJ NN NN . IN DT NNS NN , PRP VBZ CD IN CD CD NNS VBN , VBG IN DT NNP NNP NNP . `` CC PRP VBP CD IN CD NNS -LRB- IN CD -RRB- IN VBG , '' NNP VBD . DT NNS IN DT JJ NN HYPH CD NN MD `` RB VB DT NNS , '' PRP VBD . `` NN VBZ RB JJR IN NNS . '' RB IN DT NN NN VBZ RP TO VB RB CD NN , DT NN VBN IN CD CD NNS MD VB CD NNS , NNP VBD . NNS IN DT NN VBP RB HYPH VBG NN IN DT NN HYPH CD NN , IN CD NN NNS IN DT NNS , DT NNP NNP NNP VBZ . IN DT , CD VBP IN JJ CC JJ NNS CC CD VBP RB RB VBG VBN IN NNS . PRP VBZ RB JJ WRB DT JJ CC JJ NN MD VB VBN CC JJ IN NN . NNS VBP VBN IN CD CC CD NNS IN IN JJS DT JJ NNS RB , CC NNS IN JJ NNS , CC NNS WDT VBP DT JJ NN , MD VB NN NN RB , IN RBR JJ NNS VBP . DT NNP NNP CC NNP NNP VBZ VBG PRP$ NNS IN NN NNS CC JJ NNS . `` DT NNP VBZ VBG TO VB PRP RP , '' VBD NNP NNP , DT NN NN IN DT NNP IN NNP NNP IN NNP WP VBZ IN DT JJ NNS RB VBG TO VB DT NN . `` DT NN VBZ VBG PRP . '' NNP POS NN VBZ VBG IN VBG DT NN POS JJ NN HYPH NNS TO VB CC VB NN HYPH VBN NNS , RB IN VBG DT NN WDT VBZ DT NN VB NNS . PRP VBZ DT JJ NN , PRP VBD . `` NN POS NNS VBP DT JJ JJ -LRB- RB -RRB- , CC RB PRP$ NNS VBP RB JJ , '' NNP VBD . `` DT NNS VBP RB JJ DT JJ NN VBZ VBG TO VB RP IN NN WDT MD VB DT NN . '' IN DT NN TO VB DT NN IN DT JJ NN , DT RB JJ NN IN NNS MD VB JJ IN DT NN . DT VBZ JJ NN , CC NN NN , IN DT WP VBP RB VBN CC WP VBP VBN NN NNS CC VBP IN JJR NN IN VBG DT NN , VBG NNS , JJR NNS CC NNS IN JJ JJ NNS . NN NN IN DT NN VBZ VBN IN WRB JJ JJ NNS DT VBN NN MD VB IN PRP$ JJ NN . CD NN IN NNS , IN NN , MD VB CD IN CD NNS , RB , VBN IN DT JJ NN , CD NN IN DT NN VBZ TO VB VBN TO VB DT NN VBZ RB VB . IN DT NN IN NNP HYPH CD , DT NN VBZ DT VBN NN MD VB PRP RB IN RB CD NNS , VBG RB CD NN IN DT NN MD VB TO VB VBN TO VB NN NN , VBD NNP NNP , NN IN DT NNP NNP IN NNP NNP . DT NN IN DT NNP IN NNP IN NNP VBD IN DT NN IN DT NN WDT MD VB JJ IN NN CC JJ NN TO VB DT NN IN NN HYPH CD VBZ IN NN . IN NNP , PRP VBZ JJR IN CD NN , IN NNP , CD NN , CC IN NNP , CD NN . DT NNS VBP VBN IN NN HYPH JJ NNS , DT JJ NN IN DT NN NN IN DT NN . `` DT NN MD VB JJ , '' NNP VBD . `` PRP VBP TO VB DT NN TO VB DT NN IN NN . '' JJ NN RB MD VB JJR IN IN DT NNS NN , PRP VBD . `` IN NNS VBD VBN , JJ NNS VBP RB VBN DT NN IN NNS , RB JJS NNS VBG NN , '' NNP VBD . RB RB IN NNP HYPH CD . NNS VBP VBN RB IN DT JJ CC JJ NNS IN DT NN CC JJ NNS VBP JJ NN IN PRP . NNS VBP JJ TO VB VBG IN NN IN NN VBZ RP IN DT NNP VBZ DT NN , PRP VBD . IN EX VBZ RB JJ NN TO VB DT JJ NN , PRP MD RB VB RB IN NN HYPH NN NNS CC RB DT RBS JJ NN , NNP VBD . NNS CC JJ HYPH NN NN NNS MD VB DT NN TO VB IN NNS VB VBN IN DT JJ NNS , PRP VBD . NNP NN RB VBZ NN NNS TO VB NN IN NN IN NNS , NNS , NN CC NN . JJ NNS VBP VBN DT NNP NNP NNP NN WDT VBZ JJ NN NN NNS IN DT NN IN NN IN NNS . `` PRP VBP TO VB IN NN '' IN DT NN IN DT NN NN , NN VBZ IN NNS CC NNS WDT VBP IN JJ VBN NNS CC NN NNS . DT NN VBN DT NN IN DT NN NN NNP VBD RB CD CD NNS VBG NNS IN NN IN NNP CC VBD DT JJ NN IN NN NNS MD VB NN IN DT JJ NN NN CC `` VB NNS , IN VBD IN NNS IN CD . '' DT NNPS IN NNP CC NNP NNP JJ NN NN , WDT VBZ IN NN JJ NNS , VBZ NNS VBP VBN VBN IN JJ NN NNS , VBG NN , NN , NN CC NN . NNS IN DT VBP VBN IN JJ NN NNS IN NN IN DT NN VBG NNS VBP RB JJ . NNP , WP VBZ DT NNP RB RB IN DT JJ NN NN , VBD NNS VBP VBG DT NN HYPH CD NN NN CC VBG DT NN IN NN CC NN NNS . `` RB IN DT NN NN , NNS VBP VBN WRB PRP MD RB VB , '' NNP VBD . `` DT VBG NN VBZ VBG RB RB . WRB PRP VBZ IN DT NN , PRP VBP TO VB IN NN . '' CD NN VBZ DT NN IN NN NN , IN WDT DT NN RB VBZ DT NN POS NN IN DT NN IN DT NN VBZ JJR , NNP VBD . DT NN VBD WRB DT JJ NN IN JJ JJ NN -LRB- NNP -RRB- VBD IN DT NNS . IN CD NN , DT NN NN IN NNS WP VBD VBN VBD CD NN VBN IN CD NN IN DT RB VBN , CC CD NNS VBD , VBG IN DT NNP NNPS IN NNP POS NNP NNP IN NNP . NNP POS NN NN VBD DT CD NN HYPH JJ NNS VBD DT JJ NN , VBG NNS TO VB JJ NNS CC VB DT JJR NN NN IN VBG DT NNS CC NNS IN NNS . NNP , IN DT NNP NNP IN NNP , VBD JJ NNS VBP JJ TO VB DT NNS NNS VBP TO VB DT JJ NN HYPH CD NN IN JJ NN . PRP VBD DT NN TO VB DT NN VBZ DT NN MD VB DT JJR NN IN JJ NN IN JJ . `` DT NN MD VB RBR JJ CC JJ IN PRP$ JJ JJ NN NN , '' PRP VBD . WRB DT NN VBZ JJ , PRP VBD , NNS MD VB TO VB PRP WP VBZ JJR , DT NNS IN DT JJ NN CC DT NN IN VBG DT NN . NN : DT JJR NN IN DT NN VBD DT JJ NN IN NNPS IN NNP CC NNP NNPS NNP CC PRP$ NNP , RB RB IN DT JJ NN IN NNP . DT NN VBZ NN IN DT NN IN NNP NNP IN NNP POS NNP NNP NNP , WDT VBZ VBN IN DT NNP NNP CC NNP NNP NNP NNP CC DT NNP IN NNP NNP ."
442,789,mainstream,"NNP NNP NNP POS NN VBD TO VB IN DT VBD DT JJ NN PRP VBZ VBN DT NN IN DT JJ NN VB VBN IN DT NN . `` NNP CC PRP VBP DT NN IN NN , '' PRP VBD , VBG IN PRP$ NN , NNP NNP NNP NNP , '' CC PRP VBP PRP VBZ JJ IN DT IN DT NNS VBG DT NNS IN NN VB RB VBN CC VBN . IN DT CD NNS IN DT NNP NNP NNP VBD VBN , PRP VBP RB VBN IN DT NN TO VB VBN CC VBN VBN IN DT NN . RB DT VBZ RB JJ IN PRP CC PRP$ NN CC PRP VBP EX TO VB DT NN , WDT VBZ WRB PRP MD VB VBG NNP . '' IN NNS PRP$ NN , VBN IN NNP , VBD NNS IN NNS . DT NN IN DT NN , VBN IN JJ NN , VBZ IN DT NNS `` VBP PRP$ NNS JJ . '' IN DT JJ NN IN VBG NN WDT VBZ TO VB VBG IN DT NN . DT NN VBZ DT NN IN DT `` NN HYPH NN '' IN DT NNPS IN NNP NNP CC NNP MD VB IN DT NN `` VBD VBN NN '' CC `` IN PRP VBD IN NNS VBD RB VBG NN . '' NNP NNP VBZ IN DT NN VBG , `` UH , DT NNP VBD VBN DT RB EX VBD DT NN NN NN . ''"
443,615,mainstream,"NNP NNP NNP VBZ VBN VBG PRP$ NN IN DT NN NN IN DT NN IN NNS RB VBZ TO VB RB . PRP VBP NN HYPH VBN DT IN DT NN POS JJ NNS . `` DT NNP NNPS VBZ VBN RB JJR `` NN '' IN DT JJ NN , IN RB . '' NNP NNP VBD DT IN CD NNP , WRB DT JJS JJ NNS VBD IN DT NN IN CD NNS VBD VBN VBN IN DT NNP . NNS IN NNP NNP IN DT NN VBP DT NN IN CD NNS . IN DT , NNP NNP VBD VBN JJR NNS IN NN JJ . RB DT NNP VBZ VBN RP JJR NNS IN NN , CC WP VBZ JJ VBZ IN NNP NNP VBZ DT NN IN RB CD CD , VBN IN DT NNP WDT VBZ RB CD CD . RB , IN CD NNP DT NNP VBD VBN RB CD IN CD NNS , VBN IN NNP NNP WDT VBD VBN JJR IN CD IN IN DT CD NNS . DT VBZ RB JJR IN NN IN DT NNP IN IN NNP NNP , CC DT NNS VBD PRP$ JJ NN IN NNP HYPH CD IN DT JJ NN IN JJ NNP . IN JJ NNP , DT NNP NNP VBD IN DT NNP NNPS VBD RB VB JJ NN NNS CC DT NN NNS VBP RB VBN NNS VBG PRP . RB , NN IN DT NNP VBZ RB VBN RP RB , IN DT JJ NN RB VBG IN JJ NNP . WRB VBN IN NNP NNS IN DT NN POS NN NN : `` PRP VBP DT CD NN VBZ RB DT JJ NN . RB , PRP VBP DT NN VBZ RB IN CD NN . '' IN DT NN NN IN NNP NNP , NNP NNP VBD DT NNP NN IN CD NN IN DT NN NN NN VBD `` JJ '' . DT NNP VBD DT NN IN CD NNP CC VBD PRP VBD VBN IN PDT DT VBN NN NNS WDT VBD VBN IN NN . NNP NNP VBD PRP VBD DT JJ NN NN , VBN IN `` PRP$ NN '' , VBD `` RB IN CD NN '' . PRP VBD DT NN NN VBD JJR IN JJ NNS WP VBD DT JJ NN IN DT NN VBD RB VB PRP IN DT NN CC RB VBD RB VB RP IN VBN NNS . IN DT NN PRP VBP RB VB WRB JJ PRP VBP TO VB IN NN , RB IN IN DT NN IN NNS IN NNS . RB , NNS POS JJ JJS NN VBZ RB CD NN . SYM JJ NNS : WRB TO VB JJ , DT JJ NN : WP VBP DT NNS . NFP NN : WP PRP VBZ TO NN HYPH VB , NNS CC NNS : JJ NN IN DT NN IN CD NNP : `` JJ NN CD NNPS VBD IN DT JJ NN . NN VBZ VBN RP , NN CC DT NN VBP RP . VB IN DT . '' DT NN IN DT NN VBZ NN . PRP VBP RB VB RB WRB JJ JJ NNS RB VBP VBN VBN IN NN . CC NNS IN DT NNP NNPS IN NNP NNP -LRB- NNP -RRB- VBP DT NN IN CD CC CD NN NNS JJ NN -LRB- IN NNP CD CC NNP CD -RRB- , IN DT JJS NN IN CD . RB DT NN IN NNS VBP IN NN DT NN , IN NNP NNP VBZ RP . RB , IN JJS NNS IN NN , DT NN IN DT JJ NN VBZ RB RB VBN VBN IN NNS CC NN IN JJ NNS , CC NNS -LRB- VBG DT IN DT NNP -RRB- VBP PRP VBZ DT RB JJR NN NN IN DT IN JJ NN -LRB- WDT , IN NN , VBZ RB CD NN -RRB- . IN CD NNP : `` RB RB , PRP VBP VBG TO VB RP -LRB- IN DT NN -RRB- . '' RB EX VBZ DT NN IN DT JJ NN , IN NNS IN JJ NNS VBP VBG RB TO VB CD . NNS VBP RB , CD MD RB VB JJ IN IN JJS DT NN IN JJ NN . NN IN NNS IN NNS VBZ RB VBN . EX VBZ RB VBN DT NN IN JJ NNS IN DT NN IN NN , CC PRP MD VB JJ NNS IN PRP VBP IN DT VBZ . NFP DT JJ NN PRP MD VB IN CD NNP : `` PRP VBP VBN DT RBS JJ NNS TO VB DT NN . PRP VBP DT RBS JJ VBN IN DT NN . '' DT NNP VBZ RB VBN JJ NNS CC DT NN NNS . CC JJ NNS VBP RB VBN JJ NNS TO VB DT NN , IN DT NNS , JJR IN DT NNP . NNP CC NNP , IN NN , VBD JJ NN , VBG NNS IN NNS . DT NNP VBZ VBN PRP$ JJ NNS IN IN JJS CD NNS , IN DT JJ NNS VBG PRP$ NNS IN DT NNS , RB RB IN VBG JJ NNS IN NN ."
444,492,mainstream,"NNS CC JJR NNS VBP TO VB VBN IN DT JJ NN IN NN NNS TO VB IN NN . DT JJ NN IN DT NNP IN NNP NN VBD IN NNP , VBG CD JJ NNS JJ CD CC RB . RB JJR IN CD NNS , VBG RB NNS CC CD IN CD HYPH NN HYPH NNS , MD VB VBN IN DT NN , TO VB DT NNS IN PRP$ JJ NN . NNS IN DT JJ NN IN NNS VBP TO VB VBN PRP DT NN IN DT NN . DT NNS VBD JJR IN DT NN IN PRP$ NNS CC NNS , CC PRP VBZ RB JJ DT NN MD VB IN NNS . DT NNS IN DT NN VBP RB VBN PRP VBP VBG TO VB IN JJS DT CD NNS IN DT NN NN IN NNP DT NN . CC DT NNP NN VBZ RB VBN EX VBP DT NNS , CC DT NN MD RB VB DT NN RP . CC JJS NNS RB VBP PRP MD VB CD IN CD NNS TO VB CC VB DT NN . EX VBP JJR IN CD JJ NNS IN NNP HYPH CD RB VBG VBN RB . NNS IN DT NN MD VB CD CC CD NNS IN CC DT JJ NN HYPH NNP NN HYPH CD , CC DT VBN NN . NNS MD RB VB DT NN IN NNS IN DT NNS . DT MD VB IN CD CC IN CD NNS , VBG IN WRB JJ NNS VBP VBN IN DT NN . DT NN NN IN NNS VBZ VBN VBN TO VB DT JJ : NFP NN IN NN : WRB VBN VBZ PRP$ NN . SYM NNS : WRB MD NNS VB VBG . NFP NN : WP VBP DT NNS IN VBG RP . NFP DT NN NN : WP PRP VBZ CC WRB PRP VBZ , NN , JJ NN : WRB JJ NNS IN PRP$ NN . NFP NN : WRB RB VBZ PRP VB TO VB JJR . NFP DT JJ NN : WP VBP DT NNS . NNP NNP , NN IN NN , IN DT NNP NNP , VBD : `` PRP VBP VBN DT NN IN NN RB IN NNS IN DT NN IN CD NNS WP VBD RB JJ TO VB NN IN DT NN HYPH CD NN . `` CC PRP MD RB VB JJ TO VB JJR NN NNS TO VB DT NN NN . `` PRP MD RB VB VBG JJR NN NNS , IN JJ NNS IN DT NN . ''"
445,68,mainstream,"PRP$ JJ NN , VBG DT NN NN PRP VBP VBN IN NNP IN NNP , NNP , MD VB JJ JJ NN , CC PRP VBZ VBN IN NNS WDT VBP VBG JJ NN . PRP VBZ NN TO VB . RB RB RB RB , NNPS VBD IN NN IN JJ NNS JJ IN NN . IN DT JJ NNS , NN VBD JJR IN CD NNS IN NN DT NN . VBG DT NN IN NNS IN CD CC CD , DT NN IN NN NNS VBD RB IN JJR IN CD IN DT NNS CC JJR IN CD IN DT NNS . IN CD , DT NNS IN NN VBP VBN IN DT NNP NNPS . PRP$ NN , NNP NNP NNP NNP , VBD IN RB HYPH NN NNP NNP NNP NNP , IN `` VBG IN DT NN WP VBZ RB VBN VBN RB VB RB IN DT NN RB JJ . '' PRP MD VB IN PRP$ NN POS NN IN NN HYPH VBN , JJ NN NN . RB , PRP VBP VBG NN CC NN IN DT JJS NNS IN NN IN VBG RP IN PRP$ NN NN IN DT NN IN NN IN NNS VBZ NN NNS , VBG NN . TO VB JJ , NNS CC NN VBP RB VBN CC JJ IN DT NN . DT VBZ VBN VBN JJ NNS RP IN JJ NNS CC NNS . DT NNP NNP IN NNP , DT NNP IN NNP , DT NNPS IN NNP NNP CC NNP , CC JJ JJ , JJ NNS VBP VBN IN EX VBZ DT NN VBG DT NN IN NN CC DT NN NNS , VBG NN . RB VBZ RB CD NN IN DT NN . DT CD NN NN IN CD NN NNS IN CD CD NNS CC CD NN HYPH NN NNS IN CD NNS VBD IN `` NNS VBP RB VBN IN DT NN IN NN CC NN NN NN . RB , DT NNS IN DT NNS -LRB- NN CC NN -RRB- CC JJ NNS -LRB- NNP -RRB- VBP RB VBN IN DT NN IN NN CC NN NN NN . '' RB JJ NN NNS VBN IN NN VBP VB PRP$ NN . DT NN IN DT NNP CD NNP NNP IN NNP NNP VBD JJ JJ NNS WDT VBP RB , CC WDT VBP IN NNS , WDT MD VB DT NN POS NN IN VBG NN IN CD CC CD NNS . JJ NN NNS VBP JJR NN IN DT NN CC NN , JJ NNS IN NN NN IN NN : CC JJ NNS IN JJ CC JJ NNS IN NN , DT IN WDT MD VB VBN IN NN . NNS VBP IN DT RBS RB VBN CC JJS JJ NNS IN DT NN . IN VBG VBN IN NN , NNS VBP JJ NN IN NNS CC JJ NN IN DT NNP CC NNP NNP . RB IN DT NN VBZ VBN IN DT NNP , NN HYPH NN NNS VBP RB VBN TO VB NN CC VB CC VB IN DT JJ JJ NNS . DT NNP CC NNP VBP CC VBP DT NN IN NNS IN DT NNP JJ NN NNP NNP , DT NNP NNP NNP , CC DT NNP NNP NNP NNP NNP . DT JJ NN NN NN NN VBZ NNS VB IN DT NNS IN NNS VBP TO VB RB JJR IN DT NNS . PRP VBP IN NN NN VBZ RB JJ IN JJ NNS . CC NNS VBP RB VBN RB DT NN : CC RB DT NN . DT VBZ NN VBN IN NNS WDT VBP JJ NNS . IN NN , NNS VBP JJ TO VB , VBG NN JJ CC RB RBR JJ IN VBG JJ NNS IN NNS . IN NN , JJ NNS VBP NNS TO VB VBG NNS . DT NN VBZ NNS IN DT JJ CC JJ NNS IN NN VBP JJ . DT NNP NN IN NNS VBN IN DT NNP IN CD CC CD VBD IN NN MD VB DT VBN CD CD NNS , CD CD NNS , CC CD NNS IN DT NN IN PRP$ NNS , IN DT JJ NNS IN $ CD CD IN JJ NNS CC $ CD CD IN JJ JJ NNS . IN DT CD NNP NNP NNP NN , CD NN IN NNS NNS CD CC JJR VBD DT NN IN NNS VB VBN IN NNS , NNS , CC NN IN PRP MD VB VBN IN NN , VBN IN RB CD NN WP VBD IN NNS MD VB JJ TO VB IN CC RB TO VB PRP$ NN . DT NNS WP VBP PRP$ NNS CC VBP NN IN NNP POS NN MD RB VB PRP$ JJ NN IN DT NN . PRP$ JJ NN VBZ , `` PRP VBP JJ NN . PRP VBD DT IN PRP$ CD NNS VBN . PRP VBP IN NNS VBP NNS IN NNS . '' DT RB VBZ PRP RP . RB WRB VBP PRP VBG NN IN DT VBG NN . NNP NNP VBZ NN CC NN IN DT NNP IN NNP NNP IN NNP , NNP ."
446,1095,mainstream,"JJ NNS VBD IN IN JJ IN DT NNS VBN IN DT NNP NNP NNP , EX VBZ RB RB DT NN IN DT NN CC RB IN VBG DT JJR NN NN IN DT NN PRP . JJ CC NN NN VBZ VBN , RB RB IN JJ , JJ , CC JJ NNS : VBN NNS : JJ NN IN NN NNS : CC JJ NN NN -LRB- CD -RRB- . DT NN VBN MD VB JJ IN DT NN IN NN NN . IN DT NN , NNP VBZ VBN DT NN IN NN NNS VBN TO VB NN NN , CC PRP VBZ RB VBG IN JJ VBG NN NNS JJ IN DT NN IN JJ NNS CC NNS , NN NNS , JJ NNS , NNS , JJ NN NN , CC JJ NN . IN DT NN IN NN NNS VBZ RB JJ , PRP VBZ DT VBN NN IN NN NNS CC NN NN NNS IN DT NN HYPH NN NN . NN IN JJ NNS CC NNS VBZ JJ IN VBG NN HYPH VBN NN NNS CC VBG NN , NN , CC NN IN DT NN NNS . EX VBP RB DT JJ JJ NN NNS IN NNP , NNP HYPH NNP , CC NNP , CC EX VBZ DT JJ NN IN JJ NNS RB VBN IN NNP NN NNS . NNP , IN NN IN JJ NNS , VBZ VBG NN IN NNS IN JJ NNS WP VBD IN DT JJ NNS IN DT NN IN NN NN NNS CC , RB , NNP NN IN NNP NNP -LRB- NNP -RRB- HYPH VBN NNP NNP NNPS -LRB- NNPS -RRB- . PRP VBZ DT NN IN NNP TO VB JJ NNS JJ IN DT NNP HYPH VBN NN NNS RB RB IN JJ , CC IN DT NN NNP VBZ VBN DT NN NN IN NNS , NNS CC NN NNS , WDT VBZ VBN IN DT NNP . IN NN IN DT JJ NN IN NNS , NN HYPH JJ NN NNS VBP RB VBN VBN TO VB NN IN JJ NNS JJ IN NNS , NNS , CC NN NNS . DT NN NNS VBP JJ IN VBG JJ NNS IN DT NN , VBG JJ NN , CC VBG NN IN NNS . DT NN HYPH JJ NN NNS VBP NNS IN JJ JJ NNS CC IN JJ NNS . RB , NNP RB VBZ TO VB NN HYPH JJ NNS JJ IN JJ NN HYPH VBN NN NNS . WRB VBG IN NN NNP , CD CC , RB , NN CD NN NNS , NN IN JJ NNS IN NN NNS MD VB JJ IN DT NN IN DT NN CC DT NN IN JJ NN NNS . IN DT NN , IN DT JJ NN NNP VBD NNS IN NNS CC VBD JJ NN NNS IN DT NN IN NNP NN HYPH JJ NNS CC DT NN IN DT NNP NN NN . IN NN IN DT NNP NNP NNP NNP -LRB- NNP -RRB- , DT NNP NNP NNP IN NNP NNP -LRB- NNP -RRB- , CC DT NNP NNP IN NNP NNPS CC NNP -LRB- NNP -RRB- , NNP VBZ VBG NN IN NNS WP VBD IN DT NN IN JJ NNS -LRB- NNP NNP , NNP , NNP , CC NNP -RRB- IN DT NN IN NN NN NN CC , RB , DT NN JJ IN DT RB . IN IN DT NN IN NNS , VBG JJ NN NNS MD VB JJ IN DT NNS IN NN POS NN . RB , NN IN NN NN MD VB TO VB , CC IN NN CC RB , IN NNS IN VBN NN NNS JJ IN JJ NNS . IN CD DT NNP NNP CC NNP NNP -LRB- NNP -RRB- VBD DT NNP NNP NNP -LRB- RB VBN IN DT NNP NNP -RRB- , WDT VBZ IN DT NN CC NN IN NNS CC NNS TO VB CC VB JJ CC NN HYPH VBG NNS VBN IN NN IN JJ NNS IN WDT JJ NN NNS VBP RB JJ CC JJ -LRB- CD -RRB- . VBG IN DT NN , DT NNP VBZ IN NN NNS TO VB JJ NN IN NN NN JJ IN DT JJ NN CD JJ NN NN . DT NN IN NN RB VBZ JJ NN CC NN , RB . TO VB IN NN NN , JJ NN VBZ TO VB VBN TO VB DT NN IN NNS , JJ IN JJ NN NNS IN CD CC JJR IN DT NN NNS VBN , DT RB RB HYPH VBN NN IN DT NN IN DT NN , CC NN CC NN NNS RB RB VBN TO VB DT NN IN DT JJ NN IN NNS -LRB- CD -RRB- . RB , NNP VBZ VBG TO VB NN NN NN , NN CC JJ NN NNS WDT MD VB IN DT NN IN NN IN DT NN IN JJ NNS . PRP VBZ VBG IN DT NNP NNP IN DT NNP , NNP CC NNP IN NNPS IN NNP -LRB- NNP -RRB- NNS TO VB DT NN IN NNS CC NNS TO VB DT NN IN NNS WRB JJ , VB DT NN IN NNS VBN IN NN , VB NN NN , CC VB NN -LRB- CD -RRB- . NNP VBZ RB VBG VBG NNS CC NN IN JJ NN CC MD VB NNS CC NN NNS IN JJ TO VB NN IN NNS IN DT NN . DT NNP VBZ VBN NN NN NNS -LRB- NNP -RRB- IN JJ IN DT NN NNS , CC NNP VBZ DT NNP NNS IN VBG NNS TO VB JJ IN PRP$ NNS VBG DT NN CC VBN NN IN VBN NNS -LRB- CD -RRB- . JJ NNS MD VB JJ NNS , VBG JJ NN , NN IN NN NNS , NN NN , CC NN NN . NNP VBZ IN VBG DT NN IN JJ NNS TO VB IN NN NN , CD JJ NNS CC VB NNS IN NN . PRP$ NNS VBP IN VBG DT NNS IN DT NN IN JJ NNS , IN WDT NNP NN NNS MD VB VBN . NNP VBZ VBN NN IN NNS HYPH JJ NNS : RB , DT JJ NN VBZ RB VBN IN VBG NNS CC NN IN JJ NN NN NNS . DT NNP IN NNP NNP NNP -LRB- NNP -RRB- CC NNP VBP VBN DT NN NN VBN NNP TO VB JJ NNS IN NN NNS , CC NNP RB VBN NN IN DT NN IN NNP $ CD CD TO VB DT NN IN JJ NNS -LRB- NN , NN NN -RRB- , JJ NN NN NN , CC NN NN VBG IN NNP HYPH VBN NNS . NNP VBZ RB RB VBN NN POS NN IN DT NN IN DT NN IN $ CD CD IN DT NNP NNP IN NNP CC NNP -LRB- NNP -RRB- IN DT JJ NN . DT NN VBZ VBN VBN TO VB JJ NN IN DT NNP NNP NNP NNP NNP HYPH NNP NNP CD -LRB- NNP NNP , NNP , NNP -RRB- , VBG NN NN , NN NN , CC NNS JJ IN NN IN NNP HYPH VBN NNS . JJ NNS VBP JJ TO VB DT NN CC NN IN NNS , RB RB IN PRP$ JJ NNS CC NN NNS . DT NNS VBP RB JJ TO VB DT NN IN JJ NN NN NNS IN JJ NN NNS . DT NN HYPH VBN NN NNS VBP RB VBN NN IN NN CD JJ NNS . IN DT JJ NNS VBP JJ CC NN NNS VBP VBN JJ TO VB IN DT JJ NNS IN NN , JJ NN NN NN NNS IN VBN NNS , CC RB NN NN NNS , MD VB VBN . TO VB DT NN IN NN NNS CC TO VB NN NN , NN JJ NNS VBZ VBN . JJ NN MD RB VB VB NN CC NN NN TO VB JJ NNS . RB , NNP VBZ VBG NNS IN JJ NNS WDT VBP TO VB NNS WDT MD VB IN NN NN IN NN IN NN NN , JJ NN NNS , CC NN NN . TO VB NNP NN NN , NNP VBD DT JJ NN IN NN NNS , NNS IN NNP , NNP , NNP NNP , NNP , CC NNP TO VB DT NN NN NN IN DT JJ JJ JJ NN . DT JJ NN MD VB VBN IN DT NN TO VB CC VB JJ NNS IN NN IN NN . RB , JJ NN NN NN CC DT NN IN CD RB VBN JJ NN NN CC CD IN CD NNS IN NNP , VBG JJ NNP NNP NNP -LRB- NNP -RRB- NNS IN JJ NN IN NNP NN NNS , MD VB VBN RP TO VB JJ NNS IN NNS . DT MD VB VBN NN NN CC NN TO VB DT NN CC NN CC JJ NNS IN JJ NNS CC NNS -LRB- CD , CD -RRB- . IN NN , NNP MD VB NN IN NN IN DT JJ NN IN NN NNS , RB RB IN IN VBG JJ NNS . DT NN VBZ TO VB JJ NNS IN VBN JJ NNS RB RB IN DT NN IN JJ . NNP MD VB DT NN IN JJ NN NNS VBG NN NNS CC MD VB IN NN NN . PRP VBZ IN DT NNP NNP , DT JJ NN IN NN NNS , TO , IN JJ NNS , VB NN NNS IN JJ JJ NNS IN JJ NN -LRB- NNP -RRB- , VBG , IN NN , JJ NN NN IN DT NN NN IN NNP NN NNS -LRB- CD -RRB- . RB , DT NNP NNP MD VB NN IN NN HYPH JJ -LRB- IN NN -RRB- CC JJ NN NN , IN NN IN VBG DT NN NN NN NN -LRB- NN HYPH NN -RRB- . IN NNP POS NN NNS RB VBP IN NNS , PRP VBZ JJ TO VB DT NN IN NN NN NNS -LRB- NN NNP CC CD -RRB- . NNP MD VB NN IN NN NN , JJ NN NN , NN NN , CC RB RB IN JJ HYPH NN JJ NNS TO VB DT NN NN POS NN IN NN , NN , CC DT . DT JJ HYPH NN JJ NNS MD VB TO VB VBN IN DT JJ JJ NN NN WDT VBZ VBN CC VBN IN DT JJ JJ NNS , RB RB IN DT NNP NN NN . IN DT NN , NNP MD RB VB JJ JJ NNS IN NN NN NN MD VB VBN IN NN NNS , IN NN WRB EX VBZ JJ NN IN DT JJ NN NN CC DT JJ NN . IN DT NN IN DT JJ NN IN DT NN NNS , DT JJ NN IN NN MD VB JJ . NN CC NN NN IN NN IN JJ NNS , NN NN , CC JJ NN IN JJ NNS IN JJ NNS MD VB IN JJ NN . IN JJ IN DT NNS NNP VBZ VBG MD RB VB JJ NNS TO VB PRP , NNP VBZ VBG JJ NNS TO VB IN DT JJ HYPH NN NN IN DT JJ NN NNS CC VBZ VBG VBG JJ NN NNS IN DT JJ NN IN JJ CC JJ HYPH NN NN NNS . JJ NNS TO VB JJ NN NNS CC TO VB NN NN CC NN NNS MD VB IN DT NN ."
447,113,mainstream,"NNP -LRB- NNP -RRB- , JJ NN NN NNP NNP VBZ VBG IN JJR NNS IN NN TO VB VB NN IN DT NN IN NNP HYPH CD IN DT NN VBZ TO VB JJ NNS IN NN TO VB DT NN , PRP$ NN VBD NNP . DT NNS VBD IN DT RB VBN NN IN NNP VBD CD CD NNS -LRB- $ CD CD -RRB- IN VBG IN DT NN VBN NNP HYPH NNP WDT VBD VBN IN NNP IN NN NN NNP VBN IN NNP . `` PRP VBP TO VB JJ TO VB IN NN JJ JJ CC JJ NNS , '' NNP NNP , NN IN NNP NNP , VBD IN DT NN IN NNP . `` PRP VBZ JJ IN PRP$ NN VBZ RB RB VBN IN DT NN IN DT NN VBG IN JJ NN . '' DT NN IN NNP , WDT VBD VBN IN DT NN IN NNS CC NNS IN DT NNP NN IN JJ NN NNP CC NNP , MD VB IN VBG NNS IN DT JJ JJ NNS WDT MD VB IN DT NN , NNP VBD . DT JJ NNS VBP VBN NNP JJ NN , PRP VBD . IN JJS CD JJ NNS VBP JJ IN JJ JJ NN NNS IN NNP , CD IN DT JJ NNS RBS VBN IN DT NN . NNS VBP VBG IN NNS TO VB RP NNS IN JJ NNS IN NNS VBP TO VB DT NN CC NN IN DT NN , WDT VBZ VBN JJR IN CD CD NNS CC VBD RB CD . DT JJ NNS VBP VBG RP NNS IN NNS TO VB JJ NNS IN NNS RB IN NN , VBG NNS IN DT NNP NNPS TO VB NNS CC VB NNS IN NNS IN NN ."
448,319,mainstream,"IN CD , DT JJ HYPH NN NN IN NNS IN NNP VBD NNS IN DT JJ NN IN NN IN NNS . IN DT NNS JJ , DT VBN NN IN DT NNP NN VBD VBN , CC IN PRP , DT NN IN NNS WP VBD VBN IN NNS . IN NNS IN NNS VBD JJ , VBG NNS TO VB , NNS VBD RB . RB PRP MD VB JJ IN VBG NNS MD VB IN JJR JJ NNS , CC JJS JJ NNS DT NNS VBP RB VBN TO VB IN NNS . EX VBZ DT JJ NN IN VBN NN IN NN CC VBN NN IN NNS , VBZ NNP NNP . DT NN IN VBN NN IN DT NNP IN NNP , NNP VBD IN JJ NN NNS IN CC IN DT NNP NN , CC VBD IN , RB VBG , PRP MD VB DT JJ NN IN NNS CC VB DT VBN NN NN IN PRP VBD . PRP CC PRP$ NNS VBD DT NN IN DT NNPS IN DT NNP NNP IN NNPS IN NNP . `` NN VBZ DT NN IN NN NNS IN NN HYPH NNS . IN PRP VBP JJR NN IN CD NN IN DT JJ , PRP VBZ RP IN DT JJR NN . CC IN PRP VBP JJR CC JJR NN IN DT JJ NN , RB PRP MD VB RP , '' PRP VBZ . `` DT NN NNS VBP JJ NNS IN PRP VBP : DT NN VBZ , MD PRP VB IN DT NN IN DT NN NN VBG IN DT JJ NN IN NN NN , IN DT NN NN . '' NN NNS VBP RB CD NN . NNS , NN NNS CC NN NNS VBP RB VBG NN NN IN NNS IN JJ NNS : RB JJ NN : TO VB JJ NNS JJ IN DT NNP POS , CC RB JJR . NNS IN JJ NNS CC NN POS NNS , NNP VBZ IN JJ NNS , CC RB PRP$ NNP CC NNP NN MD RB VB NNS IN DT NN NNS IN DT NN , IN VBN IN NN NNS . CC NNS VBP VBG PRP CC VBG PRP . `` RB PRP VBP NN IN DT IN DT NNS , '' VBZ NNP NNP , NN IN DT JJ NN NN IN NNP POS NNP NN . `` DT IN PRP VBZ RB DT JJR NN IN WP VBZ VBG RB , IN IN DT NN DT VBZ DT JJ NN IN DT NN NN IN JJ NN . '' IN NNP CC NNP , WP VBD IN DT NN , NNP VBD DT JJ NN IN NNS . PRP VBD DT NN TO VB IN NNS VBG NNS CC VB DT NN IN DT NNS : IN PRP VBD NN CC NN IN NNS . RB , PRP VBD IN DT NNS IN DT JJ NN IN DT NN NN , VBG DT JJ NN TO VB IN PRP MD RB VB DT NN JJ HYPH RB WDT VBD IN DT NNP NN . PRP VBD . IN NNS IN DT , JJ JJ NNS VBP IN DT NN VBZ DT NN NN . IN DT NN , DT NNS VBD DT `` JJ NN RB , '' WRB NN IN NNS VBD JJR TO VB IN JJ IN DT NN NN CC DT NN IN DT NN VBD PRP . VBG JJ TO VB DT NN HYPH RP IN DT NN NN VBZ IN , VBN NN NNS , JJ NN NNS MD VB NNS VBG NNS WDT VBP IN VBN NN IN DT NN NN , CC RB DT NN . EX VBP NNS IN VBG RB JJ NNS IN JJ NN NNS , IN NN , VBG NN , IN DT NNS WP VBP NNP NNS VBP RP IN PRP VBZ NN IN VBN IN IN PRP VBP IN PRP$ NN , NN MD VB PRP . PRP MD RB VB JJ TO VB NN NNS TO VB DT NN VBN , VBZ RP NNP NNP , NN CC NN IN NNP , DT NN HYPH VBN NN WDT VBZ NN NNS CC JJ NNS IN NN NNS . NNP CC PRP$ NNS VBD IN NNS IN NNP NNP TO VB NNS IN NNS VBG NNS . DT NN VBD VBG JJ , JJ NNS -LRB- `` PRP VBP DT NN '' -RRB- IN RBR JJ NNS -LRB- `` PRP VBP JJ '' -RRB- CC RB VBG NN -LRB- `` PRP VBP VBN NNP NN '' -RRB- . PRP VBP RB VBN TO VB IN JJ CC JJ NN NNS : PDT DT NNP NNS WP RB VBP `` NNP '' IN PRP$ NN , IN NN , VBP VBN IN DT JJ NN NNP NN NN , RB IN VBN IN DT NN . NNP VBD IN CD IN DT JJ NN WDT VBZ NNS TO VB NNS RB IN NNP , RB RB IN VB NNS IN PRP$ NN . JJ NNS CC JJ NNS VBP DT NN POS JJ NN TO VB NN NNS JJ NNS RB IN DT NNP , CC IN JJ NN . `` IN DT VBZ IN DT NNS IN NNS IN NNS , RB IN CD , WRB DT VBZ RP IN NN MD RB VB DT NN IN NN IN JJ NNS , '' VBZ NNP . JJ NNS VBP VBN JJ NNS . NN NNP PRP VBZ NNS IN DT NN HYPH VBN NN , NNP VBZ VBN VBG DT NN IN NN HYPH NN IN NN CC NN , CC NNP NNP NNPS VBD DT NN POS NNS TO VB DT NN , CC VBD PRP$ NNS IN NNP , IN DT NN VBD RP IN DT NN IN CD . DT NN , IN WDT NNP VBD NN HYPH JJ NNS TO VB WRB JJ NNS VBD JJ , VBN NN IN DT NN , RB IN NN NN IN DT JJ NN NN VBD NNS TO VB NN HYPH JJ NNS RBR RB . IN NNP MD VB VBN TO VB DT NNS PRP , NNP VBZ DT IN DT NNS VBN IN NNP VBP WRB DT NN HYPH NN IN NN NN VBZ JJR NN IN NN HYPH VBN NNS . `` PRP VBP RB JJ NNP VBZ DT JJS NN NN IN DT , IN NNS VBP JJ JJ NNS IN PRP WRB PRP VBP TO NN VB , '' VBZ NNP . `` PRP VBZ RB RB RB JJ IN VBG DT NN PRP , CC RB VBG DT JJ NN IN PRP . '' NNP VBZ DT JJ NN , VBZ NNP NNP , DT NNP NN NN CC NN NN WP VBZ DT NN . PRP VBZ RB IN NN HYPH NN , CC IN NN NNS WDT RB VBP DT NN IN NNS CC VBZ PRP IN NN NNS . `` EX VBZ DT NN IN NN , CC EX VBZ NNS RB RB , CC PRP VBP DT VBZ WRB DT NN IN DT NN MD VB VBN , '' VBZ NNP . WRB VBZ PRP VB JJ NNS . WRB VBP PRP VB NN CC VB DT NN . WDT JJR JJ NNS CC JJ NN MD PRP VB IN . JJR NNS : RB NN NNS CC JJ JJ NNS IN NN : MD VB JJR , JJR NNS WDT VBZ RBR JJ , PRP VBZ . `` DT NN IN NNS , PRP VBP DT NN IN , DT VBZ NN JJ , JJ NN NN , '' PRP VBZ . `` DT NN IN PRP VBG VBN VBZ NN PRP VBP DT JJ NN MD VB VBG IN . ''"
449,1146,conspiracy,"DT NNP VBD PRP$ JJ NN IN WRB DT NN NNS VBD VBN . DT NN IN DT CD NN NNS VBD RB RB IN DT NN VBD IN NNP CD , CD , IN DT NN IN NNP NNP , DT JJ NN NN IN DT NNP NNP NNP NNP NNP IN NNP NNPS -LRB- NNP -RRB- IN NNP NNP , NNP DT NN IN NN VBD DT NN IN DT NN NNP . DT NN VBD VBN , CC EX VBD DT NN NN . JJR IN DT NN IN PRP$ JJ NN , DT NNP VBD NNP TO VB VBN DT JJ NN IN DT CD NNP NNS , CC DT NN WP VBD JJ NN NNS IN NNP , DT NNP NNP NNP , CC NNP . NNP NNP CC NNP NNP . DT NNS VBD CD NNS , VBD RP DT NNP NN NN , VBD DT JJ NN , CC RB VBD DT JJ NN . DT NNP POS CD HYPH NN NN VBD DT JJS NN IN PRP$ NN , VBG CD NNS , CD NNS , CC DT NN IN NNS IN NNS IN NNS , NNS , NNS CC NNS . CC PRP VBD TO VB DT NN IN NN WDT VBD DT NN NN RB DT NN IN DT NNS . IN DT NN IN DT NN NN IN NNS , PRP VBD DT NN IN NN WDT RB VBD RP PRP$ JJ NNS DT NN VBN IN DT NN . DT NN VBD VBN IN DT NN IN NNP , WP VBD VBN RB JJR IN CD JJ NNS IN CD NNS IN DT NN CC WP VBD VBG IN VBG NNS IN NN . IN NN , PRP VBD NNS IN PRP IN JJ NNS IN NNP NNP , DT NNP NNP NNP IN NNP , NNP , CC JJ NNS VBN IN NN NN . VBG IN DT NNP POS NN , RB CD NNS VBD VBN VBN NN IN PRP . DT IN DT NNS -LRB- CC PRP$ NNS -RRB- MD VB VBN DT NN NN IN DT NN CC , IN VBG PRP IN DT NN IN NN CC NNS , VBD PRP TO VB JJ NNS TO VB DT NN NNS ."
450,794,mainstream,"DT NN WP$ NN VBZ IN DT NN IN DT NN NN IN NNP VBD PRP VBD RB VB PRP$ NNS IN PRP VBD DT NN IN DT NN . IN DT JJ NN IN NNP NNP , NNP NNP VBD PRP CC PRP$ RB HYPH NN VBD VBN IN NNS WDT VBD DT NN WDT VBZ NNS , NNS CC NN -LRB- NNP -RRB- IN NN . `` PRP VBD CD SYM CD NNS RB IN EX VBD DT NN IN NN IN DT NNP NN , '' VBD NNP . `` NNS VBD VBG RP IN NN VBG DT NNP NN IN NN . RB PRP VBD DT JJ JJ . '' NFP DT NNP NN VBZ NNS , NNS CC NN IN VBG DT NN VB NNS TO VB RP DT NNS . DT NNP NNP IN NNP NNP -LRB- NNP -RRB- VBZ NNS VBP CD NNS IN DT NN , CD IN CD NNS IN NN CC DT JJ NN IN CD IN CD NNS IN NN . EX VBZ DT JJ NN VBG DT NN IN NN , VBZ DT NNP . NNP VBD PRP VBZ RB DT NN IN DT NN NN CC NN VBZ VBN VBN . `` PRP VBP RB NN , '' PRP VBD . `` PRP VBP RB RB JJ NNS CC PRP RB VBD TO VB PRP IN DT NN WDT VBD DT RBS JJ JJ IN DT NN POS NN . '' `` PRP VBD VBG PRP MD VB DT NN WDT VBD VBN IN DT JJ NN IN PRP VBD RB PDT DT NN IN DT NN , '' PRP VBD . NNP VBZ CD IN PRP$ CD NNS VBD NNS IN DT NN NN IN NNP RBR DT NN CC IN PRP VBZ RB VBN IN DT JJ HYPH NN NNS PRP$ NNS VB . NNP NNP NNP IN NNP NNP NNP -LRB- NNP -RRB- VBD IN NNP NNP VBD VBG DT `` NN '' IN NNS IN VBG CD NNS VBG NNS , NNS CC NNS IN NNP NNP HYPH NNP CC NNP NNP NNP IN NNP NNP CC NNP NNP HYPH NNPS IN NNP . '' NNP VBD PRP VBD PRP$ NNS IN DT NN NN IN NNP NNP IN PRP$ NN WRB PRP VBD JJ NNS , CC RB IN NNS . PRP VBD IN DT NN NN RB IN PRP$ CD HYPH NN HYPH JJ NN VBD VBG NNS , VBG NN . NNP VBD PRP IN NNP NNP POS NNP IN NNP CD . PRP VBD JJ NN VBD JJ IN DT NN VBD RB VBN VBN , CC PRP VBD RP NNS CC RB VBD NNS IN NN CC NN . PRP$ JJ CD NNS VBD VBG NNS RB RB , CC PRP VBD JJ NNS IN DT NN IN PRP VBD VBN NNS VBD DT NN IN NNP VBZ PRP VBD DT NN IN NNS . DT NN IN NNP NNP POS NNP VBD TO VB IN DT JJ NN CC VBD DT NN IN NN . `` PRP$ NNS CC NNS RB VBP DT NN WDT VBZ IN PRP$ NN NN CC VBP PRP RB . MD DT NN VB DT NN IN DT JJ NN , VBG NNS , PRP MD VB VBN CC RB VBN RP IN IN JJ , '' VBD DT NN . DT NN NN VBN IN NNP VBZ RB VBN PRP$ JJS NN VBZ NNS , CC DT JJ CD VBP RB VBG IN NN , NNP VBD . NNP NNP , JJ NN IN NNP , VBD `` NN NN '' IN NNS MD VB IN DT NN IN JJ NNS . `` PRP VBP VBN JJ IN DT IN NNP NNP IN DT JJ NN , '' VBD NNP . NFP NN MD VB IN JJ NNS IN DT NNS , VBG NN , NN CC NN ."
451,844,conspiracy,"NN CD : NNP NNP IN NNP , CD , NNP HYPH CD CC DT NN IN JJ NN NN PRP VBP VBN IN NNP NNP IN IN HYPH DT HYPH NNP IN DT NN IN WRB NNP VBZ VBG IN DT NN NN WDT VBZ VBG DT NN . PRP VBP IN NNP HYPH CD , DT NNP NNP CC JJ JJ NNS , DT JJ NN WDT VBZ VBG DT NN , CC WRB NNS IN DT NNP CC IN DT NN VBP VBG IN DT JJ NN . VB DT NN IN NNP , NNP , NNP , NNP CC VB DT NN NN NN CC WP PRP VBP RB VBG VBN : NN CD CC NN CD DT JJ NN : VBG RB TO VB DT NN VB JJR"
452,680,conspiracy,"DT JJ CD NNS TO RB VB DT NN EX VBP JJ , JJ JJ NNS TO RB VB DT NN . IN PRP VBP TO VB PRP IN JJ VBN NNS , VB JJ NNS IN PRP$ NN , VB PRP$ JJ NN IN DT JJ NN CC VB TO VB NN IN DT JJ NNS IN NN HYPH NN NN , DT NN VBZ RB JJ . RBR CC RBR , PRP VBP VBG DT NN IN NNS , WP PRP VBP RB VBN IN CC WP PRP RB VBP IN DT JJ NN : CC DT JJR PRP VBP IN PRP , DT JJR PRP VBP RB WRB JJ CC JJ PRP VBP . WDT PRP MD VB VBN CC MD VB , IN PRP VBZ , PRP VBP DT NN IN JJ NN WDT VBZ NNS IN NNS IN DT NNP NNP NNP NNP NN . RB VBZ PRP$ NN IN DT JJ CD NNS IN DT JJ NN TO RB VB DT NN , IN PRP VBD IN DT NN HYPH VBG NN WRB RB DT NN VBD DT NN . NN NN CD TO RB VB DT NN : JJ NNS : NN , NN , NNS , NNS , NN , NN , NN CC JJR PRP VBZ RB JJ TO VB IN DT NN CC NN IN NNS VBP VBG VBN IN `` NN '' IN VBG VBN IN PDT DT JJ NN IN NNS . EX VBP RB JJ NNS WDT VBP RB JJ NN -LRB- NN -RRB- CC NN . RB , RB IN PRP VBP DT NNS , PRP VBP RB JJ TO VB VBN IN DT JJ NNS , WDT VBP RB RBR JJ : NN -LRB- DT NN CC DT NN HYPH NN NN VBN IN DT NN CD JJ NN IN DT NN -RRB- , NN -LRB- DT VBN NN HYPH NN -RRB- , NNS , NNS CC NN . VB PRP$ NN JJ NN NNS CC NNS : DT JJ CD IN DT JJ NN IN DT CC JJ NN NNS . NN NN CD TO RB VB DT NN : JJ NNS : NN NN -LRB- CC NN IN JJ NNP -RRB- VBZ VBN IN JJS NNS . PRP VBZ JJ TO VB DT NN IN NN CC DT NN IN NN NN JJ IN NN NNS -LRB- NN NN , NN NN CC NN NN NN -RRB- . IN DT NN , PRP VBZ VBN IN DT NN IN PRP VBZ RP CC VBZ DT NN POS NN NN IN DT NN . RB , NN VBZ RB VBZ RP PRP$ NNS IN VBG NN NN , NN , NN , JJ NN , NNS , NN CC NN . DT NNP , VBN IN NNP NNP CC DT JJ NN IN NNS , VBZ TO VB DT NN IN NN VBZ JJ IN NNS IN VBG IN NN VBZ DT JJ NNP NN VBZ JJ IN DT NN , NN CC NN . DT VBZ RB JJ CC DT NN IN VBG PRP , IN PRP DT VBZ IN WDT NN DT NN VBZ IN . NNP VBZ DT JJ JJ NN WDT VBZ RB VBN IN NN CC NN , VBN RB RB IN DT NN HYPH JJ NN NN . DT NN IN NN VBZ CC VBZ PRP$ NN IN VBG RB . RB , NN IN JJ NNS JJ IN NNS VBZ VB VBN IN PRP$ NN CC VBZ IN NN . NN NN CD TO RB VB DT NN : JJ NNS : NN , VBG NN NNP VBD IN DT NNS IN NNP NNP CC NNP NNP NNS IN CD IN DT NN IN JJ JJ NNS WP VBD -LRB- RB RB -RRB- VBN RP . DT NN IN NN VBZ RB VBN IN DT IN NN -LRB- NN NN NN NN NN -RRB- , WDT VBZ DT NN WDT JJ JJ NNS VBD VBG CC VBG TO VB IN DT NN IN JJ NNS . NNP VBZ DT NNP NN IN PRP VBZ IN NN NN , CC VBZ DT NN TO VB DT JJ NN IN NN , RB RB IN TO VB NN , NN , NN , NN NN CC NN . DT IN DT JJ NNS WP VBD VBN IN PRP$ NN IN NNP VBD VBG DT JJ CD NN NN NN IN PRP : DT NN RB JJ PRP VBZ RB JJ IN . NNP VBZ DT NN WDT VBZ NNP IN VBG DT NN NN , RB VBG DT JJ JJ NN . IN NNP NNP VBD IN CD : NFP NNP NNP CC PRP$ NNS VBD VBZ IN DT NN NN VBZ VBG VBN IN DT NN VBN `` NN . '' NNP VBZ DT NN , NN WDT VBZ VBN IN NN NNS CC NNS VBG NN NNS CC VBZ RB VBN VBN IN NN RB RB IN DT `` NN IN JJ NNS , '' NNP NNP VBZ . `` WP VBZ RP VBG VBZ WRB DT NN NN MD VB VBN IN NNP , DT JJ NN NN VBZ VBN . '' DT IN DT NNS WP VBD RP JJ CC VBG VBD IN DT NN NN , NN VBD VBG VBN RB IN DT NN CC RB CC RB IN NNS . `` DT VBZ JJ RB JJ NN IN DT JJ JJ NN CC DT JJ NN CC DT NNS WDT -LRB- NN -RRB- VBP VBG NNS , IN RB PRP VBD RB VB DT NNS RB , '' NNP NNP VBD . `` PRP VBP RB VBG WP VBD IN DT NNS , PRP VBP RB VBG PRP VBP RB IN DT NN RB . '' NNP VBZ IN DT NN NN , DT NN NN VBN IN CC VBN IN NN NNS CC DT NN NN VBZ DT NNP NN NNS IN DT NN IN PRP$ NN CC NN NNS CC RB VBZ PRP RP IN DT RB JJ NN . WRB JJ . NNP VBZ CC VBZ CD JJ CD HYPH NN NN VBN RB IN DT JJ NN NN NN , IN RB VBG RP DT NN NN IN DT JJ NN IN CD NNS RB . RBR RB , IN DT VBZ JJ , NNP RB VBZ PRP$ NN , RB EX VBZ DT JJ NN . NNP NNP CC PRP$ NNS RB VBD IN DT NN NN VBD RB JJ IN NNS IN NN CC VBD RB VBN IN JJ NNS , PRP VBD , IN DT NN NN . '' RB NN VBZ IN NNP , RB VBZ IN DT NN IN JJ NNS RB IN PRP VBD RB RB IN NN CC MD VB DT JJ NN . DT NN VBZ RB RB IN IN IN NNS VBP DT NN IN PRP . NN NN CD TO RB VB DT NN : NN IN JJ CC NN NNS NNS VBP NN NN TO VB CC VB DT NN CC NN VBG VBN IN . NN POS NNS VBP VBN VBN IN DT NN IN NN NNS , VBG CC RB VBN IN NN IN NNS -LRB- NN NNS VBP RB JJ -RRB- , NNS , NNS , NNS , NNS , NNS CC JJ NNS . DT IN CC IN PRP VBZ DT JJ NN , IN DT NN IN JJ NN IN DT NN MD VB IN DT NNS IN NNS CC VB DT NNS IN NNS . VB PRP$ JJR NN NN NN NNS : NN , NN , NN , NN , NN , NN , NN CC NN NN VBN IN NNS IN JJR NN . WP PRP VBP VB IN JJ : IN PRP VBZ DT JJ NN : VBZ IN NNS IN DT NNS VBD VBN IN NN CD -LRB- NNP SYM CD CC NNP NNP CD -RRB- . PRP VBD VBN IN DT NN NN IN NN NN IN NNP NNP NNP . IN DT JJ NNS DT NNP NNP CC NNP NNP IN DT NNP IN NNP NNPS NNP NNPS NNP , NNP HYPH NNP NNP , NNP NNP -LRB- CD -RRB- PRP VBZ IN NN CD -LRB- VBG IN NNP -RRB- : NN NN CD TO RB VB DT NN : NN NN , NN , NN CC VBN `` NNS '' IN PRP$ NN NNP NNP NNP VBD DT JJ NN WP VBD RB IN CD JJ CD . PRP VBD VBN JJ NN IN DT NN IN NN NN CC NN NNS . PRP VBD IN DT NN RB RB IN VBG DT NN NN VBN NNP NNP , WRB PRP VBZ IN JJ NN -LRB- IN JJ NNS -RRB- RB WRB NNS VBP VBG PRP$ NN . RB , PRP VBZ WRB NNS VBP DT NN CC VBP NN NN . DT VBZ IN IN NN , WDT VBZ JJ VBZ RB DT NNS . WRB VBN IN NN NN NNS , NN VBZ NNS TO VB -LRB- VB RB -RRB- CC NN IN DT NN IN NNS CC NNS . PRP$ NN VBZ RB CD NN NN . DT NNS VBP DT JJ NN IN PRP$ NN . NNP NNP RB VBZ DT NN IN WDT NNS VBP PRP TO VB DT VBN `` NN '' IN DT NN IN PRP$ NN , VBG DT NN WRB NN CC NN MD VB . RB , NNS VBP DT JJ NN IN PRP$ NN POS JJ NN NN . DT NN IN JJ NNS VBZ JJ JJ NN NNS TO VB IN NN NN NNS . IN EX VBP RB JJ IN DT JJ NN NNS , PRP VBZ NN NN . DT VBZ IN CC NN -LRB- JJ NN NN -RRB- CC , CC NN -LRB- NN IN NN NN IN NNS , VBG DT NN IN NN CC NN -RRB- . IN DT JJ NN , WRB PRP VBP DT NN , PRP RB VBP IN DT JJ `` NN '' IN JJ NN NNS IN DT JJ NNS IN NN NNS , WDT VBZ NNS TO VB VBN CC VBN . DT VBN NNS VBP IN NN TO VB NN IN NN -LRB- JJ NN -RRB- . DT VBZ DT NN NNS IN NN NN CC NN . RB , JJ NNS -LRB- CC NNS -RRB- VBP JJ NNS IN NN NN IN JJ NNS CC NNS . NNP NNP VBZ : NN NN CD TO RB VB DT NN : DT NN NN NN NN IN PRP VBP IN PRP VBP VBG PRP CC PRP$ NN DT NN IN VBG VBN , VB RB . DT NN IN NN NN VBZ DT JJ HYPH JJ NN . NN NN VBZ VBN IN JJ NNS WDT VBP RB VB PRP$ NN IN DT JJR NN . DT JJ NN IN NN NN . IN NNS VBP RB JJ IN VBG PRP IN DT NN , WRB VB IN IN DT IN PRP VBP DT NN . IN PRP VBP VBN , PRP VBP VBN , JJ . DT JJ NN IN VBN JJ NN . IN NN NN VBZ RB RB JJ TO VB DT NN , DT MD VB IN DT VBN MD VB RP DT NN : WRB PRP VBD . CC WP VBZ IN CD NNS VBP IN IN PRP VBP PRP$ NN . CD NNS . LS . CD . DT JJ NN IN NN NNS VBZ IN NN HYPH VBN NN VBZ RP IN NN . DT JJ NN VBZ IN DT VBN MD VB DT NN . RB , IN VBN IN NNP CD , DT NNP NN VBD IN DT VBN IN NN CC NN NN MD RB VB CC VB DT NN , RB IN PRP VBD DT NNS . PRP VBP VBN DT JJ NN . RB , PRP VBZ JJ TO VB DT NN IN IN VBN NN -LRB- FW NN HYPH VBN NN -RRB- IN JJ NN . EX VBZ DT NN IN NN IN JJ NN HYPH VBN NN CC RB HYPH VBN NN WDT VBZ VBN IN NN CC RB VBG RP DT NN . DT JJ NN NN VBZ RB RBR JJ CC JJ IN PRP VBP , CC VBZ VBN RP IN JJ CC JJ NNS . DT NN VBZ RB RB VB JJ NN IN JJ NNS , VBG RB VBG DT JJ NN , VBG DT RB JJ NN IN NN , RB VBG JJ NN , FW . NN VBZ RB RBR JJ IN RB DT NN IN NN NNS . NN NN CD TO RB VB DT NN : NN NN IN VBN RB , JJ NN VBZ DT JJ CC JJ HYPH IN NN IN NNS . PRP VBZ WRB NNS IN VBN NNS VBP DT NN PRP VBP RB VBN IN , IN DT JJ VBP JJ . JJ NNS VBP NNS VBG JJ NNS , RB IN PRP VBP JJ CC VBN NNS . DT JJ NNS VBP IN JJ NNS IN NN IN DT NN NNS IN DT VBN NN : CC MD VB VBN IN NNS . PRP MD RB VB DT NN -LRB- CC NN -RRB- IN NN WP VBZ RB VBN VBN IN DT NN . RB RB DT , CC JJ NN IN NNS VBZ VBG IN JJ CC JJ NNS , VBG TO VB DT NN IN JJ CC JJ NNS IN NN WDT MD VB NN IN VBG VBN IN WDT NNS VBP VBN IN PRP . NN NN CD TO RB VB DT NN : JJ NN NNS IN NN CC NN NNS VBP VBN JJ NN NNS IN NNS , VBG CC RB VBN IN JJ NNS , NN NNS , NN , JJ CC JJ NN -LRB- FW NNP NNP WP VBD NNP HYPH NNP NNP IN DT NN NN -RRB- CC RB NN . DT VBZ JJ NN . VBP PRP VBN PRP$ NN IN . VBP PRP RB VBN DT NNS CC DT NNS . NN NN CD TO RB VB DT NN : JJ JJ NN NNP NNP VBZ RB VBN DT NNP CC NNP . PRP VBZ VBN DT NN IN DT NNP NN . PRP VBZ VBN TO VB NNP TO VB PRP VBG JJ NN IN RB VBG VBN IN DT JJ NN TO VB PRP$ NNS . RB , PRP VBP DT JJ NN VBN RP IN IN DT NNS IN JJ NNS TO VB NNS . IN NNP NNP POS NNS VBP RB JJ CC JJ -LRB- VB DT NN -RRB- , WRB VBZ NNP NNP VB JJ JJ NN . WRB MD PRP VB PRP IN PDT DT NN WRB PRP RB VBP TO VB VBN . IN PRP MD VB PRP , MD PRP RB VB PRP IN DT JJ JJ NN IN DT JJ NN IN PRP$ NN . NN NN CD TO RB VB DT NN : DT NN HYPH NN HYPH NN NN RB , VB DT : NNS VBP VBN VBN IN NN NNS IN VBG NNS . RB DT NNS VBP VBN IN DT NN , RB DT NN IN DT VBP : RB IN NNS IN JJR NNS JJ IN DT NNPS CC NNP : VBZ DT NN IN NNS , NN CC NN . VB IN NNP NNP PRP , JJ NN IN DT NNP NN , VBZ VBN RP CC VBN EX VBZ DT NN HYPH NN NN IN IN JJS CD NNS : IN CD , DT JJ NN NN IN NNP VBD IN NNS VBD IN NNS TO VB NN NNS . DT NN VBD IN DT NN NN NN -LRB- VBN IN DT NNP CC NNP -RRB- VBD NNS VBN IN NN CC JJ NN NN . DT VBZ DT NN WDT DT JJ NN VBZ IN NN TO VB PRP TO VB VBN IN DT NN . RB , WRB DT NN VBZ RP NNP IN DT NN NN , PRP VBZ DT NNP IN DT NN -LRB- DT JJ NN -RRB- CC VBZ NNS IN DT NN . DT NNS VBP DT NN POS NN TO VB JJ NNS , RB VBG PRP . DT NN RB VBN IN NNP NNP , JJ NN IN DT NNP , VBZ IN `` DT JJ JJ NN VBZ CD RB VBN . '' NNP NNP VBD IN `` NN VBZ DT JJ NN CC CD IN DT RBS JJ IN PDT DT NNS JJ IN PRP$ NN . '' IN NNP NNP CC PRP$ JJ NNS VBP TO VB DT NN WDT NNS VBP `` JJ CC JJ '' , DT NN VBZ EX VBP CC , CC RB , JJ NNS WP$ NNS MD VB JJ : NN IN DT NN PRP -LRB- WDT VBZ RB VBG VBN IN -RRB- , NN , NN -LRB- NN NN NN -RRB- , NN , NN CC NN . PRP MD VB TO VB RB : CC RBR RB , IN JJS CD NNS : IN VBG DT NN . NNP NNP VBZ DT NN IN DT NNP NNPS CC JJ NN IN NNP -LRB- NNP RB -RRB- , VBG IN JJ NNS IN NN CC NN , IN VBG NNS IN DT JJ NN IN VBG NNS IN WRB NN MD VB DT JJ NN IN NN CC NN DT NN -LRB- DT JJ CD NNS TO RB VB DT NNP -RRB- VBD RB VBN CC VBN IN DT NNP NNPS CC VBZ VBN RB IN NN ."
453,608,mainstream,"DT NN NN WP VBZ PRP VBD PRP$ NN IN PRP VBD IN NNP NNP POS NNS IN NNS IN NNP HYPH CD VBZ TO VB DT NN NN , PRP$ NNS VBP . NNP NNP NNP VBD DT NNP NN NN VBG TO VB DT NN IN DT NN . PRP VBZ PRP VBD VBN IN VBG DT NN IN NN , DT JJ NN VBN IN NNP NNP . NNP NNP VBD PRP VBD `` RB VBN '' IN NNP NNP . DT NN VBZ RB VBN DT NN IN NN CC DT JJ NN NN IN DT JJ `` NN NN '' IN NNP HYPH CD . RB , JJ NNS VBP VBN IN NN MD VB JJ , CC RB JJ . `` IN PRP$ NN PRP MD VB JJ IN NNP NNP VBD VBN IN CD NN RB , IN PRP VBD NNS TO VB JJ NN IN RB JJ NNS , VBG NN , DT NN VBN IN DT NN IN DT NN , CC WDT VBZ JJ CC RB JJ WRB VBN RB , '' DT NN IN DT NN POS NNS VBD . CC NNP VBZ IN IN JJ NNS NNP NNP VBD DT NN NN POS JJ NN IN NNS IN NNS IN NNS IN DT NNS . `` IN JJ VBD NN , PRP RB VBD RB VB DT JJ IN PRP$ NN , PDT DT NN , '' DT JJ NN VBD NNP . SYM NNP : VBZ EX NN PRP VBZ . NFP DT JJ `` NN NN '' NNP VBZ VBG NNP IN NFP WRB VBZ NNP RB JJ IN NN NN TO VB NN . IN NNP NN , DT NN NN MD VB VBN IN DT NN VBZ PRP$ NN VBD IN PRP IN VBG PRP$ NNS IN DT NN . IN DT NN NN IN NNP , DT NNP NN NN VBD NNP NNP VBD VBN VBN IN NN IN DT NNP NNP NNP CC NNP NNP -LRB- NNP -RRB- CC VBN IN DT JJ NN IN DT NNP NNPS IN NNP . DT VBG NN , NNP NNP VBD DT NN VBG IN PRP VBD VBN IN PRP VBD `` JJ NNS '' TO VB NN CC NN IN NNS IN NNP HYPH CD . `` IN PRP VBP VBN TO VB IN DT NNS CC TO VB `` IN DT NN '' IN JJ NNS , PRP RB VBD NNS TO VB DT JJ NN IN NN IN DT JJ NN , '' NNP NNP VBD . VBN IN DT NN IN DT JJ NN NN IN NNP , NNP NNP VBD : `` PRP VBP RB VBN IN PRP . '' IN NNP NNP POS NN IN PRP VBD VBN RP , NNP NNP VBD : `` DT NN VBZ PRP VBD VBN IN IN DT NN . RB PRP VBD , RB PRP VBD RB . PRP MD VB TO VB DT JJ NN . '' NFP DT JJ NN : WRB VBP PRP VB PRP . NFP VBG VB : DT NNS IN NN HYPH NN CC NN , NNS CC NNS : JJ NN IN DT NN"
454,208,conspiracy,"IN JJ JJ NNS VBP VBN JJ IN PRP$ NN IN DT `` JJ '' CD HYPH VBN NN VBG RB VBN IN DT JJ NN IN JJ NNS JJ NN , JJS IN PRP$ NNP NNS VBP TO VB VBN PRP$ NN TO VB PRP IN DT JJ JJ NNS NNS VBG VBN IN DT NNP NNP IN NNP . CD HYPH CD JJ JJ NNS VBD VBN JJ CC RB CD CD JJR VBD VBN IN NN CC NN NN IN DT NNPS VBN CC VBN IN DT VBG NNP NN VBZ VBN DT NN IN DT NNP VBZ NN IN NNS VBN TO VB PDT DT NNPS IN JJ . DT NNP NNP , RB , VBZ RB RB VBN DT NN NN IN DT NN , CC VBD RB VBG DT NN IN DT JJ NNP NNP IN NNP VBN TO VB IN DT JJ NNP IN DT NN IN NNP , WDT DT MD RB VB IN IN DT JJ NN IN DT JJ NN IN DT JJ NNPS CC NNPS . NNP NNP VBD IN PRP VBD DT `` JJ NN IN NNP , '' RB VBG VBN VBG DT NN IN DT NNPS IN VBN NN IN DT RB JJ JJ NNS VBD PRP RP IN DT RB VBG NNP NNP NNP NNP . DT JJ NN RBR NN VBN NNP NNP IN DT NNP NNP VBD NNS IN DT NN NN IN `` DT NN IN DT JJ NNS VBZ RB IN NNP . NNP VBZ RB CC RB VBG DT NN '' IN `` DT JJ CC JJ NN NN . '' CC RB RB IN DT NNP NNPS , JJ NNP NNP NNP VBD DT JJ NN VBG DT NN IN DT NN , VBG IN IN NNP , VBN IN NN IN NNP , VBD TO VB IN DT NN . `` PRP VBP PRP$ NNS RB IN DT NNP NNP : WP IN PRP MD VB DT NN IN NN IN PRP$ NN . DT NN MD . DT NN IN DT NN MD VB IN JJR NN IN NNP VBZ . '' PRP RB VBD RP WRB NNP NNP , DT NNP NNP NNP IN DT NNP NNPS VBD TO VB . NNP NN HYPH IN HYPH NN NNP NNP , WP VBD NN IN DT NNP NN , RB IN NN VBD VBG IN NNP CD NNS RB , RB VBD WP TO VB , VBG `` IN PRP VBP VBN IN DT NNS IN DT JJ NN CC RB NN , DT VBG NN VBP NN IN DT NN CC RB NN IN DT NN . '' PRP VBD RB VBG IN DT CD JJ NNS VBG IN DT JJ NN IN NNPS . TO VB JJ , DT NNP NNP VBP VBN NN IN WP VBZ VBN VBG NN . NNP NNP , NNP NNP CC NNP NNP VBP RB VBN RP . NNP VBD IN `` NNP MD VB VBN . '' NNP NNP NNP VBD IN `` EX VBP JJR NNS TO VB IN DT NNS IN NNP IN NNS . '' NNP CC NNP NNP , NNP NNP , NNP NNP , CC NNP NNP DT VBD NN CC NN IN `` DT JJ NN VBN IN JJ NNS IN RB JJ NNS VBG IN NNP POS NN . '' PRP VBD JJ NNP NNP NNP NNP POS NN TO `` VB JJ NN , VB IN JJ JJ NN IN DT WP VBP VBN VBN , CC VBP DT CD HYPH NN NN IN NNP , WDT VBZ VBN IN NN NN NN , NN CC DT JJ NN IN NNP POS CD CD NNS . '' NNS NNP CC NNP RB RB IN NNP NNP IN NNP VBP RB VBN IN DT JJ NN TO VB PRP TO VB DT JJ NN TO VB WP VBZ VBG IN DT NN RB . DT CD NNS VBD NNP IN CD CC VBD VBN IN VBG IN DT NNP NNP IN DT NNP NNP CC NNP NNP , WDT VBZ DT NNS CC NN NNS , VBG WP MD VB CC VB RB RB IN DT NN IN JJ NNS IN NN NNS . PRP MD VB DT NNPS TO VB IN NNP MD VB DT NNP NNPS IN VBG NNP , WDT NNP NNP RB VBZ VBZ RB RBR IN PRP$ NN RB IN PRP VBZ VBN DT NN IN DT JJ NN NN . CD VBZ RB DT NN IN RB DT JJ NNP JJ IN DT RB JJ NN IN NNP . NNP NNP NNP , WP CD VBD IN JJ VBD NNP IN DT `` NN NN , '' VBZ JJ IN PRP$ NN . NNPS NNP NNP , NNP NNP , NNP NNP CC NNP NNP -LRB- DT NN IN DT NN WDT , CC PRP VBZ DT NNP -RRB- VBD RB NN IN DT JJ NN , WDT RB VBD DT NN IN NNP NNP NNS RB RB IN NNP NN NNP NNP . VBG DT NNPS , PRP VBZ RB VBN VBN IN DT NN NN VBZ RB RB RBR VB DT NN HYPH NNP NNS VBN IN DT NNP NNP NNP NNP NN . DT NNS WP VBP VBN RP RB VBP DT NN POS NN WRB PRP VBP NNP POS NN RB RB JJ TO VB . PRP MD VB VBN JJ TO VB JJR NNPS VBG NNP IN WP VBP RB NN NNS IN VBG JJ NN IN JJ NNS . CC PRP MD VB DT JJ JJ NN PRP VBP WRB VBG NNP CC NNP NNP CC NNP . RB , RB WRB EX VBP VBN NNS CC NNS WDT VBP DT NN , PRP VBP RB CC RB VBN IN NNS IN NNP POS JJ NNS , VBG IN JJ NNS '' VBN IN NNP , '' DT NN WDT VBZ JJ JJ NN , CC , CC VBG `` DT NNS , '' WDT RB VBZ DT NN TO VB NNP VB IN DT NN RB RB IN DT NNPS . PRP VBZ JJ NN VBN TO VB VBG NNP CC PRP$ NNS JJ . DT NN VBZ IN WP NNP VBZ IN PRP$ JJ NN VBZ DT NNP NNPS CC VBZ DT NNP WP VBZ IN DT NNP NNP DT NN . PRP RB VBD IN DT NN IN NNP CC , IN DT NNP NN VBD VBG , PRP JJ NNS VBD RB VBG IN PRP MD VB PRP RB . PRP VBD IN NNP , VBN IN DT NN IN NNP WDT MD VB DT NNP RP TO VB DT JJ NN , MD RB VB PRP$ NN IN JJ NN IN DT JJ NNP CC DT `` JJ '' NN IN DT NNPS IN RB RB IN DT NN IN IN DT NNP NNP , IN DT JJ NN TO VB . WRB JJ JJ NNS MD VB VBN RP . WRB JJ JJR NNPS MD VB TO VB IN DT JJ NNP NNP POS NN NN RB TO VB JJ ."
455,872,conspiracy,"NNP NNP VBZ RB VBG DT `` JJ NNS '' IN NNS , VBG NN NNS , NN NNS , NN , FW : NN VBZ IN NN JJR IN RB NNS . PRP VBZ RB VBG DT JJ `` NN '' TO RB RB VB IN JJ NN IN NNS WDT DT NNP NNP `` JJ NN '' VBZ VBP `` JJ '' CC `` JJ . '' IN PRP VBZ JJ NNS IN NN IN NN NN CC JJ NNS IN DT JJ NNS IN NN , NNP NN NNS VBP DT CC JJ `` RB JJ '' NNS TO VB IN PRP$ NNS IN IN DT `` NN '' PRP VBP VBG IN DT JJ NN . VBG NN IN VBN NNS IN NNP CC NNS IN NNP IN DT `` NNS '' IN NN , IN NN , RB VBP DT RB JJ NN TO VB PRP IN JJ `` NN . '' RB RB VBG IN NNS IN CC NNS IN NN NN NNS , WDT VBP DT JJ JJ NN NNS IN NNS , VBZ RB VBN IN `` JJ NN '' IN DT NN NNS , CC JJ IN NN . RB DT JJ NN , DT NN NN : DT VBZ NNP , NNP , NNP , NNP , NNP , NNP , NNP , NNP , CC NNP : VBZ VBG JJ NNS TO VB NNS IN PRP$ NNS IN VBG RB RB NN WDT VBZ WP DT NN VBZ VBZ JJ CC RB JJ : IN DT NN VBZ `` NN , '' IN NN PRP VBD RB VB . NNP VBZ DT JJS CC JJS NN IN DT NN NNS TO VB DT NNS IN JJ NN PRP VBP , VBG DT NNS IN RB VBN NNS -LRB- NNS -RRB- , NN JJ NN , JJ NN IN DT NNP NNP , DT NNP NN : NN VBZ IN NNS : CC JJ JJ JJ HYPH NN NNS IN DT NN NN . `` DT NN IN DT NN NNS , RB VBN , VBZ TO VB JJ NN CC VB NN IN JJ NNS IN VBN NN CC NN WDT VBZ NNS JJR TO VB -LRB- CC VB , IN DT NN NNS VBP RB VBG IN PRP$ NN NN -RRB- , '' VBZ NNP NNP , DT NNP NNP . DT NN NNS RB VBP NNS IN NN TO VB NNS IN `` NN '' IN NN IN JJ NNS IN DT JJ NN IN NNS . CC PRP VBZ RB DT NN IN NN IN PRP VBP VBG NNS IN JJ NNS IN VBG DT NN IN JJ NN -LRB- NN -RRB- IN DT JJ VBG NN . VBG IN DT NNS IN NNP VBZ DT NN WRB PRP VBP NNP NNP TO VB VBG NNS , IN DT VBZ NN , NN HYPH NN , CC JJ NN . IN NNP VBD RB IN CD , DT JJ NN IN DT NN NN VBZ IN JJ NN IN DT NNP NNP , WDT VBZ VBN JJ NN IN DT WDT VBZ TO VB RP DT NNP NN , IN JJS RB . `` DT NNP NNP NNPS VBZ RB VBN IN PRP , WRB JJ JJ HYPH NN NN NNS VBP IN JJ , RB JJ NNS MD VB IN PRP$ NN VBZ IN `` NN NN , '' '' VBZ NNP . `` WP VBZ JJ NN . PRP VBZ NN VBN IN DT NN . '' `` VB NN '' RB RB VBZ NN VBN IN NN WP VBZ TO VB IN NN DT JJ NNS VBN IN DT JJ NN IN RB RB DT VBN NN . DT VBZ RB RB NNS CC RB NN , NN , NN , NN , CC JJ NN . RB PRP VBD EX VBZ DT JJ NN IN JJ NN , RB PRP VBP VBG IN PRP VBP DT JJ NN PRP VBP RB VBG VBN IN DT NN HYPH JJ NN IN EX VBZ DT JJ NN IN JJ NN , CC IN `` PRP$ NN '' MD VB JJ IN `` PRP$ NN . '' CC DT JJ NN VBZ JJ CC VB DT NN WDT `` PRP$ NN '' CC `` PRP$ NN '' IN DT NN VBZ DT JJ NN POS `` NN , '' IN PRP VBP RB VBG RB IN DT NN NN . RB IN PRP RB VBP TO VB `` NN '' CC `` NN , '' DT NN NNS VBP VBG NN IN NN , CC DT NN IN NNS WDT IN DT NN VBP DT NNS IN RB RB NNP NNP CC RB NNP NNP , NNP NNP , NNP NNP , NNP NNP , CC NNP NNP IN JJ . IN PRP MD VB IN RBR DT NN , NNP RB VBD IN VBG CC VBG DT NN IN NNS WDT VBZ RB CD NN VB IN PRP$ NN VBZ RB RBR VBN IN DT VBZ `` NN '' CC `` NNS . '' RB , RB VB DT JJ NN VBG VBN IN DT JJ JJ NNS IN PRP$ NN NN CC PRP MD RB VB WRB DT DT VBZ VBN . JJ NN POS NN IN VBG IN DT JJ NN NN VBZ IN PRP VBZ RB JJ IN NN TO VB `` JJ NN . '' CC IN NNP VBZ , `` JJ NN '' VBZ RB DT JJ NN TO VB JJ NN NN . `` IN NN , `` JJ NN '' VBZ WDT NN DT NN JJ NN VBZ VBG IN DT NN , '' NNP VBZ . `` DT NN NN VBZ VBN IN NNS IN NN CC DT JJ NN IN VBG NNS CC NNS WP VBP TO VB DT NN IN DT JJ NNS IN NN NNS JJ IN NN -LRB- VBG NN -RRB- , NN NNS , NN , NN CC JJ NNS WDT VBP RB VBN IN DT NNP TO VB NNS VBN IN NNS VBN IN NNS . '' PRP VBP RB JJ TO RB VB `` JJ NN '' NNS VBG IN DT NN IN JJ NN IN NN NNS , RB RB IN NN , NN , CC RB PRP$ JJ NNS IN PRP VBP DT CD JJ NN NN . `` IN RB , NNP MD RB RB VB DT JJ NNS IN DT , CC DT `` JJ NN '' NN MD VB NN IN NN -LRB- JJ NN -RRB- NNS VBG JJ NN WDT VBZ DT NN IN `` JJ POS NN IN DT JJ NN , '' NNP RB VBZ . IN JJR JJ NN , VB JJ TO VB RP NNS CC NNP ."
456,1267,conspiracy,"NNP HYPH CD NNS VBN , JJ NNS VBP , IN PRP VBP JJ JJR NN NNS DT NN IN JJ NNS VBZ VBN NNS IN JJ NN NNS , VBG DT WDT VBP DT NN POS NNS JJR IN NNS . RB , PRP VBP IN DT RBS JJ NNS VBP VBN IN NNP CC NNP NNP . DT NN IN DT JJ NN TO VB VBZ VBN RB RB VBN , DT NN IN NNP POS NNP NNP , VBN IN NNP NNP NNP , VBZ IN DT JJ NN . DT NN VBD RB JJ IN CD NN NNS IN RB CD NN NNS PRP VBD IN DT NN IN NNP . DT NNS VBP IN CD NN IN DT NNS PRP VBD VBD RP TO VB RB JJ . IN DT VBG NN , PRP RB VBD IN DT NN POS NNS RB VBP PRP$ NN . PRP$ NN VBD IN DT RBS JJ NN IN NNP HYPH CD MD VB DT NN NN CD NNS JJR IN DT JJS JJ NN . `` IN RB CD NN HYPH VBN NNS VBG VBN IN DT NN , PRP VBD JJ JJ NN , VBG JJ VBG NNS IN JJ JJ NNS IN NNS RB VBG RB , '' DT NN VBD . DT NN NN VBZ DT NN IN PRP$ NN IN DT JJ NN IN JJ NN , RB NN NN . PRP RB VBZ WRB RB DT NN MD VB IN DT NN CC VB PRP$ NNS . RB IN NNPS , CD IN DT RBS JJ NNS VBN IN DT JJ NNS VBZ TO VB JJ IN DT NN WDT VBZ VBN IN DT NN , RB NNP CC NNP , DT NN IN DT NN VBN IN DT NN NNP VBD IN NNP . DT JJ NN VBD IN NNP IN NNP NNP , WDT VBZ RB VBN CD IN DT RBS VBN NNP NNS . NNP POS NNP NNP , RB , VBZ TO VB VBN IN DT , RBR JJ NN WDT VBD RB IN NNP . RB , DT VBZ RB VB DT IN DT NNP NNP VBP JJR NN IN NN , IN RB RBR JJ NNS MD VB DT JJ NN , DT NNP NNP NN VBZ . PRP VBP IN CD IN DT VBN NNS , IN PRP$ NNS CC NNS , WP VBD DT JJR NN , RB VBD JJ NNS . RBS RB , RB , DT NNS VBP PRP$ NNS MD VB DT NN IN DT RB HYPH VBN NN , IN DT CD HYPH NN HYPH NNS HYPH DT NN MD RB VB IN NN IN NNP HYPH CD . `` NN CC NN NN , IN JJ , VBZ TO VB DT NN IN DT VBG NNS , RB DT VBG NNS , IN NN TO VB JJ NNS , '' DT NN VBZ . RB , DT JJ NN VBZ RB RB VBN JJR IN CD CD NNS CC VBN JJR IN CD NNS . DT NN VBD VBN : NNP , NNP CD , CD IN CD NN"
457,43,conspiracy,"JJ NNS DT VBD JJ IN NNS IN NN , IN RB VBG IN NNS VBP NN . DT NNS , DT NNP NN IN NNP , NNP , VBP VBN RP RB IN DT JJ JJ NN VBG VBN IN NNS DT NN IN NNP IN JJ NNS . DT NNS IN PRP$ CD NNS , VBN RB , VBP NNP , NNP CC NNP . DT CD NNS VBD VBN IN DT JJ NN , CC IN NNS , PRP DT VBD RB JJ . IN PRP$ JJ NNS : IN NNP NN , CD , PRP VBD PRP RP IN DT -LRB- NN -RRB- NN : PRP VBD RB IN CD NN . DT CD . PRP$ NN RB VBZ DT NN IN PRP$ NN IN DT NN : PRP VBD DT NNS RB RB . IN NN , NNP VBD RB RP . PRP VBD IN IN PRP VBD JJ , CC JJ , CC JJ NN TO VB , IN RB RB JJ , JJ NN IN : PRP VBD JJ VBN NN NN , CC PRP VBD RB RP . DT PRP VBD VBD VB IN DT NN . IN CD PRP VBD NNP VBD RP . PDT PRP$ NN , NN , CC DT NN NN CC NN RB VBN RP . PDT DT NNS , PDT DT NNS , RB NN TO VB . PRP VBD PDT PRP$ NNS : PRP VBD VBG , VBG , VBG , VBG , PRP VBD PRP$ NN NN , DT VBD CD . DT JJS VBD WRB PRP VBD DT JJ NN VBN RP . PRP VBD NNP , PRP VBD IN PRP VBD VBN IN DT NN . PRP VBD DT VBN NN IN PRP$ NN , PRP VBD JJ , PRP VBD PRP$ NN . PRP VBD RB RBR VBN IN NN CC NN . PRP VBD PRP$ NNS . PRP RB VBD NNS RB , RB VBD IN DT JJ RB . -LRB- VBG -RRB- NN NN VBZ JJ . PRP VBD VBN VBZ VBD JJ , RB PRP VBD VBN EX VBD DT NN CD NNS VBD VBN RP IN DT JJ NN , PRP VBD RB JJ . PRP VBD VBN PRP MD RB VB NN . DT NN NNS MD VB VBN . PRP VBD RP -LRB- RBR -RRB- EX VBD DT NN NN NN . PRP RB VBD PRP PRP VBD RB JJ , -LRB- PRP -RRB- RB VBD CD NNS TO VB . VB DT JJ NN IN DT JJ NN NN NN WDT VBZ TO VB NN NN NNS IN NN , ADD : DT NN NN VBZ DT JJ NN . NNS IN NNS VBP VBN DT NN IN NNS , CC DT NN NNS CC NN NNS VBP VBG DT NN VBZ RB VBN VBN IN DT JJ NN , RB IN JJR CC JJR NNS VBP VBG RB IN PRP$ JJ , JJ NNS IN PRP$ NNS VBG VBN IN NN NNS ."
458,1261,mainstream,"DT NN HYPH VBG NN NN NNP VBD DT NN NN JJ NN IN VBG VBG NNS IN DT NNP HYPH CD NN NN . CC JJ NNS MD VB VBN RBR VBN IN CD JJ NNS IN DT NN . IN JJ NN , IN DT CD NNS VBG DT NN PRP VBD JJR IN $ CD CD IN NNS IN VBG NNS IN DT NN . IN JJS NNS , PRP VBD IN NNS IN DT NN IN NNP POS NN IN NN IN DT NN NN . IN DT CD NNS VBZ NNP NNP NNP NNP NNP , WP MD VB VBG NNP IN NNP , DT NN VBD NNP CD . IN DT NN , EX VBZ NN JJ IN DT NN NNS . VBG IN DT NN CC DT NNS POS NN HYPH VBN NNS , DT NNS VBD RB VBN IN NN IN JJ NN NN NNS VBN IN VBG JJ NNS IN NNS IN NN NN . `` DT NNS VBD NN IN DT VBN CD SYM CD NNS , '' NNP VBD IN DT VBN NN . JJ NNS VBP JJ IN JJ NNS , PRP VBP VBN IN NN IN DT NNS MD RB VB VBN IN VBG PRP TO VB IN JJ NN IN PRP$ NNS . CC EX VBD NN JJ IN NNP POS NN NN , WDT VBD IN NNS CC NNS DT NNS POS VBN NN NNS . DT NN IN DT NN NN VBD RB IN DT NN IN NNP , WDT IN JJ NNS VBZ VBN VBN IN VBG JJ IN PRP$ NNS . VBD DT NN JJ . NNP VBD RB VB IN PRP$ NN IN DT . CC PRP VBZ NN DT NNPS CC NNP NNP MD VB VBG , IN IN PRP VBD RB DT NN , RB DT MD VB IN DT NN VBD DT NN NN IN PRP$ NNS POS NN . DT NN NNS VBP JJ IN JJ NNS . CD VBZ IN PRP MD VB IN NNS IN NN NNS MD VB NNS IN PRP$ NNS . `` DT NNS IN DT VBP RB JJ , '' VBZ NNP NNP , DT JJ NN NN IN DT NNP IN NNP . NNP VBZ JJ IN DT NN NNS IN NNS IN PRP$ NNS . `` RB , WRB PRP VBP DT NN , RB PRP VBP , '' PRP VBD PRP . `` IN PRP VBP IN PRP VBP RB , DT VBZ RB VB DT NN IN NN IN WP PRP VBP VBG . '' RB , JJ NN NN NNS VBP VBG CC VBG IN JJ NNS IN NNS IN WP NNS RB VBP IN DT NN POS NNS . DT NN VBZ WP DT NNS POS NNS MD VB IN DT NN IN DT NN NN IN PRP$ NN NN . DT NN IN NNP , NNP CD , VBD DT JJ NN IN NNP POS NN NN , WDT VBD IN RB CD NN TO VB IN $ CD DT NN IN VBG IN $ CD . NNP RB VBD NN IN DT NN IN VBG DT NN IN CD CD JJ NNS IN $ CD DT . IN PRP VBD IN DT NN , DT NN NN MD VB VBN DT NN IN RB CD NN IN DT NN POS $ CD NN IN NNP CD , DT JJ NN NN IN DT NN NN . CC PRP VBD DT CD NN NN IN DT NN POS NN IN DT NNP CD NN . DT NNS VBP RB VBN RB IN JJR IN $ CD , IN PRP$ NNP CD NN . DT RB VBZ NN NN IN DT NN IN JJ NNS , RB RB IN NNS VBN IN DT JJ NN IN DT NN IN DT NN NN NNS . PRP VBD IN DT JJ NN IN DT NN NN IN PRP VBD VBN IN RB JJ NNS . DT JJ NNS IN RB CD NN NNS VBD VBN IN DT NN , IN JJ NNS IN CD JJ NNS VBN . DT JJ NNS VBD VBN , CC VBP DT NNS VBN VBN VBG NN HYPH NN RB RB . DT NN VBD VBN RB IN VBG IN NNP POS NN NN VBD JJ NN NNS : DT NN VBD IN RB JJ NN NNS VBD VBN IN DT JJ CD NNS . CC JJ NNS IN JJ NNS VBG RB NNS IN NNS IN JJ NNS MD VB VBN IN DT NN MD VB VBN JJ CC JJ IN NN HYPH CD NN CC VBN IN DT NNP CC NNP NNP IN JJ NN . IN DT NN IN DT JJ CC JJ NNS , NNP POS NN VBD JJ IN JJS . `` DT VBZ `` NN IN NN NN , '' '' VBD JJ NNP NNP NNP NN NNP NNP IN DT NNP NNP NN HYPH NNP , '' CC PRP VBZ VBG NN IN DT JJ NNS IN NN CC NN IN DT NN WRB PRP VBP PRP JJS . '' IN PRP VBZ , NNP VBZ VBN VBN IN DT NN IN RB VBG JJ IN DT , IN PRP$ NN IN PRP VBZ VBN DT JJ NN IN NN NN VBN IN NN NN , DT NN WDT VBZ NNS IN NN TO VB NNS , VBG NN NNS , IN DT NN . DT NN VBZ IN VBG NN TO VB NNS MD VB DT NN VBN TO VB DT NNS . IN DT CD NN IN DT NNP NNP , NNP POS NN , NNP NNP , VBD DT NN POS NN IN JJ IN `` JJ NNS . '' PRP VBD DT NNP , `` PRP VBD VB PRP RB VB DT NN WRB DT VBZ IN PRP VBP VBN DT NN IN NN . '' NNP VBZ VBN DT JJ CC JJ NN IN NNP NNS , VBG VBN NNS JJ JJR IN $ CD CD DT NN RB . PRP$ RBS JJ NNS , IN NNP CD CC CD , RB VBD PRP IN RB CD CD NNS IN NN , VBG IN NN NNS . CD JJ JJ NNS VBD NN NNS TO VB NNS CC RB VBD DT NNS IN NNP CD , DT NN IN DT NN NN , CC DT CD VBG NNS . IN PRP VBD NNP JJ NN NNP NNP NNP , WP VBD VBG NNS IN CD NNS IN NNP CD CC VBG PRP DT JJ NN . NNS VBP DT NN DT NN TO VB NNS IN DT VBN NN IN DT JJ NN IN NN . NNP VBD PRP$ NNS IN $ CD IN NN CC VBD DT NNS IN $ CD , VBG DT NN IN JJR IN $ CD CD . NNP RB VBZ NNS IN CD NNS , VBG IN PRP$ NN NN . NNP NNP , JJ JJ NN , VBD NNS IN CD NNS IN $ CD CC VBD DT NNS IN $ CD IN NNP CD , VBG DT NN IN $ CD CD . NNP RB VBZ NNS IN RB CD NNS . NNP VBD DT VBG NN IN DT NNP CD NN . IN DT NN NN IN NN NNS DT NN , PRP VBD IN DT VBN NNS VBD IN NNP POS NN VBD JJ TO VB JJ IN NNP HYPH CD . `` DT NN IN DT NN VBZ PRP IN DT VBZ DT JJ NN CC PRP MD VB JJ , '' PRP VBD . JJ NNP NNP NNP NNP NNP VBD NNS IN RB CD NNS IN $ CD CC $ CD IN NNP CD , CC VBD DT NNS DT JJ NN IN NNS VBG IN $ CD IN $ CD , IN DT JJ NN IN $ CD CD . PRP RB VBZ NNS IN RB CD CD NNS . NNP VBZ RB VBN WRB NNP VBZ VBG CC IN PRP VBZ DT JJ NN VBN RP ."
459,1326,conspiracy,"WRB PRP VBZ IN NN NN , PRP VBZ DT JJ NN IN DT JJ NN RB VBZ RB VBG VBN DT JJ NN IN WP JJ NN NNS RB VBP VBZ DT `` JJS JJ NN '' IN NN . JJ NNS : RB NNS : VBP , IN NN , VBN CC VBN IN NNS IN DT JJ NN , CC CC RB RB CD NN IN JJ NNS VBP RB VBN IN NN NNS . VBG IN DT NN POS JJ JJ NNS IN NN JJ NNS , RB DT JJ NN IN NN NNS CC NNS RB VBP PRP IN DT JJ NNS VBN IN NN IN JJ NN NN . DT VBZ IN DT NN CC NN NNS IN NNS WDT VBP VBN IN NNS IN DT NNP NNPS IN NNP NNP CC NNP -LRB- NNP -RRB- , RB RB IN DT NN NN PRP , VBP VBN IN JJ : CC RB JJ : NN . RB , NNS IN NNS VBP RB VBN RP IN `` NN NN '' IN NN IN DT NNP NNP NNP NNP NNP -LRB- NNP -RRB- , WDT VBZ IN NN IN DT NN IN NN NNS VBP RB RBR JJ IN DT NNS CC NNS VBN IN PRP$ NNS . `` DT NNP NNP NNP NNP NNP -LRB- NNP -RRB- VBD VBN IN NNP NNP IN CD IN DT `` JJ NN '' IN JJ NN IN NN NNS , '' VBZ NNP NNP IN NNP . `` DT JJ NN VBZ DT NNP NNP NNP NNP NNP -LRB- NNP -RRB- IN PRP$ JJ `` NN NN . '' '' IN JJR NN IN NNS WDT PRP MD RB VB IN IN DT JJ NN , VB JJ TO VB RP NNS . VBG NNS IN `` NN NN '' VBZ RB JJ IN NNS IN NN HYPH VBN CC NN HYPH VBN NNS PRP VBZ JJ RB IN `` NN NN '' VBZ IN DT NNS IN DT JJ JJ NN , VBG IN DT NN IN NN NNS TO VB VBG RP JJ CC JJ NNS IN DT NN CC NN IN PRP . WP VBZ JJR VBZ IN , IN DT JJ NNS IN NN HYPH VBN NN CC NN WDT RB VBP PRP IN NN NN IN DT , JJR IN CD HYPH NN NN RP VBG VBN . `` IN DT NNS VBP VB DT JJ NN , RB PRP VBZ IN DT NN VBZ RBR IN VBG DT NN NN , '' NNP VBZ . `` IN JJ NN VBZ RB JJ IN PRP$ NNS , WRB MD PRP VB IN VBG NNS JJR . '' IN DT JJ NN , DT NNP VBZ RB VBN DT NN IN EX MD RB VB RB JJ NNS IN PRP$ JJ NN NN , WDT VBZ IN DT NN NN VBZ RB HYPH VBN HYPH NN HYPH IN RB . PRP VBZ DT NN WDT VBZ NN NNS IN DT NN IN NNS POS NN : CC PRP VBZ JJ TO VB RB RB IN DT JJ NN IN NNS VBZ IN NN IN DT JJ NN . NNS VBN IN NN IN NNP NNS VBP VBN IN CD NNS DT NN IN NN JJ TO VB NN DT RB HYPH VBN NN IN DT NN NN VBZ DT JJ NN IN NNS WDT NNS VBP VBN IN WRB PRP VBP DT NNS IN NNS IN DT JJ NNP NN IN DT JJ JJ NNS IN PRP$ NNS . DT JJ CD NNS -LRB- NN -RRB- IN NN IN NNS , CC CD NN IN NN IN NNS , VBZ VBN DT JJ NN IN WDT JJ NN , CC RB RB NN , MD VB . CC RB , NNS VBN IN NN IN NNP NNS VBP IN JJS CD NN IN NN IN PRP$ NNS : CC CD NNS DT `` JJ '' NN IN NNS . `` VBG NNS IN DT JJ NN VBZ RB `` JJ '' CC `` JJ . '' PRP VBZ RB JJ , '' NNP VBZ . `` PRP , IN JJ NNS , MD VB PRP CC -LRB- RB -RRB- VB VBN NNS IN PRP$ NN . '' TO VB JJR IN DT NNS WDT NN POS NNS VBP IN DT NN IN NN NNS IN NNS , VB JJ TO VB RP NNP . NN : PRP IN NN IN NN -LRB- NNP -RRB- VBP PRP NN WDT VBZ RB VBN IN DT JJ NN , CC RB MD VB JJ . DT NNS , NNS , NNS , CC , CC NN PRP VBP VBP RB RB VBN , VBN , VBN , CC VBN TO IN VB IN NNP , PRP$ NN NN , NNS , DT WP VBP IN NNP , CC DT WP VBP PRP$ NN . RB , PRP VBP RB JJ . UH VB NN . VB JJ NN , PRP$ JJ NN CC PRP$ JJ NN IN NNP , NNP CC JJ NNPS TO VB PRP VB WP VBZ JJ CC WP VBZ RB . IN VBG NN CC VBG NN , PRP VBZ PRP$ NN TO VB NN CC NN IN JJR NNS TO VB PRP IN NN IN DT NN IN DT NN NN ."
460,76,mainstream,"DT VBZ WRB PRP VBP TO VB DT JJ NN WDT VBZ IN DT NN VBZ JJ CC IN PRP VBP DT JJS NN IN NN IN VBG IN DT NN IN JJ NNS , NN NN TO VB IN JJ NN CC RB VB RB IN DT NN TO VB IN PRP DT . DT VBZ DT NN WDT PRP VBP VBG IN NNP -LRB- DT NNP IN NNP NNP NNP -RRB- CC PRP VBP RB VBG DT VBN NN IN CD NN NNS . RB , NNP , DT NNP NNP , VBZ VBG PRP$ NN TO VB NNS TO VB NNS TO VB HYPH RP CC VB NN NN IN NNS VBP RB VBN , IN IN PRP$ NN NN . CC IN PRP TO VB PRP VBZ VBG TO VB JJ JJ NN : WDT VBZ IN DT `` JJ NN '' IN NN IN NNP : IN CD WDT VBZ RB IN DT JJS JJ HYPH NN NN IN NN . DT MD VB VBG DT JJ NN IN NN NN CC NN NN NNS WDT VBP JJ TO VB VBN WRB PRP VBP PRP . DT MD RB VB JJ CC IN DT NN VBG DT JJ NN DT VBN NNP $ CD CD DT NN WDT VBZ PRP MD RB VB TO RB VB DT . NNS VBP VBG JJ NN TO VB DT NN IN NN CC PRP VBZ JJ IN PRP VBP RB VB DT NN IN DT NN IN JJ IN JJ NN . IN DT NN DT NN VBZ RB , RB PRP VBP TO VB RB IN WRB PRP MD RBS RB VB NN IN NN IN PRP MD VB DT RBS JJ NN IN DT NN . PRP VBP RB JJ WRB NN VBZ JJ . IN DT VBZ VBN IN JJ NNS TO VB JJ PRP MD RB VB CC VBG PRP RB IN NN NNS , VBZ NN CC NN CC NN NNS . RB IN VBG DT IN VBG JJ NN NNS , VBG RB VBZ NNS VBP VBN CC PRP VBP PRP JJR NNS IN NN . IN RB VBG DT DT NN IN DT NN RB DT JJ IN DT NN WDT MD RB VB PRP DT . IN NNP , DT NN IN DT NNP NNP CC DT NN NN IN DT NNP NNP NNP , IN DT NN IN CD NNS IN NN CC NN , VBG DT NNP , VBD CC VBD TO VB NN IN DT NN IN NNP HYPH CD NNS -LRB- NN -RRB- NN , IN NNP CC NNP VBG IN DT NN CC NN IN DT NN IN NNP HYPH CD . CC JJ NN IN DT NNP NNP NNP DT NNS IN CD NNS VBD IN DT NN WDT VBZ DT NN IN NNP HYPH CD NNS TO VB VBN RB JJ . DT IN DT NNS VBP JJ NNS RB IN VBG DT NN IN NN IN PRP . PRP VBP RB VBN DT JJ CC JJ NN WDT DT NN VBZ VBN IN DT NN CC PRP DT VBP TO VB PRP RB . DT NN VBZ IN PRP MD RB VB TO VB DT IN JJ NN . NNS MD VB TO VB RB CC VB DT JJ NN IN WRB PRP VBP NNS IN NN NN CC NN . VBG PRP RB VBZ DT NN IN NN . IN VBG IN DT NNP HYPH NNP , CC IN NNP CC NNP , NNS VBP PRP$ NNS IN VBG DT JJ NN CC VBP RBR JJ TO VB DT NNS PRP DT VBP TO RB VB DT NN . NFP NNP NNP NNP VBZ NN IN NNP , DT NNP NNP CC NNP NNP NNP VBZ NN IN DT NNP IN NNP NNP NNP VB PRP CC PRP$ NN IN VBG JJR IN JJ NN NN"
461,1100,mainstream,"IN DT JJ NN IN JJ NN -LRB- NNP CD -RRB- , JJ NN VBZ DT JJ NN IN VBG DT NN NNP HYPH CD . RB , EX VBZ NN IN DT NN WDT MD VB IN NN IN DT NN , CC RB VBP DT IN DT NNS WDT JJ NNS VBP CC WDT MD VB DT NN IN JJ NNS IN DT JJ NN NN IN DT JJ NN CC RB VB PRP IN DT JJ JJ NNS . RB , JJ NN CC NN -LRB- DT VBZ DT JJ NN IN RB JJ JJ NNS , NNP FW CC FW FW -RRB- VBZ DT JJ NN IN JJ NNS , DT IN WDT VBP IN DT NNS . RB , PRP VBZ RB VBN IN NNP TO VB JJ JJ NNS CC NN NNS TO VB NNS , NN , CC JJ NNS . PRP VBZ VBN TO VB RB JJ IN VBG NN CC VBZ JJ NNS -LRB- NNP CD -RRB- . DT NNS WDT VBP NNS VBP RB DT JJ NN IN DT NN IN DT NN IN JJ NNS WP$ NN NNS VBP IN NNS IN NN CC IN NNS CC NN IN NN -LRB- NNP CD -RRB- . RB , NNPS , NNPS , CC NNPS MD VB DT JJ NN IN JJ NNS -LRB- NNP CD : NNP CD -RRB- . DT NNS IN VBG CC , CC VBG JJ NNS VBP RB VBN JJ NN IN NN . VBG NNS VBP VBN IN JJ JJ NNS WDT VBP RB VBN VBN IN DT NN . DT `` JJ NN , '' JJ IN NNS IN NNS IN NNS IN DT JJ JJ NN , VBD DT JJ NN , CD IN DT RBS JJ IN JJ NN . DT NN NN VBD IN CD IN DT `` JJ NN '' CC RB RB IN CD IN DT `` NNP NNP NN '' WDT VBD RB CD CD NNS . DT RBS JJ NN NN IN DT NN VBD IN CD IN `` NN NN '' WDT VBD CD NNS . IN PRP$ NN NN IN CD CD , DT JJ NN , CC JJ JJ JJ NN -LRB- NNP HYPH NNP -RRB- , VBD JJR IN CD NNS , VBG CD NNS IN CD NNS -LRB- NNP CC NNP CD -RRB- . JJ JJ NNS -LRB- NNP -RRB- VBP DT JJ NN IN NN NN CC NN RB . NNS VBP IN DT NN IN NN IN JJ NNS , CC JJS NNS VBP VBN IN JJ JJ NN -LRB- NNP -RRB- , NN NN -LRB- NN -RRB- , NN NN -LRB- NN -RRB- , NN -LRB- NN -RRB- , CC NN -LRB- NNP -RRB- -LRB- NNP CD : NNP FW FW . CD : NNP FW FW CD : NNP FW FW CD -RRB- . IN DT JJ JJ NNS , RB VBN NNS VBD VBN IN JJ NN , JJ IN JJ NN -LRB- NN -RRB- , DT VBG JJ NNS -LRB- NN -RRB- , JJ NN -LRB- NN -RRB- , CC DT JJ JJ NN NNS NNP CC NNP -LRB- NNP CD : NNP FW FW CD -RRB- . DT JJ NN IN DT JJ JJ NN VBN IN DT NN , VBN NN NN CD -LRB- NNP SYM CD -RRB- , VBZ DT RB VBN NN IN DT NN NN IN NNS IN RB CD NNS , WDT VBD IN DT JJ NN -LRB- DT CD NN VBZ RB IN DT NN PRP VBD VBN , CD -RRB- . DT NNP NNP NNP -LRB- NNP -RRB- IN DT NNP NNP NNP NNP , JJ IN DT NN IN DT NN NN CC NN IN DT NN IN DT NNP NN , VBD DT NN IN DT JJ NN , RB VBN CD HYPH NNP , IN DT NNP . VBN IN NN , NN , CC VBN NN , DT NNP VBZ DT NN IN DT NN VBN IN DT NN NN IN DT JJ JJ JJ JJ NN CC NN -LRB- NN HYPH NNS -RRB- IN DT NN NNS JJ IN JJ JJ JJ NN , VBN IN IN NNP HYPH NNP HYPH CD -LRB- NNP FW FW CD : NNP FW FW CD -RRB- . RB , DT JJ JJ NNS IN NN HYPH CD NN IN NNP , RB IN NNP , VBD RB JJ IN DT JJ CC JJ NN IN NN CC DT JJ NN IN NN IN PRP$ NN . RB , RB , DT NN IN VBN IN NN HYPH CD VBD RB , IN NNS IN NN CC NN IN NN IN DT NN VBD RB VBN -LRB- NNP CD -RRB- . DT NNS VBP IN NN VBD NNP NNS TO VB NN IN DT JJ NN , CC PRP$ NN VBD RB DT CD NN JJ NN , VBG JJ NNS IN NN CC , CC JJ NN . JJ JJ JJ JJ NN NN , RB VBN IN DT JJ NN , VBZ DT RBS RB VBN JJ NN IN JJ NNS . NNS VBP CD IN CD JJ JJ NNS IN NN , CC NNS VBP IN CD IN CD NNS IN NN -LRB- NNP CD -RRB- . IN JJS IN NNS , DT JJ NN VBZ VBN IN JJ NNS JJ IN NN , NN , NN , NN , JJ NN NN , NN , NN , CC NN -LRB- NNP CC NNP CD : FW FW FW CD : NNP FW FW CD : NNP CD -RRB- . VBG IN DT NN IN NNP FW FW -LRB- CD -RRB- , DT NN IN DT NN JJ NN , IN NNS RB RB IN IN NNS , VBG IN NN HYPH VBN JJ NN VBD DT NN IN NN , VBN JJ NN , CC VBD NNS IN NNS . NN JJ NN VBD IN DT JJ NN IN DT JJ NN IN NNS -LRB- RB VBN IN `` FW NNS '' -RRB- CC NNS -LRB- NNP FW FW . CD , CD : NNP FW FW CD -RRB- . DT JJ NN VBG RB NN HYPH NN , CC RB IN `` NN , '' VBD VBN TO VB DT JJ HYPH IN HYPH VB NN IN JJ JJ NN NNS IN NNS IN NN IN NN IN NN NN -LRB- NN -RRB- -LRB- NNP FW FW CD : NNP NNP FW FW CD -RRB- . NNS VBD VBN TO VB IN DT JJ CC JJ NN IN DT JJ NN IN DT JJ JJ NN . IN IN JJR NN IN DT NN NN IN DT JJ JJ NN CC DT JJ JJ NN IN NN CC `` NN , '' DT NN IN VBG VBN NNS IN `` NN '' MD VB VBN . CC JJ NNS MD VB DT NN CC , CC NN IN DT NN NN , CC DT NN VBZ VBN TO VB RB , IN RB RB -LRB- NNP HYPH NNP FW FW CD -RRB- . RB , IN IN DT JJ JJ NN IN NN , NNS MD VB , IN NN , DT JJ NN IN JJ JJ NNS . RB , NNS MD VB IN DT VBN NN IN DT NN IN JJR NNS . IN NN IN DT NNS VBN TO VB DT NN NN NN , DT JJ NN VBZ DT JJ JJ NN -LRB- NNP FW FW CD : NNP NNP FW FW CD -RRB- . DT JJ NN NNP NNP VBZ DT JJ NN VBN NNP , WDT VBZ DT NN IN NN HYPH NN -LRB- NNP FW FW CD , CD : NNP FW FW CD -RRB- . IN JJ NNS , DT JJ NN IN DT VBG CC VBG JJ NNS VBZ VBN JJ NN IN JJ NN . IN DT JJ NNS , DT NN IN JJ NNS VBN IN JJ NN VBZ VBN VBN IN CD IN JJR IN CD NNS . DT JJ JJ NN IN JJ NN NNS VBD RB VBN IN NNP FW FW -LRB- CD -RRB- , VBG IN DT NNS VBN IN DT JJ NN FW FW -LRB- RB FW FW -RRB- -LRB- NNP -RRB- VBG JJ NNS IN NN NN CC NNS NN . JJ NNS IN JJ NN VBP JJ NNS IN JJ JJ JJ NNS WDT VBP VBN VBN TO VB DT NN IN VBN NNS VBG NNS IN DT NNPS . JJ NNS , CC IN JJ NN -LRB- FW , DT NN NN -RRB- , CC JJ JJ NNS VBN IN JJ NN -LRB- FW NNS -RRB- CC JJ NN -LRB- FW NNS -RRB- MD VB JJ JJ JJ NNS IN NNP HYPH NNP HYPH CD -LRB- NNP NNP FW FW . CD , NNP FW NNP . CD , NNP FW NNP . CD , NNP CD CD , NNP NNP FW CD , NNP CD , NNP FW FW CD -RRB- ."
462,902,mainstream,"NNP NNP NNP RB MD RB VB NN . `` WRB VBZ DT NN . '' PRP VBD IN DT NN IN `` JJ NN IN NNP NNP . '' `` RB VBZ WP PRP VBP IN PDT DT NNS CC RB VBZ WP PRP VBP RB PRP VBZ IN NN VBZ RB JJ , '' DT CD HYPH NN HYPH JJ NN VBD . DT NNP IN NNP NNP CC NNP VBD IN EX VBZ DT NN IN CC NNS CC NN , RB VBG IN DT NN NN , NNP NNP : WP VBZ DT NN IN DT JJ NN : VBZ PRP$ NNS . `` WP VBD PRP , WRB VBZ PRP VBN . '' PRP VBD IN NNS IN DT NNP POS NN . DT NN IN PRP VBD DT NN WDT VBD DT NNP IN VBG RP DT NN IN NNS CC VBG NN NNS IN DT NNP NNP NNP , DT NN VBD NNS IN NNP NNP NNP NNP IN VBG DT NN IN VBG NNS CC JJ NNS . NNP VBD IN PRP VBD VBN VBN TO VB DT JJ NN NN NN IN DT NNP NN WRB PRP VBD IN DT NNP NNP NNP IN NNP IN DT NN . `` IN CD NN , DT NN VBZ VBG JJ NNS WDT NN HYPH VBN NN TO VB IN IN PRP VBP RB VB PRP$ NNS , CC IN DT JJ , DT NNP VBZ VBG NN HYPH VBG NNS IN JJ NNS , NNS CC NNS , '' NNP VBD . NNP NNP WP VBD NNP IN NNP , VBD PRP VBZ RB RB JJ CC VBZ VBG JJR NN . `` PRP VBP NNS PDT DT NN , CC PRP$ NNS VBP VBN -LRB- VBN -RRB- CC EX VBZ NN JJ CC PRP VBN TO VB VBN , '' PRP VBD . VB RB IN JJR IN DT NNP NNP NNP ."
463,884,conspiracy,"NNS VBP IN VBN NN WDT VBZ JJ NNS VBP JJR IN VBN NNS DT NN IN NNS MD VB JJ NNS IN NNS POS NN CC JJ NNS VBZ VBN IN DT NN IN DT JJ NN IN NNS , VBG JJ WP VBP PRP `` NN . '' `` IN PRP VBP RB VB DT JJ NNS , PRP MD RB VB DT JJ NNS , '' VBD NNP NNP , NNP , DT NN NN NN IN NNP , NNP , IN CD NNS IN JJ NN . `` IN PRP RB VBP DT NN IN DT VBG NNS IN NN NNS , VBG NN , NN , NN CC JJ NN HYPH NN NNS VBP VBN IN NNS , PRP MD RB VB RP IN PRP$ NNS POS NN NNS VBP NN HYPH JJ NNS . '' NNP VBZ PRP VBZ IN IN HYPH NN VBZ DT NN IN DT VBG NN NNS VBN IN NNS IN JJ NNS . DT RBS JJ , NN HYPH VBN NN VBD VBN IN NN IN DT NN NNPS IN NNP NNP , VBG IN NNP NNP , NN . DT NN VBD VBN DT NN NN CC DT NN VBN IN DT NN POS NN . JJ NNS RBR , DT NNS IN DT NN VBD IN DT NN IN NN NNP VBZ DT NN IN PRP$ NNP , PRP$ NNP CC DT NN -LRB- IN NNP NNP NNP , NNP -RRB- IN DT NNP HYPH NNP NNP . VBG IN NNP , DT NN VBD DT NN VBG NN NNS IN CD RB VBN CC RB JJ NNS IN DT NNS IN CD CC CD VBG IN NNP , NNP , NNP CC NNP . NN VBD VBN IN JJ NN IN CD . DT NNS VBD IN IN JJ NNS VBD RB RBR JJ TO VB NN CC NN -LRB- NN NN -RRB- , PRP VBD RB RBR JJ TO VB NNS , NN NNS , NN , CC JJ JJ NN NNS -LRB- VBG NN -RRB- IN DT RB VBN NNS . RB , VBN NNS VBD RB DT NN IN JJ NN CC CD NNS DT NN IN NN , NN NNS , CC NN NN NN NN -LRB- NNP -RRB- . VBN NNS WP VBD VBN VBN RB VBD CD NNS RBR JJ TO VB IN NN CC JJ JJ JJ NNS IN JJ NNS . JJ JJ NNS IN NNS VBG VBN CC JJ NNS VBP VBN JJ NNS . DT NN IN NN NN VBZ JJ IN JJ NNS , JJ IN JJ NN NNP NNP NNP IN NNP NNP , NNP . NNP VBZ PRP VBZ NN HYPH VBN NNS DT NN . `` PRP VBZ RB DT JJ NN TO VB IN PRP MD RB VB DT RB HYPH VBG NN IN NNS IN VBG NN , '' NNP VBD . `` EX VBZ DT NN NN IN JJ NNS IN NNS IN DT NNS WDT PRP MD VB . '' NNP VBZ PRP RB VBZ IN NNS WP VBD TO VB JJR NNS VBN IN DT JJ NNS IN DT JJ NN VBP JJR NN , JJ NN CC JJ NN IN PRP$ VBN NNS . NNP NNP , NNP , IN NNP HYPH NNP , NNP NNP , VBD TO VB IN DT NN IN DT NN IN NNS CC NN . CC IN VBG DT JJ NNS IN PRP , DT CD HYPH NN HYPH JJ NN VBD PRP MD RB RBR VB DT NN NN . `` EX VBZ RB DT NN IN NNS CC NN , '' NNP VBD . `` CC TO VB IN `` NNS VBP NN '' VBZ DT JJ , JJ NN . IN DT JJ NN , TO VB IN `` NNS VBP RB VB NN '' VBZ RB JJ . IN JJ NNS , IN IN JJ NN , NNS RB MD VB NN CC VB IN PRP . '' NNP VBZ NN IN DT NNS IN NNS IN NN TO VB NNS TO VB PRP$ NN . JJ NNS VBP JJ IN `` JJ '' NNS WP VBP JJ TO VB DT NN IN NN . DT JJ NN VBZ VBN IN NN NNP NNP IN NNP NNP NNP . NNP , WP VBZ NNS VBP VBN NNS IN NNS , VBZ JJ NN IN NN NNS . CC PRP VBZ IN RB JJ DT NN IN NNS VBP RB VB IN NN . DT JJ NNS IN NNS WP VBD NN CC JJ NN VBP RB IN NN VBP JJ IN NN , NNP VBZ . CC DT VBZ TO VB VBN ."
464,1064,mainstream,"-LRB- NNP -RRB- CD JJ NNS VBP VBN DT NN IN DT NNP NNPS IN NNP NNP CC NNP , VBG IN DT NN TO VB DT `` JJ '' NN IN NN NNS IN DT NN IN DT NN NN . RBR DT NN , DT NNP VBD DT `` JJ NN '' IN DT NN IN NNS VBN IN DT JJ NN WDT VBZ NN IN DT NNS IN DT NN . JJ NNS VBP RB VBN NNS . DT NN IN NNS , VBN IN NNP NNP POS NNP NNP , VBD DT NNP TO VB DT NN TO VB DT NN . `` PRP VBP TO VB JJ NN VBG DT JJ NN IN JJ NN NN NNS IN DT NNP NNPS IN DT JJ NN -LRB- NNP HYPH CD -RRB- NN , CC VBP PRP TO VB JJ NN TO VB CC VB JJ JJ NNS IN DT NN IN DT NN HYPH CD NN , '' DT NNS VBD IN DT NN , VBN RB IN NNP . DT NNP VBZ VBZ IN JJ CC RB VBN NNS MD VB IN NN IN JJ JJ NNS IN NN . `` JJ NNS MD VB NNS IN NN , CC VB JJ NN IN PRP$ NN NN NN CC JJ NN NN IN DT NN WRB DT NNS VBP VBG TO VB IN DT NN HYPH CD NN , '' DT NNS VBD . `` TO VB DT JJ NN , PRP VBP DT NNP TO RB VB DT NN NN WDT VBZ VBN JJ NN CC NN NNS IN VBG NN NN CC VBG DT NN IN JJ NNS , '' PRP VBD . PRP RB VBD DT NNP TO VB NNS IN NNS WRB NNS VBP VBN , CC TO VB NN IN WRB NNS MD RB VB PRP$ NNS VBN . `` WDT JJ NNS VBZ NNP VBG TO VB DT JJ NN IN NNS IN JJ NNP . '' PRP VBD . PRP RB VBD WP NNP VBZ VBG IN DT RB JJ NNS IN NN NNS . `` VBZ NNP VBG DT JJ NN NN TO VB NN NN , CC IN RB , WRB MD NNP VB IN DT JJ NN IN DT NN IN JJ NNS VBZ VBG NNS CC NNS . '' PRP VBD . PRP VBD VB NN . `` VBZ NNP VB JJ NNS IN NNP IN NN TO VB NNS TO VB DT NN IN JJ NNS . IN RB , WDT NN IN NN MD VB JJ . '' PRP VBD ."
465,308,mainstream,"VBG IN NNS NNS MD VB IN NNS JJ NNS MD RB VB NNS IN NNS WRB PRP VBP PRP$ JJ NN CC VB NN WDT VBZ NNS MD VB NNS IN PRP$ NN . IN DT NN VBZ PRP$ NN , DT VBZ RB RB VB PRP MD RB VB NNS . PRP VBP PRP PRP$ RBS VBN NN IN NN WRB PRP VBZ IN NNS CC RB NNS RB VBP PRP$ NNS IN PRP$ NNS . DT NN VBZ DT IN DT NNS NNS VBP IN JJS CC NNS IN WRB TO VB PRP$ NNS . PRP VBZ VBN IN DT NN IN VBG IN NNS IN NNS IN NNS . NNS IN DT NN NN CC NN IN NNS DT NNS MD VB VBN IN EX VBP RB JJ NNS CC PRP$ NN MD VB RB JJ IN CD NN . CC , PRP MD RB VB IN VBG DT VBN NN NN VBZ DT JJS NN IN DT JJS JJ NN IN JJ NNS WDT MD VB NNS RB IN NN . NNS MD VB : MD PRP VB PRP$ NN TO VB JJ NNS IN CD NN . VBZ PRP$ NN VB DT IN DT NNS VBN . TO VB , PRP MD : NFP VB IN DT NN VBZ IN VBG JJ NNS IN CD NN MD VB CC VB DT JJ NN POS NN NN . SYM VB WDT NNS VBP -LRB- NNS IN NNS -RRB- CC VB DT JJ NN IN NNS IN NNS VBN IN DT NNS NNS VBP DT NN IN PRP$ NN . NFP VB NNS IN PRP MD VB DT NN NN IN NN TO VB PRP$ NN RB RB IN JJ CC PRP$ NN MD VB DT JJ NN NN IN DT JJS NN . EX VBP DT NNS TO VB IN NN RP NNS VBZ JJ CC JJ NN IN DT NNS . NNS IN IN NNS VBP RBR JJ IN NNS IN DT NNS PRP VBP IN NNS VBP RB JJ , JJ NNS VBP RB VBN DT NN IN DT NN HYPH JJ NN RB . RB , PRP MD VB IN NNS VBP JJ CC IN DT NNS IN VBG NNS VBP DT NNS IN NN IN NN JJ NNS . NNS MD VB : VBP DT NNS WDT JJ . VBZ PRP JJ IN PRP$ NN MD VB DT NN . MD NNS IN NNS VB PRP$ NN JJR IN RB VBG DT NN MD . TO VB , PRP MD : NFP VB PRP$ NN IN WRB DT JJ NNS RB VBP CC VB IN NNS RB VBP IN DT NNP IN NN : NFP IN NN IN NN , NNS NNS IN DT NNP MD VB IN RB JJR IN CD IN DT NN CD . RB , IN CD , NN NNS VBD NNS IN CD NNS IN CD NNS . NFP IN CD SYM CD , NN NNS VBD JJR IN CD NNS IN NN NN DT NN IN DT NNP CC , IN CD , NN NNS VBP VBN RB CD CC CD NNS IN NN NN DT NN IN NNP . NFP VB NNS IN NNS VBN IN DT NNP MD VB JJ NNS IN NNS VBP DT NNS IN JJ NNS . IN PRP VBP IN HYPH IN HYPH NN NN IN JJ NNS , VB NN NN NNS IN NNS . VB NNS IN JJ NN HYPH JJ NNS MD VB RB JJ IN JJ NNS CC EX VBZ DT NN TO VB IN NN IN PRP$ NN MD VB DT JJ CC JJ NN . IN NNS , PRP$ NN VBZ IN NN IN VBG RB JJ CC VBG NN , NN , CC RB NN IN NNS IN NNS CC NN NN . PRP VBZ JJ IN NNS TO VB VBN IN JJ NNS CC NN NNS VBN IN NN NN NNS . NNS , IN DT NN , MD VB DT NN NNS . JJ IN DT NNS VBP JJ , JJ , CC VB RB DT JJ NNS . NNS MD VB : MD PRP$ NN VB JJ IN PRP VBZ DT NN NN . PRP VBP NN WP$ NN VBD DT JJ NN : MD PRP$ NN RB . TO VB , PRP MD : NFP VB NNS IN JJS NN NNS VBP JJ CC VB RB IN DT JJ NNS . NFP VB NNS IN PRP CC PRP$ NN VBP VBN TO VB IN JJ NN NNS . NFP VB NNS TO VB IN JJ NN NNS -LRB- NN , JJ HYPH NN NN , NN WRB DT NN VBD VBN -RRB- CC VB NN IN WRB PRP MD VB PRP CC WRB TO VB PRP IN PRP VBP NN PRP VBP VBN IN . NFP VB PRP$ JJ NN , CC VB NN , IN VBG DT JJ NN NN IN DT NN . VB IN JJ NN NNS VBP RB JJ . VB NNS IN DT NN HYPH NN NNS IN VBG NNS VBP RB JJR IN DT NNS IN JJ NN NNS . NNS WP VBP IN NN IN NN NN MD RB VB NN WDT VBZ NNS MD VB IN JJ JJ HYPH NN NN NNS . PRP VBZ JJ IN NNS MD VB DT JJ . NNS MD VB : VBP NNS VB JJ HYPH NN NN NNS . MD VBG DT NN RB VB PRP$ NN POS NN . TO VB , PRP MD VB DT : NFP NNS VBP RB VBN IN NNS IN NN NNS JJ IN NN , NN , CC NN HYPH NN NNS . NFP EX VBZ DT NN TO VB IN NNS VBP DT JJ , JJ NN . RB , PRP VBP NN IN NN VBZ DT JJ CC JJ NN . NNS MD VB IN DT NNS VBN IN NNS . VB PRP VB IN NNS VBP RB JJ NNS IN DT NNS VBN RB CC IN DT NNS VBP JJ NNS CC IN VBG DT NN CC IN VBG IN DT JJ NN VBZ JJ CC JJ . NNS MD VB : VBP DT NNS IN NNS JJ . VBP RB NN CC NN JJ . NFP NNS VBP NN IN DT NN . NNP , DT NN VBG NN , VBZ DT NN RB VBN IN JJ NN NNS IN NN NN . NFP NNS CC NNS , JJ IN NN NNS , VBP VBN TO VB DT NN VB NN CC DT JJR JJ NN . NFP NNS , JJ IN NNS CC NN , VBP VBN TO VB DT NN JJ IN NN CC NN . NFP JJ NN NN NNS , JJ IN NN NN , VBP VBN TO VB JJ IN DT NN CC NN TO VB DT NN . NFP JJ VBG NNS , JJ IN NN , VBP VBN IN DT NN NN TO VB NNS CC VB NNS IN DT NN NN . NFP JJ NNS , JJ IN NN , VBP VBN IN DT NN NN NN TO VB NN IN NN . NNS IN IN NNS VBP VBN IN NN IN JJ NNS VBP JJ IN JJ NNS VBP NNS VBP NN TO VB IN NN , DT NNS VBP VBG NNS CC NNS . NNS MD VB : PRP VBP VBN DT NNS VBP PRP$ NN POS NN VBN IN NNS , WRB VBP PRP VB NNS VBP RB VB NN . JJ JJ NNS VBP IN EX VBZ DT NN IN NN NN CC NN CC NN . IN NNS VBP JJ JJ NNS VBG NNS IN NN , CD NNS VBP JJ : NFP VB NN CC JJ NN WDT PRP VBP PRP$ NN POS NN VBZ PRP$ JJ NN , CC PRP RB VBZ PRP$ JJ NN , RB VBG NNS IN NN IN NN HYPH JJ NNS IN JJ NN IN DT NN IN NNS CC NN VBZ DT NN PRP VBP RB JJ TO VB . NFP VB IN DT NN IN NN NNS RB VBZ IN DT NN IN NNS CC VBZ NN TO VB IN NNS . NFP VB PRP$ JJ CC JJ NN IN NNS VBP RB JJ . NNS IN NNS IN NNS CC NN : NFP VBZ RB JJ NN JJR IN DT NN IN NNS . NFP VBP PRP VB TO VB PRP$ NN IN NN IN PRP VBP VBG PRP . '' WRB VBP RB JJ NNS VBN IN DT NN . IN PRP VBP JJ NNS IN NNS , VB NNP NNP NNPS IN RB VBN NNS IN JJ NNS ."
466,462,mainstream,"IN RB , DT JJ JJ HYPH NN NN IN NNP VBZ VBN DT NN IN NNS , IN JJS CD CD DT NN , WDT VBZ NNS CC VBZ NNS IN DT JJ NN : DT NN WDT VBZ IN DT NN IN DT NNP . CC IN DT NN IN NNP HYPH CD , DT JJ NN VBZ VBN RP DT NNP NNP NNP , NNP NNP POS NNP , DT NNP POS NNP CC JJ NNS IN DT NN IN VBN NNS CC NN NNS . IN DT NN IN VBG NN IN DT IN NNP , NNP NNP : `` DT RBS JJ NN , '' IN NNP VBZ VBN : VBZ NN IN . DT JJS NN IN VBN NNS IN DT NN , JJR IN CD IN NN NN , VBZ NNP IN DT JJS NN IN NNS IN IN NNP WRB DT NN RB VBD RP IN NNP . IN NNP CD , IN CD NN , NNP NNP NNP NNP VBD DT NN IN DT JJ NN IN NNP CC CD JJ NNS VBG NNP , NNP , CC NNP . IN DT NN NNS VBD VBG , PRP VBD VBN DT NN RBR IN DT JJ NNS MD VB VBN TO VB DT JJ NN CC PRP$ CD CD NNS . NNS , NNS , NNS CC JJ JJ NNS VBP VBN . NN NNS , WDT IN RB , VBD VBN TO VB VBN IN JJ NNS IN DT NNS , VBP VBN VBN CC RB DT JJ NN VBZ VBN VBN ."
467,1264,mainstream,"DT NNPS VBP VBN DT JJ NN IN PRP$ JJ `` NNP NN '' NN . VB RB TO VB IN `` VB PRP VB DT NN '' IN VBN IN NNS NNP NNP CC NNP NNP . DT `` NNP NNP '' NNP MD VB VBN IN NNP CD CC VBD VBN IN DT NN POS NNP NNS IN NNP IN NNP NNP IN NNP , NNP NNP , IN NNS NNP -LRB- NNP , NNP , NNP -RRB- CC NNP -LRB- NNP , NNP NNP , NNP NNP -RRB- . DT NN MD RB VB DT JJ NN IN `` VB PRP VB DT NNP '' CC MD VB VBN TO VB IN DT NN POS NNP NN NNS VBG NNP CC NNP CC NNPS . DT `` NN NN '' NN VBZ IN VBZ : `` NN NN '' `` VBP PRP VB DT NN . '' `` NN VBZ RB VB PRP RP '' `` VBP PRP VB DT NN . '' -LRB- NNP NNP CC NNP NNP NN -RRB- VBG IN NNP IN DT NNS VBN IN DT NN RBR DT NN , NN NNP NNP VBD : `` PRP VBD DT JJ NNS IN NNP JJ NN IN NNP NNP CC NNP NNP , CC PRP VBP RB VBG RP WP TO VB IN PRP . PRP VBP IN DT NN IN NN JJ , RB PRP VBP PRP MD VB DT NN , CC PRP VBP EX VBZ DT JJ NN PRP MD VB DT NN IN NN CD , IN PRP VBP RB JJ IN DT NN . PRP VBP RB JJ RB PRP VBZ JJ . PRP VBP VBG DT NN IN NNS IN DT JJ NN . ''"
468,772,mainstream,"VB VBG NN NNS CC JJ NNS . DT NN CC NNS WDT VBP , VBD NN NNS . PRP VBZ VBG JJ RB RB IN JJ NN . JJ NNS VBP VBG NNS NN IN NN IN NNP , NNP CC JJ JJ NN NNS , CC PRP VBP RB VBG TO VB PRP$ NNS JJ . DT JJ JJ HYPH RP NNS VBP VBG RB , CC RB CC , RBR RB , IN DT NNS . CD NN , NNP NNP NNP IN NNP , NNP , VBD DT NN NN JJ NN IN JJ NNP NN NNP NNP CC NNPS IN NNP CC NNP NNP , VBG PRP RB CC RB VBD PRP IN VBG TO VB VBN NN IN NNS IN NNS . `` NNS VBP VBN IN IN NN , '' NNP VBD NNP NNP . `` IN DT NN , DT NN IN PRP VBZ VBN PRP RB , PRP$ NN CC PRP$ NN , RB , PRP RB VBD IN PRP VBD TO VB DT NN IN NN CC PRP$ JJ NN VBD DT JJ NN . '' PRP VBZ JJ RB TO VB DT JJ NNS VBN IN NN NNS CC NNS WP , RB , VBP DT NNS VBP JJ IN DT NNS . NNS IN NN , DT NN VBN NN , DT NN IN NNS , NN NNS CC IN NNS VBP RB JJ NNS VBP RB VBN RB CC RB VBN , CC DT VBZ RB VB NNS IN JJ NN IN VBG PRP RP RB CC RB . `` VBG RP IN DT JJ NN VBZ DT JJ NN IN DT NN IN NNS . IN CD , DT NN VBZ VBG , '' VBD NNP NNP NNP , NN IN DT NNP NNP POS NNP NNP IN NNP NNP CC NN IN DT NN IN JJ NN IN NNP NNP IN NNP . `` RB IN PRP MD VB WRB NN -LRB- NNS , NNS CC NN -RRB- NN VBZ RB VB NN , PRP MD VB RB CC VB UH PRP MD VB NN IN NNS . IN PRP VBP DT , RB PRP MD VB `` UH PRP VBP VBG NNS RB RB RB '' CC IN PRP VBP DT CC RB PRP VBZ NN IN NNS , '' PRP VBD . VBG JJ NN VBZ PRP IN DT JJ NN . RB IN JJ NNS VBP NNS TO VB IN PRP$ JJ JJ NN NNS , VBG CC VBG RB PRP$ JJ NNS , NN IN JJ NN VBZ VBG NN NNS TO VB PRP$ NNS . NNP NNS VBP JJ NN IN NN IN NN IN NNS WP VBP PRP VBP NNS VBD PRP$ NNS NN CC NN CC RB VBD PRP$ NNS : NNS VBN IN DT JJ NN . CC IN NNP , DT NN IN DT NNS IN NNS : RB VBN IN NNS IN NN : VBZ RB RB VBN . RBS RB , DT NNP HYPH NN NN VBN IN DT NN IN VBG TO VB DT NN NN WDT VBD VBG PRP$ NNS VBD DT JJ NN NN . IN DT NN IN DT NN , NNP NNP NNP NNP NNP , VBD PRP JJ DT NN VBD IN VBG DT NN NN WDT NNP VBD RB VBN IN , NNP PRP CC NN NNS VBD PRP IN VBG VBN DT NN IN PRP$ NNS . IN NN , EX VBZ DT JJ NN IN DT NN CC NNS IN NNS . IN DT JJ NN VBZ NNS VBP CD NN JJ , DT NNPS IN NNP NNP CC NNP , NNP NNPS IN NNP , CC NNS IN JJ NNS JJ IN DT JJ NN VBP VBN DT NNS IN NNS CC IN JJ NNS CC NNS CC IN DT NN IN JJ . `` NN NN VBZ RP IN CD CD NNS DT NN , CC CD CD NNS RB VBP DT NN IN NNS WDT MD VB VBN VBN IN NNS , '' DT NN NNP NNP NNP VBZ . CC PRP MD RB VB IN IN PRP VBP DT NN IN JJ NN . `` PRP VBZ RBR JJ CC RBR JJ CC RBR JJ , '' VBD NNP , WP VBZ RB DT NN , DT NN IN DT JJ NN IN NN , CC DT JJ NN IN NN . `` EX VBZ DT JJ NN IN DT JJ NN WDT VBZ NN IN DT NN HYPH JJ NN IN PRP . '' NNP NNP IN DT NN NN IN DT NNP IN NNP CC NNS VBD NNP NN CC VBD JJR IN CD NNS VBG JJ NNS IN CD CC CD : NN IN PDT DT NNS PRP VBD IN NNS IN JJ . NNP , NNP , NNP , NNP NNP CC NNP VBD RB JJ IN JJ NNP NNS . `` PRP VBD IN JJ NN VBZ TO VB JJ IN NNP , '' NNP VBD . `` PRP RB VBZ TO VB RB . PRP VBD NNS IN NN WDT VBD TO VB VBN IN JJ NNS IN CD IN DT JJ NNS NNS IN NNP . '' PRP RB RB VBP JJ NNS IN NNS , CC VBP NN CC JJ NNS IN VBG IN JJ NNS TO VB RP DT NNS IN NNS , IN JJ NN TO VB RP DT NNS . NNS , JJ NN NNS CC NNS MD VB RB TO VB DT NN IN JJ NN NN CC VB PRP$ NN , NNP CC NNS VBD IN DT NNP NN IN DT NN NNP NNP CC NNP . DT NN IN DT MD VB TO RB VB PRP RP . `` VBP NNP IN DT NN CC NN NN , '' NNP VBD . CC NNP VBZ PRP VBZ RB JJ TO VB DT IN DT RBR JJ JJ NN . JJ : NNP NN VBN , CC VBD PRP RB IN NNS . `` PRP VBP PRP VBZ RB JJ TO VB DT NNS RB RB . RB PRP VBP VBN DT NN IN NN IN VBG WRB NNS VBP RB VB NN , '' PRP VBD . `` DT NN IN NNS VBZ RB JJ : PRP VBP DT VBZ JJ TO VB . DT NN IN PRP VBP VBG NNS IN NNS IN PRP$ NN : PRP VBP PRP VBZ JJ TO VB DT . '' NNP NNP POS VBD RP NN IN DT NNP NNP NNP TO VB NNS TO VB JJ NNS JJ IN NN CC NN . `` PRP VBP RB VB TO VB IN DT VBP NNS IN DT NN POS JJS NNS WDT MD RB VB DT NN , '' NNP VBD . PRP VBZ RB JJ TO VB JJ NNS IN NNP IN DT NN , VBG NNS WDT RB VBP PRP DT NN . NNP NNP NNP IN NNP POS NNP IN NNP VBZ DT NN IN JJ JJ NNS WDT RB VBD IN NNS IN PRP$ NNS . CC IN JJ NN IN JJ NN VBG DT NN IN NN IN DT NN , DT NN WP VBZ JJ IN DT NN NN , CC WP RB VBZ NN JJ IN DT NNS IN NNS , MD VB VBN . NNP VBD PRP MD VB DT JJ NN IN JJ NN . `` RB PRP VBZ DT NN IN PRP VBZ RB NN HYPH IN HYPH NN NN , '' PRP VBD . `` PRP VBP RB VBG TO VB DT JJ NN POS NNS CC VB PRP$ NNS VBN IN PRP . '' NNP VBZ VBN IN TO VB DT NN . IN PRP VBZ PRP JJ TO VB JJ NNS IN NNS IN PRP$ NN , PRP VBZ VBN DT JJ NN RB . `` JJS IN WP PRP VBP WDT VBZ JJ VBZ IN JJ NN , '' PRP VBD . `` DT VBZ DT NN IN NNS WP WRB PRP VBP NNS , DT VBP DT NNS PRP VBP VBG IN : DT NNS WP VBP JJ . PRP RB VBP IN NNS VBP RB JJ CC JJ . PRP RB VBP TO VB NNS IN PRP , NNS WDT NN RB VBZ RB VB . '' JJ NNS WP MD RB VB JJ IN DT JJ NN MD VB DT IN DT NNS CC VB IN PRP VBP JJ . `` RB DT PRP VBZ VBZ VBG DT JJ JJ NN IN NN IN DT NN , '' NNP VBD . `` RB IN PRP VBP DT JJ NNS IN DT IN DT NN WDT PRP VBP VBG IN JJ NN , PRP RB VBP IN IN PRP VBZ PRP DT JJR NN . PRP VBP JJR NNS MD VB VBN IN VBG NN RP IN JJ NN TO VB DT JJ CC RB RB JJ NN WDT PRP VBP . '' RB NNP VBZ RB RB VBG DT NN NN . PRP VBZ RB VBG , CC DT NN IN NNS VBP PRP VBP VBN DT JJ NN RB NNP IN DT NNP NNP NNP IN NNP NNP . `` PRP , DT VBN , VBP TO VB DT JJ NN IN NNP NNP NNP , NNP , IN PRP$ JJ NN IN JJ NN VBN IN DT IN PRP , '' DT NN VBZ . PRP VBZ VBN IN CD NNS CC JJ NNS , VBG NNP NNP NNP , DT JJ JJ NN NN IN NNP NNP WP VBZ DT NN IN JJ NNS IN NNP IN DT NN , RB RB IN NNP NNP NNP IN NNP NNP NNP POS NNP IN NNP NNP , NNP NNP , RB DT NNP NN . NNP NNP , JJ NN IN DT NN , VBD PRP MD RB VB CC VB IN DT NN VBD VBN VBN IN DT NN VBD TO VB , DT NN , PRP VBD , DT MD VB NNS . CC PRP VBZ RB JJ TO VB NNP POS JJ NNS IN NNP . `` DT NN IN NN CC NN IN NN VBN IN DT JJ NNS MD CC MD VB PRP IN DT NN IN NN VBZ VBN , '' NNP VBZ IN CD . NNP , DT NN IN NN , VBZ PRP RB VBZ DT `` NN '' NN IN NNP . `` NNP , RB DT NN IN DT NN NN NN , JJ , VBN , NN , NN NN NN -LRB- UH -RRB- PRP MD VB EX VBZ DT NN IN NNS , '' NNP VBZ IN DT VBN IN NNP NNP NNP , NN IN DT NNP IN NNP IN NNP NNP NNP NNP NNP IN NNP NNP , NNP . `` PRP MD RB VB VBG , CC DT VBZ DT JJ NN IN WP DT NN VBZ IN NNS IN DT JJ NN , '' NNP VBD . NNP VBZ RB RB JJ IN NN . `` DT NN VBZ TO VB PRP , '' PRP VBD NNP NNP . JJ : NNS VBP VBN DT NN IN NNS , RB CC RB NNP VBD PRP VBZ JJ TO VB DT NN WRB NNS VBP VBN . CC , PRP CC JJ NNS VBP RP , DT NN NNS VBP VBG JJ NN . RBR DT NN DT NN VBN IN DT NNP IN DT NNP NNP NNP VBD NNS NNS VBP RB VBN IN NNS VBG TO VB PRP$ NNS ."
469,16,mainstream,"DT JJ NN IN NN NN WDT VBZ `` JJ '' NN NN NNS VBZ NN IN VBG JJ NN IN JJ JJ NNS IN DT NN , VBG IN DT JJ NN IN NNS . WRB NNS VBD DT JJ NN IN NNS , PRP VBD RP IN CD NN IN DT NNS , VBG PRP VBD IN VBG VBN RB JJ NNS IN CD JJ NN NNS . NNS WDT VBD VBN JJ NNS IN DT NN VBD RB RB VB JJ IN DT RB JJ NNS IN NN , DT NNS VBD . IN NN , DT IN DT NNS WDT VBD VBN JJ NN NNS VBD JJ CC VBD WRB VBN IN DT JJ JJ NNS IN NN . IN DT NN VBD VBN IN NNS , PRP VBZ RB RB TO VB IN DT NN MD RB VB IN NNS . -LRB- CD NNPS IN DT NNP NNP -RRB- CC DT NNS VBP IN PRP$ NN MD CD NN VB IN DT `` JJ '' NN NN WDT MD VB JJ HYPH NN NN IN NN NNS . `` DT JJ NN VBZ TO VB JJ TO VB RB CC VB JJ NN , '' JJ NN NN NNP NNP , DT JJ NN IN DT NNP IN NNP HYPH NNP , VBD IN DT NN . IN NN NNS VBP RB , NNS VBP VBN PRP JJ TO VB DT NN NN IN JJ HYPH NN NN . RB , NNS VBP DT JJ JJ NN NN DT NN VBN IN WDT NN NNS PRP VBP MD VB VBG IN DT NN CC NN . DT JJ NN NN VBZ VBN CC JJ NNS IN NN NNS . DT NN VBZ NN IN DT NN VBN NN , WDT VBZ IN DT NN IN DT NN NN . -LRB- DT NN VBZ IN DT `` NN '' CC DT `` NN , '' CC NN NNS RB VB NN IN DT NN IN DT NN NN . -RRB- DT NN IN NNS VBP VBG JJ NNS TO VB DT JJ NN NN , VBG VBG NNS WDT VBP DT `` NN '' IN DT NN NN -LRB- WDT VBZ TO VB RBR IN NN IN NN -RRB- RB IN DT NN . CC IN DT JJ NN , DT NNS VBD DT JJ NN . PRP$ NN VBZ `` JJ '' CC `` JJ '' NN NNS IN DT CD JJ NN NN NNS : NN , NN , NN CC NN . DT VBP NNS WDT VBP JJ CC JJ NNS VBN IN JJ JJ NN NNS . TO VB DT NNS IN DT NNS IN DT NN , DT NNS VBD DT NN , WDT VBZ DT JJ NN , WDT VBD VBN VBN IN PRP VBD JJ CC MD VB DT CD JJ NNS . IN VBG DT NNS , DT NNS VBD PRP IN CD NNS IN DT NN : VBG NNS IN NN , NN , NN CC NN : IN DT NN WDT RB VBZ NNS . CC CD NN IN DT VBN NNS VBD NN IN CD IN IN DT CD NN NNS VBN IN RB JJ NNS , DT NN VBD . RB , JJ NNS IN NNS MD VB VBN TO RBR VB DT NN CC NN IN DT NN . DT NN VBD VBN NN -LRB- NNP CD -RRB- IN DT NN NNP NNPS ."
470,391,mainstream,"NFP DT JJ NN IN NNP VBZ VBN JJ NNS VBG DT NN NN . NFP JJ NNS VBP VBG IN DT NN IN JJ NNS , WDT VBZ VBN IN JJ NNS . NFP NNS VBP VBG JJ NNS NN VBZ DT JJ JJ NN TO VB DT NNS . NNS IN JJ NN NNS IN DT JJ NNP JJ NN VBP VBN VBN DT JJ NN . IN PRP$ NNS VBP RB VBN , PRP VBP RB VBN TO VB IN NN IN PRP VBP VBN PRP$ NNS . VBG DT NN NN IN NNP NNP NNP , DT NNP NNP NNP NNP NNP VBD CD NNS WP MD RB VB PRP VBD VBN VBN . IN DT NN IN NNS , NN NN NNS VBD DT VBN NNS MD RB VB VBN TO VB NN IN PRP VBP VBN IN PRP$ NN NNS VBP RB IN NN . IN JJ NNS MD VB DT NN IN DT WP VBP IN DT NN NN , NNS VBP IN DT VBZ DT NN IN DT NN NN VBG JJ JJ NN . `` DT NN NN VBZ VBG DT JJ NNS IN DT NN , '' NNP NNP NNP , JJ JJ NN CC NN IN NN IN NNP NNP POS NNP NNP IN NNP , NNP NNP , VBD NNP . `` NN , RB VBN NN , VBZ JJ IN DT NN VBZ CC VBZ RB IN DT NNS VBP VBN , '' NNP VBD . `` DT NN NN VBZ IN IN CD NNS . IN NN , VBG NN IN DT JJ VBZ JJ , CC NN VBZ JJ NNS . '' IN NN VBD RB VBN IN DT JJ NN IN NN , DT NN VBZ PRP VBZ RB RBR JJ TO VB IN DT JJ : CC RB JJ : NN . `` IN JJS RB DT JJ , IN JJ , JJ NN , NN MD VB DT NN CC NN , VB JJ JJ NNS , CC RB VB IN NN , '' VBD NNP ."
471,773,conspiracy,"JJR IN CD NN VBP PRP MD RB VB NN NN DT NNS IN NNP VBP DT JJS TO VB DT NN NN , VBG IN NNS IN JJ NN RB VBG IN NN IN DT NN POS NN VBZ NN IN DT NN PRP . DT NN , VBN IN NNP NNP CC NN NN NNP VBD IN RB CD NN IN CD NNS VBD PRP MD RB VB DT NN . RB CD NN IN DT NNS VBD DT NN RB , VBG IN CD CD CD NNS MD VB TO VB RP PRP$ NNS CC VB DT NN . DT NN VBZ DT JJ NN IN JJ NN IN RB CD NNS RB , WRB CD NN IN NNS IN NNP VBD IN PRP MD VB IN NN . DT JJ NN IN DT NN , VBG IN DT NN NNS , VBZ DT JJ NN IN DT NN CC NN IN DT NN , VBN IN PRP VBZ VBN VBN CC VBZ VBN IN `` VB RP NNS '' WDT VBP IN IN CD NNS JJ . RB CD NNS VBG IN NNP NN VBP VBN VBN IN NNP , VBG IN DT NN NN . DT NNS IN DT JJ NNS RB VBP DT IN NNS IN DT NNP NNPS , NNP , DT NNP CC IN DT NN IN NNP . JJ NN , WRB DT JJ NNP NNS VBD JJ , CD NN IN JJ NNS IN DT NNP NNP , NNP NNP NN VBD PRP MD RB RB VB VBN , IN CD NN VBD PRP VBP RB JJ IN DT NN POS NN . IN DT RB JJ NN IN NNS IN DT NNP -LRB- VB NN RB -RRB- , VBN IN DT NN IN DT NNP NN VBZ JJ , NNP NNP VBD DT JJ NN IN NN IN DT NN , VBG NNS IN JJ NNS CC JJ NN . RB , IN NNP , JJ NNS IN NN IN DT NN VBP VBN VBN , IN JJ NNS IN NNPS , NNPS , NNPS , JJ , JJ , NNPS CC JJ NNS RB VBG PRP VBP RB VB TO VB DT NN . DT NN IN NNS VBZ VBN TO VB VBG NNS RB JJ NN IN JJ NN NNS CC RB NNS IN NNP CC NNP WDT MD VB VBN VBN IN DT NN . IN NNP , CD NNS VBP VBN JJ NNS VBG IN DT NNP NN NN NN VBZ DT JJ NN TO VB DT JJ NN . IN NNP , WRB DT JJ NN NN VBZ NN , RB CD NN RB VBP PRP VBP JJ TO VB DT NN , RB IN CD NN IN NNP . DT JJ NN RP IN JJ NNS VBZ NNS IN NN NNS , DT JJ NN , NNS CC NNS IN NN NN NNS MD VB DT AFX VBN NN NN , IN DT JJ NN MD RB VB VBN DT NNP NNP NN , WDT VBZ NN CC NN . DT NN VBD VBN : NNP , NNP CD , CD IN CD NN"
472,912,mainstream,"NNPS MD VB JJ TO VB PRP$ NNS IN DT NN NN IN NNP , DT NN IN NNS NN NNP VBZ . IN NNS DT NN MD RB VB JJ IN DT NN , NNP NNP VBD DT NNP NNP NN IN NNS VBG IN DT NNP MD VB JJ NN IN NNS . NFP VB PRP$ NN JJ NN IN DT JJS NN CC NNS DT JJ NN , WDT VBZ VBG IN NNP NNP , VBD RB VBN PRP VBZ VBN DT JJ NNS IN IN JJS CD CD NNS IN DT NN . CC NN NNP NNP NNP VBD RBR DT NN IN DT JJ NN NN VBD VBN VBN IN DT JJ NN CC DT NN IN NN IN DT $ CD CD NN TO VB PDT DT NNP NN . CC DT VBG NN IN DT NN VBD DT NNP NNP DT JJR NN IN NNP HYPH CD IN DT NN VBZ DT NN IN RB DT CD NN NN NN IN NN . VBN IN NNS IN NNP MD VB IN DT JJ TO VB DT NN , NNP NNP VBD : `` UH , PRP VBP RB VBN DT NN IN DT JJ NNP TO VB CD CD NNS IN NN , CC DT MD VB IN DT JJ NNS . `` CC EX VBZ DT NN , VBG IN NNP , PRP MD VB VBG DT NNS IN NN IN DT JJ NN IN NN . '' RB , PRP VBD IN DT NN IN DT NN VBG VBN RP IN NN VBZ IN DT NNS IN DT NNP NNP NN VBG IN DT `` NN '' NN IN NN VBZ RB . `` PRP VBP JJ HYPH CD TO VB IN DT IN JJR '' `` DT NN VBZ TO VB CC DT VBZ CD NN , CC DT JJ NN VBZ , RB IN PRP VBZ , PRP VBP TO VB JJ TO VB PRP , '' PRP VBD , `` PRP VBP TO VB RB RB IN JJ IN DT NN VBZ IN PRP MD VB IN DT NN VBZ JJ . '' NNP NNP POS NNP NNP CC DT NNP NNP NNP VBD NN IN DT NN IN NNP , VBG DT NN VBN IN NNS . VBG DT JJ NN IN VBG IN CD JJ NNS IN CD CC CD , DT NN MD VB NN IN DT NN IN CD NNS . NNS CC DT JJ MD VB IN DT VBN . NNP NNP NNP , NN IN DT NNP NNP , VBD IN DT NN POS NN VBZ RB JJ , RB JJ IN DT NNS MD VB PRP CC DT NN MD VB JJ TO RB VB IN DT NN VBZ . `` PRP VBZ DT NN IN DT NN VBG , CC IN NN , '' NNP NNP VBD . `` PRP VBD RBR IN DT NN IN EX VBD DT CD NN NN NN IN VBG DT JJ NN IN NNP . CC IN DT NN , EX VBZ DT CD NN NN NN IN PRP VBP DT NN IN DT . `` PRP VBP IN DT JJ NN IN VBG NNP TO VB , IN JJS IN DT JJ NN . '' PRP VBP IN PRP$ NNS . VBP PRP VB DT NN IN DT NNP NNP NN NN . VB PRP IN NNP CC VB CD CD CD . PRP MD VB PRP IN CD CD CD . PRP VBP IN NNS RB . VB RB TO VB PRP ."
473,821,conspiracy,"DT NN IN DT NN CD VBD VBN IN DT JJ NNP CC DT NNP CC NNP CC NNP NNP CC PRP$ NN VBP RB VBN . NNP NNP VBZ DT NN NNS CD NNS JJ IN CD RB IN NN VBD VBN $ CD CD JJR . JJ IN DT DT NNP VBD VBG RB VBG TO VB NNPS . PRP VBD NN NNS VBG PRP VBD RB VB TO VB WRB TO VB . RB PRP VBD DT NNP IN NNS CC VBD IN NN NNS DT NN IN CD . DT NNPS VBG JJ TO VB NN PRP VBD NNPS . PRP VBP DT NNP CC NNP VBD VBN , IN JJ NNS VBD NNS IN DT NNS CC VBD NNS IN DT NNS CC VBD NNS . DT MD VB DT JJ JJ NN IN JJ NNS VBG NNS CC MD RB VB VBN PRP IN JJ NN . RB PRP VBP DT NNP NNS WDT VBD NNS IN NN NNS WDT MD VB VBN DT NN VBG DT NNP . EX VBP RB JJ JJ NNS WDT VBP CD VBZ CD JJ NN . NN CD , PRP VBP RB VB DT NNS IN PDT DT JJ NNS WP VBD DT NNS IN DT NNS . NN CD , DT CD RB RB VBZ IN NNP IN NNP IN RB CD NNS . PRP VBZ RB VBN VBN RB RB RB . DT VBZ WRB PRP VBP NNS IN PRP VBP JJR NNS . CC DT NNS MD VB VBN DT NNS IN RB JJR IN CD NNS CC RB PRP MD VB VBN RP JJR IN NNP CC NNP . DT CD NN IN NN VBZ DT NNS VBD VBN TO RB VB JJ NNS . WRB VBD RB DT NNS VB DT NN IN NNS . VBD PRP VB DT NN WRB DT NN IN NNS . RB IN NN VBD RB VBN IN WRB VBD PRP VBN CD NNS IN CD . RB PRP VBP DT NN IN NN MD VB VBN PRP$ NN NNS TO VB , IN PRP VBD VBG RB RB . RB DT VBZ DT NN NN NNS VBD JJ CC PRP VBD VBN IN DT NNP CC PRP$ NN . RB PRP VBP DT NN IN DT NNS VBD RB VB NNS CC VBD DT NN IN CC DT NNS . DT VBZ PRP VBD RB NNS VBG IN DT NNS . RB DT NNS VBD DT NN IN DT NNS CC PRP VBD NN NNS CC RB CD NN IN DT NNS CC NN VBD RP . CD JJ NN IN NN VBZ DT NN IN WRB DT NNS VBD PRP VBD VBN IN NN CC EX MD VB VBN NNS IN NNS IN NN IN NN VBG IN DT NN . CC IN PRP VBP IN DT NNS EX VBZ RB DT NN NN . PRP VBZ RB DT NN CC NN JJR . IN JJ NNS PRP MD RB VB DT NN IN PRP VBZ VBG CC VBG RP NNS IN NNS JJ IN DT NNS . RB PRP MD RB VB NN NNS VBG RP IN DT NNS VBP CC PRP MD VB NNS VBG RP CD NNS IN DT NNS . DT NN VB VBN , NN IN DT NNS WDT VBD DT NN VBD VBN IN DT NNS . VBD DT NNS RB VB NNS CC VBD PRP RB VBN IN NNS CC VBN IN IN DT NNS . DT NN IN NNP CC NNP NNS VBD IN CD VBZ RB JJ IN NN NNS . DT NNS VBP PDT DT NN PRP VBP IN EX VBD NNS IN DT NN . NNPS MD RB VB VBN DT NNS . DT VBZ NNP NNP CC DT NNP . RB RB DT NNPS VBP VBN IN DT NN VBN IN DT NNP . CC IN DT NNPS VBD VBN CD , WP VBD PRP VBG TO VB . DT NN VBZ DT NNS VBN TO VB DT NN VBN . DT MD VB JJ NNS IN NNS CC VBN NNS . RB DT NNS VBD VBN JJ CC WDT JJR NN IN NNP NNP TO VB DT JJ CD . TO VB PRP VB DT NNPS CC VB DT NNP NNP VBN NNS IN NN CC DT JJ TO VB IN NNS WP VBD RB VBN TO RB VB PRP . RB PRP VBP CD CD JJR JJ NNS . PRP VBP NNP NNS IN NN . DT PRP VBP VBZ DT NN . PRP VBP DT NNPS VBP JJ , IN EX VBZ VBG TO VB DT NN CC PRP MD VB VBN IN PRP . DT NNP RB VBZ VBG NN IN NN IN DT NN . NNS VBP VBG WP MD PRP VB DT NN . IN EX VBD DT NNP NN WP VBD VBG NNPS WP VBD DT JJ NN NN IN DT NN DT NNP VBD IN NNP . PRP VBD VBG PRP RP CC VBD VBN IN DT JJ NN . JJ WRB DT NNP NN IN JJR NN IN DT JJ NN VBD VBN RP IN DT . RB RB PRP RB VBP DT NN IN DT NNP . RB PRP MD VB PRP VBP VBG TO VB NN IN DT JJ NNS . RB DT NN NN JJ CC VBN IN NN . WP VBZ . CC PRP VBP NN IN NN CC JJ TO VB DT JJ NNPS WP DT JJ NNP IN NN VBZ RB IN . RB PRP VBZ DT NN IN NNP . NFP NNP NNP VBZ DT NN NN IN DT NN WP VBZ RB VB WP PRP VBZ . NFP NNP VBZ : NNP , PRP VBD VB IN NN CD . DT NN WDT RB VBD IN DT NN . IN NNP NNP VBD , PRP VBD VBG TO VB DT NN . DT IN DT NN VBZ RB JJ PRP VBP WRB DT JJ NNS VBP RB VBN DT NNP NNP CC VBN DT NNS RB CC VBN DT NNS JJ IN CD VBP RB VBN VBN . RB PRP VBP DT NN WDT VBZ IN NNP CC DT EX VBZ VBZ DT NN IN DT NN . DT NN . RB DT VBD DT NN WDT VBD CC PRP VBP PRP VBD DT CD CC PRP VBD IN NN CC RB PDT DT NN VBP DT NN . PRP MD VB VBN DT JJ NN IN DT NN WDT VBD IN DT NNP NNP . VBD PRP VB DT NN VBN IN WP PRP VBD IN DT NNP . DT NN VBD NN TO VB RB PRP VBD DT NN , CC DT RBS VBN NN IN DT NN VBD PRP RB DT NN CC RB PRP VBD DT NN . DT NNP NNP PRP MD RB VB WP DT NNS MD VB IN PRP IN PRP VBD VBN DT NN . DT MD VB CD JJ NN . PRP VBP PRP MD VB NNS CC RB VB PRP IN NN CC VBZ RB VBN IN VBG DT NN IN NN IN NNS RB . PRP VBP JJ PRP VBZ JJ TO VB DT . PRP VBZ DT NNP VB JJR NN CC NN VBG IN NNS IN NNP NNP CC NNP NNP . WP VBD DT NNS VB . PRP DT VBD NNS IN NNPS . PRP VBZ IN PDT DT NNS IN NNP NNP WP RB VBP PRP IN DT NN CC DT NN VBZ NN JJR IN DT NN . NNP VBD RB IN NNP NNP CC DT NNPS . CC PRP VBZ RB IN NN . CC PRP MD VB NNP VBZ NN RB DT NN IN NNPS . NNP , WP JJ NNS VBP RB VB VBZ IN CD EX VBD JJ NNS . PRP VBD PDT DT NN IN IN DT NN NNS . DT NNP VBD NN NNS IN DT NNS IN PRP VBD IN NNP . DT VBD VBN TO VB NN CC DT VBD RB VBG NNS RBR . DT NN IN VBG RP NN CD VBD PRP VBD PDT DT NN IN DT NNP NN . PRP VBD DT NNS IN DT NNP IN JJ NNS . RB CD VBD RB VBN RP IN NN . JJ NNS IN DT NNS IN DT NNS MD VB VBN IN NNPS . DT JJ NNPS MD VB RB RB IN DT NNPS VBP TO VB PRP . DT JJ NNS MD VB VBG NNS . PRP MD VB NNP WRB PRP VBZ DT NN . IN PRP VBZ JJ IN CD . IN PRP MD VB VBN IN PRP$ NNS . DT NN PRP VBP IN PRP IN DT NN IN CD VBZ NN PRP VBD IN NN ."
474,1171,mainstream,"NN : NNP , DT NNS IN NNP CC NNP , VBD JJ JJ NNS IN DT JJ NN . NNP POS CD NNS MD VB NN NNP CD SYM CD CC CD SYM CD , IN NNP MD VB NN NNP CD SYM CD . `` DT CD NNS MD VB VBN IN CD , '' NNS VBD . `` JJ NN NNS MD VB VBN DT NN IN IN DT NN IN DT NN IN NNP , NNP NN IN JJ NNS TO VB DT NN CC TO VB RP IN JJ NN . '' NNP CD VBZ VBN VBN . IN NNP NNP NNP VBZ , NNP NNP NN NN NNP NNP NNP VBD IN NNP IN NNP CC NN NN NN NNP : DT IN WDT VBP VBN IN NNP , NNP : VBP VBN VBN IN IN DT NN . `` PRP VBP JJ IN NNS VBP IN NNP HYPH CD MD VB IN DT NN , '' NNP VBD IN NNP NNP NNP . `` IN NN , NNS IN NNP CC NNP MD VB IN NNP NNP POS NNP CD , WDT PRP VBZ RB VBN MD VB NNS CC DT NN TO VB . VBN DT VBN NNS CC NN , PRP MD RB VB JJ VBG RB . `` DT NNS VBP RB VBN RB IN DT NN IN JJ NNS MD VB VBN , '' PRP VBD . `` PRP$ JJ NN VBZ DT NN IN DT NN . '' NNP CC NNP , WDT DT RB VBP IN NNP , VBD VBN RB IN NNP IN DT NNS IN NNS MD VB VBN RB IN DT NN IN NNP HYPH CD TO VB DT JJ NNS . VBG IN DT NN IN NNP IN NNP , NNP POS NN NN , NNP , RB VBD RP CD NN IN PRP$ NN CC VBD CD IN CD NN NN NNS IN DT NN IN DT NN . `` PRP VBZ JJ RB IN JJ NNS IN NNS MD RB VB IN JJ NNS CC RB RB IN RB IN CD , '' NNP JJ NN NNP NNP VBD IN NNS JJ IN DT NNS . VBG IN NNP , NNP : DT NNP NN WDT VBZ NNP CC NNP : VBZ VBG NNS TO VB NNP IN JJ NN IN NNP CD CC VB RP IN NNP CD IN DT JJR NN . `` RB CD NN IN NN NNS VBP VBN NNS IN DT NN POS NN CC NNP NNS VBP PRP MD RB VB RP DT NN IN NNP IN CD NN NN , CC VBP VBG RP IN VBG DT JJ NN NN IN EX VBZ JJR NN IN DT NN POS JJ NN , '' NNP VBD . DT NN VBZ IN DT JJ NN IN DT CD HYPH NN , NNP HYPH VBN NNP NN VBD . NNP VBD IN DT JJ JJ NN NNS TO VB VBN IN IN DT NN NN , VBG NNP IN NNP IN NNP CC NNP NNP IN NNP . NNP VBD TO VB DT CD NNS IN NNP RB IN NNP , IN IN PRP$ JJ NN NN NN , NNP . JJ JJ NN NNS RB VBD , VBG NNP , WDT VBD VBN IN NNP IN NNP CC NNP NNP NNP , WDT VBD VBN IN NNP IN NNP . IN DT NN TO VB RP NNP CC NNP RB VBZ NN IN DT NN IN DT NN NN NN , JJ NN NNS VBD VBG NNS RB IN PRP VBD JJ IN DT NNS CC JJ HYPH NN NNS MD VB NN IN CD . IN DT NN IN NNP NNP IN NNP , CD NN , NNP NNP , VBD JJ NNS MD RB VB JJ IN IN JJS CD NN IN DT NN VBZ VBN , WDT MD RB VB IN NN CD . `` PRP VBP NNS IN NNS VBP PRP$ NN VBG DT NN , CC PRP VBP -LRB- NNS -RRB- IN RB RB IN DT NN -LRB- IN NNS IN NN NNS RB RB -RRB- , PRP VBP VBN TO VB DT NNS VBG RB , '' NNP VBD . `` RB IN PRP VBP IN DT NN HYPH IN HYPH NN VBZ RB VB NN VBZ RB RB IN JJ . ''"
475,554,mainstream,"NN VBZ PRP IN DT JJ NN IN DT NN IN CC DT NN VBZ IN DT NN NN WDT VBZ RB IN NN NN CC RB VBD NNS IN NNS VBP NN . DT NN , DT NNS IN DT NN IN JJ NNS VBP NNS IN DT JJ JJ NN IN NNP NNP , NNP . PRP VBZ DT JJ NNS NN IN DT JJ JJ NNS IN DT RB JJ NN . DT JJS NN IN NN HYPH JJ NN VBZ VBN CD IN CD VBN NNS VBN . DT CC CD IN DT CD NNS VBN RB RB IN DT NN POS JJS NNS NN IN RB CD NNS VBP JJ . NNS VBP IN DT NN VBZ RB IN DT JJ NNS . DT NNS VBP VBN IN DT JJ NNS IN NNS IN DT CD NNP NN VBD JJ . CC IN DT JJ NNS IN DT NN WDT VBD IN NNP VBD IN CD . CC IN DT JJ NNS IN DT NNP NN VBD DT NN NN IN CD . CC IN DT JJ NNS IN DT CD NN WDT VBD IN NNP CC VBD . CC IN DT JJ NNS IN DT CD NN WDT VBD IN DT NN POS NN NN . CC IN DT JJ NNS IN NNP RB VBD DT NN NN RB IN CD , IN DT JJ NN . NNS VBP VBN NNS IN PRP$ NNS , CC IN DT NNP NN , IN PRP , IN IN NN WDT VBZ RB IN DT NN IN DT JJ NN IN DT NNS CC NN NN CC NN . IN CD JJ NN NN VBD IN DT CD NNP NN , DT IN DT NNS IN JJ NN VBP `` DT NN IN JJ NN . '' IN DT NN , DT JJ NNS , IN JJ NNP NNP , VBD DT JJ NN RB IN DT JJ JJ NN IN NNP . NNP , RB , VBZ TO VB JJ IN DT NN IN DT JJ NN , VBG DT NNP NNP , `` PRP VBP RB VB JJ IN DT . '' DT JJ NN IN NN CC NN VBZ JJ : WRB NN NNS VBP JJ , DT RB JJ NNS NN MD VB NN . IN DT NNP NN , DT PRP VBD TO VB DT NN VBD TO VB IN DT JJ NN , RB RB IN DT JJ NN , IN NN JJ IN DT NN . IN DT NNP NN , NN NNS WP VBD NN VBD IN NN IN DT NN IN DT NNS , VBD PRP PRP CC VBD PRP IN NNS IN NNS . DT NN VBZ JJ IN DT NN VBZ . CC WRB JJ MD NNS RB VB . VBZ PRP DT JJ , NN HYPH VBG NN , CC VBZ NNS RB , IN CD JJ NN NN VBZ , `` JJ . '' PRP VBP WP . DT NN IN JJ NNS IN VBG DT NNS VBZ VBN VBN , RB CC RB , VBG IN JJ NN IN JJ NN IN NN IN NN CC NN . DT NNS WDT VBP VBN VBN IN DT NN PRP VBP VBN RB VBN , CC NNS IN NNS VBN IN DT NNS VBP JJ RB IN DT NN . DT NNS VBN NNS VBP IN JJ NNS WP MD VB VBN VBP VBN VBN RB , RB RB . DT NN VBZ JJ TO VB RB IN NN HYPH VBN , NN HYPH VBN NNS , CC PRP MD RB VB DT JJ NN CC VB NN IN PRP$ NNS IN JJ NN CC JJ NN VBG NN . IN DT NN RB , CD NN IN DT NNS VBP VBN RP IN DT NN . VBG IN DT NNP NNP , CD NN IN DT NN VBN IN NNS VBD DT NN WP VBD IN DT NN IN NN CD . UH : PRP VBD DT NN IN PRP$ NNS WDT VBZ DT NN WDT VBD PRP$ NN . EX VBZ NN WDT NN , VBG PRP , MD VB CC VB DT VBZ VBG TO VB DT NN IN NN , VBN IN DT NN CC RB JJ NNS IN NN NNS , DT IN JJ NNS . IN PRP$ NN TO VB NNS , DT NNS VBP RB TO VB NN VB JJR IN DT NN IN NN , CC JJ IN PRP VBP DT NNP NNP NN . CC EX VBZ DT NN IN DT NN IN DT JJ NN CC NN CC RB NN IN NN MD VB DT JJ NN IN DT NNS WDT NNS VBP NN . PRP VBP CD NNS IN NN , NNS IN NNS IN NNS VBN , NNS IN JJ NNS VBN IN NN NNS IN DT RBS JJ NN NN `` NNS , '' VBN NNS WDT MD VB VBN CC JJ NN CC NN IN NNS WP VBP NN HYPH JJ NNS . IN DT NN IN DT MD RB VB JJ NNS VBN IN NN CC DT NN IN JJ NN , NN PRP VBP RB VBZ VBG TO VB PRP , RB . RB PRP MD RB VB DT : WRB PRP VBP PRP VBG JJ IN NN , IN PRP VBZ NNS CC NN WP VBZ RB VB CC VB CC VB DT NN PRP VBP , VB PRP : WP VBD PRP TO VB JJ . VB DT NN RB IN DT JJ NN IN PRP$ NN . RB VB PRP : WRB VBP DT NNS VBG PRP TO VB VB TO VB IN DT WP VBP WP PRP VBP VBG ."
476,750,mainstream,"VB DT JJ TO VB IN DT JJ NNP NN IN JJ NN NNS , JJ NN CC JJ NN NNS , NN NN VBZ RB IN DT JJ HYPH JJ NN . CC IN DT NN VBN IN NN , JJ NNS VBP VBN RP JJ NNS CC VBP VBG JJ NNS IN DT NN IN VBG IN DT NN IN DT NN . NNP NN NNP NNP VBZ VBN JJR IN $ CD CD IN NN NN , IN DT NNP CC NNP NNP NNP VBZ VBN IN IN $ CD CD IN DT JJ NN IN NNP HYPH CD , VBG NN TO VB DT NN IN NNS . RB DT NNP NNP POS NN VBZ IN NN IN DT NNS RB VBG VBN IN NNS CC JJ NNS . IN DT NNP RB , DT NNP NNPS IN NNP , DT JJ NN NNS , VBP VBN $ CD IN JJ NN NN IN NNP HYPH CD NN , VBG NN NNS . RB DT JJ NNS NN NNP CC NNP VBZ VBG $ CD IN VBG DT JJ NN NN , IN DT NN RB VBN IN DT NNP NN . CC JJ NNS MD RB VB DT JJ NN . NN NNS VBP NNS VBP JJ IN DT NNS IN NNS WDT RB VBP NNS CC IN DT NNS NN WDT VBZ NNS -LRB- RB IN , IN IN NNP POS NNP HYPH CD NN , NNS VBP DT JJ NN VBZ NN HYPH JJ -RRB- . DT MD VB NNS TO VB RB JJ NN NN CC VB RP JJ NNS IN NNS , VBG NNS , NN NNS CC JJ NNS . `` PRP MD VB JJR NNS IN NN CC NN , '' VBZ NNP NNP , NN NN IN JJ NN IN NNP NNP , DT NN CC NN HYPH VBG NN . `` PRP VBP NNS IN IN DT NN NNS PRP VBP TO VB IN , IN NNS CC NNS . RB NN MD VB RP DT NNS . '' DT NN VBZ NNP NNP , WRB DT JJ NNS VBP NNP NNP CC PRP$ NN CC NNP NN NNP NNP . DT NN VBZ NNS IN NN NN NNS RB , JJ IN DT CD NN IN JJR IN $ CD CD TO VB NN IN DT NNP IN NNP POS NNP IN NNP NNP IN DT NN DT JJ NN NN . NN VBZ RB JJ IN NN NN IN NN NNS VBP PRP JJ TO VB DT JJ NN IN DT JJ , JJ HYPH NN NNS VBN . `` PRP VBP DT JJ NN NNS , JJ IN PRP IN DT NN NN , '' VBZ NNP NNP , JJ NN IN DT NNP CC NNP NNP NNP , WDT IN NN VBZ VBN JJR IN $ CD IN DT NN , NN CC NN IN NNS . NNP VBZ NN , WDT IN VBG JJ IN NNS IN NNS IN NNS DT NN , RB VBZ DT JJ NN . `` PRP VBP RB VB NN NNS IN JJ NNS IN PRP VBP JJ NN : IN PRP VBP DT JJ NN , PRP MD VB NNS CC PRP MD RB VB DT NN , '' PRP VBZ . `` RB EX VBZ RB DT NN IN DT JJ NN TO VB RP DT NNS IN NNS WDT VBP VBN TO VB DT JJ NN . '' CC IN JJ JJ NNS VBD JJ IN VBG DT NNP NN , DT NN : VBN RB IN DT JJ JJ NNS : VBD RB JJ RB IN PRP TO VB PRP$ NNS . `` IN DT NN PRP VBP NNS , CC DT IN PRP VBD RB VBN IN DT , '' VBZ NNP . WRB NNS VBP VB , PRP VBZ TO VB IN DT JJR NNS IN NN NN , VBZ NNP NNP , JJ NN IN DT NNP NNP NNP IN NNP NNP , WDT VBZ NNS , NNS CC JJ NNS . JJ NNS MD VB DT JJ NN IN VBG DT NN IN DT JJ NN NN CC VBG DT NN IN DT NN , RB CD SYM CD NNS RBR . NNS VBP DT JJR , JJR NNS IN DT NN IN NNS IN NN , NN NNS CC JJ NN NNS IN JJ NNS CC VBG PRP VBP DT JJ NNS VBN TO VB JJ NNS . `` DT VBZ WRB NN MD VB DT JJ NN , '' VBZ NNP . JJ NN NNP NNP VBZ . PRP VBZ NNP NNP , DT NN VBG IN JJ NN VBN IN PRP$ JJ NN NNS , WDT VBZ VBN RB $ CD CD IN PRP$ NN IN CD . `` DT NN IN -LRB- JJ NN -RRB- VBZ JJ NN , WDT MD VB CD NNS RB IN JJ NN IN NN , '' PRP VBZ . `` NNS VBP CC VBP PRP MD RB VB NN NN IN PRP VBP DT NNS . PRP MD VB DT NN IN CD NN POS NN CC CD NNS POS NN . DT VBZ DT JJ NN . '' NNP , WDT VBZ VBN RP NN IN NNP HYPH CD NN , VBZ VBG RB CD NNS , VBG CD VBG DT NN VBN IN NN NNS CC DT DT VBG NN NN . NNS MD RB VB NN HYPH VBN NN . `` PRP VBP DT VBG NN NN VBN IN NN , '' VBZ NNP NNP , NN IN NNP NNP POS NNP NNP NNP IN NNP . `` PRP MD RB VB DT NN IN NN , CC PRP VBP PRP MD VB JJR IN DT . '' IN NNS VBD NN NN RB IN NNP HYPH CD VBD RB , DT NN VBZ VBN DT NN IN NN IN JJ JJ NNS . NNP NNP , NN , NN CC JJ NN NN IN NNP NNPS , DT NNP HYPH VBN JJ NN , VBZ : `` NNS WP VBP RB VBN IN JJ NN VBP VBG RP RB RB , CC JJ NNS WP VBP RB VBN IN JJ NN VBP VBG IN DT NN IN DT JJ NN . PRP VBZ JJ TO VB WRB JJ VBZ VBG RB IN NN NN , CC PRP MD VB PRP VBZ JJ . '' NNP NNP , DT NN IN DT NN NN IN JJ NN NN NNP NNP , VBZ IN RB RB IN VBG IN DT NN JJ IN DT NNP HYPH CD NN , NNS MD VB VBN IN NN IN VBG TO VB VB DT NN WDT VBZ VBN DT NN NN IN VBG TO VB IN NN WDT MD VB JJ HYPH NN NN . RB , VBG IN NN NN IN DT NN VBZ RB JJ . RB , PRP VBZ JJ CC VBG NN CC RB VBZ VBG IN NNS . `` PRP VBP TO VB JJ CC JJ TO VB JJ CC DT JJ NNS HYPH RB , '' VBZ NNP . `` CC RB NN VBZ IN PRP$ NN IN DT NN IN NN . '' CC IN PRP VBZ DT NN IN DT JJ NN , RB IN NN CC NN , NNS MD VB NNS IN VBG IN DT JJ NN MD VB VBN RB RB TO VB JJ NNS . TO VB DT , IN CD DT NNP NNP VBD PRP$ JJ NN NN IN NN NNS . DT VBZ IN NNS CC NNS WDT VBP PRP$ NN MD VB DT VBG NNS RB JJ IN JJ NNS . PRP VBP RB VBN TO VB NNS . DT NN IN JJ NNS IN DT NNS IN NN NNS VBZ DT JJ NN IN NN VBN IN NN NN . DT VBD IN DT NNS IN DT JJ JJ NN , WDT VBD VBN IN NNP TO VB DT NN IN NNS IN VBG NNS . IN DT JJ NN IN $ CD CD IN DT JJ , JJ CC JJ NNS , DT NNP NNP CC DT NNP POS NNP NNP , DT NNP IN NNP NNP NNPS VBZ IN DT NN IN WDT DT NN MD VB . DT NN VBZ VBN DT JJ NN IN $ CD TO VB DT NNP HYPH CD NN . DT NN IN DT NN IN JJR NN IN NNPS TO VB VBZ TO VB DT NN TO VB JJ NN . JJ NNS NNP CC NNP NNP VBP VBN RB DT IN DT NNP NNPS . PRP$ JJ NNS VBP IN JJ NNS : DT NN VBG $ CD : WP VBP VBG IN JJ NNS IN JJ NN , NN NN , CC NN NN IN JJ JJ NNS . IN JJS IN NNS , DT NNS POS NNS MD VB VBN . RB , IN IN NNS IN DT NN NN CC NN NN , CC RB DT NN IN DT JJ NN CC DT NN , PRP VBZ JJ TO VB DT NN POS NN IN JJ HYPH NN JJ NN . `` VBZ DT VB IN NNS WP VBP PRP$ NN IN DT NN . UH , '' VBZ NNP . RB , IN NN NNS , IN IN JJS JJ NN JJ NN , EX VBZ DT NN IN NN . JJ NNS VBP TO VB DT NN . CC VBG NNS , IN DT JJ NN IN NN , RB VBZ JJR IN DT NN CC VBZ RB DT CD NN NN NN IN VBG PRP IN NN , VBG IN DT CD NN VBN IN NNS IN NNP NNP IN DT NNPS . `` DT NN IN NNS VBZ PRP VBP JJ , '' VBZ NNP NNP , NN IN DT NNP IN NNP NNP IN NNP NNP POS NNP . `` PRP VBP JJ NN CC DT NNS VBP RB JJ : CC RB NNS , RB DT RBR JJ NNS , VBP DT RBR JJ NN . DT VBZ DT JJS NN IN DT . '' CC NNP NNP NNP , NNP POS NN , VBZ IN RB WRB PRP VBZ IN NN , NN NN NN VBZ RB JJ . `` PRP VBZ JJ , IN PRP VBP IN DT JJ NN VBG DT JJ NN IN NNS CC NNS , '' PRP VBZ . CC , IN DT NN NN VBZ VBN , NN MD VB DT JJ CC JJ NN WDT VBZ JJ . `` WRB MD PRP VB RB RB IN PRP VBD DT NN IN NNP HYPH CD . '' VBZ NNP . `` NNS VBP NN NNS . PRP VBP DT NN : VB IN DT VBD NN IN PRP$ JJ NN . ''"
477,72,mainstream,"NNP NNP VBD IN DT NN NN IN NNP NNP IN NNP NNP NNP NNP VBD DT NN VBG DT JJ NN NNS IN DT NN TO VB VBN VBG IN CD . IN DT NN IN NNS , DT NN VBD DT NNPS IN NNP NNP IN VBG `` JJ '' CC VBD NNP IN DT `` JJ NN WDT MD VB VBN . '' `` NNP NNP VBZ UH IN VBG JJR NNS IN NN CC NN IN NN -LRB- NN -RRB- NNS , '' NNP VBD . `` PRP VBP NN IN NN VBZ JJ CC VBG DT IN PRP$ NNS TO VB VBN IN NN IN NNP VBZ DT NN . VB NN . '' DT JJ NN RB VBZ NN NNS VBN IN JJ NNS , DT NNP NNP VBZ . `` PRP VBP RB JJ . PRP VBP JJ , NN . PRP VBP VBN DT IN DT NN HYPH VBN NNP IN IN NNS . RB DT , '' NNP VBD . `` DT NNP MD RB VB DT NN PRP VBD VB . PRP VBZ RB JJ TO VB PRP VBP VBN JJ IN NN , NNP . PRP VBP JJ . '' NNP VBD PRP$ NN IN VBG NNS TO VB RP DT NN NNP NNPS . NNP NNP POS NN VBZ CD NNS IN DT NNS NN VBD DT NNP NNP , VBG DT NN IN NNP CC IN DT NNP NNP NNP NNP NN IN NNP NNP . VBG DT NNS , JJ HYPH NN NN NNP NNP VBD NN IN NNS , RB NNP NNP , NNP POS NN WP VBD VBD DT NN IN DT NNP , NNPS CC NNP -LRB- NNP -RRB- NN . `` DT MD RB VB JJ IN PRP$ NNS VBD DT JJ NNS VBN , CC PRP VBP RB , IN JJ NNS VBP DT NNS IN NN , RB NNS WP VBP RB JJ TO VB DT NN NN , '' NNP VBZ . `` CC IN NN , DT VBZ VBG IN `` NNS , '' RB VB DT IN DT NN IN NN . '' NNP RB VBD DT NN VBG NNS VBG IN NNS VBP PRP$ NNS . `` NNS VBD RB VB IN DT JJ NN IN PRP$ NNS '' NNP NN , '' NNP VBD , VBG NNS POS JJ NN NNS . `` PRP VBD IN JJ NN WRB PRP VBD DT NNS IN JJ NNS IN `` WRB TO RB VB NNS IN VBG JJ NNS RB IN VBG PRP DT JJ NN . '' '' IN DT NN , NNP VBD IN PRP$ NNP , `` PRP VBP JJ HYPH NN , NN HYPH NN , VB DT RB . ''"
478,784,conspiracy,"NNS VBN IN VBG NN HYPH IN HYPH NN NN IN NN MD VB VBN , IN JJ NN NNS IN NNS RB IN RB JJ IN CD NN . DT NN NN VBN IN DT NNP NNP NNP CC NNP VBZ VBN IN IN NNS VBP RB VBN TO VB CC VB NNS IN NN NNS CC NNS IN DT NN HYPH CD NN , DT CD HYPH NN NN IN NN NN MD VB IN JJR IN CD JJ NNS IN NN HYPH JJ NNS , VBG IN NN , IN JJ NNP IN CD SYM CD . IN CD , DT VBN CD NNS VBD IN NN HYPH JJ NNS IN DT NN . EX VBP JJ JJ NNS WDT MD VB NNS TO VB VBN : DT NN NN VBZ PRP JJ IN NNS CC NNS VBP TO VB NN RB IN DT NN IN DT CD HYPH NN NN IN JJ NN MD RB VB DT NN IN NN HYPH JJ NNS RB IN CD , WRB JJR IN CD NN HYPH JJ NNS VBD VBN IN DT NN . CC NNS MD VB TO VB IN DT NN IN JJ NNS IN IN JJS DT CD NNS , IN DT JJ JJ NN IN NNS IN CD NN IN DT JJ PDT DT NN . IN NN , NN NN NNS MD RB VB DT NN IN NN NN IN DT JJ NN . `` DT JJ NN IN PDT DT CD JJR NNS IN NNP VBG IN NN HYPH JJ NNS VBZ IN VBG RB IN NN , '' VBD NNP NNP NNP NNP , NNP HYPH NNP IN DT NNP NNP NNP . -LRB- VB PRP VB DT NN , NN NNP CC VB PRP$ NN RB IN DT NNS . -RRB-"
479,1269,mainstream,"DT JJ HYPH NN NN NN MD VB IN DT NN TO VB NNS IN NNS IN DT NN NN . NN IN DT JJ VBN NN VBZ CD NNS RB IN NN CC MD VB DT NN TO VB JJ NNS IN DT JJ NN IN RB CD NNS . NFP VB PRP$ NN JJ NN IN DT JJS NN CC NNS DT JJ NNP NNP CC NNP NNP VBN IN NNP TO VB JJ NN MD RB VB VB DT JJ HYPH NN NN IN DT JJ NNS . PRP MD RB VB VB NNS IN VBG NNS VBG DT NN NN . DT JJ NN MD VB $ CD CD TO VB VBG IN DT NN . NNS VBP RB VBN NNP NNP IN NN IN DT NNP POS NNP NNP TO VB NNS TO VB CC VB DT NN NN . NN NNP NNP NNP VBD : `` IN DT JJS NN IN DT JJ NN TO VB DT NN , DT NNP VBZ VBG DT JJ NN . `` IN DT NN VBZ VBN , PRP VBP TO VB JJ TO VB DT NN IN DT NNS . '' RB , DT JJ NN NN IN NN NN VBZ VBG VBN TO VB PRP$ NN . CD CD NNS VBP VBG VBN TO VB NN IN NN VBG NN NNS . NNS MD RB VB JJ TO VB WP VBZ VBN DT NN , WRB RB PRP VBZ CC WRB PRP VBZ NNS RB . NFP VBD DT NN . NN DT NNP CD CD CD CC NNP CD CC NN ADD"
480,179,mainstream,"NNP CC DT JJ JJ NN NNP VBD IN PRP$ JJ NN NN VBD JJ NNS IN DT NNP NNPS IN NNP . IN DT NNS VBP JJ , DT NN MD VB JJ IN NN NN RB RB RB IN NNP . DT CD NNS VBP RB VBG DT NN NN VBN IN JJ NN VBN IN NN NN , WDT VBZ DT NNS IN NNS TO VB NNS . IN VBG DT RB VBN NN NN IN DT NN , DT NN MD RB VB NNS WRB TO VB DT NN NN IN DT NN IN RB VBG DT NN JJ . IN DT NN RB VBZ DT NN IN DT NN TO VB CC VB RP NN NNS , DT NN MD VB DT JJ JJ NN TO VB NNS TO VB RP DT NN . DT NN RB VBZ DT NN IN VBG JJR TO VB , CC VBZ TO VB RBR JJ IN JJ NNS , WDT VBP VBN NN NNS . NNP , NNP , NNP CC JJ JJ JJ NNS VBP VBG JJ NNS , DT IN WDT VBD DT JJ NN IN NNS IN NNS DT JJ NNS RB . CC DT NN VBN IN DT NN IN JJ NNS VBZ RB VBN DT JJ NN ."
481,1168,mainstream,"IN , RB , CD NNS RBR , PRP VBP IN NN WP VBZ IN DT NN VBZ VBN CC VBN IN DT NNP POS JJ NN CC NN IN DT JJ NN WDT VBD NN NNS CC NN , VBG PRP DT `` JJ NN '' VBN IN DT NN WP VBD VBN IN DT NN IN NN HYPH NN NNS . -LRB- RB VBP DT NNP POS NN , DT JJ NN IN DT NN , CC DT JJ NN IN DT NN WP VBD DT NN IN RB DT NN . -RRB- DT JJ NN , IN DT JJ NN VBN NNP NNP WP$ NN TO VB VBZ RB VBN VBN IN DT NNP NNP NNP NNP , VBD JJ NN IN JJ NN : PRP VBD DT NN IN NNS WDT VBZ VBN IN DT NN IN RB HYPH VBN NNS IN DT NN ."
482,315,mainstream,"IN JJR IN DT CD JJ NNS IN NN VBG DT NN IN DT VBN NN , NN NN VBZ DT NN IN DT NN IN NNS : PRP RB VBP WP PRP VBP VBG TO VB . DT VBZ CD NN WRB PRP VBP DT NN NN DT NN . JJ NN NNS VBP RB VBG JJ NNS IN VBG PRP$ JJ NN POS NNS , CC , RB RB , EX VBZ DT JJ NN WDT MD VB PRP IN PRP DT . CC NNS VBP VBG NN : DT JJ NN NN VBN IN DT NNP IN NNP , NNP NNP -LRB- NNP -RRB- , MD VB NNS CD NN JJR IN JJ NN NN . VBN IN JJ NNS IN DT NN NN , DT IN WDT VBP NNS IN DT JJ NN IN NN IN DT NN NN , DT NN RB VBD NN NNS IN CD JJ NNS IN DT NN IN DT NN . -LRB- DT CD NNP NNPS IN NNP -RRB- DT NN IN DT JJ NN NN VBZ IN DT NN IN DT NN NN VBN NNS . WRB PRP$ JJ NN VBZ DT NN , NNS VBP IN DT JJ NNS IN DT NN , VBG IN DT NN , VBN NN -LRB- NNP CD -RRB- IN DT NNP NNP . JJ IN PRP$ NN , DT JJ NN IN DT JJ NNS VBZ TO VB IN DT NN IN NNS . PRP VBP DT IN VBG DT NN IN VBG NN NNS , VBG RP JJ JJ NNS TO VB DT JJ JJ NN WDT MD , RB , VB DT NN , CC VB DT NN NN VB IN DT NN IN RB HYPH VBG NN . `` IN NNS VBP RB VB NNS , PRP MD RB VB VBN IN DT JJ HYPH NN NN , CC IN NNS , DT JJ NN NN VBZ VBN , '' VBD NN NN NNP NNP , DT NN IN JJ CC JJ NN IN DT NNP NNP NNP IN NNP IN NNP , IN DT NN . `` IN DT NNS , NNS VBP VBN NNS TO VB NN CC VB DT NN IN NNS IN NN NNS . '' IN DT IN NN , NNP CC PRP$ NNS VBD CD NNS VBG DT JJ NN NN IN NN TO VB DT NNS WDT CC VBP CC VBP DT NN POS NN NN . JJ NNS VBD IN PRP VBD JJ TO VB JJ JJ NNS JJ IN VBG NNS , CC NNP CC PRP$ NNS VBD VBN TO VB RBR , VBG JJ NN HYPH VBG NNS TO VB DT NN RB JJ IN JJ . DT NN VBD VBG DT NN NN IN DT NN NN , CC RB VBD DT NNS TO VB CD NNS WDT VBD JJ NN NNS RB JJ IN NNS . PRP VBD DT CD NNS IN DT JJ , `` JJ NN HYPH JJ '' -LRB- NNP -RRB- NN IN NN WDT MD , RB , VB DT JJ JJ NN IN VBN NNS . DT JJ NN MD VB DT NN IN DT JJR , RBR JJ NN NN , DT NNS VBD . -LRB- CD RB JJ NN NNS -RRB- DT NNS VBD DT NN IN JJ NN NNS CC NNS -LRB- JJ NN NNS IN NN NN , DT NNS VBD -RRB- . DT NN VBD JJ : `` -LRB- NN NNS VBD -RRB- DT NN IN NN NN , DT NN , CC DT NN NN NN CC NN IN DT NN , '' JJ NN NN NNP NNP , DT JJ JJ NN IN NNP , VBD NNP NNP IN DT NN . RB RBR JJ , NNP VBD , DT NN RB VBD JJ . WRB DT NN NNS VBD VBN IN DT NN , PRP VBD JJ JJ NNS WRB PRP VBD VBN IN JJ NNS IN DT NN . CC IN DT NN VBD VBN IN DT NN NN IN NN , NNS WDT VBD VBN IN DT NNP NN RB VBD DT JJ JJ NN : VBG IN DT NN HYPH VBG NN VBD VBG PRP$ NN . DT JJ NNS IN DT JJ NN VBP JJ IN IN DT NN IN `` JJ JJ NN HYPH NNS '' : NN NNS WDT MD `` VB IN JJ JJ NNS , '' NNP NNP , DT JJ NN IN DT NNP IN NNP CC NNP IN DT NNP NNP NNP , CC NNP NNP , NN IN DT JJ NN , VBD IN DT NN WDT VBD IN DT NN IN DT NNP NNP . IN JJ NNS , DT NN VBZ TO VB IN DT NN IN JJ NN HYPH NNS WDT MD VB RP JJ NNS IN DT NN . `` IN NN IN VBG -LRB- NN -RRB- NN , DT NN IN NNS VBN IN DT JJ NN MD VB DT NN IN DT NN IN JJ NN , '' NNP CC NNP VBD . DT VBZ JJ , IN IN DT NN VBZ JJ IN DT NN , DT NN VBZ RB RBR JJ . DT JJ NN IN NN NNS IN JJ JJ NNS MD VB VBN IN JJ NNS IN NN , VBG IN DT NN . CC IN DT JJ NN , JJ NNS VBP DT NN IN DT JJ NN NN . IN CD , DT JJ NN VBD NN IN RB CD NNS IN NN : NN CC NN : IN JJ JJ JJ NNS VBP . `` PRP MD VB JJ TO VB JJ NNS , VBG RB JJ JJ NNS JJ IN NN CC NN , IN JJ NNS , '' NNP CC NNP VBD . VBG IN NNP , DT NN MD VB PRP$ NN IN VBG DT NN IN DT NN IN NN NN VBN NN NN NN , WDT VBZ RB NNS , NNS , CC NNS . `` PRP VBP RB VBG IN VBG JJ HYPH NN NN NNS IN VBG IN NN NNS -LRB- IN NNS -RRB- IN DT JJ NN NN , '' PRP VBD ."
483,1136,mainstream,"DT JJ NNP HYPH VBN NN VBZ VBN VBN TO VB PRP$ NN $ CD IN NN IN DT NN NN IN NNS IN JJ NN JJ IN PRP$ VBG NN NNS RB . IN DT NN VBN RB NNP , DT NN NN IN DT NNP NNP NNP IN NNPS VBD IN NN NNP NNP POS `` JJ JJ NNS '' CC VBD PRP CD NNS TO VB DT NN . CC PRP RB VBD IN PRP VBZ RB VBN IN JJS $ CD IN NNP CD , CD , DT JJ NN VBZ JJ RB . `` NNP NNP POS NN VBD DT NN IN NN IN NN , '' DT NN NN VBZ IN PRP$ NN . `` NNP NNP VBZ VBN DT NN . EX VBZ JJ NN IN PRP VBZ JJ . '' DT NN VBD DT NN DT NN RB IN PRP$ NN VBD DT NN VBG NNP POS JJ NNS IN JJ NN IN NNS IN PRP$ NN IN NN , RBS RB NNS IN NNS WDT VBD VBN NNS . DT NN IN DT JJ NN NN , WDT VBZ VBN IN DT NNP NNP NN , VBZ IN NNS RB TO VB NNS IN DT NN . IN NNP , NNP VBD PRP$ NN CC VBD IN DT NN NN IN DT NN , VBG PRP VBD `` RB JJ IN DT NN IN NN VBG IN IN JJ NN . '' NNP VBD VBN VBN IN DT NN IN JJ NNP IN CD NNS IN JJ NN CC CD NN IN NN VBG DT NN . RB , DT NN VBD VBN RBR DT NN WRB NNP VBD IN DT NN NN IN DT NN , VBG IN DT NNS . IN DT NN , WDT VBD RB VBN RB NNP , PRP VBZ VBN NNP VBD RB VB IN JJ NNS IN PRP$ NN TO VB VBG NNS IN DT NN IN JJ NN NNS . `` DT VBZ DT JJ NN '' DT JJ NN VBD VBN IN DT CD NNS MD RB VB IN NNS , IN DT NN RB VBG DT JJ NN JJ IN DT NN CC JJ NN IN DT NN , WDT VBD $ CD . DT NN RBR VBD PRP$ NN IN $ CD . DT NN VBD IN NNP POS NN IN DT NN IN JJ NN VBD `` RB DT JJ NN '' CC VBD DT NN DT JJ NN PRP VBD VBG . `` DT VBZ DT JJ NN . NNP NNP VBD PRP VBZ JJ IN JJ NN . NNP NNP VBD JJ IN JJ NN NNS IN PRP$ NN IN NN WDT VBD JJ IN DT NN . '' DT NN VBD IN IN DT NN VBZ NNP VBN RP IN PRP$ NNS CC IN , JJ IN WP VBZ VBN `` DT JJ NN , '' PRP VBD VBN JJ NNS TO VB DT JJ NN NNS IN NN . `` DT JJ NN MD VB VBN VBN IN NNP NNP VBD VBG NNS IN PRP$ JJ NN NN . PRP VBD . '' IN VBG IN DT NN IN NNS , DT NN NN VBD NNS VBD `` RB JJ IN DT NN IN NN , RB IN NN IN DT JJ JJ NN NN IN NNS JJ IN DT NN . '' DT NN POS JJ NN , NNP NNP , VBD DT NN CC NN VBN VBZ WRB RB DT NN VBD DT NN . `` DT VBZ VBN DT RB JJ NN , '' PRP VBD . `` PRP VBP DT NN JJ IN NNS RB VBZ DT NN IN DT NN DT NN VBD TO VB CC PRP VBP DT JJ NN . '' MD RB VB RB `` NN '' IN NNP VBZ RB VBN TO VB NN IN DT NN : CC DT NN VBZ VBN RB JJ NNS IN WP MD VB VBN IN PRP MD RB VB PRP$ NN RB : DT NN VBZ RB VB DT NN TO VB CC VB PRP$ NN IN DT NN `` NN . '' `` PRP$ NN VBZ RB VB PRP DT NN , '' VBD NNP . `` DT PRP MD VB VBZ VB IN NN IN PRP$ JJ NN . ''"
484,248,conspiracy,"JJ NN CC JJ NN NNP NNP VBZ DT NN VBZ VBG , CC EX VBZ DT NN TO VB DT JJ NN . NNP VBZ , `` PRP VBZ VBG TO VB DT JJ NN IN PRP VBP PDT DT NN IN NN . PRP VBP VBN DT NN IN NN , CC DT NN PRP VBP VBZ VBG IN DT NN NN IN DT $ CD NN NN . . . . PRP VBP PRP VBP NNS WDT VBP NN JJ VBG RP IN PDT DT NN . RB , PRP VBP VBG TO VB IN DT NN IN VBG IN PDT DT JJ NN , CC DT VBZ VBG TO VB DT NN . EX VBZ RB DT RB JJ NN IN JJ NN , CC PRP VBP RBS RB VBN IN DT NN IN JJ NN . . . CC DT NN IN VBG IN . PRP MD VB PRP VBP RB VBG IN NNS WDT VBP JJ IN JJ NN WDT VBP JJ . . . . PRP VBG TO VB TO VB NNS TO VB RB IN PRP VBP VBN IN JJ NNS . '' DT JJ NNS RB , NNP VBD IN DT NN IN NN NNS VBD RB . DT CD NN NN VBZ RB IN DT JJ NN . VBZ NNP VB NNS VBG RB JJR . NNP VBZ , `` UH , PRP VBP JJR NNS . PRP VBP PRP MD VB JJR NNS IN , IN DT NN IN DT NN , NNS MD VB VBG RP DT NN . PRP VBP PRP VBP VBN DT NN IN DT NN IN NNS . PRP VBP PRP MD VB TO VB DT NN IN NN , CC RB EX VBZ DT NN . PRP MD RB VB JJ NN NNS TO VB PRP IN PRP MD VB VBG IN DT JJ NN IN NN WDT VBZ VBG TO VB VBG RB RB WRB NN NNS VBP RB IN PRP VBP VBN IN CD NN . '' NNP VBZ DT CD HYPH NN NN NN `` CD NN . '' VBZ JJ NN DT JJ NN . NNP VBZ , `` WRB JJ NNS VBP TO VB IN JJ NN , WP VBP PRP VBG TO VB . VBP PRP VBG TO VB NN NNS RP IN NN IN NNS IN DT NNS . . . . . PRP MD VB TO VB JJ TO VB WRB JJ NN VBZ RP PRP MD VB VBG IN DT NNS IN NNP . PRP MD VB DT CD NN NN IN DT NN VB . . , IN PRP VBP VBG TO VB TO VB IN DT NN IN JJ NNS . . . . JJ , PRP MD VB RB CD NN , WDT MD VB PRP RB IN DT CD SYM CD WRB JJ NN IN DT NN VBD RB CD NN IN PRP$ NN . PRP VBP VBN VBG IN DT JJ NN IN JJ NN MD VB CD NN IN RB DT CD NN NN IN JJ NNS . NN VBZ VBN RB IN DT JJ NN , CC PRP VBP PRP VBP VBG TO VB DT JJ CD NN NN IN NN DT JJ NN . '' NNP RB VBZ NN MD VB JJ IN DT NN IN PRP MD VB JJ . NNP VBZ RP IN DT `` NN VBG VBN CC VBN IN VBZ DT NN IN NN VBG '' IN RB , CC DT VBZ JJ . RB , PRP VBZ NN IN DT JJ NN CC NN IN DT JJR NN . NNP VBZ , `` WP VBP PRP VB TO VB NN RB . PRP VBP NN NNS CC JJ NN RB RB . IN PRP VBP NN IN DT NNS NN CC DT NN NN CC VBG NNS IN NN NNS CC NN NNS . . . PRP VBP RB VB IN NN MD VB DT NN IN DT NNS NN . RB , PRP VBZ PRP IN NN CC NN . PRP VBP TO VB PRP , CC PRP VBP VBG TO VB RB IN DT NN . . . . DT MD VB NN IN IN DT JJ NN . PRP VBP RB VB IN NN VBD DT NN VBD VBG . '' NNP VBZ PRP VBZ NN IN RB IN NN , NN NN CC NN , `` NN MD VB PRP$ NN . . . . NN VBZ VBG RP RB IN IN NN CC RB NN : RB . '' IN NN , NNP VBZ , `` PRP RB VBP PRP VBP VBG TO VB DT JJ NN TO VB IN PRP VBP IN DT NN IN DT NN WRB NNS VBP DT NN POS NN CC TO VB IN NN NN CC RB VBZ DT NN IN DT NN NN . UH , IN DT NN , PRP VBP TO VB DT NNP MD VB NN IN NN , CC PRP MD VB TO . '' VB NNP NNP IN PRP VBZ CD HYPH IN HYPH CD IN NN , NN NNP NNP . EX VBZ JJ NN CC JJ NN IN NNP . TO VB RB JJR , PRP MD VB DT NN . EX VBZ DT JJ CD NN NN IN DT JJ NN IN NNP . DT NN VBZ VBN IN NNP NNP CC NNP NNP . VB IN NNP NNP , DT NN , IN CD ."
485,857,conspiracy,"RB IN RB JJ IN PRP$ NNS , NN NNP NNP VBZ DT NN IN DT VBG IN DT NN CC VBG NNS IN DT NN . PRP$ JJ NN IN DT NN RB VBZ RB CD NNS , CC PRP VBZ JJ TO VB CC VB . DT VBG JJ NN NN VBZ RB RB JJ IN NNP VBZ , PRP VBZ RB JJR CC NN VBZ VBG TO VB DT NN . NNP JJ NNS VBP VBN IN DT NN IN NN NN VBZ DT JJS JJ NN NN IN DT . VBN DT NNS -LRB- CC DT NNS IN NNP -RRB- , VBP NNS RB VB IN DT JJ NN NN MD VB DT NN POS NN IN VBG DT RP NN NN . NN NN CC JJ NN VBP JJ . DT NN VBZ RB RB VBN VBN TO VB WP DT NNS VBP VBG IN PRP$ NNS . NNP VBD DT VBG NN . UH , DT NN PRP$ NNS VBP VBZ RB VBG VBN CC DT JJS JJ NN IN JJ NNS -LRB- RB -RRB- VBZ IN DT RB JJ JJ NN CC JJ NN IN NN NN . NN VBZ VBN TO VB VBN IN NN NN CC NN VBZ DT JJ NN VBN IN NN NN NN NNS . WRB JJ VBZ NN VBN RP IN DT JJ CD NNS . RB CD NN -LRB- IN CD IN CD IN CD IN CD -RRB- . WRB RB MD NN VB IN DT JJ CD NNS . VBG IN NNS IN NNP , CD IN CD NNS MD VB NN IN CD . IN NN IN DT JJ NN IN NN , DT NNP NNS RB VBP NN CC DT JJ JJ NN NN IN NN NN . JJ NN NNS VBP IN EX VBZ DT NN IN JJ NN NN -LRB- VBG NN -RRB- VBG RP IN PRP DT , PRP VBZ VBZ RB IN DT IN PRP TO VB DT NNS . JJ WDT VBP IN DT RB VBN JJ HYPH RP NN IN DT NNP NNP MD VB NN VBG DT NN VBZ IN JJ NN , CC PRP VBZ . NNP RB VBD RP IN CD VBD DT JJS NN IN NN , CC IN CD IN DT CD JJS NNS VBN VBP VBN IN DT NN IN DT NN . NNP RB VBD IN DT JJ CD NNS IN CD VBP VBN DT JJS NN IN DT NN IN DT IN NN , DT RB VBZ JJ . CC WP VBZ DT JJ NN IN NN . DT JJ JJ NN NN NNS WDT VBP VBG IN NNP POS NN NN NNS CC RB VBG DT JJ NN . JJ NN NNS MD VB VBN CC VBN IN PRP VBP TO VB DT NN IN JJ NN NN . NNP NNP ADD"
486,911,mainstream,"NNP VBZ VBG NNS POS NNS IN NN IN VBG JJ NNP NNS , DT NNP POS JJ NN NNS VBP VBN . DT NN NNS WDT VBP DT JJ NN WDT VBD DT NN IN NNS NNS RB RB IN NN NNS IN JJ NNS VBP IN DT NN IN NNS WRB NNS VBP NNP TO VB NN IN DT NN NN CC JJ NNS . NNP NNP , DT VBN NN IN DT JJ NN VBG DT NNP NN IN NN , VBZ RB IN DT NNS IN PRP$ NN NNP IN WDT PRP VBZ DT NNP NN POS NNP IN NNP NNP CC NNP IN DT NN HYPH NN IN DT NNS . IN NNP , WDT VBZ RP NN NNS TO VB NN IN DT NNP , NN CC NNP NNP NNP , NNP POS NNS VBP TO VB VBN RB IN PRP$ RBS JJ CC JJ NNS JJ IN IN PRP VBP VBG JJ NN . DT JJS NN NNS VBP JJR IN CD NNS . NNP NNP NNP HYPH NNP , NN IN DT NNP NNP IN NNP , VBD PRP VBD `` RB JJ '' IN NNP VBD VBG NNS WDT VBD `` JJ CC RB JJ NNS '' IN RB RB NNP CC JJ NN NNS ."
487,901,conspiracy,"NN NNS , VBG IN DT JJS JJ NN JJ NN , MD RB VB IN CD NN IN DT VBG NNS WDT VBP DT NNS IN JJ NN NN . RB , NN NNS VBP VBN VBN TO VB JJ NNS WDT MD VB DT JJ NN , DT VBG NN , CC DT JJ NN NNS IN PRP$ NNS . RB , VBP DT JJ NNS RB VB DT VBN NNS . IN DT JJ NN , DT NNP NNP IN NNP NNP NNP NNPS , PRP VBD DT JJ NN IN JJ NN VBG DT NN IN NN NNS IN DT NN IN JJ NN , IN NNS IN CD , JJ NNS , DT JJ , CC NN NNS WP VBP IN DT NN . DT NN VBZ IN NNS RB RB VBP RB VB IN VBN , CC PRP VBP DT JJ NN NN , RB IN DT JJ NN IN NN IN NN PRP , IN IN PRP$ RB HYPH VBN NN IN VBG JJ NN HYPH NN -LRB- NN -RRB- , RB RB IN IN VBG DT JJ NN IN JJ NN NNS VBN IN DT NN IN NNS , NNS , JJ NN NN CC NN NNS , JJ NNS , CC JJ RB HYPH VBN `` JJ NNS , '' VBG RB DT JJ NN CC NN IN NN NN PRP . -LRB- CD -RRB- JJ NN NNS VBP NN NN NNS VBP IN JJS CD NN JJ CC PRP MD RB VB JJ , JJ , NN HYPH VBG NN TO VB DT JJ NNS IN NN IN NN NNS IN DT NN IN DT JJ NN IN NN NN : RB , IN NNS IN DT VBD RB RB RB VBN CC VBN , CC PRP VBD DT RB HYPH VBN , JJ `` NN '' WDT VBD DT RB HYPH VBN `` NN HYPH VBN '' JJ NN IN PRP$ JJ , JJ NN HYPH VBN , NN IN JJ NN CC NN , PRP MD VB IN DT NN IN JJ NN IN NN JJ IN RB DT NN , NN , , CC , IN DT NNS , NN HYPH VBN NN , WDT RB PRP VBZ VBN . `` NN HYPH VBN '' NN VBG TO VB IN JJ NN IN NN NNPS RB , VBD DT NN HYPH VBN `` NNS , '' CC MD HYPH VB NNS IN `` NN HYPH VBN NN , '' WP VBP NN VBZ RB JJR CC RBR JJ IN RB VBG , TO VB NN VBG DT NNS CC VBG NNS IN NN , RB RB IN DT NN IN JJ NN NN NNS , NFP PRP MD RB VB DT NN TO VB JJ HYPH VBG NNS IN `` NNP '' CC `` NN '' IN PRP$ NN IN PRP$ NN IN DT JJ NN CC PRP$ NN TO NN NN HYPH NN , FW PRP$ NN TO VB JJ CC VBN NNS IN PRP TO VB CC VB IN JJ NNS , WDT VBP DT VBN NN IN NN CC RB NN . DT NN VBZ IN JJ JJ JJ NNS MD CC MD RB VB DT NN VBG DT JJ JJ , JJ NN NNS IN NNS . DT MD , IN DT , VB CC JJ CC JJ , RB WRB JJ NNS , CC RB DT NNS IN PRP$ RBS JJ , PRP$ NNS , VBP IN DT NN . IN JJ NNS , IN VBG JJ NN WDT VBZ NNS VBP RB JJ CC JJ DT NN , JJ VBP DT NN NN , IN VBN IN DT NNS CC JJ NNS IN DT NNP , DT NNP , CC DT NNP , CC JJ JJ JJ NNS -LRB- JJ HYPH NN NNS , IN PRP MD : JJS WP VBP TO VB DT NN IN PDT DT NN , IN PRP RB VBP DT JJ NN IN DT NN -RRB- WP VBP DT VBG NNS , CC VBG IN PRP$ NNS , VBP JJ IN NNS , CC VBP NN IN PRP$ NNS . IN NN , DT VBG NN VBN IN CD IN DT NNP NNP IN NNP DT NN RB VBN IN JJ NN NNS , CC DT RB JJ JJ NN , RB : NN NNS VBP IN JJ JJ NNS JJ IN VBN NN IN JJ NN HYPH JJ NNS JJ IN NN NN . -LRB- CD -RRB- VBN , `` NN HYPH JJ NNS IN NN NN NN NN IN NN NN CC JJ JJ NN , '' PRP$ NN VBD : DT CD JJ NNS IN NN VBN RB VBP : NFP NN NN : DT NN IN VBN NN IN JJ NN CC , CC NN IN DT NN NN , FW NN NN , NN CC NN . NFP NNP NN IN JJ NN : DT NN IN VBN JJ NN IN DT NN . NFP NN IN NN JJ NN : DT NN IN NN HYPH VBN JJ NN NN . DT NN VBZ RB , RB , DT JJ TO VB NN IN NNS IN JJ NN VBN IN NN NNS , CC NNS IN JJ . IN CD , DT NN NNP VBD DT NN VBN , `` JJ NNS IN JJ NN NN NN IN JJ NNS , '' WDT VBD IN NN NN VBZ JJ NNS IN NN IN JJ NNS WDT MD VB DT NN IN NN CC JJ JJ NNS JJ IN NN NN -LRB- CD -RRB- IN DT NN CC NN CC NN NN NN -LRB- NNP -RRB- HYPH NNS VBD IN VBG NNS IN CD IN CD NNS IN NN . MD PRP VB VBN , VBG NN NNS RB VBP RB JJ , JJ CC JJ JJ NNS , JJ IN NN HYPH VBN NN . RB WRB DT JJ NN VBZ VBN , CC NN HYPH VBN NNS VBN IN JJ NN IN PRP$ JJ NNS , NN NN VBZ RB VBN TO VB PRP , VBN RB IN DT NNS IN JJ NNS IN DT NN IN RB VBG CC `` VBG '' PRP$ NN -LRB- VB : MD PRP VB TO VB VBG NN IN NNS . -RRB- . CC RB , IN DT NN IN NN HYPH VBN NN CC NN IN DT JJ NN POS NN NN MD VB PRP$ NN , VBG IN NN NNS -LRB- CD -RRB- CC NN -LRB- WDT VBZ DT RB HYPH VBN NNS IN DT JJ NN : NN HYPH VBN NN -RRB- , DT NNP VBZ VBN CC JJ NN CC DT JJ NN IN VBG JJ NNS TO VB NN NNS , IN VBG PRP IN PRP$ JJ NNS . NNS IN NN IN JJ NN VBG NNS RB IN JJ VBZ DT NNP POS NN IN DT NNS , CD NNS CC JJR , VBP NN NNS IN NN IN DT RB VBG NN NN , WDT VBZ IN DT NN IN NN IN DT NN NN VBG NN NN NN NN , IN JJ NN IN NNS VBP JJ NNS CC NN HYPH JJ NN NNS IN DT NN IN DT NNS , VBN CC RB CC RB IN NN . CD CD NN VBN IN DT NNP IN NNP , VBD IN CD NN IN NN NNS VBD JJ NNS IN NN WRB VBN JJ NNS CC IN IN CD NN IN DT VBN DT JJ NN . RB , RB , CD NN IN NNS VBD VBN TO VB NN HYPH VBN JJ NNS IN CD NNS NN . -LRB- CD -RRB- VB PRP TO VB , VBG IN DT NN -LRB- CC DT NN -RRB- VBZ RB RB JJ CC JJ IN PRP VBP VBG VBN . CC UH VB RB VB PRP$ NN IN DT NN IN PRP$ JJ . VB PRP$ JJ NN , CC VB JJ TO VB DT IN DT VBN CC , CC RB VBN NN IN NN PRP VBP VBN IN PRP$ NN NNP CC NNP NN . NFP RB VB DT RB CC RB RB VBN CC VBN NN VBN IN `` RB VBN '' JJ , NN HYPH VBN JJ NNS , VBN DT NN RB . NFP NN -LRB- CD -RRB- NNP NNP NNP , NNP NNP , NNP NNP , NNP NNP , NNP NNP NNP , NNP NNP , NNP NNP , NNP NNP , NNP NNP , NNP NNP . NN HYPH JJ NNS IN NN NN NN NN IN NN NN CC JJ JJ NN . NNP NNP NNP CD NNP CD . NNP CD NNP CD . NNP : -LRB- CD -RRB- NNP NNP NNP , NNP NNP , NNP NNP , NNP NNP , NNP NNP NNP , NNP NNP , NNP NNP , NNP NNP , NNP NNP , NNP NNP . NN HYPH JJ NNS IN NN NN NN NN IN NN NN CC JJ JJ NN . NNP NNP NNP CD NNP CD . NNP CD NNP CD . NN : CD , NN -LRB- CD -RRB- NNP NNP NNP NNP , NNP NNP NNP , NNP NNP NNP , NNP NNP NNP , NNP NNP NNP , NNP NNP NNP , NNP NNP NNP . NN NNS IN NNS VBN IN NNS WP VBD NN NN IN NN . VBP NNP NNP . CD NNP CD , CD . NNP CD NNP CD . NN : NFP NN -LRB- CD -RRB- NNP NNP , NNP NNP NNP , NNP NNP NNP , NNP NNP NNP . JJ NN IN JJ NNS IN JJ NN -LRB- CD NNS : JJ NNS CC NN HYPH JJ NN NNS VBN IN NN IN JJ CC JJ JJ NNS RB . NNP NNP . CD NNP , CD CD . NNP CD NNP CD . NNP :"
488,333,mainstream,"IN DT VBP VBN VBG NN IN NN NNS TO VB NN NN CC VB RP IN PRP$ NN , CD JJ NN VBD TO VB NNS VBG IN DT NN : IN VBG PRP$ JJ NN NNS . DT NNP HYPH CD NN VBD NNP NNP , PRP$ NN NNP CC PRP$ NN NNP VBD RP IN NN IN NNP , NNP . PRP VBD RB VB TO VB IN CC VB NN , CC PRP MD RB VB RP IN NN NN IN DT VBG NN IN NNP POS JJ JJ NN IN DT JJ NN . `` RB JJ JJ NNS VBP VBN JJ TO VB PRP$ NN CC PRP RB VBD , PRP VBP RB DT NN , PRP VBP RB DT VBN NN , RB DT VBZ DT NN PRP MD VB , '' CD HYPH NN HYPH JJ NNP VBD NNP . DT NNPS VBP IN JJR IN CD JJ NNS VBN IN DT NN , VBN IN DT NNP IN NNP . NN IN DT NNS VBP VBG DT NN NN , DT NNS DT NN . DT JJ NN VBD DT NN PRP VBD VBG JJR NN IN JJ NNS TO VB DT NN , IN VBG DT JJ CD CD NNS -LRB- CD CD -RRB- IN DT NN JJ IN NNP RB RB IN IN DT JJ NN NN IN NNP NNP NNP . DT NNS IN DT NNP NN VBP RB VBN PRP$ NN , NNP NNP NNP NNP VBD IN NNP . IN PRP VBZ DT NN , DT NN VBZ TO VB RP DT NN IN CD CD NNS IN NNP . DT NNPS VBP VBN RB VBG PRP$ NNS , VBG DT NN RP IN DT NNS . `` PRP VBP VBN RB DT NN NNS RB , RB , PRP MD RB VB WRB PRP VBP VBN DT NN . CC PRP VBP RB IN RB JJ , PRP VBP VBN DT NNS IN VBG DT , '' VBD NNP . `` DT NN , IN IN NN , VBZ IN PRP VBP DT NN WDT MD VB DT NN VB RB IN WDT `` JJ '' VBZ , '' VBD NNP . `` PRP VBZ RB JJ TO VB JJ TO VB IN NN IN DT , CC PRP VBP DT NN VBN TO VB JJ TO VB DT , RB . '' WP VBZ DT NN VBG VBN . DT NNP IN NNP VBD IN NNP IN PRP VBD VBN DT NN IN NNP WDT MD VB DT JJ NN VB CC VB DT NN RB . DT NN NN , VBN NNP NNP HYPH CD , VBZ VBN IN DT VBN NN IN DT JJ JJ NN WDT VBZ NNS IN NNS , CC DT VBD RB VBN IN IN PRP MD VB IN NNS . JJR JJ NN VBD VBN TO VB DT NN NN VBN IN DT NN IN NNP HYPH NNP HYPH CD , DT NN WDT VBZ NN HYPH CD . DT NN NN , WDT VBZ IN NNS IN JJ NNS , VBZ VBN TO VB DT JJ NN IN VBG NNS IN DT JJ NN . IN DT NN , DT NN NN VBZ TO VB DT NN VB CC VB DT JJ NN IN DT NN NN , TO VB DT NN IN VBG JJ NNS . WRB VBZ PRP VBG VBN . NNS RB VBP TO VB IN DT NN VBZ DT JJ NN TO VB NN HYPH CD NN : CC VB DT NN NNS IN NN . NNS VBP VBN CC DT NN NN NN CC DT VBG NN IN NN WDT VBZ VBN IN DT `` NN '' IN NN . DT NN NN VBZ RB VBN IN NNS CC VBN IN DT NN NN . DT NN IN VBG PRP RB IN JJ NN , IN NN , VBZ IN NNS VBP DT NN NN TO VB DT JJ NN NNS JJ IN DT JJ NN , NN CC NN . IN PRP VBD NN , WDT MD VB DT JJ NN NNS , PRP VBP NNS MD RB VB IN PRP VBD VBN DT JJ NN CC DT NN . `` PRP VBZ JJ IN DT NN IN NNS VBP VBN IN IN CC RB PRP VBP VBN DT NN , IN , IN PRP VBD , DT MD VB PRP$ NN NN IN DT NN VBG NN , CC MD VB IN DT NN IN DT NNS IN DT NN , '' DT NN VBZ . WRB MD PRP VB IN CC RB PRP VBZ . TO VB IN DT NN VBZ IN NN HYPH CD , NNS MD VB DT NN IN NNS IN DT NN NN IN DT NN IN NNS IN DT VBN NN . DT NN RB VBZ IN DT NNS VBG NN HYPH CD . CC WRB RB PRP VBP VBN CC VB DT NN MD VB WRB RB DT NN MD VB NNS . DT NN VBZ TO VB JJ NNS IN CD NNS IN JJS . IN DT NNS VBP JJ , JJ HYPH NN NNS IN DT NN POS NN MD VB NN IN DT JJ NN IN DT NN . DT VBZ RB JJR IN JJ NNS , WDT RB VBP JJ NNS . IN DT NN VBZ RB VB JJ NNS IN DT JJ NN , DT NN MD VB TO VB NN CC VB DT NN RB . VBG DT NN TO NN RB VBZ NNS , RB NNS , CC DT NNS VBP VBN IN DT NN NN IN NNP HYPH CD MD RB VB VBN . IN DT NN IN NN IN DT NN , NNP NNP VBZ RB VBG WP PRP VBZ IN DT NN POS JJS NN NN . NN CC JJ NNS , RB RB IN DT NN , VBP IN DT VBG VBN IN NNP HYPH CD NNS . NNP NNP NNP , WP VBZ DT NN JJ NN IN DT NNP IN NNP , VBZ PRP VBZ JJ TO VB VBG IN JJ NNS RB , IN `` DT NNS MD VB RP IN NN RB WRB PRP VBP DT NN . '' `` IN DT JJ CD NNS , PRP VBP RB VBN RB CD NNS IN RB CD JJ NNS . PRP VBP VBG NNS IN JJ NNS CC IN DT NN PRP VBZ RB JJ TO VB IN DT IN PRP VBP JJ CC RB . PRP MD RB VB . CC RB , PRP MD VB DT NNS IN DT NN , '' PRP VBD . PRP MD RB VB NNP POS NN IN DT NN NN RB ."
489,954,mainstream,"`` IN PRP VBD IN NN NNS PRP VBD DT JJ , JJ , NN IN NN . '' JJ NN IN NNP NNP . CC PRP RB VBP RB VB WRB NNP NNP VBD JJ NN NN IN PRP$ NN NNP VBZ NN IN DT JJ NN TO VB DT NN IN JJ NN IN PRP$ NN NN . RB , VB RP NNP CD . PRP VBP IN DT VBZ IN DT JJ NN . NN NNS IN NNP HYPH NNP : DT NN IN DT JJ NN : VB DT NN . RB , DT NNP HYPH NNP VBZ IN DT NNP HYPH NN IN NN VBZ VBN IN CD HYPH VBN NN CC DT NN VBZ RB DT `` NN '' . CC NN ."
490,502,mainstream,"CD NN IN VBG JJ NN VBZ IN VBG JJ NN IN JJ NNS . DT NN IN DT NN VBD TO VB JJ NN IN DT NN NN CD -LRB- NNP SYM CD -RRB- JJ NNS CC TO VB NNS VBN IN JJ NN HYPH IN HYPH NN -LRB- NN -RRB- NNS VBN IN NNS . NN HYPH NN NN NN VBD VBN IN NNP NNPS . JJ JJ NN NN VBD VBN IN DT NN NNS `` NN NN , '' `` NN NN , '' `` JJ NN , '' CC `` NN NN . '' PRP RB VBD DT NN IN JJ NN NNS IN NNP CD , CD , IN DT NN IN NN CC IN HYPH NN JJ NN NN . JJ NNS VBD VBN TO VB DT NN IN NN IN JJ NNS CC NN NN NN . DT NN IN JJ JJ NN NN CC NN IN NN IN DT NN NN VBD VBN VBD SYM CD . JJ JJ NN NN VBD RB RB JJ IN NN IN DT JJ JJ NN IN DT CD NN -LRB- NN SYM SYM CD -RRB- , DT NN IN WDT VBD RB VBN IN JJR NNS IN NN NNS -LRB- NN SYM CD -RRB- . NNPS IN JJR JJ NN IN NN HYPH CD JJ NNS VBD RB JJ IN NN NN IN JJ NN NNS . VBG JJ NN IN JJ NNS MD VB DT NN IN DT NN WDT VBZ NN HYPH CD , JJ JJ JJ NN NN CD -LRB- NNP HYPH NN SYM CD -RRB- , IN VBG NN ."
491,683,mainstream,"DT NN IN NN MD VB JJ IN DT NN IN DT NN IN RB NNS , PRP VBZ VBN . NNS IN NNP IN NNP VBP `` CD NN NN JJ '' DT NNP HYPH CD NN PRP VBP VBN VBG MD VB , RB IN JJR NNS . NN NN NNP NNP MD VB CD CD NNS IN DT NN WRB PRP VBZ DT JJ NN , PRP VBZ VBN NN . NNP NNP NNP , IN DT NN POS NNP IN NNP NNP , RB VBD DT JJ NNS IN DT JJ NN DT NN . PRP VBD : `` PRP VBP VBG DT MD VB RB IN NNP NN , PRP MD VB RB IN NNS VBP RB VB RB RB IN PRP VBP , CC VB RBR IN PRP VBP IN IN NNS . '' PRP VBD DT NN MD VB IN DT NN IN DT NN , PRP VBZ VBN . DT NN , WDT VBD IN NNP , VBD VBG IN IN CD NNS IN CD CC NNS . IN RB , NNP NNP VBZ RB VBN TO VB CD CD NNS IN DT JJ NN IN DT NNP . DT JJ HYPH JJ NN VBZ RB VBN DT JJ $ CD CD NN IN DT NN NN IN DT NNP NN . NNP NN NNP NNP VBZ RB VBN JJ NN IN DT NN . CC DT NN NN VBZ RB VBG NNS IN DT NN POS NNP NNP , WDT VBZ VBG IN DT NNP NNP NNP IN DT NN . RB , EX VBZ DT NN CC NN JJ IN NNP HYPH CD CC NNS IN DT NN VBP VBG JJ JJ NNS TO VB IN PRP MD VB NN ."
492,677,mainstream,"DT NN IN NNP NN MD VB NN CC NNP POS NN , RB VBN IN NNP , VBZ VBN VBN IN NN -LRB- NNP HYPH CD , CD : NNP SYM CD , CD : NNP SYM CD , CD : NNP SYM CD , CD -RRB- . RB , PRP VBD VBN IN NNP NNP VBD VBN IN DT JJ NN IN IN NNS RB VBN IN DT NNP MD VB . DT NNP NN VBD RB VBN IN DT JJ NN IN NNS . DT NNP IN DT NNP VBD , `` IN PRP VBD RB WP PRP VBP RB , PRP RB MD RB VB VBN DT NN IN DT NN -LRB- CD NN -RRB- WDT JJ IN NNP '' -LRB- NN -RRB- . IN NNP CD , CD IN DT CD NNS IN DT NN IN NN VBD DT `` NN IN DT NN '' . DT NNS VBD PRP JJ IN IN DT NN DT JJ NN VBD VBN IN NN NN CC NN , IN DT NNS VBD JJ TO VB DT NN -LRB- CD -RRB- . IN CD , DT NNP NNP NNP IN DT NNP IN NNP IN DT NNP NNP NNPS IN NNPS VBD DT NNP NNP NNP IN NNPS CC NNP . DT NN VBD DT NN IN NNS , RB DT NN NN CC NN HYPH VBG NNS , VBP RB VBN IN NN . DT NNP VBD IN DT NN IN JJ NN VBZ NN IN DT JJ NN IN DT NN NN CC NN RB RB IN DT JJ NN IN NN HYPH VBG NNS CC NN . DT NN RB VBD IN JJ JJ NNS IN NN HYPH VBN NN WDT VBP VBN VBN IN NN VBP JJ RB . IN NN , DT NN VBD IN JJ NN IN NN NN VBP VBN IN DT RBS JJ NNS -LRB- CD NN -RRB- . DT NNS IN DT JJ NN VBG CD CD NNS VBN CD SYM CD NNS WP VBD VBN IN NNP CD CC NNP CD IN NNP , VBN IN NN IN JJ NN NN NNS IN DT NN NN NN , VBP VBN VBN -LRB- CD -RRB- . DT NNS IN NNS IN NN CC JJ NN IN DT CD HYPH NN NN NN IN NN VBD VBN IN DT VBN NNS IN RB VBG NNS IN NN CC JJ NN IN DT JJ CD HYPH NN NN . NNS IN DT JJ NN IN NNS IN IN NN CC NNP POS NN VBD RB VBN IN DT NN NN . IN DT CD CD VBN NNS , CD VBD VBN IN NN , CD IN JJ NN , CC CD IN JJ NNS . IN CD NNS IN NN CC CD IN NN , DT NN VBD IN CD NNS IN NN , VBG DT VBN NN IN DT VBN NN NN . RB , IN CD IN CD NNS IN NN , DT RB JJ NN IN CD NNS CC DT NN VBG CD NN IN NN CC NN VBZ DT NN IN NN JJ . IN IN NN , DT NN IN NN CC NN VBG IN NN CD CC IN CD NN IN NN VBZ JJ . DT NN IN NN IN NN VBZ VBN VBN IN NN , NN IN DT JJ NNS VBD IN NN IN IN NNP POS NN . DT NN IN NN NN CC NN VBZ VBN VBN RP IN NNP IN DT CD CD NNS VBN IN NNP IN CD IN CD . VBG JJ NN NNS IN JJ NNS , DT NNS VBD DT NN IN NN NN CC DT JJ NN IN NN -LRB- NN SYM CD : CD NN NN SYM CD , CD -RRB- CC DT JJ NN -LRB- NN SYM CD : CD NN NN SYM CD , CD -RRB- . DT JJ NN NN VBD DT NNS IN NN NN CC NN NN -LRB- CD -RRB- . IN DT NN HYPH NN NN IN NN IN JJ NN NN IN NNS IN NN -LRB- NN SYM CD -RRB- CC NNS IN -LRB- NN SYM CD -RRB- , VBG NNS IN NN IN NN , DT JJ NN IN NNS IN NNP NN IN NNS IN NN VBD JJ IN DT IN VBN NN NNS -LRB- CD -RRB- . JJS IN DT NNS -LRB- CD NN -RRB- CC NN NNS -LRB- CD NN -RRB- VBD VBN IN CD SYM CD NNS IN NN . JJ NNS IN NN CC NN NNS VBD VBN VBN IN CD CC IN CD NNS IN NN . EX VBD DT JJ NNS IN DT IN DT NN NNS IN JJ NN NNS , VBG DT IN NN IN JJ NN . CD IN DT JJ NNS IN NNS VBD IN NN NN NN NNS IN DT NN IN NN IN NNP VBD IN PRP VBD RB VBN VBN . IN NNP , DT CD HYPH NN NN IN NN NN NN CC NNS NN VBD VBN . VBG DT NN IN CD NNS DT NNS VBD IN NNP NN IN CD CC CD NNS IN NN NN NN VBZ JJ CC MD RB VB VBN IN CD NNS IN NN . RB , IN DT NN NN IN NN VBZ RB CD NN -LRB- NN CD NN -RRB- , NN MD VB VBN IN NN TO VB NN -LRB- CD NN -RRB- ."
493,1297,mainstream,"NNS VBP NNS , VB PRP$ NNS CC VBP CD IN PRP$ JJS JJ NN NNS . IN JJ NN NNS , PRP$ NN VBZ TO VB DT NN IN DT JJ NNS . DT MD VB VBG NNS . NNS IN NN , NN , NN CC NN VBD RB JJ IN DT NNP NNPS , VBG NNS IN NNS IN NNS , NNS CC NNS , CC VBG NNS DT NN . DT JJR NNPS MD VB DT NN VBN IN NN NNS CC DT NN IN NN NNS CC NN NNS : DT NN WRB NN NNS CC NN NNS VBD IN NNS IN DT NN IN DT VBG NN . NNS MD VB DT JJ NN IN NN IN DT NNS WDT VBD IN NNS IN NN NNS , IN NNS RBR VBN JJ , JJ CC IN JJ JJ NNS . PRP MD VB NNP VB VBN IN DT NNS RB . IN DT IN PRP WP VBP VBN RB JJ NNS IN NN HYPH JJ NNS , PRP VBP RB DT NN IN DT NN : CC IN DT NN CC NN : IN DT NN , NN NN CC JJ NN NN WDT MD VB VBN VBN IN DT JJ NN . JJ NNS VBP RB JJ CC JJ , IN RBS JJ NN NNS VBG RB JJ : CC RB RBR JJ IN VBG DT JJ NN . CC NN IN NNS VBZ RB RB VBN , RB PRP VBP PRP VBZ JJ TO VB RB CC RB : NNS VBP RB VB NN CC PRP VBP RB VB JJ NNS . DT NN VBD VBN RB DT NN IN DT JJ NN IN NNP NN IN JJ NNS ."
494,855,conspiracy,"DT NN VBZ VBG RB IN DT NN . DT JJ NN IN NNP , DT NNP NNP , NNP , NNP , NNP , NNP : IN RB DT JJ NN : VBZ VBN IN RB VBG NNS IN NN . DT NN , DT NNP NNPS VBD PRP$ JJS NN NN IN CD NNS , IN DT JJ NN . NNP POS NN NN VBD IN DT NN RB VBN IN CD NNS . JJ NNP NNP NNP RB VBD DT NN IN NNS VBN IN VBG DT NN POS `` JJ NN NNS . '' DT NN IN NNP VBD DT NN NN TO VB NNS TO `` VB PRP IN NNP '' CC VB IN NNS , CC NNP VBD DT NN VBG PRP$ NNS TO `` VB IN NNS . '' NN : CC NNS : VBP VBG JJ NNS CC NNS IN PRP$ NN TO VB CC JJ NN VBZ PRP VBZ RB VB DT NN WRB TO VB TO VB DT VBG NN . DT `` NN NN '' PRP VBD RB RB VBN IN IN NNS VBD TO VB , CC RB , NNS VBP VBN VBG TO VB DT NN IN DT NN NN VBG IN DT NNP : DT NN IN NNS VBG DT JJ VBG NN IN WDT EX MD VB RB JJ JJ TO VB DT JJ . RBS RB , PRP VBP JJ NNS : JJ NNS VBG NNS RB IN NN , NNS VBG NN CC NN , VBG NN CC NNS VBG TO VB VBG DT NN IN DT NN VBZ . CC EX VBZ DT NN WDT VBZ RB VBN : DT VBG NNS IN JJ NNS WP VBP RB JJ IN NN CC WP VBP JJ IN VBG NNS . DT NNPS IN NNP NNP VBZ IN JJR IN CD NN IN JJ NNS : CD IN CD : VBP NN VBG CC VBG DT NN . JJ NN VBZ VBG , RB , CC DT NN VBZ JJ . NN : CC NNS : VBP VBG JJ NNS CC NNS IN PRP$ NN TO VB CC JJ NN VBZ PRP VBZ RB VB DT NN WRB TO VB TO VB DT VBG NN . IN VBG IN VBG NN IN JJ CC JJ JJ JJ NNS , RB JJ VBZ VBG VBN TO VB DT NN IN DT VBG NN NN . RB , RBR DT NN , WRB DT JJ NN VBD VBN WDT VBD IN DT NN IN JJR IN CD CD JJ NNS CC VBD RP DT VBG CD NN NN IN NN VBN IN CD JJ NN WDT JJ NNS VBP VBN VBG IN RB DT NN : IN NN IN DT VBN NN IN NN : PRP MD VB VBN EX MD VB JJ NN IN JJ NN , DT JJ NN CC DT NN , MD RB PRP . RB , DT CD IN DT NNS VBP NN JJ . DT NN . IN DT NN , VBN IN DT JJ NNP IN NNP CC NNP NNP , VBZ DT NN NN IN NNS WP VBD DT JJ NN NN -LRB- NN -RRB- NN : VBN IN DT WP VBD RB : CC DT NNS VBP VBG . DT NN IN JJ NN , NN CC JJ NN , WDT VBP VBN RP IN DT NN HYPH VBG NN IN DT NN , VBP TO RB VB DT `` JJ CC JJ '' NN PRP VBP VBN IN NNP CC NNP NNS POS `` NN '' NN JJ NNS . DT NN VBZ IN NNP NNP , JJ NN IN NN CC NN , IN NNP NNP IN NNP NNP IN NNP NNP . PRP VBD IN DT VBG NN NN VBD VBN IN NNP IN JJ NNS : IN CD IN CD IN CD , IN CD IN CD IN DT NN JJ CD IN CD . DT NNP NN VBD VBN IN DT NNP CC NNP NNP IN NN IN DT NNP IN CD TO VB JJ NN : DT NN NNS VBP DT CD NN NN NN IN VBG VBN IN . IN PRP VBZ VBN RBS RB IN NN CD IN DT NNP NNPS , PRP VBD VBN RP IN NN , RB VBG NNS JJ CD IN CD -LRB- CC VBZ RB VBN VBN IN NNS RB JJ IN CD TO VB JJ NN CC NN NNS : DT NN WDT VBZ CD NN IN NNS IN PRP$ NN . -RRB- . PRP VBD JJ NNS IN DT NN NNS POS VBN NN IN NN , VBD JJ NNS -LRB- DT MD VB JJ NN -RRB- IN JJ NN NNS CC VBD IN JJ NN VBD RB VBN , IN DT NNS IN NN NN CC JJ NN NN . NNP VBD VBN DT NN NN IN DT NNP NNP NNP IN JJ NNS NNP NNP CC NNP NNP , WP VBD DT CD HYPH NN HYPH JJ NN WP$ JJ NN VBD IN VBG NN NNS CC PRP VBD VBN IN JJ JJ NN . IN CD , DT NNS VBD DT NN NN IN JJR NNS WP VBD VBN JJ NN : DT NN NNP CC NNP VBD IN RB `` RB JJ IN TO VB RB JJ . '' PRP VBD JJ NNS IN DT NN NNS POS VBN NN IN NN , VBD JJ NNS -LRB- DT MD VB JJ NN -RRB- IN JJ NN NNS CC VBD IN JJ NN VBD `` RB VBN '' IN DT NNS IN NN NN CC JJ NN NN . '' RB RB , IN CD CC CD , DT NNP NNP NNP NNP NNP -LRB- NNP -RRB- VBD CD NNS IN JJ NN VBN IN JJ NNS IN NN NN NNS . IN CD CC NNP , CD , NNP VBD JJ JJ NNS : JJ NN -LRB- CD NNS -RRB- , NN -LRB- CD NNS -RRB- , CC JJ NN -LRB- CD NNS -RRB- , DT IN WDT VBP RB IN HYPH VBN NNS . DT IN DT VBD NNP , WP VBZ VBN DT NN NN IN NNS CC VBZ DT NN IN DT NN IN PRP VBZ CD NNS , CD CC CD , CC VBG VBN VBN IN DT NN NN , WP PRP VBD VB RB CC VB VBG NNS RB IN NN . `` PRP VBP JJ IN NN NN CC DT NN NNS WDT VBP VBN , CC RB VBN , '' PRP VBZ . PRP VBD RP TO VB NN VBN IN DT NNP NNP CC NNP NNP NNP -LRB- NNP -RRB- , WDT VBD CD CD CD HYPH IN HYPH CD HYPH NN HYPH JJ NNS VBG IN DT NNP NNPS IN CD CC CD . VBG JJ NN , PRP VBD DT JJ NNS IN JJ NNS , VBG NN , CC VBD NN IN DT NN IN DT WP VBD DT NN NN VBN IN DT WP VBD RB VB DT IN DT NNS . RB CD NN IN NNS WP VBD RB VB DT NN NN VBD VBN JJ IN JJS RB VBN IN RB CD NN IN NNS WP VBD VBN DT NN NN VBD RB VBN . `` PRP RB VBD TO VB IN EX VBD DT NN , '' VBZ NNP . `` PRP RB VBD RB VB TO VB PDT DT JJ NN . '' RB CD NN IN NNS WP VBD RB VB DT NN NN VBD VBN JJ IN JJS RB VBN IN RB CD NN IN NNS WP VBD VBN DT NN NN VBD RB VBN . IN JJ NNS , DT NN VBD RB RB CD NN : CD NN WP VBD RB VB DT NN VBD VBN TO VB VBN , IN RB CD NN WP VBD DT NN VBD RB VBN JJ . `` NNS VBP IN NNS WP VBD DT NN NN VBD RBR JJ TO VB RB VBN JJ IN NNS IN DT JJ NN NN WP VBD RB VB DT NN , '' DT NN VBZ . PRP VBZ , IN DT NNS IN DT VBP , IN DT NNS VBZ IN DT NN , RB NN , IN DT JJ NN CC VBN NN CC IN JJ NN VBZ VBN . IN DT NN VBZ NN , RB , NNP POS NN VBZ IN IN PDT DT NNS IN DT NN VBD VBN DT NN NN , DT NN IN NNS VBG RB VBN MD VB VBN IN CD CD . DT VBZ RB CD CD VBG NNS . DT VBZ CD CD NNS WP MD RB VB CD , CD , CC DT NNS . PRP VBZ NNS IN JJ NNS VBG IN DT JJ NN . DT NN , VBG DT VBG NN IN DT JJ NNP NN NN VBN RB IN CC NNS CC NNS JJ CD NNS JJ CC RB , VBZ VBG . NNS VBP JJ NN NN NNS . NN NNS WP RB VBP IN NNS , PRP VBP NN IN NN IN NNS . PRP VBP NNS VBP RB JJ HYPH VBG NNS JJ IN VBG DT NN NN POS NN IN JJ NN . CC PRP MD RB VB IN , IN DT NNS , NNS MD CC VBP VB NNS IN VBN JJ HYPH NN JJ NNS : RB IN PRP VBP VBN TO VB DT VBN NN IN NNS IN DT JJ NN NN . IN DT NNS VBP VBN IN DT NN NN , PRP VBP JJ , JJ CC JJ . IN VBN , DT NNPS VBD NNP POS NN IN JJ CC JJ -LRB- VB JJ -RRB- NNS . PRP VBD PRP$ NN TO VB NNS IN JJ NN . IN DT NN , NNP VBZ TO VB DT NNS IN DT NN IN DT NN , CC WP PRP VBD CC VBD IN NNP IN NNP POS NN RB VBZ DT NN POS NNS . IN JJ NNS IN DT NN , CD NN IN DT WP VBD VBN DT NNP NN VBD DT NNP IN PRP VBD VBG NN -LRB- NNS IN JJS PDT DT NN , NN NN CC NNS RB -RRB- VBN IN JJR IN NN -LRB- CD NN -RRB- IN DT WP VBD RB VB DT NN : DT NN IN RB CD NN . JJR JJ NN MD VB IN JJR NNS IN DT VBN . CC , PRP VBZ IN DT VBN NNS IN DT NN VBD RB VBG JJR TO VB -LRB- CC IN JJS RB RB JJ IN PRP -RRB- CC RB VBG JJR NN : RB JJ IN DT JJ NN . NNP '' VBZ RB RB DT NN '' DT NNPS VBD . -LRB- IN JJ NNS , VB DT NN IN PRP VBP RB VB DT NN . -RRB- IN WDT PRP VBZ , `` UH . PRP VBP RB . PRP VBP DT NN , RB . PRP MD VB JJ IN NNS MD VB PRP$ NN CC VB DT NN RB . '' DT VBZ RB WP PRP$ NN VBD IN . IN PRP VBD , NNS IN NN VBN NNS MD RB VB VBN TO . NNP VBZ DT NN , IN NNP NNP POS NNPS IN NNP NNP CC NNP CC DT NNP NNP NNP -LRB- NNP -RRB- IN NNP NNP , WDT VBD DT JJ NN IN NN NN CC JJ NN . RB , NNP NNP VBZ VBN DT NN IN NNS IN NNS IN JJ NN NNS NNP CC NNP NNP NNP , IN VBZ NNP , DT NN WDT VBZ VBN JJR IN $ CD CD NNS IN NN NNS IN JJ NNS . NNP VBZ VBN DT NN IN JJ NNS IN NN NN , VBG CD RB HYPH VBN IN NNP -LRB- DT NN NN -RRB- IN DT NN IN DT NN POS NN NN , CC DT , VBG JJ NN NNS TO `` VB JJ NNS TO VB PRP$ NNS VBP RB VBN IN VBN IN NN NNS '' IN PRP VBP `` VBN NN CC NN '' IN NNS WP MD VB RBR JJ TO VB DT NN NN IN PRP$ NNS . JJ NNP NNS VBP `` VBG JJ NNS IN NN NN IN NNP NNS , '' VBG `` NN NN '' TO VB NN NN CC JJR . `` DT MD VB DT NNS IN `` JJ NN POS NNS IN NN , '' VBZ NNP , '' CC PRP VBP RB DT NNS WP MD VB VBN . '' DT NN NN IN NN NN POS NN IN NN VBD VBN IN NNS POS JJ NN IN NNS VBN -LRB- VB WRB DT NNPS VBD IN NN HYPH VBG RB . -RRB- . CC DT NN VBD RB VB IN DT RB RBR JJ NN IN NN : NN . NN IN DT NN VBZ RB RB DT JJ NN IN DT NN PRP IN NN , CC NN VBZ VBN RB IN NN IN DT JJ CC DT NN VBZ CD NN HYPH NNS IN IN CD HYPH NN HYPH NNS . RB RB , IN DT NN , PRP VBZ CD NNS IN DT NN IN CD IN PRP VBD RB VBG : IN NN : TO VB DT NN IN JJR IN CD NNS . DT VBZ DT NN IN VBG DT NN NN RB . `` DT MD VB DT NNS IN `` JJ NN POS NNS IN NN , '' VBZ NNP , '' CC PRP VBP RB DT NNS WP MD VB VBN . '' TO VB JJ , JJ JJ NNS MD VB VBG JJ NN . VBG JJ NN VBZ CD IN PRP . JJ NN NNS VBP VBN IN JJ NNS : NNS VBD NNS JJ NN VBG IN RB , PRP VBP VBN CD NN IN RB DT JJ CD NNS : VBG JJ JJ JJ NNS . JJ NNS VBP VBN IN NN IN NNS CC JJ NN -LRB- RBR IN DT RBR -RRB- IN NN CC NN NN VBN IN NNS IN DT NN NN , IN JJ NNS IN VBG NN CC VBD NN RB . CC IN NNP POS NN , DT JJ NNS VBP DT JJ NN IN NNS RB . EX VBZ DT NN WRB NNS WP VBP MD VB NNS IN JJR NN NNS , IN NN . RB , WP VBZ PRP IN DT NN VBG DT NN VBN IN NN IN DT JJ JJ NN WDT MD VB RB JJ . NNP VBZ IN CC NN NNS VBP NN , DT JJ NN IN VBN NN TO VB JJ NN HYPH NN , VBG IN JJ NNS . NN NNS VBP VBN IN NN : NNP POS JJ NN NN VBD CD NNS IN VBN NN IN DT IN CD NNS , VBG CD NNS : DT `` JJ VBN '' NNP CD NNS VBP DT NN IN CD NNS : DT NN IN NN IN DT NN NN WDT NNP VBZ MD RB VB `` DT NN NN '' IN NNS WP VBP VBN RB JJ JJ NNS IN NN IN DT NN IN CD NNS IN NN NN . DT NNP VBZ IN PDT DT NNS VBP JJ CC IN NN NNS VBP JJ IN DT JJ NN IN JJ CC JJ NN IN NN . RB DT VBZ WRB NNP NNS VBP PDT DT JJ NN IN VBN JJ NNS : CD IN PRP$ NN IN CD IN NNP , CD -LRB- CC DT VBP VBN TO VB RB RB HYPH VBN -RRB- . DT NNP VBZ IN PDT DT NNS VBP JJ CC IN NN NNS VBP JJ IN DT JJ NN IN JJ CC JJ NN IN NN . DT JJ NN IN NNP NNP NNP NNP NNPS NNP VBZ IN DT NNP NN VBZ VBN IN JJ NNS . PRP VBZ RP NNS IN NN CC NNS IN NNS . `` JJ JJ NNS IN DT NN IN NN WDT VBP RB VBN RB VBN IN PRP VBP RB RB VBN , '' VB DT NNS WP VBP DT NN IN VBN , JJ JJ , JJ CC JJ NN IN DT NN IN DT NN . DT RBS JJ VBN NNS IN NN NN VBP RB VBN : NN , JJ NN IN NN CC NN NNS , NNS , NN , CC NN , NN CC JJ NNS WDT VBP VBN IN VBG NN , IN NN . NN NN : RB RB IN NN NN : VBZ VBN VBN IN JJ NN IN DT NN VBN JJ NN WDT VBZ DT RB VBN NN VBN WRB DT NN NN RB VBZ NNS IN JJ JJ NNS VBN IN NNS WDT VBP IN DT NN IN NNS : NNS , NN , NN , NNS , NN : CC DT JJ NN . CD CD NN IN JJ NNS IN DT NNP IN NNP , NNPS CC NNP `` NNP '' VBD IN `` NN '' IN DT NN NN IN JJ NNS , VBG NN , IN NNS , VBD IN NN IN NN NN CC DT NN NN IN NN . `` JJ NN '' IN JJ NNS IN DT NN VBD VBN , RB IN DT NN IN NNS IN JJ NN NNS . JJ NN VBZ VBN NN IN NN NNS . JJ NN NN NNP HYPH NNP NNP CC PRP$ NNS IN DT NNP IN NNP VBD DT NNS IN PRP$ CD NN IN DT NN IN NNS VBG NN IN DT JJ NN NN . PRP VBD NN NNS IN CD NNS WP VBD VBG NN NNS IN NNP NNP POS NN NN NN IN NNP NNP IN NNP WRB PRP VBD RB VBN TO VB DT NN NN IN DT JJ NN . `` JJ NN '' IN JJ NNS IN DT NN VBD VBN , RB IN DT NN IN NNS IN JJ NN NNS . RB NN CC VBN NN IN DT NN HYPH JJ NNS IN DT NN VBD DT NNS TO VB IN WDT NN DT MD VB IN DT NN TO VB CC IN DT NN IN RB VBN NNS . NNP NNP , DT JJ NN WP VBD JJ JJ NN VBG NNP NN , VBZ RB VBN DT NN IN NNP POS NN NN VBD JJ IN WDT NN IN `` NN '' NN VBD VBN IN NNS IN DT NNP NN : PRP VBD TO VB IN DT `` NNS '' VBD CC DT JJ NNS IN NN RB RB IN DT JJ NN , NN CD . DT NN VBZ VBN VBN JJ NN TO VB NNS IN DT VBN NNS VBN IN DT JJ NN . NN IN DT NNS RB VBD DT JJ HYPH NN NN IN DT NN IN DT JJ NN IN NNS , NNP CC NNP VBD , VBG IN NN NN IN JJ NN MD VB NNS CC NNS TO VB . WDT NN IN JJ NN NN VBZ RP CD NNS IN JJ NNS : VBG JJ CC JJ NNS : IN JJ NNS IN NN NN . DT NN IN DT NN WDT DT NN VBZ TO VB IN VBZ WRB DT NN NN VBZ RB RB VBN TO VB IN . WRB VB DT NN IN DT NN WDT VBZ JJR IN CD NN IN NNS IN PRP$ NN . CC WRB VB NNS WDT VBP JJ , RB JJ NNS IN NNS WDT NNS VBP VBN IN , CC IN VBN NN IN JJ NNS . WRB RB VB DT JJ NN IN DT NNS . WDT NN IN NN MD VB DT NN IN NN . WDT NN IN JJ NN NN VBZ RP CD NNS IN JJ NNS : VBG JJ CC JJ NNS : IN JJ NNS IN NN NN . VBG DT NNS VBZ RP TO VB DT NN RBR JJ IN PRP VBZ IN RB . EX VBP JJ NNS WDT VBP JJ TO VB RP . EX VBP , RB RB IN CD , DT NNS IN JJ NNS CC JJ NNS NNS WDT JJ NN NNS VBD RB VBN NN NNS VBN RB IN NNS IN JJ NN IN NNP . JJ NN NNS VBD PRP VBD VBN NN NNS IN NN HYPH VBG NN JJ JJ NN -LRB- NN HYPH NN -RRB- : DT JJ VBG NN VBN IN DT JJ JJ NN IN DT NN IN DT JJ NN TO VB NN NN . DT JJ NNS VBD PRP VBD JJ NN WDT VBD VBN CC DT NN VBD VBN IN NNP POS NN . DT JJ NN VBZ IN DT JJ NNS VBG DT NNP NN NN VBP DT JJ NNS RBS JJ IN VBG NN NNS . WRB NNP NNP VBD PRP$ NNP NNP NNP IN CD IN DT NN IN VBG NNS IN DT NN POS JJ , PRP VBD JJ PRP VBD CD NN IN DT NN IN NN : `` IN PRP VBP WP VBZ VBN IN JJ NNS WDT VBP VBN NNS , PRP VBP PRP RB IN DT CC DT NN NNS VBP RP , '' PRP VBD IN DT NN . `` DT NN VBZ MD PRP VB VBN RP RB RBR RB . '' RB RB IN EX VBZ DT JJ NN IN IN WRB DT NN VBZ VBG DT NN NN , NNS IN DT JJ HYPH NN NN IN DT NN NN IN JJ NN VBP RB RB JJ CC JJ , CC DT NN VBZ RB JJ IN PRP VBP RB VB PRP . IN PRP VBD PRP$ NN VBD `` RB IN NN NN , `` NNPS POS NNS VBP DT JJ IN DT WP VBD DT JJ NNS IN JJ NNS IN NN NNS IN DT NNS CC WP VBP TO VB JJ NNS NN IN NN TO VB DT NN NN RP . IN NNP , NN VBZ RB VBN IN NN IN JJ NN CC NN CC IN DT NN IN NN CC JJ NN , PRP VBZ VBN IN NN IN NNS , NNS PRP CC PRP$ NN VB NN IN : NNS CC NNS . PRP$ NN VBZ VBN IN VBG WP JJS JJ NNS VBP VBG IN JJ NN : JJ NN . RB RB IN EX VBZ DT JJ NN IN IN WRB DT NN VBZ VBG DT NN NN , NNS IN DT JJ HYPH NN NN IN DT NN NN IN JJ NN VBP RB RB JJ CC JJ , CC DT NN VBZ RB JJ IN PRP VBP RB VB PRP . NFP -LRB- LS -RRB- NNS POS NNP NNP , NNP . DT NN VBZ VBN CC VBN IN DT NN IN NNPS POS NNP NNP , NNP . VB TO VB JJR IN NNPS POS NNP NNP . VB RP IN JJ NN CC NNS IN NNP NNP NNP , NNP CC DT NNP POS NNP NNP . PRP$ NN MD VB TO VB PRP IN PRP$ NNS ."
495,482,mainstream,"IN DT NN NN IN DT NN NN , NNP , NNP NN , VBZ VBN IN DT NN WRB NNP NNP NNP POS JJ NNS VBD VBN VBN , CC DT VBZ RB RB WRB NNS VBD . RBR DT NN , NNP NNP NNP NNP VBD VBN IN NNS MD VB JJ , IN NNS POS NNS CC JJ HYPH NN NNS VBG PRP TO VB PRP . IN DT NN , JJ NN VBD VBN VBN , CC NNS CC NNS VBD IN NNS IN DT NN TO VB RP NNS CC NN NNS VBN IN DT JJ NNP . IN IN JJS DT NNP , NNS VBD VBN TO VB RB IN NN NN NNS , WRB DT VBD IN NNS WP VBD RB JJ IN NN HYPH CD ."
496,25,mainstream,"DT NN VBG DT NN NN VBZ VBN IN DT NNP NNP POS NNP IN NNP CD , CD , IN NNP . NNP NNS VBD TO VB NN NN NNS VBN IN JJ CC JJ NNS , WDT IN PRP VBZ NN MD VB CD IN DT JJS NN NNS IN DT NNP , DT NNP NNP NNP VBD . DT NN VBD VBN IN DT CD HYPH IN HYPH CD NN IN DT NN NNP IN VBG NN VBG DT NN NN IN NNP WDT VBD IN JJR IN CD NNS VBG VBN . DT NN MD RB VB IN NNP NNP NNP POS NN CC , IN PRP VBZ DT NN , MD VB IN JJR NNS IN DT NN WP VBP IN NN NN CC NN VBP VBN IN NNS JJ IN NNS , DT NNP NN VBD . `` DT NN VBZ IN NNS VBP RB JJ CC DT JJ JJ NN NN , CC DT NN WDT VBZ PRP$ NN MD VB RB VBN , '' VBD NNP NNP , NNP POS NN . VB JJR NN VBN TO VB DT NN IN NNS NN JJ , VBG NNP NNP NNP , NN IN DT NNP NNP NNP , VBD DT NN . `` PRP VBP VBN IN DT JJ NN IN NNS IN NN VBP JJ RB IN NNS MD VB VBN RB , '' PRP VBD DT NN . `` DT NNS IN VBG TO VB NNS , VBP VBN IN JJ CC JJ NNS , CC PRP VBZ RB DT JJ JJ NN NN . '' RB , DT VBD DT NN VBZ JJ NNS CC MD RB VB VBN IN NN . `` DT NN IN DT NN RB VBZ PRP IN DT JJ NN , '' NNP NNP NNP , WP VBD IN DT NN , VBD . VB RB TO VB DT JJ NN ."
497,694,mainstream,"DT NN VBZ VBG PRP$ JJ JJ NN IN VBG `` JJ NNS '' VBN IN JJ NN IN DT NNP NN , PRP VBZ VBN . NNP NNP , WP VBD VBN IN NN CD NNS IN VBG DT NN , VBZ VBG JJ NN IN DT JJ NN WDT PRP VBZ VBD DT NN IN VBG , VBG IN DT NN IN DT NNP . PRP VBZ VBG DT NNS NNP NNP CC NNP IN PRP$ `` JJ NN IN NNS IN DT NN IN VBG DT JJ NN VBN IN JJ NN IN WDT PRP VBD '' . JJR IN CD NNS VBD VBN IN DT NN NN WDT VBD VBN IN CD IN NN IN NNP NNP IN DT NN IN NN CC DT NNP NN VBD VBN . PRP VBD RBR VBN RP IN DT NN IN NNS VBG IN NN CC VBG TO VB IN DT JJS NNS IN JJ NN NNS . DT JJ NN NN VBD DT VBN $ CD CD IN JJ NN . NNP NNP , NNP POS NN , VBD PRP$ NN VBD DT JJ , CC PRP$ NN VBD VBN IN NN IN JJ JJ NNP NN NNS WP PRP VBD VBD VBN IN NN IN JJ NNS . `` DT JJ NNP NN NN VBD VBN TO VB JJ NNS IN NN , RB JJ NNS , CC PRP VBD NNS IN JJ NN , '' NNP VBD DT NNP . `` EX VBD RB DT JJ JJ NN IN DT NNS VBN : PDT DT VBN NNS CC NNS , VBN IN DT JJ NN NN VBN IN DT JJ NN NN CC NN NN . RB CD NN IN NN VBD VBN IN DT NN . DT NNS VBP RB RB VBG TO VB CC VB NN . PRP VBP VBG DT NNS IN PRP$ JJ NNS CC JJ NNS . '' NNP POS NN VBZ IN NNP NNP CC NNP RB VBD NNP POS NN CC VBD DT NN NN IN VBG DT NN , WDT PRP VBP VBD CD NNS IN DT NN IN NN IN DT NN IN DT NNS . NNP , CD , IN NNP , JJ NNP , VBZ VBG NNS TO `` VB NN , NN , NN CC NN IN VBG IN JJ NN '' . NNP NNP CC NNP VBZ NN CC IN DT NN IN DT NN IN NNS CC IN NN IN DT JJ NN . DT NN NN VBD : `` DT NN IN NNP NNP CC NNP MD RB VB DT JJ NN VBZ NN CC RB JJ IN PRP$ NNS CC NN . TO VB IN PRP VBD JJ NN NNS TO VB DT NN VBG PRP VBD JJ IN CD CC CD VBZ RB JJ . IN DT NN , DT NNS IN DT NN VBD RB JJ . DT NN IN DT NN CC NN VBD RB VBN IN DT NNS CC NNP NNP CC IN NN IN DT JJ NN IN NNS CC DT NN IN DT NN , PRP VBD JJ IN NNS TO VB VBN RP . DT JJ NN NN VBD JJ TO VB DT NNS . ''"
498,776,conspiracy,"NN CD : DT NNP NNP NNP NNPS PRP$ JJ NN IN VBG `` NNP NNPS '' CC `` NNPS '' NNP NNP , JJ JJ NN IN NNP , VBZ VBN IN CD IN DT RBR VBG CC JJ IN DT JJ JJ NNS WP VBP VBN VBG IN DT NNP NNP NN . NNP VBZ VBN DT NN IN JJ JJ NNS WDT VBP VBN DT JJ NN IN DT NN IN NN HYPH CD NN VBD DT JJ NN IN NNP POS JJ HYPH NN NN NN . NNP VBZ VBN PRP MD VB `` JJ '' IN NNS TO VB IN VBG `` DT JJ NN IN NNS '' IN WRB DT NN VBD CC WRB PRP VBD . IN DT JJ NNS , NNP VBD IN DT NN VBD NNP NNP , DT JJ NN IN JJ NN IN DT NNP IN NNP . NNP NNP VBD DT NNP NNPS CC NNP NNP , NN WDT VBD NNP NN IN DT NNP POS NNP NNP NNP IN CD . NNP . NNP VBD IN PRP$ NN IN NNP IN NNP HYPH CD VBZ RBS RB DT RB HYPH VBN NN WDT VBD IN DT RB HYPH VBN NNP NNP IN NNP . NNP . NNP VBD , NNP . NNP VBZ IN DT NN IN DT NNP NN VBD RP IN DT NNP NN IN CD . PRP VBZ IN `` NN '' DT RB VBN NN WDT NNP HYPH CD VBD IN NNP POS JJ , JJ HYPH NN NN NN . NNP . NNP VBD DT IN PRP$ NNS IN DT JJ NN VBN IN NNP . NNP RB VBD NNP NNP IN PRP$ NN IN JJ NN VBN PRP$ NN IN CD IN DT JJS JJ NNS IN JJ NN CC JJ NN VBG DT NN IN NN IN DT NNP NNPS . NNP NNP VBD IN PRP VBD RB RB VBN IN VBG IN DT NN IN JJ NN RB IN PRP RB VBD PRP$ NN IN DT NN NNS IN CD NNP NNPS IN NNP IN CD . EX VBZ VBN JJ JJ NN IN DT NN NNS VBG DT NNP NNP CC DT NN NNS IN JJ NNP IN CD . DT NN NNS VBP DT RBS JJ NN RB IN DT NNS IN DT NNP NNP , DT JJ NN IN NN CC NNS IN DT NNP NNPS . DT NNS VBP VBN TO VB VBN IN DT JJ NN IN DT JJ NN IN NNS VBN IN NNP CC NNP NNP IN CD . DT NN NNS VBD CD NNS VBG CD JJ NNS . CD NNS VBD VBN CC NNP VBD VBN RP IN DT JJ NNS . NN HYPH JJ NN NNS VBD RB VBN IN CD NNP NNP NNPS , NNP NNP CC NNP NNP . WRB PRP VBD DT VBN NNS DT NNS VBD VBN IN NN NNS IN DT NN HYPH CD NN NNS NN VBN IN DT NNP NNP . CC NNPS NNP CC NNP VBD JJ TO NN VB DT NN WDT VBD RB RB VBN CC VBN IN NNP IN CD NNS IN DT CD NN . DT NN NNS VBD NN RB IN DT NNP JJ NNS VBD VBG NNP WRB DT NNS IN DT CD NNS VBD VBN TO VB VBG RP . DT NNS IN DT NN NN , WP PRP VBD VBN TO VB IN DT NN IN NNP HYPH NNP NNS , VBD IN VBG RP DT JJ NN IN NN IN DT NNP NNP POS JJ NN IN JJ NNP . WRB , PRP MD RB VB , VB , MD JJ NNS VB DT NNP NNP TO VB VBN IN NNP . IN JJ NNP DT NNP JJ NNS VBD NNP IN DT JJ NN IN DT NNP JJ NN VBD VBG IN DT NNP DT NN TO VB CC VB CC VB IN DT NNS IN NN . IN DT NNP JJ NNS VBD IN NN IN NNP IN DT NN IN DT JJ NN IN CD POS NN , EX VBD RB DT NN IN DT JJ CC JJ NN HYPH VBN NN IN DT NNP CD NNS MD RB VB NN . IN DT NN DT JJ NN IN NN VBZ TO VB IN DT NN IN NNS CC NNS WDT VBP VBN JJ NNS IN DT NN IN NN IN JJ NNS IN DT NNP NNPS CC DT NN . IN PRP$ CD NN , NNP CC NNP , NNP . NNP POS NN VBD IN JJ NNS IN DT NNP POS NN IN DT NN NNS VBG DT NN POS NN IN JJ NN . IN NNP . NNP , DT RB VBN JJ HYPH NN NN IN DT NN VBD PRP RB JJ IN DT NN NN VBD VBN IN DT NNP JJ NNS IN DT NN IN NNP NNP NNP . NN , CC NN NN , VBZ DT NN HYPH VBN NN VBN RB IN NN . VBG RB IN DT NN NNP NNP VBD , `` DT NNP CC DT NNP VBP JJ , JJ , CC JJ TO VB NN WRB PRP VBZ PRP$ NNS . PRP RB VBD DT NNP NNP CC NNP CC VBD PRP$ NNP IN RB HYPH NNS HYPH NN NN IN NNP CD . '' NNP . NNP POS NN VBD RB VBN CC VBN IN IN DT NN IN NNP NNP NNP NNP . NNP . NNP VBZ DT NN IN NNP NNP POS NN IN DT NN NN IN NN IN DT `` JJ NN . '' PRP VBZ DT CD NN NN IN DT RBS JJ NN IN JJ NN IN DT NN RB RB . NNP NNP VBZ JJ IN DT RB JJ NN IN NNS CC JJ NNS WP VBP DT JJ NN IN CD IN PRP$ JJ NNS IN DT JJ NN . DT WP VBP DT NN VBP JJ JJ NNP NNP NNP NNP , JJ JJ NNP NNP NNP NNP NNP , JJ NNP NNP IN DT NNP NNP NNP , JJ NNP NNP IN DT NNP NNP NNP NNP NNP , JJ NNP IN DT NNP NNP NNPS NNP NNP NNP NNP NNP NNP NNP , NNP NNP NNP NNP NNP NNP , CC DT NN IN CD JJ NNS IN JJ NNS IN DT CD NN , NNP NNP NNP NNP NNP NNP NNP . NNP NNP NNP VBD DT CD NN IN JJ WRB PRP VBD , IN PRP$ NN IN DT NNP NNP NN , NNP NNP VBD DT NNS VBN IN NN CD . NN CD VBD RB IN NNP NNP IN NNP CD , CD DT NN IN NNS VBN IN DT NNP CC NNP NNP NNP , DT NNP NNP NNP CC DT NNP NNP NNP IN NNP NNP . DT NN VBD DT NNP HYPH CD NN IN RB DT JJ NNS . PRP VBP PRP VBZ RB IN IN NN CD VBD JJ IN DT NNS IN TO VB IN DT NN IN DT JJ NN IN NNP NNP . NN CD VBD NNS JJ IN DT IN DT NNS WDT RB VBP DT VBN NNS VBG JJ NN NN NNS CC RB DT IN CD . DT JJ NN IN DT NN VBD DT VBN NN TO VB NNS IN DT NN . NNP NNP IN DT NNP NNP IN NNP VBD RB RB IN TO VB IN `` DT NN RP IN DT NN IN NNS TO VB NN IN NNP NNP . '' NNP VBD IN JJ NN VBN IN VBG `` JJ NNS . '' VBG IN DT NN IN NN , NNP VBD , WP VBZ VBG TO VB WP VBZ `` JJ NN '' . IN NN NNS VBP TO VB VBN , `` WP MD VB VB DT NN NNS '' . NNP NNP , DT NN NN IN NNP NNP IN NNP NNP , VBD RB JJ IN VBG DT NNS IN `` NN NNS '' WDT VBP VBN PRP TO VB DT NNS CC NNS IN DT NN IN NNS VBN IN VBG CC VBG NNS . PRP RB VBD DT NN IN `` NN NNS '' IN VBG JJ NN IN DT NN IN JJ NNS CC NN NNS IN PRP$ NNS IN NN . NNP NNP IN DT NNP NNP NNP IN NNP NNP VBD DT JJ NN IN DT NN . PRP VBD , `` WRB JJ NN IN NN MD EX VB . IN WP MD NN IN NN VB VBN . WRB MD JJ NN VB RB VBN . '' NNP RB VBD , `` WP VBZ IN DT JJ NN VBZ VBG IN NNS CC NNS . '' DT JJ NN VBZ DT JJ NN IN JJ NNS VBG TO VB PRP$ NN IN DT NN CC NN WDT RB VBZ PRP$ JJ NNS . DT WDT VBP TO VB DT NN WDT NNS CC NNS RB VBP JJ NN MD RB RB VB TO VB NNS IN PRP VBP `` NN NNS . '' RB RB DT NNS VBN IN VBG WP CC WP VBZ JJ -LRB- CC RB -RRB- VBZ RB IN JJ NN VBG DT NN IN NN CC NN . NNP NNP VBZ JJ NN IN DT NN IN DT NNP NNPS VBD DT NNP HYPH CD NN VBG IN NNP NNP . PRP VBZ DT NN VBN IN CD IN DT JJ NNS IN DT NNP NN IN DT JJ NNS IN NNP CC NNP . NNP VBZ RP IN EX VBZ NN IN IN DT NNP NNP NNP , DT NNP NN VBZ VBN IN JJS CD NNS , RB VBG JJ JJ CC JJ NNS IN NNS IN PRP$ JJ NN . IN DT NN IN NNP NN IN JJ NN VB RB , RB CC RB . NNP VBZ DT NN VBN IN DT JJ NNP NN NN IN DT NNP NNP NNP IN NNP NNP IN DT JJ NN IN NNP IN CD . PRP VBZ IN CD NNP NNS VBD IN NNS IN DT NNP NNP NNPS RB IN DT JJ NN IN JJ NN NNS . DT NN CC DT NNS IN DT NN VBD RBR CC RBR JJ TO VB RP DT JJ JJ NN IN DT NNP NN POS JJ `` JJ NN '' IN NNP . IN NNP CD IN DT NNP NNP NNP , NNP NNP NNP , NNP NNP NNP , VBD DT RB JJ NN IN JJ NN IN NN TO RB VB JJ NNS . NNP VBD , `` NNP POS NN IN DT NNS VBZ VBN JJ , CC IN JJ NNS PRP VBZ VBN IN NN , NN , CC NN IN JJ NN NNS , JJ NNS , CC NNS CC NNS . NNP CC NNP VBP NN POS NN NN IN DT JJ NN . DT NNP NN IN NNP POS NN IN DT NN CC JJ NN IN CD NN NN MD RB VB DT NN IN DT NN VBN IN DT JJ NN IN VBN NN IN NN IN DT NN CD NNS IN NNP CC NNP . RB IN CD DT JJ NN VBN NNP NNP POS NNPS , DT NN VBN RB IN DT JJ NNP IN DT NNP NNP NNP -LRB- NNP -RRB- , VBD IN DT NNP NN MD VB CC VB PRP$ NN TO VB JJ NN . NNP VBD DT NN NN WDT VBD DT NNS IN NNP CD , CD IN VBG DT JJ NN WDT MD RB VB VBN IN VBG JJ JJ NN IN `` DT JJ NN IN DT NNP NNP NNP . '' IN CD , DT NNP NN IN JJ JJ NNS CC JJ NNS RB RB VBD RP DT NN IN DT NNP NNPS IN IN DT NN RP CC NN IN PRP$ JJ NN NN . NNP VBD IN DT NN IN `` JJ NNS IN JJ NN WDT MD `` VB POS JJ NNS . '' IN DT NN `` JJ NN MD VB VBN IN DT RB JJ NN . '' DT NN IN DT NN IN JJ NNS IN NNP VBZ VBN VBN IN JJ NN IN NNP NNP POS NN IN DT NN VBN NNP NNP : NNP . DT JJ NN IN NNP NNP NNP NNP POS JJ NN , NNP NNP VBZ RB VBN IN DT JJ NN IN JJ NN NN , NNP NNP -LRB- RB NNP NNP , NNP NNP , NNP NNP -RRB- . NNP VBZ DT JJ JJ NN . PRP VBZ DT JJ NN IN RB DT NN IN DT NNS CC NNS IN DT NNP NNP NNP . NNP RB VBZ DT WP VBP NNP POS CD HYPH NN NN , DT NN VBN IN DT NN WP , PRP VBZ , VBP JJ , JJ CC JJ NNS . NNP RB VBZ IN DT IN DT JJ NN POS NNS IN DT NN , VBG NN NNS CC NN NNS , MD RB VB VBN IN CD CC RB CD TO VB JJR IN NN . -LRB- IN DT NN NN IN NN CC NN VB DT . -RRB- RB NNP CC NNP MD VB TO VB DT NN NNS VBN IN DT NN IN DT NN IN NN , NN CC NN NN IN NNP . CD IN DT NNS PRP RB VBP , IN VB NNS WP VBP DT JJ NN IN JJ NN CC NN , VBZ IN DT NNS IN NNP CC JJ NNP VBP VBG NNS IN JJ NNS IN DT NN RB JJR IN JJ NN NNS . DT NNS VBD IN JJ NNS VBD VBG VBN IN DT RBS VBN NN IN DT NNP NNP NN . PRP VBZ JJ , TO VB DT JJS , IN DT NNS VBP JJ NNS VBP VBG VBN RB JJR CC IN RB JJR NNS IN DT JJ NN CC DT NNP NNP NNP VBP VBG . DT NN IN DT JJ NN IN VBN CC JJ NNS VBZ VBN IN JJ NNS IN WP VBZ RB VBG IN DT NNS IN JJ CC JJ NNS IN NNS IN DT NNP NN . JJ IN DT NNS VBP JJ NNS IN JJ NNS CC JJ NN NN . DT NNS IN NN IN DT IN DT VBG TO VB NNS IN JJ NNS VBP RB TO VB DT NN IN DT NN CC NN NN . PRP VBZ VBN TO VB IN DT VBG TO VB DT NN IN NNS VBP JJ IN PRP$ NN TO VB RB MD VB IN DT JJ NN CC DT JJ NN IN NN . DT NNS VBP , IN NN , JJ RB IN JJ . NNS VBG WP PRP VBP VBN TO VB CC RB IN DT NN VBP VBG RB RBR JJ CC JJ . CD IN DT VBG NNS IN DT NN VBN IN NNP NNP : NNP VBZ DT NN IN DT IN DT NN NNS IN JJ NN IN DT NNP NNPS TO VB IN NN NN DT NNS PRP VBP IN JJ NN NNS VBG IN DT NNP NNP NNP . IN NNP CC NNP DT NN VBZ NN NNS IN DT NNP NNP NNP , DT NNP NNP , CC NNP RB NN NNS IN DT JJ NN . DT JJ NNS PRP VBP RB VBG IN JJ NNS IN DT NN IN WRB TO VB DT NN CC NNS VBN PRP IN DT VBG NN IN DT NNP NNP NNP . RB DT NNP RB VBD DT NNS IN RB VBG RB CC RB RB IN DT JJ NNS IN NN NN VBD TO VB RP . DT NN IN NNP IN RB CD CD NNS IN JJ IN DT JJ NNP NNP NNP NNS VBD JJ NNS IN VBG DT NN . IN VBN IN DT NN , DT NN IN NNP IN NNP NNP NNP IN CD NNP VBZ VBN DT NN NN IN JJ NN IN DT NNP NNP NNP VBN IN NNP NNP NNP NNP . NNP NNP VBD IN NNS IN PRP$ JJ NN NN NN VBG IN DT JJ NN MD VB VBN IN NN IN DT NN IN NN HYPH JJ NNS WDT RB VBD PRP$ NNS . IN VBG RP DT JJ NN , NNP NNP VBD VBN IN IN CD JJ VBN NNS IN DT NNP NNP NNP . RB PRP VBD VBN IN NNS TO VB `` VBG JJ NNS . '' PRP VBD VBN TO VB CC VB `` VBG NNS , '' CC `` VBG RB TO VB JJ NN . '' NNP NNP VBD DT NN VBG PRP MD VB IN VBG TO VB WP PRP VBD VBN VBN IN VBG . DT VBN NN VBD IN PRP$ JJ NN . PRP VBD PRP$ JJ NN CC VBD VBG NNS VBG NNS IN DT JJ NN . PRP PRP RB VBD IN NNP HYPH CD WRB PRP VBD RB VBN IN CD HYPH NNP . VBZ NNP POS JJ NN IN DT NNP NN NN NN DT NNP JJ NN IN DT NN NN IN NNP IN DT NN IN VBG NNP NNP . VBZ DT NN IN DT NNP IN DT NN IN VBG `` NN NNS '' VBG DT NNP NNP NNP POS NN TO VB NNP NNP . VBZ NNP NNP TO VB RB VBN IN DT JJ NN IN DT `` NN NN '' . WRB JJ VBD PRP$ NN IN RB `` VBG NNS '' CC `` VBG RB TO VB JJ NN '' IN DT NN IN DT IN DT NNP WP VBP VBN VBN , VBN CC RB VBN IN VBG TO VB NN TO NN . PRP VBP VBN NNS IN DT NNS VBN IN RB HYPH VBN NNS VBG DT NN NNS IN DT RB JJ JJ NN JJ TO VB NN IN DT VBG NN IN PRP$ NN . DT JJ NNS VBP TO VB JJ NN IN PRP$ JJ NNS IN NN , NN CC NN IN VBG NNS IN PRP$ NN IN `` NN NNS '' CC JJR . RBR RB PRP VBP VBN VBG IN DT NN IN DT NN IN VBG TO VB DT JJ NNS IN DT NNP NNP NNP . DT NNS IN JJ NN CC JJ NN VBD IN DT NNS IN JJ NNS WP$ VBD NN NNS VBD VBN RB IN DT NN NNS IN NNP CC DT NNP NNP . DT NN MD VB IN JJ WRB DT NNP NNP NN VBZ VBG DT NN . WRB PRP VBP VBN , RB , PRP VBP VBG IN DT NN WDT MD RB VB VBN . WP VBD TO VB DT NN , DT NN VBZ VBG PRP TO VB NN IN DT NN IN JJ NN IN PRP VBZ VBN VBG IN NNP , NNP , NNP CC RB JJ JJ NNS . RB , RB , VBZ JJ NN VBG RBR RB CC RB VBN CC RB VBN IN IN DT NNP JJ NNS . DT NN CC NN WDT NN VBZ RB VBG MD VB IN PRP IN PRP VBZ NN TO VB RB RBR JJ IN VBG JJ NNS CC VBG DT NNS IN DT NNP NNP NNP IN CD . PRP VBZ , IN NN , NN TO VB RB RBR JJ IN VBG DT NNS IN JJ JJ NN IN VBN NNS WDT VBP DT NNS IN NNPS POS NN . PRP VBZ NN TO VB RP DT NN IN DT NN HYPH NNS VBN IN CD IN JJ NNS IN DT JJ HYPH NN JJ NN NN IN NNP . JJS RB , PRP VBZ NN TO VB DT JJ NN IN NN IN DT NN IN JJ NN CC NN IN DT NN IN JJ NNS . RBR RB , PRP MD VB IN VBG DT NN RB IN NN IN DT JJ NN IN DT `` NN NNS . '' DT JJ NNS IN VBN NNS IN DT JJ NN NNS VBP , IN NNS , VBG DT NN IN PRP$ VBN NNS IN JJR NN ."
499,935,mainstream,"RB , NNS VBN IN CD VBP VBN NN IN NNS CC NNS . DT NNP VBZ JJS NNS VBN IN CD CC RB WP MD VB IN PRP VBP VBN DT CD NNS VB DT NN NN , IN PRP VBD CD IN DT NN CC RB . DT NNP NN VBZ IN NNS , NNS , CC NN -LRB- JJ NNS -RRB- . JJ NNS IN DT NNP VBP VBN IN NNS CC NNS , CC DT VBZ RB VB NN NN . CC RB NN VBZ VBN IN DT NN . JJ NNS VBP IN DT NNP IN NNS IN NN NNS . NN NN VBZ DT NNS IN DT NNS VBG . WRB VBP NNS VB DT NN NN . DT CD NNS VBN IN DT NNP NN , NNS , NNS , CC NN , VBP RB JJ . NNS VBP DT CD IN DT NNS , CC PRP VBP IN DT NN . PRP MD VB IN NN IN NN IN NN , VBG , CC RB VBG . NN . DT NN VBZ DT NN , JJ NN , CC NN . PRP VBZ DT NN CC NNS . NNS VBP VBN VB DT NN IN DT NN IN DT NNP , CC EX VBP RB NNS VBN . IN NN NNS VBP IN DT NN IN DT NN , DT NNP NNP NNP -LRB- NNP -RRB- VBZ EX VBD CD NNS IN NNS IN CD . NN NNS RB VBP IN NNS IN JJ NN NN NNS . CC NNS VBP RB VBN IN NNP , NNP NNP , CC DT NNPS . NNS . DT NN VBZ NN , NN , NN CC NN NNS , CC NN IN DT NN NNS . IN NNS , PRP MD VB DT NNS TO VB VBN . NNS MD VB IN DT NN IN NN , NN IN DT NN IN DT NN CC JJ NN , CC JJ JJ NNS . NN NNS VBP RB VB IN DT NNP , CC RB . NNP -LRB- JJ NNS -RRB- . DT NN MD VB DT NN CC NN . PRP VBZ RB JJ IN DT JJ NN VBZ PRP . NNP MD VB IN JJ NN NNS , VBG NN NNS , NN , NN CC NN NN , CC JJ NN . IN DT NN VBZ NN IN JJ , EX VBZ IN JJS DT CD NN NN PRP$ NN MD VB NNS ."
500,86,mainstream,"NNS IN NNS VBP VBN VBG RP RB IN DT NN , WDT DT NNP VBZ VBN IN JJS RB IN IN NNS RB VBG DT NNP NN IN IN JJ NNS IN PRP$ NN . -LRB- PRP VBP DT NN IN NNS WP VBP VBG VBG DT NN . -RRB- RB , IN DT NN IN NNS VBP RB JJ TO VB DT NN NN IN NNS WP VBP TO VB RB , PRP VBD RBR JJ TO VB NNS IN NNS WDT VBP RB RB RB DT NN NN : NN NN NN NN NN -LRB- NNP -RRB- , NN HYPH NN NNS HYPH JJ NN NN -LRB- NN -RRB- , CC JJ NN , WDT VBZ IN NN . PRP VBZ JJ TO VB IN PRP$ NN POS NN IN DT NNS CC NNS VBN IN VBG NNS IN VBN IN VBG IN DT VBN NN . NN NN VBZ VBN RB IN JJ NN , IN NN IN VBG NNS VBN IN DT JJ CD NNS . DT JJ NNS IN NN HYPH NN VBP JJ CC IN DT NN IN DT NN , CC VBP IN DT NNS IN NNS VBP TO VB VBN IN DT NN IN DT JJ HYPH NN NN . CC VBN DT NN IN NNS IN DT NN , CC IN DT NN , DT NN NN MD VB VBN , RB NN VBZ DT NN . VBG DT NN VBZ IN IN DT NN NN IN NNS VBZ RB JJ , DT NN IN NN NNS VBZ RB VBN RB RB IN DT JJ JJ NNS , VBG RB DT NN IN DT NNP NN . IN IN DT JJ NN IN NNS IN DT NN , NN NNS VBP VBG TO VB DT VBG NN , RB IN DT NNS IN WDT PRP VBP VBN . RB DT NNP NNP NNP -LRB- NNP -RRB- VBD DT NNP IN NNP TO VB VBG NNS . DT NN MD VB NNS IN DT NN VB NN IN DT NN HYPH VBG NNS WDT VBP RB VBN . CC VBN NNP POS NN IN NN NN NNS , PRP MD VB DT NN IN NNS VBP JJ VBG DT `` NNP IN NNP '' NN IN NNS . JJ NN , JJ HYPH VBN NNS IN NN VBD VBN IN PRP VBD DT NN VBN TO VB JJ IN NNS . IN CD , NNS IN NNS VBD VBN IN NN NN , CC DT NN RBR VBN NN NN VBD JJ IN DT NNS IN CD IN NNP . NN MD VB WRB NNP POS NN IN DT NN NN MD VB JJ NN IN PRP$ NN NNS , CC WRB PRP MD VB NN IN NNS IN DT NN , CC RB IN NN . PRP VBZ JJ IN NNS , CC NN , MD VB VBN IN DT NNS VBN IN NNS , CC DT JJ NN VBZ IN IN RB DT NN PRP$ NNS RB VBP DT NNS . IN DT JJ NN IN NNS , NNS MD VB DT JJ NN , CC DT NNS VBP JJ , CC MD RB VB VBN IN PRP VBZ JJ IN VBG NNS -LRB- NN CC NN -RRB- WDT MD VB PRP . JJ JJ NNS VBP RB JJR . DT JJ NNS IN NNS VBP JJ IN JJ JJ NNS IN DT NN IN PRP MD VB DT NN IN DT JJ NN VBZ RB JJ ."
501,1332,mainstream,"DT NNP JJ NN VBZ VBN NNS IN NN NNS IN NNP NNP TO VB NN IN DT NN NN IN VBG NNP HYPH CD . DT NN IN NNP CC CD JJ JJ NNS IN NNP CC NNP MD VB VB DT NN IN CD NNS . NNP VBD DT NN IN NNS IN CD NNS IN CD IN JJ NNS IN NNS IN DT NN . DT JJ NN VBD RB VBN IN DT NNP NN . PRP VBZ IN VBG DT NN WDT DT NN VBZ IN NN TO VB IN PRP$ NNS . IN DT NN NN , DT CD NNS VBP DT `` NN TO VB DT NN NN IN DT NNP NN NN IN NN TO VB PRP TO VB RP PRP$ NN RB '' , DT NN IN NNP VBD . DT NNS MD VB NN HYPH JJ IN DT NNP NNP NNP -LRB- NNP -RRB- VBZ DT NN IN DT JJ NN NN VBG IN IN NNP HYPH CD , CC IN DT JJ NN CC DT NN VBZ VBN TO VB CC VB DT NN , DT NN VBD . DT NNS VBP DT NNP NNP , NNP NNP , NNP NNPS NNP , NNP NNPS CC NNP TO VB DT NN . NFP WRB NNP MD VB DT JJ NN IN DT NNP HYPH CD NN SYM NN NN : WRB MD PRP VB DT NN TO VB PRP . SYM NN : WRB RB VBP PRP VB VBG DT NN . DT NN NN IN DT RB HYPH VBN NNP HYPH VBN NNP NNP VBD DT NNP IN PRP VBZ `` RB JJ '' TO VB DT NN IN DT NN CC WRB DT NN MD VB . `` NNS MD VB JJR IN NNP . PRP VBP VBN NN -LRB- IN DT NN -RRB- IN NN NNS . PRP$ JJ NN VBZ IN NNP MD VB NN HYPH JJ IN DT NN IN NNP VBZ TO VB PRP , '' NNP NNP NNP VBD . DT $ CD NN VBZ CD IN DT NN POS JJS NNS IN JJ NNS , VBG IN RB CD CD NNS IN NN HYPH NNS . NNP NNP VBZ DT CD NNS IN CD NN NNS RB . JJ JJ NN CC NN NN NNS MD VB TO RB VB WRB PRP VBP TO VB DT NN IN NNS . DT JJ NN IN DT NNP NNP IN NNP NNP -LRB- NNP -RRB- VBZ VBN IN PRP MD VB VBG DT NN IN JJ NNS VBP JJ TO VB PRP . `` JJ NNS VBN IN DT JJ NN VBZ IN DT NN VBZ JJ . PRP MD VB IN DT NNS IN DT NNP NN NN CC RB VB IN DT JJ NNS MD VB IN DT TO VB RBR , '' NNP NNP VBD . DT JJ NN IN NN VBD VBN IN DT NNP NNP NNP IN NNP CC NNP NNPS -LRB- NNP -RRB- IN WDT CD NNS VBD NN . DT NNS VBD VBN DT NN IN NNS VBD DT NN . NNP NNP NNP WP VBZ DT NNP VBD : `` DT NNS VBZ NN VBZ DT JJ HYPH JJ , JJ , JJ NN IN VBG DT NN TO NN . '' PRP VBD DT NNS VBD `` DT NN MD VB DT NN '' CC VBD `` VBG DT NN IN DT NN IN PRP RB VBP DT NN IN VBG '' NNS . DT NN IN NNS , RB , VBZ RB RB JJ HYPH NN . DT NN NN VBD CD NN IN NNS VBN NN CC CD NN IN DT VBN DT NN , CC DT NN VBD RB RB JJ , VBG NNS MD VB IN DT NN VBZ JJ . DT NNP POS NN CC NN NN NNP NNP VBZ PRP VBZ RB RB JJ WP VBZ VBG IN DT NN CC VBZ DT JJ NNS . VBZ PRP VBG NNS WP MD VB VBN RB TO VB RB RBR RB . CC VBZ PRP VBG NNS IN VBG NN IN JJ NN . VBD DT NN VB JJR IN JJR CC JJR NNS . CC DT IN CC IN JJ NNS . VBP NNS VB TO VB VBN RB WRB DT NN VBZ VBN TO VB IN DT NN . DT MD VB JJ NNS WRB DT JJ NNS VBP RB VBN , PRP$ NN VBZ . NFP DT JJ NN : WRB VBP PRP VB PRP . NFP NN : WP DT NN VBZ IN DT NN , NN : WRB RB VBZ PRP VB . SYM NN : WRB MD PRP VB NNS . SYM NN : WRB VBP PRP VB IN IN DT NN ."
502,671,mainstream,"DT NNS MD RB VB VBG DT `` NN '' WRB PRP VBZ IN VBG PRP$ NN NNS . IN CD NNS , JJR IN CD NN IN NNS IN DT NNS IN CD CC CD NNS VBP VBN VBN NNS IN NNS VBG NNS , VBG IN DT JJ NN VBN NNP IN DT NNP IN NNP POS NNP . CD NN VBZ DT JJ NN NN IN NN HYPH NN NNS VBN IN JJ NN NNS IN NNS , NNS CC NN -LRB- NNP -RRB- NNS , VBD DT NN , WP$ NNS VBP IN DT NN NN WDT VBZ VBN IN CD VBN NNS IN CD NNS . NNP , NNP CC NNP NNP VBD VBN IN DT JJS NN NN , IN RB CD NN IN NNS IN DT CD HYPH IN HYPH CD HYPH NNS NN NN VBG VBN NNS IN NNP , VBG IN DT NN . DT JJ NNS WDT VBD IN DT CD NN NN IN NNS VBD , IN VBG NN IN NN NNS : NNP , NNP , NNP , NNP , NNP , NNP , NNP NNP , NNP , NNP NNP , NNP , NNP , NNP , NNP CC NNP . NNP NNP VBD DT JJS NN NN , IN CD NN . NN RB VBD NNP , NNP , NNP NNP CC NNP . DT NN IN DT NNP VBD NN NNS IN DT NN NN NN IN CD NN . RB , DT NN NN IN NNS DT NN VBZ IN CD NN . JJ NN NNS VBP IN DT NN VBP DT JJ NN IN NN NN IN VBG DT NN JJ , CC RB VBP DT JJ NN IN CD CC CD NNS JJ . JJ IN DT VBN NNS IN DT JJ NN NN VBD RB VBN . DT NN VBD RP IN IN DT JJ NN IN NNS NNS VBD IN CD IN DT NN IN CD IN CD , EX VBD DT NN IN CD , IN JJR IN CD NNS IN CD NNS . `` RB EX VBZ DT JJ NN NN NN IN DT NNP NNPS , '' VBD NNP NNP , JJ NN IN DT NNP IN NNP POS NNP . `` PRP VBP VBG RB WRB VBG NNS RB JJ IN NNS IN DT NNS MD VB DT JJ NN . '' `` PRP VBP TO VB PRP$ JJ NN IN VBG NN NNS , '' NNP VBD . DT NN VBD IN NNS IN NNS IN NNS '' VBP RB JJR IN IN NN HYPH NN NNS IN PRP VBP RB RB IN DT NN NN , WDT VBZ NNS IN NNS TO VB . '' `` IN NNS , CD NN VBP VBN VBN IN NNS , IN DT NN IN CD NN IN NNP CC DT NN IN CD NN IN NNP , '' DT NN VBD . DT JJ NN , JJS NNS IN WDT MD VB VBN IN DT NNP NN IN NNP , VBZ VBN VBN NN IN DT NN IN VBG NNS . NN NNS VBP VBN NNS , CC DT NNS VBP VBG PRP$ NNS IN IN JJ NNS , CC NNS IN PRP MD VB IN JJ NNS JJ IN NN . DT NN VBD DT NN IN NNP , WDT VBZ DT CD NN NN NN IN NN NNS , RB VBZ NNS IN NNS IN RB JJ NNS IN NNS . `` PRP VBZ JJ IN NNS VBP JJ NNS IN NN NN : IN NNS VBZ RB JJ : CC RB WRB NNS VBP VBG IN PRP , '' VBD NNP NNP , JJ NN NN IN DT NNP NNP NNP . `` TO VB NNS WRB NN NN VBZ IN CD NN VBZ JJ IN PRP MD VB DT NNS RBS JJ IN DT NN IN NNS VBG IN DT NN . '' NN NNS VBP VBN RP IN DT RB HYPH VBN NN WDT VBD VBN NNS IN NN VBZ VBN VBN IN JJ . CC PRP VBP VBN IN JJ NN NNS MD VB IN NNS IN RB JJ NNS , IN JJ NNS , VBG NN . `` PRP VBP IN EX VBP NNS WDT IN DT NNS VBP JJ IN DT NN IN NNS , '' NNP NNP NNP VBD NNP NN RBR DT NN . `` DT NN VBZ , PRP VBP , RB JJ . PRP VBP VBN IN DT RB CC RB . EX VBZ DT NN TO VB VBN , CC EX VBP RB NNS TO RB . '' NNP NNP NNP NNP NNP CC NNP NNP NNP NNP , NNP HYPH NNP , DT VBD NN WRB PRP VBD IN NNS IN NNP . IN DT NN IN NNP `` NNP NNP , '' NNP VBD NNS `` DT JJ NN '' CC VBD NNS `` MD VB DT NN '' IN VBG IN PRP$ NNS MD VB DT NNS . PRP VBD PRP VBZ `` DT NN IN NN . '' NNP , DT NN WP VBZ VBG VBG IN NN JJ NN , RB VBD , `` PRP VBP VBN IN JJ JJ NNS IN NN , VBG JJ NNS WP VBP RP IN JJ JJ NNS IN NNS . '' DT NN VBD JJ NN IN NN NNS IN VBG TO VB DT VBN NN IN NN . NNP IN NNP VBD VBG IN NNS VBP JJ NNS . `` PRP VBD RB VB NNS VBD NNS , RB IN PRP VBD RB JJ : PRP VBD RB VB NN . PRP VBP NNS , PRP VBP PRP PRP CC PRP VBD DT IN PRP$ NNS VBN . IN NN , NN PRP VBD DT NN NN IN DT NNS PRP VBD WRB PRP VBD IN NNP JJ NN , '' NNP VBD IN DT NN . PRP VBD DT NN IN PRP VBG DT NN . NNP , IN DT NN IN NNP , IN NNP NNS `` VBP TO VB DT NN IN NN '' IN IN TO VB PRP$ NNS . IN DT NN IN NN NNS , NNP POS NN VBD DT VBG , `` IN DT NN IN NNS EX VBZ DT NN NNS MD VB VBN . '' CC PRP RB VBD NNS IN DT NN IN NNP IN PRP$ NN VBD RP ."
503,753,mainstream,"NNS IN JJ NN NNS VBP RB IN NN , CC PRP VBZ RB JJ TO VB NNS IN CD VBZ JJ CC NN MD RB RB VB JJ JJ NNP NNS RB VBD DT JJ NN TO VB DT NN IN NN IN DT NN NN IN DT JJ NN NN . CC IN EX VBP NNS IN PRP MD VB JJ IN DT NN TO VB JJ IN DT NN , DT NNS IN DT VBG VBP JJ . DT NNP NN , VBN IN DT NNP IN NNP , MD RB VB CD NNS , NN IN WP MD VB DT JJ NN . DT JJ NN MD VB DT NN NN IN DT NN . DT NN IN DT NN VBZ TO VB RP IN NNS TO VB WRB JJ DT NN VBZ IN DT NN RB RB IN NNP , VBG NNS IN DT NN MD VB JJ IN DT NN IN DT NN , CC IN DT MD VB DT NN IN DT JJ NN IN WRB DT NN VBZ IN IN JJ JJ NN NNS . RB , DT NNS VBP RB VBN . NN NN NN NNP NNP IN NNP NNP IN NNP IN NNP , NNP , VBZ DT NN `` JJ '' . RB IN NN VBZ VBG IN NN IN DT JJ NN IN NNS , NNP VBZ RP IN NNS MD RB VB NN TO VB WRB RB DT NN VBZ NNS IN NN HYPH CD CC IN PRP VBZ DT NN NNS WRB DT VBN NN VBZ RB VBN IN DT NN . PRP VBZ RB IN VBN IN DT NN MD VB JJ CC JJ . CD NN VBD IN , IN VBG JJ NNS , DT JJ JJ NN VBZ DT CD NN NN NN IN RB VBG DT NN . IN DT WDT VBP PRP IN NNS , DT CD NN VBZ DT NN IN NN VBZ CD NN NN . CC RB IN DT NNP NN VBZ , EX MD RB VB DT NN IN VBG RP NN TO VB NNS IN NNS IN NNS . VBG IN NNP , DT VBZ DT JJ NN . IN DT JJS IN NNS , DT NN VBZ RB VBG IN CD IN CD NNS IN DT NN MD VB RB JJ , PRP VBZ . DT IN PRP MD VB DT JJ NN . DT CD NN VBD IN IN CD CC CD , DT JJ NN VBN TO VB DT NN VBD CD NNS . PRP VBZ JJ TO VB DT RP IN DT NN : IN RB , DT NNP NN VBZ VBN DT RBS HYPH VBN NN RB , VBG VBN IN RB CD NNS . CC TO VB DT IN RB CD NNS MD VB DT JJ NNS IN DT NN NN TO VB VBN IN DT JJ NNS VBD VBN , NNP VBZ . DT VBZ DT NN IN JJ NN IN NN MD DT NN VB TO VB RP , RB RB IN VBG NNS IN NN . DT VBN NN IN JJ NNS IN VBN HYPH RP NN MD VB IN NNS MD RB VB RB JJ NN TO VB DT JJ HYPH NN NNS IN DT NN IN NN NNS IN PRP VBZ VBN IN DT NN , IN NN . `` IN CD CC CD , DT JJ NN VBN TO VB DT NN VBD CD NNS '' TO VB TO VB NNS RP , IN CD NNP , NNP NN NN NNP NNP VBD IN DT NN MD VB NN IN NN NN , IN DT NN IN CC DT NNP NN , CC DT NN VBG VBN IN NNP NNP NNP , MD VB JJ . JJ NNS VBP VBG VBN RB . NNP NN NNP NNP VBZ VBN PRP VBZ VBG TO VB NN NN IN CD NN NNS : DT NN PRP VBD MD VB NNS IN NNS CC VB NN . JJR IN CD NNS IN DT NN VBP RB IN JJ JJ NNS IN NN . DT JJR WDT VBP VBN , DT JJR DT NNS IN VBG NN WDT VBZ CC JJ CC JJ . CC EX VBZ DT NN IN PRP VBZ RB JJ TO VB IN DT NN . EX VBZ DT NN PRP VBP RB VB RB IN WRB PRP$ JJ NNS VBP IN DT NN , CC IN PRP VBZ JJ TO VB RB HYPH VBG NN IN PRP . NNP RB VBD IN DT NN VBZ `` VBG NN '' IN VBG DT NN NN . CC VBN DT NN PRP MD VB TO VB CD : IN PRP RB VBZ JJ TO VB RB : PRP VBZ JJ IN NNS MD VB IN DT NN TO VB PRP IN IN PRP$ JJ NNS . IN NN NNP NNP IN DT NNP IN NNP , NNP , VBD NNP NNP IN JJ NNP : `` PRP VBP RB VB VBG IN DT NN MD VB JJ IN DT NN `` NN '' . PRP VBZ RB DT NN , PRP VBZ DT NN . '' PRP VBP TO VB JJ IN DT NNS IN DT NN , CC DT VBZ RB VB PRP VBZ RB JJ VBG . IN JJ NN NNS , DT JJ NN NN MD VB PRP VB DT RBS IN NN IN DT NN . IN IN NN NNS IN NNS CC JJ NNS , PRP MD RB VB PRP TO VB JJ NNS IN NN HYPH CD . CC PRP MD VB NNS IN PRP VBP DT NN . IN RB , PRP MD VB TO VB IN JJ NNS IN NN IN NNS JJ IN JJ NN , NN NN CC VBG ."
504,282,mainstream,"DT VBN NN VBZ DT NN VBN IN VBG DT NN IN DT NN , CC RB VBG PRP JJ -LRB- CC `` NN '' -RRB- . -LRB- CD -RRB- NN VBZ DT JJ NN CC VBZ PRP IN IN PRP VBZ JJ CC RBR JJ . DT NNS VBP IN DT VBN IN `` VBG '' DT NN -LRB- VBN NN -RRB- . SYM NN : NN NN , NNS NN , NN NN , JJ VBN NN NN -LRB- DT JJ NN JJ NN CC DT CD NN NN JJ NN -RRB- , NN NN NN , NN NN , JJ NN NN -LRB- NNP -RRB- , NN NN , CC JJ NN NN . -LRB- CD -RRB- NNS MD VB VBN IN NN IN DT NN IN DT JJ NN , JJ IN : -LRB- NN VBN -RRB- DT JJ NN NN VBZ VBN IN DT JJ NN . CD CC JJR IN DT MD VB DT NN WDT VBZ PRP TO VB DT JJ NN . DT NNS MD VB , IN DT NNS VBP DT NN TO VB RB IN DT JJ NN : DT NN VBZ DT NN WDT VBZ RB JJ IN DT JJ NN , CC RB MD RB VB RB IN DT JJ NN WRB PRP VBZ VBN -LRB- RB VBZ `` VBN '' -RRB- . DT NN VBZ VBN IN `` NN '' IN WDT DT NN VBZ RB RB VBN IN DT JJ NN IN PRP VBZ RB RBR JJ IN DT VBN NN . DT VBZ PRP JJR IN DT NN POS JJ NN TO VB DT NN CC VB DT JJ NN NNS WDT MD RB VB DT NN IN PRP VBP VBN IN DT JJ NN IN DT NN IN `` DT NN '' . JJ VBN NNS VBP VBN IN DT JJ NN NN VBG DT JJ JJ NNS . DT NN VBZ VBN IN NN NN CC IN NN IN DT NN RB JJ IN DT NN NN POS NN NNS . DT NN VBZ IN VBG DT NN IN NN NN CC NN NNS JJ IN DT NN VBN IN DT NN IN NN . RB , DT NN VBZ RB JJ IN RB RB IN DT NN VBZ DT NN IN DT NNS . JJ NNS RB VBP NNS TO VB DT NN IN DT NN NNS , IN DT NN , DT VBZ DT NN WDT DT NN VBZ RB DT NN CC IN DT NN IN JJ NN NNS MD VB VBN RB IN VBG PRP TO VB HYPH RP . DT VBZ RB JJR IN DT NN IN VBN NNS IN DT NN MD VB , IN IN DT RB VBN NN , VBG IN JJ NN NN . NFP VBZ DT NNS IN DT NN NN -LRB- IN NN NN JJ NNS VBP VBN -RRB- -LRB- CD -RRB- NFP VBZ RBR JJ NN , NNS VBP VBN RBR RB -LRB- CD -RRB- -LRB- -RRB- NFP DT VBP JJ TO VB CC VB -LRB- IN NN NN IN NN MD VB VBN RB , RB IN VBG DT JJ NN IN DT VBN NN , IN DT VBN NN NN VBZ -RRB- -LRB- CD -RRB- , NNS VBP JJ JJ JJ NNS . DT VBZ NNS WDT VBP IN DT JJ JJ NNS IN DT VBN NNS . -LRB- CD -RRB- NFP IN RB JJ NNS , JJ NNS MD VB DT NN IN NN . -LRB- CD -RRB- IN DT NN , DT NN MD VB IN JJ NN CC VB IN DT RB JJ NN . NFP NN NNS VBP RB RB VBN IN JJ NNS IN IN DT NN IN RB JJ NNS . -LRB- CD -RRB- NFP JJ NNS RB VBP JJ NN , JJ IN NN CC JJ NN , VBG NN IN JJ NNS JJ CC JJ . SYM NNP NNP NNP , CD NNP NNP NNP NNP NNP IN DT NN IN DT NNP NNPS IN NNP NNP CC NNP"
505,593,conspiracy,"JJ NN NN NNP NNP VBZ DT JJ NN IN DT NNP IN NNP NNP -LRB- NNP -RRB- CC NNP NN NN NNP NNP VBZ RB RB JJR IN NN NNS . RB IN DT NN VBZ RB , PRP VBP RP PRP VBZ RB IN NN NNS IN JJ NN . NNP VBZ , `` DT NN IN DT NN IN PRP$ NN VBD RP WRB PRP VBD VBG NN IN DT CC VBG IN DT IN PRP$ NNS IN NNP NNP . DT NNP VBZ NN IN DT NNP IN DT NNP , CC VB IN WP PRP VBP VBN VBG . IN DT NNP , DT NNP IN DT NNP VBZ VBN VBG NN CC VBG IN NN , IN NN , IN DT JJ NN IN NNP CC RB IN DT NN . WP PRP VBP VBG VBZ PRP VBP VBG DT NN IN JJ NN CC TO VB RP . IN DT NNP -LRB- NNP -RRB- NN , IN DT NN , WP VBD PRP VB PRP$ NN IN . PRP VBD PRP IN NNS CC PRP VBD PRP IN NN . DT VBZ DT JJ NN RB IN NNP , CC RB VBZ DT NN WDT VBZ RBR JJ CC JJ . DT NNP IN DT NNP CC NNP VBP VBN VBG NN NNS IN JJ NNS . PRP VBP DT NN NN IN NNS WDT VBP VBN VBN RB IN DT JJ NN . IN PRP VBZ NNP , DT JJ NN NN IN NNP , CC DT IN DT NN NN , RB , DT NNPS VBD DT NN CD NN IN DT NN IN NNS IN DT NNP , CC PRP VBZ RB VB RB . JJ NNS VBP VBG NN IN JJ NNS . EX VBP NN NNS PRP VBP VBN RP , CC DT NN VBZ RP CC RB . DT NNP VBD DT JJ NN TO VB PRP$ NNS . WRB VBZ DT VBG . PRP VBZ DT NN IN DT NN NN . PRP VBZ RB IN WRB NNP VBD IN NNP WRB PRP VBD VBG NN IN PRP IN NNP IN PRP VBD DT JJS NN NN . RB , PRP VBP DT JJS NN NN , CC PRP VBP PDT DT NN IN DT NNPS . IN NN TO RB VB PRP VB PRP$ NN , PRP VBP RB VBG PRP , IN DT NNP IN DT NNP WP VBZ VBG NN NN CC VBG PRP$ NNS , PRP VBP VBG RP NNP . '' RB RB IN DT NN IN DT JJ NN CC DT NNP NN IN NNP WDT VBZ RB RB , NNP VBZ , `` PRP VBP DT NNP NN NN MD VB DT NNP CC NNP IN DT NNP NNP NNP . PRP VBP DT VBZ IN NN , CC VB , NNS VBP VBG RP IN DT NN . WRB DT NN VBZ RP . . . PRP VBP DT JJ NN IN PRP VBP RB VBG TO VB PRP . PRP RB VBP DT NNP IN DT JJ NN TO VB DT NNS RP TO VB PRP$ NNS CC WP VBZ VBG RP . '' NNP VBZ RP TO VB , `` NNS VBP TO VB DT VBZ RB DT NN IN NN IN WP VBZ VBG PRP VBZ DT NN . DT PRP VBP TO VB VBZ NNP `` NNP NNP IN NNP CC NNP VBD , '' CC NN IN DT , CC PRP MD VB PDT DT NNS VBP RP CC DT NNS WDT VBP VBN VBN . . . . IN NN TO VB DT NN NN NN CC VB DT NNP NN RP , DT NNP RB VBZ , RB RB IN JJ , PRP VBP TO VB JJ TO VB NN CC VB PDT DT NN NNS IN IN DT NN WDT VBZ PRP IN DT NN , RB NNP , VBZ RB VB PRP$ NN . RB JJ NN , PRP VBD DT NNP NN WRB NNP NNP NNP NNP VBZ , IN DT CD NN , PRP VBD VBG IN NNP , DT VBP PRP$ NNS RB PRP , VBG IN PRP TO RB VB NNP NN HYPH VBN NNS . IN DT IN DT NN , VB DT NN , DT NN IN DT NN HYPH VBN NNS WDT DT NNP VBD VBG VBD DT NN IN DT NN PRP VBD IN NNP . PRP VBP RB VBG PRP RB , CC PRP VBP RB JJ NN NNS IN NN . '' RB RB IN DT VBG $ CD CD DT NN DT NNP VBZ VBG VBG NNS , NNP VBZ , `` JJ NN VBZ PRP VBP RB VB NN PRP VBP . PRP VBZ RB JJR IN DT IN DT NN VBZ RB VBG RB JJR . '' IN DT NN IN NN NNS IN DT JJ JJ NNS , NNP VBZ , `` DT NNS IN NNP NNP WDT PRP VBP IN VB PRP VBZ RB JJ IN DT NNS VBP VBG VBN TO VB DT JJ NNP NNP IN VBG DT JJ NN CC NN WDT VBZ VBG NN . DT NN VBZ VBN IN NN . DT VBZ WRB PRP VBP VBG PRP VBP DT JJ NNP TO VB RP CC VB WP PRP VBP VBG . . . . UH VB , IN PRP VBP DT JJ NNP NNP VB RP CC VB DT NN IN DT NNS , NN NN NNS , NN IN NN NNS , PRP VBZ NN RB . PRP VBP NN IN DT JJ NN IN PRP TO VB , CC WRB DT NN VBZ RP , PRP VBZ NN RB . . . . PRP MD VB DT NNS RB VBG NN IN DT NN NN . . . . IN PRP$ NN , NNS VBP RB VBG JJ RB RB IN NN IN DT JJ NN . '' RB RB IN DT JJ NNS IN DT JJ NN NN , NNP , WP$ NN VBZ CC VBZ $ CD CD IN JJ NN RB , VBZ , `` PRP VBP RB VBG TO VB , PRP VBP VBG TO VB VBG RP . DT VBZ WP PRP VBP VBN VBG IN IN PRP VBP VBN VBG NNS . PRP VBZ DT NN CC NN IN DT NNP NN NN . PDT DT NNS VBP VBG PRP VBP TO VB VBG NN NNS . IN CD , PRP VBP VBG TO VB NN NNS VB RB IN NN . . . . PRP VBP VBG TO VB JJ NN VB RB JJ JJ , IN EX VBZ DT NN IN JJ NN NN . JJ NNS VBP JJ IN NN IN DT VBG NNP NN . . . . RB NN VBZ DT NN NN , CC JJ NN VBZ DT JJ JJ NN WDT MD VB VBN RP . PRP VBP NN NNS MD VB RP IN PRP VBP DT JJ VBN NN . PRP VBP DT NN IN DT NN NN MD VB VBN IN DT NN NN NN , DT NN NN NN CC DT NN NN . NN MD VB IN RB . '' VB NNP NNP IN PRP VBZ CD HYPH IN HYPH CD IN NNP NNP IN NNP . NNP VBD PRP PRP VBZ VBG IN DT JJ NN IN DT VBG JJ JJ NN . PRP VBZ PRP MD VB RB IN DT NN IN NNP . PRP MD VB NN IN NNP NNP IN PRP$ JJ NN VBN NNP ."
506,137,mainstream,"IN PRP MD VB VBG DT NN IN DT JJ NN , PRP VBZ RB JJ IN PRP$ NN VB PRP IN JJ NNS IN DT JJ NNS WDT MD VB VBN IN DT NN . NN CC NN NNS MD VB VBN TO VB IN JJ NNS . VBG DT NN IN PRP VBP JJ MD VB PRP$ JJ NN . VB DT JJ NN IN NN NN TO VB IN VBG JJ . IN PRP VBP PRP VBP VBN JJ IN VBG DT NN , VB PRP$ NN RB RB . IN PRP VBP VBG DT NN IN DT JJ NN , VB PRP$ NN IN DT JJ NN CC NN IN PRP$ NN , VBG JJ NN NNS CC JJ NN . PRP$ NN IN DT NN MD VB TO VB VBN IN DT JJ NN IN PRP VBP JJ NN . VBG RB JJ IN DT NN CC VBG PRP IN DT JJ NN MD VB PRP$ NN IN VBG JJ NN NNS . VB IN PRP$ NN RB RB IN PRP VBP JJR IN CD IN DT NNS IN PRP VBP VBG DT NN : JJ NN , NN CC NN , DT JJ , JJ , CC VBG NN , VBN NN CC NN , NN , CC JJ NN CC NN . DT NN MD VB PRP TO VB JJR NNS IN JJ . VB NNS WP VBP JJ CC VBP NNS CC VBP PRP$ NNS RB . IN PRP VBP VBN IN NN CC NNS , VB PRP$ NN RB RB . IN PRP VBP TO VB DT NN , NNS , JJ NN , CC DT JJ NN IN DT NN , VB PRP$ NN RB RB . VB IN PRP$ NN RB RB IN VBN NN , NN IN NN , NN NN , CC DT JJ NN IN NN VBZ IN CC IN NN . PRP$ NN MD VB PRP TO VB PRP$ NNS VBN IN DT NN -LRB- NN NN -RRB- . IN PRP VBP VBG VBN IN NN , VBP RB VB DT NNS -LRB- NNS -RRB- IN PRP$ NN POS NN . NN MD VB PRP$ NN POS NN CC DT NN MD RB VB RB RB CC PRP MD VB DT NN DT NN VBZ VBN TO VB . IN NN , PRP MD RB VB IN JJ NNS VBG IN PRP$ NN WP VBP JJ NN NNS IN EX VBZ DT NN PRP MD VB DT NN RP IN PRP . DT NNS IN JJ NNS VBP NNS , NNS , NN -LRB- JJ NN NN -RRB- , NN -LRB- JJ NN -RRB- , NN , CC NN . VB RB VB RB IN PRP CC VB RB VB IN DT JJ NN IN PRP IN RB RB . IN PRP VBP NNS IN DT , VB IN PRP$ NN . DT NN MD VB NNS IN NN CC NN IN DT NNS . VB PRP$ NN RB RB IN PRP VBP NN , NN NNS , DT JJ CC JJ NN IN RB HYPH NN , NN IN NN , CC NN NNS IN VBG DT NN . DT NN MD VB NN IN DT NNS -LRB- NN -RRB- CC JJ NN IN NNS IN VBN IN DT JJ NN . VB PRP$ NN IN PRP VBP DT NN NN CC IN PRP VBP DT VBN NN IN NN . IN PRP$ NN VBZ VBG DT NN , VB DT NN IN PRP VBP PRP$ NN VBZ RB VBG RB . VB JJ DT NN CC NN WP VBZ PRP VBZ IN PRP VBP VBG DT NN . DT NN MD VB DT NNS IN JJ NN NNS . VB RB VB JJ NNS IN PRP VBP VBN VBN IN PRP$ NN . DT VBZ NN CC NN -LRB- IN HYPH DT HYPH NN -LRB- NN -RRB- -RRB- NNS CC JJ CC NN NNS ."
507,1252,mainstream,"EX VBP CD NNS IN NNS WP VBP VBN TO VB VBN IN JJ NNS : SYM NN IN DT NNS IN CD IN CD IN DT NN NN WDT VBZ PRP$ NN IN JJ NN , NN IN JJ NN , JJ IN NNS NNS VBP RB VBN IN DT NN IN JJ NN VBN IN DT JJ NN NN -LRB- NNP -RRB- IN NN IN PRP$ NN NN NN . NNS VBN IN CC IN CD NNP CD VBP CD NNS , WDT VBP RB VBN IN : NNS VBN IN DT NN MD VB TO VB VBN CD NNS , IN CD CC CD NNS CC DT NN IN CD NN . NNS JJ CD CC RB CC DT JJ NN IN PRP VBP CD CC RB , PRP MD VB VBN DT NN IN JJ NN VBN IN DT JJ NN NN -LRB- NN -RRB- . DT NN HYPH RP NN VBZ RB JJ IN VBG PRP IN JJ NNS IN JJ NN . NNS IN NN NNS CC DT JJ NN DT NN NN VBZ JJ IN DT NNP IN NNS CC NNS JJ IN CD IN CD NNS JJ WP VBP IN DT JJR NN IN VBG DT JJ NN IN DT JJ NN . DT VBZ RB DT JJ NNS WP VBP JJ IN JJ NN NN . PRP VBP VBN TO VB IN DT JJR NN IN DT JJ NN IN PRP VBP : NFP VBD PRP$ NN VBN , PRP$ NN VBZ RB VB RB , CC PRP VBP IN NN IN PRP$ NN RB VBG RB IN NN -LRB- IN NN , IN PRP VBP JJ NN -RRB- NFP DT VBN NN NN VBN IN DT NN NN , JJ IN NN , DT VBN NN NN VBN IN NNS , JJ IN NN CC NN NNS , DT JJ NN -LRB- DT NN NN -RRB- : NN IN NN NN VBZ JJR NN IN JJ NNS NFP VBD DT NN IN JJ NN -LRB- DT JJ NN WDT VBZ DT NN CC NN -RRB- : DT MD VB DT NN IN DT NN CC NN NNS CC NNS WP VBP RB JJ -LRB- VBG NN IN NN , JJ NN , JJ NNS VBG DT NN NN , CC IN DT NN NN NN -RRB- RB VBP DT JJ NN IN NN VBN IN NN . NNS CC NN NNS CC DT JJ NN DT NNS IN DT JJ NN VBP VBN TO VB DT JJ NN , VBG DT WP VBP IN NN NNS , JJ IN NNS . IN PRP VBP IN VBN NN IN DT JJ NN , PRP MD VB VBN DT JJ NN IN DT NN NN . CC IN PRP$ NN VBZ RB VB RB CC PRP VBP DT JJ NN NN , PRP MD VB NN NNS IN NN DT CD NNS . DT VBZ IN PRP$ NNS IN NNS IN DT NN VBP IN NN . PRP$ NN NN MD VB PRP IN IN PRP MD VB DT NN NN . WP TO VB IN PRP VBP DT NN IN JJ NN IN PRP CC PRP$ NN VBZ VBN DT JJ NN IN JJ NN , VB IN PRP$ NN NN IN WRB PRP MD VB DT NN ."
508,1117,mainstream,"DT NN NN VBD IN JJ JJ NNS IN NNP CC NNP : DT IN WDT VBP NNS CC VBP JJ NNS IN NNS IN JJ . DT JJ NNS VBP VBN IN RB CD NNS CC NN IN DT NNS POS JJ NN , CC DT NN IN NN IN DT NN . RB , DT JJ NNS TO VB CC TO VB VBN IN JJ NN IN DT JJ NN VBD VBN NN . `` PRP VBP RB VB NNS IN VBN , VBN NNS VBG PRP WRB NN VBD IN JJ NNS , '' VBZ NNP NNP , DT NN CC JJ NNS NN IN DT NNP IN NNP , NNP NNP , NNP IN NNP . NN HYPH NN IN NN CC NN MD RB VB IN NNS , IN DT CD NNS MD VB DT NN CC VB DT NN IN NN . IN NNP , NNP NNP VBD TO VB NNP NNP NNS IN NNS IN DT NN IN DT NNP NN , RB RB IN DT NNP NN VBD CD IN PRP$ NNS VBD IN NN HYPH VBG IN NN NN , DT NN IN DT NN VBN TO VB NN NNS . JJ NN NNS VBD CD NNS IN NN NNS IN DT NN . `` DT JJ NN WDT PRP VBP RB RB VBZ TO VB NN NNS IN NNS WP VBP PRP VBD DT JJ CC JJ NN WDT MD RB VB PRP$ NN , '' NNP NNP , DT JJ NN IN DT NNP NNP CC NNP NNP NNP IN NNP , VBZ IN DT NN . NN NNS , NNS WDT VBP VBN RB TO VB JJ NN NN , VBP RB VBN IN NN IN DT NN HYPH CD NN , IN DT NNS VBG IN NNS MD VB VBG DT NNS IN PRP VBP NNS . IN DT NN IN NNS IN DT NNP NNP NNP , NNP NNPS NNP , CC DT NNP NNP NNP , NNS VBD NNS IN IN NN NNS MD VB VB NN NNS IN NNS POS NNS . DT NN VBZ IN DT NN IN NNP CC DT JJ NN VBP NNS IN VBG RP IN DT NN VBN NN HYPH VBG NN CD , CC NN IN JJ . DT NN VBZ IN DT NNS IN NNS IN DT NN CC NNS , WRB PRP VBZ VB DT NN WDT VBZ NN NN NN . CD NN IN NN NNS VBZ IN PRP MD VB NNS TO VB JJR NN . DT CD NN VBD NN IN PDT DT NN IN NNS , CC DT CD NN IN NNS VBD VBN NN NNS IN DT NN IN NNS WP VBD VBG DT NN JJ IN NN NNS . CC EX VBZ DT JJ NN IN NNP NNS VBP NN HYPH CD NNS IN NNS , VBG IN DT NNP NNP NNP , DT NNP NNP IN NNP POS NNP IN NNP , CC DT NNP CD NN VBN IN DT NNP NNP NNP . NNS POS VBG NN VBZ IN IN PRP VBP VBN VBN DT NN , VB VBG PRP IN VBN RB IN PRP$ JJ NN . `` PRP MD CC VB VBG CC VBG DT NNS IN PRP VBP RB JJR NN , '' NNP VBZ . NNS IN JJ NN NN CC NN NN VBP VB TO VB IN JJR NN IN NN HYPH CD , CC DT RB VBZ JJR TO VB IN DT JJ NNS PRP . WP VBZ JJR , NNP NNS MD VB JJ NNS , WDT MD VB DT NNS IN NN HYPH CD NNS RBR VB IN DT NN . -LRB- VB WRB DT JJ NNS VBP NN RBR JJ . -RRB- `` DT MD VB DT JJ NN , TO VB NNS IN JJ NN NN CC CC IN DT NNS , TO VB IN EX VBZ DT NN , '' NNP VBZ . `` CC PRP MD VB RB JJ TO VB , CC RB RB JJ TO RB VB . '' `` IN DT NNS , IN PRP VBP VBG NN NN NNS CC NN VBZ JJ , PRP VBP VB PRP TO VB NN NN , '' VBZ NNP NNP , DT NN CC JJ NN NN IN NNP NNP IN NNP NNP NNP . IN PRP VBP TO VB NN IN DT JJ NN , RB VBZ CD NN IN WP PRP MD VB . IN DT NNP NNP NNP POS NN NN IN NNP , NNP , NN VBP VBN RP DT JJ NN TO VB NNS VBG JJ NNS IN DT IN JJ NNS . DT CD NNS VBP VBN IN JJ NNS IN DT NN NN , VBN IN IN JJS CD NNS IN NN . IN IN DT NN IN NNS , NNS IN JJ NNP NNS VBP IN IN NNS VBP IN JJ NNS , DT NNS VBP VBN TO VB PRP VBP NN HYPH CD CC VBP VBN TO NN HYPH NN TO VB VBG NN NNS . IN DT NNP , NNP CD VBZ DT VBG JJ NNS VBP IN NN , CC VBZ VBN RP DT JJ NN HYPH NN IN NN HYPH NNS WRB JJ DT NN MD VB IN DT NN MD VB DT NN IN IN TO VB JJ NN . IN DT VBG IN JJ NNS JJ IN NN NN , NN NN NNS VBP IN VBG IN DT NN POS NN NNS , NN NN , CC DT NN IN NN IN PRP$ NNS : DT IN DT NN TO VB PRP$ NN JJ . PRP RB VBP TO VB NN , WDT MD VB NN CC VB IN NN NN . DT RBS JJ NNS IN NN HYPH CD VBP VBG DT NN IN DT JJ NN : DT NN WDT VBZ NN IN CC IN IN DT NN POS NNS : IN JJR IN DT NN IN DT NN . DT VBZ WRB NN NNS VBP RB JJ IN DT VBG NN NN . DT NNP IN NNP NNP NNP VBZ IN IN IN CD NNS VBP IN NNP NNS , CC DT VBP JJR CC MD RB RB VB NN HYPH CD . RB , CD JJ NN VBZ IN JJR IN CD NNPS MD VB NN HYPH CD CC VB DT NN . IN DT NNP JJ NN NNS VBG NN , NN CC NN NN NNS VBP VBN NN TO VB DT NN IN NNS ."
509,1047,mainstream,"IN PRP$ JJ JJ NN IN NN , NNP NNP VBZ VBN DT NN IN JJ NNS IN DT NN IN VBG NN IN PRP$ NN NN NNS . IN DT JJ NN , PRP VBZ VBN DT JJ NN TO VB JJ NNS , IN DT VBP IN DT NNS VBG PRP$ NN , DT NN IN DT NN NN , PRP$ VBN JJ NN IN DT NN NN , CC NN IN JJ NN IN DT NN . NNP POS JJ NN VBZ VBN TO VB DT JJ NN IN PRP$ NN IN DT NN CC RB VB PRP IN NN IN IN DT JJ NN . DT VBZ VBN IN PRP$ NN IN DT NN IN NN IN VBG VBN NNS CC IN PRP$ NN IN CD NNS IN RB JJ NNS IN NN NN . PRP$ JJ NN IN JJ NNP VBG RB HYPH VBN NNS IN CD RB JJ NNS VBD RB HYPH VBN HYPH RP , VBN IN NN IN DT JJ NNS , VBZ VBN IN NN IN NNS , CC VBZ VBG VBN IN DT NNS . VBN DT NNS , PRP VBZ RB JJ IN IN DT JJ NN CC IN EX VBZ VBG NN IN DT NNP NN POS NN IN NNS VBG IN NN , NN , CC DT NN . RB RB , DT JJ NN WDT VBZ VBN DT JJS NN IN NNP VBZ DT IN DT NN IN NNS . IN DT JJ NN NN , PRP VBD NNS IN NNS VBD VBN IN WP PRP VBD DT NN `` NN . '' DT NN RBR PRP VBD VBN DT JJ NN IN VBG IN NN NN . NNP , DT JJ NN IN NN NN CC JJ NN , VBZ DT NN VBG DT NN IN DT JJ NN IN NN VBG DT NN CC NN IN NNS IN VBG JJ NN NNS . DT NN VBZ IN NNS VBG NNS IN NNS IN NNS WDT VBP DT NN IN NNS CC NN . IN DT NN , EX VBZ RB DT NN IN DT JJ CC JJ NNS . JJ NN IN NNS VBZ RB DT NN IN DT NN VBN IN CD IN DT JJ NN , NNP NNP , VBG IN DT NNS , NNS , CC NN -LRB- NNP -RRB- NN VBD NN IN NNS . IN NN , DT NN VBD VBN IN JJ CC VBD RB VBN CD NNS IN PRP$ NN , CC PRP VBD JJ NN NN , CC VBD IN DT NN IN NN NNS IN NN NNS CC IN DT NNP CC DT NNP , VBG DT NN IN NNS IN NNS CC NN NN . CD NNS RBR , DT NN CC NN VBG NNS VBN IN DT NNP NN VBZ TO VB DT NN , RB IN DT JJR NNS WP VBP TO VB DT JJ NN IN NN NNS IN DT JJ NN . IN DT JJ NN , VB NNP NNP POS JJ `` WRB NNS NN IN NNP . '' NNP VBZ DT NN , NN , CC VBP IN DT NNS IN JJ NN , NN , CC VBN JJ NN NN . PRP VBZ RB DT NN IN DT NN NN IN NN . DT JJ NN , IN DT JJ NN , NNP VBD IN RB DT NN IN JJ NNS , VBG NNP , WP IN VBG PRP$ JJ NN VBN IN DT NNP VBD IN NNP NNP , WRB PRP VBZ TO VB DT VBN NNS HYPH NN NN CC TO VB PRP IN DT NN IN DT JJ NN HYPH VBN NN . RBR RB , RB IN PRP$ NN , NNP VBD IN DT JJ NN NNP NNP NNP , NNP TO VB NNP POS NN TO VB DT JJ NN TO `` VB DT NN IN NN NN . '' NNP VBZ DT NNS IN DT NN , RB IN VBG VBN PRP$ NN TO VB DT VBN NN IN DT NN WDT VBD VBN IN DT NNS MD VB NN . IN JJ , JJ HYPH NN NN RB VBZ VBG IN DT NN CC NN IN NNS , DT NN IN DT JJ NN TO VB DT NN VBZ JJ . PRP VBZ RB VBN IN DT NN MD VB DT NN . RB , RB IN DT NNP NN VBZ RB VB , NNP POS NNS VBP JJ TO VB NN IN NNS IN DT NN . VBN NNP POS NN HYPH NN NN IN VBG JJ NNS CC PRP$ NN IN RB VBN NN , EX VBP JJ NNS IN NN IN PRP$ NN POS NN IN JJ NNS VBG IN NN CC DT NN . MD NNP VB PRP$ JJ NN TO VB NN IN JJ NN NNS . MD PRP VB NN IN DT NN CC NN NN : PRP VBZ VBN DT JJ DT `` NN '' : CC NN NN NNS '' WP VBP TO VB PRP$ NNS IN DT NN . WRB RB MD PRP TO VB IN VBG RB NNS VBN TO VB NN HYPH VBN NN NN NNS CC VB NNS . RB PRP VBZ VBN DT JJ NN TO VB JJ NN IN JJ NN NNS , RB RB IN NN NN , IN JJ JJ NNS VBP VBN , CC IN JJ NN RB . JJ NNS MD VB JJ CC NN NN CC NN NN NNS IN RB JJ NNS . RB RB , NNP , WP VBZ JJ NN IN NN , VBZ RB VBN DT NN TO VB TO VB NNS IN DT JJ NN . `` IN CD NN WP VBZ IN NN NNS VBP PRP , `` NN VBZ WP NNP VBZ VBG TO VB IN NN IN NN . '' IN NNP VBZ TO VB DT JJ NNS IN DT RB HYPH VBN NN IN NN JJ NNS , WRB MD PRP VB PRP TO VB RB JJ NNS , VBG DT NN IN VBG JJ NNS , DT VBG NN IN NN JJ NNS , NN IN DT NN , DT JJ NN IN DT NN IN RBR JJ NNS IN NN , NN NN , CC JJ NNS . NNP NNP VBZ DT NN NN IN DT NNP NNP NNP IN NNP CC DT NN IN NNP NNP NNP : VBG DT NNP IN NNP NNP NNPS ."
510,1039,conspiracy,"NNP NN : `` PRP VBD VBN TO VB RP NN HYPH NN NN '' -LRB- NN -RRB- DT NN VBZ DT JJ NN IN JJ NNS . JJ NNS , RB . WRB DT NN VBZ DT NN CC DT NN VBZ DT NN . DT NNS , NN VBZ RB RB JJ NN , CC VBZ PRP DT JJ JJ JJ NN : EX VBZ DT JJ NN . PRP VBZ RB RB DT NN IN DT NN . PRP VBZ DT IN DT JJ , CC RB RB JJR . PRP VBZ DT JJ JJ NN . RB PRP VBZ RB JJ TO VB JJ JJ NNS IN NNS NNS . VB RB VB IN JJ NN NNS CC VBG NNP IN DT NNS IN NN NN NNS . RB VB DT NN , DT NNS . DT NN VBN . VBG NN VBZ RB DT NN . VB DT NN , VB DT NN . IN RB CD NNS RB , WRB NNS CC NNS VBD DT NN IN NNP POS NNP NN VBG DT JJ NN IN NN , IN VBN NN VBN IN JJ JJ JJ NNS . VBN NNS VBN IN NN , NN , JJ RP VBG IN NNP CC PRP VBD RB VB DT NN IN `` VB DT NN . '' NNP NNS VBD DT NN IN NNS VBN IN DT NNP NN MD RB RB VB DT JJ JJ NN VBN IN PRP IN NN . IN NN VBD VBN , PRP$ NNS CC NN MD VB , RB , DT NNS , RB VB DT NN CC VB IN PRP$ JJ NN . VB DT NN CC CD . VB DT NN IN DT NN VB . CC WRB DT NN VBZ TO VB RP PRP VBZ VBN , VBN CC VBN . CC DT NN MD RB VB VBN . RB VBZ DT IN IN DT NNP NNP NNP POS NN IN NNP NNP : NNP NNP POS NN NN : NNP NNP NNP NNPS RB JJ , VBG CD NNS IN JJ HYPH NN NN , VBG DT JJ `` NN '' CC `` NN '' NNS VBN RB IN JJ NN NNS . DT NN NN VBN . VB NN RB . `` PRP VBP CD NNS IN DT NN , CC PRP MD VB VBN DT NN PRP VBD VBG , IN CD NN VBD RB , -LRB- NNP NNP -RRB- DT JJ NN , DT NNP NN VBG , `` PRP VBD IN NN IN DT NN WRB PRP VBD DT NNS CC PRP VBD DT NNP NN VBD RB VBN IN NN CC PRP VBD DT NNS . PRP VBD PRP IN CD NNS CC PRP VBP VBN IN CD NNS IN DT NN VBZ RB VBN IN NN CC PRP VBP VBN PRP . PRP VBP VBN NNS IN NNPS NNS IN NNS NN CC PRP MD VB IN DT RB RBR . '' PRP VBZ DT NN IN NN IN DT NN RB RBR MD VB IN PRP$ NN . RB PRP VBZ RB CC VBZ DT JJ NN . DT VBZ VBN NN . NNP MD VB NN . PRP MD VB DT NN NNP CC VB DT NN NNP NNP , VBD DT NN VBG NNP NNP , DT JJ NNP JJ NN VBN NN . NNP VBZ VBN DT NN CD NN NN IN RB DT RB JJ NN IN DT NNP , NNP NNP , NNP , VBD NNP POS NNP NN MD VB NNS . RB IN CD , NNP NNP VBD RB JJ VBG IN PRP$ JJ VBG NN NN IN NNP IN DT NNP NNP IN NNP . VB DT NN NNS NNS , NN CC JJ NN , WDT DT NN , NN VBZ VBN , NNS VBP VBG CC PRP$ NN VBZ VBG PRP VBZ JJ , RB RB DT CD CD IN DT NN , CC DT NNS WP VBP VBN JJ , VBP DT NN CC RB VBP RB . NN VBZ VBN RP DT NN IN PRP$ JJ . NNP , NNS VBP NNP . PRP VBZ JJ TO VB DT NN . DT NN IN DT NN VBZ JJ NNS WP VBP VBN VBN IN VBG JJ NNS NNS . CC WRB DT VBZ , DT NNS VBP . DT NN , CC DT NN IN NN , NN , NNP NNP , NNP , NN NN NN NN NNS , NN CC DT NN IN NNP VBZ RB RB . VB PRP CC VB VBN JJ ."
511,250,mainstream,"-LRB- DT NN -RRB- IN DT NN HYPH NN WP VBZ JJ NNS IN VBN NNS , PRP VBD JJS IN PRP$ NN IN DT NNP HYPH NNP , NNP NN . IN VBG IN DT NNP , PRP VBD VBN DT JJ NNS IN DT JJ NN . IN CC DT NN NN CC DT NN IN CD , VBG DT NN VBN IN NN CC JJ NNS , PRP VBD DT NN IN NN IN NN NN IN DT JJ NN . RB , IN JJ NNS , DT NN VBD WRB DT JJ NN IN JJ NN VBD EX VBD DT NN IN NNS CC NN . CC RB , IN CD , PRP VBD IN NNP POS NNP NNP NNP . PRP RB VBD IN , IN IN DT NNP , WRB DT JJ NN RB RB VBZ VBN IN JJ NNS , DT NNP NN NN VBZ JJ , RB HYPH VBN CC RB VBN . EX VBP RB IN JJS CD NNP NNS VBG VBN IN PRP$ NNS IN JJ NNS , RB DT CD HYPH NN NN IN CD . PRP VBP `` IN JJS '' IN EX VBZ DT NNS IN DT JJR IN CD VBN NNS . PRP VBP VBN DT NNS , WP VBP RB VBN CC IN DT NNP NN CC NNS CC NNS IN JJ NNP , VBG NNP CC NNP NNP , VBP IN JJ NN IN VBG JJ CC RB JJ NN NNS JJ IN NNS CC NN NN . NNP RB VBZ IN DT NN IN NNS IN JJ NNS VBG PRP$ NN NN TO VB JJ NN : RB CD NNS VBD JJR NN NNS . PRP RB VBD TO VB IN JJ NNS IN DT NNP RB IN NNS IN NNP NNP IN NNP CC NNP NNP POS NNP , WRB PRP VBP , PRP VBD DT IN HYPH NN NN IN NN NNS WP VBP NN NNS IN DT NN . RB , CD NNS VBP JJ NN NNS IN CC `` JJ NN '' CC `` JJ , JJ NN '' NNS . PRP VBD JJ TO VB NN IN CD IN DT NNS . DT JJ NN VBD : NN NNS VBP IN DT NN IN CD IN DT NNS PRP VBD IN . RB , JJ NNS VBP TO VB JJR IN DT JJ NN , RB IN DT NNP NNP -LRB- NNP , NNP CC NNP -RRB- CC DT NNP NNP -LRB- NNP , NNP , NNP , NNP CC NNP -RRB- . WP RB VBZ VBG RP IN DT NNP , WRB JJ NNS VBP NNS CC VBP PRP$ NNS IN IN NN NNS . NNS VBP RB IN DT JJ NNS IN VBG DT NNS IN DT JJ NN . DT NN IN DT NNS , NNP CC NNP , VBP RB HYPH VBN JJ NN NNS WDT VBP PRP$ NNS CC RB VBP NN NNS IN NNS TO VB JJ NNS . DT NNS VBP IN JJ NNS IN JJ NN NN . WP VBZ JJR , DT NNS VBP IN NN NN VBZ VBN IN NN , CC RB IN NN EX VBZ JJR NN IN DT NN . EX VBP RB NNS IN JJ NNS IN DT NN , JJ IN WDT RB VBP IN NNS VBP NN CC IN NN VBZ DT NN IN `` NN NN , '' DT IN WDT VBZ JJ . DT NN NN RB RB VBZ JJ NN TO VB PRP$ NN . DT NNS VBP IN JJ JJ NN VBZ VBN DT `` NN NN '' NN WDT RB VBZ JJ NNS IN NNS . IN NN , NNS VBP VBN DT NN IN NNS RB CC RB RB . IN DT NN IN DT NN IN NN , PRP VBP RB VBN `` NNPS VBD RB VB NNP POS NNP . '' PRP$ NN VBZ CC WRB CC WRB NNS MD VB NN VBN IN DT JJ NN , RB RB IN DT NNS PRP$ NN NNP CC PRP VBP RB IN NNS CC NNS IN NNP , RB DT NN VBG IN JJ JJ NNS . DT NNS IN JJ NNS CC JJ NN , RB IN DT NNS , VBP RB JJ . PRP VBP DT JJ NN NN IN NNP IN CD : NNS NNS IN NNP NNP CC NNP DT NN : CC RB CD NN NNS IN JJ NNS . RB , PRP$ JJS NN VBP DT NNS IN DT JJ NNP , WRB DT JJ NN IN NNS VBP VBG VBN IN IN NN NNS . PRP VBP IN DT VBP DT NNS RBS JJ IN JJ NNS CC NN NNS IN DT VBG NNS . IN DT JJ NN , NNP VBZ VBN VBN IN NNS , VBG NNS IN NNS , IN IN JJ NNS IN NN NN . PRP VBP JJ DT NNP MD VB DT JJ NN . DT NN VBZ VBN VBN TO VB DT JJ NN IN NNS WDT VBP JJ NN NNS . DT NN VBZ VBN IN DT NNP IN DT NNP NNP NN . VB DT JJ NN RB : NNP ."
512,1028,conspiracy,"NN VBZ CD HYPH IN HYPH CD NN MD VB NN -LRB- NNP NNP CD NNP , CD -RRB- DT NN IN DT NN NN VBN IN DT NN TO VB NNS IN DT CD HYPH IN HYPH CD NNS . NNS CC NN -LRB- NN -RRB- NN VBZ TO VB IN NN IN PRP MD VB NN . NNP NNP NNP , DT VBG NN NN , VBZ VBN TO VB IN DT JJ NN IN NNS VBG NNS IN NNS IN NN IN DT NN NN NNS PRP$ NN MD VB NN NNS CC NN NNS WP VBP VBG TO VB JJ NNS . NNP , DT RB VBN NN IN NN , VBD CD IN CD NNS VBN IN DT NNP NNP NNP IN NNP JJ NN . PRP VBZ PRP$ NNS VBD RB VBN IN JJ CC VBZ NNS VBD PRP JJ TO VB DT NN IN DT NN . PRP VBZ DT NN MD VB VBG DT JJ NN IN NN . DT NNS VBD VBN IN NNP NNP NNP , DT NNS JJ JJ NN , TO VB DT NN JJ . `` EX VBZ DT NN IN NNS , NN NN CC NN NN CC CC NNS NN CC NN , '' PRP VBD . JJ NN DT NN VBD DT NN IN JJ HYPH NN NNS IN IN JJ NNS . DT NNS VBP RB VBN IN NNP TO VB PRP$ NNS VBN IN JJ NNS . NNS , RB , VBP VBN RB TO VB PRP$ NNS IN DT , VBG NNS IN DT NN IN NN NN . IN NNP CD NN IN NNS VBP RB VBN VBN IN NNS , NNS . CC NN , CC NN NNS VBP CD NN MD VB VBN TO VB DT NN . NNP VBZ RB VBN IN NNS JJ IN CD CC CD NNS CC RB IN DT NN IN CD . `` PRP VBD VBG WP IN NNP MD VB DT NN NN NN . PRP MD VB CD NN CC DT JJ CC NN VBZ TO VB VBN , '' VBD NNP . EX VBD `` JJ NN TO VB DT NN IN EX VBD DT NN IN NN '' . NNP VBZ VBN TO VB IN DT NN IN DT JJ NN NNP NNP IN PRP$ NN NN IN DT CD NNS IN DT NN , VBG NNP NNP . NNP HYPH NNP CC NNP , NNP CC NNP . RB IN CD JJ NNS VBN IN DT NN VBP VBN TO VB DT NN IN DT JJ NN CC NN NNP VBZ DT NN VBZ RB VBN VBN IN JJ NN , JJR IN CD NNS VBP VBN NNS VBG PRP$ NNS VBD VBN IN DT NN IN DT NN CC CD VBP VBN VBN JJ NN . JJ NN NNS VBD IN NNP . NN VBZ RB VBN IN DT JJ NN WDT VBZ NN NN IN DT JJ NN IN NN , VBG IN NNS IN JJ NN CC NN . NNS VBN RB TO VB IN DT JJ NN IN NN IN CD CC CD NNP VBD VBN IN CD , JJR NN IN DT NN , DT NN IN DT NN NNS , NN IN NNS CC NNS . NNP , RB , VBZ IN DT NN IN DT NN IN NNS VBZ RB JJ RB IN VBN NN . `` PRP MD VB IN DT NNS -LRB- IN DT NN NN -RRB- IN NN IN RB VBN VBZ RB VBN IN DT NN NN , CC WP PRP VBP VBZ PRP VBP VBG DT JJ NN , '' PRP VBD . PRP VBD RB VB DT JJ NN HYPH NN IN DT NN NN CC VBD IN IN DT NN VBD VBN , JJ NNS MD VB VBN CC NNS VBD IN IN CC RB PRP MD VB VBN ."
513,37,conspiracy,"DT IN PRP VBP RB RB VBN VBN TO VB DT JJ NNS VBG VBN IN PRP$ NNS , RB DT IN NN VBP VBG TO VB PRP$ JJS TO VB PRP DT TO VB VBN . DT VBN NNS VBG RP IN PRP IN DT JJ NN NN , NN NN VBP RB RB JJ IN CC IN PRP . CC WRB DT NNS VBP VBN , CC IN DT NN RB VBN IN DT JJ JJ NNS IN NNS , DT RB JJ NN VBZ DT NN . `` JJ NN '' MD VB JJ NN IN NNS IN NN NNS . VBP PRP RB VB TO VB DT JJ NN IN NNS VBN IN PRP$ NN . NNP NNP ADD NNP NNP VBZ VBG IN JJR NNS IN NN , NN HYPH VBN NN NN NNS , CC , RB , NN HYPH VBN NNS TO VB NNS DT NNP NNP CC NNP NNPS VBD DT CD HYPH NN NN NN CC NN IN DT NNP NNP RB VBG RBR VBN NNS IN NNS , CC RB JJ NNS , NN HYPH VBN NN NNS : CC RB IN VBG NN HYPH VBN NNS TO VB CC RB VB NNS , NNS . EX VBZ DT JJ JJ NN NN WDT VBZ NNP CD , CD , IN NNS TO VB PRP$ NNS , FW IN NNS IN DT NN . WRB TO VB PRP$ NNS DT VBG NN IN DT JJ NN IN DT `` NNP NNP NNP NNP '' NN VBN NNP CD , CD VBZ , NN VBZ VBN CD IN DT RBS JJ JJ NN NNS IN DT JJ NN CC VBZ TO VB JJ NN IN DT JJ NN . NNS VBP NNS CC VB DT NN IN NN IN VBG JJ JJ NNS CC PRP$ NNS . RB , DT NNS IN NN VBP RB VBN RB IN DT NNP NN . JJ NN NNS VBP JJ IN DT NNP NNPS , CC JJ JJ CC JJ NNS RB VBP . -LRB- CD -RRB- RB , NN VBZ RBR RB JJ CC RB JJ IN DT JJ JJ NN . JJ NN IN NN VBD IN RB JJ NNS IN RB DT NN CC NN NNS JJ NNS IN JJ NN NNS VBD RB VBN . DT NN VBZ JJR IN CD CD NNS CC NNS VBG DT VBN JJ NNS . RB , NN NNS RB VBP NN IN NN WDT VBZ VBN JJR IN DT NN NN IN DT JJ NN , IN PRP$ NN . DT NNS VBP RB HYPH VBN IN JJ NNS CC JJ JJ NNS , JJ NN HYPH NN NN , JJ NNS , JJ NN NNS : RB JJ NNS , CC NNS , CC JJ `` NNS '' : RB RB HYPH VBN HYPH NNS , WDT PRP VBP IN NN IN PRP$ CD NN NN NNP , WP PRP VBP RB VB IN NNS . NNS MD VB TO VB , VB DT NN HYPH NN VBN NN NNS VBN IN DT NN IN NN TO VB NN NNS CC PRP$ NNS IN , IN NN IN PRP$ NNS IN DT JJ NNP NN . RB CC VBG IN DT NNP POS NNP NNP NNP -LRB- NNP -RRB- , DT VBZ WP DT JJ JJ NN NN VBZ RB IN . RB , DT NNS VBP NNS TO VB RB JJ NNS IN NNS VBP VBG IN NNS . EX VBP CD JJ NNS PRP VBP TO VB IN CD IN DT NN : VBG IN DT NN NN , DT VBG NNS RB VBP VBG VBN IN NNS : VBZ DT DT NN IN `` NN , NN : NNS IN NN . '' RB , WRB MD NN VB DT NNP POS NN HYPH VBN NNS . RB , IN DT NN NN NNS VBP IN IN CD : DT JJ JJ NN . WP CC NNP , DT NNP , NNP , CC NN VBN IN DT NN NN MD VB IN , PRP VBP , VBZ DT : IN PDT DT NNS PRP VBP VBN IN NNS IN DT JJ NNS : RB IN NN IN NNS : PRP VBP : CC RB CC RB : VBN VBN HYPH VBG NN NNS WDT MD VB IN DT NN NN CC NN VBZ CC RB NNS . NN NNS , IN NN , VBP VBN WP PRP VBP VBZ `` NN '' , WDT RB VBZ DT NN NN WDT , RB , MD VB JJ NNS IN DT NN , VBG DT NN . DT JJ NN NN VBZ JJ NN NNS IN NNS VBP IN NN CC JJR . JJ `` JJ HYPH NN NNS '' RB VBP VBG JJ NNS . VB `` VBG IN JJ NNS IN NNP CC NNP '' -LRB- CD -RRB- . `` JJ NN IN DT VBG NN NN '' RB MD VB IN : CC RB VB : JJ NN IN NN TO VB NNP NNP POS NN HYPH VBN VBN NN NN , WDT RB VBZ , IN PRP$ NN . WRB JJ RB HYPH VBN NNS VBP DT JJ NNS IN WDT PRP VBP VBN . -LRB- CD -RRB- WRB JJ NNS VBP NNS , NN , CC JJ NN NNS . VB NN NNS RB . UH . DT VBG NN IN DT VBG NN NN VBZ DT JJ NN NN WDT VBZ , PRP VBP , IN NNS IN NNP , NNP , NNP , NNP , CC DT NN RB VBG : CC VBG : `` NN HYPH NN '' VBN IN NNP NNP , WDT VBZ VBN IN JJ NN CC NNS , IN PRP$ NN . IN VBG NNS IN JJ NNS , RB NNS IN CD , CD , CC CD NNS IN NN , CC NNS IN DT NN WRB DT JJ NN NN VBZ RB RB VBN : DT VBZ IN DT NN IN CD CC CD NNS IN NN : JJ NN NNS RB VBP `` VBN POS RB CD NNS IN NNS POS NN NNS , RB VBG PRP JJ IN VBG NNS IN DT JJ NN CC VBG JJ JJ NNS : RB WRB VBN : IN JJ NNS VBP VBG . DT JJ NN IN DT VBG JJ NNS VBP RB VBN . RB , DT NNS VBP VBG IN `` NN HYPH RP '' NNS IN NNS , NN DT MD VB , IN VBN IN DT NN IN DT NN IN NN CD . RB , DT NN VBZ TO VB `` VBN '' : IN NN CD IN DT NNP NN , CC IN , NN VBZ VBN IN `` NN NNS '' . RB WP VBP PRP . RB , VBP RB DT JJS `` NNS '' VBN , DT NNS IN DT NNP . RB , PRP VBP VBG DT NN NNS POS NNS CC NN MD VB , IN DT NN VBZ VBN IN NN WDT VBZ DT VBN : FW NN . IN VBG DT NN , NNS MD VB WP `` NNS '' DT NN NNS CC NNS VBP . PRP VBZ DT NNP NNP NNP -LRB- RB `` NNP '' -RRB- VBZ VBN JJR IN JJ VBG JJ NN NNS . `` IN NN , NN IN DT NNP NNP NNP IN CD VBD DT JJ NN IN JJ NN IN DT NNP NNPS . '' RB , JJR IN CD CD NNS IN JJ NNS VBP VBN VBN NN IN NNS CC JJ JJ NNS NN IN NN HYPH VBG IN DT NNP NN NN '' -LRB- CD -RRB- DT , IN NN CD , VBZ RB JJ : RB , VBG VBZ DT NN , NN WRB DT NN RB MD VB NN : DT NNS RB VBP DT NN TO VB JJ NNS IN CD . UH , IN PRP MD VB DT NN , PRP VBP PRP MD VB DT : DT NNP MD VB PDT DT NN IN RB RB JJ NNS , IN DT NN NNS , IN DT NN MD VB WP TO VB . RB , JJ NNS : CD CC JJR : RB MD VB VBN IN NN TO VB JJ IN JJ CC JJ NN . VBP PRP VB DT VBZ IN NNP RB . JJ NNS VBP VBG VBN RB RB . RB , NNP VBZ DT IN NN CD IN NN CD : DT VBZ NN JJ IN DT `` NN '' , IN DT NN POS NN . JJ NNS IN NNS VBP VBN VBN IN DT NN IN NNP NNS CC NNS , FW : DT NNP NNP IN NNP IN CD : DT JJ NN TO VB RP WP TO VB IN DT NNP NN WDT VBD DT NN IN NN -LRB- NN -RRB- IN NNS CC NN . NNP NN NN : JJ NN NNS NNS NN NN JJ JJ NN NNS IN NNS CC NNP RB , RB RB IN CD , NNP NNP , NN , VBD DT NN IN WRB PRP VBD NN NN NNS VBG DT NN IN NNS CC NNP . RB , MD DT NNP VB VBN TO VB JJ NNS IN NNS CC JJ NNS CC VB PRP IN , RB , JJ NN VBZ VBN PRP VBP TO VB PRP . IN NN CD IN JJ CD , DT VBZ : VBP PRP VBG : RB . RB , NN NNS VBP RB VBN IN DT NNP IN NNS . RB IN CD , DT NN NN VBD VBN IN DT JJ NN IN JJ NNS : VBG IN DT NNS IN DT NN DT NNP NNP NNP , VBG VBG NNP HYPH NNP NN VBZ CD NNS JJR IN NN IN IN . -LRB- CD -RRB- RB , EX RB MD VB DT JJ NN IN WRB DT NNP , NNP VBZ RB `` JJ '' NNS . WP VBD IN DT NNP NNP NN MD RB VB VBN IN DT NNP VBD PRP$ JJ NN NN IN JJ JJ NNS , CC RB VB NNS POS `` NN NN '' , IN PRP$ NN . RB WRB JJ VBD DT NNP NN IN NNS . NN NN VBZ RB DT VBN NN CC DT NN . VB DT NNP JJ NNS NNS , WDT RB VBP IN CD CC CD NN IN JJ NNS VBN , IN NNS RB VBP JJ TO VB NN NN . PRP VBZ VBN `` JJ '' . JJ NNS VBP VBN IN JJ NNS , IN JJ NNS IN DT NN IN DT NN RB VBZ . VB VBN IN VBG NNS IN NNS VBN RB RB . DT NN : NNS , NNS , NNS , NNS CC JJ NNS : MD VB VBN TO VB NNS VBN IN PRP$ NNS WDT MD VB JJ JJ NN NNS CC RB DT VBG NN NN . JJ NN NNP NNP VBZ WRB DT NNP VBD CD NN IN DT NN . VBP PRP VB WRB DT NN VBD VBN . DT JJ NNS VBD VBN . IN NN CD , PRP VBP DT , WDT PRP VBP VBZ RBS JJ RB IN , WRB PRP VBD NN CC NN NN , JJ NNS VBD VBN RB TO VB DT NNS IN NN IN DT : RB RB NN . -LRB- CD -RRB- RB , PRP MD VB TO VB DT NN : NNS MD VB JJR NN NNS IN IN DT NN IN JJ NN . IN NNS VBN IN JJ NNS , WDT RB MD VB DT JJ NN , CC PDT DT NN NNS IN RB RB IN CD IN CD NNS IN NN , NNS RB VBP VBG IN NN IN JJR `` VBN POS NNS IN RB . NN , NNS MD VB NN IN NN NNS . RB , VB NN NN NNS IN CD NNS IN NNS VBP VBN : UH . RB , IN DT VBN NN NN , PRP VBP VBN TO VB , `` VBP PRP RB VB WP PRP VBP VBG . '' IN DT NN PRP VBP IN VBG NN NN NNS CC NN IN JJ NNS . RB , DT NN NN IN DT `` NNP NNP '' VBZ JJR IN JJ CC JJ , PRP MD VB . IN IN DT NN IN JJ CD , EX VBD CD NNS VBN CC CD VBD VBN : RB DT CD IN CD NN IN NN JJ NNS NNS RB VBN . CC , WRB DT VBZ IN PRP CC PRP$ NN , PRP VBP VBN IN NN IN JJ NNS WDT VBP JJ . -LRB- CD -RRB- IN NNP CD , PRP VBP WRB NNS MD VB VBN IN VBG JJ NNS VBP VBN . IN DT NN `` VB NN NN IN JJ NNS , '' PRP VBP IN EX RB MD VB JJ `` VBG POS NNS TO VB NNS . JJ NNS IN `` WRB TO '' VB IN PRP VBZ VBG TO VB JJ , CC RB `` IN HYPH PRP$ HYPH NN '' RB , CC RB . RB , DT RBS JJ NN , IN PRP$ NN , VBZ VBN IN NNP CD : RB IN DT , EX VBP RB JJ NNS RB WDT VBP JJ . RB , WP MD NNP VB IN DT NN WRB NN MD VB TO VB NNS IN WDT NNP NNP VBP DT JJ NN TO VB JJ NNS CC NNS WDT VBP VBN IN PRP$ NNS TO VB NN , VB IN NN , VB NN , CC VB NN NNS . RB , DT NNS VBP VBN IN DT NN NN NNS . DT NN NN NN VBZ IN DT NNS VBP RB VBN VBN . RB , WRB VBP NNS VBN TO VB JJ , IN PRP VBP RB VB IN PRP MD VB NN , RB IN PRP VBP JJ JJ NNS . JJ NN . RB VBZ DT NN PRP VBP VBG : NN IN DT NNP MD VB TO VB DT NN DT NN . RB CD , IN EX VBP NNS IN JJ NNS IN JJ NNS IN WP PRP VBP . IN CD , DT NNS VBP CD NN IN DT NNS VBG NNS . -LRB- CD -RRB- IN DT NN POS NN NN IN CD , RB CD NN IN NNS VBD DT NN HYPH VBN NN NN , IN IN CD , PRP VBP CD NN NN . NN NNS RB VBP RB VB RB JJ IN NN NNS CC NN IN NNS CC NNS . -LRB- NN -RRB- WRB PRP VBD DT IN NNP CD , PRP VBD , `` WP . '' RB , NNS IN DT NN VBP IN DT NN CC NN IN DT JJ NN . RB , DT CD HYPH NN NN VBZ CD NNS , IN DT CD HYPH NN NN VBZ CD NNS . NNS RB VBP VBN IN NN IN NN TO VB , VB `` DT JJ JJ NN '' -LRB- CD -RRB- : IN DT NN IN CD NNS : NN NN , NN NN NN , NN NN , CC NN NN NN . EX VBZ DT NN IN NN IN DT NNP NN VBG NNS WDT VBZ TO VB VBN RB RB IN DT NNS CC IN NN , PRP VBP . JJ NNS VBP VBN NN IN VBG VBN JJ NN NNS CC MD RB VB VBN , IN DT VBZ DT NN . EX VBP NN NNS WDT MD VB PRP POS NN IN JJ NNS : RB IN NN JJ NN NNS , WDT NN MD TO VB IN . PRP VBP VBN PRP RB : EX RB VBP NNS IN NN CC JJ NN . NN IN JJ NN NN VBZ ADD UH VB RB VB TO VB RP PRP$ NNS IN NNP CD , CD IN DT NNP IN PRP$ NN NN IN JJ NN NNS . VB IN DT JJ NN IN DT NN IN DT NN IN NN NNS . NN : VB DT NNS VBG DT NN CC NN IN NNS IN DT NN . NNP VBD IN VBG CC NN , CC VBD VBN TO VB DT NN . NNP NNP NNP -LRB- NN -RRB- VBZ DT VBN JJ NN WP VBD JJ NNS IN NNP CC NNP NNP NNPS , NNP IN NNP NNP CC NNP CC NNP NNPS . PRP$ NN VBZ VBN VBN IN JJ CC NN NNS IN DT JJ NNS . NNP VBD JJ NNS IN NN NNS IN IN VBG NNS CC NNS IN NNS , NNS , CC JJ NN NNS . PRP VBZ VBN DT NN NN NN CD NNS CC NN . NNP POS JJS NN , VBN NNP CD , CD , VBZ NN NNP , WP PRP VBP RB VB IN NNS , JJ IN NNP . PRP$ CD NN DT NN NN , JJ NN NN NN , DT NN IN JJ CC JJ NNS , VBZ JJ IN NNP CC IN DT NNP NN . CD IN NNP POS RBR JJ NNS IN NNP VBP PRP$ NNP NNPS CC DT NN IN PRP$ NN , DT NN IN WP VBZ RB VBG PRP JJ -LRB- CD -RRB- CC NN , WRB MD PRP VB PRP IN VBG PRP$ NN , DT JJ NN IN DT NN NN -LRB- CD -RRB-"
514,11,mainstream,"DT NNP NN IN NN MD RB VB JJ TO VB VBN RP IN NNP , NNS VBP VBN . EX VBD NNS DT NN MD VB IN NN IN NNP IN JJ NNS VBP TO VB JJ , CC NNS NN NNP VBZ JJ TO RB VB CD CD NNS . CC NNP NNP NNP , DT NN IN DT NNP NNP IN DT NNP IN NNP , VBD DT NN IN DT NNP NNP IN NNP IN DT `` JJS NN '' MD VB NNS IN JJ NNS IN NNP CC NNP CC NNS IN NNP . DT NN VBZ NNP MD VB VBG JJR IN DT NN NN NN CC DT NN IN DT JJ NN NN IN DT NN . `` DT NN VBZ VBN RB JJ NNS IN NNS IN NNS , CC VBZ RB VBN RP IN DT JJ NN IN JJ NNS , '' NNP NNP VBD DT NN . `` CD IN PRP$ NNS IN DT NN VBD TO VB IN JJ NNS IN JJ NNS , VBG CD JJ NN IN DT JJ NN , VBD JJ IN NNS . ''"
515,26,mainstream,"PRP MD VB VBG DT JJ NN NN IN DT NN IN NNS . VBP PRP$ NNS VB TO VB DT JJ NNS IN PRP VBP . NFP NNP IN PRP VBP TO VB RB CC RB PRP VBZ JJ IN PRP$ NNS : CC PRP : MD VB JJ NNS . JJ NNS VBP JJ NN NNS CC MD VB JJ NNS . IN NN , PRP$ NN MD VB DT JJ NN NN IN PRP VBP VBG IN JJ CC JJ NNS IN NNP CC NNP NNP . TO VB RP WDT NNS PRP$ NN VBZ , VB PRP$ NN CC VB DT NNP POS NNS POS NN NN IN DT NN IN VBN CC VBN NNS -LRB- PRP MD VB IN NN -RRB- . JJS NNS MD VB VBN IN JJS CD NN IN NN , RB VB TO VB DT NN POS NN CD SYM CD NNS IN PRP$ NN . DT VBZ NN IN NN IN DT NNS TO VB NN , CC VBZ IN NNS TO VB VBN IN DT NN IN NNS CC NNS , IN JJ . CC RB IN PRP VBP VBG IN JJR IN CD NNS , PRP MD RB VB DT NN , IN NNS MD RB VB IN NNS CC NNS . VBG IN PRP$ NN NNS , PRP$ NN MD VB IN IN NN IN JJ NNS , PRP CC , CC PRP$ NNS VB VBN IN : DT NNS VBP DT NNS , NNS CC NN -LRB- NN -RRB- NN IN CD SYM CD NNS IN NN , CC DT NN NN NN IN PRP$ JJ CC JJ NNS . CC DT WP MD VB IN DT NNP NNPS IN DT MD VB DT NNS RB RB IN CD NNS IN NN . PRP MD RB VB DT JJ NNS IN PRP$ JJ NN . NNS IN DT NN MD VB NN , RB IN PRP VBP VBG IN DT NN IN DT NN NN , VB IN PRP$ NN IN JJ NNS . CC IN PRP VBP VBG RB , VB JJ TO VB PRP$ NNS POS NN NNS IN PRP WRB PRP VBP ."
516,245,mainstream,"NNS IN NNP CC NNP NNP , VBD CD NN IN NN NN NNP , IN DT NN NN VBD PRP VBZ VBN DT NN IN DT NN CD NN JJ HYPH IN HYPH JJ JJ NN IN NN NNP HYPH NNP , WDT VBZ PRP$ JJ NN HYPH NN HYPH CD NN . NNP , NNP HYPH CD VBZ DT NN NN WDT VBZ NN HYPH CD . DT NN VBD DT NN TO VB DT NN IN NNP NNP HYPH NN VBZ VBN IN DT JJ NNS VBN RB RB CC NNS IN JJ NNS . DT JJ HYPH JJ , NN HYPH VBN NN CD , CD NN MD VB NN , NN IN NN CC JJ NN IN DT JJ NN , IN NNS CD IN CD NNS JJ , CC NNS JJ CD CC JJR . DT NN MD VB NN IN DT NNP CC NNP . NNP VBD PRP VBZ NNS IN DT NNP NNPS IN NNP CC NNP NNPS IN DT NN IN VBG NN CD NN RB IN PRP$ JJ NN , VBG DT NN IN NN CD NNS CC JJ NN . NNP POS NN VBZ VBN CD NN NN IN NN , IN DT NNP NNP NNP NNP NNP NNP NNP , VBZ VBN RP CD NN CC DT NNP NNP NNP NNP NNP , VBZ VBN CD NN ."
517,425,conspiracy,"CD NN POS NN TO VB DT NN IN NNS VBZ VBN IN DT NN IN JJ NN . VBN IN PRP$ JJ NN POS CD HYPH NN NN IN NN NNS , WDT RB VBD IN PRP$ NN , NNP NNP , CD , VBD TO VB NN NN IN JJ NNP TO VB JJ NNS IN PRP VBP RB VB IN DT JJ JJ NN : IN IN JJ NNS VBP VBN IN VBG NNP POS NN IN NN . IN JJS CD IN NNP POS CD NNS VBD RB VBN IN DT NNS `` VBN NNP . '' IN JJ NN NN , DT JJ NN IN DT JJ NN IN NNS RB VBD NN . DT JJ NN VBZ VBN RB VBN , CC DT VBN NN IN DT JJ NN HYPH VBN NNS WP VBD DT NN RB VBZ RB VB IN JJ , JJ NN IN DT NN , RB PRP$ JJ , JJ NN . RB RB VBN IN DT NN , NNP VBZ VBN IN DT NN , VBG RB VBN PRP$ NN NN IN DT JJ NNS . IN RB RB CD NN VBZ NN IN PRP$ CC PRP$ NN IN DT NN IN DT JJ NNS , RB DT NN MD VB DT NN , IN NNP POS NN . DT JJ NN IN DT NNS , PRP VBZ , VBZ TO VB NN NNS TO VB NN IN DT NNS VBG JJ NN IN PRP VBP IN VBN . RB DT JJ NN VBZ RB VBN DT NN TO VB JJ CC JJ VB PRP CC RB , NN '' NN '' RB VBZ RB VB : IN JJS RB JJ NN , RB . UH , RB PRP VBP VBN JJ NN NN NNS VB IN WRB DT NN VBZ VBN IN NNS , CC NN MD VB RB IN DT NN . DT VBZ WRB DT JJ NN VBD DT JJ JJ NN IN VBG IN NN NNS . DT NNP NNP NNP NNP NNP -LRB- NNP -RRB- , WDT VBD VBN IN CD , VBZ IN NN NNS WDT VBP NNS IN JJ NNS WDT VBP RB VB . PRP VBZ DT NN HYPH VBN NNS IN NN IN DT NN , VBG IN IN DT NN VBZ VBN CC VBN IN DT NN , PRP VBZ RB DT NN IN DT NN , IN DT NNS IN DT NN . CC RB EX VBZ DT NN WDT VBZ VBN RP IN DT NN , WDT VBZ VBN IN IN NNS CC NNS WP VBP NNS IN DT VBN NN : NN NNS VBP RB VB DT NN . CC IN DT $ CD CD NN , RB RB , CD IN IN DT CD NNS VBG NN IN NNP IN NN NNS VBP VBN PRP$ NNS . NNS VBP DT JJ NN , CC NNS VBP TO VB DT DT IN DT VBZ JJ IN NNP , WP VBZ JJR NNS TO VB IN NNS VBP RB JJ CC JJ : CC IN PRP VBP NN IN DT NN , EX VBZ DT NN RB . PRP VBZ VBN NNS IN DT CD NNS IN NNP , CC PRP VBZ RB VBN DT JJ NN NN NN VBN IN DT NNP NNP IN NNP , WDT PRP VBZ MD VB DT NN . `` PRP$ NN VBZ IN PRP VBG IN NNS VBP NNS CC VB NN , RB IN VBG DT JJ NN , '' VBZ NNP , VBG IN DT NN IN NN MD VB DT NN IN DT VBN NN . `` CC PRP VBP IN DT NN MD VB IN DT NN RB VBD CD NN CC VBD CD NN . DT NN VBZ TO VB VBN . PRP VBP WP JJS NNS VBP WRB PRP VBP DT , CC PRP VBZ RB VB , IN DT NN NN VBZ DT NNS . PRP VBZ DT JJ NN . CC NN VBZ TO VB DT . RB PRP VBD IN PRP VBP NN . ''"
518,612,mainstream,"NNP NNP NNP VBZ PRP VBZ IN NN IN NNS CC NN NNP HYPH NN NNP NNP NNP VBZ VBG VBN IN PRP$ JJ NN RB IN PRP VBZ VBN NNS CC NNS IN VBG TO VB DT VBN JJ NN WDT PRP$ JJ NN NN VBD . NNP , DT VBG JJ JJ HYPH NNS NN WDT VBZ NNP NNS IN DT NN , VBD NNP IN NNP NNP MD VB PRP$ CD NNP IN NNP NNP IN PRP$ NN IN NNP NNS CC IN VBG DT NN IN PRP$ JJ NN POS NN TO VB NN HYPH NN RB IN NN . RB , NNP NNP VBD IN DT NNP NN NNP TO VB PRP$ JJ JJ NNP NNP NNP . DT NN VBD DT NN IN DT NN NNP , WDT VBZ EX VBZ DT NN IN NNS IN NN NNS JJ IN NNS CC NNS , CC NN IN JJ NNS . IN IN EX VBZ RB , VBG IN NN CC NN , VBG IN DT NN JJ NN IN NNP RB VBD DT NN IN DT NN IN VBG PRP IN DT NN . NNP NNP , DT NN IN DT JJ NN , IN RB VBD DT NN IN DT NN NN , RB DT JJ NNS RBR VBD DT NN VBD VBN RB JJ CC DT NN VBD VBG VBN IN DT NN . CC IN NN , PRP VBD DT NN RB , VBG PRP RB VBZ EX VBZ DT NN IN NNS CC NN , IN JJS IN DT NNS , CC IN JJ IN NN CC NN VBD VBG RB TO VB DT NN . PRP VBD PRP RB VBZ `` TO VB DT NN . '' `` PRP VBP RB JJ NN , PRP VBP JJ NNS , '' PRP VBD . PRP VBD NN MD VB NNP IN `` EX VBZ RB NN IN PRP . '' CC JJ NNS IN NNS CC JJ NNS VBP RB VBN DT JJ NN . RB , NNP CC PRP$ NN VBP VBN VBN : PRP VBD VBN IN NNP NNP , DT `` NN '' IN DT JJ NN , WP RB VBD NNS CC NN IN DT CD NN WDT RBR VBD TO VB VBN . RB , PRP$ JJ NN VBD VBN . NNP NNP POS NN IN DT NNS HYPH NN HYPH NN NN VBD TO VB PRP$ JJS NN . NNP POS JJ NN NN VBZ IN NN NNS `` WP VBP VBN DT JJ NN IN VBG NN CC NN '' IN NNP NNS . DT JJ JJ NNS NN MD VB IN NNP NNP IN NNP CD . DT CD HYPH NN NNP HYPH NN , NNP NNP VBZ RB VBN DT NN IN DT NNP NN CC DT JJ NN IN JJ HYPH NN NN NNS . IN CD , PRP VBD DT NN IN PRP$ JJ NN IN VBG DT NNP : NNP NNP NNP , NNP , DT NNP NN IN WDT NNP NNP RB VBD PRP$ NN POS NN IN VBG JJ , JJ TO VB RB IN RB IN PRP$ NN . NNP RB VBD JJ NNS NNP NNP VBZ VBN VB NNP NNS IN DT JJR NN : NNP VBZ VBN NNP NN NN IN PRP$ JJ NN NN . NNP NNP VBD CC VBD IN DT CD NN NNP , WDT VBD DT NN IN DT NN CC PRP$ NN IN DT JJ NN . IN CD , NNP NNP VBD DT RB JJ NN IN NNP , WDT VBD DT NNP NNP NNP IN NNP NNP . `` IN PRP$ NN VBG DT NN IN PRP$ RB JJ NN , NNP NNP NNP VBZ RB RB VBN DT NN IN NN IN NNP NNS , CC RB VBN NNS IN DT NNS IN JJ NN CC NN , '' VBD NNP NNP NNP , NN CC NN IN NNP , IN DT NN . `` PRP VBZ DT JJ NN WP VBZ VBN VB IN DT NN NNP NNS WDT VBP NN , VBP NN , CC VBP NN . ''"
519,1053,mainstream,"NNP NNP -LRB- NNP , CD -RRB- , NNP , NNP , VBZ DT JJ NN CC NN VBN IN NNP . -LRB- CD -RRB- -LRB- CD -RRB- -LRB- CD -RRB- PRP VBD IN NNP CC VBD RB VBN IN DT NN NN NN IN NNP , IN DT NNP NNP NNP NNP NNP NNP NNP NNP NNP NNP -LRB- NNP -RRB- . IN DT JJ NNS , PRP VBD NNP NNP POS NNP NNP NNP NNP IN DT NNP IN NNP IN NNP POS NNP NNP WRB PRP VBD DT JJ NN NN CC DT JJ NN NN IN DT NNP NNP . IN CD , PRP VBD VBN IN NNP IN NNP NNP IN DT NNP IN NNP . IN CD , PRP VBD VBN IN NNP NNP IN NNP IN JJ JJ NN IN NNP . IN CD IN CD , PRP VBD DT NN NN NN IN NNP NNP CC DT NN NN IN DT NNP NNP POS NNP , WRB PRP VBD DT JJ NN IN DT NN IN PRP$ JJ JJ CC NN NN . NNP VBZ RB DT NN IN DT NNP NNP NNP IN NN NN IN CD . PRP VBZ DT VBG NN NN CC VBZ NNS IN DT NNP NNP POS NNP IN NNS IN NN CC JJ JJ NNS . NNP VBD NN IN DT NNP IN NNPS IN NNP CC NNP NNP IN NNP -LRB- NNP -RRB- . PRP VBD NN NN IN DT NNP IN NNP CC NNP NNPS IN CD IN CD , CC VBZ DT NN IN JJ JJ NNS , CC DT NN IN JJ JJ NNS JJ IN NNP , NNP CC NNS . IN DT NNS , PRP VBZ VBN DT JJ NN IN JJ NN NNS , VBG NNP NNP CC NNP NNP . PRP$ NN VBZ IN JJ NNS IN NN JJ NN CC JJ NN NNS , IN DT JJ NN IN DT NN IN NN . PRP VBD DT JJ NN VBN NN IN NN JJ NNS IN NN JJ NNS IN NNP . IN DT NNP , PRP VBD NN IN NN NN CC PRP$ JJ NN NNS . IN NNP CC IN DT NNP , CC RBR IN NNP , PRP VBD JJ NNS IN NN IN NN NNS . PRP CC PRP$ NNS VBD VBN IN VBG IN EX VBZ DT JJ NN IN DT NN IN DT NN NN CC NN HYPH VBG NNS CC NN , IN VBN IN JJ NNS VBG NNP NNP . NNP VBD RB VBN IN DT JJ JJ NN NN IN JJ NNS IN NNP NNS CC NN NNS . PRP VBD JJ IN VBG DT NN IN NN VBG NN IN NNS , CC JJ NN NNS JJ IN NN , IN NN IN NNS . PRP VBD IN NN IN DT NNP NNP CC DT NNP NNP IN NNP IN RB VBN NNS IN NN IN DT NNP NNP NNP NNP IN NNP NNP IN CD CC CD . PRP VBZ VBN JJ JJ NNS IN NN CC JJ NN , VBG IN JJ JJ NN , NN , NN CC NN NN NNS . DT JJ NN IN PRP$ NN VBD IN JJ NNS IN DT NN IN NN JJ NN NNS , CC NNS WDT MD VB DT NNS IN NN . CD IN DT JJ NNS VBN IN NNP VBD NN CC JJ NNS , WDT VBD NN NN IN VBN JJ NNS IN NNS , VBG NNS IN CD NNS . PRP VBZ RB VBN VBN IN JJ HYPH NN NN NNS IN NN CC JJ NN . IN NNP NNP , NNP VBZ VBN DT NNP NNP NNP NN IN DT NNP NNP POS NNP IN PRP$ NN RB IN CD . PRP RB VBZ DT NN NN NN VBN IN VBG JJ NN NNS , JJ IN NNS CC JJ NNS , CC VBG JJ NNS VBN IN DT NN IN NN . PRP VBZ RB VBN VBN IN JJ JJ JJ NNS IN NN , CC IN NN NNS IN NN NN NNS . NNP RB VBD DT NN IN JJ JJ NN IN DT NN IN NN . PRP$ NN VBD IN DT NN NN IN NN VBZ CD CC DT NN IN DT JJ JJ NNS IN CD , CD . RB , PRP RB VBD JJ JJR JJ NNS VBG DT RB JJR NN NN IN DT IN DT JJR NN NN . PRP VBZ DT JJ NN IN NN NNS IN JJR NN IN DT NN , CC VBZ IN NNS IN DT `` NN NN '' VBP JJ IN VBN RB . -LRB- CD -RRB- IN CD , PRP VBD DT NNP `` DT NNS IN JJ NNS VBP RB JJR IN CD NNS RB RB VBZ DT NN IN DT RB JJR NN IN NN , DT NN IN NN IN RB JJ NNS CC DT VBN NN IN NNS IN NN . '' RB , PRP RB VBZ IN DT JJ NN IN DT NN IN NN IN JJ NNS MD RB VB VBN IN DT JJ NNS CC IN JJ NN NNS WDT MD VB DT NNS MD VB VBN . NNP VBZ VBN RB CD JJ NNS IN NN VBN NNS CC CD NN NNS . PRP VBD JJ NN IN DT NNP IN NNP CC NNP NNPS IN CD IN CD . -LRB- CD -RRB- NFP NNP NNP -LRB- CD -RRB- DT NNP NN . LS NN IN JJ NNS IN JJ NN HYPH JJ NNS . NNP NNP IN NNP , CD , CD SYM CD . SYM NNP NNP , NNP NNP , NNP NNP , NNP NNP , NNP NNP -LRB- CD -RRB- . DT NNP JJ HYPH NN NN HYPH RP NN IN JJ NN . LS JJ NNS IN JJ NNS . NNP NNP IN NNP , CD : CD CD . SYM NNP NNP , NNP NNP , NNP NNP , NNP NNP , NNP NNP -LRB- CD -RRB- . DT NNP JJ HYPH NN NN HYPH RP NN IN JJ NN . CD . NN , NN CC JJ NN IN NN . NNP NNP IN NNP , CD : CD . SYM NNP NNP , NNP NNP NNP , NNP NNP , NNP NNP -LRB- CD -RRB- . NN CC VBN JJ NNS IN DT JJ JJ JJ NN . NNP IN DT NNP NNP IN NNP CC NNP NNP , CD : CD SYM NNP NNP , NNP NNP , NNP NNP , NNP NNP -LRB- CD -RRB- NN IN JJ JJ NNS IN NNS IN DT NNP NNP NNP NNP . NNP NNP IN NNP , CD , CD : CD . SYM NNP NNP , NNP NNP -LRB- CD -RRB- . DT NN IN DT JJ NN IN NN HYPH NNP HYPH NNP HYPH VBN NN . NN , CD -LRB- CD -RRB- CD . SYM NNP NNP , NNP NNP , -LRB- CD -RRB- . JJ JJ NNS IN NN NNS . NNP IN DT NNP NNP NNP -LRB- NNP -RRB- , CD : CD . NFP NNP NNP , NNP NNP , NNP NNP , NNP NNP , NNP NNP NNP -LRB- CD -RRB- JJ JJ NNS IN NNP , NNP : NN CC NNS IN NNS . NN , CD . SYM NNP NNP , NNP NNP , NNP NNP -LRB- CD -RRB- DT NN IN VBG NN NN IN JJ NN NN NNS IN NNS IN NN NN NN . NN , CD , CD SYM CD . SYM NNP NNP , -LRB- CD -RRB- . VBN NNS IN NN : NN IN JJ NNS CC JJ NNS . NNP NNP NNP , CD : CD . NFP NNP NNP , NN NN : DT NN IN DT NN -LRB- CD -RRB- . NNP NNP IN NNP , CD , CD SYM NNP NNP JJ NNS IN JJ NNS : NN NNS CC PRP$ NNS -LRB- CD -RRB- . NNP NNP IN NNP , CD , CD . SYM NNP NNP , NNP NNP , NNP NNP -LRB- CD -RRB- : NN IN JJ JJ NNS . IN : NN NN NNS . NNP NNP , NNP NNP , CC NNP NNP -LRB- NNP -RRB- . NNP NNP NNP NN CD CD . NFP NNP NNP , `` CD IN CD NNS RB VBN TO VB JJ JJ NN , CD NNS JJR IN RB VBN '' , NNP NNP , NNP , NNP , NNP NNP NNP CC NNP NNP , NNP , `` DT NNP IN NNP '' -LRB- NN -RRB- , NNP NNP , NNP , NNP IN DT NNP NNP NNP -LRB- NNP -RRB- , NN CD , RB CD , NN CD -LRB- NNP CD , CD -RRB-"
520,193,mainstream,"DT NN IN VBG IN NNP NNP NNP VBZ JJ , CC PRP VBZ RB RB RBR RB IN NNP . NNS IN DT NNS VBP RB VBN . DT NN VBZ DT : NN VBZ RB JJ . IN DT NN , PRP MD VB DT IN DT NNS IN WP PRP VBZ TO VB IN NNP NNP NNP CC NNP . NNP NNP NNP VBZ RB VBN DT NN NN IN DT NN CC PRP VBZ DT NN NN TO VB . DT NN IN NNP MD VB PRP RB RB JJ IN $ CD IN NN , IN NNS MD VB VBN IN NNP NNP , NNP NNP CC NNP , WRB NNS IN DT $ CD SYM $ CD NN VBP RBR JJ . DT NN , RB , IN DT NN IN VBG IN NNP VBZ DT JJS IN DT NN : DT VBG CD NN JJR IN DT JJ NN . IN JJR NNS , PRP MD VB TO VB IN DT JJ NNS . NNS VBP RB RBR JJ IN NNP IN DT NN IN $ CD IN NN . IN NNP , NNS JJ $ CD IN NN . IN PRP MD VB TO VB IN NNP , PRP VBP RB RB VBN . NNS IN NNP VBP IN DT JJS VBN IN DT NN . PRP VBP $ CD IN NN IN NN , VBN IN DT JJ NN IN $ CD IN NN . DT WP VBP IN DT JJ NN NN VBP TO VB RP DT JJ NN IN $ CD IN NN . RB JJ IN PRP MD VB PRP . NNS IN NNP CC NNP VBP RB JJR : $ CD CC $ CD IN NN IN NN , RB . WP PRP VBP IN NN IN NNP VBZ RB RBR JJ . DT NN VBZ $ CD IN NN IN NNP , CC PRP VBZ RB RB JJ IN NNP IN RB $ CD IN NN . NNS IN DT JJ NNS IN NNP CC NNP , NNP NNP , VBP RB $ CD IN NN . RB , DT NN RP VBZ DT CD HYPH NN NNS IN NN NFP NN IN NNP NNP VBZ NN IN NNP NNP , NNP VBZ DT NN WRB PRP VBZ IN JJ JJ NNS . NNP NNP -LRB- NNP -RRB- CC NNP NNPS VBP NNP NN , IN IN NNP NNP NNP , NNP NNP NNP NNP -LRB- NN -RRB- VBZ VBN IN NNP . DT NN VBZ VBN DT NN IN NN CC NN NN HYPH NNS , JJ IN NNP -LRB- NNP -RRB- , CD IN DT JJ NNS VBG DT NN IN NN HYPH CD . . DT JJ JJ NN IN DT NNS IN DT NN VBZ $ CD RB . JJ NNS -LRB- IN WDT EX VBP JJR IN CD IN NNP -RRB- VBP DT $ CD JJ NN NN . JJ NNS VBP DT $ CD JJ NN NN . PRP VBZ JJ TO VB JJ NNS VBG DT NN IN VBG IN NNP NNP NNP IN DT NN POS CD NNS VBP JJ NNS CC JJ NNS . RB , DT JJR NNP JJ NN VBZ DT NN WDT VBZ RB JJR IN NNP JJ . NN IN DT NNP NNP IN NNP VBZ IN WP DT JJ NN VBZ TO VB NNS VB VBZ RB JJ IN DT NNS . IN NN , IN DT NNP NN , CD NNS IN CD NNS MD VB IN JJS $ CD IN NN DT TO VB PRP$ NN . DT NNS IN DT JJ NN MD VB TO VB IN JJS $ CD RB IN DT NNP NNP NN . DT JJ NN IN NNP NNP MD VB TO VB IN JJS $ CD RB TO VB NNS VB . IN NNP , DT JJ NN MD VB TO VB $ CD IN NN TO VB PRP . WRB NNS CC NNS VBP DT NN IN VBG IN DT VBN NN , PRP VBP VBG DT NN IN NN JJ TO VB JJ NNS CC NNS TO VB DT JJ NN IN NN . TO VB PRP IN DT JJ NN , NN IN NN VBZ DT NN IN WRB JJ NN , NN , NN , NN CC NN MD VB VBN IN CD NN IN NN . NN IN NN NNS VBP RB JJ , RB JJ , DT NN IN DT NNS CC NNS VBN VBP RB VB IN NN . PRP MD VB IN CD JJ NN NN VBZ CD NN RBR JJ IN NNP NNP NNP IN IN NNP , CC PRP MD RB VB JJ TO VB IN DT NN JJ IN NNP NNP NNP VBZ CD NN RBR . NN IN NN MD VB JJR NNS IN NNP NNP NNP , CC IN DT JJ NN , PRP MD VB RB DT NN ."
521,672,mainstream,"IN DT NN IN DT NN HYPH CD NN , NNP VBZ DT JJ NN . NNP NNP , DT NN IN NNP NNP , VBZ VBG DT JJ IN PRP$ JJ NNS , WDT VBP VBN VBN RB IN NNP IN NNP , CC RB RB . RB IN JJ NNP , WRB DT NNP NNP VBD VBG JJR IN CD CD JJ NN NNS DT NN , CC RB CD CD NNS IN DT NNS , DT NN IN DT RB VBN NNP VBG RB IN DT JJS NNS , CC VBG DT NN VBG NNS , NNS , CC NNS , VBD DT JJ NN , CC RB DT JJ NN . IN DT NN RB JJ , EX VBD IN JJS CD JJ NN IN DT NN IN NN : CC RB PRP VBD PRP IN PRP VBD RP IN PRP$ NNS CC VBD IN DT NNS VBG IN . IN DT JJ NN IN NNS , NNP NNP POS NN NNS VBP VBN RB . IN NNP , DT NN VBD CD CD CC CD JJ NNS , CC RB CD HYPH CD NNS . JJS IN NNP NNP VBZ RB RB IN DT NN NN , CC NNP NNP NNP MD VB DT JJ NN JJ NN , NNP NNP NNP NNP VBD IN NNP , VBG JJ NNS , NN NNS , NNS , CC NNS TO VB . IN DT NN RB , NNP MD VB PRP$ NN HYPH CD NNS IN VBN , PRP VBZ VBN . NNP NNP POS NN VBZ DT NN IN DT JJ NNS IN NN NNS , NN NNS , NN NNS , NN HYPH NN NNS , CC RB JJ NNS IN NNS , NNS , CC JJ NNS : JJ IN PRP RB VBN : WP VBD DT JJ NN CC NN VBG IN PRP$ JJS NNS CC NNS . NNP CC NNP NNP , IN DT JJ JJ NNS , RB VBP NN IN VBG IN PRP , IN VBP JJ NNP NNPS WP VBD DT NN HYPH IN HYPH NN NNS CC VBD NNS WRB PRP VBD JJ . DT JJ NN VBZ IN PRP VBD DT JJ CC NN HYPH JJ NN TO VB DT JJ NN NN IN JJR IN CD HYPH CD CD NN . -LRB- VBN IN DT NN IN `` JJ NNS '' DT NN , DT JJ NN VBZ RB RB JJR . -RRB- DT NNS IN NNP NNP CC NNP VBD JJ . RB , IN NN NNS VBP RB IN JJ NNS IN DT NN , EX VBZ DT NN TO VB IN DT NNS MD VB RB JJ NNS TO VB DT NN IN VBG . IN DT NN , RB , RB IN NNS IN JJ NNP , DT NN IN JJ NN , JJ NN , CC JJ HYPH NN NNS VBZ RB VBG DT JJ NN . VB NNP , NNP , CC NNP , CD JJ HYPH VBN NNS WDT VBD VBG PRP$ NNS IN JJ NNP . IN DT CD NNS , DT NN IN VBN JJ NNS VBZ VBN IN DT JJ NN IN NNS . IN NNP , NNP VBD CD JJ NNS CC NNP VBD CD , DT IN WDT VBD JJ NNS . IN NNP CC NNP , NNP VBD RB CD CD JJ NNS , WDT VBZ IN RB PRP$ JJS CD HYPH NN NN RB . DT NNS VBP RB RB JJ VBN IN WP VBD VBN IN DT NNP , CC DT NN IN DT NN VBZ IN WRB PRP VBZ VBG PRP MD VB RB RB , CC EX VBP JJ VBG NNS IN DT MD VB VBG TO VB . IN DT CD NNS , DT NN IN NNS VBG JJ NNS VBZ VBN , WDT VBZ DT NN VBZ RB RB DT NN IN JJR NN . IN NNP , DT NN IN JJ NNS VBD CD NN NN IN NNP NN , CC PRP VBZ RB CD NN NN , VBG IN NN IN NNP IN NNP , DT NNP NN NN . IN NNP , DT JJ NN VBD IN CD NN NN DT NN RB , CC PRP VBZ RB CD NN NN , VBG IN DT NN NN WDT NNP NNP NNP VBZ . DT NN IN NNS VBZ RB VBN RB . IN NNP IN NNP , CD NNS VBD VBN VBN IN NN HYPH CD , VBN IN CD DT NN RB , VBG IN NNS IN DT NNP NN NN : DT NN IN RB DT CD CC CD NN NN . DT JJ NN IN DT NN POS NN NN VBZ VBN IN NN NN NNS MD VB VBN IN NNP NN . IN NNP , NN NNS VBD IN NNP IN EX VBP CD NNS IN NN HYPH CD IN NNS , WDT VBZ DT NN IN NNP NNP . IN NNP , CD NNS VBP VBN VBN , VBN IN DT JJ NN IN CD DT NN RB , VBG IN DT NNP NNP NNP . IN RB , DT NN IN NNS VBZ RB VBN RB RB IN NNS . DT MD RB VB IN DT VBG NNS . IN DT NN VBG , JJ NNS VBP VBN IN DT NNS POS JJ NNS : NNP NNP , IN NNP : NNP NNP , IN NNP : CC NNP NNP , IN NNP : CC JJ NNS IN DT JJS HYPH NN NNS , WP VBP VBG IN JJ NN HYPH VBG , JJR NN NNS , CC DT NN IN NN NN . IN VBG VBN NNS TO VB IN DT JJ NN IN NNS , DT CD NNS VBP VBN RB JJ IN DT IN DT NNS . DT NN IN DT NN IN NNS VBZ RB JJ , IN PRP VBZ IN RB DT JJS CC JJS NN TO VB JJ NN IN DT NN . VBN IN JJ NNS CC NNS , WP IN NN VBP VBN VBN IN NNP NNP POS JJ NN IN DT NN , NNP , NNP , CC NNP VBP VBN TO VB JJ NNS VBG VBG NNS IN NN . RB , IN DT JJ NN IN NNS , CD IN PRP : NNP , IN NNP , CC NNP , IN NNP : VBP VBN NN , CC DT NN IN WDT PRP VBD VBD DT VBG NNS IN NN . IN NNP , NNP VBD IN , IN PRP VBD VBG IN PRP$ NN TO VB IN DT NN NN , PRP MD VB JJ NNS CC NNS WDT VBP NNS CC NNS TO VB NNS . `` PRP VBP TO VB JJ IN JJ NN VBZ RB VBN IN IN NN CC , RB , NN MD VB NNS TO VB DT NN , '' VBD DT NNP NN NN . `` RB , JJ IN PRP$ NN , JJ NNS MD VB NNS CC NNS TO VB NNS . '' DT JJ NN , NNP RB VBD NN , VBG , `` EX VBZ DT NN , CC DT NN VBZ VBN IN DT JJ NN . '' PRP RB VBD PRP$ NN IN NNS IN NNP , JJ IN NNP CC NNP , VBG DT NN IN NNS IN NN , CC PRP RB VBD TO VB DT JJ NN , VBG PRP MD RB VB , CC VBG , `` PRP VBP DT NNS VBP DT IN DT NN IN JJ NN . '' PRP VBZ RB VBN DT JJ NN IN JJ NN WDT WRB JJ NN VBZ IN NN IN JJ NNS , DT NN MD VB TO VB VBN , IN JJS RB . CC IN NNP IN DT NNP NNP CC VBN NNPS VBN IN VBG PRP$ NNS POS NN , EX VBZ RB , IN NNS IN NNP NNP , NN JJ TO VB DT NN CC TO VB RP IN JJ NNS . JJ NNS CC PRP$ NNS VBP VBN TO VB IN PRP . RB , NNP , IN NNP , VBD DT RB IN NNP , WRB , IN VBG IN PRP MD RB VB DT IN PRP$ NN NNS , PRP VBD IN NNS IN DT NN MD `` VB JJ NNS IN PRP VBN IN PRP$ JJ JJ NN . ''"
522,173,conspiracy,"NN CD : NNP NNP JJ NN IN NNP NNP NNP UH IN DT JJ NN IN NNP NNP NNP NNP : DT NN NN IN NNP NNP CC NNP NNP WDT VBZ DT IN DT RBS JJ NNS IN JJ NN NN NN . DT NN : VB DT NN IN NNP , NNP , NNP , NNP CC VB DT NN NN NN CD : NNP , NNP CC NNP VB TO VB NN IN JJ NNS NN NNS NNP , NNP NNP IN NNP NN CC NN NN NN CD : NNP VBZ `` JJ NN '' IN NNP VBZ NNP IN NNP NNP VBZ JJ NN IN NNP VBZ `` NN NN '' IN NNP NNS NNS VBG JJ NN NNS -LRB- NNP -RRB- , VBG NNS IN PRP CC PRP$ NNS NN NN IN NN NN VBN NNP NNP WRB DT JJ NN NN `` NN NNS '' IN `` JJ NNS '' MD VB RP NNP POS NN TO VB PRP MD VB VB PRP$ JJ CC JJ NN IN VBG NNP CC ADD VBP PRP ."
523,415,mainstream,"DT NN NN VBZ DT JJ NN IN DT NNS . PRP VBZ RB VB DT NN CC PRP VBZ VB NNS CC NNS IN VBG JJ . VBG DT NN VBZ JJR IN VBG DT NN CC MD VB DT NN JJ IN DT NN CC JJR . NNS JJR IN CD NNS JJ NN VBP DT NN . CC IN PRP$ NNS , JJ NNS , CC JJR NNS IN DT NN VBP PRP , WDT MD VB VB DT NN . DT VBZ JJ IN NNS VBP RBR IN NN IN NN NNS IN DT NN . WP MD VB DT NN NN . DT NNPS IN NNP NNP CC NNP -LRB- NNP -RRB- VBZ DT NN NN IN NN CD NNS IN NN CC JJR . CC PRP VBZ RB JJ IN DT WP VBP IN JJR NN IN VBG NN NNS IN DT NN , VBG : SYM DT NNS CD NNS IN CD NNS JJ -LRB- NNS JJR IN CD NNS VBP RB VBN JJ NN , CC PRP MD VB DT NN NN -RRB- NFP DT NNS WP VBP JJ , VBP VBG IN VBG JJ , VBP RB VBN NN , CC VBP VBG IN NN NN , NN WP$ JJ NN VBZ JJ IN NNS CC NNS -LRB- IN NN NN -RRB- , NNS WP VBP IN JJ HYPH NN NN NNS , JJ IN NN NNS , NN -LRB- NNS , NNS , CC NNS -RRB- IN DT JJ JJ NN , JJ IN NN CC NN , NNS CC NNS WP VBP NN RB CC VBP IN NN IN VBG NN NN IN PRP VBP DT NN , NNS CC NN NNS IN NN IN DT JJ HYPH NN NN -LRB- IN NNS JJR IN CD NNS JJ , RB DT JJR IN CD NNS , CC DT IN JJ HYPH NN NNS -RRB- DT NNS MD VB DT NN IN VBG DT NN NN . VB IN PRP$ NN TO VB IN DT NN VBZ RB VBN IN PRP$ NN : NFP VBZ RB VBN DT JJ JJ NN IN DT NN NN WP VBP DT NNS IN NN NN . CD NNS IN NN NN VBP JJ IN DT CD HYPH CD NN NN . DT VBP IN CD NNS IN NN NN : NFP DT NN NN , WDT VBZ VBN IN DT NN , DT JJ NN , DT NN WDT VBZ VBN IN DT NNS IN DT NN , DT JJ NN NN VBD RB VBN IN NNS IN PRP VBD RB VB TO VB RB RB . DT JJR NN VBZ TO VB RB RB IN DT NN . RB CC NN MD VB VBN DT NN , VBG IN DT NN POS NN CC JJ NN . DT JJ NN VBZ RB IN JJ NNS NNS CD CD . NNS IN JJ NN NNS CC DT NN NNS -LRB- JJ IN NN -RRB- CC JJ NNS MD RB VB DT JJ NN NN . NN NNS CC NNS RB VBP . RB VB IN PRP$ NN IN NN NN , WDT NN VBZ JJ IN PRP$ NNS , CC WRB JJ NNS PRP VBP . IN DT NN , NNS IN DT NN NN VBD TO VB IN PRP$ NN IN IN DT NN NN VBD JJ IN PRP IN PRP VBZ VBN IN NNS . CC NN NNS RB VBP IN DT NN IN NN NN IN DT NN VBZ RB JJ IN PRP VBZ JJ RB IN NNS IN DT JJ NN NN . DT VBZ RB JJ IN DT JJ NN NN . RB , DT NN IN DT NN NN MD VB DT NN NN IN DT NN POS NN , RB IN DT NN , NN , CC JJ NN . IN PRP$ NN VBZ JJ CC VBZ DT NN , CC VBZ VBG , VB IN PRP$ NN IN IN TO VB DT NN . WRB MD NNS VB DT NNP NNP . NN NN VBZ IN NNP IN NNP . PRP VBZ JJS TO VB DT NN NN RB RB IN DT NN IN JJ , RB IN DT NN IN NNP . DT VBZ DT NN NN TO VB PRP$ NN IN DT NN . CC VBG DT NN RBR IN DT NN VBZ RB JJR IN RB VBG PRP IN DT ."
524,1163,conspiracy,"VBP PRP JJ IN `` DT JJ JJ '' TO VB JJ . RB , JJS IN PRP VBD IN `` NN HYPH IN HYPH NN NNS '' CC `` JJ NN NNS '' MD RB VB JJ , CC RB JJ NN NNS VBP VBG PRP IN DT IN DT JJ NNS MD VB TO VB IN NN IN DT JJ NN . DT VBZ IN PRP$ NNS MD VB RB VBN IN DT JJ NN TO VB . IN NN , NNP NNP NNP RB VBD DT NNP NNP IN PRP MD RB VB JJ IN NNS RB IN NNP TO VB WRB DT JJ NN NN VBZ IN DT NN . RB NNP CC JJ JJ `` NNS '' VBP IN PRP MD RB VB JJ IN PRP TO RB VB RB IN PRP$ JJ NNS RB RB IN DT NN VBZ VBG . CC WRB RB VBP PRP RB VBN TO VB . DT NN VBZ IN DT NN MD RB RB VB IN DT JJ NNS . DT JJ NNP NN VBD IN CD JJ NNS , CC PRP MD RB VB VBG DT JJ NN . CC DT NN NNP NN NNP NNP VBD IN DT NN MD RB VB `` JJ '' , CC IN DT VBZ PRP '' MD RB VB RB '' . `` PRP VBZ JJ TO VB DT IN DT NN : DT NN MD VB RB DT JJ NN IN PRP$ NNS , CC DT NN MD RB VB RB , '' NNP NNS NN NNP NNP VBD DT JJ NN . `` PRP VBP PRP VBZ JJ PRP VBP JJ CC PRP VBP RB VB NN MD VB WRB DT NN MD VB , '' PRP VBD . `` PRP VBP EX VBP DT NNS IN DT CC EX VBP DT NNS . DT NN MD VB IN DT JJ NN , CC PRP MD RB VB . '' IN JJ NNS , NNP VBZ VBG IN DT NN MD VB IN DT NN WDT VBZ VBG NN IN NN . RB WP VBP PRP VBG TO VB IN DT VBZ . VBP PRP VBN TO VB NNS DT NN WRB DT JJ NN IN NN HYPH CD NNS VBZ VBG . IN NN DT NNS VBP RB RB VBN RB JJ RB . PRP MD VB RB VBN RP DT NN IN DT NN , CC RB JJS IN DT NNP NN VBZ VBG TO VB VBN IN PRP RB RB RB WP PRP VBP . CC RB IN VBG DT NN IN DT NN , NNP VBZ TO VB IN PRP$ NNS . CC JJ NNPS VBD RB VBN WRB PRP VBD IN NNS MD VB TO VB VBN WRB DT JJ NN NN VBZ VBN TO VB . DT VBG NN IN NN VBZ IN NNP NNP . RB RB TO VB JJ , NNP VBD RB RB VBG IN JJ NNS CC RB DT NNS VBG IN NN IN DT JJ NN . PRP VBD IN NNS CC NNS MD VB JJ TO VB RB IN EX VBZ DT NN IN DT NN CC DT NN . PRP VBD IN NN VBD DT NN RB RB . IN JJ NNS , DT NN IN DT NN VBZ VBN VBN : VBD . DT NN VBZ EX VBZ RB DT VBN NN IN DT IN DT JJ NNS RB RB . PRP RB VBP RB VB CD IN NN . RB , DT MD RB VB . RB RB , PRP VBZ RB VBN . DT NN IN NNS RB RB VBD RB VB TO VB PRP WRB PRP RB VBD VBG IN WRB JJ PRP MD VB IN NNS TO VB DT NN IN NN HYPH CD . RB IN NNP NNP VBZ VBN , EX VBZ RB VBN DT JJ NN IN DT NN IN DT IN JJ NN . IN DT IN PRP$ NNS , EX VBZ DT NN IN NN . CC IN DT IN PRP$ NNS , EX VBZ DT NN IN NN . JJ TO VB , EX VBZ RB PDT DT NN IN DT `` JJ JJ NN '' CC , IN PDT DT NN VBZ RB VB . RB PRP$ NNS MD VB DT NNS DT NN , CC PRP MD RB VB PRP$ JJS TO VB RB . CC RB JJ JJ NNS RB IN DT NN VBP VBN IN DT JJS NN IN RB VBZ TO VB VBG NNS IN NN . IN NN , DT `` NN HYPH IN HYPH NN NN '' IN NNP NNP VBD RB VBN IN NNP NN . NNP , NNP , VBZ VBG PRP$ NN HYPH IN HYPH NN NN IN NNP CD , NNP NNP NNP -LRB- NNP -RRB- VBD IN NNP . DT NN VBD IN DT NN VBZ RB RB VBN PDT DT VBN NNS TO VB . CC NNP NNP NN NNP NNP RB VBD DT `` NN HYPH IN HYPH NN NN '' IN NNP NNP NNP RB . RB , NNP VBD DT NN POS NN HYPH IN HYPH NN NN , WDT VBD VBN TO VB DT NN IN DT NN CC VBZ VBN NNS CC VBN JJ NN NNS . PRP VBD EX VBZ DT NN NN IN DT VBN NN NN CC VBD IN NNS MD VB RB RB JJ IN JJ TO VB VB DT NN IN NN HYPH CD , WDT VBZ VBN JJR IN CD NNS IN DT NN . `` IN PRP VBP VBN IN DT NN , DT MD VB DT JJ NN , '' NNP VBD . VBG DT NN , NNP NNP NNP NNP VBD NNP NNP NNP IN PRP$ NN MD `` RB VB RB JJ IN PRP VBP DT NN . '' JJ NN IN PDT DT . PRP VBP RB JJ IN PRP VBP RB VB IN NNP NNP , IN NNS IN DT NN MD VB VBG IN DT `` NN '' CC DT `` NN '' IN DT RB , RB JJ NN . VBP NNS IN NNP RB VBN TO VB PRP$ NNS IN NN RB . IN NNP , PRP VBD IN DT NNP NNP VBZ RB VBN PRP$ JJ NN NN NN . DT NNP NNP VBD PRP$ JJ NN NN NN NNP IN IN DT NN NN , IN DT `` JJ '' NN WDT VBZ DT NNP NNP NNP IN DT $ CD CD NN . DT JJ JJ HYPH NN NNP NN VBZ VBN NNS IN DT NNPS IN NNP HYPH NNP NNP IN RB DT NN , CC PRP$ NNS IN NNP IN NNP VBP DT NN IN NNP NNP JJ NN . PRP VBD RB VBN WRB PRP RB VBD IN DT . JJ NNS VBP RB JJ IN DT JJ NN , CC RB PRP VBP VBG VBN IN JJS IN PRP$ JJ JJ NNS MD VB TO VB VBN , VBN CC VBN IN DT JJ NN . CC WP VBZ DT IN DT RB RBR JJ VBZ IN PRP VBP RB VBG IN DT NNS VBD RB JJ IN DT JJ NN . IN PRP DT VBD VBN NNS IN DT JJ NN , VBD PRP$ NNP NN NNS RP CC VBD JJ JJ NN , PRP MD VB VBN PRP$ JJ NNS PDT DT NN RB IN PRP VBP VBN VBG IN NNP CC NNP . RB , JJ NN VBZ IN JJ NN IN NNP NN , CC PRP VBZ IN DT NN MD VB TO RB VB PRP$ NNS IN DT JJ NN TO VB . DT NN VBD VBN IN NNP , NNP NN , CD IN CD NN CC VBZ VBN IN NNP NNP PRP , NNP NNP , NNP NNP NNP , NNP NNP . PRP MD VB DT NNS IN DT NN IN DT NN CD NN ."
525,894,mainstream,"CD NNS MD VB VBN TO VB DT NN IN DT NN IN NN NN . DT JJ NN VBZ VBN DT JJ NN IN DT JJ CC VBG NN IN JJ NNS CC JJ NNS IN VBG DT NN IN NN CD VBN IN DT JJ NN VBN NNP NN . DT JJ NN NN -LRB- NNP -RRB- NN , WDT VBD IN JJ NNP IN VBG NN , VBZ VBN VBN RB IN NNP JJ NNS IN NNS TO VB JJ JJ NNS VBN IN NNS CD CC CD NNS . DT NN VBZ RB VBN RB VBN IN JJ NN . DT NNS VBP DT JJ NN IN IN DT JJ NN NN , RB IN NN HYPH NN CD MD VB RB VBN IN DT JJ NN . IN DT CD JJ NNS TO VB DT NN POS NN -LRB- DT NN NN NN VBZ RB VBN , DT NN VBZ VBN VBG DT JJ NNS IN NN -RRB- , CD JJ NNS TO RB VB DT NN POS NN VBP JJ -LRB- DT NN NN VBZ VBN IN JJ NN IN DT JJ NN , JJ NN NNS VBP VBN IN JJ NN : DT NN VBZ VBN IN DT JJ NN -RRB- . DT NN NN VBZ JJ JJ NNS IN JJ NNS CC MD VB NN CC NN RB RB RB IN DT JJ NN VBN IN DT NN . DT NN CC NN IN DT NN MD VB VBN RB VBG NN NNS CC JJ NNS , CC RB IN DT NNS CC NNS DT VBP DT NN , PRP MD VB VBN IN JJ NN . DT NN IN NN NN CD -LRB- NNP CD -RRB- VBN IN DT JJ NN VBN NN NNP CD VBZ VBG RB RB . LS RB CD CD NNS VBP VBN VBN , CC RB CD NN IN PRP VBD JJ . LS JJ NNS IN NNS VBP IN JJ NN , CC DT IN PRP VBP VBN JJ NN . CD CD IN DT NN IN NN VBZ VBN RB VBN IN NNS , NN VBZ JJ VBG DT NN CC NN IN NN IN NNP CD . RB , DT NN IN NNS IN NNP NN , WDT VBD DT JJ NN IN DT NNS , VBD JJ NN . CD CD DT NN VBZ RB VBN IN NN IN NN NNS IN JJ NN . LS RB , NNS MD VB DT NN VBN IN VBN NNS CC JJ NN NNS IN JJ NN . LS RB , JJ VBN NNS IN NNS MD VB PRP$ NN IN JJ NNS IN NN NN CC IN NN RB , RB NN IN NNS CC NNS MD VB RB IN VB NN IN DT VBN NNS . DT NN IN NN NN MD VB IN NN NN NN , DT NN IN WDT JJ NNS VBP DT NN IN DT VBN NN , CC NN JJ NN , DT NN VBG JJ NN VBN IN NN . LS NN NN VBZ VBN VBN IN DT NN IN NN NNS CC MD VB DT NN IN DT NN IN NN CD NNS CD IN IN DT NN IN NN NN , PRP VBZ JJ IN DT JJ CC JJ NNS MD VB VBN IN CD WRB DT NN MD RB VB RB , IN JJ NNS IN NNP CD VBP IN NN IN JJ NN CD , CD DT NN VBZ DT JJ NN IN DT JJ NN , CC JJS NNS VBP TO VB DT NN NN VBG NN IN NNS , WDT VBZ RB JJ IN RB JJ NNS , RB JJ NN , CC JJ NN . JJ NNS WDT VBP JJ VBP VBN RBR JJ IN JJ NNS IN JJ NNS IN NN . RB , DT JJ NN NN -LRB- NNP -RRB- NN VBN IN DT NN VBZ JJ CC JJ , CC MD VB DT JJ NN IN IN DT NN NN . JJ JJ JJ NN -LRB- NNP -RRB- VBZ JJ IN NNP JJ NNS . CD DT NN VBZ IN CD IN CD NNS IN NN , NN , JJ NN , JJ NN , NN , CC NN . DT NN IN DT NN NNS VBP VBN IN DT NN , RB NNS CD CC CD CC RBR RB NNS CD , CD , CC CD RB , NN VBZ VBN IN IN CD NN IN NNS , CD NN IN WP MD VB VBN , CD NN IN VBN NNS IN NN IN NNS VBP VBN VBN IN NN NNS . CD VBN NNS IN NNS VBD RB VBN IN DT NN , CC PRP VBD JJ NNS IN NN . CD NNS IN DT JJ NN IN JJ NN CD VBN IN DT NN NNS VBN IN NN IN DT NNS VBP RB VBN DT NN IN DT VBN NNS . CD RB , DT JJ NN IN JJ NN CD VBN IN NN NNS VBD VBN TO VB JJ . CD NNS MD RB VB IN DT JJ NN . CD DT VBD IN PRP MD VB JJ TO RB VB DT JJ NN TO VB DT JJ NN WRB JJ NNS RBS RB VBP . CD JJ NNS IN JJ NN IN JJ JJ JJ NN VBD VBN TO VB JJ NNS IN NN IN JJ JJ NNS , VBG IN DT NN IN DT NN IN JJ JJ NNS . CD JJ NN IN DT NN NN VBD IN RB VBN NN CD NN NNS CC VBN NN CD NN NNS . CD RB , DT JJ NN VBG NNS CD CC CD VBD DT JJ NN RB VBG NN CD NN . CD , CD , CD JJ NN IN DT JJ NNP IN NNP NNS VBD IN CD , CC NNS IN NN VBN NN VBD VBN IN IN IN CD IN PRP$ NN , DT NNP NN VBD VBN IN CD IN IN JJ NNS , CC NN VBN NN IN JJ NNS VBD . IN NNP CD , DT JJ NNP VBD RB VBN IN JJ NNS RB , CC NN VBN NN NNS VBD IN CD NN IN NNS CD NNS IN NNS RB , DT NN IN NN NN VBD RB VBN RB IN JJ NNP TO VB NN . DT NN VBD JJ IN PRP VBD DT NN JJR IN DT JJ NN . CD RBR , DT NN VBD VBN IN DT JJR NN VBN IN DT NN NN . IN DT NN IN NN , DT NNP NN VBD RB VBN IN JJ NN TO VB NN CC NN IN NN CC NN NN IN DT NN IN JJ VBN NNS VBD VBN . LS IN DT NNS , NN VBD NN IN NNS IN NNP . DT NN IN NN NN VBD VBN IN NNS IN DT NNS VBD RB VB NNS CC VBD JJ NN IN PRP VBD RB VBN IN JJ NN NN TO VB DT NN IN NN . CD RB , NNS IN JJ NN VBP TO VB VBN IN NN RB , TO VB JJ NN IN JJ JJ NN , NNP NN , CC JJ NN NN . CD , CD DT JJ CC JJ NN IN NN VBN NN IN DT NNP NNS VBZ , RB VBZ , IN DT NN NN MD VB DT NN IN IN DT JJ NN IN DT NN NN . IN NN , CD NNS MD VB VBN TO VB DT NN IN DT NN IN NN NN . RB , DT NN NN IN DT NN IN NNP NNP CD VBZ RB VBN . IN JJ , NNP NNP CD PRP VBZ RB RB JJ IN VBN IN DT NN NN , JJ NN NN , NN NN , NN NN , CC NNP NN . JJS JJ NNS IN NN NN CD VBP DT CC JJ NNS , CC DT NN VBZ RB VB IN JJS NNS . CD , CD RB , NNP NNP VBZ IN JJ NN IN NN CC NN NN IN NNS , CC DT JJ NN NN IN DT NN MD VB VBN IN DT VBG JJR NN CC JJR NN NN IN NN NN . RB , IN DT NN NNP , DT NNP IN NNP NNP VBZ RB VBN IN JJ NN NNS , TO VB DT NN IN DT NNS IN DT NN . DT NN IN DT JJ NN VBZ VBN IN DT NN IN DT NN NN CC DT NN . DT NN MD VB NN NNS CC JJ NNS IN PRP$ NN CC VBG PRP$ NNS , CC DT NN NN MD VB DT NN VBG NNS , NNS , NN NNS , NNS , NNS , NN NNS , CC JJ NN NNS . DT NN IN DT NN VBZ RB JJR IN DT IN JJ NNS , IN DT NN VBZ VBN RB VBG IN JJR NNS IN NNS CC IN NN IN JJ NN IN NNS IN NNS . IN DT NN MD VB IN DT NN IN JJ NNS , DT NN MD VB NN VBG , CC RB MD VB NN IN DT NN TO VB DT VBN NN TO VB IN DT NN . RB , DT NN CC DT NNS VBP RB JJ IN VBG NNS CC NN , RB . IN JJ NNS VBP NNS IN DT NNS IN NNS CC NN IN DT NN IN RB NNS , NN CC NN IN DT NN VBZ RBR JJ IN IN DT NNS . RB , NN CC NN IN DT NNS MD VB DT JJ NN IN DT NN . RB , VBN IN DT NN NNP , DT NN NN MD VB RB NN CC NN . RB , JJ NN IN JJ NNS MD RB VB DT NN POS NN . JJ NN IN NNP CD NNS VBZ CD NNS : RB VBG DT NN NN WDT VBZ DT JJ NN IN JJ NN , RB VBG DT NN IN DT NNS CC JJ NNS VBN IN DT NN IN DT NN CC DT NN , CC RB VBG JJ VBN NNS . CD RB , JJ NNS VBP JJ NN IN PDT DT CD NNS , CC DT VBZ DT NN IN VBG DT NN IN NNS IN NNP CD . RB , DT NNS VBG NN , NN , CC DT JJ JJ NNS IN DT NN VBN NNP , VBP JJ NN IN VBG NN NN IN NN NN CC IN NNS . CD : CD RB , JJ NN IN DT NNS VBG NN IN DT NN MD RB VB NN NN IN NN . DT MD VB NN IN JJ NNS CC VBN NNS JJ IN DT NN NN , CC VB DT NN IN DT NN NN RB . RB , DT NNS MD VB VBN TO VB JJ JJ NN VBN IN DT NN NN . RB , IN RB DT JJ NNS VBN IN DT NN IN NN NN CD VBP JJ , RB IN PRP VBP VBN DT JJ NN IN NN TO VB DT NN NN , PRP MD VB VBN IN NN IN JJ NN -LRB- NN -RRB- . JJ NN VBG NNP VBZ VBN JJ NN IN VBG JJ NNS IN NN CD IN NN , PRP$ NN MD VB JJR IN VBG JJ NNS IN NN IN NNS . CD RB , JJ NNS IN DT NNP NN CC NN VBP JJ NNS IN VBG NN , CC DT MD VB DT NN IN NN IN DT NN NN . JJ , JJ NN IN DT NN VBZ VBN IN DT JJ NN WRB JJ JJ NNS VBP RB JJR IN IN DT JJ NN . DT MD VB VBN NNS CC RB RB VB DT NN IN DT NN NN . RB , NN IN DT NN VBZ RB VB DT NN IN DT NN , IN RB DT NN MD RB VB IN DT NN IN DT NN , CC RB NN MD VB PRP CD CC JJR NNS . DT NN CC NN IN DT NN NN RB VBN RB MD VB RB VBN VBG JJ NN NNS CC JJ NNS . RB , NN NNS MD VB VBN TO VB DT VBG NNS : WP VBP DT NNS IN NN IN DT NN VBN IN DT JJ NN , NN , JJ NNS , NNS , CC DT JJ NN . WP VBP DT NNS IN VBG NN NN IN JJ NNS VBN IN JJ NN NNS IN NN NN . WP VBP DT NNS IN NN NNS VBN IN DT NN VBN IN JJ NNS VBN IN NN IN JJ NNS IN JJ NN NNS . VBP DT VBN NNS JJ IN DT NN IN NNP NNP . VBZ NN NN VBN TO VB JJ NN IN DT NN . DT IN DT NNS MD VB VBN RB VBG JJ JJ NNS CC NNS RB IN NN NNS CD , CD NN , JJ NNS MD VB VBN IN DT JJ NN VBG CD NNS . DT JJ NN VBZ TO VB IN JJ NN IN DT JJ NN IN NN NN CC JJ NN IN NN IN NN NN MD VB RB DT NN CC NN IN NN CD . DT JJ NN VBZ TO VB IN NN IN DT NN VBG DT JJ NNS MD RB VB NN CC NN RB . DT JJ JJ JJ NNS IN DT NN VBP JJ NNS RB RB JJ TO VB DT JJ NN IN DT JJ NNS . IN VBN NN , JJ NN JJ NNS MD VB VBN RB DT NN TO VB WRB PRP MD VB VBN IN NNP NNP . DT RB VBN JJ NN VBZ VBN IN DT IN DT JJ NNS IN PRP VBP VBN TO VB VBN IN NN NN , CC CD NNS NN VBZ VBN IN DT IN DT VBN NNS IN PRP VBP JJ NNS , RB IN VBN NN . JJ JJ NNS CC NNS IN DT NNS , VBG JJ CC JJ NNS , VBP VBN . DT RB VBN NNS VBG RB DT NN IN NN VBP RB JJ IN JJ NN , CC PRP$ NNS MD VB VBN RB . IN DT NN VBZ DT NN IN DT NNS IN NN IN DT NN IN NN NN , RB CD RB VBN NNS MD VB VBN TO VB DT CD NNS IN DT JJ NNS IN DT NN IN CD JJ NN . IN DT JJ NN IN DT JJ NNS CC DT JJ NN NNS VBP JJ NNS , DT NN NN VBZ CD NNS IN JJ NNS IN IN JJ NNS , TO RB VB PRP$ NN CC NN . NN IN DT NN NN MD VB VBN RB , CC DT JJ NNS MD VB VBN , RB VBG NN CC NN IN JJ NNS IN JJ NN . CD RB , DT NNS VBN IN NN CD CC NN CD JJ NNS MD VB VBN IN DT IN JJ NN TO VB VBN RB . IN DT JJ JJ NN NN , PRP VBZ JJ CC JJ TO VB JJ NNS TO VB IN DT NNS . CD IN DT NN NNS CC DT JJ NN IN DT JJ NNS VBP RB VB DT NN NN , DT NNS IN DT NN MD VB VBN . RB RB WP DT NNS IN DT NN NNS CC DT JJ NNS , PRP DT VBP JJ NN IN NN CC IN NN IN NN CD NNS , RB VBG DT NN IN JJ NN IN DT NNS CC NN . DT NNP , IN VBN IN NN NNS CC JJ NNS , MD VB VBN RBR IN JJ NNS IN NNS . DT VBZ IN DT NN NNS CC DT JJ NN IN DT JJ NNS MD VB VBN RB CC VBN IN CD NNS , CC DT JJ NN IN DT JJ NNS MD VB VBN IN DT VBG CD NNS . JJ NN MD RB VB IN DT NNS MD VB VBN IN CD NNS . DT NNP NN VBZ JJ NNS IN DT JJ `` VBG CC VBG '' NN , IN PRP MD RB VB DT NN CC NN CC VB DT NN IN VBG NN NN IN DT NN NN . PRP MD VB NN IN NN TO VB JJ NN NNS , VB JJ NN , NN , NN , CC NN IN JJ NNS . RB , DT NN NN MD VB JJ NN IN JJ NN , JJ NN CC NN . IN DT NN VBZ DT JJ NN NN VBG NN IN CD , RB DT NNS RB MD VB DT NN , CC RB CD NN IN PRP MD VB JJ CC JJ NNS , CC DT NN NN NN -LRB- NNP -RRB- MD VB RB CD NN . RB , DT NN CC NN IN DT JJ NN IN IN NNP CD MD VB RB CD NN CC CD NN , RB . CD , CD IN DT NN NN IN DT JJ NN NN VBN NN VBN NN NNS IN CD NN IN DT NNP NNS CD PRP VBP IN DT NN NN IN NNP NN CD IN CD NN NNS MD VB DT NN IN CD NN IN CD NN CC DT NN IN CD NN IN CD NN , CC RB DT NN MD VB IN CD NN IN CD NN , IN VBN IN JJ NNS . IN VBN IN JJ NNS IN NNS , DT NNP IN NNP NNP CD MD RB JJ NNS , IN PRP$ JJ JJ NN CC JJR NN . RB , DT NN MD VB RB VBN IN JJ NNS IN DT NN VBZ RB IN NN NN , CC JJR NNS VBP VBN IN DT NN TO VB DT NN , IN VBN IN DT VBN NN WDT RB VBZ NN NN IN DT NN NN . RB , IN DT NNP VBZ VBN IN JJ NN NNS , DT NN NN VBZ JJR IN NN IN JJ NNS , IN DT NN , NN , CC JJ NN NN VBZ VBN . RB , RB DT NN MD VB JJR VBN NN IN NN NN IN JJ NNS , RB IN JJ NN WDT VBZ JJ IN NN IN JJ NNS . RB , DT JJ NN NN NNS VBP DT NN IN NN CC NN , CD CC DT NNS VBP RB VBN VBN IN JJ NNS . JJ , DT JJ VBN NNS MD VB PRP$ NN , CD CC DT VBZ RB DT NN IN DT NN NN . JJ CC RB , JJ NNS IN NNS VBP DT NN TO VB NN CC NN IN DT VBN NN TO VB DT VBN NN CD IN JJ NN IN DT JJ NN IN DT NN , DT NN VBN IN DT NN , CC DT NNS TO VB DT NN IN DT NN , DT VBP DT NN TO VB DT NN IN VBN NN NN CD VBG IN JJ NNS IN DT NN . VBN RB , DT NNP MD VB JJR NN , VB NN NN RBR RB , CC VB RB JJ NN CC NN . DT NNS RB VBP IN DT NNP MD VB NN HYPH NN CD IN DT NN . RB IN NN NNS CC JJ NNS RB VBP DT NN NN , DT NN MD VB RB VBN IN JJ NN IN JJ NN . RB , DT JJ NN MD VB RB VBN CC VBN . DT NN MD VB DT VBG NNS . RB , IN VBN RB , JJ NN IN DT NN MD VB VBN IN DT JJ NN TO VB VBN NNS . RB , JJ NN IN DT NN MD VB VBN IN DT NN , NNS , CC NN IN IN PRP$ JJ NN NNS . RB , JJ NN IN DT NNP MD VB VBN NN IN NN CC RB IN DT JJ NN . DT NNS MD VB IN NN IN DT JJ NNS . IN JJS NNS IN DT NN MD VB VBN IN DT JJ NNS , DT NN MD VB JJR NNS TO VB PRP$ NN RB . IN DT NN , JJ NN VBZ VBN TO VB JJ NN IN NN . CD DT NN NN MD VB JJ IN DT NNS TO VB RP JJ NN NN IN NNP CD . RB , JJ NNS CC NNS IN NN CC JJ NN MD VB VBN . DT VBN NNS MD VB VBN IN NNS TO VB NN VBN IN DT NN IN NNP NNS . DT VBZ RB VB IN DT NNP VBZ DT NN NN IN DT NNS IN PRP RB MD VB DT NN NN RBR CC RBR . RB , IN DT NN NN IN DT NN , NN , CC NN VBZ VBN CC IN DT NN MD VB , JJ NNS CC NNS IN NN MD VB VBN RB . IN DT NNS IN DT NN NNS RB VBP DT NN , DT NNS MD VB RB VBN IN JJS IN DT JJ NNS . RB , JJ NNS VBG NNS CC NNS MD VB VBN IN JJ NNS IN DT NN NN . RB , DT VBZ RB VB IN DT NNP VBZ DT NN NN IN JJ NNS IN PRP RB RB VBP NNS IN VBG DT NN NN ."
526,1152,mainstream,"DT NN VBZ JJ NNS VBN TO VB NNS IN NNS IN NNS . DT NN CC NN IN DT NN NN IN NN NN , NN NN VBZ VBN VBN IN DT JJ NN IN NN , NNP CC NN NNS . IN DT JJ NN , DT NNS IN NNS VBD JJ IN DT CD NNS , DT JJ JJ NNS VBD CC VBN IN CD NNS IN NN CC VBN TO VB RB JJ IN NN . IN DT JJ NN , IN WDT NN VBD DT JJ VBN NN , DT JJ NN VBD CD NN CC RB IN CD CC CD NN IN DT NNS RB . NN IN CD NN CC JJR VBD JJ -LRB- CD NN -RRB- , CC RB CD NNS IN JJ NNS VBD VBN IN DT CD NNS IN NN , CC IN DT NN NN . IN DT NN , JJ NN CC VBN NN NN NN NNS VBD VBN IN DT NN IN NN -LRB- NN NN , NN NN -RRB- . NNS IN NNP , DT JJ HYPH VBN JJ VBN NN NN IN JJ NNS VBD IN PRP VBZ JJ IN VBG NN CC NN NNS , VBG NN NNS . RB , EX VBD DT RB VBN NN IN RB JJ NNS IN NN IN CD NNS IN NN IN NNS JJ CD SYM CD NNS ."
527,783,mainstream,"VB VBG NN NNS CC JJ NNS . DT NN CC NNS WDT VBP , VBD NN NNS . NNP NNP NNP IN NNP NNP , VB IN DT JJ NN IN NNP HYPH CD VBZ JJ . JJR IN DT CD NNS IN PRP$ NN IN NNP NNP , WRB PRP VBZ IN PRP$ CD NNS , NNS VBP JJ WDT MD VB NN . PRP VBZ DT NN MD VB VBN . CC IN NNP CC PRP$ JJ NNS : NNP CC NNP , CD NNS JJ : DT NN MD RB RBR VB RB RB . PRP$ NN , NNP NNP : DT NNS POS NN : VBD CD NNS RB , DT NN IN NNP HYPH CD , IN JJ NNS TO VB PRP . CC JJ NNS MD RB VB VBN . DT RB VBN NN , RB , VBZ RB RB IN NNS CC NNS , CC IN NNS . NNS IN NNP , CD , DT NN IN CD , WP VBD NNP RB TO VB PRP$ JJ NN IN PRP VBP NN IN NNS WP VBP NNS . NNP VBZ DT NN NN IN DT JJ NN IN NNP NNP , WRB DT NNP IN NNP NNP VBZ VBN . DT NN IN PRP VBD NN WDT DT NNP HYPH CD NN VBD VBG NN IN DT NN , PRP VBD RP . PRP VBZ CD IN CD JJ NNS IN DT NN IN NNP NNPS , DT JJ NN NN IN NNP WDT VBZ CD IN CD JJ NNS IN DT NN `` NN '' RB IN JJ NN , VBG IN DT NNP NNP NNP . `` NN '' NNS VBP DT IN JJ , JJ JJ NN NNS , WDT VBP VBG VBN IN PRP$ NN IN NN CC VBP PRP$ NN , NN CC NN -LRB- CC NN TO VB DT JJ NN -RRB- VBN . IN RB , NNP VBD , PRP$ NN VBD JJ . `` PRP RB VBD PRP VBP VBG TO VB PRP , '' PRP VBD . `` PRP VBD IN DT JJ NN IN NN NNS CC PRP NN IN VBD VBG . PRP VBD RB VB TO VB PRP . '' EX VBZ DT NN WRB : CC RB IN : DT NN MD VB DT JJ NN . `` EX VBP DT NNS IN DT JJ CC JJ NN MD VB VBN IN DT NN , '' VBD NNP NNP , NN IN NNS IN DT NNP NNP , DT NN NN VBN IN NNP . `` CC TO VB PRP DT JJS NN IN NN , PRP VBP TO VB IN DT RB JJ NN , '' PRP VBD . `` NNS , NNS CC NN IN DT NN MD VB RB TO VB NNS CC VB NN CC NN . PRP VBP VBG IN DT NN , RB DT JJ . '' EX VBP RB JJR IN CD JJ NN HYPH CD NNS IN NN CC NN RB . IN DT , EX VBP CD NN NNS RB VBN IN DT NNP NNP IN JJ TO VB DT JJ NN . IN NN IN NNP NNP : DT NNP NNP VBZ IN NNP IN CD NN CD NN NNP IN NNP . JJ NN CC NN , NNP NNP VBZ , MD VB JJ NNS DT NN WDT PRP CC PRP$ NNS VBP VBN . PRP VBD CD IN DT NNS IN JJ NNS WP VBD DT NN IN NNP HYPH CD IN PRP$ JJ NNS . DT JJ NN NNS , DT NN . WRB NNP NNP , DT JJ NN JJ NN NN , VBD JJ , NNP NNP VBD VBG PRP$ NN IN DT NN . NNP NNP NNP NNP VBD DT NN `` DT NN '' IN DT NN IN DT NN IN NNP CD . DT NN VBD RB CD NN IN NN NNS RB , CC EX VBD JJ NNS IN NN NNS TO VB PRP$ NN . CC EX VBD JJ IN DT NN IN NN JJ . `` PRP VBD NN CC NN PRP MD VB IN TO VB TO VB PRP WP EX VBD , '' NNP VBD . IN DT NN IN NNP NNP RB VBD JJ , PRP$ NN RB VBD . PRP$ NN VBD PRP IN DT JJS NN NN , IN NNP NNP NNP NNP . PRP VBD PRP IN DT NN , VBD PRP RP CC VBD PRP$ NN . PRP VBD JJR , RB JJ , RB , TO VB PRP$ NN . IN PRP$ JJ NN RB , NNP VBD PRP$ NN VB DT NNS IN PRP VBD PRP . `` DT VBD DT JJ PRP VBD , '' PRP VBD . IN NNP CD , PRP VBD IN DT NN , JJ . CD NNS RBR , IN NNP CD , PRP VBD . NNP VBD TO VB PRP$ NNS , CC VBD DT NNS WP VBD VBN NN IN PRP . `` PRP VBD VBN , RB , VBG CC JJ , '' PRP VBD , PRP$ NN VBG . WRB DT NN VBD TO VB PRP$ NN TO VB , NNP CC NNP VBD IN IN DT NN . `` PRP MD RB RB VB DT NN IN DT NN , '' NNP VBD . `` PRP VBD PRP PRP VBD CD NNS WDT NN . '' RB , PRP VBZ IN IN NN VBZ VBG RB . NNP NNP POS NNS VBP VBN NNS IN DT NN NNS IN NNP NNP NNP NNP NNP , WRB PRP VBD NNP . IN DT NNS , EX VBP NN NNS VBN IN DT NN NN . `` JJ NNP NNP , '' DT NNS VBD , `` PRP VBP PRP VBD RB RB IN PRP . ''"
528,1330,mainstream,"WRB PRP VBZ IN DT NN TO VB DT NN IN DT NN , EX VBZ JJ NN IN DT TO VB DT JJ JJ NN . RB , IN DT IN PRP IN NNP WP VBP IN WP MD VB VBN IN DT `` JJ NN POS NN '' NN RB VBZ DT JJ NN POS NN NN JJR IN NN , EX VBZ RB JJ NN IN NN . IN DT NN IN DT JJ CC JJ NNS IN PRP MD VB IN DT NN IN DT JJ NN , PRP MD TO RB VB IN PRP VBZ IN PRP$ JJ NN TO VB DT NN IN DT RBR JJ NN NN TO VB DT NN RB . DT VBZ RB TO RB VB IN DT NN IN VBG IN PRP$ NN , NNP , DT JJ NN NN TO VB VBN IN NNS RB VBZ IN VBG NNS IN JJ NN . CD JJ NNS VBG IN NNS CD IN CD VBN CC DT NN VBZ TO VB JJ CC JJ TO VB DT JJ NN IN DT NN , VBN IN JJ NNS . IN NN , RB IN DT NN VBD RB VBN JJ , PRP VBP RB , RB RB RB IN DT NN VBG VBN RB JJ IN NNP . EX VBZ JJR NN TO VB VBN , CD NNS VBP RB RB RB RB . CC RB IN NN VBD RB , PRP MD RB VB DT NN TO VB JJ IN DT NN TO VB VBN RB JJ IN DT JJ JJ NN , WDT VBZ CD CD . RB , DT NN VBZ VBN NNP NNP , NNP POS NNS VBN RP NN IN PRP$ JJ NN . RB RBR JJ IN NNS : CC IN DT NN : VBZ DT NN IN NNS IN NNS CC NNS VBP VBG IN PRP$ JJ JJ NNS . IN DT , JJ VBP RB VBG JJ NNS IN JJ NNS : NNP IN IN PRP$ JJ NN NNP , DT JJ NN NNP , CC DT NNP IN NNP IN NN IN NNP , IN NNS . DT NN IN PRP$ JJ NNPS , CC IN PRP VBP RB DT NN IN NNP NNP CC VBG NNS IN NN , PRP VBP VBG PRP$ NN IN DT JJ NNS RB IN NNP NNP TO VB DT NN RB . PRP VBP PRP$ JJ NNPS , CC PRP VBP PRP$ NN NN . DT JJ NNS WP VBP TO VB PRP VBP DT WP VBP IN PRP . WP VBZ PRP CC JJ NNS JJ IN DT JJ NN NN VBZ IN PRP VBP DT JJ NN NN VBZ RB RB RB DT NN NN IN PRP VBZ DT NN NN NN . NN MD RB VB VBN IN NN CC PRP VBZ TO NN HYPH JJ NN : CD IN DT NNS VBG IN NNPS VBG RP CD IN CD NN NNS . CC PRP VBP IN DT NN VBZ RB VB DT NNS TO VB IN NN , DT NN MD RB VB PRP VB . RB JJ NNS VBP RB VBG RB IN DT JJ NN NN VBZ VBN TO VB PRP . WRB MD PRP VB NN IN DT NN IN PRP$ NN NN , RB RBR DT JJ NN , TO VB DT JJ NN . CC UH , PRP VBP RB VBG JJ : PRP MD RB VB DT NN CC NN PRP VBP NN : CC NN IN PRP MD VB PRP IN WRB NN VBZ . TO VB , PRP VBP DT JJ JJ NN RB JJ IN DT NN IN JJ JJ JJ CC NNP NN NNS VBP VBG IN NNS IN NNP VBP RB RB JJ . DT NN MD VB DT JJ IN DT JJ NNS VBG RP RB RB JJ IN DT NN NNS IN NNS VBN RBR RB IN PRP$ NN IN JJ NN . PRP MD VB TO VB DT JJ NN NN MD VB JJR IN DT , CC PRP MD RB VB DT NN IN DT NN CC NN . PRP VBP TO VB IN DT NNS WP VBP DT NN NN WDT VBZ IN DT , RB IN WP MD VB PRP . DT NN MD VB VBG PRP TO VB RBR JJ CC JJ , CC IN DT NN NN NN , PRP VBP NN IN NN . IN PRP VBP IN PDT DT NNS PRP VBD VBN IN NNP IN NN NN , DT VBZ VBN TO VB PRP$ NN IN NN RB ."
529,1120,conspiracy,"PRP VBP VBN JJ IN DT JJ NNS IN DT NN NN . RB PRP VBP TO VB JJ JJ NNS , WDT VBP IN DT NNS CC DT NNS . JJ NN NNS RB VBP IN NNS IN VBN NN NNS MD RB VB VBN . CC DT NN PRP VBP VBZ JJ CC JJ . DT NNP VBZ : `` DT NN MD RB VB VBN WRB DT NN VBZ JJ , IN NN , NNP NN MD RB VB VBN IN RB JJ NNS . RB JJ NNS RB MD RB VB JJ NNS : '' DT NN IN VBN HYPH NN NNS . DT NN IN DT NNS IN NN NNS , JJ IN NN CC NN . CC EX VBP JJR NNS . VBG IN JJ NN NN , DT NN IN DT NN VBZ DT NN NN TO VB DT NN : CC DT VBZ DT JJ NN , VBG DT NN NN TO VB RB , RBR , WRB DT JJ NN VBZ RB . CC IN DT NN IN DT NN VBZ DT JJ NN WDT VBZ RB VBN , WRB MD DT `` NNS '' VB DT NN MD VB RB . DT NN POS NN NNS MD VB RB . DT NN NN NNS MD VB TO VB RP PRP$ NN IN VBG RP DT NN HYPH NNS IN DT NN . TO VB DT JJ NN , VBG NNS IN VBN NN NNS VBZ IN VBG RBR JJ NN IN DT NN TO VB PRP$ NN , WRB IN NN DT NN POS NN VBZ RB JJ . JJR RB , VBG DT NN WP$ JJ NN VBZ JJ MD VB PRP$ NN POS NNS IN VBN NNS CC NNS , VBG JJ NNS IN NN . DT NN MD VB DT JJ NN : CC DT NN MD VB DT NN . DT JJ . RB VB DT JJ CD NNS VBG DT JJ NN NN . VBP PRP RB VB NNS VBP VBG TO VB NN VBG RP PDT DT NNS , TO VB WP$ JJ NNS VBP RB JJ , CC VBG PRP RP IN DT NN HYPH RB HYPH VB NN . IN NN PRP MD RB . DT JJ NN NN -LRB- IN NN , IN NNP -RRB- VBZ VBN DT JJ IN DT JJ : CC NN IN DT NNS VBD DT NNS VBN IN DT NN NN . IN DT NNP NN , NNS VBP VBG TO VB VBG IN NNS . CC WRB PRP VBP , JJ NN NNS MD VB DT NN HYPH VBN NN IN VBG PRP `` JJ NNS VBG IN NN NN . '' RB , PRP VBP VBG IN DT JJ NN . CD JJ NNS VBP IN DT NNP NN NN IN PRP VBP : NN CC NN NNS . PRP VBP RB VBN VBN IN JJ NN . NN NN VBZ RB NN NN . NNS VBP VBN IN DT NN , CC PRP RB VBP DT JJ NN IN DT NN IN JJ NNS . NN NNS MD VB DT NN IN VBG JJ NNS , VBG DT NN RB VBZ IN NN IN PRP . JJ NNS VBP JJ CC JJ IN VBG DT NN NN IN NN , CC PRP VBP TO VB PRP VBN . IN PRP$ JJ NN , DT VBN NN MD VB DT NN NN , VBG PRP TO VB RB RP IN DT NN , IN NN . DT JJ MD VB DT RBR JJ NN . IN DT NN , DT JJ `` NN NN '' VBZ DT NN VBN IN DT NN IN DT NN . RB , PRP VBZ VBN RP IN DT VBN NN IN VBN NN , CC DT JJ JJR HYPH NN JJ NN , VBG NN NN . `` VB DT JJ , DT NNS CC DT NNS , DT JJ . VB PRP IN DT NNS . RB IN DT NNS -LRB- DT NNS IN JJ NNS -RRB- MD PRP VB NN CC NN . '' DT NN VBZ RB JJ IN DT NNS . RB CC RB , DT NNS VBG PRP VBP DT NNS VBG NN . TO VB PDT PRP$ NNS IN DT JJ NN :"
530,985,mainstream,"NNS , DT JJ NN , DT NN NN , CC NNS VBP VBN VBN TO VB RP NN NN IN DT JJ NN , '' CC TO VB IN PRP TO VB NNS IN DT NN NNS PRP VBP '' , VBD NNP NN NNP NNP . `` VBG DT NN VBZ DT JJ NN IN VBG NNS , IN NN NNS IN CD IN CD NN NN IN JJ CC NN NNS RB RBR JJ , '' PRP VBD . `` NNS IN JJ NNS MD VB TO VB DT JJR NNS , VBG NNS JJ IN NN HYPH JJ NNS JJ IN NNS CC NN . '' JJ NN , NNP VBD JJR IN CD CD NNS IN NNS IN CD NNS , TO VB RB NN IN DT NN POS IN HYPH NNS . CC IN JJ NNP , EX VBZ VBN DT CD IN CD NN NN NN IN NNS . NNS IN NNS VBP RB IN NN IN VBG IN IN NNS VBG IN JJS CD NNS WDT VBD NNS NNS IN CD . PRP VBP DT NNP NNP IN DT NNP : DT NN VBG PRP$ JJS RB NNP NN : WRB NNS VBD JJR IN CD NNS JJ NN . DT CD NNS JJS IN NN VBP NNP , NNP , NNP , NNP , NNP CC NNP NNPS . IN NN IN NNP NNP NNP , VBG IN NNP , DT NNP NNP NNP -LRB- NNP -RRB- VBD IN DT NN IN RB JJR JJ NNS NNS , IN NN IN DT JJR NN IN JJ NN NN NNS . JJS NNS VBZ IN DT NN IN NNS NNS RB JJ NN VBD JJ IN DT NNS . IN JJ NNS NN NNS VBP IN DT NN IN NN , `` PRP MD VB RB JJR NNS IN DT NN IN PRP VBD JJ NN , DT RB JJR NN IN NNS CC RB JJR NN IN NNS , '' VBD NNP NNP NNP , NNP IN DT NNP , NNPS CC NNPS NNP IN NNP . VB RB IN PRP$ IN HYPH NN NN IN DT NN IN VBG DT NNS IN DT NN : VBG DT NN HYPH CD NN , JJS NNS VBP VBN JJ NN IN VBG IN NNS VBP VBN IN JJ NNS . IN CD , CD NN NN IN NNS IN DT NN IN CD RB VBD VBN IN CD NNS IN NN , NN CC NN -LRB- NN -RRB- , VBG IN NNP . NNS RB VBD CD NN IN DT NN NN , IN IN CD NN NN IN CD CC CD NN NN IN CD . DT NN IN NNS VBN IN NN VBZ VBN VBN IN CD NN NN RB , DT NNP NN NN VBD IN DT NN . DT NNS MD VB VBN IN DT CD RB JJ NNS , NNP VBZ , IN IN DT JJ NNS IN NN , NN CC NN . `` DT NN MD VB DT NN WDT PRP VBP CC VB DT NNS IN NN TO VB PRP DT JJS NN JJ , '' VBD NNP NNP . JJ NNS VBP RB VBN IN NNS IN DT NN WRB JJ NN VBZ JJ , CC DT NNS RB VBP IN NN VBG DT NN VBN NNP . DT NN IN DT NN MD RB VB DT NN NN IN JJ NN , NNP NNP VBD NNP NNP ."
531,1057,conspiracy,"DT NNP VBZ VBN VBG DT NNS IN NN CC JJ NNS IN DT RB JJ NN . IN DT NN IN DT NNP VBD DT CD NN NN TO VB JJ IN DT NN VBN NN IN NNS IN DT NN VBD VBN IN CD , PRP RB VBZ IN IN DT JJ NN IN CD NN IN NN NNS . DT NN NN NN VBZ RB VBN NNP NNS WDT VBP RB JJ NNS IN NN VBN IN DT NN NN , NN DT NNP VBZ RB IN VBN IN PRP$ RB JJ NN . IN RB CD NNS , NNP NNP VBZ VBN VBG IN NNS WDT MD VB VBN IN JJ NNS IN DT NNS IN NN NN CC NNP -LRB- NNP -RRB- . PRP JJR IN DT CD NN IN NNS NN -LRB- NNP -RRB- NNS VBP VBN IN JJ NN IN DT NN NN NNP , WDT VBZ TO VB VBN IN DT NN NN DT VBZ VBN IN JJ NNS CC NNS , MD VB NN CC JJ JJ NNS . NNP NNP , DT NN NN , VBD IN NNS IN NNP TO VB DT NN IN DT NNP IN DT NNS VBD IN PRP$ VBG JJ HYPH VBN NNS IN DT NNP , DT NN IN DT VBZ JJ . VBG IN NNP , DT NNS IN RB CD CD NNS VBN IN CD CC CD , WDT VBD IN VBN IN NNP NN NNP NNP , NNP , '' VBZ RB IN IN CD , NNP NNS VBD JJ RB IN DT RB JJ NN IN NN , JJ NN NN CC NN NN VBN IN NNP NN . '' RB , NN VBZ DT NN HYPH VBG NN WDT MD VB DT VBN JJ NN , NN , NN CC NN HYPH NN NN IN NNS IN CD NN HYPH IN NN IN HYPH CD , CC DT NN IN WDT DT JJ NNS MD VB DT JJ NN NN . PRP VBZ RB DT VBN JJ CC JJ NN IN RP DT VBN RP RB JJ NN IN NN IN JJ NNS . IN NNP , CD , DT NNP NNP VBD DT NNS CC NNP NN NNP NNP , VBG DT NN IN NN NN IN NNP HYPH VBN NN . DT NN VBD DT RB JJ NNS IN NN IN NNS . IN NNP CD , JJ HYPH NN NNS VBD IN NN MD VB VBN IN IN NNS . DT NNP , NNP NNP IN NNP , CC NNP VBD IN DT NN VBD RB JJ . PRP VBD IN DT NN NNS TO VB RP NN IN NNS . DT NNS VBD VBN IN VBG NN NNS CC VBD DT NN RB . DT NNP VBZ RB VB NNS WDT VBP RB JJR IN CD NN IN DT NN TO VB VBN IN DT NN , RB DT NN JJR NNS MD VB NN CC NNS MD RB VB . VBN NN IN NNP IN DT NNS IN DT NNP VBP DT NN IN VBD VBN RB VBN IN DT NNP IN CD , EX VBD DT NN IN NN RB NNP NNP IN DT NNP VBD VBN IN DT RB JJ CD HYPH NN VBN JJ NN IN NN IN NN IN NNP IN NN . CC RB , JJ NN VBZ . DT RB HYPH VBN NN IN CD VBN , `` VBD NN IN JJ JJ NN IN JJ NN IN NNP VBG NN IN JJ NN IN NNS '' VBD DT NN IN NN NNP NNS JJ IN PRP$ NN IN DT NNP NNP NNP -LRB- NNP -RRB- NN . NNP , WDT VBZ CD NN NN IN VBG NN , VBD VBN IN JJS JJ NN NNS CC IN DT NNP NN IN JJ NNS JJ IN DT JJ NNS . DT NNP VBZ EX MD VB `` DT NN IN NNP HYPH VBG NNS CC NN NNS IN NNS , '' IN DT NN IN DT NNS IN DT NNP POS RB JJ NN NN NNP -LRB- NNP -RRB- NN VBZ DT RB JJ NN . EX VBP DT NN IN JJ NNS TO VB RB DT RP , VBG IN DT JJ NN IN NNP CD , CD . DT NNP POS NN TO VBN NN POS NNS VBZ VBN IN NNS IN DT VBN NN IN NNP NNP NNP , NN IN DT NNP , NNP HYPH VBN NNP NN NN IN NNP . VBG NN , PRP VBD IN CD , `` PRP VBP RB RB VBG TO VB RB RP IN PRP -LRB- NN -RRB- VBZ DT JJ NN NN : '' RB IN NN , DT JJ NN IN DT NNP , WDT VBZ $ CD CD NN IN NNS RB , VBZ RB NN IN NNP POS NN NN . JJ NNS IN NNP RB VBN IN NNS IN JJ NN EX VBP NNS IN JJ NNS CC NNS IN DT JJ NNS IN NN , JJ IN JJ NNS CC JJ NN NNS . NNP , VBZ VBN -LRB- VBN -RRB- IN DT JJ CC `` JJ '' NN . IN WDT IN NN , DT JJ NN VBZ VBN -LRB- VBN -RRB- IN DT JJ JJ , JJ HYPH NN NN HYPH JJ , `` JJ '' NN WDT VBZ VBN IN JJ NN . `` NN '' NN VBZ DT NN RP NN IN NN NN . NN NN NNS VBP IN DT JJ NN IN NN IN DT JJ CC NN NN VBZ IN DT NN , NN IN DT JJ NN IN DT RBR JJ `` JJ '' NN WDT VBZ NN HYPH JJ , CC JJ HYPH NN HYPH JJ . RB , DT DT VBG NN -LRB- NN -RRB- CC PRP$ NN , NN , JJ NN VBP VBN . VBN RB IN VBN NNS IN VBG NNP NNP NNP , DT JJ NN IN JJ NN VBZ DT NN IN NNP -LRB- NNP -RRB- IN `` NN '' IN WDT DT IN NN NN IN `` NN '' IN JJ NN . NNP MD VB NNP NNP POS JJ NN IN DT NN : `` PRP VBP TO VB JJ IN DT CC JJ NN IN NNP NN VBP VBN IN NNP CC DT JJ NN RB JJ IN JJ . NN VBZ IN DT NN . NNS POS NNS VBP IN NN . '' DT NN IN DT NN NN VBZ VBN DT NNS JJ IN NN IN DT IN NN HYPH NN NNS VB DT NN NN IN NNP . NNP NNP VBZ IN NN , `` JJ PRP$ JJ JJ NN : NNS POS NNS , '' VBP TO VB RB . `` PRP$ VBN NNS MD VB VBN IN NNS NN WDT VBZ NNS CC NNS IN DT JJ RB NN NNS . '' VBG DT NN WDT VBZ JJ PRP$ NN IN NN DT JJ NN , NNP NNP VBD , `` PRP VBZ NNS JJ IN NNPS VBD DT NN NN IN PRP$ NNS , VBZ VBG NN NN IN PRP$ NNS CC VBZ RB RBR VBN DT JJ NN IN NNP . '' NNP NNP , NN , NNP , VBZ CD NNS VB IN DT NN IN NN CC VBZ DT NN NN IN NNP NN IN WDT PRP VBZ DT NN IN NN CC NN . PRP$ RB CD NN CC NN NNS VBD VBN IN IN DT NN VBN , NN HYPH VBN NNS . NNP NNP VBZ DT NN , JJ CD , WP VBD RB CC RB VBD IN NN IN VBG NNP HYPH VBG NNS . NN : PRP IN NN IN NN -LRB- NNP -RRB- VBP PRP NN WDT VBZ RB VBN IN DT JJ NN , CC RB MD VB JJ . DT NNS , NNS , NNS , CC , CC NN PRP VBP VBP RB RB VBN , VBN , VBN , CC VBN TO IN VB IN NNP , PRP$ NN NN , NNS , DT WP VBP IN NNP , CC DT WP VBP PRP$ NN . RB , PRP VBP RB JJ . UH VB NN . VB JJ NN , PRP$ JJ NN CC PRP$ JJ NN IN NNP , NNP CC JJ NNPS TO VB PRP VB WP VBZ JJ CC WP VBZ RB . IN VBG NN CC VBG NN , PRP VBZ PRP$ NN TO VB NN CC NN IN JJR NNS TO VB PRP IN NN IN DT NN IN DT NN NN ."
532,495,mainstream,"DT NNP IN NNP HYPH CD MD VB NNS TO VB RP RB NNS TO VB DT NN VBP `` JJ '' TO VB DT NN , DT JJ NN VBZ VBN . NNP NNP NNP , NN IN DT NNP NNP POS NNP HYPH CD NNP NNP NN IN JJ NNS , VBZ VBN DT NNS IN DT VBG DT NN TO VB NN HYPH VBN DT NN . NFP VB PRP$ NN JJ NN IN DT JJS NN CC NNS PRP VBD IN RB IN DT NN VBD VBN CC VBN JJ DT NN , PRP MD VB JJ NNS TO VB RP NN NN . DT JJ NN VBD DT NN IN JJ NN IN DT NN VBZ IN DT JJ NN TO VB IN JJ JJ CC JJ NNS IN DT NN . DT VBZ IN NN NNS VBP VBN TO VB NNS IN NN . JJ JJ NN NNP VBD PRP VBD TO VB NNS IN NNS IN PRP$ NN NN , WDT VBZ RB VBN IN NNP NNP , IN NNP . NNS IN DT NNP VBP VBG TO VB RP NNS IN NNS IN NNS IN NNS PRP VBP MD VB NNP HYPH CD NNS IN VBG RB JJ . CC NNP NNP VBD PRP IN DT `` JJ NN '' CC VBD IN JJS NNS MD RB VB JJ TO VB VBN IN DT NN IN `` JJ NNS . '' PRP VBD IN `` RB IN DT NN VBZ IN DT NN IN DT NN , '' PRP MD VB `` DT NN IN NNS '' TO VB DT NN IN DT NN . PRP VBZ VBN VBN IN DT NN MD VB RB CD CD NNS TO VB DT NN . VBG IN DT NN IN VBG DT NN IN NN , NNP NNP VBD : `` VB PRP RB VB EX VBZ JJ NN RB CC IN DT NN VBZ IN IN NN CC NN NN VBZ RP JJ NN , VB PRP VB WP VBZ . `` PRP MD VB VBG JJ CC JJ NNS IN NN CC NN . '' NNS IN NN VBP NN , WDT VBZ VBN IN NN NN , IN NNS RB VBG VBN IN NNS VBG NN NNS , DT NNP NNS . PRP VBZ NNS IN NNP NNP NNP NNS IN NN , DT NN VBN IN NNP NNP NNP IN DT NN , VBD VBN . JJ NN VBD DT NN MD VB DT NN IN NN IN NNP HYPH CD NNS . DT NN VBN IN DT NNP IN NNP VBD DT NN CC DT NN IN DT NN , NNS CC NNS IN DT NN NN , WDT VBZ NN CC NN IN NN , VBP VBG RB IN JJ NNS . JJ NN NN NNP NNP VBD NNS VBP VBG IN DT NN WDT MD `` VB DT NN IN DT NN , VB PRP$ NN CC VB NNS VBG IN DT JJ NN NN '' . CC IN NNS IN NN VBG IN DT NNP , NNS MD VB JJ NNS RB RB IN JJ . `` EX VBP JJ , RB JJ NNS IN PRP VBP NNS IN , '' PRP VBD . `` PRP VBP VBG RB TO VB RB CD NNS IN DT NN IN DT NN . '' DT NNS MD VB VBN IN NNS VBG NNP NNP POS , WRB NNP NNP VBD VBN IN VBG JJ IN NNP HYPH CD , CC NNP POS IN NNP . IN DT NNP RB VBD PRP VBD VBN NNS IN DT JJ NN . PRP MD RB VB VBN IN NNS IN NNS IN NNP , NNP , NNP , NNP CC NNP . DT NNS VBD VBN IN DT NN IN CD JJ NNS CC IN PRP VBP RB VB IN NNP HYPH CD , DT NN MD RB VB VBN IN NNS . MD DT NNS VB JJ NNS , PRP MD VB IN DT JJR HYPH NN JJ NN NN VBG VBN IN NNP NNP ."
533,703,mainstream,"RB VBG TO VB VBN RB IN DT NNP HYPH CD NN NN , NNP VBZ VBG RP PRP$ NNS TO VB NNS MD DT NNS VB JJ CC JJ . RB IN DT NNS IN NN IN DT NNP VBZ VBN NN NNS IN JJ HYPH NN , NNP VBZ VBG NNS IN JJ NNS IN JJ NN , NNP VBZ . DT NNP NNP VBZ VBN NN NNS IN DT NN TO VB NN CC NN NNS IN NNS , DT NN NN VBZ , VBG DT JJ NN . DT NNP VBZ VBN TO VB JJR NN IN DT NN JJ NN , VBG IN DT NN . DT JJ NNS VBP VBN VBN , CC IN DT NN VBD VBN , NNP MD VB PRP$ NN IN DT NNP '' NNP NNP NNP CC NNP NNP , DT NN VBZ . DT NN VBZ VBN RP NNS IN NNS IN NNS IN VBG NN HYPH CD NNS , NNS CC NNS IN NN IN NN IN DT NNS VBP . NNP JJ NN VBD DT $ CD CD NN IN NNP , WDT VBZ VBG DT VBG NN IN DT NNP IN NNP . DT NNP NNP VBZ RB VBG IN DT JJ NN NN HYPH NN , NNP VBZ . JJ : NNP VBZ $ CD IN NNP , VBZ RP TO VB NNS IN NNS IN NN HYPH CD NNS RB , CD NNS IN NNP VBP VBG RP IN PRP$ JJ NN NN . NNP , NNP , DT NNPS CC NNP VBP VBN DT `` NNP NNP NNP '' IN DT NN IN VBG DT NN '' IN JJ NN , '' NNP NNP NNP VBZ . DT NNS VBP IN NNS IN NN NNS CC `` VBP VBN IN DT JJ NN VBZ DT JJ NN CC NNS , '' DT NNP NNP NNP VBD IN DT NN VBN IN NNP . DT NNS VBP IN NNP NN NNP NNP VBD IN NNP MD VB RB IN DT NNP HYPH CD NN NN . IN DT NNP NN , PRP VBD DT NNP MD VB NN NNS IN NNP POS NN NN IN NNP POS JJ NN , VBG RP DT NN . RB RB , NNP NN NNP NNP VBD DT NN MD RB VB NNS IN PRP$ JJ NN NN . JJ : NNP NN : NN NN VBZ NNP JJ NN IN NN NN RB , RB CD NNS IN DT NN , CD NNS VBP IN JJ NNS CC JJR IN CD VBP IN JJ NN , VBG IN DT NNP NNP NNP . DT NN , DT NNP VBD PRP$ CD NNS IN `` NNP NNP NNP , '' WDT VBZ TO VB NNS IN NNPS IN DT NN IN DT NN . DT NN NNS VBP IN NNP , NNP , NNP CC NNP , NNP CC NNP ."
534,760,conspiracy,"PRP VBZ JJ . JJ . PRP VBZ VBG RB . PRP VBZ VBG TO VB PRP DT . PRP VBP TO VB JJ NNS TO VB PRP . NN . UH , JJ . NN . CC PRP VBZ RB PRP VBG DT NN . VB RP WP DT NN NNS CC NN NNS VBP IN NN IN NN , CC WRB PRP VBZ VBN IN DT JJ NN NN IN DT NN POS NN IN NN NNP . VB NNS WRB DT NNP NNP VBZ VBG DT NN IN JJ NNS IN NN RBR JJ WP MD VB IN DT NN VBD IN NN NN IN PRP VBZ VBG IN DT NN . NN VBZ IN NN IN NN NNS : MD PRP VB . NFP NNP NNP"
535,1278,mainstream,"NN NNS VBD IN DT NNS IN DT NNP IN NNP IN NNS IN DT NN NN VBZ IN NN . NNS CC NN NNS VBD DT NN IN NNP NN NN NNP VBD JJ NNS IN JJ NNS IN DT JJ NN WDT VBD NNS IN VBG DT JJ NN NN IN NNS . DT NNS , IN DT JJ NN IN NNS , VBD NN IN DT NN MD VB VBN WDT VBZ DT NN IN VBG . NNP POS NNS '' MD RB VB VBN JJR '' , JJ NNP NNP VBD , CC DT NN VBZ RB VBG TO VB DT JJR NN : RB NNS IN NNS . NNS IN NNP VBD IN DT NN IN NNP NNP IN DT NNP NNP NNP NNP VBD JJR IN CD NNS , CC CD NN , IN DT NNP CD VBD CD NN CC DT NN HYPH JJ NNP CD NN IN NNP DT NNP CD VBD RB JJR , VBG RB CD NNS TO VB CD NN JJR IN CD NNS . EX VBD JJ HYPH NN NNS IN CD NNS VBG NNP , CC NNP NNPS NNP , NN NN NN NNP CC NNP NNPS NN NNP ."
536,129,conspiracy,"DT NNP NNP VBZ DT JJ NN IN DT NNP NNP IN DT JJ NN IN DT NNP NNPS . DT JJ NN VBN IN DT NNP NN , NNP , CC DT NNP NNPS VBZ RB VBN JJR IN CD NNS CC CD NNS , VBG DT NN . JJ NNS DT NNS VBP DT JJ HYPH VBN NN NN NNP NNP WDT VBD IN DT NNP NNP NNS IN NNP CD . CC PRP VBD JJ NN IN PRP$ NN IN EX VBD DT NNS CC DT NN VBD RB VBN . JJ NNS IN DT NNP NNP VBD VBN VBN IN DT NNS . NNS VBD VBN VBN IN DT NN RB -LRB- CC JJ NNS -RRB- CC DT NN IN NN . IN JJ NNS , NNS VBD JJ TO VB DT NN NN CC VBD VBN IN DT NN NN VBD . RB , DT NN NNS VBD , RB . DT NNPS VBD JJ , VBG CD NNS JJ -LRB- DT JJ NN NN VBZ CD NNS IN NN NNS -RRB- CC CD NNS RB . DT NN , IN PRP VBD VBN , VBD VBN TO VB NN . JJ IN VBG CD NNS IN NN , DT NN MD VB CD NNS -LRB- CD NNS -RRB- . DT NNS IN DT NN MD VB CD HYPH NN NNS IN NN -LRB- JJ JJ NN -RRB- IN NNS . JJ NN NNS MD VB RP CD NNS IN NN IN DT NN . DT NNP VBD VBN IN NNP CD CC CD NN : TO VB NN IN DT JJ NN . DT JJ NN IN DT VBG NN NN -LRB- IN CD NN VBD PRP -RRB- VBD VBN JJ HYPH NN . NNP VBZ VBN IN NN HYPH VBN NN VBN NN CC NNS IN NN RB VBD IN DT NN , IN IN PDT DT JJ NNS NNS VBP , IN NN IN NN NN . IN DT NN NNS VBD RP DT NN NNS CC VBD IN NNP , NNP IN CD , DT NN NN NN VBD RB IN DT NNP NNP IN NNP NNS IN NNP , NNP , CC NNP NNP TO VB RP PRP$ NNS . DT NNP NNPS VBD NNP NNP CD IN NNP CD CC VBD DT NNP IN CD HYPH NN NNS TO VB PRP$ NN VBG NNS CC JJ NNS IN DT NNP NNP NNP IN NNP HYPH NNP IN NN HYPH VBN NNP . NNS IN VBG DT NN , DT NN VBD RP JJR IN CD NNS IN NN NN IN NNP . DT NN VBD JJ IN VBG NN NN WDT VBZ RBR JJ CC JJR IN NN . DT NN VBD NNP NNP NNP IN NNP CD , CD , CC VBD IN NNP IN NNP CD . DT NN NN VBN IN NNP , NNP , VBD JJ NNS IN DT NN WDT VBD VBG IN RB CD IN PRP$ CD NNS , VBG RB IN DT NN IN IN DT RB JJ NN , CC VBG JJ IN DT NN . NNP NNP VBD DT NN IN PRP$ NNS IN DT NN NN VBD DT VBN NN CC VBD RB JJ . DT NNP POS NN VBD TO VB NNS IN DT NN VBD RB . CD NNS RBR , DT NNPS IN CD NN NNS VBD IN DT NNS IN NNP IN DT VBN NNS . RB , DT NN VBD VB DT JJ NN IN NNP IN NNP CD . NNP NNP VBD DT NN IN NNP NN NNP NNP CC DT NNP VBD RP JJ NN . IN DT NN , NNS IN NNP VBD DT NNPS VBD VBN , VBN IN NN VBD IN DT NNP NN . IN NNP CD , CD , VBG VBN RP JJ NNS IN CD NNS IN NN , DT NNP VBD PRP$ VBN NN IN DT NNP NNP , NN NNP . DT NN NN VBD RB VBN IN RB CC VBD IN DT NN IN NN VBD JJ . DT NN VBD DT JJ NN IN DT JJ NN NN : `` NN NNS VBD DT NN NNS , VBD DT NNS , VBD JJ NNS . NNS VBD DT VBN NN NN IN NN , CC NN : DT NN , DT NN , RB RB DT NN JJ . RB IN DT NNP NNP , DT NN VBD VBN . '' DT CD NN NNS IN DT JJ HYPH VBN NNP VBD VBN VBN IN NN . DT JJ NN VBD VBN IN JJ NNP NNP NNP NNP WP VBD RB VBG PRP$ NN IN NNP NNP NNP . DT JJ NN IN DT VBN NNP VBZ DT JJS NN IN NN JJ IN NN IN DT NNS IN NNP JJ NN . NNS VBD TO VB DT JJ . DT NN NN VBD VBN DT NN CC VBZ JJ NNS WDT VBD DT NNS RB . NN NN NN HYPH NNS VBN IN NNS : CC DT NN VBD RB VBN . JJ NNS MD VB VBN DT NNP CC NN VBD VBN CC DT NN NN VBD VBN . CD NN WDT VBD DT NNS VBD IN JJ NN NNS MD VB VBN DT NN , VBD DT NN IN NNS , CC VBN DT JJ NN IN DT NNP NNP . DT JJ NN IN DT NN VBD IN DT NNPS VBD RB VB JJ NN TO VB DT NNP NNP . JJ NNS VBD RB VBN , VBG VBG NN NNS -LRB- NNS -RRB- , DT NN CC RB DT JJ NN IN NNP NNP . RB , IN NNP CD , CD , CD NNP NN NNS VBD RP IN DT NNP NNP NN IN NNP CC RB VBD . DT NN VBD NN HYPH VBN NNP HYPH CD . IN DT JJ JJ NN VBD `` NNS JJ '' IN DT NN IN DT JJ JJ NN IN NNS CC NNS , NNP HYPH CD VBD VBN IN DT NNP NNP . PRP VBD RB IN DT NNP NNP VBD VBN IN JJ NNS IN CC IN DT NN . DT NN VBZ RB DT NNP NN ."
537,849,mainstream,"IN PRP VBP VBG DT JJ NN IN DT JJ JJ NN , RB DT JJ NN PRP VBP TO VB VBZ NNP NNP : CC IN PRP VBP VBG IN DT JJ JJ NN TO VB IN VBN NN , DT JJ NN PRP MD VB IN VBZ NNP NNP . RB IN DT NN , DT NNP NN NN IN NNP NNP POS NN VBD DT JJS IN DT NNS . JJ NN NNP NNP VBZ VBG JJ NN IN VBG IN NN IN VBG NN NNS IN NN TO VB DT NN , VBG NN HYPH CD NNS IN NN NN NNS CC NN NN NNS IN DT NN . `` NNS VBP VBG IN DT NN . PRP VBP DT , '' DT JJ NN RB VBD IN NNP POS NN . `` CC DT NN IN DT NN VBZ , CD NNS DT NN VBP IN NN NNS , CD IN NNS , CD DT NN IN NN NNS , CC PRP VBP RB VB DT NN RP IN DT . '' IN JJS CD IN DT NNS VBP RB JJ , IN DT NNP NNP NNP , CD NNS IN DT NNP VBD IN NN NNS JJ NN , CC IN DT NNP , EX VBP DT JJ JJR IN CD NN HYPH JJ NN NNS DT NN IN DT NNP NNPS , RB DT IN WDT VBP RB IN NN NNS . NNP NNP -LRB- WP VBZ DT NN IN NN , RB NN -RRB- VBZ IN JJ NN IN VBG PRP$ NN IN DT NN IN JJ NN HYPH JJ NNS HYPH NN HYPH NN HYPH NN HYPH NNS WP VBP VBN JJ , IN RB RB JJ , NNS IN NNP HYPH CD CC JJ NN . RBR DT NN , NNP NNP NNP VBD IN NN IN VBG NNS IN NNP NNP , VBG IN PRP IN `` DT JJ NN '' CC RB VBG DT NNP NN IN VBG `` DT NN IN NNS MD RB VB PRP CD IN CD NN IN NNS IN JJ NN . '' -LRB- DT NNP NN RB VBD IN NN IN JJ NN , VBG IN VBG NNS RB MD VB RB CD IN CD NN IN NN HYPH CD NNS , NNP NNP RBR VBD IN PRP$ NNS , VBG PRP `` VBD . '' -RRB- NNP NNP , RB -LRB- WP VBD RBS RB VBN IN DT NNP NNP -RRB- VBD NNS IN VBG IN NNP HYPH CD VBD RBR JJ IN DT NN , DT JJ NN NN IN DT NN . PRP , RB , VBD IN PRP$ NNS , VBG , `` PRP VBP PRP VBD PRP JJ , CC PRP VBD PRP JJ . '' NNP NNP VBD PRP$ NNS IN DT NNP NNP RB IN NNP NNP NNP , DT JJ NN CC DT NN IN DT NNP NNP IN NNP CC NNP NNPS , VBD IN DT NN TO VB NN IN NNS VBG PRP$ NNS . PRP RB VBD DT NN VBN IN NNP -LRB- VBN IN JJ NNP HYPH CD NNS -RRB- IN JJ JJ NNS , IN NNP , NNP CC NNP , VBP RB VB DT NN CC VBD RB VB DT NN IN NN NNS . `` NN , NN VBZ RB JJ , '' NNP VBD . `` PRP VBP RB VB DT NN IN NN , NN , CC PRP VBP RB JJ NN . NFP NN VBZ DT JJ NN . NNP VBD . PRP VBD DT NN , PRP VBD IN DT NN IN VBG IN DT JJ NNS : CC RB NNP VBD . RB PRP VBP PRP VBZ DT JJ NN JJ RB TO VB WP PRP VBP VBG IN RB IN NN CC NN . PRP VBP RB JJ . '' WRB NNP VBD IN NNP HYPH CD MD RB `` VB , '' IN NNP VBD , NNP VBD , `` DT NN IN NN IN NN IN DT VBZ RB JJ IN NN PRP VBP VBN . PRP VBZ DT RB JJ NN IN VBG IN CD NN IN DT . DT NNS IN NNS VBP RB RB VB . '' IN IN NNP NN , EX VBP JJR IN CD NNS IN NN HYPH CD IN DT NNP NNPS . JJR IN CD NNPS VBP VBN IN IN NNS IN DT NN ."
538,382,conspiracy,"NNP NNP -LRB- NNP -RRB- : NN VBZ JJ TO VB IN PRP VBZ RP IN DT JJ NN , NNS VBP , RB WRB DT NN VBZ VBN TO VB JJ . NN NNS VBP RB VB NN . NNP NNP VBD VBN IN DT NNP NNPS . JJ NN VBZ VBN IN NN . CC RB , JJ NNS VBP NNS IN DT NN . IN DT NN VBG IN DT JJ NN IN NNP NNP IN DT NNP NNP , NNS VBD NNS WDT VBP NNS TO VB VBG NN WDT MD VB IN NN , NN , CC NN CC NNS . `` NN VBZ IN NN CC VBZ TO VB PRP$ NN , RB IN PRP RB VBP IN PRP VBZ JJ , '' VBZ NNP NNP , NN IN NN IN DT NNP IN NNP . `` VBG NN VBZ JJ JJ NN IN DT NN . '' `` IN DT NN VBZ RB RB JJ IN PRP , CC PRP VBP JJ NNS IN PRP$ NN , PRP VBP RBR JJ TO VB NN IN NN . RBS RB , IN DT NN VBZ IN PRP$ JJ NNS , CC VBZ DT JJ NN , PRP VBP RBR JJ TO VB PRP RB IN PRP VBP JJ IN PRP VBZ JJ . '' NNP NNP , DT NN IN DT NNP IN NNP NNP CC DT NN POS JJ NN , VBZ `` DT NN IN NN VBZ RB JJ NNS IN DT NN IN NNS MD VB NNS IN NN WDT , IN DT NN , PRP VBP TO VB JJ . `` IN DT JJ NN , NN IN NN NNS : IN NN , JJ NNS VBG NNS CC JJ NN IN JJ NN : MD VB DT NN IN NN . `` IN DT JJ NN , JJ NN IN JJ NNS -LRB- NNP POS NN NN NN -RRB- MD VB JJ NN . IN DT JJ NN , NN IN NN NN VBZ RB VBG JJ NN . '' NN CC JJ NN NNS MD VB JJ NNS IN VBG JJ NNS . IN NNS TO VB NN , DT NNS VBP DT NN MD VB CC RB VB DT JJ NN . IN NN , NNS TO VB NN RB VB DT JJ NNS RB RBR . DT VBZ IN NNS MD VB DT JJ NN CC RB VB WRB PRP VBZ JJ . IN NN VBZ , NNS VBP DT NNS . WRB PRP RB VBP DT NN RB , PRP VBZ PDT DT RBR JJ CC VBZ RB RBR JJ TO VB VBN , VBZ NNP NNP , NN IN NN CC NN CC DT NN NN IN DT NNP IN NNP NNP . `` TO VB JJ , NNS VBP TO VB NNS WP VBZ JJ IN VBG PDT DT NN WDT VBZ JJ . DT RBR RB NNS VBP DT JJ NN , DT RBR JJ PRP VBP TO VB PRP . '' DT NNS VBP DT NNS IN VBG DT NN RB : NFP VB NNS IN DT NN WDT VBZ DT NN VBN IN JJ NN . NFP VB IN DT NNS PRP VBP TO VB , RB IN DT NNS . NFP VB JJ IN DT NN PRP VBP NNS TO VB RB VBZ JJ CC JJ . NFP VB PRP$ NN CC DT NNS PRP VBP JJ TO VB . NNS IN DT NNP IN NNP VBD DT NN ."
539,1334,mainstream,"NNS IN NNS VBP DT JJ NNS WRB VBG IN TO VB PRP$ NN VBN . DT NN IN NN IN NNS VBZ RB IN JJ CC JJ NN , CC VBG NNS MD RB VB JJ NNS IN JJ NN IN NNS VBZ RB IN JJ NN IN VBN NNS . VBG DT NN POS CD HYPH CC CD HYPH NN HYPH JJ NNS MD VB RB $ CD CD RB , CC DT CD HYPH NN NN HYPH NN IN NNS CD IN CD MD VB NNS IN NNS JJR . DT NN RB VBZ IN RB NN IN DT NNS . DT NN VBZ VBN RB JJ IN DT NN NN IN NNS , IN DT JJS NNS VBP TO VB RB JJ IN VBG IN NNS WDT VBP JJR NNS . VBG NNS VBZ NN JJ WRB NN NNS IN NNS VBP RB JJ , WDT PRP VBP RB . JJR IN NN IN NNS IN DT NNS IN CD CC CD VBP VBN IN JJS CD NN IN DT NN NN , CC JJR IN DT NN VBP VBN DT CD NNS . RB RB CD NN IN NNS VBP VBN DT NN NN , RB IN DT NN NN NN VBZ VBN IN NNS MD VB VBN IN DT NN IN PRP CC PRP$ NNS VBD . VBG JJ NNS MD VB RB RBR JJ JJ IN VBG DT NNS , IN DT NN IN NN VBZ RB JJR IN NNS . `` CC PRP VBZ RB RB JJ CC RB RB JJ TO VB VBG DT NNS IN DT CD SYM IN CD HYPH NN HYPH JJ NN , '' VBD NNP NNP NNP IN DT NNP NNP IN NNP CC DT NN NN . NNP NNP NNP NNP , DT JJ NN IN NN IN DT NNP IN NNP NNP CC DT NN NN , VBD IN DT NN VBN TO VB CD HYPH CC CD HYPH NN HYPH JJ NNS MD VB IN RB DT JJ NNS IN DT NN IN NNP IN RB VBG NNS IN NNS IN DT NNP NNPS . `` PRP VBP RB VBG VBN PRP VBP RB VB DT NN . UH , PRP VBP VB DT NN , '' NNP NNP VBD . `` PRP VBP DT JJ NN IN NNS , CC PRP IN PRP VBP RB VB DT NNS , WP MD . ''"
540,229,mainstream,"NNP CD , CD , EX VBZ VBN DT JJ NN IN NNP NN NN NNS IN DT NN NN , CC DT VBZ NNS VBN . NNS VBP VBN IN IN NNS IN NNS JJ IN NNS CC NN NN IN NN IN VBG DT NN VBZ VBN JJ NNS IN VBG PRP$ NNS IN NNS IN RB HYPH NN NNS , DT NNP NNP NNP VBD . NNP NN NNS IN NNS VBN CD NNS CC JJR IN NNP VBD IN CD NN , VBN IN RB CD HYPH NN IN NNP CD , VBG IN DT NNP NNPS IN NNP NNP CC NNP NN . DT VBG NN NN NNS IN NNP VBP VBG CC RB RB VBP NNS RB , NN NN NNP NNP , DT NN NN IN NNP POS NNP IN NNP , VBD DT NNP . DT NN NNS MD VB DT NN NN WDT VBZ VBN VBN RP IN NNS JJ IN NNS , PRP VBD . DT NN NN NN IN CD NN IN CD NN VBZ VBN TO VB DT JJ NN IN NNS , VBG IN JJ NN NNS . `` PRP VBP JJ IN RB VBG NNS NNS IN NNS CC NNS IN NNP , CC RB IN JJ NNS IN DT NN , VB RP , '' NNP , DT VBN NN IN DT NNP NNP NNP NNP , VBD DT NNP . `` DT VBZ DT JJ NN IN VBG RP , CC JJ NN VBZ PRP TO VB RB CC VB PRP$ NNS , '' PRP VBD ."
541,341,mainstream,"DT NN IN NN VBZ VBN IN NN VBZ VBG JJ NN , RB IN JJ NNS VBP RB VB DT NN . NNS VBP JJ TO VB IN NN DT NNS IN NN NNS CC NNS RB VBN IN NN , CC NN NNS MD VB VBN IN JJ NN RB IN NN . RBR RB , DT NNS VBP VBN NNS JJ IN JJ NN NNS NNS , WDT VBP VBN IN VBG RP DT NNS IN NNS . DT NN VBZ VBN IN DT NN IN DT NN IN NN NNS VBD IN DT NNS , VBG IN DT NN IN JJR NN NNS , WDT VBD IN VBN NNS NNS POS NN IN NN IN DT NN NN NN . RB , NN NN VBD TO VB RB IN NN VBD VBN IN NNP NN NNS IN CD . DT NN IN DT NNP IN NNP -LRB- ADD IN RB CD NNS VBD IN IN EX VBD DT JJ NN IN NN HYPH VBG NNS CC NN . NN VBZ RB RBR JJ IN VBN IN JJ NNS , CC PRP$ NN VBZ RB VBN IN DT NN IN NN IN NNS IN JJ NNS CC NNS . DT NNS VBP RB VBN NNS IN DT NN HYPH NN NN , WP$ NNS VBP VBN RBR JJ IN DT NN IN DT NN VBZ . NNS WP VBP DT NN VBP VBN VBN IN VBN NNS , IN PRP VBP VBN DT NN IN PRP$ JJ NN -LRB- ADD CC DT NN IN DT NNP NNP NNP -LRB- ADD DT NN VBZ NNS IN JJ NNS WP VBP RB VB PRP IN DT JJ NN . NNP NNP VBZ , `` PRP VBP RB VBN VBN IN IN PRP VBP RB VBG PRP$ NN , PRP VBP DT NN NN . IN PRP VBP DT NN . PRP VBP VBN NNS IN NN VBN IN PRP , CC DT JJ NNS VBP RB VBN JJ NN NN IN PRP$ CD HYPH NN HYPH JJ JJ NN . '' JJ NNS VBP JJ IN DT NN IN JJ NN , CC DT NN HYPH NN NNS VBP VBN JJ IN VBG PRP$ NN IN IN DT NN . IN CD , CD NN VBD RP DT JJ HYPH NN NN IN DT NNP NNP NNP , VBG NNS IN PRP$ `` JJ NN IN DT NN IN NN CC NN , '' IN DT NN IN NNS VBN . JJ IN DT NNS VBD RB VB DT NN , CC DT NNS VBD IN DT NN VBG IN PRP `` VBP RB VB EX VBZ DT VBN NN IN NN CC NN . '' PRP$ NN VBD RB VBN , RB NNS VBD VBN IN DT NN IN NN HYPH VBN NN VBZ DT NN CC IN JJ NNS VBP VBN IN PRP$ NN . DT NN IN JJ NNS MD VB VBN IN DT CD NN NN IN NNS IN DT NNP VBG DT NNS HYPH NNS HYPH NN NN , WDT VBZ VBN RB VBN IN NN IN DT JJ NN . DT NN RB VBZ DT JJ NN , IN VBN IN DT NN IN NN IN DT NNP NN . DT NN VBZ DT NN IN NNS IN NN NNS IN NN . IN PDT DT NN MD VB VBN , RB NNS MD VB VBN TO VB NNS VB DT VBN NN VBG IN DT NN VBZ NN . VBN DT NN VBG DT NN , PRP VBZ JJ WRB JJ NNS MD VB . VBG IN NNP NNP IN DT NNP NNP NNP , JJ NNS VBP VBN VBN IN CD JJ NNP NNS DT NN RB , IN NN VBZ VBN . JJ NN IN DT NN VBZ RB VBN JJ . JJ NN , IN DT NNP NN VBD DT NN VBG NN IN NNS , DT NN VBD PRP IN PRP `` VBZ DT NN IN JJ JJ NN IN NN HYPH VBG NNS . '' RB , WRB DT NNP NN VBD DT JJ NN JJ NN , VBG IN NN IN NN VBN IN DT JJ NN VBD PRP$ NN TO VB NN , DT NN VBD DT NNP NN , WDT VBZ IN NN NNS VBP JJ TO VB NN . DT NN IN NNS IN NN IN DT NN HYPH NN NN VBD VBN IN `` NN CC NN , '' CC DT NN VBD VBN . JJ NN VBZ JJ TO VB VBN IN DT JJ NN VBG VBN RBR DT NN TO VB IN NN MD VB VBN DT NN HYPH VBN NN IN NNS IN DT NNP NNP NNP NNP NNP NNP . DT NNS VBP VBN DT NN TO VB DT NNP NN IN NN IN DT NN . NN VBZ DT VBN NN , RB RB IN VBG IN PRP VBZ NN , PRP MD VB IN VBG NN RB IN NNS . RB , DT NN VBZ RB NN HYPH JJ . IN DT JJ NN , NNS MD VB TO VB VBN IN JJ HYPH NN RB IN JJ HYPH VB NNS , WDT VBP RBR JJ CC JJR . VBG NNS MD RB VB JJ TO VB RBR JJ NNS . IN NNS VBP NNS JJ IN NN NNS IN NN , NNS VBP JJ TO VB NN IN VBG JJ HYPH NN NNS . PRP VBZ JJ IN NNS TO VB DT JJ NNS WDT NNS VBP PRP$ NNS , CC DT VBN NN VBN IN DT NNP NN VBZ JJ TO VB IN EX VBP VBN NNS IN NN . IN DT NN , DT NNS VBP VBN IN NN RB IN NN . PRP VBP NNS TO VB NN NN IN DT JJS NN IN NNS IN DT NN , RB IN DT JJ NNS IN DT NN HYPH VBN NN , RB CD WDT VBZ TO VB IN VB DT IN JJ NNS . RB RBR RB , NN NNS PRP VBP TO VB JJ WRB RB IN DT NN DT NNS VBP , CC VBP VBG JJR NNS VBN IN NN IN DT JJ NN ."
542,1001,mainstream,"NNP NNP NNP NNP VBD NNP IN PRP MD VB RP DT NN IN NN NN IN NNP NNP . DT NN HYPH NN POS NN NN NN RBR VBD DT RB , VBG IN PRP VBZ `` VBG DT NN '' IN VBG DT NN IN NN , CC `` DT NNS VBP VBN VBN . '' VB PRP VB NNP VBZ DT NN IN DT NN NN VBN IN NNP . IN JJR IN DT NN , NNP VBZ VBN JJ NN RB JJ IN NN . IN NNP POS NN VBZ IN RB DT JJ NN IN NN NNS IN DT NN , PRP MD VB IN DT NN IN JJ NNS IN NN CC , IN DT NN , DT JJ NNS IN NNS RB JJ TO VB VBN . DT VBN NN MD RB VB JJ NN NNS , WP$ NNS VBP RB VBN . DT CD NN IN NNP VBD DT JJ NN NNS IN VBG DT NN NN IN WDT CD NNS VBD VBN IN $ CD , DT NN IN JJR IN $ CD IN NN . DT VBZ RB TO VB IN NNS MD RB VB VBN RB RB : IN DT NN , CD NNS RB JJ TO VB VBN VBD TO VB VBN IN DT JJ NN IN $ CD IN NN , JJ NNS IN CD NN WP VBD VBN VBD JJ IN $ CD . CC DT NNS VBP IN NN IN DT NN WDT MD VB VBN IN NNS WP VBP NNS IN NN HYPH JJ NNS , WDT RB VBP WRB NNS VBP VBN IN RB RB JJ TO VB VBN . VB NN , RBR RB VBN IN NN NN . EX VBP VBN JJ JJ NNS IN NN NNS IN DT JJ NN , CC IN CD EX VBD CD VBN NNS IN DT NNP : DT JJS IN CD . JJR IN CD NN IN DT IN DT NN POS NN NNS IN CD IN CD VBD IN NNS JJR IN CD NNS , WDT VBD PRP VBD RB JJ TO VB VBN PRP$ JJ NN NN . NNP VBD PRP$ NN IN DT JJ NN IN CD , WRB PRP VBD DT NN VBG DT JJ NN VBG NN , DT NN HYPH VBN NN WDT VBD VBN VBN IN DT NN NNS IN IN DT NNS IN DT NN NN IN CD . IN PRP$ NN , NNP RB VBD DT NNP IN NNP NN NN NN IN NN VBN DT JJ NN , PRP VBZ RB VBN DT CD NNS VBN CC VBN IN DT NNPS IN NNP NNP CC NNP WDT VBP VBN NN IN CD . PRP RB VBD IN NNP CC PRP$ NN IN DT JJ NN IN `` DT NNP NNP , '' PRP$ NN IN DT NN IN DT NN IN NNS MD VB NN . RB VBZ DT RB VBN NN IN PRP$ NN IN NNP , VBN `` DT NNP IN NNPS . '' IN NNP VBZ VBN JJ IN VBG JJ NNS , PRP VBZ TO VB RBR JJ WRB VBN IN JJ NNS . PRP VBD TO VB NNP JJR IN CD NNS IN DT CD HYPH NN NN . IN JJ NNS , PRP VBD VBN IN PRP VBD VBG PRP$ NN NN , IN PRP VBD IN NN , IN PRP VBD VBG IN DT NN NN , IN PRP VBD RB VBG RB , IN PRP VBD IN IN PRP$ NNS , CC IN PRP VBD IN DT NN IN VBG PRP RB . -LRB- PRP RB VBD . -RRB- IN DT NN IN CD , NNP NNP CC NNP RB VBD `` JJ NN , '' DT CD HYPH NN NN IN NN IN NNS VBN IN NNP NNP NNP NNP . NNP , DT JJS NN CC NN IN DT JJ NN NN CC NNP NNP NNP , VBD WRB PRP VBD VBN TO VB DT NN : `` PRP VBD VBN IN DT NN RB RB . IN DT NN CC NN WP VBZ VBN NNS VBG IN NNS IN NN NN , PRP RB VBD NNS IN JJ NNS WP VBD RB VBN IN PRP$ NNS VBD VBN VBN IN NNS . RB , PRP VBD JJ . '' -LRB- NN : RB IN `` DT NNP NNP '' VBD VBN , NNP VBD TO VB DT NN IN PRP$ NN . -RRB- RB , NNP VBD , PRP VBD TO VB IN DT NN DT NNS VBD VBN . PRP VBD IN DT NN IN DT CD NNP HYPH VBN NN IN NNP CC VBD IN NNS IN NNPS CC NNP NNP , CD NNS JJ IN PRP$ JJ NN IN NNS . PRP RB VBD DT NN IN DT `` RB CD NNS '' WP VBD VBN TO VB NN IN NN NNS IN DT NN IN NNS : NNP NNP NNP , DT JJ VBN NN IN NNS VBG NN VBN IN NNS , CC PRP$ NN , NNP . -LRB- DT NNPS MD VB RP TO VB DT `` NN '' IN VBG NN WDT VBD VBG NNS IN DT NN WDT VBZ VBN TO RB VB NN NNS IN DT NN IN NNS IN $ CD IN NN . -RRB- PRP VBD RB RB IN NNP VBD JJ IN PRP VBD VBN IN `` DT VBG NN NN IN JJ NN , NN CC NN . '' IN , IN PRP VBD TO VB DT NN , `` PRP$ NN HYPH NN NNS RB VBD DT JJ NN TO VB DT JJ NN IN JJ NNS , PRP$ NNS RB VBP CD IN DT JJS NNS IN DT NNS IN JJ NN , '' PRP VBD . NNP VBD RP TO VB NNP POS NNP NNP , WP PRP VBD IN DT JJ NN IN `` DT JJ NN VBN IN DT NN IN NN IN NN . '' NNP VBD DT NNP IN `` NN CC JJ NN '' CC VBD IN DT NN VBN IN NNS VBD `` JJR IN NN , JJR IN NN , JJR IN NN PRP VBP RB VBN . '' IN DT NN POS JJ NN , NNP VBD PRP$ NNS IN DT NN POS JJ NNS IN DT NN : `` PRP VBZ JJ TO VB DT NN IN PRP$ NN : CC IN DT JJ NNS TO VB NN NNS : IN NNP NNP NNS VBP TO VB IN NNP POS RBS VBN JJ HYPH NN NN VBZ VBG PRP$ NNS . PRP VBZ RB JJ TO VB WRB DT NN MD VB VBN IN NNP POS NNS RB . '' IN NN , PRP VBD , PRP VBD JJ IN DT NN IN DT NN IN `` NNS CC NNS , TO VB JJ IN NN MD VB RB RB TO VB PRP$ NN CC DT NN POS JJS NNS . '' IN NN IN WP NNP VBD VBG TO VB JJ , NNS CC NNS IN JJ NNS , NN NNS , CC RB VBN NNS IN DT NN MD VB TO VB NN IN DT VBN JJ NN TO VB RP `` DT NN NN POS JJ NN '' IN VBG DT NNS IN NN . IN NNP POS VBG , DT NN VBD VBN VBG RP IN DT NNP NNP , CC PRP VBD VBN IN VBN JJ CD NNS RBR '' IN DT VBN NNP NN NN , '' DT NN WDT NNP VBD VBD VBN IN PRP VBD `` VBN IN VBN NN RB IN DT NNP NNP , TO VB JJ NN . '' -LRB- IN NN , DT NN VBD VBN IN DT NN IN RB VBN NNS VBD VBN RP DT IN DT NN NNS IN CD NNS IN NNP . -RRB- NNP VBD IN DT CD HYPH NN NN IN DT NNP NN TO VB PRP$ NNS : CC WRB DT NN VBD IN DT NN PRP VBD TO VB , PRP RB VBD CC VBD IN NNS VBD RP RB . RB CC RB , PRP VBD NNS POS NNS IN DT JJ NN IN JJ NNS IN NNS IN JJ NNS TO VB DT JJ NN PRP VBD JJ MD VB . DT NNP POS NNP NNP VBD CD IN DT NNS IN NNP POS NN . PRP$ JJ NN VBZ IN VBZ : `` IN PRP DT VBP , NN VBD DT RB JJ NN NN IN DT IN PRP IN DT NN VBZ TO VB , CC DT VBZ DT NN IN PDT DT NNS PRP VBP VBN CC VBP VBG RB NN IN PRP$ NNS , IN WDT NN MD NNS VB JJ TO VB NNS TO VB IN NNS IN PRP$ NN . PRP VBP VBN JJ RB RB IN VBN DT NN IN NN , PRP VBP VBN JJ TO VB TO VB PRP IN IN , VB PRP VB , RBR JJ NNS , CC DT NN IN NN IN NN , CC NNP NNS VBG WP PRP VBP , DT NN IN DT NNS . RB PRP VBP IN DT NN RB , CC NNP -LRB- NNP , DT NN NN IN NN IN DT NNP NNP NNP -RRB- , PRP MD VB VBN IN DT . '' IN NNP POS NNS , PRP VBD DT : `` NNP NNP NNP , NN IN NN NN IN DT NNP , VBD NN IN `` VBN DT NN IN DT NN , PRP VBP VBN JJ TO VB PRP IN IN DT NNS IN , VB PRP VB , RBR JJ NNS . '' '' RB RBR JJ VBD NNP POS NN CC NN IN DT JJ NN IN DT NNP NNP NNP POS NNP NNP . IN DT NN , NNP VBD NNS CC VBD RP NNS . RB VBZ WP RB VBD IN DT NN , IN NNS VBN TO VB DT NNS NNP VBD IN PRP$ NN : `` CC PRP RB VBP TO VB VBG NN IN DT NN IN VBG IN RB DT NN MD RB VB VBN VBN IN DT , IN DT NN IN PRP MD VB , IN DT NN , VBN VBN CC PRP VBP RB VBN DT NN RB WRB PRP VBP VBN VBG . . . EX VBZ RB DT NN IN WDT DT NN NNS VBP TO VB VBN , CC RB IN DT NN VBZ IN EX VBZ DT NN CC IN NN VBZ RP , DT NN VBZ VBN VBN CC IN NN IN NN WDT MD VB VBN IN NNS CC MD VB VBN IN JJ NNS IN DT NN IN DT NN . CC PRP VBP RB JJ IN DT IN PRP VBP PRP VBZ RB RB JJ TO VB NN RB IN DT JJ NN CC WP PRP VBP . . . . PRP$ NN MD VB IN DT JJ NN : CC PRP VBP DT NN WDT VBZ RB VBN VBN RB RB RB , PRP VBP PRP VBZ DT NN IN NN : CC PRP VBZ TO VB VBN IN . WP VBP DT JJ NNS CC WRB MD PRP VB PRP . WRB MD PRP VB VBN IN DT NN CC DT NN WDT VBZ JJ IN VBG DT NN PRP VBP TO VB IN WDT NNS PRP VBP IN NN IN PRP . '' IN `` JJ NN , '' DT VBD VBN TO VB : `` NNP NNP NNP , NNS NN IN DT NNP NNP NNP , VBD RB IN DT NN `` MD RB VB VBN VBN IN DT '' CC VBD IN DT NNS '' MD VB VBN IN NNS CC MD VB VBN IN NNS IN DT NN IN DT NN . DT NN NNS VBP TO VB VBN . '' '' TO VB PRP DT RP , NNP VBD RB CD JJ NNS VBN IN DT JJ NN CC NN NNP NNP . IN DT JJ NN , NNP VBD : `` RB , DT NN WDT VBZ PRP DT JJS , DT WP VBP PRP , PRP VBP VBN DT NN NN IN DT NN NN IN IN DT NN IN PRP$ JJ NN . DT MD VB DT NN IN PRP$ RB JJ NN NNS IN DT NN WRB DT NN VBZ JJ . PRP VBP RB VB JJ NNS . IN JJS DT VBZ PRP$ JJ NN . PRP VBP NN CC DT MD RB VB DT NN IN NN . '' CD HYPH CD NNS RBR , NNP VBD DT NN IN `` NN NNS '' : `` IN DT NN VBD VBN IN DT NN POS JJ NNS VBD VBN IN NN VBG NNS , PRP MD RB VB DT NN NN WP MD VB DT NN IN `` DT JJ NN IN NN . '' . RB PRP VBP IN DT JJ NN IN DT NN IN VBG DT NNS IN PRP VBD VBN CC PRP VBP JJ . '' IN DT NN WDT DT NN IN DT JJ NN NN MD VB VBN IN , NNP VBD DT CD NNS , VBN PRP$ NN , CC VBD PRP RB : `` PRP VBP IN DT JJ NN IN DT NN IN VBG DT NNS , '' VBD NNP NNP NNP , DT NN IN DT NNP NNP NNP NNP IN NNPS IN NNP . `` DT MD VB DT NN IN PRP$ RB JJ NN NNS IN DT NN . '' IN DT JJ NN IN DT NN , DT NN IN NN NN VBD VBN RB JJ IN PRP VBD RB VB NN IN DT JJR IN CD CD NNS POS NN IN `` NNS , '' `` NNS , '' CC `` NNS '' WDT VBD RB VBN IN DT NN . -LRB- DT NN IN NNP POS NN VBD RB VBN RB . -RRB- IN DT NNS WDT VBD VBN VBD JJ NNS , NNS IN WDT NNS VBD NN IN JJ NNS IN NN , DT NN IN DT NN IN NNS NNS VBD VBN IN DT NNS , CC DT JJ NN IN DT NN VBG DT NN IN DT NNS NN . NN IN DT VBD DT NN IN NNP POS NN IN PRP$ NNS VBD JJ , CC IN DT NNS CC NNS TO VB , PRP VBD IN VBG JJ IN DT NNS NNP NNP CC NNP VBD RB RB VBN VBD JJ . RB CD NNS IN DT NN VBD IN PRP$ NN VBD VBN DT NNS IN NN NNS VBD VBN : PRP VBD RB `` CD NN , RB CD NNS , JJR IN DT NNP POS NN IN JJ NN IN JJ NN '' : NNP VBD NNP POS NNP NNP , `` PRP VBP VBG PRP$ NNS IN CD NNS DT NN IN NN WDT NNP CC NNP VBZ JJ . '' NNP RB VBD IN HYPH NN IN NNS VBD VBG VBN CD NNS CC IN DT CD IN PRP VBD `` DT NN , DT NN IN PRP . '' DT NNS VBD RB RB RB JJ : IN CD , DT NNP VBD IN NNS IN CD NNS JJ VBP DT NN IN CD NNS WDT VBD IN DT CD JJ NNS . RB CD IN DT NNS VBD RB VBN NN IN DT NN , CC DT VBD VBN NN HYPH JJ IN CD . IN NNP VBD RB VB NNP TO VB NN VBG PRP$ NNS VBZ RB JJ : NNP VBD RB VBN DT NN IN NNS VBD TO VB IN PRP$ JJ NNS `` JJ NN IN NN VBN NNP POS . '' NNP POS NN , PRP VBD , VBD VBN PRP$ NNS RB CC IN DT . `` EX VBZ DT NN IN PRP$ NN , '' NNP VBD , `` CC RB PRP VBZ CD NNS IN RB , RB PRP VBZ CD NNS IN RB , RB PRP VBZ CD NNS IN RB : PRP VBP VBG TO VB RP NN NNS , IN PRP$ NN , NN . '' VBN IN NN IN NNP . DT NN RB VBD IN NNP CD , CD"
543,1140,mainstream,"DT CD HYPH IN HYPH CD NN VBZ CD IN DT JJ NNS PRP$ NN MD VB . PRP VBZ VBN IN DT JJ NN TO VB PRP$ NN IN CD JJ NN NNS : WRB MD NNS VB DT CD HYPH IN HYPH CD NN . DT CD HYPH IN HYPH CD NN VBZ VBN IN CD , CD CC CD NNS JJ . PRP$ NN VBZ CD NNS TO VB JJ PRP VBP JJ NN IN DT NNS DT NN VBZ IN . DT NN DT NN IN DT NN VBZ VBN , PRP$ NN POS JJ NN VBZ . WRB VBZ DT CD HYPH NN HYPH CD NN VBN . DT NN VBZ VBN IN PRP$ NN POS NN . WRB RB VBZ DT CD HYPH NN HYPH CD NN NN . DT CD HYPH IN HYPH CD NN VBZ RB . PRP VBZ RB JJ NN IN NN , NN , NN NN , NN , NN CC NN NN NNS . WRB JJ VBZ DT CD HYPH NN HYPH CD NN . DT CD HYPH IN HYPH CD NN VBZ RB JJ . PRP VBZ VBN -LRB- VBN -RRB- , WDT VBZ PRP VBZ RB VB DT JJ NNS , RB EX VBZ DT NN IN PRP$ NN VBG DT NNS IN DT NN . DT NN RB VBZ JJ NN NNS . IN PRP VBZ JJ IN NNS TO VB DT JJ JJ IN DT NN , PRP MD RB VB JJ HYPH VBN NN , NN CC DT JJ NN IN DT NN NN . DT NN NN IN DT CD HYPH IN HYPH CD NN VBZ NNP NN -LRB- NNP , NNP , NNP , NNP -RRB- . VB DT NN NN NN -LRB- NN -RRB- IN NNP NN . MD DT CD HYPH NN HYPH CD NN VB VBN IN DT JJ NN IN JJ NNS . PRP VBZ JJ IN PRP$ NN TO VB DT CD HYPH IN HYPH CD NN IN DT JJ NN IN JJ NNS , JJ IN DT NN NN , JJ NN CC NN NN . WDT NNS MD RB VB DT CD HYPH NN HYPH CD NN NN . DT JJ NN IN NNS MD VB DT CD HYPH IN HYPH CD NN , CC EX VBP DT JJ WDT MD RB , IN NN , DT WP : SYM VBP JJ IN DT NN SYM VB DT JJ NN IN DT NN IN DT NN NN : VB IN PRP VBP VBN , VBP NNS IN DT JJ NN WDT VBZ VBG JJR , VBG RB VBN NN : VB IN PRP VBP VBN VBN IN DT NN DT NN MD RB VB VBN IN NNS WP VBP VBN DT JJ JJ NN -LRB- NN -RRB- IN DT JJ NN IN DT NN CC DT NN IN DT NN IN DT NN WDT MD VB JJ IN NN NNS , JJ IN NN , NN CC NN NN . EX VBZ DT NN TO VB NN IN PRP$ NN VBZ DT JJ NN , JJ IN DT NN CC DT NN IN DT NN . IN PRP$ NN VBZ DT NN IN NNS -LRB- JJ NNS -RRB- CC VBZ VBN DT NN IN CD NNS IN DT JJ NN IN DT NN , VB IN PRP$ NN NN , NN CC NN NN IN NN . WP IN PRP VBP DT CD HYPH NN HYPH CD NN NN . PRP VBZ JJS IN NNS TO VB VBN IN DT VBN NN , IN PRP VBP RB VBN IN JJ NNS RB RB IN NN IN JJ . IN PRP$ NN VBZ VBN DT NN IN DT CD HYPH IN HYPH CD NN : PRP RB RB JJ TO VB PRP . VB DT NN IN PRP$ NN NN CC JJ NN NN NN ."
544,420,mainstream,"NN IN DT NN VBZ TO VB DT CD JJ NN IN DT NN NN . DT NN VBZ IN NNP HYPH CD MD VB IN PRP$ JJ NN CC IN JJ VBN NNS IN NNS MD VB DT NN IN JJR NNS CC DT JJR JJ NN . CC DT JJ NNS VBP JJ : DT NN WDT VBZ DT NN VBZ JJ TO VB VBG IN DT NN IN EX VBZ DT NN . CC NN NN VBZ RB DT JJ NNS RB . DT NN IN NN HYPH CD CC NN VBZ NNS CC DT NN NNS JJ . DT NNP MD RB VB CD NNS IN DT JJ NN , PRP VBP , CC DT NN MD VB DT NN IN DT JJ . `` DT JJS HYPH NN NN VBZ CC -LRB- DT NN CC DT NN -RRB- VBP VBG RB CC VBG JJ NN , VBG NNS CC VBG DT JJ NN IN DT NN NN NN , '' VBZ NNP NNP , DT NN IN NNP NNP . DT JJ NNS VBP VBG IN JJ NN IN NNS TO VB IN CC NNS . CC DT , RBR JJ NN RB MD VB JJ IN DT NNS VBP NNS , NNP CC JJ JJ NN NNS VBP . DT JJ NNS NNS VBP RB VBN TO VB DT NN IN NN HYPH CD : JJ IN JJ NN , NN NN , CC NN VBG : MD VB DT NN IN DT NN . `` PRP VBZ JJ TO VB , '' VBZ NNP NNP , DT NN IN DT NNP IN NNP . RB RB VBZ PRP JJ IN DT NN MD VB CC VB IN NNS VBP , CC `` WP VBZ RB JJ VBZ IN PRP VBP RB VB DT JJ NN IN JJ NN CC NN NNS WDT VBP VBG TO VB VBN IN DT JJ NN IN NNS , '' PRP VBZ . NNP NNP , DT NN IN NNP NNP , VBZ IN NNP HYPH NNP HYPH CD VBZ JJ NNS IN DT JJ NNS CC NN NNS VBP , PRP MD VB IN DT NN . `` CC DT MD VB RB TO VB PRP , '' PRP VBZ . `` PRP MD VB JJ , PRP MD RB VB VBN . '' CD NN NN NNS IN DT JJ CD NNS : NN IN CD , NNP IN CD , NNP IN CD CC NNP IN CD : VBD DT JJ JJ NN IN DT NN CC JJ NN . NNP HYPH CD MD VB DT JJ . `` DT NN IN PRP MD VB DT JJ NN IN NN CC NN VBZ JJ , '' NNP VBZ . -LRB- DT JJ CC JJ NNS VBP WRB NNS VBP CC VBP IN DT NNS . -RRB- DT NN , NN VBZ NNS IN NNS IN DT NNP IN RB JJ NNS , NN NNS VBP NNS CC NN NN NNS . IN DT CD CD NN NN , JJ NN NNS VBD IN NNS IN DT NN VBD IN NNS IN JJ NNS , VBD NNS IN NN NNS CC VBD VBG NNS IN JJ NNS IN IN DT NN IN NNS . DT NNP NNPS IN NNP NNP CC NNP VBZ IN RB CD CC CD NNPS VBD IN DT NN DT NN . IN DT JJ NN CC NN NNS MD VB DT IN DT JJ NNS : JJ IN NN , NN CC NN : DT NNS VBP RB JJ . DT NNS VBP JJ NNS IN NNS TO VB NN IN PRP$ NNS . IN DT NN , NNP HYPH NNP HYPH CD MD VB CD NN , IN DT NN NN VBZ IN DT . DT NN IN RB CD NNS , VBN IN JJ NNP CC VBN IN NNP IN NNP , VBD IN CD IN CD NNS WP VBD VBN IN NN HYPH CD VBD VBN IN DT JJ NN . DT NN IN JJ NNS VBZ RB JJ , VBZ NNP NNP , DT NN IN DT NNP IN NNP NNP , CC PRP VBZ JJR WRB CD NNS VBP VBG RB IN DT JJ NN . `` PRP VBZ JJ PRP MD VB VBN IN DT IN DT RB JJ NN : IN PRP VBP VBG DT RB JJ NN , '' PRP VBZ . NNP CC DT JJ NNS VBP DT NN NNS VBP CC VBP IN DT JJ MD VB DT NN IN DT NN HYPH NN NN , RB . PRP VBP VBN NNS IN NNS CC VBP VBN IN NNS IN JJ NNS RB VBP RB VB PRP$ NNS IN DT JJ NN NN . IN DT NN VBZ RB WRB , DT NN VBN JJ NN IN DT NNPS IN DT NNP NNP IN NNPS NNP VBD IN JJ NNS IN NN IN JJ NNS IN DT JJ NN MD VB DT NN IN JJ NNS . IN NN , DT NN IN DT NN : WDT VBZ DT JJ NN : VBZ TO VB VBN DT NN IN DT CD NN NN IN NNP . CC DT NN , IN NN , RB VBD NNS IN DT NN : JJ JJ NN . `` RB RB NNP HYPH CD VBZ DT JJ NN IN DT NN JJ IN PRP , '' NNP VBZ . `` VBG IN PRP VBP RB RB JJ IN VBG NN , PRP VBZ VBG TO VB VBG IN NNS , VBG DT NN IN NN WDT MD VB RB JJ IN JJ NNS . '' PRP VBZ DT NN VBZ IN DT `` JJ NN IN NNS . '' CC DT JJ NN MD RB VB JJ RB IN , VB , NN WP VBZ VBN IN DT NN TO VB RP DT NN , CC RB RB . CC IN DT NN NN , PRP MD VB IN JJ NNS MD RB VB RB RB IN JJ , IN PRP$ NN NNS MD VB VBN . DT NN WRB DT NN MD RB VB JJ VBZ JJR TO VB IN NN CC JJR TO VB IN JJ NN : CC NN HYPH CD CC DT NN VBP VBN , IN DT JJS NN , IN JJ NNS , RB DT JJ NN NNS VBN TO VB DT NN IN DT NN MD RB VB IN DT JJ . -LRB- WRB VBZ DT NN VB IN DT NN . NNS VBP WP PRP VBP IN NN . -RRB- IN DT NN IN DT NNP NNP , NNP VBD IN DT JJ NN NNS VBN IN NNP NNP TO VB DT NN : JJ IN NN NNS , NN CC NN , JJ NN , NN VBG CC NN NN : VBD IN DT JJ NN IN NN NN . IN DT NNP , JJ NN NNS VBD DT JJ NNS IN NNP HYPH CD VBD VBN DT JJ NN . DT CD NNP NN NN , IN VBN TO VB IN DT JJS IN NNS , VBD CD NNS RB . CC IN NNS IN DT NNP VBP NNS IN NN CC NN , NNS POS NNS MD VB IN NNS WDT VBP NN NN , RB DT JJ NN VBZ RB JJ . CC PRP VBZ RB JJ WP , IN DT , JJ NN VBZ VBG VBN TO VB IN PRP . IN NNP NNP NNP , NN IN DT NNP , VBD DT NNP NNP IN `` PRP VBP VBG TO VB DT NN NN CC DT NN NN IN DT JJ NN . '' IN NNP NNP NNP VBD IN NNP VBD VBN , DT NN VBD PRP$ NN RB , VBG PRP VBD RB VB DT JJ NN MD VB JJR , RB `` RBR JJ CC RB JJ . '' -LRB- DT NNP VBD RB VB IN JJ NNP POS NNS IN JJ NN . -RRB- IN JJ NNP DT NN IN JJ NNS VBD DT NN IN DT NNP NNP VBG PRP TO VB IN DT JJS NN NN . `` PRP VBP PRP TO VB VBG IN CC VBG DT NNS IN DT JJ NN RB , '' PRP VBD , `` TO VB NN , NNS , CC NNS TO VB JJ NN CC JJ NNS IN VBG VBN IN JJ NNS IN DT IN DT JJ JJ NNS IN DT NN . '' IN DT NN NN , DT VBP VBG NN NN NNS CC VBG JJ NN NN NNS TO VB CC DT NN CC NN HYPH CD . NNP NNP POS NN NN NN NNP NNP , WP VBZ DT NN POS NN NN NN , VBZ VBN VBG IN NN NNS TO VB NNS IN VBG PRP$ NN NN IN VBG JJ NNS , VBG JJ NNS CC VBG JJ NN . `` RB , PRP VBP RB VBN TO VB DT NN IN DT IN PRP$ NN NN NN NNS . CC PRP VBP PDT DT NNS IN NN , IN PRP VB NN HYPH CD CC NN SYM CD CC NN , '' PRP VBZ . NNP VBZ VBN VBG TO VB DT NN IN PRP$ NN NN IN NNP TO VB RP DT JJ NN NN WDT MD VB NNS IN VBG NNS IN NN HYPH CD CC NN NNS . CC PRP VBZ PRP$ NNS VBP VBN JJ NN . JJ NN NNS RB VBP IN JJ NNS , VBG NNP NNP CC NNP . DT NNP RB VBZ CC NNS IN DT JJ NN CC VBZ DT JJ NN NN IN DT NNS WDT VBP PRP . NNP VBZ RP IN WP VBZ , EX VBZ CD JJ NN NNS MD VB DT MD VB DT NN IN CC NN . `` VB , PRP VBP RB VB DT NN IN NNP HYPH CD , '' PRP VBZ . `` PRP VBP VB DT NN IN NN . VB DT NN . '' VB JJR IN DT NN NN IN JJ NNP RB . CC VB NN IN PRP$ JJ NN IN NNS RB ."
545,473,mainstream,"DT NN POS NNP NNP NNP VBZ DT JJ NN IN NN IN DT JJ NN NN VBZ JJR IN DT NN TO VB DT CD NNS IN VBG JJ CC JJ NN CC NN IN DT NNS IN NN IN NN . NNS VBP DT JJ CC JJ NN VBZ DT JJ NN IN DT JJ NN NN NN . DT NNP , NNP NN NN NN VBD VBN IN CD CC VBZ VBN TO VB DT RBS RB JJ IN DT NN . IN JJ NNS , NNS VBP , PRP VBD DT JJ TO VB IN PRP MD VB JJ NNS CC NNS IN NN HYPH JJ NNS IN NN CC JJ NN VBN IN NN NN , DT RBS JJ NNS IN DT NN NN . PRP VBZ RB DT JJ NN VBN RB IN NN IN NNP CC VBZ RB VBG NN CD NNS IN JJ NNS IN DT NN NN IN NN NN NNP NNP NNP , DT NN IN NNP CC DT JJ NN IN DT NNP HYPH NNP NNP NNP IN NNP NNP VBD DT NNP CD NNS VBP RB JJ . . NNP CD VBZ DT NN PRP VBP RP IN PRP VBP PRP$ NNS IN JJ NNS IN PRP$ NN , PRP VBD . DT JJ NN VBD VBG DT NNS VBP VBN DT NN IN VBG DT NN IN JJR NN IN NN NN . PRP VBD WRB DT NN RB VBZ DT NN PRP MD VB VBN JJ IN DT WP VBP PRP JJS ."
546,893,mainstream,"IN NNP CD , WRB JJ NNS VBD DT NN IN DT JJ , JJ HYPH NN , NN , PRP VBD NNP NNP POS JJS NN . DT NN VBD JJ IN DT IN DT NN WDT VBD DT CD NNP NN , CC PRP RB VBD VBG NNS . `` PRP VBD RB IN DT NN MD VB JJ IN PRP , '' VBZ NNP , NN IN NN CC NN NN IN NNP NNP NNP NNP NNP IN NNP . IN NNS PRP$ NN CC NNS IN NNS IN DT NN VBD VBG NNS WDT PRP VBD MD VB NNS IN NNS IN DT NNP HYPH NNP HYPH CD NN , DT JJS NN IN JJ NN CC NN IN NNP NNP CD . IN JJ NNP RB CD NNS CC NNS IN CD NNS VBD VBG IN NNS , JJS NN HYPH VBN RB IN VBG JJ NNS , JJ IN DT WDT VBP VBN VBN IN NN NNS IN JJR IN CD NNS . DT NNS VBD IN DT JJ NN MD VB JJ IN NN CC JJ NN IN JJ CD : RB JJ , VBN IN NNS TO NN HYPH JJ NNS VBP VBN DT NN TO VB VBN CC VBN . RB DT NNP NN , WDT VBD RB HYPH VBN , VBD CD NNS TO VB JJ NNS . IN NNP CC PRP$ NNS MD VB DT JJ , JJ NN IN DT NN , `` PRP MD VB DT JJS NN NN IN NN , '' PRP VBZ . DT VBZ DT JJ '' IN , '' RB . IN NNS VBP VBN JJ NN HYPH VBN NNS IN JJ NNS , RB CD VBZ VBN VBN IN DT JJ NN . DT JJ NN VBN IN DT NN VBZ JJ NNS IN DT NN IN NNS IN DT NN NN . DT NN NN VBZ NNS IN DT NNS , VBN NNS , IN NNS CC VBZ IN VBG NNS , NNS WDT MD VB DT NN RB IN DT NN CC VB PRP . IN DT NN NN VBZ , DT NN NN VBZ WRB TO VB DT NNS , IN PRP MD VB DT JJ NN . DT VBN NN VBZ TO VB VBN NNS IN NN NNS : CC RBR RB IN NN CC NN NNS : CC VB DT VBN NNS . DT NN MD VB CD IN CD NNS TO VB DT JJ NNS IN JJ NNS WDT VBP DT NN , JJ IN NN . PRP MD VB JJ NNS IN NNS IN DT JJ NN . DT VBZ RB RB JJ TO VB DT NN WDT VBZ RB VBN IN NN NNS . RB NNS VBP VBG IN NN HYPH VBN NNS . NNS VBP NN IN DT NN IN DT NN TO VB DT NN IN JJ NNS . DT NN VBZ VBN IN NN CC NN : NNS WDT VBP JJ NNS . DT NNS RB VBP DT NN CC NN IN JJ NNS . DT NN POS NN VBZ DT NNS TO VB NN NNS WDT DT NN NN VBZ IN . NNS VBP IN DT NNS IN DT JJ NN IN PRP$ JJ NN . DT VBZ DT JJ NN JJ NNS VBP , PRP MD VB IN PRP$ JJ , IN PRP VBP DT NN POS NN TO VB NNS IN PRP . PRP VBD IN IN DT NN CC VBP JJR NNS , VBG DT NN . RB PDT DT NNS VBP TO VB DT NN TO VB JJ NNS TO VB DT NN VBN DT NN NN . PRP VBZ RP IN NNP HYPH NNP HYPH CD IN DT NN IN DT NN , VBG DT NN TO VB IN DT JJ NN CC VB RB . RB PDT DT NNS VBP VBG CD IN CD NNS TO VB DT NN NN . DT JJ VBZ DT NN NN , RB DT JJ , NN HYPH VBN NN . DT NN VBZ DT JJ NN IN IN DT NN VBZ , NNS MD RB VB IN DT JJ NN . NN HYPH NN NNS VBP VBN VBN IN JJ NNS IN NNS , NNS , NN CC NNS , CC JJ NNS VBP VBN , RB IN DT NNS VBP VBN NN VBG IN DT NN POS JJ JJ NN TO VB DT NN RB . CD JJ NN VBZ TO VB DT NN IN DT NN WDT VBZ JJ JJ NNS IN NNS IN DT NN NN , WDT VBP NNS IN DT NN NNS IN DT NN MD VB . NNP NNPS , VBN IN NNP NNP , NNP , VBZ VBG DT NN HYPH NN NN . JJ NNS RB PRP VBD JJ NNS VBG NN NNS IN DT JJ NN NN VBN NNP NNP JJ NN -LRB- NNP -RRB- . VBG IN JJ JJ NN NNP NNP , DT NN NNS IN VBN NNS '' VBP RB JJ CC JJR IN DT PRP VBP IN NN NNS IN NNS WP -LRB- RB -RRB- VBD IN NNP . '' DT NN VBD PRP$ NN : DT NN CC NNS IN VBG PRP : TO VB DT NN IN NNP HYPH NN HYPH CD . NN HYPH NN NNS VBP IN VBG DT JJ NN IN NN IN DT NN NN , WDT VBZ DT NN NNS . CC NNS MD VB DT NN NN IN VBG DT NN IN DT NN IN NN : DT JJ NN VBN IN NN NNS . DT NN VBZ VBN IN NNS WDT VBP VBN IN DT NN , NNS VBP JJ NNS WDT MD VB RB IN NNS . NN VBZ IN NN NNS MD VB JJR IN NN NNS IN VBG DT JJ NN TO VB NNS . PRP RB VBP TO VB RBR JJ NN : DT JJR NN IN DT JJ NN : CC RB VBP JJR NNS . DT NNP NNS VBP IN JJ HYPH NN JJ NNS IN JJ JJ NNS , VBG NN , NNP CC NNP . NNP IN NNP , NNP , VBZ VBG DT NN IN NNP HYPH NNP HYPH CD . NNP NNS VBP RBR JJ IN NN HYPH NN NNS , JJ NNS IN DT NN MD RB VB PRP . NN MD VB PRP , RB . NN NNS MD RB VB VBN VBN CC VBN , WDT VBZ JJ NNS , RB IN JJR NNS . NN HYPH NN NNS VBP JJ IN JJR NNS . NNP CC PRP$ NNS IN NNP CC NNP VBP VBG DT JJ NN : VBG DT NN NN IN DT JJ JJ NN . WRB VBN , DT JJ NN , IN PRP VBZ VBN , VBZ JJ NNS CC VBZ DT NN PRP VBZ VBG . NNS VBP JJ IN VBG IN NNS , CC JJ NN VBZ IN DT JJ JJ NN RB VBZ DT NNS CC VBZ PRP IN PRP MD VB RP . NNP VBZ VBG DT NN WDT NN NNS VBZ JJ TO VB VBN . DT NNS RB VBP DT NN PRP MD VB IN DT NN CC VB NN . TO VB DT NN , NNP POS NN VBZ VBG DT VBN NN WDT VBZ VBG : PRP MD VB NNS IN PRP IN DT JJ NN , IN PRP VBZ DT NN IN NN DT JJ NN VBZ RB VB . IN JJ NNP DT NNP IN NNP VBD DT JJ JJ NN IN DT VBG NN . IN DT NN POS JJ NN VBZ VBN IN NN NNS , PRP VBZ VBN IN NNS TO VB IN PRP VBZ JJ CC IN PRP VBZ DT JJ NN . RB PRP VBZ VBN IN NNS : JJ JJ NNS TO VB IN NN CC NN NNS , RB RB JJR NNS TO VB WRB JJ PRP VBZ . NNP POS NN NN VBD IN JJ HYPH NN JJ NNS IN NNP CD , RB CD NNS IN DT NNP HYPH NNP HYPH CD NN VBD VBN . NNP VBD JJ JJ NNS IN PRP$ NNP NN RB RBR , IN NNP CD , CC IN NNP DT NNP NN VBD IN IN $ CD CD TO VB JJ NN IN DT NNS VBP RB . NNP POS NN VBD DT NN NN NN IN RB CD NNS . NNP CC NNP , IN NN IN NNP POS NN , VBZ RB VBG PRP IN NNS , NNS CC NN NNS . IN NNP CD DT NNP CC NNP CC NNP VBD JJR IN $ CD CD TO VB JJ JJ JJ NNS , WDT VBP VBN TO VB IN NNP IN DT JJ NN VBZ RP . IN DT NN IN NN IN JJ NNS VBZ VBN RB JJR IN PRP MD VB VBN VBG DT NN NN , EX VBZ DT NN IN DT VBN NNS IN RB VBN NNS MD RB VB NNS . RB , NNP HYPH NNP HYPH CD VBZ RB VB TO VB RB RB IN NN , VBG IN DT JJ NN , IN VBN , MD VB NN IN DT JJ NN . IN NN IN NN , DT NNS VBP VBG DT NNS IN `` NN NN '' : DT NN IN DT NN MD RB VB NNS IN NN HYPH CD , DT NN WDT NN HYPH NN HYPH CD VBZ . NNS VBN DT JJ NNP NN IN CD VBD VBG NN . NNP VBZ NNS WP VBD VBN IN DT JJ NN NNS VBD RB VB NN NN . CC DT NNS RB VBD PRP IN JJ HYPH NN JJ NNS IN DT NN : WDT VBD RB CD NNS IN RB CD NNS : VBD RP IN RB IN DT NN . NNS VBP VBG DT NN NN IN DT NN HYPH NN HYPH CD NN IN NN IN VBG NNS IN JJ NN NNS IN RB CC IN JJ IN JJ NNS IN NNS . RB DT NN VBZ CD NN IN DT NN , CC NNS RBR , TO VB JJ IN NN NNS VBP JJ , IN NN NN VBZ JJ CC IN NN VBZ RB VBN . NN IN NN NNS JJR NN . VBG DT NN IN NNP HYPH CD MD VB JJ NN NN . DT NN HYPH NN CC NN NNS VBP RB VBN VBN RP IN NNS IN NNS , CC JJ NNS JJ IN NNP CC NNP MD RB VB JJ NN IN HYPH NN . VBG IN NNP , DT NN NN VBZ JJR NN HYPH VBG IN DT NN , CC RB VBD PRP '' MD VB VBN RP RB . '' NNP CC NNP VBD DT NN NN TO VB NNS IN NNS IN DT NN IN NNP , WDT VBP RB IN JJ JJ NNS . DT JJ NNS VBP VBG JJ NN NNS WDT MD VB RBR . DT NN NN VBZ DT JJ NN RB , VBG IN NNP NNP NNP , DT NN CC NN NN IN NNP NNP NNP . CC PRP VBZ DT NN IN DT NNS NN CC DT JJ NN NNS VBP VBG IN PRP VBP VBG : `` PRP VBP RB JJ . '' VB JJR IN DT NN NN IN JJ NNP RB . CC VB NN IN PRP$ JJ NN IN NNS RB ."
547,143,mainstream,"NNP NNP VBD DT JJ NN NNP TO VB , VB CC VB DT RB HYPH VBN NN HYPH CD NN IN DT NN IN DT NN , DT NN WDT RB DT IN NN IN DT NN VBP VBZ RB JJ . NNP VBD DT $ CD HYPH CD NN MD VB DT NN IN VBG CD CD NNS TO VB IN NNPS IN NNP . NNS VBD DT NN MD VB TO VB CC VB DT NN IN NN NNS , JJ NN CC DT NN . DT JJ JJ NN CC DT NNP CD HYPH NN NN MD VB DT NN , WDT DT NNP NNP VBD NNP NNP NNP . `` PRP VBP VBG TO VB PRP IN DT NN IN DT NN IN PRP MD , '' NNP VBD IN DT NNP NNP . `` JJ NNS VBP VBG VBN . '' CC NNP RB VBD IN DT NN IN DT NN , VBG IN NNP VBZ RB IN DT NN IN DT NN NN , WDT VBZ VBN RB CD NNPS CC VBD DT NN . `` PRP VBP TO VB CD NN JJ : NN CC DT NN , PRP VBP RB , '' PRP VBD . PRP VBD DT NN PRP VBZ VBN IN DT JJ NNP NN NNS VBD VBN CD NNS RB , IN DT NN MD RB `` VB RB '' IN PRP$ JJ . `` PRP VBP RB VB NNS TO VB DT VBZ RB JJ IN DT NN , '' PRP VBD . JJ NN NNS VBP IN VBG DT JJ NN IN NN IN JJ NNS IN JJ NNS TO VB IN PRP VBZ JJ CC JJ . DT NNP NNPS IN NNP VBZ CD CC CD JJ NN NNS MD VB JJ IN JJ HYPH NN NN IN NNP , IN JJ NNS JJ TO VB . RB IN DT NN , RB DT CD NN NNS VBP VBN RP IN JJ HYPH NN NN CC NN NNS . DT NNS VBP JJ TO VB JJ NNS CC TO VB JJ NN NNS . DT NN RB VBZ JJ NNS , CC DT IN DT NN POS JJS JJ NNS VBP VBG IN NNS IN DT NN IN DT NN TO VB RP DT NN . NNP NNP NNP , DT JJ NNS NN IN NNP NNP NNP IN NNP NNP , VBD VBG DT NN IN DT NN VBZ `` JJ IN PRP VBP VBG TO VB NNS DT JJ NN IN NN CC NN . '' CC PRP VBD PRP VBZ JJ NNS MD VB DT JJ NN VBN NNS IN NN NNS , VBG DT NN IN `` NN NN NNS '' WDT VBP NNS TO VB JJ NNS IN VBG DT NN IN NN , CC DT NN TO VB NNS IN JJ NN IN NNS VBP IN JJ IN DT JJ NN MD VB . `` DT IN DT VBZ VBG TO VB NN RP , CC NN VBZ TO VB RB , '' PRP VBD . NNP NNP NNP NNP , DT JJ NNS NN IN DT NNP NNP IN NNP NNPS IN DT NNP IN NNP , VBD IN DT NN VBZ VBN `` VBN RB RB RB . '' `` NN VBZ TO VB CC IN NN WDT VBZ RB RB DT NN , '' PRP VBD . `` VBZ PRP JJ . RB . '' NNS VBN IN DT JJ NN VBD DT NN POS NN . NNP NNP , WP VBD NN IN NNS IN JJ JJ NN NNP IN CD , MD VB DT NN . PRP VBD JJ JJ NNS VBP VBN VBG . `` DT NNS VBP PRP VB RB RBR JJ IN PRP MD VB JJ TO VB DT JJ CD CD NNS IN NN IN DT NN IN CD , '' NNP VBD . `` CC PRP MD VB DT JJS PRP MD . '' NNP . NNP NNP , DT VBG NN IN DT NNP POS NNP NNP , MD VB IN JJ JJ NN . PRP VBD DT NN `` DT JJ NN , '' CC VBD NN IN PRP$ NN . `` VBG NNS CC PRP MD VB IN DT NN IN DT NN DT NN IN NN , '' VBD NNP NNP NNP NNP . NN IN DT NN VBZ VBG DT NN TO VB NN NN IN DT NN VBZ JJ IN NN TO VB NN WRB CD VBZ VBN JJ CC JJ . NNP NNP NNP , DT NN IN DT NNP CC NNP NNP , VBD NNP IN DT NNP NN IN PRP$ NN MD VB RB CD NN NNS IN JJ NNS , CC RB VB CD IN CD TO VB IN JJR NNS IN NNS . NNP NNP NNP , DT VBN JJ NN IN DT NN NN VBN IN VBG NNS , VBZ VBN NN IN DT NN POS NN TO VB DT NN . `` PRP$ NN VBZ IN PRP VBP RB RB , CC VBP VBG RP JJ NNS , PRP MD RB VB DT JJ NN IN DT NN IN DT NN , '' NNP VBD DT NNP NN IN NNP . `` RB PRP VBZ RB VBG TO VB DT NN . '' NNP POS NNS IN DT NNP NNP VBD IN NNS VBN RP IN JJ NNS IN NNS VBN IN DT NNP NNP WP VBD VBG VBN NN NNS . NNP VBD DT NN IN DT `` NN IN NN '' IN PRP . NNP NNP NNP , DT NNP NNP NN NN NN , CC NNP NNP NNP , DT NN POS JJ NN , VBD IN NNP CC VBD RB VB . DT VBD NN NNS , IN NNP VBD RB ."
548,332,mainstream,"WP VBZ NN DT NN . IN DT NNS IN DT NN , PRP VBZ IN PRP VBZ VBN RB JJR TO VB . JJ NN VBZ PRP JJ IN NN TO VB DT NN , CC DT VBZ VBN NN IN DT NN VBN IN DT JJ NN . DT NN HYPH VBN NNS IN NN IN JJ NN IN JJ NN POS NN IN DT VBZ PRP MD VB IN NNP CC VB PRP$ JJ NNS IN DT JJ NN IN DT NN PRP VBZ JJS NNS TO VB DT NN . IN PRP VBZ DT NN RB NN MD VB , VBZ DT NN IN DT NN VBN . WP VBD NN VBN TO VB . DT NN NN VBZ VBN IN NN IN DT NNS , RB IN JJ NN VBD DT NN . PRP VBZ IN DT JJ NN , VBG `` TO VB '' CC `` VB . '' CC IN JJ NNS , NN VBZ RB IN `` DT NN WP VBZ JJ NNS CC NN IN DT JJ NN . '' DT NN VBZ RB NN WP VBZ IN DT NN , IN DT NN IN PRP VBP VBN DT NN . PRP VBP NN WP MD VB IN DT NN IN NNS NNS CC WP VBZ VBN PRP$ NN IN NN , IN DT NN IN NN CC NN . DT NN VBZ NN , NNS IN NN , TO VB . CC WRB DT NN VBD RB , PRP VBD DT NN PRP VBP IN NN . RB , NN MD VB PRP$ NN IN DT NN -LRB- CC VB JJ IN PRP -RRB- , NN MD VB DT NN , NN MD VB DT NN IN DT NN , NN , CC NN . DT NN VBZ VBN DT JJ NN IN DT NN IN PRP VBZ VBN JJR NNS DT NN , RB DT JJ NNS WP VBD VBG VBN IN IN DT NN . CC PRP RB VBZ DT NN IN DT NNS IN JJ , JJ NNS RB VBP VBN RP RB . WRB VBZ NN VB PRP VBP DT NN RB . DT NN IN NNP VBZ TO VB NN WRB TO VB DT NN IN JJ NN . VB CD . `` VB NN PRP VBP JJ IN , CC VB VBG IN PRP . '' VBG NN VBZ DT NNS VBN RP IN DT NN , VBZ JJ NN , CC RB RB VBZ DT JJ NN IN NN , VBP PRP RB VBN TO , VB , VB RP IN DT JJ NNS IN JJR IN CD NNS IN NNP , NNP , NNP , CC NNP NN . PRP MD VB JJ TO VB IN DT NNS MD VB JJ NN CC NNS IN NN . RB NN VBZ DT NN IN VBG JJ TO VB DT NN NN , VBZ JJ NN , CC VBZ RB VBN JJ RB RB TO VB VBN DT NNS HYPH JJ NN , CC DT VBZ RB VB PRP$ NN CC NN RBR JJ . EX VBP JJ NN HYPH VBN NNS WP VBP PRP$ NNS . PRP VBZ RB IN DT NN CC PRP$ NN NNS VBP RB RB VB PRP JJ IN NNS TO VB WDT NNS MD CC MD VB VBN . DT NN VBZ VBN DT NN IN DT RB HYPH VBN NN NN . DT NN VBZ `` NN WP VBZ PRP$ NN IN DT NN IN VBG DT JJ NN IN PRP . '' VBP DT NN . WRB DT NN VBD IN DT NNP NNP NN , RB NNP , NNP , NNP CC NNP , PRP VBD DT JJ NN IN JJ NN IN WRB DT NN VBD TO VB NNP . JJ NN NNS RB VBD RP DT NN IN DT NN VBD VBN VBN IN VBG DT JJ NN , WDT VBD DT NN IN RB JJR NNS . RB , DT JJ NN IN `` NNP NNP NN '' IN NNP VBZ DT JJ NN IN NN NN , NN NN , DT NN IN NNS IN DT NN , CC WRB TO RB VB DT NN NN . CC PRP VBZ JJ NNS , RB NNS , WP VBP VBG DT NN IN DT NN . DT VBZ RB RB DT JJ NN , RB . IN NN , DT NN NNP NNP VBZ RB VBN DT JJ NN TO VB IN NNS IN JJ NNS WDT MD RB VB RB JJ CC JJ NNS . PRP VBZ DT NN NN VBN NNP NNP , WRB PRP VBZ NN NNS IN PRP$ JJ NNS , JJ NNS , CC JJ NN NNS . `` PRP MD VB TO VB JJ `` NNS '' IN DT NN NN , JJ NNS CC NN NN , '' PRP VBZ IN DT NN POS NN . `` PRP MD VB , IN DT JJ NN IN JJ HYPH NN NNS , DT NNP NNP . '' CC , NN NNS VBP RB DT : NNS WP VBP RP DT NN IN NN PRP MD VB VBG IN PRP$ JJ NNS . DT NN VBZ WRB DT NN IN NNS VBZ NN WDT VBZ RB VBN IN `` NN MD VB DT NN . '' IN NNP NN VBD DT JJ NN NN IN DT NN IN NNP CD , DT NN NNS VBP RB IN NN , VBG NNP NNP , DT NNP NN WP VBD DT NN IN DT NN TO VB TO VB PRP$ JJ NN IN JJR NNS . DT NNS CC NN NNS VBG NN VBP JJ NN CC NN IN DT JJ NN . JJ IN DT NNS WP VBP VBG RP IN NNS VBP RB . CC RB , NN IN NNP VBZ RB CD NNS IN NNP , JJ IN WP VBP VBG PRP$ NNS IN NN . IN JJ NNS , PRP$ VBG NNS IN NN VBP VBN IN JJ NN CC NN IN DT NN WDT VBD RB VBN IN DT NN CC JJ NN . CC IN JJ NNS VBZ JJ NN . CC DT NN IN RB NN MD VB NN IN DT VBN NN MD VB PRP TO VB RB CC RB IN WP PRP RB VBZ TO VB DT NN . RB PRP DT VBP TO VB RP TO VB NNS IN VBG IN DT JJ NN RB IN PRP$ NNS . IN JJR IN DT NN IN NN IN NN POS JJ NN , VB PRP$ NN IN PRP$ CD NNP IN DT NNP : NN . NNP NNP VBZ DT JJ NN IN NNP , NNP . PRP$ NN VBZ VBN VBN IN NNP , NNP NNP , NNP , CC JJ NNS . IN JJR IN NNP , VB : `` WRB MD RB NNS VB . '' NFP `` VBZ PRP NN IN DT NNS TO VB DT NN `` NN '' . NFP '' VBZ `` JJ '' DT JJ NN TO VB TO VB NN POS NN . '' NFP `` WP VBZ PRP VB TO VB JJ . ''"
549,718,mainstream,"PRP$ JJ NN NN VBZ PRP RP IN NN IN DT JJ NN IN NN NNS . NN NN VBZ DT JJ NN WDT MD VB NN . PRP VBZ VBN IN DT NN VBN NN NN , CC VBZ VBN RBS RB IN VBN NN CC NN . NN MD RB VB VBN IN JJ NN HYPH IN HYPH NN NN IN VBN NNS -LRB- JJ IN VBZ IN NNS VBG IN DT JJ NN -RRB- . DT VBN NNS VBP RB VB TO VB JJ , CC PRP MD RB VB DT NN IN NNS . NN NN VBZ RB JJ IN DT NNP CC JJ NNS IN DT NN WDT VBP JJ NN CC NN -LRB- NN -RRB- NNS . RB , PRP VBZ DT NN IN NNS IN DT NN WDT VBP RB VB JJ NNS . IN PRP VBP VBG IN JJ NNS CC JJ , IN HYPH IN HYPH DT HYPH NN NNS , NN NN MD VB VB PRP IN NN NN . DT NNP NNPS IN NNP NNP -LRB- NNP -RRB- RB VBP NN IN DT VBG NNS IN DT NN : NN NN VBN IN NN VBZ VB NN NN , CC VBZ RB VB CD NN NN . RB , PRP VBZ RB JJ TO VB VBN NNS CC NN CC NN WDT MD VB VBN , RB IN PRP VBP VBN DT NN . TO VB DT JJS JJ NN IN NN , PRP MD VB DT NN IN JJS CD NN IN PRP VBP IN NNS WRB PRP MD VB VBN IN NN . IN PRP MD VB VBG RB IN NNS IN DT NN WRB NN VBZ DT NN , PRP MD VB DT NN -LRB- VB -RRB- NN IN DT NN DT CD NNS . NN NN VBZ TO VB VBN RB IN CC IN DT NN IN DT NN . DT NN VBZ JJ IN DT VBG NN NNS :"
550,309,conspiracy,"NNP POS NN NN VBD DT NN VBG NN NNS , VBG NN NNS , CC VBG NNS VBG NNS TO VB PRP$ NNS . IN PRP VBP RB VBN DT NN IN NNP POS NN IN NNS , DT NN MD VB VBG IN DT NN IN DT NNS WDT VBP RB VBN JJ NNS CC VBN NNS . IN NNP , NN NNS VBD PRP VBP TO VB DT NN IN NNS VBN IN VBG NN IN NN HYPH JJ NNS . DT NN , NNS VBD VBN CD NNS TO VB PRP$ NNS CC VB DT JJ , JJ , CC JJ NN . NFP MD DT NN VB VBG NN IN DT JJ NN VBG JJ NNS . DT NN POS NN IN NN NN NNS , NNP NNP , VBD IN IN IN DT NN , RB CD NNS VBD RB RB IN NN IN NN NNS . PRP VBD DT JJ NN VBZ VBG NNS VBP IN NN TO VB WRB DT NN VBZ RB VBN VBN CC VBN DT NN , CC VBG TO VB VB NNS . JJ NN NN , JJ CD NNS VBD CC DT NN HYPH VBN NNS CC DT NN . VBG IN DT NNP : RBR DT NN , DT NN NNS VBD VBN IN DT NN IN NN NN WDT VBD PRP IN VBG NN NNS WP VBD RB VBN VBN . NNP VBZ VBN DT NN VBD VBN TO VB NNS IN IN NN NNS IN DT NN VBD VBG DT JJ NN , IN NNS VBD VBG NNS VBD RB DT JJ NN IN VBG NNS TO VB DT JJ NNS . LS NFP NNP NN NN : JJ NNS VBP JJ , VBZ PRP VBZ NN VBN NN DT NN , IN IN DT NN NN NN , VBZ VBN NNS IN NNS IN NNS IN DT RB CD NNS VBN IN JJ JJ NNS . NNS RB VBD DT NN TO VB NNS VB NNS CC VB JJ NNS . PRP RB VBD RP DT NN IN NN IN DT NNS VBN IN NNS IN DT NN NN . NNP VBD : NFP NNP NNP NNPS VBN IN NN VBZ PRP JJR TO VB JJ NNS NNP NNS VBZ IN NNP POS NN NN NN NNS VBP RB IN NN IN DT NN IN DT NNS . IN DT CD SYM CD NN NN , CD NN IN NNS VBD IN JJS CD NNS IN DT VBN NN NN . DT NN NN VBD CD NN . NN CD : NN TO VB RB VBN , IN NNS IN JJ NN"
551,957,mainstream,"NNS VBP VBG IN DT JJ NN IN NN IN DT NNP MD VB VBN IN DT JJ NN VBZ JJ IN NN . IN NN NNS IN DT NNP VBP TO VB IN VBN NN IN NN NNS , DT NN VBZ VBG NNS TO VB DT JJS JJ NN NNS . NFP VB PRP$ NN JJ NN IN DT JJS NN CC NNS MD EX VB DT JJ NN IN NN IN DT NNP . PRP VBZ RB RB VBN IN EX MD VB DT JJ NN IN NNP HYPH CD IN NN NNS VBG DT JJ NN NN IN DT NN . RB , JJ NNS VBP VBN IN DT JJ NN IN NN VBD VBN . DT JJ NN IN JJ NNS CC NNS VBZ VBN IN DT JJ NN IN NN , IN JJ NNS VBG PRP$ NNS NN . CC NN NNP NNP NNP VBD PRP MD VB `` RB JJ '' IN DT NNP VBD DT NN IN NNP HYPH CD . PRP VBD DT NNP IN NNP NNP CC NNP NNP : `` VBN DT NN IN DT NN VBZ RB VBN RB VBN , PRP VBP RB RB IN NN , CC PRP VBP RB HYPH RB RB VBG , CC DT RB JJ NN IN NNS IN DT NN . `` PRP MD VB RB JJ IN PRP VBD DT JJ NN . `` PRP VBP DT JJ NN VBZ , VBP PRP VBG TO VB DT NN IN JJ NNS IN DT NN CC RB DT JJ NN , CC VBP PRP VBG TO RB VB DT JJ NN CC WRB MD DT VB . '' IN CD NNP , NN JJ JJ NN NNP NNP VBD DT NNP VBZ `` RB VBG '' IN DT JJ NN IN NN . WRB MD DT NNP VB DT JJ NN . IN NN NNS , NN NNS CC NNS , DT NN RB VBZ DT NN TO TO VB PRP$ NN IN JJ NN NNS . NNS VBP NN IN NNS , JJ IN VBG NN NNS IN JJ NN CC VBG CD NNS RB IN NNS , MD VB DT NNP TO VB DT JJ NN IN NNS CC NNS . IN NNP , RB CD JJ NNS IN DT NN VBD VBN , DT JJ JJS JJ NN IN NN VBD VBN IN CD NNP . NN IN NNP JJ NN NNS VBP IN TO VB DT NN IN DT JJ NN , NNP VBZ TO VB IN CD . NNS MD VB JJ NNS IN DT JJ NN NN DT NN , IN DT NN IN DT NN TO VB VBN RP IN NNP . NNS IN NNP NNP NNP MD VB VBG DT NN IN CD JJ NNS WDT , IN NN NN , VBD JJR NNS IN NNS IN NN HYPH CD IN DT WP VBP DT NN . DT NN , VBN IN $ CD CD IN NN NN CC $ CD CD IN JJ NNS , VBZ DT JJ JJ NN NN TO VB JJ NNS IN NNP NNP . NNP , DT NNP HYPH VBN JJ NN , VBD RP IN NNP NNP TO VB CC VB DT NN IN JJ NNS VBP JJ . DT NN VBZ PRP VBZ CD NN JJ DT NN MD VB JJ IN NNP . JJS NNS VBP DT NN MD VB JJ IN NN . CC DT NN IN NNP VBZ PRP$ NNS MD VB IN PRP$ NN VBZ IN DT NN ."
552,328,mainstream,"PRP$ NN IN DT NNP NN IN ADD VBZ VBN RB VBN IN IN DT JJ NN , NN NN VBG PRP$ NN . DT VBZ RB DT NN IN DT NN NN JJ IN DT NN CC NN . PRP MD VB NN RB JJ IN DT NN RB NN CC VBG WRB TO RBR VB NNS , ADD IN RBR JJ NN JJ IN PRP$ NN VBZ RB VB DT NN IN JJ NNS TO RB VB PRP$ NN . TO VB NN CC VB WRB TO RBR VB IN PRP$ NN TO VB DT IN DT NN , UH VB PRP$ NN NN VB NNP ."
553,732,conspiracy,"DT JJ NN VBZ JJ TO VB IN JJ JJ NNS IN NN VBG NNS -LRB- UH , NNS -RRB- RB RB IN JJ NNS TO VB DT NN . IN DT NN TO TO VB NN , DT NNP CC NNP NNP -LRB- NNP -RRB- VBZ VBG DT NN IN NNS TO VB NNS WP VBP VBG JJ JJ NNS IN NNS IN NNS VBG JJ JJ NNS . DT NNP POS JJ NN NN NN , WP RB VBZ RP NNS IN JJ NN NN POS NNS CC NNS , VBZ RB VBG DT NN IN NNS IN PRP MD VB JJ NN IN PRP VBP TO VB DT JJ NNS WDT VBP VBG NNS IN JJ NNS . DT NN IN DT NNP VBZ IN `` EX VBZ DT NN IN NN . '' RB , DT NNS CC NNS VBG TO `` VB '' NN VBP RB VB CC PRP MD RB VB NN VBG DT IN PRP . RB VBN NNS WDT VBP JJ CC JJ , IN JJ NNS IN JJ NN CC JJ NN NNS VBP VBG VBN IN DT NNP IN VBG JJ NN NNS . RB , DT NNP VBZ VBG PRP IN VBG DT JJ NN IN `` VBG DT NNS IN VBG JJ CC JJ NNS . '' VBG NNP NNP VBZ WP DT NNP VBZ JJS RB WP VBZ DT NNP POS JJ NN . IN RB , TO VB JJ NNS IN NN . RB CD NN RB , DT JJ HYPH RB NN VBN IN NNP IN NNP NNS TO VB JJ NNS . NNS VBP JJ NNS IN NNS IN DT NN NN NN WDT VBZ VBN VBN IN NN IN DT JJ NN IN JJ NNS VBG IN JJ JJ NNS . PRP VBD DT NN HYPH VBN NN IN DT NN . DT NN NNS MD RB VB DT JJ NNS JJ IN NN CC NN NN VBZ IN IN DT NNS IN JJ NNS IN WDT JJ NNS VBP JJ NNS . DT JJS JJ NN IN NN NN POS NN VBZ IN IN DT NN IN JJ NNS IN DT NN WDT VBP VBG TO VB DT NN IN DT NNS . JJ NNS VBP VBN DT NNS CC PRP VBP RB VBN IN DT VBG DT NN . JJ NN NNS VBP RB VBG JJ NNS IN NN NNS RB JJ IN DT NN , JJ IN NNS , WDT VBP VBG VBN TO VB DT JJS NNS NNS MD VB PRP$ NNS TO VB , RB IN DT NNS VBP RB DT VBN NN IN NN . DT NN IN NN NNS MD VB DT JJ NN IN WRB DT JJ NN VBZ NN NN NN -LRB- NNP -RRB- . DT NNP MD RB VB VBG NNS IN JJ NNS WDT VBP VBN TO VB NNS VB JJ NNS IN NN . DT NNP VBZ RB VBN DT NN IN NNS JJ IN NN CC NN TO VB NNS WP VBP JJ NNS CC NN . VBG IN NNP NNP , NNP , NNP POS JJ NN NN NN , DT NN VBZ VBN DT NN IN NNS IN PRP VBP VBG JJ JJ NN IN PRP VBP TO VB JJ CC JJ NNS IN NNS CC NNS VBG TO VB CC VB NN . RB WDT NNS IN NNS VBP DT NN VBG . RB DT NNS WDT VBP . PRP VBP NN NNS , JJ NN NN , NNS , NN NN HYPH CD NNS , JJ NN CC JJ JJ NN NNS . NNS VBP RB VBG IN JJ CC JJ NN WDT VBZ VBG IN JJ NNS TO VB JJ IN VBG DT NN CC RB VBG NNS VBN IN NN NN NN . EX VBZ DT JJ NN CC NNP NNP HYPH VBN JJ NN IN DT JJ NNS IN NN NN NN -LRB- NNP -RRB- CC NNS VBP VBN JJ IN DT NN IN DT JJ NN . NN VBZ VBN RB IN DT NNP IN NNP CC NNP NNP VBD IN JJ CC JJ NN -LRB- NNP -RRB- VBZ JJ IN NNS IN JJ NNS IN JJ NNS , CC PRP VBZ VBN IN JJR JJ NN . JJR NN MD VB WRB NN NN NNS MD VB NNS IN VBG NNS IN NN NN . DT NN VBD RB CD JJ NNS IN CD CC CD NNS IN NN CC JJ NN WP VBD VBN IN DT NNP NNP NNP IN NNPS CC DT NNP -LRB- NNP -RRB- NN . IN DT NNS , CD VBD VBN IN NN CC CD VBD VBN IN JJ NN . NN NN VBD RBR JJ IN NNS IN NN IN NNS VBN IN JJ NNS IN JJ NN , CD NN IN CD NN RB . RB CD NN IN NNS IN NN VBD IN DT NN HYPH JJ , NN HYPH JJ NN , RB NNS IN JJ JJ NNS . DT NN HYPH JJ , NN HYPH JJ NN MD VB IN NNS IN NN CC JJ NNS IN NNS VBN IN DT NN NN NN -LRB- NNP -RRB- , VBG IN NNS IN NNP NNP . `` PRP$ NN VBZ IN NNS CC JJ NNS VBP TO VB IN NN NN IN DT NN IN VBG NN IN NNS IN NN CC JJ JJ NNS , CC VBP DT RBR JJ NN IN VBG NNS VB NNS IN NN NNS VBN IN JJ NN JJ IN JJ NNS CC NNS , '' VBD NNP NNP NNP , JJ NN CC DT JJ JJ NN IN DT NNP NNP , WP RB VBZ NN IN DT NNP IN NNP NNP IN NNP NNP NNP NNP , NNP . NNP NNP HYPH NNP , NN IN JJ NN NNS CC JJ NN IN DT NNP NN , VBD DT NN VBZ DT JJ NN IN VBG VBN NNS IN JJ NNS . EX VBZ DT NN IN NN CC NN WDT RB VBZ JJ JJ NN NNS . IN DT NN IN DT JJ NN , NNS IN DT NN NN , RB RB IN JJ JJ NNS VBP JJ , VBG IN DT VBN NN TO RB VB RP JJ NNS . WRB VBN IN JJ JJ NNS , DT NN IN DT RB VBN NNS VBP VBN TO VB NN -LRB- UH , NN -RRB- . DT NNS -LRB- JJ NNS -RRB- VBP IN IN DT JJ NN , IN DT NN NN CC VBP DT NN , JJ NN , VBG DT NNS CC NNS VBN IN NN . VBN NNS IN JJ NNS JJ IN NN -LRB- VBG IN JJ NN -RRB- VBP DT NN IN NN . IN NNP IN CD , DT NN IN NNS CC NNS VBN IN NNP NNP , NNP RB IN DT NNP NNP NNP , VBN IN DT NNP NNP NNP RB IN NNP , NNP , VBD JJ DT JJ NN VBN `` NNP CC NNP '' . NNP VBZ DT NN WDT VBZ JJ IN DT NN IN NN IN JJ NNS , RB JJ NNS CC JJ NNS . DT NN VBZ DT NN IN CD NNS IN DT JJ NN IN JJ HYPH VBN JJ NNS . DT NN IN DT NN VBD IN `` RBS JJ NNS VBP NN IN NN -LRB- NN -RRB- NN CC DT NN MD VB DT JJ NN IN NN HYPH NN NNS '' . NN : DT NN NNS IN NNS VBP VBN . NNP RB VBD IN `` NN NN CC NN MD VB IN DT NN IN CD NNS : -LRB- LS -RRB- DT JJ NN VBG JJ CC JJ NN NN , VBN IN -LRB- LS -RRB- DT JJ NN IN JJ NN WDT VBZ NNP . '' VBG IN NNP POS NN , IN NNP VBZ VBN , DT NN IN JJ NNS VBP , VBG : : NN IN NN CC JJ JJ NNS : NN CC NN IN DT JJ NN NFP NN IN NN CC NN NNS IN NN : NN IN NN NN IN DT NNS : NN IN NNS WDT VBP RP NN CC NN NNP POS NN VBZ : `` NNS IN JJ NNS WDT MD VB NN NNS VBP -LRB- LS -RRB- JJ NN NN , -LRB- LS -RRB- NNS IN DT NN NN NN , -LRB- NN -RRB- NN NN , CC -LRB- NN -RRB- NN IN NN NN NNS -LRB- NNS -RRB- . '' NNP VBZ RB VBN IN JJ NNS IN NN IN IN PRP$ JJ NN IN DT NN NN . NN VBZ VBN IN DT JJ NN VBN IN DT NN NN . JJ NN VBZ VBN VBN VBG DT RBS JJ NNS IN DT NN NN . DT NN VBZ IN NN CC VBZ VBN TO VB IN NN . RB , IN DT JJ NN VBZ VBN VBN IN NNS , JJ CC DT NN VBZ VBN . RB , JJ NN , CC JJ NNS IN NN VBP VBN VBN IN DT NN NNS IN NN . IN NN VBZ RB JJ IN DT NN NN , VBN NNS VBP TO VB IN DT NN IN JJ JJ NNS IN RB VBN IN NNP NNP CC VBN RP IN JJ NN . DT VBP DT NN IN DT NN CC NN NNS . VBG VBZ DT NN IN `` NN VBZ JJ . WRB DT NN VBD VBN CC WRB TO VB PRP '' IN NNP NNP NNP NNP VBG DT NNS . `` NNP VBZ DT RB JJ NN WDT VBZ JJ IN PRP$ NN . PRP VBZ NN HYPH VBG NNS CC VBZ NN CC NN -LRB- PRP VBZ WRB NN NNS VBP TO VB JJ IN NN NNS CC WRB PRP VBP NNS -RRB- . NN IN DT NN NN VBZ DT NN VBN NN . NN VBZ JJ TO VB JJ NNS VBG DT JJ NN IN DT JJ NN CC DT JJ NNS IN DT NN . PRP VBZ RB DT NN IN DT RBS JJ VBG NN IN PRP$ NN , NN . DT NN VBZ RB JJ IN IN PRP$ NN VBZ IN DT JJ NN IN DT NN , DT NN MD NN HYPH VB . NN VBZ RB DT JJ NN TO VB JJ NNS IN IN DT NNS . DT JJ NN TO VB DT NN IN JJ NNS CC VB JJ NN IN NN IN NN HYPH CD NNS . NN IN JJ NN IN NNS VBZ TO VB DT NN NN -LRB- VBN RBR -RRB- VBG RB IN JJ NNS , VBG IN DT NN IN JJR NNS IN NN IN JJ JJ NNS . IN NN VBZ VBN , JJ IN DT `` JJ '' NNS -LRB- NN NN , JJ NN NN , FW -RRB- VBP TO RB PRP , CC NN IN NNS VBZ VBN CC VBN . CC DT NN VBZ NN RB IN NN HYPH NN VBZ JJ . RB DT JJ NN IN NN HYPH NN VBZ VBN . CD NN -LRB- WDT MD VB VBN IN DT JJ NN IN DT NNS -RRB- VBZ VBN RB DT CD NNS . NN IN NN HYPH NN NNS VBD DT JJ NN IN DT NN CC NN IN PRP$ NN CC IN DT NN IN DT NN IN NNS WDT PRP VBP VBN IN NNP . -LRB- VB NNP RB -RRB- NNS IN NN . NNP VBZ DT JJ NN IN JJR NNS WRB DT NN NN VBZ RBR JJ . NNP . NNS PRP VBP VBN TO NN IN DT JJ NN -LRB- CC RB DT -RRB- JJ NNS WDT VBP NN NN NNS VBP `` NNS '' , CC DT VBP RB VBN . DT NN IN NN MD VB VBN RB -LRB- VB ADD IN NN CC VBN NNS -RRB- . DT NN WDT VBZ VBG NN IN DT `` NN DT NNP NNP '' NN VBZ DT NN IN NNP NNP NNP -LRB- NNP -RRB- . NNP VBZ DT NN IN NN IN DT NN POS NN VBZ IN DT JJ NN . PRP VBZ JJ CC RB VBZ RB JJR IN PRP VBD DT NN IN NN , CC IN NN PRP VBZ JJ CC JJ . IN DT NN CC NN IN NNP . NNS , NNS MD VB CC VB `` JJ '' NNS CC VB PRP RP IN NN . NNP VBZ IN JJR NNS IN NN TO VB JJ IN DT JJ NN , NN IN VBG DT NN WDT RB `` VBZ '' NN IN DT VBN NNS . VBN NNS IN NN IN NN NNS VBZ IN NN NN . JJ NNS CC JJ NN IN NNP IN JJ NNS VBZ TO VB IN DT VBZ DT JJ VBG NN IN DT NN IN NNS . IN NN , NN IN NNP VBZ TO VB DT NN CC NN IN NNS WDT VBP IN DT RB JJ NN IN JJ NNS . -LRB- RB VB `` NNS IN NN '' IN DT NN IN DT NN IN NNP IN DT NN IN NN CC NNS . -RRB- NN VBZ DT JJ NN IN JJ NNS CC JJ JJ NNS VBN RP IN DT NNS IN NNS . DT NN IN DT JJ NN NNS RB VBN . NN VBZ VBN IN DT NN WDT VBZ VB DT NN IN DT NNS IN IN PRP MD VB VBN IN DT NN . IN DT RBS JJ NNS IN JJ NN NN NN VBG NN , NN CC NN JJ NN IN NN DT NN IN NN NNS VBP JJ . NNP -LRB- NNP NN -RRB- VBZ VBN VBN IN DT NN IN NNS , RB PRP POS JJ NN VBZ JJ IN DT NN NNS JJ IN NN IN JJ NNS IN DT NN . RBR JJ CC JJ NNS VBP JJ , JJ , JJ , JJ , CC VBN NNS VBG NN CC NN . NNP NNP NN VBZ CD NN IN DT JJ JJ JJ NN IN DT NN NN . DT NNP VBZ RB VB NNS IN JJ NNS TO VB JJ NNS IN PRP VBP RB JJ . IN JJR NNS CC NNS IN NNS IN NNP VBP DT NNS , JJ NN MD VB PRP$ NN NN CC DT JJ NN MD VB DT NN IN DT NN . DT NN VBZ PRP VBP RB VBN DT NN CC RB VBP RB VB PRP RB . RB PRP MD VB NN CC VB CC VB NN IN DT JJS IN PRP$ NN IN EX VBZ DT NN RP . DT NN MD RB VB RB . NNP NNP VBZ DT JJ NN WP VBZ IN NN NN , NN NN CC DT JJ NN IN NN . NN : DT NN VBZ RB VBN TO VB JJ NN , NN CC NN . NNS VBN RB VBP RB RB VB DT IN NNP CC PRP$ NN . NFP NN NN NNS TO VB DT NN IN VBG DT NN IN DT NNS RB ."
554,540,mainstream,"IN NNP POS NN NNS VBP RB VBN , PRP MD RB VB DT NN IN NNS IN NN HYPH CD . DT NNP NNP NNP VBZ VBN IN DT NN IN `` JJ NN '' IN NNS WDT VBP RB VBG IN NN . DT NN VBZ DT JJS JJ NN TO VB IN DT NN . CC IN DT NN RB NNS CC RB NNS RB , PRP MD VB TO VB IN JJ NN NN NNS , IN WDT EX VBP CD JJ NNS . PRP VBP TO VB CC VB DT JJ NN IN NN HYPH CD , TO VB NN . NN VBZ DT NN PRP VBP NNS . IN RB NNS IN NNS MD VB DT NN , DT NN NN MD VB JJ HYPH NN , JJ NNS . VB JJR : TO VB IN NN IN DT NN , PRP RB VBP TO VB NNS IN NNS VBN NN NNS IN DT NNS VBP DT NN TO VB DT NN IN PRP VBP NN HYPH CD , CC JJ NNS RB VBP RB VB NN IN JJ HYPH NN NNS -LRB- JJ IN NN NNS -RRB- WP VBP RB VB NNS . IN VBN NNS WRB NNP HYPH CD NNS VBP VBN VBN : JJ IN DT JJ NN NN , NN NN CC NN : NN VBN MD VB VBN , IN EX VBZ DT JJ NN IN JJ CC JJ NN WDT MD RB VB VBN . DT VBD RB VBN IN DT NNP NNP NN NN , WRB RB DT IN NNS VBD VBN . DT MD VB VBN IN VBN NNS CC JJ NNS . PRP VBZ JJ TO VB JJ NNS IN DT IN PRP VBP IN IN NN . DT NN WP VBZ VBN IN NN IN DT VBN NN HYPH CD NN VBZ TO VB VBN CC VBN IN CD NNS . RB , PRP MD VB VBN . VBG DT NNP NN MD VB VB DT NNS RBR RB . JJ JJ NN NNS JJ IN NN NNS VBP RB VBG IN DT NN IN NNP . CC PRP MD VB VBG JJR NNS , JJ IN VBG DT NN IN CD NNS IN JJ NNS . NN NNS VBP NNS VBG VBN IN NNS IN JJ NNS . IN NNP , JJR IN CD NN IN NNS IN IN NNP CD VBD VBN IN NN . VBG DT NNS VBN MD VB JJ NN IN NNS IN NNP . PRP VBZ RB JJ TO VB VBG NN NNS , CC VBG NNPS VBG RB IN JJ HYPH NN NNS . DT NNP NN VBZ VBN RBR , VBG NN HYPH CD NN IN DT NNS . NN IN DT NNP NNPS VBZ VBN VBN TO VB DT NN NN , IN NN NN VBZ IN DT CD NNS IN NN NN CC IN DT JJ NN . DT MD VB VB DT NN , RB IN NN NN VBZ RB RB JJ , RB IN VBN IN JJ NN . PRP VBZ RB DT NN IN DT NN IN NNP , CC NNS MD RB VB VB NNS RB , CC MD VB NN TO VB IN DT VBG NNS IN VBN JJ NNS . IN IN HYPH DT HYPH NN NNS JJ IN JJ NN CC NN NN , PRP RB VBP DT JJ NN IN JJ NN NN , CC VBN NNS TO VB PRP WRB PRP MD VB VBG IN DT NN NN . IN NNS WDT VBP VBN DT NN CC VBN JJ NN IN NN HYPH CD , JJ IN NNP CC NNP NNP , EX VBZ VBN NN IN `` NN '' IN DT NN . VB JJR : PRP MD RB VB JJ TO VB NN , CC PRP MD RB RB VB PRP . RB VBZ DT NN CC IN IN DT JJ JJ NN NNS IN DT NNS , JJS NNS VBP JJ IN NN HYPH CD . DT VBZ JJ NNS VBP JJ IN DT CD SYM CD NNS CC RBR IN PRP VBP DT NN . DT NNS IN `` NN '' , `` NN '' CC `` NN '' VBD IN NN NNS . NN VBZ JJ , IN NN VBZ JJ CC JJ , CC `` NN '' VBZ DT NN WRB NN VBZ RB JJ . IN NNS , NNS MD RB VB IN NN , RB VBN IN NN , CC VBP RB VB IN VBN NN . DT NNP NNP NNP NNS IN DT NN IN NNS VBP : NFP NN JJ NN IN DT NN IN CD -LRB- VBG DT NN IN DT NN VBZ JJR IN CD JJ -RRB- CC IN DT NN IN NN HYPH CD , JJ NN CC JJ NN NN VBP RB JJ NNS . IN DT JJ NN IN DT NN , PRP VBZ JJ TO VB IN NN . JJ NNS IN NN CC NN VBP DT JJ NN CC DT NN NN , IN DT NNS , NN IN NN HYPH CD VBZ JJ . DT VBZ IN DT NN NN IN JJS , PRP VBP TO VB IN `` NN '' IN NN HYPH CD : VBG DT NN IN DT JJ NN . IN DT , PRP VBP TO VB IN VBN NN NN CC JJ , JJ NNS . JJ NN VBZ DT NN IN DT . PRP MD VB PRP WRB JJ NN VBZ JJ , CC IN PRP VBZ VBG . DT JJ NN IN DT NNS IN NN TO VB VBZ DT NN IN DT NNP NNPS , WRB DT NN IN DT NN VBD RB VBN IN PRP VBD RB JJ . WRB VBP PRP VB IN JJ CC JJ NNS . CD JJ NN IN DT VBN NN MD VB DT JJ NN IN NNS IN NN IN DT JJ NN . DT MD VB VBG JJ NN NN IN DT VBN NN IN NN -LRB- JJ IN CD NNS -RRB- , CC DT NN IN DT NN NN , DT NN IN WRB RB DT NN VBZ VBG . VB NN MD RB VB JJ IN VBG DT . NN IN DT VBN NN MD VB DT NN NN IN PRP VBP RB VBG IN DT NN NN . DT MD RB VB DT NN IN VBN NN , JJR JJ NN , CC JJ NNS . PRP VBZ JJ PRP MD VB VBG NN CC JJ NNS , CC MD VB TO VB TO VB NN HYPH CD IN JJ NNS IN JJR NNS . DT VBZ , IN PRP VBP DT NN , IN WDT NN PRP MD VB VBG IN VBG DT NNP HYPH CD NN IN DT JJ NN ."
555,854,mainstream,"NNP VBZ VBG RB IN NNS TO VB IN DT JJ NN MD VB IN NN TO RB VB NN HYPH CD NNS IN DT JJ NN , IN DT VBP VBN IN DT NNP NNP . DT NNP VBZ VBN DT NN IN NNP NNP IN NN IN DT NNP NNP CC NNP NNP NNP , DT JJ HYPH JJ NN IN CD JJ NN NNS , TO VB JJ NN IN NN NNS CC NNS WDT MD VB VBN TO VB DT NN , NN CC NN IN NN HYPH CD NNS IN JJ NN . DT NNP -LRB- NNP NNP HYPH CD NN NN -RRB- NN MD VB VBN IN DT NNP NNP NNP NNP -LRB- NNP -RRB- CC NNP NNP . TO VB DT NN HYPH CD NN , NNP MD VB TO VB JJ NN IN JJ NNS IN DT NN , NN CC DT NN IN DT NN . RB IN DT NN , VBN NNS MD VB VBN RB , IN DT NNP CC PRP$ NNP NNP NNP NNP -LRB- NNP -RRB- , IN VBN CC JJ NN NNS , VBG DT JJ NN IN VBN NN NNS VBN IN NNS CC NN NNS IN NNP , DT JJ NN IN VBN JJ NNS IN NNS . DT NN VBN IN NN IN NNP NNP MD VB JJ NN IN JJ NN TO VB NNS VBN NN IN JJ NNS CC NN HYPH NN IN JJ NN . DT NNS MD VB DT NNP HYPH JJ NN IN NN NNS -LRB- VBG NN NN NNS , NN CC NN NN NNS -RRB- CC VB PRP$ NN IN VBG DT NN , NN CC NN IN NN HYPH CD NNS . DT VBN NN MD RB VB JJ JJ NNS IN JJ NN WDT MD VB JJ NN IN DT NN IN NN HYPH CD NNS . DT NN VBN IN NNP MD VB VBN IN JJ NN IN NNP HYPH CD NN NN IN VBN IN DT NNP NNP IN NNPS NNP NNPS -LRB- NNP -RRB- IN PRP$ NN IN CD NNP CD . JJ NNS IN DT VBN NN VBP VBN IN NNP CD IN DT JJ NN IN DT NN IN DT NN ."
556,1149,mainstream,"DT JJ NN IN DT NNP NN VBZ VBN DT JJ NN NN VBN IN NNS IN NNP NNP NNP . IN PRP$ NN , NNP NNP VBD IN DT JJ NN , WP VBZ TO VB JJ , VBD DT NN IN DT JJ NN IN NNP NNP . NNP NNP VBZ IN DT NNS VBP DT JJ NN IN DT JJ NN HYPH VBG NN -LRB- NNP -RRB- NN NN . NNP VBZ NN NN , CC JJ NN CC NN VBZ VBG VBN IN DT NN TO VB NN NN . NNP NNP NNP NN MD VB CD CD NNS IN NNP , NN NNS DT NNP NNP NN VBZ JJ NNS IN JJ NN VBN IN DT NN . IN VBN IN DT NN , DT NN POS JJ NNS VBP VBN TO VB NNS IN DT JJ NN IN DT NN . DT MD IN NN VB DT JJ NN IN DT NN MD VB RP DT JJ NN HYPH CD NN . DT NN VBZ VBN JJR IN $ CD CD IN NN IN DT NNP NN . DT CD JJ NNS VBP IN DT JJ NN IN DT NN , VBG IN NNP NNP . DT NN VBZ IN DT JJ NN CC VBZ IN JJR NNS IN JJ NNS . NNS IN NNP NNP VBP VBN DT JJ NN NN IN NN NNP NNP VBZ IN , IN DT VBG NNS , CD JJ NNS VBP VBN TO VB CD NNS IN DT NN . IN DT NN VBZ JJ CC VBZ DT JJ JJ NN IN NNS , JJR NNS MD VB VBN IN RBR DT NN , VBG IN NNS . JJ NN NNS VBG JJ NNS VBP RB JJ . NNP NNP RB VBD DT JJ NN VBG CD NNS , CC DT NNP VBZ VBG IN RB JJR NNS IN NNP WDT VBP CD NNS DT VBG JJ NNS , VBG NNP POS CC CD VBN IN DT NNP NNPS IN NNP CC NNP . NNP VBD IN JJ NNP IN NNP , NNS VBP IN VBG NN IN IN JJS CD VBN NNS , CC IN JJS CD NNS , DT NNP VBZ VBN CD IN DT RBS VBN NNS IN DT NN NN , VBG IN NNS IN NNP NNP NNP . IN IN NNP NN , JJR IN CD CD NN NNS VBP VBN VBN RB , IN RB CD CD IN DT NNP , VBG IN NNP NNP . DT NN VBZ VBN IN IN JJS CD NNS IN DT NN , VBG IN JJS CD IN DT NNP . DT NNP NNP VBD IN DT NN . VB NNP NNP IN NNP NNP"
557,1176,mainstream,"IN JJS CD CD NNS VBP IN NN IN NNS JJ IN NN , NNS CC NN IN IN VBN NNS , CD JJ NNS VBP VBN . JJ NN NNS VBP VBN `` RB VBN '' IN CD NNS IN IN DT NN NN , VBD NNS IN DT NNP NNP NNP , NNP , CC NNP , DT NNP NNP IN NNP . `` NN VBZ CD IN DT RBS JJ CC JJ NN NN NNS IN DT NN IN JJ NN , '' VBD NNP NN HYPH NNP NNP NNP NNP NNP IN DT NN . DT NNS VBP IN IN NN IN NNS POS NN IN VBG NN , NN NN POS NN IN JJ NN CC NN NNS IN DT NNS . NN NNS VBP VBN VBN IN JJ NNS IN IN DT NN NN VBG NN NNS IN CD NNS CC NNS NNS IN CD NNS . IN JJS CD CD NNS IN JJ JJR HYPH NN NNS VBP IN NN IN VBG RP IN NNS IN NN , NN , NN , JJ NN , NN , NN , NN , NN NN CC NN , DT NNS VBD . `` PRP VBP IN NNP HYPH CD VBZ DT NN NN WDT VBZ RB VBG IN DT NN NNS POS NN , '' NNP JJ NN NNP NNP VBD IN DT NNP NN NN . `` PRP MD RB VB PRP$ NN IN CD NN VB IN DT NN IN JJ NN NN IN DT NN IN JJ NNS . PRP MD VB CD JJ NN IN DT , '' PRP VBD . PRP VBD NNS TO VB JJ NNS CC VBD IN PRP VBD TO VB NNS IN NN NNS . NNS CC NN NNS VBP RB VBN IN NNS IN NN NNS CC NN IN NN NNS . EX VBZ DT NN IN JJ NNS , NNP VBD , CC PRP VBZ JJ TO VB NNS , WDT VBZ NNS IN NN NNS RB RB . `` PRP VBP RB IN NN WRB DT NN VBZ IN NN CC IN PRP VBP RB IN NNS WDT VBZ CD IN DT RBS JJ NNS VBZ IN NNS RB VBZ NNS RB , '' NNP NNP VBD . NNP NNP , DT NN IN NNP , DT JJ NN NN NN , VBD DT NN IN DT NN POS NN IN NN `` JJ '' . `` PRP VBZ NN PRP VBP RB VBN IN DT NN , '' NNP VBD . DT NNP NNP NNP VBD PRP MD VB RP NN IN WRB TO VB NN NNS IN NN NNS IN NN IN IN NNP HYPH CD ."
558,835,mainstream,"NNP VBZ IN IN $ CD CD TO VB CD CD NNS IN JJ NN HYPH CD NN DT NNP NNPS VBZ VBN TO VB RB JJ IN $ CD CD TO VB JJ NN IN CD CD NNS IN DT JJ NN HYPH CD NN VBG VBN CC VBN IN NNP . DT NN VBZ VBG VBN IN DT NNP IN NNP POS NNP NNP CC VBN IN JJ NN NNP . PRP VBZ VBN TO VB VBN RB RB IN NNP , IN DT VBZ RB IN DT NNS MD VB VBN IN DT NN VBZ JJ NNS VBG PRP VBZ JJ CC JJ IN VBG IN NN HYPH CD NN . DT NN VBZ IN JJ JJ NNS CC VBZ VBG VBN IN NN , IN PRP VBZ NNS IN NNP HYPH NNP HYPH CD , DT NN WDT VBZ NN HYPH CD , CC IN PRP VBZ DT VBN IN VBG VBN IN DT NN . DT JJ NNS VBD IN NNP IN NNP CD . NN CD JJ NNS MD VB DT NN IN CC DT NNP NNP CC DT NNP NNPS , WRB RB CD NNS MD VB NN , VBG IN NNP NNP CC NNP NNPS . DT NN VBZ IN NNP CC DT NNP NNP POS NNP NNP NNP CC NNP NNP . NNP MD VB IN IN $ CD CD TO VB JJ JJ NNS , NN CC NN . DT NN '' VBZ DT JJ NN IN NNP NNP NNP POS NN IN DT JJ , JJ , RB JJ NN IN CD , '' NNP NNP NNP NNP VBD IN DT NN NN . NNP NNP NNP VBZ DT NNP NNP NN TO VB NN HYPH CD NN CC NNS . NNP NNP NNP VBZ VBN IN DT NN IN CD CD NNS IN NNP HYPH NN HYPH CD NN IN NNP IN NN IN DT NN . NNP VBD NNP IN PRP VBD VBG TO VB JJ NN NN IN CD CD NNS . PRP VBZ VBN NNS IN DT JJ CD CD IN IN NNP , VBG CD CD IN DT NNP NNP CC CD CD IN DT NNP NNPS . `` NNP VBZ IN DT NN MD RB VB CC VBZ VBN IN VBG DT JJ NN IN NN CC VBG RP NN IN NN , '' DT NN VBD . `` IN NN , '' NN IN VBG RB IN PRP VBZ CC MD VB RB VBN . IN PRP VBZ RP RB TO , PRP MD VB VBN . DT NNP NNP CC NNP NNP MD VB TO VB DT JJ HYPH VBN NN IN PRP TO VB VBN JJ IN DT NNP NNPS . DT JJ NN VBD RB VBN NNP NNP HYPH CD CC VBZ VBN VBN NNP . DT NN VBZ VBN IN DT VBN NN IN DT NN NN . DT VBZ DT JJ NN WDT IN NNS VBZ JJ JJ HYPH NN NNS JJ IN DT JJ NN . IN DT NN , PRP VBZ VBN RB VBN IN PRP VBZ NNS IN DT NN HYPH NN HYPH CD NN . DT VBZ DT NN TO VB NNS , RB VBG DT NN IN VBG VBN . DT NN PRP VBZ VBN RB VBN IN PRP MD VB IN NNS . CD JJ NN NN NNS : IN NNP CC NNP , NNP CC NNP : VBP VBN NNP NN IN JJ HYPH NN NN CC NN , NNP VBD NNP . VBN NNS VBP IN NNP CC NNP VBZ VBN IN JJS $ CD CD IN NN NN NN IN DT NNP , NNP VBD JJR IN $ CD CD CC NNP VBZ VBN IN JJS $ CD CD ."
559,501,mainstream,"NNP POS NNP NNP NN VBD IN DT JJ NN NNS : DT JJ HYPH NN NN IN DT VBG NN IN NNP VBZ RB CD JJ JJ NN IN VBG DT NN . NNS VBP DT NN IN JJR NNS , NNS CC NNS , JJ NNS TO VB IN DT VBG NN IN NN CC DT NN IN `` NN HYPH NN '' NN TO VB RP DT NN WDT VBZ DT NN IN NNS . EX VBZ VBN DT NN IN VBG DT NN IN DT CD NNS VBN IN PRP$ NN IN JJ NN . CC DT NN VBZ RBR JJ IN DT IN DT JJS NN NNS JJ IN NNP CC EX VBZ VBG RB , RB IN NNP , WRB NN NNS VBP VBG DT NN NN CC VBG DT JJ JJ NN . JJ NN RB VBZ TO VB VBN TO VB DT NNS IN NN POS NN , RB TO VB NNS VB PRP$ NNS . CC PRP VBZ JJ IN JJ NN VBZ VBN , IN RB CD CD JJ NNS CC IN JJS CD NNS VBG DT JJ JJ CC JJ NN . EX VBZ JJ NN CC NN IN JJ NN NN NNS CC IN DT NN HYPH RP IN `` NN '' NNS IN JJ NN NNS DT NN , DT NNS VBN VBP RB IN DT NNS VBN TO VB JJ TO VB DT NN . VB IN DT NN : NNP HYPH VB NN CC DT NN IN NN VB RB TO VB NNP NNP IN NN IN JJ DT NNP NNP NNP , JJ NN NN IN NNP CC RB VBN JJ NN IN DT NNP NNP NNP NNP . WP VBZ PRP$ NN IN NN . PRP VBP RB IN NNP CC PRP MD RB VB WRB JJ NNS PRP VBP VBN NN IN PRP VBD DT NN . PRP VBP DT JJ NN IN NN CC VBD DT JJ JJ NN NN VBN IN VBG NNS . PRP VBD IN -LRB- NNP NN -RRB- NNP CC DT NNP NNP POS NNP NNP . PRP VBD NN IN NN IN CD CC WRB PRP VBD PRP VBD TO VB RB IN JJ NN CC VB VB DT NN IN DT JJ NN . WP VBP PRP$ NNS IN NNP . PRP VBP IN DT JJ NN IN DT NN IN NN . IN DT JJ NN TO VB NN , NNP CC NNP NN DT NN , PRP MD VB RP DT NN . PRP$ NN VBZ TO RB VB IN DT NNS TO VB PRP$ NN . TO VB DT JJS NN , PRP VBP TO VB DT JJS NN HYPH NN NNS VBP RB IN NN IN CD JJ NNS : JJ NN , JJ NNS TO VB NN , JJR NN IN RP HYPH IN HYPH NN RB VBN NNS , CC DT VBN NN . WP VBZ DT NN IN VBG NN . PRP VBP PRP VBZ JJ TO VB NN IN PRP$ NN . CC EX VBZ TO VB DT JJ JJ NN IN DT NNS IN DT NNS TO VB PRP VB . PRP$ NN VBZ `` NN VBZ IN PRP '' . PRP VBP VBG IN RB RB NN TO VB : JJ NNS TO VB PRP$ NN IN NN , DT JJ NN , CC DT NNS IN DT NN TO VB PRP$ NN PRP , IN VBG NNS CC VBG PRP$ JJ NNS JJ . NN IN NN JJ JJ NN VBZ RP NNP NN NN IN NN NN , NN , CC NN NN . NN NN VBD IN CD NN NN IN DT CD NN , DT NN RB VBN IN CD . -LRB- NNP -RRB- NN NNS VBP NN NN NN VBD NN NNS CC RB VBD DT NN IN NN IN NNS IN DT NNP NNP IN NNP WRB DT NNP NN VBZ VBG . NNP NNP CC NNP NN VBD JJR IN CD NN NNS VBD VBN DT NN IN DT JJ CD NNS , VBG CD NNS IN HYPH NNS RB IN NN . DT JJ JJ HYPH NN NNS WRB NNS VBD RB VB DT JJ NN NN VBP DT NNP : WDT DT NN VBD JJ NNS IN NNS IN PRP VBD VBN IN CD : VBN IN NNP , NNP , NNP CC NNP . -LRB- NNP , NNP , NNP NNP , NNP -RRB- NNS NN DT NN NN VBD DT NN IN DT NNS NN , VBD DT NNP NNP NN : EX VBZ DT JJ NN IN NN IN JJ NNS , RB JJ PRP MD VB IN NN . CD JJ NN VBZ VBG TO `` VB '' NNS WDT VBP NN VBN RB . -LRB- NNP , NNP -RRB- JJ NN DT NNP VBD IN NN IN VBG NNS IN JJ CC JJ NN VBN IN DT NNP NN IN JJ NN . JJ NNS VBD RP IN NNS IN NN NNS IN NNP NNP . -LRB- NNP , NNP NN -RRB- NN NNS JJR NN CC NN VBP VBN IN JJ NNS IN NN NNS VBN IN JJ JJ NNS . WRB DT NN VBZ VBN , VBZ PRP JJR TO VB IN DT JJ NN CC VB IN DT JJR NN CC CD WDT MD VB NN IN NNS RBR JJ . -LRB- NNP NNP NNP IN NNP NNP -RRB- NNS IN NN DT NN POS JJS NN NN NN VBZ VBG NNS , NNS CC NN IN CD NNS IN NNP . NN NNS MD VB NNS IN DT NN NN IN RB CD NNS IN VBG PRP$ NNS IN NN NN . -LRB- NN -RRB- NN IN VBN DT NNP VBD IN RB VBN NN NNS TO VB VBN IN JJR NNS CC NNS CC VBN IN VBN NNS RB IN CD . DT NNP NNS VBD DT JJ NNS IN JJ NNS TO VB NN IN JJ NNS IN NNS VBD IN DT JJ NN TO VB NNS POS NN NN . DT NNP VBD NN VBN TO VB PRP$ NN IN NN NNS IN DT NN IN NNS IN JJ NN , NN NN CC DT NN . -LRB- NNP , NNP , NNP NNP , NNP -RRB- JJ NN NN VBZ RB TO VB DT JJ NN IN DT JJ JJ NN IN JJ NNS JJ IN IN HYPH IN HYPH NN JJ NNS VBG JJ NN . DT VBN NNP NN IN NNP VBZ DT NN IN DT NN VBN IN JJ NN NNS . -LRB- DT NNP , NNP -RRB- VBG JJ DT CD NN NN IN NNS CC CD NN NN IN NNS VBP RB RB RB JJ CC VBP NNS JJ IN NN . DT NNP POS JJ NNS IN NNS POS JJ NN VBP NNS IN NN NN . DT NNS VBD DT NN POS NN NN . DT JJ NN VBD NNPS VBG RB JJ . -LRB- WP , NNP , NNP -RRB- JJ NN DT RB HYPH VBG NNP NN VBD NNS -LRB- DT VBN IN CD CC CD -RRB- VBD RBR JJ IN PRP$ NN NNP NNS IN DT JJ NN . DT NN MD VB JJ NNS IN DT NNP NN IN DT JJ CD NNS VBG IN NN NN CC NN NNS . -LRB- NNP NNP NNP NNP -RRB- NNS NN DT NNP NN VBD DT JJ JJ NNS IN DT NN NN IN RB VBG DT NN POS JJ NN . NNP NNP VBD TO VB DT NN IN DT NN . -LRB- NNP -RRB- JJ NN NNS JJ IN NNS VBP CC NN NN VBZ IN NNS IN NN , NNP NNP VBZ VBN VBG JJR NNS TO VB PRP$ NN NNS . MD DT NN VB JJ PRP . NNP NN NNP NNP VBZ IN NNP POS VBN NN IN PRP$ NN . -LRB- NN NN , NNP -RRB- NN VBZ `` PRP VBP DT JJ NN IN NNS IN NN NNS , '' VBZ DT JJ NN IN DT NNP . DT NN VBZ DT JJ NN IN JJ NN IN NN , PRP VBZ , RB VBG IN JJ NNS . NNS VBP RB RB VBN TO VB VB NN CC JJ NN . -LRB- DT NNP , NNP -RRB- NN CC NN . DT NNP NN VBZ TO VB JJ NN IN NN . -LRB- NNP NNP -RRB- JJS IN DT NNS VBG IN JJ NN JJR NNS CC NNS IN RB RB VBP VBN IN NNS IN NNS IN NNS JJ IN NN CC NN NN , VBN NNS CC VBN JJ NN . JJ NN MD VB JJ NNS IN NN CC VB DT NN IN JJ NNS . -LRB- NNP -RRB- NN NNS PDT DT NN POS NNS VBP IN JJ NNS , JJ IN NNS , NNS CC NNS -LRB- CD NN NN -RRB- : NN NNS -LRB- CD NN NN -RRB- : NN NNS -LRB- CD NN NN -RRB- : CC NNS -LRB- CD NN NN -RRB- , IN DT RB JJR NN IN JJR NNS . NN MD VB IN VBG NN , NN , NN CC NN NNS . -LRB- NNP -RRB- JJ NN JJ NNS VBP DT JJ NN TO VB IN VBG CC VBG DT NN IN DT NN NN IN JJ NN . -LRB- NNP -RRB- JJ NN DT NN IN WRB CD NN VBD DT JJS NN IN JJ NNS IN DT NN : DT NNP NNP IN DT NNP IN NNP NNP . -LRB- NN -RRB- DT VBN NN NNS IN NNS VBP IN NN NN NNS IN NN NN CC JJ NNS CC DT NN VBZ RB VBN IN DT `` NN POS NN '' . VBG IN DT NN VBZ RB VBN JJ . -LRB- NNP IN DT NNP NNP IN NNP , DT NNP -RRB- JJ NN NNS IN DT NN VBP VBN JJ TO VB JJ NNS JJ IN NNS CC DT JJ `` NN HYPH NN '' NN VBZ JJ NN CC NN HYPH NN TO VB PRP$ NN . CD NN VBZ IN NN NN CC NN NN : `` DT NN NN VBZ RP DT JJ NNS IN VBG DT NN , IN DT NN MD VB IN DT JJR HYPH NN NNS IN DT NN . '' -LRB- NNP NNP -RRB- JJS NN IN DT NN VBG NN MD VB DT VBN NN IN JJ NN . -LRB- NNP IN DT NNP NNP IN NNP -RRB- NN NN DT NN NN VBZ JJ NN NNS IN IN NNS VBG NN CC NN NNS . WRB MD NNS CC NNS VB DT VBN NN . -LRB- NNP , CD NNS -RRB- NNP NNP VBZ JJ TO VB : UH VB CC VB NNS TO VB RB VB PRP IN NNP , NNP , NNP CC NN ADD JJS NN IN NNP CC IN NNP NNP NNP NNP , DT CD HYPH NN JJ NN NN NN CC NNP POS NN , VBZ VBN DT NN IN NN , CC RB JJ NNS IN NN RB VBP JJ NN . -LRB- DT NNP -RRB-"
560,189,mainstream,"NNP -LRB- RB NN NN CC NN NN -RRB- VBD DT JJ JJ NN IN NN , JJ NN , CC JJ JJ NNS IN RB HYPH VBN NNS , VBG NNS , JJ NN , NN , NNS , NNS , CC NNS . -LRB- CD -RRB- DT NN VBD VBN IN NN , JJ NNS , NN , JJ NN , CC JJ NN . NN NNS IN NNS VBD RB RB JJ , VBG CD NN IN RB JJ NNS . -LRB- CD -RRB- NNP VBD RB VBN IN JJ NN CC IN VBG VBN NN , IN PRP MD RB VB VBN IN NN . -LRB- CD -RRB- IN DT JJ NN NN IN DT JJ NN , DT JJ VBN NN IN NN VBD VBN IN CD . -LRB- CD -RRB- IN CD NNP CD , DT NNP NNPS NNP CC NNP NNP -LRB- NNP -RRB- VBD IN NN NNS IN DT NNS HYPH JJ , JJ NN TO VB DT NN VBD VBG , VBG DT NN IN DT JJ NN IN NNP CD IN DT JJ NN IN NN . -LRB- CD -RRB- IN CD NNP CD , DT NNP NNP IN NNP NNP VBD DT JJ NN IN DT JJ CD NNS RB RB VBN -LRB- DT NN IN CD NNS VBD RB JJ IN DT NN -RRB- , RB VBG DT NN IN DT NN . -LRB- CD -RRB- IN NNP CD , DT NNP NNPS NNP VBD DT NN VBD VBN , VBG NN RB DT JJ NN IN NN TO VB RB VBN RP -LRB- IN NN NNS -RRB- , VBG NN . -LRB- CD -RRB- IN NNP CD DT NNP VBD PRP$ NNS IN JJ NN , VBN IN DT NNP NNP IN NNP , WDT VBD JJS IN DT NN POS VBN NNS . DT VBD DT NN IN DT JJ NN IN DT NN POS JJ NN , RB VBG DT NN TO VB NNS IN DT JJ NN IN NN DT NN VBZ . NNS IN NNP CC DT NNP NNPS VBD DT NN IN DT JJ NNS IN NNS IN DT NN MD RB VB VBN , RB VBG DT NN IN DT NNP . -LRB- CD -RRB- NNP VBZ VBN TO VB VBN IN NNP , RBR VBG IN DT NN IN NNS . -LRB- CD -RRB- DT NN NNP VBZ DT JJ NN VBG `` NN HYPH NN '' . -LRB- CD -RRB- -LRB- CD -RRB- DT NN NN -LRB- NN -RRB- VBD RB JJ IN DT NNS CC NN NN NNS . -LRB- CD -RRB- DT NNS NN RB VBD IN NN IN DT JJ NN IN CD NN , DT NN WDT VBZ IN DT NN IN JJ JJ NNS . -LRB- CD -RRB- -LRB- CD -RRB- NNP NN -LRB- NNP -RRB- , DT NN IN DT NN NNP , VBZ RB JJ IN DT NNS CC NN NN NNS . -LRB- CD -RRB- IN JJ NNS IN DT NNP NN , PRP VBZ VBN NNS , CC VBZ DT JJ HYPH NN JJ HYPH VBN NN NN . DT NN VBD RB JJ CC VBZ RB VBN IN NN , NN CC NN . -LRB- CD -RRB- NN NN VBD IN DT RB HYPH JJ NN NN RBS RB IN DT JJ CC JJ NNS . -LRB- CD -RRB- DT JJS JJ NN VBZ IN DT JJ NN , DT JJ NN VBZ IN DT JJR NN . -LRB- CD -RRB- -LRB- CD -RRB- NN NNS IN NNS VBD RB RB JJ , VBG CD NN IN RB JJ NNS . -LRB- CD -RRB- DT NN VBD RB VBN IN JJ NN CC IN VBG VBN NN , IN PRP MD RB VB VBN IN NN . -LRB- CD -RRB- JJ NNS VBP NN , NN IN NN , CC JJ CC NN NNS . RB , JJ NNS VBP IN DT NN , DT NN IN DT NN , CC DT JJ NN . -LRB- CD -RRB- JJ NN , VBN IN NN , VBZ RB DT JJ NN . -LRB- CD -RRB- JJS NNS VBP CD SYM CD NNS IN DT NN IN DT JJ NNS . -LRB- CD -RRB- DT NN VBZ VBN TO VB VBN IN NNP , RBR VBG IN DT NN IN NNS . -LRB- CD -RRB- JJ NN NNS VBP VBN IN JJ NNS : DT NN NN VBZ VBN TO VB CD IN DT CD NNS IN NNP VBN IN DT NNP NNP . IN RB CD NN , DT NN NN VBD VBN NNP , CC NN RBR VBD IN DT NN IN NNP , VBG JJ NN . -LRB- CD -RRB- IN DT JJ NN JJ NN NNP NNP NNP VBD NN IN PRP$ NN , IN DT NNPS IN NNP . -LRB- CD -RRB- NN NNS VBD IN NN , RB VBG NNS CC JJ NNS . PRP VBD NNP RB RB IN DT JJ NN , IN CD JJ NNS , WDT IN VBG IN NN CC NN IN NN IN NN , VBD NN IN DT NNS IN CD SYM CD , CD CD , CC CD CD . -LRB- CD -RRB- IN DT JJ JJ NN , DT NN VBD VBN IN JJ IN NN , IN IN PRP$ JJ NNS . DT JJ NN IN DT NN , NNP NNP NNP , VBD DT NN IN DT JJ CC VBN NNS . DT NN VBD RB RB JJ CC VBN RB RB IN DT JJ NN IN DT NN . RBR , PRP VBD VBN RB IN JJ NNS , IN PRP VBD RB VBN IN RB JJ CC JJ , CC VBD IN DT JJ JJ NN TO VB JJ -LRB- WDT VBD RB VBG IN DT NNP NNP -RRB- . IN IN DT NNS , JJ NNS VBD VBN TO VB NNS IN DT NN . DT NNS VBD IN VBG NN , CC DT NN VBD RB RB VBN CC VBD RB RBR VBN IN DT IN JJ HYPH NN JJ CC JJ NNP . NNP VBD DT JJ NN , CC NN VBD RB DT JJ NN . IN JJ NNS , PRP VBD RB JJ NNS . RB RBR RB , PRP VBD DT NN IN DT NN IN DT NN NN . DT NNS IN NN VBD VB RB IN NN IN JJ NNS . PRP$ NNS VBD DT NNS IN DT WP VBD JJ NNS IN VBN IN JJ NNS , CC VBD DT JJ TO VB RB VBN NN . -LRB- CD -RRB- DT JJ VBN NN IN NN NN VBD VBN IN DT NN VBN `` NNP '' IN DT NNP CD NN IN DT NNP POS NNP , -LRB- CD -RRB- DT RB VBN NN WDT RB VBD DT NN IN NN NN . DT NN VBD IN DT NNP NNP VBD VBN PRP$ NNS CC VBD RB VBN CD IN IN CD IN PRP , IN DT VBD VBN IN DT JJ NN , IN PRP VBD RB DT NNP NNP NNP NNP WP VBD VBN DT NN -LRB- DT VBD VBN IN VBG NNS IN NN RB VBN IN JJ NN IN DT NN VBN IN DT NN IN DT NN -RRB- . DT NNS VBD JJ NN IN NN IN DT NN IN NNS . DT JJ NN IN NNS VBD VBN CD NNS IN PRP$ NN . -LRB- CD -RRB- IN JJ CD RB , NNS VBD VBG NN IN DT NNPS , RB RB , NNS IN WDT VBD RB VBN IN DT NNP POS NNP . IN IN NNP , DT NN VBD VBN IN JJ IN NN . IN DT NNS VBD RB JJ , PRP VBD RB VB DT JJ NN : DT JJ NN IN NNS IN NNP VBZ TO VB VBN RB VBN , CC IN CD , DT JJ NN IN NN VBD RB RB . -LRB- CD -RRB- RB DT JJR NN VBD VBN IN DT NNPS , JJ NNP CC NNP . JJR NNS IN DT NNP IN IN DT RB JJ NN IN DT NN IN DT NNS , DT IN DT RBS HYPH VBN NNS IN JJ NN VBD JJ IN DT NN IN DT NN . JJ JJ NNS VBD VBN , RBS RB IN NNP NNP IN NNP CC NNP . DT NNS IN PRP$ NN IN NNP VBD VBG , CC PRP VBD TO VB DT NN , NN IN NNS IN DT NNS IN NNP CC NNP VBD JJ NNS . IN DT NN , DT JJ NNS VBD IN CD IN DT NN IN NN VBD NNP POS NN IN DT JJ NN IN DT JJ NNS , CC VBD CD NNP DT NN IN NN CC NN . NN IN NN VBD RB IN DT NN . -LRB- CD -RRB- IN DT NN IN NN CC NN , NNP NNP , DT NN IN DT NN IN NNP CC DT NN HYPH VBN NN , VBD TO VB DT NNS . PRP VBD IN NNP NNP , WP VBD VBN JJR NNS . PRP VBD JJ NN NNS CC DT NN IN NNS TO VB DT NNS , DT IN PRP IN JJ NN . IN PRP VBD RB JJ TO VB DT NN NN , PRP VBD VB DT JJ NNS . -LRB- CD -RRB- NNPS VBD PRP$ NNS IN CD , VBG IN DT NN IN NNS IN NNS WDT VBD VBN IN NN . PRP VBD RB DT JJ TO VB JJ NN IN RB VBN NN . -LRB- CD -RRB- DT JJ NNS IN PRP$ NNS VBD VBN IN CD CC VBN IN CD . PRP$ NN NN VBD RB VB RB IN WP VBD VBN VBN RB , IN IN DT NN IN CD JJ NNS IN DT JJ NN . DT VBD RB JJR NNS , CC DT NN IN PRP$ NN VBN NN IN NN . IN DT NN IN CD IN CD , CD NN IN VBN NNS VBD , VBN IN DT CD NN NN NN IN JJ NN . -LRB- CD -RRB- IN DT NNPS , RB , NN IN JJ NN VBD IN DT NNS IN DT NN PRP VBD IN NN . RB IN DT NNP NNP , DT JJ JJ NNS WRB NN VBD VBN IN DT JJ NN VBD JJ NNP CC NNP . NNS VBD IN NNP IN DT NN IN DT JJ NNS . `` NN NNS '' VBD VBN WDT VBD NN IN JJ `` NNS '' . IN DT VBD JJ NNS , PRP VBD VBN IN JJ NN IN DT NNS . IN VBG NNS VBD DT NN IN NN , DT NN RB VBD RP IN NNP , JJ VBD RB VBN IN NN . -LRB- CD -RRB- IN DT NN VBD IN JJ NNS -LRB- RBS RB IN NNP -RRB- , IN DT NN IN JJ NNS , DT NN IN DT NN VBD VBN IN VBG PRP RP . RB DT MD VB VBN IN JJ NNS , IN JJ NNS , PRP VBD NN IN DT JJ NN . -LRB- CD -RRB- DT JJ NN VBD DT NN IN DT NNP NNPS IN CD NNS IN CD . -LRB- CD -RRB- IN DT NN IN DT NN , DT NN VBD IN NNP NNP . -LRB- CD -RRB- DT NN IN DT NNS VBD DT VBN CD IN CD NN IN DT NNS IN JJ CC JJ NNP , RB RB IN IN DT NNP IN NNP . NNP NNP NNP VBD JJ IN VBG DT NN WDT VBD DT NN . DT NN IN NNS VBD NN WDT VBD JJ NNP , VBG NN TO VB . DT VBD JJ NN IN NN NN , WDT VBZ NN NN , CC VBZ JJ IN NN . -LRB- CD -RRB- IN PRP$ JJ NN IN DT NNP IN JJ NNP , NNP NNP NNP HYPH NNP VBD NN MD VB VBN DT NNP POS JJ NN IN CC IN DT NNS . IN DT NNPS VBD NNS , JJ IN PRP$ NN VBD VBN IN NN NN , CC NN HYPH NNS VBD VBN IN NN , NNS MD VB VBN IN DT NN IN NN NN . NNP MD RB VB VBN NN IN NN IN DT NNP . -LRB- CD -RRB- DT RBR JJ NN NN IN NNP IN CD CD VBD IN DT VBN NNP $ CD CD IN NN NNS . -LRB- CD -RRB- IN CD SYM CD , NNP NNP NNP -LRB- CD CD -RRB- , DT JJ NN NN IN DT NNP NNP IN NNP , VBD DT JJ NN IN NN , VBN IN VBN NN NN NNS . -LRB- CD -RRB- -LRB- CD -RRB- NNP NNP VBD IN DT NN IN DT NNP NN IN DT NN NN IN RB DT NN , IN CD IN CD . -LRB- CD -RRB- NNP VBD VBN DT NNP NNP NNP IN CD IN VBG DT NN IN DT NN IN NN . IN CD , DT NNP VBD IN IN NN , NN MD VB VBN IN CD . -LRB- CD -RRB- JJ NN NNS VBD IN DT JJ JJ NN IN , IN DT NNS , PRP RB VBD NN IN DT JJ NN NN , VBG NN NNS . IN CD , DT NNP NNP IN NNP NNP -LRB- NNP -RRB- VBD VBN IN NN IN NN . -LRB- CD -RRB- IN CD , DT NNP HYPH JJ NNP IN NNP NNPS VBD VBN , IN DT VBN NN IN VBG NN IN NNP . -LRB- CD -RRB- IN DT NNS , DT NN VBN NNP CD VBD TO VB DT NNS IN VBG NNS CC , IN CD , RB CD IN DT NNS VBN , NNP , VBD NNS IN NN . -LRB- CD -RRB- IN CD , DT NN IN DT NN VBD IN NNP , VBG RB CC VBG DT JJ NN NN , WDT IN CD , VBD VBN NN IN DT NNS IN NNP IN IN NNP CC NNP , DT NNS VBD DT NN IN JJR NNS IN DT NN IN DT NNS . -LRB- CD -RRB- IN DT NNS , RB , DT NN IN NN IN NNP VBD IN NNP , VBG NNS IN NNS , RB RB IN NN . -LRB- CD -RRB- IN NN , DT NNP HYPH NNP NNP NNP VBD VBN IN CD , VBG NN CC NN TO VB DT NN . -LRB- CD -RRB- IN DT NNS , RB DT IN NNP , IN DT NN IN NNS IN NNP CC NNP , VBD VBN JJ IN NN . -LRB- CD -RRB- RB , DT NNP NNP NNP NNP VBD VBN IN CD , VBN IN DT NNP CC NNP NNP , DT NNP , CC DT NNP NNP NNP NNP . -LRB- CD -RRB- DT NN VBD JJ IN VBG NN NNS IN JJ CC RB IN IN DT JJ NNS . -LRB- CD -RRB- DT NN VBZ VBN TO VB VBN VBN NNS CD CD JJ NNS . -LRB- CD -RRB- DT JJ VBN NN IN NN VBD VBN IN NNP IN CD . -LRB- CD -RRB- IN RB , IN DT NNS VBP VBN VBN , DT NN VBZ VBN TO VB VBN JJ IN NNS IN NNP IN DT NN . -LRB- CD -RRB- DT JJ NNS VBD VBN IN CD , CC DT JJ NN NNS VBD NN IN CD , VBG TO VB DT NN IN DT NN . -LRB- CD -RRB- IN CD , NNS VBN IN NN NN NNS VBD DT JJ NN VBD IN NN MD VB NN IN RB `` VBN IN DT NN IN DT NN '' . -LRB- CD -RRB- DT NNP , WDT VBD VBN VBG DT JJ NN NN IN DT NN , VBD IN NNP CD IN PRP VBD DT NN TO VB VBN IN CD NNS . -LRB- CD -RRB- IN NNP CD , DT NNP VBD PRP VBD JJ DT NN VBZ VBN VBN . -LRB- CD -RRB- DT NN VBD IN `` -LRB- LS -RRB- POS IN NN CD , NNP VBZ JJ IN DT JJ NN VBZ VBN VBN IN NNP , NNP , NNP NNP , NNP NNP , CC NNP , '' WDT VBD DT NNS WRB DT NN VBD VBN RB VBN . -LRB- CD -RRB- NN VBD VBN IN DT NNP NNP IN NNP NNP IN CD NNP CD . -LRB- CD -RRB- IN CD NNP CD , NNP CC PRP$ NNS NNS RB VBD JJ NN IN DT JJ NN NN . IN DT NN , DT NNP NNP , DT JJS NN IN DT NNP NN , VBD DT NN VBG DT NN IN NN . DT NN RB VBD IN DT NN NN TO VB RP IN VBG IN NNS IN NN NNS CC NNS VBP VBN IN JJ NN NNS CC IN JJ NNS IN NN NN CC NN VB VBN . `` IN PRP VBP VBG CD IN DT JJS NNS IN NNP CC PRP$ NNS , PRP VBP TO VB PRP IN DT JJ NN MD RB VB VBN JJ IN DT JJ NNS CC JJ NNS IN NNS , DT JJ NNS IN NNP , NNP CC NNP , CC IN DT JJ NN IN NNS CC JJ NNS '' , NNP NN HYPH NNP NNP NNP VBD . -LRB- CD -RRB- DT NN NN NN VBZ VBN TO VB VBN $ CD CD . -LRB- CD -RRB- NNS IN DT NN NN VBP RB VBN IN RB VBN NNS . -LRB- CD -RRB- IN CD , NNP VBD DT NN VBG IN DT NN CC NN IN DT VBG NNS IN JJ NN IN NNS IN CD JJ NNS , VBG NNS IN JJ CC JJ NN . -LRB- CD -RRB- IN CD NNP CD DT JJS NN IN DT NN NN VBD VBN IN DT NNP NNP . -LRB- CD -RRB- NNP VBD CD IN JJR IN DT CD NNS DT NNP NNPS VBD IN JJ JJ NNS IN VBG PRP$ JJ NNS NN . -LRB- CD -RRB- NNP VBZ IN NN IN DT JJ NN IN DT VBG NNS : NFP DT NN VBZ JJ NNS IN NN CC NN . NFP DT NN VBZ RB JJ CC VBZ RB RB VBN IN JJ NNS . NFP NN NNS VBP RB RBR VBN IN NN , RB VBP JJ IN NN . -LRB- CD -RRB- NNP VBD RB VBN IN DT JJ NN IN DT NNP NNP POS NN IN NNP NNP CD . -LRB- CD -RRB-"
561,864,mainstream,"NNP NNP , DT NN IN JJ NN IN NNP NNP NNP , VBD : `` PRP VBP RB VBG DT NN IN NNP DT NN WDT VBZ IN NN IN JJ NNS IN NNS . `` PRP MD VB IN RB PRP VBZ JJ TO VB DT JJ NN IN VBG DT NN . DT , IN NN , VBZ VBG VBN IN NN . '' IN PRP VBP TO VB JJS IN IN PRP$ NN , JJR NNS RB VBP DT JJS NN IN NNS IN DT NNS VBP TO VB DT JJR JJ NN . NNP NNP VBD NN NNS CC NNS IN JJ JJ HYPH VBG NNS MD RB VB VBN IN NN RB . RB VBG NN , NNP NNP NNP , DT NN IN DT NNP NNP IN NNP , VBD : `` NNS VBP RB VB RB RB IN JJR NNS . DT VBZ VBN VBN IN JJ JJ NNS IN DT NN . `` RB PRP MD VB TO VB NN RB RB IN DT NN TO VB JJ NN IN JJR NNS . '' PRP VBD IN , IN DT NN , JJR NNS MD VB VBN DT JJ NN JJ IN NN , WDT VBZ RB VBN JJ NNS IN DT WP VBP RB JJ IN NN . `` RB DT NN RB MD VB DT JJR NNS , CC DT MD VB JJ IN RB , IN DT JJR NNS VBP RB VBN , PRP MD RB VB PRP IN DT JJR NNS : CC PRP MD RB RB VB DT JJR NN RB RB , '' NNP NNP VBD . PRP$ NNS VBD IN DT JJ NN IN DT JJ NNP NN IN NNS VBD IN CD NNS VBD DT JJR NN IN CD . DT NN , IN DT NNP NNP , IN NNP NNP HYPH CD -LRB- NNP -RRB- NN VBD DT VBN NN IN VBG NNS , WDT VBP IN DT NN IN DT NN WDT VBZ NN ."
562,675,mainstream,"EX VBZ DT NN DT NN IN NN MD VB VBN , DT NNP NNP VBZ VBN . VBG IN DT NNP VBZ DT JJ JJS NN NN IN DT NN , NNP NNP VBD NNPS MD VB TO `` VB DT NN TO VB IN DT NN '' IN DT NN TO VB DT NN VBZ . RB , PRP VBD DT IN DT NNS IN DT CD CD JJ NNS WP VBP VBN VBN TO `` VB '' PRP IN CD NNS MD VB VBN , RB IN EX VBD RB DT NN . NNP NNP VBD NNP NNP : `` IN DT NN MD VB VBN RB PRP VBP TO VB TO VB DT NN TO VB IN DT NN RB DT VBZ VBG DT NNS RP CC VBG PRP RP IN , IN NN , NN HYPH NN NN CC RB VBG DT NN IN DT NN IN NN CC JJ NN NNS . '' VB RP TO VB DT NNP POS JJ NN NN NN IN NN . NN , NN , IN PRP$ NN IN DT NN NN DT NN . PRP VBD : `` PRP MD RB VB JJ TO VB DT IN DT NNS IN DT NN VBZ JJ IN PRP MD VB DT NN IN JJ NNS RB RB . '' `` IN PRP VBP IN VBG DT PRP MD VB JJ TO VB JJ NN IN IN PRP VBZ JJ IN DT WP VBP VBN IN , IN NN , TO VB PRP$ NNS . DT VBZ JJ IN DT NN IN PRP$ NN . '' NNP NNP VBD VBG NNPS NNS IN NN , DT NN POS NN IN DT NN CC WRB CC WRB NN NNS MD VB VBN . PRP VBD NNS DT NN VBD VBN NNS IN NN NNS IN NN TO VB DT NNP IN DT NN . CC PRP VBD IN DT NN IN NN VBD PRP VBD RB VBN JJ TO VB NN VBG NNS IN NNP HYPH CD IN PRP VBD IN DT NN NN . DT NNP NNP VBD DT NNP VBZ RB DT NN NN IN NN IN NNP HYPH CD . PRP VBD IN PRP MD VB VBN `` JJ '' TO VB DT NN NN IN NNP TO VB DT NN NN , CC VBD DT NNP VBZ RB VBN RP IN DT NNPS IN NNS IN NN . PRP VBD IN NNP NNP NNP NNP VBD `` NN NNS '' VBD JJ NNS IN DT NN VBD VBN IN NNP . NNP NNP RB VBD PRP VBZ RB RB TO VB WRB NNS VBP JJ TO VB . PRP VBD PRP VBD VBN JJ IN NNP NNP NNP POS NN IN NN NNS CC JJ NN IN NNP . NNP NNP VBD JJ TO VB IN DT JJ NN NN CC JJ NN NNS VBP IN NN IN NN . PRP VBD . NNP NNP VBD PRP VBD DT NN IN DT NNS IN PRP MD VB DT NN IN NNP NNP IN VBG DT NNS . VBN IN DT NN IN DT NN NN WRB PRP MD RB VB PRP$ NN IN DT NN VBZ VBN , NNP NNP VBD DT NNS MD VB JJR JJ VBG IN DT NN NNS . DT NNP NNP VBD DT NN VBD JJ TO VB DT NN NNS MD VB RB IN DT JJ , IN DT NN IN NN VBG `` RB '' IN DT CD HYPH NN VBN NN VBZ VBN , PRP VBD ."
563,479,mainstream,"NN NN VBN IN NN VBN IN NNP POS NNP NNP , VBG NN NNP NNP , VBG VBN IN NN IN DT JJ JJ NNS IN DT NNP IN DT JJ NN NN , VBN IN NNP NNP , NNP , NNP NNP CD , CD . DT JJ NN NN IN NNP HYPH CD NNP VBP VBN NNP . -LRB- NNP NNP NNP IN NNP -RRB- NN NN VBN IN NN VBN IN NNP POS NNP NNP , VBG NN NNP NNP , VBG VBN IN NN IN DT JJ JJ NNS IN DT NNP IN DT JJ NN NN , VBN IN NNP NNP , NNP , NNP NNP CD , CD . DT JJ NN NN IN NNP HYPH CD NNP VBP VBN NNP . -LRB- NNP NNP NNP IN NNP -RRB- NN IN DT JJ NN HYPH CD NN VBD IN JJ NNS IN NNP NNP , DT JJS IN DT NN IN JJ HYPH NN NNS IN NN IN NN IN DT NN . NNP IN NNP NNS VBD NNS IN NNS IN DT NN WDT RB VBZ TO VB NNS IN NNS IN VBG RB RB IN DT NN VBZ JJ CC IN PRP VBZ . NNS VBD DT JJ NN IN VBG NNS IN DT JJ NN WDT VBZ DT JJ NN IN DT JJ NN IN DT , JJ NN . DT NN : DT NN NN MD VB DT JJ NN CC VB NNS TO VB PRP , VBN TO VB RB IN DT NN RB VBZ VBN IN NN HYPH CD . DT NNS IN NNS RB VBP NNS CC DT JJ NN CC DT NN NN . CC DT JJ NN MD RB VB NN CC RB DT JJ NN : NN IN DT NN NN VBD DT NN , DT NNS MD VB RP WP VBD DT JJ NN , VBD NNP NNP NNP , CD IN DT NNP JJ NNS . `` DT MD VB NNS POS NN , RB VB PRP RBR JJ TO VB VBN IN DT NN , '' WDT IN NN MD VB PRP JJR TO VB IN DT NN VBD , NNP VBD DT NNP NNP . RB DT NNP NN VBD PDT DT NNS MD VB VBN DT JJ NN IN DT NN WDT VBZ DT NN HYPH CD NN CC VBZ JJ NN NN NNS . `` PRP VBZ IN DT JJ NN TO VB : TO VB IN PRP MD VB DT NN CC VB IN PRP DT NN JJR , '' NN NNP NNP VBD DT NNP RB . NNS IN NN NNS VBP IN JJ NNS IN NN IN DT NN . NNS VBP VBN IN RB IN JJ NNS VBP RB , PRP MD VB IN JJS DT NN IN DT VBP JJ IN JJ NN . IN DT VBG DT JJS NN : NNP POS NNP NNP VBZ VBN DT JJ NN IN VBG PRP$ NN NN , VBN IN DT NN JJ IN NNPS . CD NNP NNS VBP VBG NNS VBN IN NNS IN DT NN IN DT NN POS JJ NN . CD JJ JJ NNS VBP VBG VBN WDT VBP JJR NN . DT NNP NNP VBZ NN IN NN CC NN NN IN DT NNP NNP NNP NNP POS NNP IN NNP NNP . DT NN VBZ RB JJ IN DT NN ."
564,1226,mainstream,"PRP VBZ JJ TO VB NNS CC NNS . PRP VBP RB RB JJ , IN CD NN , CC , VBG IN WDT NN IN NN PRP VBP , PRP MD VB PRP JJ . UH , `` RB JJ '' CC `` VB PRP JJ '' . PRP VBP VB JJ NNS IN DT NNS . NNS CC NNS VBP JJ , VBG PRP VBP RB JJ TO VB IN DT JJ NN . CC NNS VBP `` NN HYPH VBG NNS , '' RB NNS CC JJ NNS IN NN . CC , EX VBP JJ NNS IN NNS CC NN RB : CC PRP VBP RB RB JJ TO VB TO VB PRP$ NN NNS . DT NNS MD VB JJ IN PRP$ NN CC NN . DT NN VBZ DT JJ -LRB- CD IN CD NN IN NN -RRB- , RB JJ , JJ NN WDT VBZ RB IN DT NNS IN NN NNS , RB NN , NNS , CC NNS : VBN IN DT NN CC NN NN , DT NN NN , CC , IN RBR JJ NNS , DT VBG NN . NN , VBN IN JJ NNS , VBZ DT RB JJ NN WDT VBZ DT JJ NN . PRP VBZ RB VBN RP IN DT NN CC NN VBN IN NN . PRP MD RB VB IN DT NN IN NNS WDT VBP JJ . DT VBZ , RB , NNS VBP RB PRP VBG . IN JJ NNS , NN VBZ RB RB VBN TO VB IN DT NN VBN IN DT NN . CC IN NN , NN VBZ DT JJ NN WRB PRP VBZ IN NNS . WRB VBZ DT NN NN VB IN . DT NN NN VBD NNP IN CD SYM CD . PRP VBZ RB IN DT NNP NN , VBG `` NN , NN . '' DT NN NN VBZ RB RB VBN IN DT JJ NN . IN JJ CC JJ NNS , JJ RB VBZ `` RB JJ '' CC `` VBG JJ NNS . '' RBR RB , JJ MD VB `` RB JJ , '' `` RB JJ , '' CC `` RB JJ . '' WP VBZ NN VB . NNS VBP JJ CD HYPH VBN NNS , JJ , NN , CC JJ CC VBG RB CC IN NNS , VBG DT NNP , DT NN IN DT NN NNP -LRB- IN DT NN NNS DT NN NN NNPS -RRB- , JJ NNS IN WDT VBP VBN IN NN , NN , JJ NNS , CC NN NN . CD HYPH VBN NNS WDT RB VBP JJ NNS CC , RB RB , VBP JJ IN VBG PRP JJ CC VBP JJ . PRP VBP IN CD NNS , VBG DT NN , NN , CC NN . PRP RB VBP IN NN RB IN DT : NN . CC VB IN NN VBZ RB DT JJ NN IN DT JJ NN . -LRB- PRP MD VB DT IN NNP . -RRB- PRP MD VB TO VB NN WRB VBG DT JJ NN IN NN WDT VBZ DT NN , JJ IN NNP NN , WDT VBZ DT NN . WRB VBZ DT NN NNS VB IN . NN VBZ RB VBN IN NNP IN CD SYM CD . NN VBZ JJR , VBN IN CD SYM CD . DT NNS RB VBP , IN NNP , IN DT JJ NN , VBG `` NN . '' VB WRB PRP VBD IN NNS VBP IN CD NNS . DT JJ NN VBZ JJ IN DT NNP NN NN , DT NN IN JJ NN . NN HYPH VBN NN VBP RB VBN IN IN NN -LRB- NN IN DT JJ , RB , NN NNP -RRB- . PRP MD VB VBN NN IN NN , WDT MD VB NN NN . WP VBP DT JJ NNS IN DT NN CC NN . IN PRP VBD IN DT NN , DT NN VBZ DT NN WDT MD VB DT NN , RB DT NN CC NN . DT NN CC NN MD VB JJ , RB . NNS VBP NN , CC DT NNS RB RB VBP IN NN . NNS MD RB VB JJ NN , RB , CC DT JJ NN IN NN VBP RB JJ CC RB JJ . -LRB- VB IN PDT DT JJ NN PRP VBP VBN TO VB IN NN . -RRB- IN NNS VBP RB RB JJ , PRP RB VBP RB RB NNS . DT NN VBZ `` DT NN RB JJ TO VB VBN IN DT JJ NN , IN NN , NN , CC DT NN CC NN . '' DT NN IN DT NN VBZ DT NN . RB , NN VBZ RB VBN RB TO VB IN JJ -LRB- NN HYPH VBG -RRB- NN . CC IN NNS VBP JJ CC JJ , PRP VBP RB RB VBN IN IN NNS . DT JJ NN IN NNS VBZ NNS . UH , PRP VBP PRP VBZ JJ . NN : RB IN NN : MD VB JJ . DT NN IN NN IN NNS CC NN VBZ WP VBZ PRP . CC NNS CC NNS VBP VBN TO VB JJ NNS . EX VBP NNS WDT VBP IN CC NNS CC NNS . NNS , RB , RB VBP IN NN CC JJ NNS . WP VBZ NN VB . DT NN VBZ DT NN VBN IN DT JJ NN TO VB NN IN DT JJ NN , RB VBG DT JJ NN IN DT NN NN , JJ IN VBN CC VBN NN CC NNS , TO VB NN NN . WP VBZ NN VB . DT NN VBZ DT IN DT JJ NN IN JJ NNS , IN NN CC NN , VBN IN JJ NNS CC NN , VBG DT NN IN JJ NNS TO VB DT NN IN CC TO VB NN CC JJ NNS , VBN RB IN DT NN IN JJ NNS . WP VBP JJ NNS IN NNS . NNP HYPH CD VBZ DT NN VBN IN DT JJ NN . NN VBZ DT NN IN NNS WDT VBZ NNS CC NNP . DT NN VBZ RB VBN IN NNS , CC DT JJ NN VBZ RB DT NN . EX VBP JJ NNS IN NNS . JJ NNS IN WP VBZ VBN IN DT NNP NN VBP VBN DT RB JJ NNS , VBG DT CD NN NN CC CD NN NN , RB VBN IN IN DT JJ NN . EX VBP JJ NNS IN JJ NNS WDT PRP VBP RB VBN IN , RB NN CC NN . DT NNS VBN IN NNS VBP NN , NNP , NN , CC NN . JJ NNS CC , UH , DT JJ NN VBP JJ NNS , RB . WP VBZ NNP VB . DT NN NN VBZ JJ IN NN : VBN IN JJ CC IN DT JJ JJ NN WDT VBZ NNP DT NN NN . RB VBN , NN VBZ DT JJ , RB NN NN , VBG IN JJ NNS . PRP VBZ VBN IN JJ RB VBG JJ NNS CC VBN IN JJ NNS CC JJ NN . JJ NN . DT VBZ DT NN IN VBG `` PRP RB MD RB VB IN IN NN . '' CC IN DT NN , VB JJ , VB IN NN WRB PRP MD , CC VB PRP$ NNS . DT MD VB PRP , CC NNS , VB JJ NN : CC JJR ."
565,1320,conspiracy,"DT NNP VBZ RB VBN DT NN IN PRP$ NN , WDT VBZ RB VBN , -LRB- CC RB VBZ VBN VBN -RRB- VBG IN JJR IN CD CD NNPS VBD CD CC JJR NNS IN NN NN IN DT CD HYPH NN NN WRB DT NN IN DT NN VBD VBN IN DT NN VBG NN VBN NN . PRP VBZ VBN VBN IN CD SYM CD CD NNPS MD VB VBN DT NN VBN NN IN DT NN . NNP VBZ DT NN IN NNP NN NN CD CC NNP NN CD , DT NN WDT VBZ VBN IN CC NNS CC NNS . IN JJ NNS , NNP VBZ DT NN NN WDT VBZ VBN VBN TO VB NNS CC NN . NNP VBZ VBN TO VB DT JJ NNS IN DT NN HYPH VBG NNS IN NNS IN DT NN JJ NN NN CC NN JJ NN NN . JJ NNS MD VB IN JJ JJ NN , VBG IN NN . NNP NNP , JJ NNP IN NNP IN NNP NNP IN NNP , VBZ RB VBN NNS IN DT NN HYPH CD NN IN JJ NN NNS CC IN DT JJ NN IN NN NN VBN NN . PRP VBD NNP HYPH CD IN CD NN IN DT NN NN NNS VBN , IN CD NN IN JJ NN NNS , CC IN CD NN IN DT NNS NN NNS , VBZ NNP NNP . NNP NNP NNP RB VBD NNP , NN VBD VBN IN DT NN NN NN VBN IN NNP CC NNP IN DT JJ NNS . PRP VBD DT JJ NN IN DT JJ NNS VBD NN IN CD SYM CD , IN DT VBG NN IN DT NN IN NN NN CC NN VBZ RB VBN DT NNP CC NNP NN IN NN . DT NN HYPH IN HYPH NN NN VBD IN NNS IN NN NNS VBN IN NN NN WDT VBD NN IN RB DT NN VBN IN NN . JJ NNS RB VBP JJ , RB JJS , IN DT NN POS NNS VBD IN DT NNP CC NNP NN NNS , CC NN NN NNS , VBN IN NNS CC NNS . PRP VBZ VBN NN VBZ DT NN IN NN NN , CC NN VBZ IN CD NN IN DT JJ NNS VBG VBN RB RBR VBZ IN IN NN CC RB DT NN HYPH CD NN VBN IN DT NN NN . IN NN , VBG IN NNS IN DT NNP IN NNP CC NNP NNP IN DT NNP IN NNP , NNP HYPH CD VBZ VBN RP IN DT NN JJ NNS . IN DT NN IN CD , NNS IN NNS VBD VBG NN IN DT NN IN NN NNS CC DT JJ NN IN NN NNS , WDT VBD VBN CD NN IN DT JJ CD NNS . DT NN HYPH CD NN VBZ RB VBG VBN IN NNS VBN IN NNS RB VBN IN DT VBN NN , VBG DT TO VB IN DT VBN IN DT NN MD VB VBG NN . RB IN PRP$ NN , NNP VBD VBN IN DT JJ NN IN DT NN NN VBN IN CD CC CD VBN IN NNP NNP NNPS -LRB- NNP NNP -RRB- . CC DT JJ , JJ NN CC JJ JJ NN VBD VBN . PRP VBD VBN RBR IN DT NN VBN TO VB DT NN NN IN DT JJ NN , IN NNS IN NN , VBD RB RB VB NN . RB CD NNS RB , DT NNP NN RB VBD NN IN DT NN IN VBN NNS CC CC VBD IN DT JJ NN MD VB NN . CC , DT NN VBZ RB VBN IN RB DT NN . VBG IN DT NNP NNP NNP NNP , JJR IN CD NN CC RB JJR IN CD NN IN DT JJ NN MD VB JJ IN NN CC MD VB RB IN DT NN NN . RBR JJ IN JJS NNS IN CD IN IN CD NN NNS , IN IN JJS CD JJ JJ NNS , PRP VBZ VBN IN CD IN DT RBS JJ NNS -LRB- JJS CD NN -RRB- IN NNS CC JJ NN -LRB- NNP NNP NNP -RRB- . IN DT NN , NN MD VB NNS TO RB VB IN NN . NN NNS VBN IN NNS IN VBN NN IN PRP$ NNS VBP VBN JJR NNS IN DT NN CC NN IN VBP JJ . NNS VBN IN DT NNP NN IN NNP NFP NN VBZ DT NN VBN IN DT NNS IN NN . NNP VBD VBN IN CD . RB RB , DT NN VBD VBN IN NN NN . NFP NN NN VBZ VBN VBN IN JJ NNS IN NN IN NNS . NFP IN DT NNS , NN NN NN NNS , WDT VBP NN IN DT NN VBZ VBN , VBD VBN IN VBG NN NNS . NFP RB DT NNS IN NN VBD VBN . PRP VBZ VBN VBN IN CD SYM CD CD NNS RB VBD DT NN WDT VBD NN . NFP DT NN VBZ IN NN IN NN HYPH VBN NN NN MD VB NN IN NN . DT NNP NNPS NNP IN DT NNP NNPS NNP , IN NNP CD , CD VBD DT NNP IN NNP POS JJ NN , NNP NNP NNP , NNP NNP NNP , NNP IN NNP NNP NNP IN NNP CC NNP NNPS IN JJ NNP NNS . NNP NNP VBD CC VBD IN VBG NNS IN VBG DT JJ NN , WDT VBZ DT JJ NN IN DT NN IN NN NNS IN NNP NNP . DT NN NN VBD TO VB DT JJ NN WDT MD VB IN DT NN NN NN CC NN HYPH NN JJ NN TO VB VBN IN DT JJ NN IN DT NN CC JJ NNS . DT NN VBZ VBN IN DT NN NN IN IN PRP VBZ JJ , JJ CC JJ NNS IN NN NN CC NN . DT JJ NN VBZ RB VBN IN JJ JJ NNS CC NN NN IN DT NN IN NN HYPH NN , NN NNS CC NN NNS IN NNS . IN NNP NNP POS NN IN DT NNP IN NNP : PRP VBD JJ NNS CC PRP$ NN IN JJ CC JJ NN . PRP VBD DT JJ NN NN IN NN NN VBG JJ NNS . DT NNS VBP VBN VBG NNS CC VBP DT NN TO VB DT NN IN NN NN NN . NNS VBP NN HYPH VBN NN JJ NNS WDT MD VB IN NNS CC NNS TO VB IN NN NNS TO VB DT NN IN NNS CC NNS IN NNS . PRP MD VB RB IN JJ CC VB JJ NN IN JJ NNS IN NN , IN IN DT `` NN VBN CC VBN NN NN '' . IN NNP NNP POS NN NN NN JJ JJ CC JJ NN NNS MD VB DT NNS IN NN NNS JJ NNS WDT VBP DT NNP NNP NNP NNP . IN CD NNP NNP VBD DT NN IN DT NNP NNP IN NNP NNP VBN , `` NNP NNP RB VBZ NNP IN NNP NNP NNP -LRB- NNP -RRB- IN NNPS . '' DT NN VBD IN DT NN IN JJ NNP NNP NN NNS MD VB RB VBN IN JJ NN JJ NN WDT VBZ JJ NNS , VBG IN NN IN DT NNP NNP IN NNP NNP CC DT NNP NNP IN NNP NNP . IN DT NN IN JJ NN IN JJ NNS WDT VBP DT NN IN JJ NN , JJ NNS VBN IN NN NN NNS CC JJ NN IN NN MD VB VBN CC VBN TO `` VB '' DT NNS IN NN NN NNS . NN NN NNS RB VBP NNP HYPH NNP JJ NN POS IN JJ JJ NN NN CD NNS TO VB NNS . DT JJ NNS IN NN VBP NN NN HYPH NN CC DT NN -LRB- LS -RRB- NN IN DT NN NN . IN JJ NNS IN NN NNS PRP VBD VBN IN DT JJ NN NNS MD VB IN DT NN IN JJ JJ NN NNS IN NN NN . IN DT NNS IN NN -LRB- LS -RRB- NN IN DT NN IN NN NNS , PRP VBD VBN IN NN MD VB JJ IN NNS WP VBD VBN IN NN NN , RB IN NN IN NN JJ NNS DT NN IN DT NN IN NN NN NN MD VB DT JJR NN IN VBG NN NN NNS . IN NNP CD TO VB NN , JJ NN IN DT NNP VBD IN JJ NNS IN DT NNP IN NNP . IN NN IN NNP , NNP DT JJ NN -LRB- NN CD -RRB- VBD VBN IN JJ NN , IN VBG PRP$ JJ NN IN VBG JJ NNS . JJ NN NN VBD IN JJ NNS IN DT NN . IN VBG , PRP VBD NN NN , NN , NN NNS CC VBN JJ NN NN . PRP VBD VBN IN JJ NNS WDT VBD VBN IN NN NN IN IN JJ NN VBG JJ JJ NN NN . DT NN NNS WDT VBD NN NN NN VBG NN VBN NN -LRB- NN -RRB- NNS VBD JJ IN NNP HYPH CD . NNP HYPH CD VBZ DT NN NN IN NNP HYPH CD NNP NNP NNP NN . JJ NNS VBD VBN IN NNP HYPH NNP NN NN CC NNP NN WDT VBP VBN IN NN IN NN NN NNS IN JJ NN NN CC JJ NN NN NN . DT NN VBD JJ IN DT , VBG DT RB JJ NN IN DT NN NN NN NN IN JJ NN . DT NN IN DT NN VBZ WRB JJ JJ NNS CC NNS VBP IN JJ NN NNS WDT PRP MD RB VB RP IN IN DT JJ NNS . NNP NNP VBZ DT JJ NN WP VBZ IN NN NN , NN NN CC DT JJ NN IN NN ."
566,385,mainstream,"DT NN VBZ NNS IN DT NNS POS NN IN DT NN NN , `` PRP VBP RB VBN VBG DT JJ NN VBG DT NN VBG . '' IN JJ IN NN : `` NN '' NNS NNP NNP CC NNP NNP IN NNP POS NN . DT NN VBD VBG DT NNPS POS JJS $ CD CD NN HYPH CD NN NN NN , WDT VBD IN DT NNP IN NNPS CC VBZ VBN TO VB VBN RB IN DT JJ HYPH VBN NNP . DT JJ NNS VBD DT NN NN IN DT `` JJ NN NN '' JJ NN : DT NN NNP , CD , VBD IN NNP IN NNP , CD , VBD DT NN IN DT JJ NN IN NNP VBD RB VBG . `` WRB VBP PRP VBG TO VB NNS IN EX VBZ DT NN . '' NNP VBD IN NNP VBD NNS DT NN MD VB RB RB CC VBD DT JJ NN . NNP VBZ DT JJS CC JJ JJ NN VBN IN DT NNP POS JJ NN CC RB VBZ IN PRP$ NNS , WP RB VBP VBN IN JJ CC JJ NNS . DT NNS POS JJS NN VBD WRB NNS NNP NNP CC NNP NNP VBD NNP IN VBG IN DT NNPS POS JJ NN NN TO VB IN DT NNP , IN CC NNS VBG RP PRP$ JJ JJ JJ NNS IN DT NN IN VBG PRP$ NN IN DT NN . NNP CC NNP DT VBD PRP VBP TO VB DT JJ NN VB JJR NN IN VBG NNPS , IN NNP VBD DT $ CD CD WDT NNPS VBD MD VB RB JJ CC IN NNP VBZ VBN TO VB . NNP , CD , VBD DT NN NN MD VB JJ NNS CC NNS WP MD VB IN NN CC VBP VBG IN NN NN . NNP , CD , RB VBD DT NN WRB PRP VBD JJ NNS VBP JJR JJ NNS TO VB DT NN NN RB . `` WP DT VBZ RB IN VBZ DT `` NNS '' RB VBG DT `` VB NNS '' TO VB DT CC DT VBZ RB , RB JJ , '' NNP VBD . `` PRP VBP DT NN . PRP RB VBP RB VB TO VB DT NN TO VB DT NNS . DT VBZ WP DT VBZ IN . '' `` DT VBZ RB JJ , '' NNP VBD IN NNP VBD TO VB IN DT JJ NN . `` PRP VBZ DT NNP NN NN . '' `` VB RP , PRP RB VBP TO : RB VB PRP VB , VB PRP VB PRP$ NN , '' NNP VBD IN VBG DT NN IN DT JJ NN IN NNP VBD VBG . WRB DT NN VBD RB , DT NN VBD RP TO VB IN DT VBG JJ NN IN NNP NNP NNP CC JJ NNP NNP NNP , WP VBD TO VB NNP POS NN IN DT NN IN PRP$ JJ CD NN NN IN DT NN . DT NN IN DT CD JJ NNS VBZ JJ IN DT JJR NN IN DT IN DT JJ CC JJ JJ NNS , VBG DT NNS IN DT NNP . `` PRP VBP IN DT JJ NN , PRP VBP TO VB VBG IN DT JJ IN DT NN , '' NNP VBD . `` PRP VBP TO VB VBG IN DT NNS IN DT NNS . '' IN NN IN DT NN NN RB VBZ , NNP VBZ VBN IN VBG DT RBS JJ NNS IN PRP$ NN . DT IN DT NN IN DT NN MD VB VBN IN NN . IN DT JJS IN NNP SYM CD , NNS VBP VBN TO VB JJ NNS IN NNP , NNP , CC JJ JJ NN NNS . NNP VBZ VBN IN NNP TO VB NN IN DT NNP HYPH CD NN NN , DT NNP NN TO VB NN IN NN NNS IN NNS IN NN , RB RB IN NNS VBG NNS . IN JJR NN CC TO VB , VB RB ."
567,346,mainstream,"IN NN , VBG RP IN DT NN VBZ JJR IN JJ . IN DT CD NN IN NN NN , IN NN , JJ NNS VBD RP CD NN IN DT NNP NNS IN IN DT NN , IN VBG RB RB CD NN IN DT NN IN DT NN . DT NN VBZ JJR IN NN VBZ , VBG IN DT CD NN IN DT NN NNP , WDT VBD IN , IN DT CD NNS IN JJ NNS IN DT NN , CD IN DT NNS -LRB- CD NN -RRB- VBD IN DT JJ NN . CD , CC RB RB DT NN , IN DT NNS VBD IN DT JJ NN CC RB CD -LRB- CD NN -RRB- VBD IN DT JJ NN . RB , EX VBP NNS JJ NNS MD VB PRP IN DT NN , NNS VBP . -LRB- VBG NN : CD JJ NNS WDT VBP IN NN -RRB- `` DT -LRB- NN -RRB- NN VBZ DT NN CD NN IN DT JJ NN , '' VBD NNP NNP NNP , DT NN NN IN JJ NNP HYPH NNP IN NNP HYPH NNP NNP NNP IN NNP NNP . `` PRP VBZ RB JJ , CC RB RB VBZ PRP VB NN , CC DT NNS VBP IN DT NN CC VB DT NN IN DT JJ CD NNS IN NN . '' DT NNS WRB DT NN VBZ RB JJ IN JJ NNS VBP RB RB VBN . NNS VBP IN DT NN POS JJ NN VBZ IN JJ NNS IN NN IN NN TO VB DT NN TO VB DT NN , WDT , IN DT , VBZ RB NN HYPH JJ . DT IN DT NNS VBP TO VB IN DT NN , WDT VBZ JJ NNS TO VB RP DT VBG NN IN DT NN POS NN NN . JJ NN HYPH JJ NNS VBP RBR JJ . IN NN , DT CD NN IN DT NNP NNP NNPS VBD IN JJ NNS VBP JJR NNS IN DT NN IN JJ NN VBN JJ NNS VBG IN PRP$ NN . JJ NNS VBP NNS IN VBG NNS CC RB VBP DT NNS IN JJ JJ NNS , WDT VBP DT NN TO VB NN NNS . IN DT NN IN JJ NNS , DT IN DT NN HYPH VBG NNS IN PRP$ NN RB VBP , RB VBG DT NN POS JJ NN . IN JJ NNS , IN EX VBP JJR JJ NNS , DT NNS WDT VBP JJ MD VB JJR NN NNS . IN NN , DT JJ NNS WDT VBP NN , VBG NNS VBN NNS , RB VBP . -LRB- NN NN NNS CC NN NNS -LRB- VBN IN CD SYM CD -RRB- -RRB- RB , DT NNS MD VB DT VBN JJ NN IN NN : CC DT VBZ RB RB DT JJ NN . DT JJ CD NN IN DT NN NNP VBD IN JJ NNS POS JJ NNS VBP DT JJR JJ NN NN CC NN HYPH NN NNS IN DT NN IN JJ NNS POS NN NNS VBP . DT CD NNS IN NN NNS , WRB JJ , MD RB VB JJ NN IN DT JJ NN POS JJ NN , VBG PRP$ NN IN VBG JJ NNS IN DT NN , DT NNS VBD . DT JJ NN JJ NNS WP VBP DT NN VBP IN JJ NN MD RB VB IN PRP$ NN CC NNS VBP RB VBN , NNP VBD . JJ NNS `` VBP NN IN VBG PDT PRP$ NN TO VB RP NN CC VB PRP$ NN RB , '' PRP VBD NNP NNP . WRB DT NN NN VBZ DT NNS IN DT JJ NN , DT JJ NN MD VB RB JJ TO VB , NNP VBD . NN IN NN RB VBZ IN DT NN VBZ RP DT NN IN NN TO VB RP , PRP VBD , WDT MD VB IN NN WDT , IN NN , VBZ IN NN , CC NN HYPH JJ NN . IN NN IN DT NNP NN , WDT VBZ JJ NN IN DT NN CC MD VB JJ NNS IN DT VBG NN , DT NN NNS RB VBP DT NN TO VB DT NN RB , NNP VBD . RB , NN VBZ RB VBN VBN IN VBN NNS IN NN , NN CC NN NN . DT CD NN IN DT NNP NNP IN NNP NNP IN CD JJ NNS VBD IN DT IN DT NN NN VBD RBR JJ TO VB VBN DT NN , DT NN CC DT NN NN IN DT IN DT NN -LRB- IN DT NN IN NNS JJ VBD RB JJ TO VB JJ JJ NNS -RRB- . RBR RB , DT NN IN DT CD NN IN NN IN JJ NNS IN CD JJ NN IN NNP VBD DT NN IN NN CC JJ CC NN NN . CC DT CD NN IN DT NNP NNP NNP IN NNP VBD IN NNS IN NNP WP VBD DT NN IN NN VBD RB RB DT NN IN VBG DT NN IN NN IN NNS WP VBD RB VB DT NN . VBG DT NN NN VBZ DT JJS NN DT JJ NN MD VB TO VB PRP CC PRP$ NN , NNP VBD . -LRB- CD NNP NNP NNPS -RRB- IN CD , NNS IN NNP NNP IN NNP NNP VBD , IN VBG IN JJ NNS , IN VBG DT NN NN IN NN VBD DT NN IN NN NN CC VBG NN IN DT JJ HYPH NN HYPH NN NN . DT JJ NNP NNP NNP IN NNP NN WDT VBD DT VBN NN IN JJ NN IN NN NN IN NN RB VBD IN DT NN NN VBD RB JJ , VBG DT NN IN NN IN NN IN CD NN . NN RB VBZ IN DT NN NN VBZ RB JJ IN NN . DT NN VBN NNP CD IN DT NN NNP NNP VBD IN DT JJ NN IN NNS IN NNP NNP NNP NNP CC VBD DT NN IN DT NN NN -LRB- CC DT NN -RRB- VBD DT NN IN NN IN NNS . CC VBP NNS VBN NN IN DT VBN NN IN JJ NNS IN DT NN IN JJ NNS . DT CD NN IN DT NNP NNP IN NNP CC NNP , IN NN , VBD NNS VBN IN DT NNPS JJ NN NN NNP , DT JJ NN VBN TO VB NN IN JJ NNS IN NNS . NNS IN DT NN VBP RB VB TO VB VBN IN NNS TO VB VBN . DT NN VBD DT NN IN JJ NNS IN JJ NNS IN NN CC IN NNS , DT NNS VBD . JJ NNS VBP RP JJ NNS . DT CD NN IN DT NNP NNP CC NNP VBD RB CD NNS WP VBD DT NN NN IN NN IN RB CD NNS WP VBD RB CC VBD DT NN IN JJ NNS IN DT VBN NNS . DT NN IN DT JJ NN DT NN VBD JJ NNS CC VBD DT JJ NN IN NN IN JJ NN NNS JJ IN JJ NN NN , NN NN CC JJ NN . NN VBZ DT RBS JJ NN NN TO VB DT NN , NNP VBD . RB , IN DT JJ NNS VBZ IN JJ NN IN DT VBN NN : VB , DT JJR NN : PRP MD VB PRP$ NN RB RB , RB IN RB VBG IN NN , NNP VBD . IN DT JJ NN NN VBZ RB RB HYPH VBN IN DT NN POS NN , JJ NNS MD VB TO RB VB DT NN IN JJ NNS TO VB PRP VBZ RB VB JJ , IN DT NNS IN NN MD VB JJ , NNP VBD . DT JJ NN WP VBZ NN NNS MD VB PRP$ NN RB RB , NNP VBD . `` PRP MD RB VB PRP RP IN NN CC VB PRP RP IN PRP MD VB IN PRP VBD RB JJ , '' NNP VBD . RB , JJ NNS MD VB DT NN IN NN . DT JJ NN , NNP VBD , VBZ IN DT NN VBZ DT `` RB JJ NN IN JJ NN WDT VBZ JJ IN PRP TO VB . '' IN CD , PRP VBD , DT NNP NN VBD DT NN IN NNS IN JJ NNS . DT NN VBZ RB RB JJ , NNP VBD . DT NN IN NNS `` RB '' VBD RB IN IN DT NN , PRP VBD , `` RB DT VBZ DT JJ NN IN PRP . ''"
568,297,mainstream,"JJ NNS MD VB JJ IN VBG NN CC VBG NN NNS IN NN , CC EX VBZ DT NN TO VB JJ IN VBG PRP CC IN DT JJ NN , NNS VBP . NNS RB VBD DT CD NNS VB VBN NNS RB . CC DT JJ , CD HYPH NN NN VBN NNP IN DT NN NNP CC NNP VBZ IN VBG DT NNS IN DT JJ NN VBZ RB RB JJ IN VBG PRP RP . DT NNS VBD NNS IN CD NNS , NNS CD IN CD , WP VBD NN CC VBG NN NNS IN NN IN CD CC CD . IN CD NN IN NNS DT NNS VBD VBN IN DT JJ NN CC IN DT JJ CD NN DT NNS VBD VBN IN JJ NNS . NN NN NN CC NN NN NNP NNP VBD PRP VBD DT JJ VBN NN IN NN CC JJ JJ NNS IN NN CC NN . `` EX VBD DT NN IN JJ NN , JJ NN NN , IN DT IN DT NNS POS NNS , '' VBD NNP . NNP NNP NNP , NNP NNP NNP CC NNP NNP IN NNP NNPS IN NNP HYPH NNP NNP IN DT NNP IN NNP NNP NNP , VBD NNP NNP EX VBD DT NN TO VB VBG DT CD NNS RB MD VB JJ IN JJ NNS , CC PRP VBD RB VBN VBN RB IN NN . `` DT NN VBZ JJ IN IN PRP VBD NNS IN NNS IN JJ NNS , '' VBD NNP , WP VBZ RB DT NN IN DT NNP NNP IN NNPS CC NNPS . `` PRP VBZ WP PRP VBP RB VBN IN NNS CC PRP VBZ RB JJ TO VB DT . PRP VBZ NN IN WRB PRP VBP PRP RB PRP VBZ RB JJ . EX VBZ DT NN IN NN WDT MD VB IN NN IN DT NN NN NN . '' NNP VBD DT NN VBZ RB VB IN WRB DT NNS VBP DT JJ NN IN NN , CC PRP VBD , `` EX VBZ DT NN TO VB EX MD VB DT NN . '' PRP VBD NN VBZ IN IN PRP VBP DT NN IN DT NN NN PRP VBZ DT NN RB RB . `` JJ NNS VBP VBG DT NN VBZ DT NN . '' JJ NNS WP VBP DT NN VBP IN NN IN JJ NNS CC NN , VBG IN DT NNP NNPS IN NNP NNP CC NNP . NNP VBD PRP VBZ RB JJ WRB PRP VBP RBR JJ CC PRP MD VB VBN IN JJ CC JJ NNS IN NN . NNP VBD JJ NNS VBP TO `` VB IN PRP VBZ RB JJ CC PRP VBZ PRP CC DT NN . '' NN IN NN NN VBZ RB JJ IN JJ NNS CC NNS WP VBP NN IN NNS IN DT NN MD VB RB JJ IN NNS . JJ NN NNP NNP , CD , VBZ JJ IN CD NNS CC VBD PRP VBZ TO VB VBN IN NN CC NN NN . DT NNP NN VBZ NN , NN , CC NN , RB VBN IN NN NN . `` PRP RB VBP JJ IN NNS . PRP VBP VBN IN DT NN NN VBZ , UH , DT RB JJ NN TO VB , '' PRP VBD ."
569,1186,mainstream,"DT NNP CC NNP IN NNP VBP VBG DT JJ NN VBG IN JJ NN NNS IN DT NN NN . PRP VBP VBN VBN IN DT NNP IN DT NN , VBN DT NNP NNPS . RB VBZ DT NN . NN : WRB VBP PRP VBG VB DT NN RB RB IN DT NN NNS . NNP IN NNP : RB DT NN NNS RB VBZ IN PRP$ JJ NN RB VBG RP , PRP VBD DT NN IN NN IN DT NNP CC IN NNS IN NNS VBD VBG DT JJ NN , RB PRP VBD RB RB IN RB JJR IN RB DT VBD DT JJ NN CC DT JJ NN WDT NNS MD RB VB IN NN TO VB PRP CC VB PRP RB DT RB JJ NNS TO VB PRP$ JJ NN , TO VB PRP$ JJ NN IN DT NN . PRP VBP RB VBG VBN , VBG JJ CC VBG JJ TO VB IN NNS CC NN VBZ RB JJ CC VBG RB DT NNS CC DT NNS IN IN WRB TO VB DT IN DT JJ NNS CC JJ NNS PRP VBP VBG PRP IN VBZ RB JJ , RB TO VB PRP IN DT JJ JJ NNS . NNP IN NNP : WP PRP VBP VBN IN RB NNP VBZ IN DT NN IN IN JJ IN DT NNS RB NNP NNS , JJ NNS VBP VBN IN VBG RB IN RB JJ NNS , NN CC NNS IN DT CC PRP VBP DT NN CC DT NN IN WP VBZ VBG RP IN NNS , VBG IN NN RB DT NN , DT NN IN DT NNS VBP VBG IN DT NN NNS IN PRP . PRP VBP IN DT NNP NN NNS DT VBZ RB JJ , IN PRP VBP RB RB RB IN DT NNS , VBG RB CC VBG IN DT CC DT NN IN DT JJ NN CC PRP VBP PRP VBP RP DT NN CC IN RB DT NN CC NN WDT DT NNS VBP TO VB IN , PRP VBP DT NNS WP VBP DT CC VBP PRP RB IN PRP$ NNS CC PRP VBP RB , PRP VBP VBN IN DT NN CC DT JJ NN NN IN DT VBG IN NN VBZ RB JJ CC PRP VBP RB RB JJ DT IN PRP , RB TO VB JJ TO VB DT NNS CC DT NN VBZ VBG TO VB DT NN IN PDT DT VBZ RB RB RB . NN : VBP PRP VB DT MD RB VB WP PRP VBP CC WP PRP VBP . NNP IN NNP : UH , RB , PRP VBP WP PRP VBP VBG RB VBZ DT NNP CC DT NN NNS VBP VBG DT RBS JJ NN CC DT VBZ RB VBN IN DT NN IN DT JJ JJ NNS CC PRP VBP PRP VBZ VBG TO RB VB WRB PRP DT VBP CC VBP PRP$ JJ NNS CC PRP VBP DT VBZ CD IN DT JJ NNS WDT PRP MD VB IN DT . PRP VBP DT JJ NN PRP VBZ JJ RB CC RB PRP VBP DT IN PRP IN DT NN MD RB VB WRB RB PRP VBP CC WRB JJ PRP$ NN VBZ ."
570,1160,mainstream,"IN PRP RB VBD RP TO VB IN DT NN DT JJ JJ NNS RB , DT NN IN DT NN NN VBZ VBN VBG : IN NN NN , JJR IN CD NNS RB CC JJ NNS VBN . JJS IN DT NN VBZ RB IN NN . IN NNS PRP VBZ JJ , IN PRP MD RB . JJ JJ NN NNS VBD IN DT JJ NN IN NN IN DT MD VB IN PRP$ VBG JJ NNS . DT NN VBZ PRP IN NN VBZ CC VBZ IN JJ NN DT NNS IN NN VBZ RB CC RB , IN NNS IN JJ NN IN NN CC NN , RB RB IN RB CC RB , IN DT NN IN NN CC NN , TO VB DT NN VB IN CC VB IN NNS . DT NN VBZ IN DT NNS JJ CC JJ , CC PRP VBZ PRP$ JJ NN TO VB DT NN . DT NN PRP VBP IN DT JJ NN WDT VBZ NNS IN NN IN NNS IN JJ NNS IN NN TO VB DT NN . NNP HYPH VBN NN NN NNP NNP VBZ DT JJ NN WP VBD RP NNS IN JJ NN HYPH IN NNS IN NN NNS . NNS NNP NNP CC NNP NNP VBP DT NN IN NN HYPH CD NNS CC DT NN . CC NNS NNP NNP CC NNP NNP VBP IN DT VBG NNS IN JJ NN NNS CC WP VBZ RB . JJ NNS CC NNS IN DT NN VBP IN DT NN RB RB . PRP$ JJ NNS IN VBG NN TO VB PRP$ NN IN DT JJ NNS IN DT IN DT NN POS JJS NNS . NNP NNP VBZ DT JJ NN NN IN DT NNP HYPH NN HYPH CD NN POS JJ NN IN PRP VBD IN DT NN . EX VBZ JJR , CC DT IN PRP$ NN NN VBZ RB JJ RB IN NNP . IN PRP VBP NN IN DT NN NN -LRB- CC PRP DT VBP -RRB- , VB IN DT NN NN IN DT NNS NN IN DT NN IN NNS WDT MD VB PRP RB IN DT NN IN NN CC VB . NN NNP NNP NNP VBZ WRB NNP POS NNP NN VBZ VBN VB JJ NNS IN DT NN NNS IN NNS WRB NNS VBP VBG . NN NNP NNP NNP CC JJ NN NNP NNP VBP WRB DT NN IN DT JJ CD HYPH CD HYPH NN HYPH JJ NN VBD DT JJ NN IN WRB CC WRB DT NNS IN JJ NNS VBD IN NN HYPH VBN NNS . CC NN NNP NNP VBZ DT RB JJ NN IN JJ HYPH NN NNS CC WRB NNS MD VB WP VBZ VBG IN DT NN WRB PRP VBP DT JJ NN . PRP VBP TO VB DT JJ JJ NN IN PRP$ JJ NN IN DT NN : PRP VBZ RB JJ TO VB PDT DT JJ CC RB VBG NN IN DT JJ NN NN . PRP RB VBP TO VB PDT DT NN NN NNS , NNS CC NNS WP VBD DT NN TO VB PRP$ NNS . PRP VBZ VBN DT JJ NN , CC PRP VBP DT NN IN NN VBG TO VB DT NN IN DT NN . VB JJR IN DT NN NN IN JJ NNP RB . CC VB NN IN PRP$ JJ NN IN NNS RB ."
571,1153,mainstream,"DT NN IN NN CC NN NN -LRB- CD -RRB- VBD VBN IN DT NN VBN IN CD IN NNP FW FW . IN DT VBG NN , JJ NNS RB VBD DT NN IN PDT DT NN -LRB- CD -RRB- . DT NNS VBN IN NNP CC PRP$ NNS VBD RB VBN TO VB VBN VBN CC DT NN VBD CD NNS RBR . RB , DT NN WDT DT NN VBZ VBZ JJ . DT JJ NN JJ VBZ DT JJ CC JJ NN IN NN NNS IN NNS . IN DT NNP NNP , DT NN NN VBZ VBN IN DT JJ NN , VBG DT NN , RB IN PRP$ NN , NN CC NN VBP VBN VBN CC DT JJ NN HYPH NN NN JJ IN PRP$ NN VBZ VBN VBN -LRB- CD -RRB- . DT NN NN VBZ DT NN WDT VBZ NN NNS IN DT NN . NN NNS VBP VBN VBN IN NNS IN CD NNS CC PRP$ NN NN MD VB VBN IN RB VBN IN DT RB JJ NN TO VB JJ NNS . IN NN , DT NNS VBP JJ IN NN HYPH NN NN NNS CC DT NNP NNPS NNP -LRB- NNP -RRB- MD VB DT JJ NN NN JJ IN NNS , IN JJ . EX VBP RB CD JJ NNS VBG NN NN VBN IN DT NN , RB RB IN JJ NNS VBN IN NNP NNPS . NNP VBD JJ NNS IN NN CC JJ NN IN CD CC DT NN IN NN IN NNS IN CD -LRB- CD -RRB- . DT JJ NN NNS VBP VBN VBN IN DT NNS VBN , CC PRP$ NN NN VBZ VBN IN RB JJ NN -LRB- CD -RRB- , -LRB- CD -RRB- . NN -LRB- NNP -RRB- DT CD IN DT NNP NNP CC IN DT NN IN CD VBG RP NN NNS IN DT NN CC NN IN JJ NNS IN JJ CC JJ NN CC VBG DT NNP NNPS NNP -LRB- NNP SYM CD , CD CD -RRB- . NN NN IN JJ NNS IN JJ NN , ADD"
572,1230,conspiracy,"NNP NNP NNP RB VBD IN PRP VBZ DT NN NN MD VB JJ IN DT NN IN DT NN CC IN DT NN VBZ JJ NN VBZ TO VB DT NN TO VB DT NN IN DT JJ NN IN JJS IN DT JJ NN . DT VBZ IN DT NNS IN NN IN JJ NNS VBP TO VB DT NNP NNP TO VB IN PRP$ NN NN NNS . NNP NNP POS NNP NNP NNP VBZ DT NN IN VBG CD CD NNS IN DT NN IN NNP HYPH CD JJ IN NNP , CD CD IN NNP CC CD CD IN NNP CD . IN DT NN PRP RB VBP DT $ CD CD NN IN NNP NNP NNP IN `` NN NN '' CC `` JJ NNP , '' WDT RB MD RB VB NNP NN NN IN RB VBN , JJ HYPH NN NN NNS VBG IN NNP CD ."
573,670,mainstream,"DT NNPS VBP VBN IN PRP$ NN IN VBG DT NN IN DT NN NN WDT VBZ RB VBG DT NN . SYM VB JJR : WRB NN MD VB DT NN NN -LRB- CC PRP$ NN VBZ -RRB- DT NN DT NN IN NNP HYPH CD VBZ VBN JJ NNS , NNS CC NNS VBN IN DT NN IN NN TO VB JJ NN , IN DT NN IN NNS RB VBG PRP . JJ NN DT NNPS VBP RB IN NN IN NNP , WRB PRP VBD IN NNP IN DT `` JJ '' NN IN JJ NNS . `` NNP VBP VBG DT NN IN JJ NNS IN DT NN CC RB IN PRP$ NN , '' VBD DT NN POS NN NNP NNP . `` DT NN IN JJ NNS VBP VBN VBN , CC PRP VBZ DT JJR NN IN RB CD CC CD NNS . `` PRP VBZ RB VBN IN DT JJ JJ NN IN NNP . PRP VBP VBG IN PRP MD VB DT JJ NN CC EX VBZ NN IN PRP MD RB VB RB , CC PRP VBP VBG TO VB RB IN NNP . DT NN RB VBZ CC MD VB WP VBZ VBG . NN VBZ VBG NN IN NN . PRP VBZ JJ IN PRP IN PRP VBP PDT DT JJ NN NN . DT VBZ DT NN IN DT NN . '' DT NN , WP$ JJ NN `` NNP NNP NNP '' VBZ RB VBN IN NN IN NNP , VBD IN PRP RB VBD VBN VBN IN VBN NNS CC VBD VBN IN DT NN . `` PRP VBP DT JJ IN DT JJ NN , '' VBD NNP . `` PRP VBP VBN NNS IN WP VBZ VBG RP CC PRP VBP CD NN JJ PRP VBP TO VB PRP$ JJ JJ NN . PRP RB MD VB TO VB PRP$ JJ NN IN NNP NNP NNP IN NNP . DT NN IN NNS VBP PRP JJR IN PRP . `` PRP VBD VBG IN DT JJ NNS RB RB IN DT JJ NN CC PRP VBD RP , `` UH , CC IN JJS PRP VBP RB VBN IN DT NN '' . '' MD PRP VB VB PRP$ NN VBN DT JJ NNS . `` PRP VBP RB RB VBN IN PRP , '' VBD NNP . `` PRP VBP VBN RB IN CD NNS CC DT VBZ DT JJ NN . PRP VBZ VBG DT JJ NN IN NN CC PRP VBZ DT JJ NN TO VB . IN PRP VBD DT NN JJ NN PRP MD VB , `` RB , IN NN '' . PRP VBP RB VBN VBG . WP VBZ WP VBP DT MD VB . '' RB , DT NN VBP VBN TO VB DT JJ NN IN PRP$ JJ NN : VBG RB RB TO VB DT NN NN NNP IN NN . `` NN VBD IN RB PRP MD VB DT NN NN IN DT NNPS , '' VBD NNP . `` NNP VBZ VBN VBG JJ , CC PRP RB VBD NNP DT NN WP PRP$ NNS VBP . DT NNS VBD VBG RP WRB DT DT VBD VBG RB CC PRP VBD TO VB DT NN IN IN PRP , CC IN EX VBP NNS VBG CC RB JJ IN NN , PRP VBZ DT JJ NN . `` RB WRB JJ NNS IN DT VBP , PRP VBZ JJ TO VB IN PRP IN DT JJR NN . NN VBZ IN NN , CC DT PRP MD VB VBZ VB IN PRP$ NN IN PRP VBZ RB JJ . '' VB NN IN DT JJS NNS VBN IN IN NN RB ."
574,1063,mainstream,"DT JJ JJ NN VBG DT NNP NNP POS NN NN NN VBZ VBG IN NN NN NNP NNP , DT NN NN VBD NNP IN JJ HYPH NN NN NNS VBD PRP$ NN VBG . NNP NNP VBD IN NNP POS NN IN NNS WRB DT NNP NN VBD PRP JJ NN TO VB JJ NN IN PRP$ NNP NNP NNP , DT NN TO VB CC VB DT NN TO VB DT NN HYPH CD NN . CC PRP RB VBD NN NNS IN RB CD NNP NNS , VBN IN NNP POS NN NN , PRP VBD JJ RB $ CD CD . NNP VBZ IN DT NNS VBG DT JJ NN IN DT NN , CC IN NNP DT JJ NN VBD TO VB PRP IN IN $ CD CD TO VB RP DT NN . IN NNP POS JJ NNP NNP NN VBZ VBG RP IN WDT NNS POS NNS MD VB JJ NN , NN IN NNS IN NN VBD . JJ NN NNS CC NNP NNP NNP -LRB- NNP HYPH NNP . -RRB- VBD JJ NN IN NNP TO VB PRP$ NNS IN DT NN POS NNS . RB NNP VBD JJ NNS IN DT JJ HYPH NN NN IN PRP$ NN . PRP$ NNS VBD CD NN IN NNP . NNP VBD DT NNP NNP NNP NN IN NNP '' VBZ VBG DT IN PRP$ NN NN '' IN DT NN IN EX MD VB DT NN IN NN . PRP VBD RB VB IN DT NN HYPH RP NN VBG IN DT NN IN DT NN . NNP VBD RB VB IN DT NN IN NN VBN IN NNP . VBG IN DT NNP NNP , DT NNP NNP IN NNP CC NNP NNPS VBD IN NNP POS NN MD VB NN NNP NN CC IN PRP MD VB IN NN NN DT NN PRP$ NNS VBD IN IN PRP$ NNP NNP NN VBD VBN . NNP VBD VBN DT NN IN NNP POS NN IN CD . RB PRP VBD DT NNS NN IN NNP ."
575,133,mainstream,"`` NNS IN NNS '' : JJ NN POS NN IN NNS IN NNS NN PRP VBP RB VBN DT JJ NN `` NNS VBP NN . '' NN IN DT NN NN IN NNP NNP VBD PRP VBD NN NN NNS VBD RP IN DT NN IN PRP$ JJ . VBN IN NNS NNS IN NNS JJ IN NNP , NNP CC PRP$ JJ NNP NNP , NNS IN NNP NNP IN NNP , NNP NNP , VBD IN DT NN VBG NN HYPH NNS IN DT JJ NN CC VBD PRP IN NNP . DT NNS VBP , `` NNS VBP NNS . '' PRP VBD PRP$ NNS , IN DT NN NN VBP VBN VBN IN CC VBN IN NN NNS , WDT DT NN POS NNP NNP NNP VBD VBZ RB JJ TO VB . NNP VBD DT NN VBD DT `` NNPS NNP NNPS '' NN CC DT NN WP VBZ DT NN NN VBD TO VB DT NNS IN JJ . JJ WP VBD DT NNP NN VB TO VB WRB TO VB DT NN HYPH NN . CC DT NN RB VBD NNS WP VBD NNS VBP DT JJ NN NN CC VBD JJ IN PRP$ NNS POS NNS CC NNS . NNP VBD RB JJ IN JJR NNS VBP VBG DT NN IN NNS VBP NNS . `` PRP VBP JJ IN WRB JJ NN NNS VBP VBG RP RB RB IN PRP VBP VBN DT NNS NNS , '' PRP VBD . `` PRP VBD IN DT JJ NN PRP MD VB DT NN -LRB- DT JJ JJ NN -RRB- CC NN TO VB CC DT NN CD NNS TO VB IN NNS TO VB , VB DT NN : DT VBZ JJ . RB PRP VBP RB VB TO VB IN DT NN . '' DT NNS VBP RB TO VB IN IN DT VBN NN IN NNS VBP VBN IN NN . DT NNPS IN NNP NNP CC NNP VBD IN EX VBZ DT JJ NN CC IN EX VBP DT NNS IN NNS WDT MD VB NN . DT NN NN VBZ VBN CD NNS IN DT CD WDT VBD VBN IN PRP IN JJ IN NNP POS NNP NNP NNP HYPH NNPS . DT NN NN VBZ VBG NNS IN DT NN RB . DT NN NN VBZ $ CD CC NNS POS VBZ $ CD . NN NNS CC NN NNS VBP $ CD . DT NN VBN IN NNS NNS IN CC DT NN NN CC NN MD VB VBN IN DT JJ JJ NN CC NNP NN NN , NNP VBD . DT NNS VBD RP NN NNP . NN NNP NNP VBD IN DT NN . NFP NN VBZ RP TO VB NNS POS JJ NN , VBZ JJ NN IN NN NN NFP NNP NNP VBZ RB IN NN IN VBG PRP VBD RB VB PRP$ NN , NNS VBP JJ NN NN . CD NN `` VBN IN NNS '' TO VB NN"
576,868,mainstream,"JJ JJ NN NN VBN TO VB IN IN NN WRB NNS VBD VBG NNP : DT JJ NN WDT MD VB DT NN NN IN JJ NN NN IN CD NN : PRP VBD DT NNP NNP POS NNS . CC DT NN VBD DT NN . DT NN NNS CC NN NNS VBN IN DT NN NN VBP RB VBN NN NNS TO VB DT JJ NN . NNP , DT JJ NN JJ IN DT NN , MD RB VB PRP$ NN IN DT NN TO VB PRP$ NN , CC MD VB DT NN NN WRB PRP VBZ VBN VBN IN JJ NNP . DT NN VBZ DT NN IN DT NN POS NNS , WP VBP VBN DT JJ NN IN WDT TO VB NN NN IN DT NNP . IN PRP VBP TO VB DT NN IN DT JJ NN , DT NN MD VB DT JJ NN IN DT NN NN . NNS VBP TO VB DT NN NN RB JJ , IN JJ NNS MD VB . CC EX VBP DT JJ NNS WDT MD VB TO VB , VBG NNS IN , IN NN , NN NN , NN , NN CC NN . `` PRP VBP VBG TO VB DT JJS PRP MD IN DT NNS , '' VBZ NNP NNP , DT JJ CC JJ NN IN DT NNP IN NNP NNP CC NN IN NNP . `` CC IN DT NN , PRP VBZ DT NN . '' JJR NNP NNS MD VB VBG NNS IN NN DT NN IN JJR IN CD NNS IN DT NNP NNPS VBZ IN JJR NN IN DT JJ CC JJ NN MD VB NNS IN NNS JJR NNS IN NN JJ . TO VB RP WP VBZ VBG JJ HYPH NN NNS IN DT NNS TO VB NNS IN VBG RB , NNP NNP , DT JJ NN IN NNP NNP NNP NNP NNP NNP IN NNP NNP , NNP , CC NNP NNP NNP , DT NN IN DT NNP IN NNP , NNP NNP , VBD DT NN IN CD JJ NNS WP VBD VBN NNS IN DT NNP NNP NNPS IN NNP -LRB- NNP -RRB- IN CD . IN DT JJR IN CD NNS WP VBD IN DT JJ NN , RB CD VBD RB VBG NNS TO VB DT JJ NN -LRB- VB `` JJ TO VB '' -RRB- . RB CD VBD IN PRP VBD DT JJ NN VBN TO VB NNS , DT JJ HYPH NN NN NN , CC VBN IN DT NN NNS VBN IN VBG IN JJ NNS JJ IN NN . CC PRP VBD RB VBG . DT NNS : DT WP VBP VBG CC DT WP MD : VBD VBN WP PRP MD VB TO VB JJR NNS CC TO VB NN . NNS JJ IN NNS CC NN VBD DT JJ NN IN DT NNS , IN VBD NN IN DT NNP CC PRP$ JJ NN . RB CD NN IN NNS RB RB VBG VBD PRP VBD JJR NN IN NNS CC NNS , JJ IN DT JJ NNP NNP NNP NNPS -LRB- NNP -RRB- NN IN VBG JJ HYPH NN NNS . CC CD NN IN NNS RB VBG NN VBD IN PRP MD VB IN JJR NN IN DT NNS RB RB . NN VBZ VBG TO VB DT NN IN NN NNS IN RB VBG JJ NNS IN DT NN . DT NN HYPH NNS NN VBZ VBN RB CD JJ NNS IN DT JJ NN , VBN IN DT JJ HYPH NN NN . DT NN , VBN NNP NNP , VBZ RB VBN IN NNS CC NNS VBG CC VBG NN NNS . CC NN NNP NNP VBZ TO VB IN EX VBZ JJ NN IN JJ HYPH NN NNS . JJ NN NNS VBP DT JJ NN IN NNS IN NNS VBP CC DT NN CC DT NN , CC NNS VBP WP VBZ VBN IN DT NN IN PRP$ JJ NNS . DT NN NN MD , IN NN , VB RB JJR : DT JJR NN IN NNS MD VB DT NN NN CC RB VB RB VBN IN DT NN , TO VB DT NN IN DT NN . `` PRP VBP TO VB RB JJ NNS IN JJ WP VBP TO VB DT , CC VBP PRP RB JJ TO VB JJ TO VB IN NN NNS MD PRP VB , '' VBZ NNP . NNP , DT JJ HYPH NN NN IN NNP , VBZ VBN VBG DT NN CC NNS IN DT JJ HYPH NN NN IN DT NN NN , VBZ NNP NNP , NN IN PRP$ NNS NN . CC PRP VBZ PRP VBZ JJ IN PDT DT NN MD RB VB RP NN NN ."
577,1327,mainstream,"NNP NNP VBD NN IN NN NNS IN NNP POS NNP NNP NN , VBG DT NN CC NN IN NN IN DT VBG NN IN NNS IN NNP NNP POS NNS IN DT NN NN . `` IN -LRB- NNS '' -RRB- NN , JJ NNS VBP RB JJ CC JJ IN NNS , WDT VBZ NN JJ , '' DT NN VBD . `` CC DT NNS PRP$ NN VBZ VBN VBN IN DT JJ NN WDT VBZ DT NN IN DT NNP NNPS . '' NNP VBZ RB VBN IN VBG IN JJR NNS IN DT JJR NN . `` DT RBR JJ NNS , '' DT NN VBD IN CD . `` JJ NNS VBP RB NNS : CD NN IN DT NN , IN NN . '' JJ NNS VBP VBN DT NN HYPH NN NN : DT CD NN IN DT NNP NNP VBD IN CD NN IN NNS , IN DT `` JJ NN , '' VBD VBN IN JJS RB TO VB NNS . CC NNP VBD IN , IN DT NN PRP MD VB , DT NN VBZ DT `` JJ NN IN NN CC NN . '' `` PRP VBZ IN VBG , `` PRP MD VB JJ TO VB DT JJ NN IN NN , RB PRP MD RB VB NN IN PRP , '' '' PRP VBD . IN VBG DT JJ NN IN NNS , NNP VBD DT NN IN JJ NN VBG DT NNP NN IN NN . NNP NNP , NN IN DT NNP NNP NNP , VBD PRP$ NN VBD `` NNS IN NNS '' CC VBD RP IN DT NN IN DT NN : `` EX VBZ DT NN WRB EX VBZ RB JJ NN , NN IN WDT VBZ DT NN IN NNS CC NN , IN PRP VBP TO VB `` JJ . '' '' NNP , JJ IN DT JJ NNS IN JJ NN , VBD DT JJ JJ NN IN DT NN IN NNP NNP : `` VBP PRP RB VB DT NN IN JJ NN TO VB PRP IN DT NN . RB , UH , VB RB VB DT NN . '' PRP RB VBD DT RBR JJ NN , VBG IN IN PRP$ JJ NNS -LRB- NN IN NNS IN `` DT JJ CC JJ NN IN NNS '' -RRB- , PRP VBZ VBG PRP$ JJ NN `` RB IN NN . '' `` IN PRP MD VB DT NN TO VB IN DT JJ NN IN PRP$ JJ NN NN , '' PRP VBD , `` RB PRP VBP IN NN MD . ''"
578,543,conspiracy,"NNP VBZ VBN NN IN NN . PRP VBZ RB HYPH VBN IN NNS WP VBP TO VB DT NN WDT NN -LRB- IN JJ NNS -RRB- VBD VBN TO VB DT NN TO VB NN IN DT NNP NNP NNP -LRB- NNP -RRB- . DT RBS JJ JJ NN IN DT VBP DT NN NNS IN DT NNP NNP NNP NNP NNP , IN VBN IN NNP NNP NNP -LRB- ADD CC NNP NNP NNP -LRB- ADD CC DT NN VBN `` NNP NNP : NNP NNP NN CD IN NNP NN . DT NN VBZ IN DT NNP VBZ VBN DT NN IN NN -LRB- VB IN ADD NN NN CD -RRB- . JJ `` JJ '' NNS JJ IN DT NNP NNP TO VB NNP CC NNP POS NNP VBP RB VB VBG DT NN IN NN . DT VBZ RB JJ VBG IN DT NNS IN DT JJ NNS VBP NNS CC JJ NNS . DT NN NN VBZ CD CC PRP MD VB NNP NNP IN ADD . PRP MD VB NNS WRB TO VB DT NN TO VB PRP , IN PRP VBD PRP PRP IN NNP . DT VBZ JJ , CC DT NN VBZ RB TO VB NN IN PRP . UH VB NNP NNP NNP NNP , DT NN WP VBD NN -LRB- NN -RRB- . VB RB IN DT NNP NN . DT NNP NNP -LRB- NNP -RRB- NN VBZ RB JJR . JJS NNS VBP IN DT NN IN NN , DT NN NN , VBZ IN DT JJ JJ NN . NN IN DT NN NN NNS VBZ DT RB VBN `` JJ NN NN '' IN WDT DT NN , RB JJ NN , VBD DT JJ NN CC VBN NN IN VBG DT NN VBG DT JJ NN -LRB- FW , -RRB- . JJS JJ NN , IN IN DT JJ NN , VBZ IN DT NN IN NN CC NN MD RB VB VBN DT NN . IN CD , DT NNP NNP IN NNP POS NN NNS , WDT VBD TO VB DT JJ NN IN NN CC DT NN IN NN , VBD VBN IN DT NN TO VB . DT RBS RB VBN NNS CC NNS VBD DT NN IN NN HYPH CD , DT RBS JJ CC JJ JJ NN NN , VBD IN JJ NN NNS CC JJ NNS IN RB IN JJ NNS . DT JJ NN NN -LRB- NNP -RRB- VBD DT NN IN NN RB IN DT NN VBD RB VBN IN VBG JJ NN NNS IN NN NN NNS WDT VBP RB VBN TO VB VBN IN NN NNS JJ IN NN , DT JJ NN NN RB VBN , RB VBN IN JJ NNS IN JJ JJ NNS . IN DT NN IN DT NN , DT VBN NNS VBD DT NN NN CC NN VBD RB JJ TO VB VBN IN NN NN NNS IN NNS VBD RB VBN TO VB VBN VBN IN DT NN IN DT NN . RBR RB , IN DT RBS VBN IN DT NNP , NNP NN NNS , DT NNP NN POS JJ NN NN NN IN DT NNP NNP NNP IN , NNP NNP NNP , VBD IN PRP$ NNS IN DT NN IN NN MD RB VB VBN IN `` NN NNS '' CC JJ JJ VBN NN NN NNS -LRB- VBN `` FW '' -RRB- . PRP VBD IN JJ NN NNS VBP DT `` VBN NN IN NN NN '' VBD NN IN DT NNS VBG NN , RB RB , IN IN JJS CD JJ NN `` NNS '' -LRB- CC JJ NNS -RRB- VBN IN CD JJ JJ NN NNS IN NNP RB . DT RBS JJ NN IN DT JJ JJ NN VBD DT JJ -LRB- FW , JJ -RRB- NN VBG NNS , DT NN VBD . NNP CC PRP$ NNS VBD DT VBG JJS NN IN DT NN IN NN : `` PRP VBZ RB RB HYPH VBN , '' PRP VBD , `` TO VB DT CD CC RB NNS VBG IN DT JJ NN -LRB- RB VBN CC VBG DT NN IN NNS -RRB- -LRB- IN MD VB VBN DT NN IN NNS VBN IN DT NN IN NN NN -RRB- CC IN DT JJ NNS WDT MD VB VBN IN DT JJ NN CC MD VB VBN NN HYPH VBN RB . DT NN IN NNS VBN VBZ JJ IN DT NN IN NN IN DT NN IN DT NN IN DT JJ CC JJ NN . DT -LRB- NN -RRB- NN VBZ DT NN IN PDT DT VBN NN . . . '' -LRB- VB : NNP NNP , NNP NNP CC NNP NNP . DT NN IN VBN NN NN NN : NNP CC NNP . NNP . NNP . NNP NNP NNP NNP -LRB- CD -RRB- CD . -RRB- DT NN IN DT NN VBD RB VBN IN DT NNP HYPH JJ JJ NN , NNP NNP NNP IN DT NN VBG NN VBG NNS : NNP CC NNP , NN , NN CC JJ . -LRB- NNP NNP , CD : CD : ADD NNP NNP VBD CC VBD JJ JJ NNS CC NNP NNPS IN NNP NNS VBG IN NNS , VBN IN JJ NNS , VBD VBN TO VB NNS IN NN NN NN NNS VBN IN JJ JJ NNPS IN IN JJ NNS IN NNP NNP NNP IN RB DT NN NNP NNP CC NNS VBP DT NN IN NN `` VBD NN '' VBD . IN DT NN NN IN DT NN IN NNP NNP NNP VB RB . TO VB RP IN NNP NNP POS JJ NN , VBN IN NNP NNP NNP , NNP , VB RB TO VB PRP$ NN NN . NN : DT NN IN NN CC NNP MD RB VB WP PRP VBP VBN"
579,991,mainstream,"NN NN VBZ IN NNP IN NNP , IN JJS NNS VBG IN JJ NNP IN JJ NNP . VBG VBN IN DT NN NN VBZ IN JJ NN -LRB- RB IN DT NN IN NNP -RRB- VBZ DT NN DT NN TO VB NNS WDT VBP IN DT NN . RB IN PRP VBZ JJS TO VB VBN RB RB IN DT NN NN VBZ JJ , VBG DT NN RBR RB MD VB JJ . RB RB RB IN NNP , EX VBP RB DT JJ NNS VBN IN DT NN NN , RB PRP VBZ RB DT JJ NN TO VB VBN . WP MD VB DT NN NN . DT NN NN VBZ VBN IN NN NN CD NNS CC JJR . PRP VBZ RB JJ IN NNS WP VBP IN JJR NN IN VBG NN NNS IN DT NN TO VB VBN . PRP VBP : SYM DT NNS CD NNS IN CD NNS JJ -LRB- NNS JJR IN CD NNS VBP RB VBN JJ NN , CC PRP MD VB DT NN NN -RRB- NFP DT NNS WP VBP JJ , VBG TO VB JJ , VBP RB VBN NN , CC VBP VBG IN NN NN , NN WP$ JJ NN VBZ JJ IN NNS CC NNS -LRB- IN NN NN -RRB- , NNS WP VBP IN JJ HYPH NN NN NNS , JJ IN NN NNS , NN -LRB- NNS , NNS , CC NNS -RRB- IN DT JJ JJ NN , JJ IN NN CC NN , NNS CC NNS WP VBP NN RB CC VBP IN NN IN VBG NN NN IN PRP VBP DT NN , NNS CC NN NNS IN NN IN DT JJ HYPH NN NN -LRB- IN NNS JJR IN CD NNS JJ , RB DT JJR IN CD NNS , CC DT IN JJ HYPH NN NNS -RRB- NNS IN CD NNS JJ VBP CD NNS IN NN NN IN PRP VBP VBN JJR IN CD NNS IN NNP CD . DT VBZ NNS WP VBP VBG DT NN NN IN DT JJ NN . DT IN CD WP VBP VBN IN JJS CD NNS IN NN NN RB -LRB- IN DT JJ CC JJ NNS -RRB- MD RB VB CD NN . NNS JJR IN CD RB VBP CD NN IN DT NN . PRP MD VB IN IN CD NNS IN DT NN NN TO VB JJ , RB PRP VBZ JJS TO VB VBN RB RB IN JJ . WP VBP DT NNS IN NN NN . CD NNS IN NN NN VBP JJ IN DT CD HYPH CD NN NN . DT VBP IN CD NNS IN NN NN : NFP DT NN NN , WDT VBZ VBN IN DT NN , DT JJ NN , DT NN WDT VBZ VBN IN DT NNS IN DT NN , DT JJ NN NN VBD RB VBN IN NNS IN PRP VBD RB VB TO VB RB RB . DT JJR NN VBZ TO VB RB RB IN DT NN . RB CC NN MD VB VBN DT NN , VBG IN DT NN POS NN CC JJ NN . DT JJ NN VBZ RB IN JJ NNS NNS CD CD . NNS IN JJ NN NNS CC DT NN NNS -LRB- JJ IN NN -RRB- CC JJ NNS MD RB VB DT JJ NN NN . WP MD RB VB DT NN NN . JJ NNS MD VB DT NN IN VBG DT NN . VB IN PRP$ NN TO VB IN DT NN VBZ RB VBN IN PRP$ NN : NFP VBZ RB VBN DT JJ JJ NN IN DT NN NN IN DT NN , NNS IN DT NN NN VBD TO VB IN PRP$ NN IN IN DT NN NN VBD JJ IN PRP IN PRP VBZ VBN IN NNS . CC NN NNS RB VBP IN DT NN IN NN NN IN DT NN VBZ RB JJ IN PRP VBZ JJ RB IN NNS IN DT JJ NN NN . DT VBZ RB JJ IN DT JJ NN NN . RB , DT NN IN DT NN NN MD VB DT NN NN IN DT NN POS NN , RB IN DT NN , NN , CC JJ NN . IN PRP$ NN VBZ JJ CC VBZ DT NN , CC VBZ VBG , VB IN PRP$ NN IN IN TO VB DT NN . JJS NNS VBP RB VB DT NN NNS IN DT NN NN . DT VBP NN CC NN IN DT NN IN DT NN CC JJ NN NNS , JJ IN NN CC DT JJ NN . WRB MD PRP$ NN VB DT NN NN . DT NN NN VBZ JJ IN :"
580,27,mainstream,"VBG NNS NNS IN VBN NNS IN DT NNP NNPS IN DT JJ NN VBP VBN NNS IN NNS NN NN . RB , NNP FW FW VBD DT NNS VBG NNS NN NN NNS CC JJ NN NN . PRP VBD IN DT NN IN NNS NNS VBZ RBR JJ IN NN IN NN NN IN NN , RB IN JJ NN IN DT VBG NN NN CC NN IN JJ NN IN DT NN . PRP$ NN RB VBD IN DT JJ NN NN MD VB NN , WDT MD VB JJ IN VBG DT JJ NN NN TO VB DT NN IN NNS . IN NNS IN VBG NNS NN IN JJ NN , DT NNP NNPS CC JJ JJ NNS VBP VBN DT NN IN NNS NNS IN DT JJ NN . NNS VBG VBN NNS CC NNS IN JJ NN NN VBP VBN NNS IN DT NN IN DT JJ VBN NN RB IN NN . PRP VBZ JJ IN NN NN VBZ CC IN DT NN VBZ RB IN RB VBG NNS NN NNS . VBG NNS IN CD NNS IN NNS NN NN , PRP VBD IN NN HYPH VBN NN NN IN NNS VBZ IN JJ CD NNS -LRB- CD NN NN NN , CD IN CD NNS -RRB- IN NN . IN VBG IN DT NN , PRP VBD DT NN IN DT NN IN JJ NN NNS VBD IN NNS IN NN NN IN NN . DT JJ NN IN NNS NN VBD DT JJ NN IN VBG NN IN DT NN IN DT NN IN NNS NNS . NNS IN CD IN DT NN IN JJ NNS , CC NNS IN DT JJ NNS CC JJ NNS IN NNS , VBN IN NNS IN NNS NN IN DT NN NNS VBN TO VB IN IN NN IN NN HYPH VBN NN . IN NN , NN IN NNS NN NNS VBG NN NN MD VB VBN TO VB DT JJR NN IN NNS IN NNS , RB NNS CC JJ NNS IN VBN . JJ NN IN DT JJ NN NN IN CD NNS IN NN , CC NN NN IN NN , MD VB DT NN TO VB NNS NN CC MD VB VBN IN JJ NNS . IN DT JJ NN , NNS NNS VBP VBN DT NN IN VBG JJ CC JJ NNS NN NN IN DT NNP NNPS IN DT NN CD -LRB- CD , CD -RRB- . IN JJR IN CD NN IN NNP HYPH VBN NNS VBD NNS NNS IN CD NNS IN NN IN DT NN NN -LRB- CD -RRB- , NN VBD RB IN NN IN DT JJ VBN NN -LRB- DT NNP NNP NN -RRB- IN CD , IN JJ IN DT CD NN IN PRP$ JJ NN IN NNS IN NN IN DT NNS HYPH NNS HYPH NN -LRB- NNP -RRB- NN -LRB- CD -RRB- . NNS IN VBN JJ NN CC JJ JJ NNS VBD IN DT JJ NNS , VBN IN VBN NNS IN NN IN NNS VBD VBN TO VB DT JJ NN NN IN CD IN CD NNS IN NN -LRB- CD -RRB- . RB , DT JJ NN IN NNS NNS VBD IN DT NN IN NNS IN NN NNS IN CD -LRB- CD -RRB- . DT JJR NN IN NN -LRB- NNS CD IN CD NNS , VBN IN DT JJ NN IN CD IN CD NNS -RRB- VBZ VBN DT VBG NN IN DT NNS -LRB- CD -RRB- , JJ IN JJ NNS IN NNP , JJ NNP , CC JJ NNS IN JJ NN NN -LRB- CD CD -RRB- . DT NNS VBP JJ IN CD NNS . RB , RB JJ IN CD NN IN NNS NNS VBN IN NN MD VB JJ NNS VBG NN , NN , CC NN , IN NN IN DT JJR JJ NN IN NNS WDT RB VBZ NN CC JJ NN NN -LRB- CD -RRB- . RB , JJS NNS NNS IN JJ NNS VBP VBN VBN IN JJ NNS WP VBD CD NN NNS IN VBN -LRB- CD -RRB- . DT NN VBZ VBN NNS IN JJ NN IN DT NNP NNP NN RB IN NN -LRB- CD -RRB- . PRP VBZ JJ IN JJ NNS IN VBN NNS VBP IN IN DT NN IN NN HYPH VBN NN CC IN DT NN IN NNS NN NNS VBG NN HYPH VBN JJ NN . VBG IN DT NNS VBZ JJ IN NN HYPH NNS CC NNS IN DT JJ CC JJ NNS : IN NN VBZ IN DT NN IN NNS MD VB VBN IN VBG NN NN NNS CC IN DT JJ NN MD RB VB VBN -LRB- CD -RRB- . IN DT NN , PRP VBD TO VB NN IN NN HYPH VBN NN IN JJ HYPH NN NNS IN NN NN IN VBG NNS NNS VBG NNS IN CD JJ NNS IN NNS NN NN VBN IN JJ NNS IN DT NNP NNPS CC NNP -LRB- NN NNP -RRB- . VBG NNS IN DT NNS , PRP VBD IN DT NN IN NN HYPH VBN NN NN VBZ IN NN IN NN IN DT NN : DT NN WDT MD VB NN VBG : CC IN DT NN IN NN VBZ VBN IN JJ NNS IN NNS IN DT VBG NN IN NNS NN NNS . PRP RB VBD DT JJ NN IN DT NN IN NN HYPH VBN NN IN DT NN IN DT NNP NN IN NNS IN DT NNS IN NN NN CC VBD JJ NNS TO VB IN JJ NNS NN NN NNS VBP RBR JJ IN NNS IN VBG NN CC NN NN . RB , PRP VBD VBN NN HYPH JJ NN NN IN JJ NNS IN NNS NN IN CD JJ VBN NNS . DT JJ VBD JJ IN VBG NN VBN IN PRP$ NNS IN DT NN IN NN HYPH VBN NN : DT JJ VBD JJ NN CC VBD NNS NN NNS IN WDT NN VBD JJ NNS IN NN . PRP VBD PRP$ NNS TO VB JJ NN NNS VBG TO VB NN IN NNS . NN IN VBG NN IN NNS IN NN NN NN IN DT JJ NN IN DT NNP NNP NNS NN : VBG IN CD NN IN DT JJ NN IN VBN VBN NNS -LRB- CD -RRB- IN -LRB- CD NN CD HYPH NN NN IN JJ NNS -LRB- CD -RRB- VBP VBN NNS TO VB NN NN . DT NN IN NNS IN NN VBD PRP TO VB JJ NNS IN DT NNS NNS NNS VBP VBN IN VBN NNS -LRB- CD , CD -RRB- . VBG DT JJ NN NN IN NNS IN JJ CC JJ NN NNS -LRB- NN NN -RRB- , PRP VBD IN DT NN VBN IN NN IN DT NN POS JJ NN NN VBD IN CD NN IN JJ NN IN VBN NN NN NNS -LRB- NN CD , NNP IN NNP -RRB- . VBG PRP$ NN IN DT NN VBG NN IN DT NN IN RB VBN NNS IN NN , PRP VBD IN NN VBZ , IN NN , CD NNS -LRB- CD NN NN NN -LRB- NNP -RRB- , CD IN CD NNS -RRB- IN NN IN DT NN . IN CD NN -LRB- CD NN NN , CD IN CD NN -RRB- IN NNS VBN TO VB JJ NNS IN NNS NN , PRP RB VBD IN CD NN MD VB NN IN CD NNS -LRB- CD NN NN , CD IN CD NNS -RRB- , CD NN IN CD NNS -LRB- CD NN NN , CD IN CD NNS -RRB- , CC CD NN IN CD NNS -LRB- CD NN NN , CD IN CD NNS -RRB- . NN IN JJ CC JJ NN NNS VBG DT JJ NN IN JJ NNS IN VBN CC JJ NNS . PRP VBP DT NNS IN PRP$ NN HYPH NN IN NNS IN NNS NN NN , IN WDT PRP VBD NNS IN NN VBG . -LRB- LS -RRB- VBN RB VBZ WRB NNS IN NN NN -LRB- VBN IN CD IN DT JJ NN -LRB- NN -RRB- IN VBG NNS IN DT VBN NN , JJ IN DT JJ NN -RRB- VBP IN DT CD NNS VBN RB . NN IN JJ NN VBZ IN CD NN IN JJ NN IN NNS IN NN IN JJ NNS IN IN HYPH NN NN . NNS VBG NN HYPH NN NNS VBP VBN IN NN TO VB NNS IN NN NN . NNS VBP CD NN NN NNS -LRB- NN -RRB- : NNS VBP WRB NNS VBD IN DT JJS NN JJ CD . -LRB- LS -RRB- IN CD NNS IN NN NN -LRB- DT JJS NN NN VBN IN JJ NNS -RRB- , PRP VBP IN CD NN -LRB- CD IN CD NN -RRB- IN NNS VBP VBN , PRP VBP DT IN PRP$ NN IN DT NN IN NN NN . -LRB- LS -RRB- DT JJ NN IN RB VBN NNS IN NN VBZ NN IN NN IN , IN NN , NNS -LRB- CD NN NN , CD IN CD -RRB- , IN VBN IN DT JJ HYPH VBN NN . DT JJ HYPH VBN NN VBZ DT NN IN NNS IN NN IN NN IN VBN NNS , VBN IN VBG JJ NNS VBN VBG NNS IN NN . -LRB- LS -RRB- JJ IN DT NN IN VBN NN IN JJ NNS NNS RB IN NN , PRP VBD RB VB NN IN DT NN IN NN NN IN NN , IN NN IN VBG NN HYPH VBN NN VBD IN DT NN VBG IN NN NN . VBN NNS IN DT JJ NN IN JJ NNS VBN NN : CC NNS VBN IN NN IN NN , NNS IN CD , CC NNS VBN : VBP VBN IN JJ NN VBG NN NNS IN DT JJ NNS -LRB- CD , CD -RRB- . -LRB- LS -RRB- VBG DT NN HYPH NN NN , PRP VBD DT NN -LRB- JJ CD HYPH VBN NN SYM CD -RRB- IN DT VBG NN -LRB- IN VBN IN DT NN IN DT NN IN NN IN NN CC JJ NN IN NNS VBN NN : VB NNS CC NNS -RRB- IN NN IN DT JJ CC JJ NN -LRB- CD NN NN , CD NN NN IN CD NN NN IN DT JJ NN IN NNS VBN NN IN NN NN IN NN : JJ CD HYPH VBN NN SYM CD -RRB- . DT JJ NN IN RB JJ HYPH NN NN NN IN DT NN NN IN VBN NNS IN NN NN VBZ RB VBN VBN TO VB IN VBN NN . RB , PRP VBD DT NN IN DT NN IN NN NN IN DT NNS CD IN CD , IN JJ IN VBG IN DT NN IN NN NN -LRB- NN NN -RRB- . IN PRP VBD DT JJ CD -LRB- CD NN NN , CD IN CD -RRB- JJ NN IN DT JJ NN IN NN VBN NN IN DT NN NN IN CD IN JJ NNS , DT NN VBD RB VB -LRB- VBN JJ NN , CD : CD NN NN , CD IN CD -RRB- IN VBG IN JJR NN IN NN IN JJR HYPH NN NNS IN JJR NNS . RB , PRP VBD RB VB DT NN IN DT NN IN NN IN DT JJ NN IN NN IN VBN IN DT NN IN NN IN DT JJ NN -LRB- NN CD -RRB- . IN JJ NNS VBD RB VBN TO VB NN IN NN IN VBN `` NN '' IN DT JJ NN , PRP$ NNS VBD IN DT JJ NN RB VBZ NN IN DT NN VBN IN VBG IN DT JJ NN , RB VBG NN IN JJR NNS . RB , PRP$ NNS VBP DT JJ NN IN VBG NN NN IN DT NN IN NN IN NN NN . NNS IN NN NN IN NNS NN IN NN NN TO VB DT JJ NN IN NNS NN IN JJR NN NNS , PRP VBD WRB VBG NN HYPH VBN NN CC VBG NNS IN JJ NN VBP VBN DT NN IN DT NNP NN IN DT NNS IN NN NN . PRP VBD DT NN IN NN NN IN IN CD , WRB DT NN VBD VBN , IN VBG DT JJ NN -LRB- NN NN CC NN . NNP -RRB- TO VB JJ NNS IN DT JJ NN IN JJ NN -LRB- CD -RRB- . PRP VBD IN DT JJ JJ NN -LRB- NN -RRB- IN NNS IN DT NNP NNPS : DT NN IN NNS VBN TO VB IN DT JJ NN NN IN DT RB JJ NN : VBD CD IN NN NN , IN NN IN JJ NNS IN CD IN CD IN JJ HYPH NN NNS IN DT JJ NN -LRB- CD , CD -RRB- . VBG IN NN IN RB VBN NN VBD RB VB NN NN -LRB- CD -RRB- , JJ IN JJR HYPH NN NN IN JJ NN NNS IN JJ NN IN NN IN NN IN NNS -LRB- CD -RRB- . DT JJ NN IN NNS IN JJ NNS VBD IN NN HYPH JJ NNS IN NN VBG IN NN NN CC VBG NN IN DT NNS IN NN NN -LRB- NN CD CC NN . NNP -RRB- . PRP VBD IN CD NN -LRB- CD NN NN , CD IN CD NN -RRB- IN NNS NNS CD IN CD NNS CC CD NN -LRB- CD NN NN , CD IN CD NN -RRB- IN NNS NNS CD IN CD NNS VBD JJ IN NNS NN NN IN CD IN DT NN IN DT JJ NN , IN NN IN CD NN -LRB- CD NN NN , CD IN CD NN -RRB- CC CD NN -LRB- CD NN NN , CD IN CD NN -RRB- , RB , IN IN CD CC -LRB- CD NN IN DT NN NN IN NN NN . NN VBZ RB VBN JJR NN NNS IN DT NN IN NNS WDT VBD NNS IN NNS . IN JJS NNS NNS CD NNS CC JJR VBD JJ NN IN IN CD , PRP VBD IN CD NN -LRB- CD NN NN , CD IN CD NN -RRB- IN DT NNS CD IN CD NNS VBD IN NN IN NN . NNS NN CC NNS IN NN NN IN NN . RB , PRP VBP NNS IN DT NN IN DT NN , IN NN , VBN TO VB JJ IN NNS IN DT NN IN DT VBN VBG NN IN NN HYPH VBN NN NN CC DT NN IN NNS NN IN DT NN . -LRB- LS -RRB- JJ NNS IN VBN NNS VBD IN NN NN IN CD , VBN IN NNS RB IN NNS IN CD IN CD CC JJ NNS -LRB- CD RB -RRB- VBN IN JJ NNS . DT NNS VBP VBN IN -LRB- LS -RRB- NNS IN DT NN HYPH VBN NN IN NNS JJ IN NNS NN IN CD IN CD CC CD IN CD NNS IN NN , RB , CC -LRB- NNP -RRB- NNS IN DT NN IN NNS WDT VBP NNS CC VBP VBN IN IN NN NN IN NNS . -LRB- LS -RRB- NNS IN DT NN IN NNS JJ IN NN IN JJ NNS VBP VBN IN NNS IN VBN NNS . IN DT JJR NN IN NN NNS , DT NN CC NN IN NNS NNS IN NNS IN DT JJ NNS CC JJ NNS VBD IN DT JJ NN IN VBN NN IN NNS CD IN CD NNS -LRB- NNP CD -RRB- . PRP VBD IN NN IN NNS CD IN CD NNS VBD IN CD , WRB CD NN -LRB- CD NN NN , CD IN CD NN -RRB- IN NNS IN DT NN NN VBD IN NN IN NN , RB IN CD NN -LRB- CD NN NN , CD IN CD NN -RRB- IN NNS NNS CD IN CD NNS . DT NNS VBP CD -LRB- CD NN NN , CD IN CD -RRB- NN CC CD -LRB- CD NN NN , CD IN CD -RRB- NN VBZ IN NN HYPH JJ NN , RB , VBN IN DT NN NN . IN NN NNS VBG IN DT NNS VBD VBN IN DT NN TO VB JJ NNS IN NNS IN PRP$ JJ NN NN -LRB- CD -RRB- , PRP$ NNS RB VBP IN NN NN CC VBG JJ NN VBP WRB NNS VBD DT NN IN JJS NN IN NN IN DT NN . PRP VBD IN , IN IN CD , DT NN IN NN IN NNS NNS CD IN CD NNS VBD IN CD NN -LRB- CD NN NN , CD IN CD NN -RRB- IN IN DT NN IN CD IN NNS TO VB DT JJ NN IN NNS CD IN CD NNS -LRB- CD -RRB- . IN JJS NNS VBG NNS IN DT JJ NN VBD VBN CD NN IN NN IN VBG IN DT NNS IN DT NN -LRB- CD , CD -RRB- , JJ NNS VBP RB VBN NNS JJ TO VB CD NNS -LRB- FW NN -RRB- . RB , DT VBG NN IN NN IN DT NNP NNPS RBR JJ NNS IN NNS IN IN VBG NN IN NN IN DT JJ NN RB IN DT NN IN NNS IN DT JJ , JJ NN . DT NNS VBP IN NN NNS VBG CD CC CD NN JJ NNS IN NN NN -LRB- VBG IN CD CC CD NN JJ NNS IN NN NN IN CD -RRB- IN DT NNS IN NN NN -LRB- JJ NNP CC NNP -RRB- . PRP$ NNS VBP VBN IN VBN NN NN VBZ RB IN VBG NN RB IN DT NN IN NNS NN NNS VBG NN HYPH VBN NN . RB , PRP$ NN TO VB DT NNS VBG NNS IN JJ NNS VBZ VBN IN DT NN IN NNS IN NN JJ NN . TO RBR VB IN JJ NNS VBP RBR JJ IN NN NN CC JJ NN , PRP VBD DT JJ NN NN TO VB VBN JJ NNS IN DT NNS IN DT NN CD , WRB DT JJ NN VBD . VBG DT NN VBN RB TO VB NN NN CC NN NNS IN DT NN IN VBG NN NN -LRB- NNP NNP CC NNP -RRB- , PRP VBD DT NN IN NNS NN NNS IN WDT DT NN VBD JJ NN IN DT NN IN CD CD . IN NN HYPH VBN JJ NN NNS WDT RB VBD NNS NNS IN NN IN NN HYPH JJ NNS , NN IN NN NN VBZ DT JJ NN TO VB IN NNS IN DT NN NN IN NNS IN NN CC JJ NN . PRP VBD IN NNS JJ IN NN NN MD VB VBN TO VB JJR HYPH IN HYPH VBN NN IN JJR NNS -LRB- NNP CD , NNP IN NNP -RRB- . IN NN IN DT JJ NN IN NNS NNS IN CD NNS VBN IN CD , DT VBN JJ NN IN NNS VBD CD NNS -LRB- CD NN NN , CD IN CD NNS -RRB- IN NN HYPH JJ NN NN VBD IN CD NN . IN NNS IN JJR NN TO VB NN NN MD RB VB IN PDT DT NN IN NNS , PRP VBD JJ NNS TO VB JJ NN IN DT NN VBN IN VBG NN -LRB- NNP CD NNP -RRB- . NN HYPH VBN JJ NNS IN NNS NN VBD VBN NNS IN JJR NNS IN NN . IN VBN IN NNS IN NNS IN JJ NN , NN HYPH VBN NNS IN NN NN VBD DT JJR NN IN VBN JJ CC NN HYPH JJ NN , IN DT VBN JJ NN IN CD NNS -LRB- CD NN NN , CD IN CD NNS -RRB- IN NNS . VBN NN NNS IN NNS IN NN NN CC NN NN . RB , PRP VBP DT JJ NN NN TO VB DT NN IN NNS NNS IN DT NN IN NNS NN VBG NN HYPH VBN NN NN CC DT NN IN VBG NN HYPH VBN NN . -LRB- LS -RRB- DT JJ NN IN DT VBG NN HYPH NN NN IN NNS NN IN DT VBN NN VBZ JJ NN IN JJ NN NNS , IN VBG IN PRP$ JJR JJ NN IN NNS . -LRB- LS -RRB- IN NN , DT NN IN DT NN VBG VBG NN HYPH VBN NN VBZ DT VBN NN NN . -LRB- LS -RRB- JJR JJ NN NNS CC -LRB- NN -RRB- DT JJR NN NN IN NNS VBP VBN WRB NN NNS IN DT NN VBP JJ NN IN DT VBG NN , IN VBN IN DT NN IN DT NN IN VBG NN NN . -LRB- LS -RRB- IN DT NN IN DT JJ HYPH NN -LRB- NN -RRB- NN MD VB DT NN NN IN NNS IN JJ NNS IN JJ NN , -LRB- NNP -RRB- JJR HYPH IN HYPH VBN NN VBZ VBN IN DT NN , RB IN NN IN DT NN IN DT NN IN VBG NN NN . NNS IN -LRB- NNP -RRB- CC -LRB- NNP -RRB- VBP CD NN NN . IN NN HYPH VBN NN VBZ CC VBZ JJR HYPH VBG NN IN NNS RB IN NN IN VBN IN DT VBG IN CD , RB VBG JJ NN NNS MD VB VB NN IN VBG JJ NN IN JJR NNS . IN DT NN IN NNS IN DT JJ JJ NN -LRB- NN -RRB- , CC DT NN IN JJ JJ NNS VBG IN DT JJ JJ NN IN JJ NNS IN NN , PRP VBD IN NN VBN IN CD NN NNS RB VBZ JJ TO VB NN IN JJ NNS NN NN IN DT NNP NNPS IN DT JJ NN . IN NNP VBZ IN CD , RB NNS VBP JJ TO VB VBN IN DT JJ NN , IN NN NNS VBN IN JJ NNS IN NN IN DT JJ NN VBP VBN IN NNS WP$ NN VBZ RB IN NN , PRP VBP NNP TO VB CD -LRB- CD NN NN , CD IN CD : NN CD -RRB- . IN VBG DT JJ NN NN IN CD NNS IN NN MD RB RB VB NN HYPH JJ NN VBN IN PRP$ NN IN DT NN TO NN IN NN , PRP RB VBP IN DT NN MD VB NN IN JJ NN , RB VBG NN NNS IN NN IN JJ NNS . JJ -LRB- CD NN -RRB- NN IN DT JJ NN VBG NN NN IN VBN NN HYPH NN NN NN NNS MD VB VBN TO VB NN IN CD -LRB- CD NN NN , CD IN CD -RRB- , VBN IN NN NNS IN DT NNP NNPS IN IN CD . IN DT RBR JJ NN IN CD NN JJ HYPH NN NN : WRB JJ HYPH NN NN VBZ JJ HYPH NN NN IN RB HYPH VBN NNS : PRP VBP NN TO VB CD -LRB- CD NN NN , CD IN CD -RRB- IN NNS RB VBN IN JJ NN NNS NN IN IN DT NN . NN HYPH JJ NN CC NN NNS IN CD HYPH CC CD HYPH NN NN NNS . VBG NN HYPH VBN NN IN DT NN VBZ DT NN IN WRB JJ NN NNS MD VB NNS NN . TO VB DT NN , PRP VBD JJ NNS . -LRB- LS -RRB- NNS RB CD NNS IN NN IN IN CD VBD VBN IN JJ NN RB CC RB IN NN NN CC RB VBP NN HYPH JJ NN . RB , DT NN VBN RB IN CD HYPH NN NN MD VB VBN TO VB JJ NN IN NN RB CD NNS IN NN . -LRB- NN CC LS -RRB- PRP$ NN VBZ IN DT NN IN NN MD VB VBN IN JJ NN IN VBG DT JJ NN RB CD NNS IN NN , IN JJ NN NNS DT CD CC CD NNS MD VB VBN TO VB JJR HYPH NN NN . NNS CC VBN NNS VBP JJ NNS CC CD NN NN , RB . -LRB- LS -RRB- IN NN NNS VBN IN IN CD , NN IN JJ NN NN NNS VBN IN DT NN IN DT JJ NN NN VBZ VBN TO VB DT JJ JJ NN -LRB- NN -RRB- IN CD . PRP , RB , VBP NNP TO VB CD IN DT CD HYPH NN NN IN NNS WDT VBD JJ NNS IN NNS NN NN IN IN DT NN , JJR NNS IN NN VBP VBN IN JJR NN CC IN RBR JJ NN . NNS VBP DT JJ IN IN -LRB- LS -RRB- IN -LRB- NNP -RRB- . NNP , JJ JJ NN . -LRB- LS -RRB- IN NN , DT NNS IN NN VBP DT JJR NN IN NN IN NNS VBG NN NN . DT JJ NN IN CD NN -LRB- CD NN NN , CD IN CD NN -RRB- NN IN VBG NN HYPH VBN NN CC VBG DT NN HYPH VBN NN MD VB VBN TO VB IN DT CD HYPH NN NN IN JJ NN . PRP , RB , VBP IN DT JJ NN MD VB CD NN -LRB- CD NN NN , CD IN CD NN -RRB- NN IN VBG PDT DT NN TO VB IN DT NN IN CD NN NN IN DT JJ NN CC CD HYPH NN NNS . NNS VBP CD NN NN , CC VBN NNS VBP NNS IN NN NNS . IN PRP VBD IN JJS JJR NNS VBP RB JJ IN NNS NN IN IN JJ NN , PRP$ NN VBD IN CC DT CD HYPH NN CC DT CD HYPH NN NN NN MD VB VBN TO VB JJR IN CD NN IN NNS IN DT NN IN CD NNS IN DT JJ NN . DT NN MD VB DT NN IN JJ NN NNS IN NN -LRB- NNP CD -RRB- . IN DT NN IN PRP$ NN , PRP VBP IN VBG JJ NNS DT CD CC CD NNS MD VB IN VBN NN IN , IN NN , CD NN -LRB- CD NN NN , CD IN CD NN -RRB- CC CD NN -LRB- CD NN NN , CD IN CD NN -RRB- IN DT NN , RB , IN DT NN IN CD NN NN NN : IN DT JJR -LRB- CD NN -RRB- NN NN , PRP VBD NN IN , IN NN , CD NN -LRB- CD NN NN , CD IN CD NN -RRB- CC CD NN -LRB- CD NN NN , CD IN CD NN -RRB- IN NNS IN VBG DT CD CC CD NNS , RB . VBG JJ NN IN NN IN DT NN IN VBN NN MD RB VB TO VB NN IN JJ NNS NN NNS -LRB- NN CD -RRB- . TO VB NNP SYM CD IN CD HYPH NN NNS , PRP VBD IN DT VBG NN MD VB , IN NN , CD NN -LRB- CD NN NN , CD IN CD NN -RRB- IN CD NN -LRB- CD NN NN , CD IN CD NN -RRB- NN IN VBG NN IN VBN NNS RB VBN IN NN . VBG NN NNS DT CD NNS VBD DT NN NN IN IN CD NN -LRB- CD NN NN , CD IN CD NN -RRB- CC CD NN -LRB- CD NN NN , CD IN CD NN -RRB- IN VBG NNS IN NN NN . JJ NNS VBN IN JJ NNS VBP VBN VBN NN IN NNS IN NNS IN NN IN PRP$ NN IN DT NNP NNPS -LRB- CD , CD -RRB- . VBG WRB NNS VBP VBN VBZ JJ IN VBG WRB TO VB DT NN IN NN . PRP$ NNS VBP IN NN HYPH VBN NN NN VBZ IN NN . PRP VBP DT NN IN NN CC VBP IN DT VBG NN VBZ IN NN IN DT NN NNS VBG NNS IN DT NNS IN NN NN IN DT NNP NNPS . IN NN , NNS IN DT VBG NNS IN NNS NN IN DT JJ NN VBP RB VBN VBN IN NNS IN NN NN , RB , PRP$ NN VBZ IN NNS NN NNS VBG NN NN MD VB VBN TO VB JJ NN IN JJR NNS , WDT VBZ RB VBN VBN IN JJS JJ NNS . VBN IN DT NNS , PRP$ NN VBZ IN JJ NN IN DT JJ NN NN RB CD NNS IN NN , IN CC IN JJ NN IN NN , MD VB VB JJ NN IN DT NN . VBG IN DT NNS IN NN NN CC DT NN IN NN HYPH NN NN NNS IN NN NN VBZ VB IN JJ NNS VBP VBN TO VB NN -LRB- CD , CD -RRB- . PRP$ NNS WDT NN NN VBZ RB VBN IN DT NN IN NN NN NNS NNS -LRB- IN WDT DT NNP NNP NN NN VBD VBN -RRB- , CC IN DT NN NN IN JJ NNS VBZ JJ IN NNS IN NN NN , VBP IN NN IN JJ NNS IN NN WDT NNS NN VBZ RB IN JJ NNS -LRB- CD -RRB- . VBG NN NNS IN DT NNP NNP NN VBP JJ IN NN IN JJ HYPH NN NNS NN NNS JJ IN JJ NNS IN VBN NNS -LRB- CD , CD -RRB- , CC JJ NNS VBP RB VBN VBN IN NNS VBN IN VBN CC JJ NNS NNS -LRB- CD -RRB- . JJ NN CC NN NNS IN CC DT NNP NNP -LRB- NN NN -RRB- CC NNP -LRB- NN NN -RRB- NNS IN JJ NN VBN IN JJ NN NNS RB VBP DT NN IN VBG CC JJ NN NNS -LRB- CD -RRB- . IN DT NN IN DT JJ NN VBZ RB VBN VBN IN JJ NNS , JJ NNS VBP NN IN VBN NN NNS . IN VBN NNP JJ NNS VBP JJ HYPH NN NNS VBN IN PRP$ NN NN CC JJ HYPH NN NNS , DT NNS VBP VBN VBN IN DT NN IN DT NN IN VBG DT NNP NN IN JJ NNS , RB IN NN NN , VBD VBN IN CD -LRB- CD -RRB- . IN NN , VBG DT JJ NN VBD VBN IN NN IN DT JJ JJ NN IN DT JJ HYPH NN NN VBN IN NN IN DT NN NN NN -LRB- CD -RRB- , VBG IN JJ NN IN JJ NNS WRB JJ NNS VBD RB VBN IN DT NN NN IN NNS -LRB- CD -RRB- . NNS VBG DT JJ NN IN JJ NN NNS VBP JJ TO VB NN IN DT NNS IN JJ CC JJ NN IN JJ NNS CC MD VB PRP$ NN IN JJ NNS IN NN -LRB- CD -RRB- . JJ NNS : CC JJ JJ NNS : MD RB VB DT JJ NN IN VBG DT NN IN NN IN JJ CC JJ NNS IN NN . VBG NN NNS TO VB DT NN CC NN IN NN NNS IN NNS NN MD RB VB NN . RB , DT NNS NN IN DT NN VBZ JJR HYPH NN NN NNS , CC JJR JJ NN NN NN NN , IN DT NNS CC NN NNS -LRB- CD , CD -RRB- . JJ NNS IN DT NN MD VB VBN . PRP$ NN IN VBN RB IN JJ HYPH NN NNS IN NN NN NNS VBD IN DT JJ NN IN DT NN IN NN IN NN , IN NN VBG DT NN IN PRP$ NNS IN NN NN . JJ HYPH NN NNS IN NN NN NNS MD VB JJR NNS IN DT NN CC NN IN NN NN , RB VBG NN NNS . VBG JJ NNS IN NN IN JJ NN NNS MD RB VB NNS IN JJ NN NNS CC NNS IN NN NN . RB , PRP VBP NNS IN NN HYPH JJ NN WDT MD VB PRP VB JJ NN IN DT NNP NNP NN IN VBG NNS . JJ NNS IN NNS VBN IN JJ NN NNS , CC IN NNS VBN IN JJ VBG NNS NNS , MD RBR VB NN NN IN DT NN CC NN IN NN NN . JJ , PRP$ NN VBZ NNS NN IN DT NNP NNPS , WRB NN IN NN IN JJ NN NNS MD VB IN NN IN NNS WDT VBD JJ NNS NN RBR CC VB JJ NN NNS . DT NN IN NNS CC NN IN NN IN NNS CC NN NNS MD VB VBN IN DT NN TO VB NN NN IN JJ NNS . VBG RB VBN NN NNS NNS RB VBD PRP$ NN TO VB WRB JJ CC JJ NNS IN NN NN CC NN NNS VBP IN DT NNS IN JJ NNS , IN MD VB IN JJ HYPH NN NNS JJ IN NN NNS -LRB- CD , CD -RRB- . RB , PRP$ NNS IN NN NN CC DT VBG NN NN IN NNS NNS VBP NN IN WRB NNS NN VBZ VBN JJ IN RB CC RB JJ NNS . IN DT NN , DT JJ NN IN NNS IN NN HYPH JJ NNS VBZ IN JJ NN IN DT JJ NN IN NNS IN NNS IN JJ NN NN -LRB- CD -RRB- . NNS IN DT NN IN NNS VBP NNS IN NN NN . VBN JJ NN IN NNS , NNS IN PRP VBZ IN JJ RB IN JJ NNS , CC NN IN NNS IN VBN NNS -LRB- CD -RRB- MD VB JJ NN IN NNS CC RB NN NN NN . JJ NNS VBP VBN NN IN JJR HYPH IN HYPH VBN NNS IN NNS NN NN IN DT NNP NNPS IN CD -LRB- CD , CD -RRB- . DT NN TO VB NN HYPH VBN NNS IN NN NN MD RB VB NN IN NNS IN NN NNS CC JJ RB VBN NNS , VBG DT NN IN JJ NN TO VB NNS VBG IN DT NN . DT JJ NN IN NNS IN JJ NNS VBZ VBN JJ NN IN JJ HYPH NN NN IN DT NN IN DT NNP NNPS -LRB- CD -RRB- . PRP$ NN VBZ IN VBN NNS VBP NN IN NN IN NN CD NNS IN NN IN PRP$ JJ NN CC IN DT NN IN NN NN VBZ NN IN JJ CC JJ NN NNS IN DT NN IN NN NNS IN DT NN NNS . NN IN NNS IN JJR , RB VBN NNS WP$ NN VBZ VBN NNS JJ NN IN NN NNS VBG VBN NNS IN DT NN IN VBG NN HYPH VBN NN -LRB- CD -RRB- . IN VBN IN NNS NN , NN IN RB VBN NNS MD VB NN CC VB NN NNS IN VBG IN NNS IN NN NN . PRP VBP NN NN TO NNS TO VB VBG IN JJ NN HYPH VBN NN VBZ JJ NN IN DT JJ NN IN NNS NN IN DT NNP NN . DT NNS VBP DT NN IN CC JJ JJ NN NNS TO VB DT NN IN VBG NN NN NNS CC JJ NNS TO VB DT NN IN VBG NN HYPH VBN NN -LRB- CD -RRB- . PRP$ NN VBZ VBN IN CD NNS . RB , PRP VBD DT NN HYPH NN IN CD NNS IN NNS NN NN IN DT NNP NNPS CC NNP TO VB NNS IN VBG NN CC VBN NN IN RB VBG NNS . PRP RB VBD NNS IN DT VBG NN IN DT NN TO VB NNS IN NN IN DT NN IN DT NNP NN , NN IN NN NN CC NN IN JJ NN . PRP VBD DT NN IN JJ NNS RB IN JJ NNS , VBN IN DT NN JJ NN -LRB- IN VBN IN DT NNS CD IN CD -RRB- , IN NN HYPH VBG NN NNS IN VBN NNS NN . PRP RB VBD VBN NN NNS IN NNS IN NN NN CC JJ NN CC VBD JJ HYPH NN NNS IN JJ NN NNS IN NN NN . JJ JJ NNS VBG IN PRP$ NNS VBP VBN IN JJ NNS CC NNS -LRB- DT JJ NN VBZ VBN RB -RRB- . PRP VBD DT JJ NN IN JJ CC JJ NN NNS VBG NN IN DT NNP NNP NN NNS NN IN DT NN NN CC NN NN . NNS IN DT NNS VBN TO VB NN NN VBP VBN IN NN NN . PRP VBD DT JJ NN HYPH VBN NN NN NN , NN IN NN HYPH NN NN , TO VB JJ CC JJ HYPH VBN NNS IN DT VBG NNS IN NN HYPH NN NNS IN DT JJ NN IN NN VBN IN NN : -LRB- LS -RRB- NN IN NN IN DT JJ NN NN , VBG VBG NN NN , -LRB- LS -RRB- NN IN CD -LRB- WRB DT NNP NNP NN VBD VBN -RRB- IN DT NN IN NNS NN , VBG JJ HYPH NN NNS IN NN NN VBN IN NNS IN VBG NNS : CC -LRB- LS -RRB- NN NNS VBN , IN DT NN NN IN NN IN DT JJ NN TO VB IN JJ NN IN JJ CC JJ NNS . NN NN NN NNS VBD DT NN IN NN VBN IN DT NNS . PRP VBD PRP$ NN IN DT NN IN JJ NN IN NN CC NN IN NN TO VB DT JJ NN IN DT NN IN NN HYPH VBN NN NN CC VBD DT VBN NN IN DT NN IN JJ NN . PRP VBD DT NN IN JJ JJ NNS TO VB NNS IN DT NN IN JJ CC VBN NNS , VBN IN DT WP VBD CC VBD RB VBN NNS NNS . VBG DT NN TO VB DT NNS IN NN CC NN NN IN NN NN , PRP RB HYPH VBN NNS IN JJ NN IN DT NN VBN IN DT NN IN VBN NN NNS -LRB- LS -RRB- IN NN NN PRP CC NN NN CC DT NN IN NN IN WDT NNS VBD VBN -LRB- NN -RRB- , DT NNS IN JJ JJ -LRB- NNP -RRB- CC VBN -LRB- NNP -RRB- NNS , CC DT NNS -LRB- NN CC NN , RB -RRB- IN DT NNS TO VB NNS IN VBN . IN VBN IN JJ NNS CC NNS , DT NN VBD PRP TO VB IN NNS IN NN IN NN NNS VBG IN NN HYPH VBG NNS IN DT JJ JJ NN . JJ VBN NNS -LRB- NNP -RRB- VBD DT VBG TO VB DT JJ NN RB IN NN -LRB- JJ NN NN -RRB- CC DT WP$ JJ NN VBD VBN -LRB- JJ NN NN -RRB- . NN NN NNS CC PRP$ NNS VBP VBN IN NN NN . NN HYPH JJ NN NNS VBD VBN IN JJ NN -LRB- CD -RRB- . PRP$ NN VBD IN NN HYPH VBN NN IN NNS VBN IN CD NN NNS -LRB- CD IN CD NNS , CD IN CD NNS , CD IN CD NNS , CD IN CD NNS , CD IN CD NNS , CD IN CD NNS , CD IN CD NNS , CD IN CD NNS , CD IN CD NNS , CC SYM CD NNS -RRB- . NNS IN DT JJ NN NN VBD DT NN IN NN RB IN NNS IN JJ NNS -LRB- PRP -RRB- VBD IN DT NN NN NNS : DT NN NNP VBD NN HYPH JJ NN NNS . PRP VBD NN HYPH NN NN HYPH JJ NN IN NN IN DT NNP NN -LRB- IN IN CD -RRB- IN VBG DT JJ NN IN NNS NN TO VB NN HYPH JJ NN IN DT NN NN IN JJ NN . TO VB VBN NN IN DT VBN NN IN NNS IN DT NN CD , PRP VBD JJ NNS IN VBN NNS IN DT NN IN NNS WRB PRP VBD NN IN NN CC NN IN NNS IN JJ NN IN VBG NNS VBN IN NN . PRP VBD WDT NN VBD RBR JJ IN JJ NNS IN DT NN IN NN HYPH VBN NN HYPH JJ CC JJ NN NNS , RB RB IN DT VBN JJ NN IN NN . PRP VBD DT JJ HYPH NN NN IN JJ NN NNS VBG DT NN IN DT JJ NN IN CD NNS IN NN CC DT NN IN JJ NNS IN CD SYM CC CD HYPH NN NNS IN NN . PRP VBD DT NN IN NN HYPH JJ NN NN VBN IN DT NNS CC VBG NNS IN DT JJ JJ NN -LRB- NN -RRB- , VBG DT NN IN NNS DT JJ NN MD VB VBN TO VB IN JJ NNS . PRP RB VBD DT JJ NN IN NN NN DT JJ NN NN NN MD VB TO VB DT NN VBN IN DT JJ NNS , VBN IN DT JJ NN IN VBG DT VBN , VBN NN IN NN JJ IN NN SYM CD . NNS : PRP VBP NNP NNP , NNP NNP , NNP NNP , NNP NNP , NNP NNP , NNP NNP , CC NNP NNP IN NN . NN : DT NN VBD VBN IN NNP NNP IN NNP NNP NNPS NNP CD -LRB- IN NNP -RRB- CC DT NNP NNP NNP NNP NNP NNP NNP NNP -LRB- IN NNP -RRB- . DT NN VBZ RB DT NN IN DT NNS CC VBZ RB RB VB DT JJ NNS IN DT NNP NNP IN NNP NNP NNPS CC DT NNP . NN NNS : NNP CC NNP VBD DT NN , NNP VBD DT NNS IN NN CC NN IN NNP , CC NNP VBD CC NNP VBD DT NN . VBG NNS : NNP VBZ VBN NN NN IN NNP IN NNP NNP , CC JJ NN IN NNP , IN NN JJ IN DT NN . NNP VBZ NN IN NNP IN NN JJ IN DT NN . NN CC NNS NN : NN IN VBG NNS CC NNS VBZ JJ IN PRP VBP NNP NNP , NNP NNP , NNP NNP , NNP NNP , NNP NNP , NNP NNP , CC NNP NNP IN NN . DT NN VBD VBN IN NNP NNP IN NNP NNP NNPS NNP CD -LRB- IN NNP -RRB- CC DT NNP NNP NNP NNP NNP NNP NNP NNP -LRB- IN NNP -RRB- . DT NN VBZ RB DT NN IN DT NNS CC VBZ RB RB VB DT JJ NNS IN DT NNP NNP IN NNP NNP NNPS CC DT NNP NNP CC NNP VBD DT NN , NNP VBD DT NNS IN NN CC NN IN NNP , CC NNP VBD CC NNP VBD DT NN . NNP VBZ VBN NN NN IN NNP IN NNP NNP , CC JJ NN IN NNP , IN NN JJ IN DT NN . NNP VBZ NN IN NNP IN NN JJ IN DT NN . NN IN VBG NNS CC NNS VBZ JJ IN ADD"
581,556,mainstream,"DT NN NN NNS IN NN CC NN NN MD VB IN DT NN IN JJ NNS IN NN HYPH CD . DT NN VBZ TO VB JJ NN VBN IN DT NNS CC TO VB NNS IN NN IN DT NN IN JJ NNS IN RB JJ NNS . DT NN IN JJ NNS IN NNP CC NNP VBD VBN RP IN DT NN IN JJ NN NNS IN VBG DT NNS . RB IN NN NNS VBP JJ NNS IN NN CC NN NNS , DT NNS VBP JJ JJ NN CC JJ NNS IN NN -LRB- NN , NN , JJ NN , NN IN NN , NN , NN -RRB- , RB RB VBG IN NN -LRB- CD -RRB- . DT VBZ VBN JJ NNS IN VBG NN VBN IN DT NNS . JJ NNS VBD DT NN IN DT NN IN DT JJ NN NN IN VBG JJ NN NNS WDT VBD DT NNS RBR JJ IN NN NN . IN DT NNS , DT NN NNS VBD JJ NN NN CC DT NN IN RBR JJ CC RB JJ NNS IN DT NN CC NN NNS -LRB- CD , CD , CD , CD , CD , CD -RRB- . IN NN , JJ NNS VBD VBN TO VB DT JJ NN NN IN NN HYPH NN -LRB- JJ NN HYPH VBG NN CD -RRB- . DT VBD DT NN IN NN NN CC DT NN IN NN IN JJ NNS IN DT NN -LRB- CD -RRB- . JJ NNS VBD DT NN IN NN HYPH VBN NN NNS WDT MD VB CC VB NN NNS WDT VBP JJ NN -LRB- FW , JJ NN , NN VBG IN NN -RRB- -LRB- CD , CD -RRB- . JJ NN NNS IN NNP CC NN VBP RB RB JJ . JJ NNS VBP RB VBN VBN IN NN NN IN NN NN . IN DT NN IN NN , NN NNS VBP NN NN CC PRP VBP RB VB TO VB JJ JJ NNS -LRB- VBN JJ NN , NN , NN -RRB- -LRB- CD , CD -RRB- . JJ NNS VBP VBN VBN TO VB JJ NNS IN NN , VBG IN NN -LRB- CD , CD -RRB- , CC NN IN PRP$ NN IN JJ NN NNS VBZ JJ . IN DT NN IN NN , DT NN VBZ JJ NN NNS CC VBN JJ NNS IN NN NNS CC JJ JJ NNS -LRB- CD , CD -RRB- . DT NN , IN VBN , VBZ VBN VBG DT NN IN NN IN NN NNS . PRP VBZ RB VBN IN VBG NNS IN DT NNP CC NNP POS NNS VB DT JJ NN IN DT NN IN DT NNS -LRB- CD , CD -RRB- . VBG NNS VBP NNS WDT VBP CC VBP NN NN IN NN NNS -LRB- CD -RRB- . VBN NNS CC JJ NN NNS VBG IN DT NNP CC NNP NN NNS VBN JJ NNS IN VBG NNS WDT VBD IN NN -LRB- CD , CD , CD , CD , CD , CD , CD -RRB- . RB , PRP VBZ RB IN NN IN JJ NN NN NNS -LRB- DT NN IN DT NN NN -RRB- MD RB VB DT NN IN VBG NN , IN JJ NNS VBG DT NN . IN DT NN , DT NN IN NNS VBD IN JJ NN SYM CC NN SYM NN NN NNS IN NNP HYPH NNP MD VB VBN TO VB NN IN NNS -LRB- CD , CD , CD -RRB- . DT NN VBD RP IN DT NN IN NN HYPH NN IN NNS VBN IN DT NN NN VBD JJ RB IN NN NNS -LRB- NN IN NN , NN SYM NN NNS CC JJ NN NN NN VBD RB VB DT NN IN NN -RRB- -LRB- CD -RRB- . IN NN , NN NN IN JJ NNS VBZ VBN VBN IN DT NN IN NN SYM NN NN NNS -LRB- IN NN IN VBG NNS -RRB- WRB VBG NN HYPH VBN NNS -LRB- CD -RRB- . PRP VBZ RB JJ IN NN VBN IN NN MD VB JJ IN JJ NNS JJ IN DT VBN NN NN , NNS , NN NNS CC NNS IN NN . JJ NN NNS VBP VBN DT NN IN IN DT JJ NN NN MD VB JJ HYPH NN NN . IN DT NN IN NN , JJ NNS CC NN HYPH VBN NNS VBG DT NN NN VBP VBN DT JJ NN IN NN IN NN -LRB- IN IN JJS CD NN IN NNS -RRB- IN CD SYM CD NNS IN NN -LRB- CD , CD , CD -RRB- . IN DT NN IN NN , NN HYPH VBN NNS CC DT NN IN NN CC NN HYPH VBN NNS VBP VBN VBN TO VB DT JJ NN IN JJ HYPH NN NN IN NNS CC NNS -LRB- CD , CD -RRB- . IN JJ , DT NNS VBP IN DT NN IN JJ VBG NNS IN NN , IN DT NN IN NN HYPH NN NNS VBZ RB RB VBN . NN IN NN CC NN NNS MD RB VB NN IN DT JJ NNS IN NN . IN NNS , JJ CC JJ VBG NN NNS VBP RB VBN IN DT NN IN DT NN CC DT NN IN DT NN . RB , NN NN NNS MD RB VB DT NN IN DT NN IN DT NN IN NN , RB RB RB VBG DT NN IN DT NN -LRB- CD -RRB- . IN DT NNS , DT NN IN CC NNS IN DT NN NN VBZ RB JJ IN DT JJ NN IN DT NN CC NN IN DT NN . IN NN NN , PRP VBZ JJ IN DT NN VBZ JJ HYPH NN NN . IN JJ HYPH NN NN MD VB VBN IN NNS IN NN CC NN IN NNS VBZ IN NN , CC JJR NN VBZ VBN IN DT NN . IN NN HYPH NN , NN NN NNS , CC RB NN NNS , MD VB VBN CD NNS IN NN IN JJ NNS -LRB- CD -RRB- . RB , DT JJ NN IN VBG NNS MD VB VBN IN CD NNS IN NN , VBG DT NN IN DT JJ NN IN NN IN DT NN NN IN IN DT JJ NN -LRB- CD -RRB- . IN DT NN IN NN , JJ VBZ VBN IN DT NN IN NN NN NNS , CC VBG NNS VBP VBN TO VB IN CD NNS -LRB- CD -RRB- . IN DT NN IN NN NN NNS , NN SYM CC NN SYM NN NN NNS VBP VBN VBN CD NNS IN NN -LRB- CD -RRB- . JJ JJ NNS MD VB DT NNS IN DT NN IN JJ HYPH NN NN . IN DT NNS IN JJ NNS NN HYPH CD CC NN HYPH NN , DT JJ NNS VBP RB VB JJ HYPH VBN NN IN NN NNS VBP , RB WRB NN NNS VBP VBN IN DT JJ NN -LRB- CD , CD -RRB- . NNS IN DT NN IN NNS IN NN CC NN VBP RB JJ . EX VBZ DT NN IN DT NN IN NN HYPH JJ NN -LRB- NN -RRB- CC JJ JJ NNS VBN IN NN CC JJ NN . NNP VBZ DT NN WDT VBZ WRB JJ NNS IN NNS IN DT NN VBP NN NN IN NN NNS , RB VBG NN NN -LRB- CD -RRB- . NNP VBZ VBN RB VBN IN NNS VBN IN DT NN HYPH JJ NN -LRB- JJ JJ NN NN -RRB- -LRB- CD -RRB- . IN DT NN IN NN , NN HYPH JJ NN CC JJ JJ NNS VBN IN NN IN NN NNS VBP VBN DT NN . PRP VBZ VBN VBN IN JJ NN NNS VBG DT NN NN NN CC VBG DT JJ VBN NN VBN NN NN CC NN IN NN IN DT NN NNS -LRB- CD , CD , CD , CD -RRB- . RB , NNP NN NN VBZ VBN VBN TO VB JJ NN IN NN IN NNS WRB VBG DT VBN NN HYPH NN NN -LRB- CD -RRB- . IN NN , DT NN HYPH NNP HYPH VBN NN NNS VBP RB VBN IN NN HYPH NN -LRB- CC NN RB -RRB- , CC PRP MD VB JJ NNS IN JJ NN -LRB- CD , CD -RRB- . JJ NNS VBG JJ NN NN IN NNS CC JJ NN NN VBP RB VBN NN IN NN CC JJ NNS -LRB- CD , CD , CD , CD , CD , CD , CD -RRB- . DT NN IN NNP VBG DT NN NN VBZ VBN VBN IN VBG VBN NNS IN DT JJ NN . PRP VBZ VBN IN DT NN IN DT NN HYPH VBG NN -LRB- NN -RRB- CC DT NNP NN IN DT NN NN MD VB IN DT NN IN VBG NNS IN VBG NN . DT NN VBZ TO VB DT NN IN NNS IN JJ NN NNS IN JJ NN NN CC , IN VBG RB , TO VB DT NN IN JJ JJ NNS VBG JJ NNS IN DT NN NN . RB IN EX VBZ TO VB JJ JJ NN VBG DT NN , NNS VBN IN DT NNS VBP RB VBN VBN , VBG DT NN IN JJ NNS IN VBG NNS CC DT JJ NN IN NN IN JJ NNS CC JJ NNS -LRB- CD , CD , CD , CD -RRB- . DT NN IN NNS VBZ RB VBN VBN IN VBG DT JJ JJ NNS IN NN NN . NNS VBP NNS WDT VBP CC VBP DT NN CC NN NN IN DT NNS -LRB- CD -RRB- . DT NN IN NNS VBD IN IN VBG DT JJ NN -LRB- DT NN NN HYPH VBN NN -RRB- , NN NN RB VBN IN NNS IN NNP NN NNS VBD RB RBR VBN -LRB- CD -RRB- . PRP VBD VBN IN DT NN VBD TO VB DT VBN NN HYPH VBN NN IN NN NN IN DT JJ NNS . DT VBZ DT NN WRB DT NN RB RB VBN NN HYPH VBN NN CC RB VBD TO VB JJ NNS IN IN NN NN . NNS IN NN IN DT NN IN NNS IN NNPS NNS RB VBG NN NNS CC NNS IN NNS VBP JJ . DT NN IN NNS VBD IN , IN DT JJ NN , NN CC NN HYPH VBN NNS VBG DT NN NN IN NN VB JJ NNS IN VBG NNS -LRB- CD -RRB- . IN DT NN , NNS VBN IN JJ JJ HYPH NN NN -LRB- NN VBN IN NN HYPH VBN NN -RRB- VBD JJR VBG NN NNS CC NN IN JJ JJ HYPH NN NN NNS : DT VBZ IN NNS CC JJ NNS -LRB- CD -RRB- . RB , DT JJ NN IN NNS VBD VBN VBG JJ NNS IN DT NN NN . RB , PRP VBZ JJ TO VB IN DT VBN NN NN MD VB RBR JJ CC JJ IN NNS RB IN NNS IN DT NN NN VBN . DT NN MD RB VB IN DT NN IN JJ NN NNS IN NNS . IN VBN NNS , NN CC JJ NN HYPH VBN NNS VBP VBN VBN IN NN CC NN NN IN JJ NNS , JJ NN NNS VBP RB TO VB VBN . DT NN HYPH VBN NN , DT RB JJ NN , VBZ VBG VBN IN NNP HYPH CD IN NN CD JJ NNS -LRB- CD -RRB- IN JJ NNS VBG JJ NNS RB IN IN NNP CD IN DT NN IN DT NN -LRB- CD -RRB- . IN IN DT RB JJ NN IN JJ NN NNS , PRP$ NN IN NN NNS VBZ RB TO VB VBN . JJ NNS IN NN MD RB VB IN DT NN IN JJ NNS IN NNS . VBG IN NNP CC NNP HYPH NNP VBP JJ NNS , VBG NN NNS IN DT JJ NN MD VB JJ . DT NN IN NNS VBZ VBN IN VBG JJ CC NN NNS IN DT JJ NN IN NNS IN JJ NN MD VB JJR NN NNS IN NNS -LRB- CD , CD -RRB- . RB IN VBG DT NN NN IN NN NN MD VB JJ IN VBG VBG NNS , DT NN IN JJ NNS MD RB VB DT NNS . IN NN , DT JJ -LRB- NN -RRB- NN VBZ RBR VBN IN NNS CC NN NN NNS -LRB- CD -RRB- . IN NN , DT NNP NN VBZ JJ HYPH VBN NN NN HYPH NNS IN NNS -LRB- CD -RRB- . NNS VBN IN DT NN VBP VBN VBN TO VB NN IN NN CC NN IN NN NNS -LRB- CD -RRB- . RB , DT NN NN MD VB IN DT RB JJ NN TO VB JJ CC JJ HYPH NN NN HYPH NN NN IN NNS ."
582,228,mainstream,"DT NNP MD VB VBG DT NN RB TO VB PRP IN DT NN IN DT JJ NN TO VB JJ NNS IN NNP HYPH CD . DT NN MD VB VBN TO VB , CC PRP MD VB JJ NNS IN JJ CC JJ NNS : CC EX VBZ NN TO VB DT MD RB VB DT NN . WP DT NNP MD VB IN NNP TO VB DT , RB , VBZ NN . IN PRP VBZ DT NN IN NN TO VB DT JJ NN IN NN , VBG VBN NN RB TO VB DT NN TO VB VBZ RB RB RB JJ TO VB IN DT NN . NNP NNP : WRB VBZ DT NN . DT NNP MD VB IN DT JJ NN NN PRP VBZ . CC WRB NNP VBZ IN JJ NN NN RBR DT NN , PRP VBZ TO VB DT JJ NN IN NN : NN IN DT NN IN DT JJ NN PRP VBZ VBN , CC IN DT NNS , CC IN DT NN VBZ RB TO VB NN IN NN NN , RB IN DT NNS IN NNS : IN DT NNP IN DT NN . CC NNS MD VB IN DT NN POS NN TO VB IN DT JJ JJ NNS VBP VBN IN DT NN TO VB RB . RB , NN IN JJ NNS VBZ DT JJ NN CC JJ NN IN DT NNP CC NNP NNP . EX VBZ DT VBG IN DT NN IN DT NNP VBD DT NN IN VBG NNS JJ IN NNPS , VBG JJ NN CC VBG NN NNS . DT NN VBZ DT , CC VBZ JJ TO VB RBR . CC PRP RB VBZ DT JJ NN TO VB VBG RP NNS TO VB NNS . DT NNP VBZ JJ IN DT JJ NN IN JJ NNS IN DT NN : VBG RB RB JJ NNS CC RB NNS , NN NN , JJ HYPH CC NN HYPH NN NN , JJ NN NNS , CC RB JJ . DT IN DT VBP JJ . CC DT NN VBZ TO VB JJ NNS CC NN IN JJ NN NNS , VBG DT IN PRP$ JJ NN NN CC VBG JJ NNS TO VB RB IN NNS IN DT NN . CD NN RB , IN NNP VBZ VBN , MD VB DT NN POS `` JJ HYPH NN NNP NN '' NN , IN WDT DT NNP VBZ JJ HYPH NN NNS IN VBG NNS IN RB JJ NNS IN NNS VBP JJ , RB IN RB IN DT JJ NN VBZ VBN . DT MD VB DT NN PDT DT NN , CC DT JJ NN IN NN HYPH CD NN NNS VBZ RB IN NN . VB : WRB VBZ DT NN VB VBG DT NN NN . CC DT NN IN NN CC NN MD VB RB JJR IN DT NNP POS RBS VBN NNS NN . PRP VBP IN DT NN IN DT JJ NN WDT VBZ JJ NNS , CC PRP$ NN IN PRP VBZ JJ NN . DT JJ NN IN DT WP VBP RBS JJ MD RB VB DT NNS . DT NNP MD VB PRP$ NN IN VBG PRP$ NN IN DT NN IN DT JJ RBS JJ NN PRP VBZ VBN IN PRP$ NN . CC VBG DT JJ NN IN DT JJ CC JJ NN MD VB IN DT NN IN PRP$ NN ."
583,777,mainstream,"DT NN TO VB DT JJ NN MD VB VBN IN RB DT NN IN DT `` JJ '' NN , DT NN WDT VBZ NNS IN DT NNP NNP VBD IN NNP . IN DT NN VBZ TO VB DT NN , DT NNP NNP , RB VBN IN NNP HYPH CD , VBZ PRP MD RB VB JJ NNS , RB IN DT NN VBD VBN IN DT NNP NNPS CC NNP . DT NNP NNPS NNP , IN NN IN CD NNS , VBD VBG DT PRP MD TO VB RP DT NN NN , DT NNP POS NN IN NNS , NNP NNP , VBD . PRP VBD JJ IN NNS DT MD VB JJ IN NNP . `` IN NNS , IN DT NN VBZ TO VB IN NN , PRP MD VB IN DT JJ NN IN DT NN IN RB , RB VBG IN CD , '' PRP VBD NNS . PRP VBD RP DT NN IN VBG DT JJ NN IN DT NN NN , WDT PRP VBD MD VB VBN TO VB JJ DT NN VBD JJ CC JJ . DT NNP VBZ RB VBG IN CD JJ NNS , CC NNS , IN DT NN , WDT VBZ VBN RB CD NNS RB , VBG IN NNP NNP NNP NNS . NNP VBD DT IN DT NNS MD VB VBN IN NNP RB RB IN DT NN , CC PRP VBD RB VB WDT . DT VBG NNP NN VBD DT NNP NNP MD VB JJ NNS POS JJ NN NNS IN DT NN VBD VBN IN DT NN , DT JJ NN IN NNP NNS IN VBG RB IN DT JJ NN . `` IN DT NN VBZ RB VBN IN NNP , PRP MD VB NN JJ TO VB IN DT NN VBZ RB JJ IN DT NNS , '' VBD NNP NNP , WP VBZ DT JJ NN IN NNP POS NNP NNP NNP -LRB- NNP -RRB- NN , DT JJ IN NN NNP NNP . `` PRP VBP VBG IN NN CC NN , CC PRP MD RB VB NNS TO VB NN CC NN . DT VBZ WRB PRP VBP DT NN NN , '' VBD NNP . DT NNP NNPS CC NNP VBP VBN JJ IN VBG DT JJ NN NN VBN IN DT NNP , WDT VBD $ CD CD NNP -LRB- $ CD CD NN -RRB- DT NN TO VB , VB CC VB DT JJ NN CC NNS IN NN HYPH CD . NNP VBD IN NNP NNS CC DT NNP NNP TO VB DT NN IN NNP NNP NNP NNS WDT VBZ NNS TO VB JJ NNS IN DT NN IN DT JJ NNS WDT VBP RB VBN PRP CC RB JJ JJ NNS ."
584,342,conspiracy,"JJ : NNP NNP VBZ JJ NN VBG NNS TO VB JJ NN IN PRP VBP JJ NN NN JJ IN NNS VBP TO VB VBN , VBN , CC RB VBN IN NNP POS RB JJ HYPH NN NN NNS , NNP NNP NNP VBD IN NNP PRP VBZ VBN TO VB DT JJ NN NN IN PRP$ NNS . VBG IN DT VBN , JJ NN IN DT JJ NNP NNP NNP NNP IN NNP , DT NN VBD PRP VBD VBG TO VB DT JJ NN VBG JJ NNS IN DT NN CC NN WDT VBD RB VB DT NNS '' JJ NN NNS IN JJ NN . `` NN PRP VBP JJ TO VB IN PRP MD VB RB RB VBG DT JJ NN VBG NNS CC NNS TO VB JJ NN IN PRP VBP JJ NN NNS , '' DT NN VBD IN VBG NNP NNP IN NN IN PRP , WP VBD NN VBN IN DT NNP HYPH NN NN IN DT NNP IN NNP HYPH NNP JJ NN . IN VBN IN DT NNP NNP , NNS IN NNP HYPH NNP VBD NNP NNP , CD , IN CD NN NNP IN DT NN VBD DT NN NN IN DT NNP CD NN IN NNP , CD . JJ NNS IN DT NN VBP NNP RB VBG NNP IN VBG PRP IN DT NN , RB RB VBG PRP . NNP VBD RB DT NN IN DT NN . PRP VBD RB IN DT NN NN IN DT NNP NNP , DT JJ NN WDT VBD IN NN TO VB NNS . NNS VBD IN VBG DT NN , PRP VBD VBN IN CD NNS WP , PRP VBD , VBD JJ IN PRP IN VBG IN PRP$ NNS . `` DT NN NN VBD VBN RP CC NNS VBD VBN , VBG IN DT NNP HYPH NNP NN IN PRP$ NN , CC CD IN DT NNS RB VBD NNP JJ NNS , '' DT NNP NNP VBD . `` IN PRP VBP PRP$ NNS , CC PRP VBP PRP IN PRP IN DT NNS , PRP VBP VBN TO VB NNS IN NNP CC JJ JJ JJ NNS , CC JJ NNS , TO VB , '' DT NN VBD VBG NNS CC NNS . IN PRP VBP RB VB , `` PRP MD VB RB JJ , '' PRP VBD . VBG IN DT NNP NNP , DT JJ NN VBZ JJ NN DT NN IN NNS IN NN : RB $ CD CD , VBG IN NNS IN DT NNP NNP NNP -LRB- NNP VBZ IN JJR IN $ CD CD VBZ VBN RB -RRB- . JJS IN DT NN VBZ IN NN NNS IN DT NNP NNP , NNP , CC DT NNPS IN NNP , NNP , CC NNP CC NNP NNPS . RB , DT NN VBZ TO VB IN JJ NN , VBG IN NNS WP VBD IN DT NNP . `` EX VBZ DT NN IN DT JJ NN VBG NNS TO VB JJ NNS IN NNS IN NN TO VB JJ NN NN , '' NNP NNP HYPH NNP , DT NN IN NN IN NNP NNP , VBD DT NN . JJ NNP NNS , RB , VBD IN PRP$ NN MD RB VB DT NNP NNP , DT NNP VBD , IN PRP MD VB VBG PRP RB IN IN DT NNS MD VB IN NN IN NN CC VBG VBN . -LRB- JJ : NN NNS VBP RB JJ IN NNP HYPH NNP POS `` JJ JJ NN '' IN PRP VBP WP VBZ RB IN PRP . -RRB- NNP NNP , NN CC NN IN NNP NNP NNP , VBD DT NN VBG DT NN IN DT NN IN PRP `` JJ . '' `` PRP VBP CD HYPH NN HYPH JJ NNP NNP VBZ VBN IN DT JJ NN IN DT NN IN NN IN DT JJ NN , WDT MD VB VBN DT NN IN NN . RB , DT JJ NN MD VB IN DT NN HYPH RP NN IN DT JJ IN JJ RB VBN NN NNS IN NNP . `` NNP CC DT NN NNS IN NNP MD VB JJ NNS IN JJ NN CC NNS : RB IN DT VBN JJ NN , '' PRP$ NN VBD . IN PRP$ NN , DT NN VBD IN NNP VB NNS IN `` DT NN '' RB RB IN DT NN IN NNP , VBG PRP MD VB `` DT RB JJ NN . '' JJ NN , DT NNP NNP VBD DT NN IN NN IN DT JJ NN NN VBN IN NNP HYPH NNP , VBG DT NN IN VBG IN DT JJ NN . VB JJR IN WRB NNS VBP JJ NN IN NN IN NNP ."
585,507,mainstream,"NNP POS NNS TO VB CD CD NNS CC VB DT NN JJR IN VBG NNS VBZ VBN RP DT JJ NN WDT VBZ VBG JJ NN IN DT JJ NN IN VBN NN NNS . IN DT NNP NNP VBD DT NNP NNP NNP HYPH VBN NNS NN NN JJ NN , NNS VBP VBN VBN IN NNS CC NN NN NNS VBP VBN VBN IN JJ NNS . NN NNS VBG DT NNS VBP JJ VBP VBN IN NN NN NN NNS . DT JJ NN VBZ RB VBN VBN IN NN HYPH VBN NN , WDT VBD DT NN IN NN VBD RB JJR IN NNS . `` IN DT NN POS NN IN DT NNS VBZ DT NN IN DT NNS POS NNS IN NN CC DT NN IN NN , '' DT NN VBD IN DT NNP NNP NN . '' DT NN IN NN IN PRP$ NN CC NN NNS VBD RB VBN IN CD NN , '' VBD DT NNP NNP NN . `` VBG DT NN CC NN NN MD VB DT RB JJ NN . DT JJ NN NNS VBP TO VB JJ NN IN DT NNS . '' IN JJ NNS , NN NNS VBP VBN PRP$ NNS CC VBN NN IN DT NN IN NN , NN NN CC , JJ NN , DT NN IN NN . NNP POS JJ NN IN NN , CC JJ JJ JJ NN , VBD RB VBN IN VBG DT NN WDT VBD DT NN IN CD , CC VBD IN JJ NN CC RB CC RB . NN NNS VBN IN JJ NNS VBP RB VBN IN JJ NNS CC JJ JJ NNS , VBG NNS , IN VBN NN NN VBD CD NNS CC VBD IN JJS CD CD NNS RB . VBG IN NNS IN DT NN NN VBD NN NNS IN NNP IN NNS IN NN , NN NN CC JJ NNS RB VBD CD NNS CC RB VBD NNS IN CD NN . DT NN NN VBD DT NN VBD DT NNS VBD RB VBN CC JJ NNS VBD JJ . JJ VBP JJ . RB , CD JJ NN NNS RB VBD PRP VBD NNS IN NN NNS PRP VBD VBD VBN TO VB JJ . DT NN VBZ VBN TO VB DT NN POS NNS IN DT CD HYPH NN NNS NN NN , WDT VBD NNP . PRP VBZ RB VBN NNS , VBN NNS CC VBN NNS TO VB DT NN IN DT NN RB RB IN PRP$ NN . DT NN , RB DT NN POS JJS , VBZ DT NNS NNS CD NNS IN CD CC CD NNS , VBG IN NN , CC VBZ VBN TO VB JJ NNS , JJ NNS CC JJ NNS WRB JJ NN NN VBZ VBN JJ . CC DT NN VBZ RB JJ TO RB VB DT NN RB JJ IN NNS IN DT NN RB VBN IN JJ CC JJ , RB WRB JJ NN VBZ VBN . `` DT NN WRB MD DT NN VB DT NNS . PRP VBP VBG : `` VBZ EX DT NN IN DT NN . VBP JJ NNS RB VBG . VBP DT NNS IN DT NN VBG TO VB NN IN DT . '' '' NN NN NNP NNP VBD IN DT NN . DT JJ NN HYPH RB VBZ DT NN IN DT JJ NNS IN DT JJ NN IN NNP NNP CC VBZ WRB NN CC JJR NN IN NN VBP VBG DT RBR JJ NN . `` DT NN MD VB VBN DT NN IN DT NNP NN , CC NN PRP VBP IN NN , DT NNP , DT NN NN , DT RB JJ JJ NN , PRP VBP TO VB IN DT JJ NN NN , '' VBD NNP NNP , JJ NN IN JJ NN IN DT NNP IN NNP NNPS IN NNP NNP . NN VBZ DT RB JJ JJ NN WDT MD VB IN NN , NN CC NN CC VB IN NN , CC NN NNS VBP NNP VBZ DT JJ NN NN . IN JJ NN NNS , NNP VBD CD NNS NNS JJ NN , VBG CD NNS . DT NN NNS VBP NNP VBZ RB IN VBG PRP$ JJ NN IN CD TO VB NNS IN CD . NN NNS IN JJ NNS IN DT NN VBP CC RB VBN NNS CC RB VBN DT NN IN NNS . DT NN VBZ VBN RB JJ IN DT NNPS IN CD CC NNS IN CD NNS IN JJ NNP VBD IN CD IN CD IN CD IN CD , VBG IN DT NNP . NNP NNP NNP , NN IN NN IN NNP NNP , VBD JJ IN DT VBN IN NNS IN NNP VBP JJ NNS WP VBD RB RB VBN . `` IN DT NN VBZ RB RB JJ IN PRP VBD TO VB , PRP VBZ JJ TO VB WRB JJ PRP VBZ , '' PRP VBD . NNP POS NNP NNP VBZ RB VBN IN DT NNS NN VBZ JJ , IN JJ NNS VBN IN NNS IN DT NN , CC VBZ VBN TO VB DT NN IN JJ NNS VBP VBN IN NNS , VBG DT JJ NNS . IN NNP , DT JJ NN NN VBD IN DT NN MD VB VBN TO VB DT NN . `` NN MD RB VB IN NNS VBP DT NN , '' DT NN POS NN NN IN NN NN NNP NNP VBD . `` PRP VBD IN DT NNS VBD VBG NN IN NN IN NNS CC NNS . RB NN PRP VBD DT NN IN NN IN NN MD RB VB VBN TO VB NNS IN NN . `` NN NN NNS , RB , VBP VBN DT NN NN POS JJ NN , VBN IN JJ NNS VBP RB VBN VBN CC RB MD VB VBN RB . DT NN NN IN DT JJ NN NN , NNP NNP IN NNP NNP , VBD DT NN TO VB IN RB VBN NNS IN DT NNS IN JJ NNS RB VBG IN JJ NNS , RB IN VBG DT NNS RB . IN NNP , NNP VBD PRP$ NNS CC VBD DT NN , VBG PRP VBD VBN IN DT NNP NNP POS NNS . RB , NNP VBD IN DT NN IN PRP VBD IN DT NN IN PRP$ CD HYPH NN HYPH JJ NN VBG DT JJ NN IN DT NN . `` PRP VBP DT NN CC DT NN RB , WP VBZ NNS CC WP MD VB PRP$ NN VB NN RB , '' PRP VBD ."
586,820,mainstream,"IN CD NNS , NNP NNP VBZ VBN DT NN IN NNS IN DT NN . PRP$ NN : VBG NNS `` VB JJR , JJR CC JJR '' . CC IN DT NN , DT NNS IN DT NNP NN NN VBP VBN DT JJ NN DT NN . NNP , DT NN POS JJS NN , VBZ JJ JJ NN , JJ NNS CC VBZ TO VB DT NNS IN NNP , DT JJ , JJ , JJ NN . CC NNP VBZ RB VB NNS RB RB CC VBZ RB JJ IN JJ NNS . PRP VBZ JJ , DT NN WDT VBZ CD IN CD NNS IN DT NNP , VBG IN DT NNPS IN NNP NNP CC NNP . NNP NNP , NNP NNP POS JJ JJ NN IN NNP JJ NN , VBZ PRP VBD CD NNS IN NN CC NNS IN NNS IN NNS JJ IN DT NNP NNP NNP NNP TO VB NNP IN NN . `` PRP VBD DT NN IN JJ NN NNS , '' NNP VBD NNP NNP . `` PRP VBD PRP$ NN NNS , IN NNS IN NNS IN NN -LRB- CC -RRB- IN JJ -LRB- JJ -RRB- NNS . '' NNP POS NN VBZ NN IN `` NNP NNP CC NNP : VB JJ IN DT NNPS '' , DT JJ NN VBN TO VB NN IN NN CC VB NN IN NNS CC VB DT NN IN JJ NNS . IN RB , NNP , WP VBZ VBN IN DT JJ NN IN NNP , MD RB VB IN DT NN NN , CC RB , IN DT JJ NN JJ RB CC IN NN HYPH NNS VBN IN DT NN NN . IN NN IN DT NN IN NN NN , DT NN RB VBZ NNS IN NN CC `` VBN NN NNS '' WDT VBP VB JJ NNS IN JJ NNS . DT NN IN NNS CC NNS VBZ RB JJ . IN CD NN IN DT JJ JJ NN , NNP VBZ NNP IN DT NN : NNP . CC NNP VBZ RB VB IN NNP , VBG DT JJ TO VB , `` PRP$ NN VBZ RB VB PRP . '' `` NNP POS NN VBD NNP IN NNP VBZ NN , '' NNP VBZ . `` RB PRP VBZ NNS DT JJ RB . RB NNP VBZ IN NNP VBG JJR NNS CC VBZ DT JJ NNS DT JJ NNS . '' JJ NNS VBP JJ NNS : DT MD VB NN NN , VBP JJ IN NN CC IN NNS MD VB . IN IN DT , DT NNS VBP NN DT NN , IN NNS VBP PRP VBZ DT JJ NNS IN NN . CC IN DT NNS IN NNP NNP , NNP MD VB VB DT VBG NNS IN NN CC NN . VBG IN CD NN , CD IN IN CD NNS IN NN VBP VBN VBN . `` PRP VBP IN DT NN IN NN VBZ CD NNS RBR JJ TO VB VBN IN DT JJ NN , '' NNP VBD . `` PRP VBZ PRP$ NN IN NNS IN NN MD VB RBR VBN CC VBN IN DT JJ NN VBZ RBR JJ IN DT NNS DT NNS VBP . '' DT NNS VBP IN VBG NNP VBZ DT NN IN DT JJ NN CC VBP TO VB NNP NNP VB DT NN . `` NNS VBP RB JJ NNS CC VB IN VBG CC VBG NN , '' VBD NNP NNP , DT NN NN CC NN IN DT NNP NNP NNP NNP NNP IN NNP , NNP . `` DT VBZ WRB VBG NN IN NNP NNP , WDT VBZ JJ CC JJ , MD RB RB VB VB DT NN IN EX VBP JJ NNS , CC MD RB VB NNS VB NN CC WRB TO VB JJ CC VBG , '' NNP VBD NNP NNP ."
587,209,mainstream,"IN NNP CD , CD , DT NNP NNP -LRB- NNP -RRB- VBD DT `` NN IN NNS IN NN '' TO VB DT NN IN DT JJ NN HYPH VBN NN VBN NNP HYPH CD . NNP VBD IN DT NN IN $ CD CD , WDT VBD RB VBN IN IN $ CD CD . PDT DT JJ NN VBD VBN JJ IN DT NN NN NN IN NN NN NNS WDT DT NNP VBZ IN NN IN DT NNP CD JJ NN NNS IN NN NN . DT VBD CD NNS TO VB JJ HYPH VBN IN NN , WDT DT NNP VBD IN NNP CD , CD , IN WDT DT JJ NN VBD VBN IN JJ NNP . IN NN , DT CD NNS VBP CD NN NNS IN DT NNP , RB RB IN JJ NNS . NNS WDT VBP VBN JJ HYPH VBN VBP JJ `` NN HYPH IN HYPH NN '' JJ NNS , NN , CC NNS TO VB NN HYPH CD . CD NNS VBP VBN VBN IN NN . DT JJ IN DT VBZ TO VB DT NN IN JJ NNS RB IN DT NN -LRB- VBG JJ NNS , JJ NNS , CC JJ HYPH NN NNS -RRB- , CC DT JJ VBZ TO VB CC VB NNS WDT MD VB IN DT NN , VBG JJ NN CC JJ NNS . IN DT NN IN JJ NNS , NN MD VB IN VBG DT JJ NN CC DT JJ NN TO VB VBN IN NN . IN NNS , DT NN VBN NNP VBZ VBG JJ NN NNS . VBN IN NNP NNP IN DT NNP NNP IN NNP CC NNP IN DT NN IN NNP NNP NNP NNP , DT NN VBZ NNS IN NNP , NNP , CC NNP . PRP$ NN , VBN IN JJ NN NN , VBZ VBN TO VB RB JJ IN JJR IN CD NNS . DT NN , VBN NNP , VBZ VBN IN NNP NNP IN DT NNP NNP IN NNP . IN DT NNS DT NN NN VBZ VBG VBZ DT JJ NN VBN NN . PRP VBZ DT RB VBN NN HYPH IN HYPH NN NN , IN WDT DT JJ NN NN VBZ VBN IN DT NN . DT NN IN DT NN VBZ VBN IN DT NN , WDT VBZ IN VBG DT JJ NNS , CC DT NN VBZ JJ IN DT NN CC DT NN IN CD NNS . NNP VBZ , `` IN NNP -LRB- CD -RRB- , PRP VBP TO VB DT NN IN NN NN IN NNP CC RB VB JJ IN DT JJ JJ NN IN NN . '' NNP VBZ DT NN IN DT NN IN NNP NNP -LRB- NNP -RRB- IN NNP , VBN IN VBG NNS WDT MD VB DT NN POS NN TO VB NNS , RB HYPH VBN VBG NNS . IN DT NN DT NN VBD , NNP NN NNP NNP , DT NN NN IN NN , VBD IN PRP$ NN VBD DT NN NN VBN IN DT NNP HYPH CD JJ NN VBN IN NNP . PRP VBP VBN PRP$ NN NN IN DT NN , VBG TO VB IN DT NN VBZ NNS IN DT NN . NNP , DT RB VBN NN NN VBN IN NNP , VBZ VBG NN HYPH VBN JJ NNS TO VB NN HYPH VBG JJ NNS . DT NN VBZ VBN VBN TO VB DT NN NN TO VB PRP$ JJ JJ JJ NN -LRB- NN -RRB- NN JJ IN JJ NN IN NNS RB VBN IN NNP HYPH CD . NNP VBZ DT JJ NN WDT VBZ NN HYPH JJ CC MD VB VBN IN NN NN IN JJ NN . NNP VBZ RB IN NN CD JJ NNS . IN DT NN NN , NNP VBZ VBN DT NN IN NNS IN NNP , NNP , CC DT NNP TO VB CC VB RP DT NN NN IN NN , RB RB IN DT JJ NN IN JJ NN IN JJ NN ."
588,260,mainstream,"IN DT NN , VBG NNS , EX VBZ DT NN IN NN NNS . DT VBP RB JJ CC VBP RB IN PRP$ JJ , CC JJ NNS VBP RB JJ . JJS NNS WP VBP NN NN NN VBP RB VB DT NNS IN PRP . NFP NN CC NN WRB DT NN VBD VBN IN DT NNS VBP , PRP RB VBP RB IN DT NN CC JJ CD CC CD NNS . PRP$ NN MD VB PRP JJR IN DT NNS . JJ NNS WDT MD VB IN DT NN : NFP NNS RB VBP IN DT JJ NN , VBG NN . VBG CC VBG RP IN RB CD NNS MD VB VB NN , CC NNS VBN IN DT NN . VB PRP$ NN IN PRP VBP JJ , CC VB NN NNS CC VBG IN DT NNS . NFP DT NNS VBP NN NN WDT MD VB RBR JJ CC RBR VBG IN DT RBR JJ NN WDT MD VB NNS . DT VBZ RB RB . NFP DT NN MD VB DT JJ JJ NN . JJ NNS IN DT NN VBP RB JJ , VBN IN RB CD IN DT CD NNS , CC MD VB IN DT JJ NNS IN DT JJ NNS IN DT NN . IN IN DT NN , EX VBZ DT RB JJ NN IN DT NN VBG DT JJ NN CC NN . DT NN IN NNS VBZ RB VBG VBN . IN JJR NN , VB DT NN NN NN ."
589,620,mainstream,"VB VBG NN NNS CC JJ NNS . DT NN CC NNS WDT VBP , VBD NN NNS . NNS IN NNP NNP CC NNP NNP NNP VBP VBG IN DT RB HYPH RB HYPH VBN NN NN WDT DT JJ NN VBZ MD VB JJ IN NNP . DT NN , WDT VBZ JJ NN VBN IN NN NN , VBZ TO VB DT JJ NN RB IN VB DT JJ NN . `` PRP VBZ RB DT JJS NN IN VBG DT NN JJ TO VB DT NN , VBN IN DT NNS WDT PRP VBP VBN , '' VBD NNP NNP , WP VBZ NN NN IN NNP . DT NN VBZ DT NN POS NNS TO VB NNS VBN IN DT NN IN VBG DT NN JJ . NNS VBP DT NN POS NN NN MD RB VB RP , VBG DT NNS VBN TO VB RP NN HYPH CD . `` NNP NNP VBZ NN DT NN VBZ IN PRP$ JJ RB , '' VBD NNP NNP , NN IN JJ NNS IN NNP NNP NNP . `` PRP VBZ NN IN DT JJ NN , CC PRP VBZ RB RB NN WDT VBZ RB JJ IN WP DT NN VBZ IN PRP . '' CC NNP NNP NNP , NN IN DT NNP NNP POS NNP IN NNP NNP IN NNP NNP , VBD DT NN NN VBZ VBN VBN IN PRP VBP VBN RB RB IN NN NNS . `` DT NN NNS VBP RB VBN IN , JJ JJ JJ NNS , '' PRP VBD . VB DT NNP NNP NN IN JJ NN IN DT NN NN NNP VBD PRP VBZ JJ IN DT NN JJ IN NNP , CC PRP VBD IN `` DT NNS MD VB IN PRP . '' `` DT VBZ DT NN , '' PRP VBD . `` PRP VBP RB VB TO VB NN CC NN . DT NN MD VB IN DT NNS WDT PRP VBP . '' DT NN VBZ CD IN NNS IN NN IN DT JJ NN IN DT NN ."
590,579,mainstream,"EX VBP JJ NN NNS IN NNS CC DT NN IN DT NN IN JJ NNS , IN DT NN IN RB VBN NNS IN DT NN IN NN NN , DT JJ NN VBZ . `` EX VBZ DT NN IN DT NN IN WDT DT NN VBZ DT NN IN NN CC NN POS NN IN DT NN IN NNS , '' VBD NNP NNP , NN IN DT NNP NNP IN DT NNP IN NNPS -LRB- NNP -RRB- , IN DT NN NN IN NNP -LRB- NNP CD -RRB- . IN NN , DT JJ NN VBZ RBR JJ IN DT NN IN NN IN DT VBG IN DT NNS IN JJ NN , DT NN VBZ . CC EX VBZ DT JJ NN : NNS CC DT NN NN VBP IN NNP NNS VBP JJR HYPH JJ NN IN NN NN , NN CC NN -LRB- NNP -RRB- IN VBP NNS IN JJ NNS , DT NN VBD . -LRB- CD NNPS IN NNPS CC NNP -RRB- NNS VBP RB VBN IN RB RB NN IN DT NN VBZ NNS VBD IN JJR NNS . JJ NNS VBP VBN IN NN IN JJ HYPH VBN NN NN VBZ RB IN JJ NNS . CC EX VBZ VBN JJR NN VBG DT NNS IN NNS CC DT JJ NN IN DT JJ NN IN JJ NNS . TO VB WRB NNS POS NNS VBP IN DT IN DT JJ NN , DT NNP NNP NNP , IN NN IN NNP , VBD DT JJ NN IN CD NNS IN DT NN CC VBD NNS IN IN NNS VBP VBN IN NN , IN RB VBN NNS VBP JJ , CC IN DT NNS , NNS CC NN NN MD VB NN . DT NNS RB VBD DT NN IN CD NNP HYPH VBN NNS WP VBP NNP NNS TO VB DT JJ NNS . PRP NNS VBD RB VBN NNS WDT VBD IN NN NNS CC WRB NN VBD NN CC PRP$ NN . IN JJS IN DT NNS , EX VBD DT JJ NN IN DT NNS IN DT JJ NN CC DT IN NNS . IN NN , CD NN IN DT NNS VBD RB VBN NNS VBP JJ TO VB , VBN IN RB CD NN IN JJ NNS . RB CD NN IN NNS VBD PRP VBD VBG NNS IN NN , VBN IN RB CD NN IN JJ NNS . CC IN CD NN IN NNS VBD PRP VBD JJ TO VB NNS VBN IN NNS , RB CD NN IN DT NN VBD DT JJ . WRB PRP VBD IN NN JJ IN JJ NN NNS , EX VBD JJ NNS , RB . RB CD NN IN DT NNS VBD NN NN VBZ RB IN IN JJ NNS , IN RB NN IN DT NN VBD . JJR IN CD NN IN DT NN VBD PRP VBP VBN NN NN , VBN IN JJR IN DT NN IN DT NNS . CC RB CD NN IN NNS VBD PRP VBP VBG JJR JJ NN NNS , VBN IN RB CD NN IN DT NN . EX VBD DT JJ NNS IN NN , RB : RB CD HYPH NN IN DT NNS CC DT NN VBD DT NNP NNP NNP VBD DT JJ NN , CC JJ NNS IN DT NNS VBD PRP VBP VBG VBN NN . -LRB- JJS VBG NN : CD NNS WP VBP NN -RRB- RB , RB , DT NN VBZ NN RB , DT NN VBD . `` DT NN VBP DT NN IN NN IN DT NN IN NN , NN NN CC DT NN VBZ VBN JJ , '' VBD NN NN NNP NNP , NN NN IN NN IN DT NNP NNP NNP . NNS VBD RB RBR JJ TO VB PRP VBZ DT JJ NN IN NN , IN DT NN VBD RBR JJ IN DT NN IN DT NN . CC DT NNS VBD IN JJ NN NN IN DT NN VBD IN DT IN JJ NNS . DT NN IN DT NNS MD VB IN JJ NNS , NNP VBD . IN DT NNS , JJ IN RB VBN NNS , PRP MD VB IN DT NN RB VBZ RB VB WP DT NN RB VBZ , WDT VBZ NNS VBP TO VB DT JJR NN IN VBG PRP$ NN IN DT NN , NNP VBD IN DT NN NN NNP -LRB- NNP CD -RRB- . CC EX VBP RB JJR NNS IN DT NN IN JJ NNS . `` IN DT NN IN DT NN IN NN , DT NN VBZ IN NNS POS NN NNS CC PRP$ JJ JJ NNS , CC RB PRP VBP VBN IN NNS IN NN CC NN NNS VBP NN RB , '' VBD NNP , WP VBD DT NN IN DT NN NNS WDT VBD VBN NN -LRB- NNP CD -RRB- IN DT NNP NNP . CC RB NN VBZ IN DT NN NN VBZ RB DT JJ NN . PRP VBZ JJ TO VB JJ NNS IN NN IN JJ NNS VBP RB VB NNS VBD IN NNS CC IN DT NN VBD IN DT NNP NNP , VBD NNP NNP , DT NN IN DT NNP IN NNP NNP NNP , WP VBD RB VBN IN DT JJ NN . CC IN NNS IN NN NN , DT NN IN DT NN CC NN MD VB JJR NNS , NNP VBD . IN NNS VBP VBG DT NNP CC DT NN VBZ RB VB IN NN NN , RB `` PRP VBZ NNS DT NN RB TO VB NN IN PRP , '' NNP VBD NNP NNP ."
591,1065,mainstream,"DT NNP HYPH CD NN VBD JJ NNS IN JJ NN NNS : NNS VBD JJ TO VB IN , CC NN WDT NNS VBD WP PRP VBD VBN TO VB VBD DT NN . CD JJ NN IN DT NNS VBZ NN . DT NN IN DT NN HYPH VBN NN VBZ IN NNS MD VB IN DT VBN NN IN VBG JJ NN , VBG PRP TO VB DT NN IN NNS , VB PRP$ NN , CC VB NN IN DT NN NN . EX VBZ , IN NN , DT NN : NNS VBP DT NN NN CC RB VB NN WRB DT NN VBZ RB RB RB VBN CC WRB JJ NNS VBP IN PRP . TO VB DT VB , RB VBN NNS VBP JJ . IN DT JJ NNS IN DT NNP HYPH CD NN , NN HYPH NN NNS IN NNP NNP IN NNP IN NNP NNP VBD IN NNS IN JJ NN NN . NNS , NNS , CC NN NNS VBP RB VBN IN JJ NN , CC DT NN TO VB JJR VBZ VBN NN NN CC JJ NNS RB VBG IN JJ NNS . RB IN DT JJ NNS , EX VBP VBN JJ NNS IN DT NN NNS WDT NNS VBP VBP JJ IN VBG NNS DT NN RB . NNP NN IN NN VBD NN MD RB VB IN JJ VBN NN NNS . PRP VBD TO VB JJ NNS CC VB CC VB NNS RB : CC DT NN VBD JJ NN IN JJ HYPH VBG NNS IN DT JJ NN NN . IN DT NNP , NNP CC NNP NNS VBD IN JJ NNS VBP IN NN CC JJ NN NNS IN NNP HYPH CD VBP VBG VBN RB . DT JJ NN RB VBD JJR IN $ CD CD IN NN NN NNS IN JJ NNS IN JJ NNS . NNS IN DT JJ NN NN VBP CC JJ , CC JJ , CC PRP VBZ JJ TO VB WRB : DT NNS MD VB IN VBN , JJ NN NNS IN WDT NN VBZ RB JJ CC NN VBN , VBG RP IN DT NN CC NN NN . IN DT NN , NN CC NN NN NNS VBP JJ , CC NNS CC NNS VBP TO VB JJ NNS WDT VBP VBN DT NN . DT NNP NNP NNP VBZ IN CD IN CD JJ NNS : VBG NNS , NNS , CC JJ NNS : VBP JJ CC VBN IN JJ HYPH CC JJ HYPH NN NNS . IN JJ NNS , NN VBZ DT JJR NN . NNP NNP , DT JJ NNS NN IN DT NNP , VBZ JJ NN NN IN RB $ CD CD DT NN , IN DT NNP CC NNP NN IN RB NN IN DT NN . RB , NN POS NN MD VB TO VB DT NN NN IN RB RBR VBN NN IN PRP$ NN NN NN NNS . WRB PRP VBP VB JJ NNS CC , RB , DT NN , NNS : CC RB NNS : IN NNS IN DT NN MD RB VB DT JJ NN , CC PRP MD VB IN JJ NN . TO VB DT IN DT NN NN NNS , DT NN VBZ VBG IN NN NN . IN DT NN : WDT MD VB PRP JJR , JJR , CC JJR TO VB WP VBZ JJ WRB DT NN NN VBZ NNS IN VBG NNS : NNS MD RB VB RB IN DT VBN , JJ NN . PRP MD VB DT IN VBG RP NN IN CC RB VBG PRP$ NNS , IN JJ NN IN NNS MD VB RP IN DT JJ NN IN JJ NNS . RB IN VBG VBN CC VBN IN DT JJ NN WDT NN MD VB , DT NN VBZ VBN IN DT NNS IN DT NN . IN DT VBZ PRP JJ TO VB DT NN IN NNS CC NNS IN NN CC NN , NNS MD VB NN , VB NN , CC VB NN NN IN JJ NN . DT NN IN DT NN HYPH VBN NN VBZ IN NNS MD VB IN DT VBN NN TO , VB , VB NN NN IN VBG JJ NN . DT VBZ RB DT NN IN DT NNP NNP , DT NN VBN IN NN NN NNS WDT VBZ NNS VBG NNP , NNP , NNP , NNP , NNP , CC NNP IN PRP$ NNS . VBN , DT NN , VBZ DT JJ NN . DT JJ NN IN NN IN NNP VBZ DT NN NN NN WDT VBZ PRP JJR TO VB IN DT VBN NN VBZ JJ : DT JJ , CC JJ NN . VBG IN DT NNP NNP NNP , RB CD CD NNS IN JJ NNS VBP VBN RB . DT NN IN VBG IN DT NNS VBP JJ IN PRP VBP VBN NNS IN NNS , WP MD VB NNS TO VB RP JJ NNS , DT NN WDT MD VB IN IN CD NNS . VBG NN , NN NNS MD VB DT JJ NN IN JJR IN DT NN VBG DT NN NN , RB NN MD VB RB VBN RB IN JJ NN , CC NNS VBP NN IN PRP$ NNS . DT JJ JJ NN NN MD RB VB VBN TO VB NNS CC NNS . IN DT NN IN DT NN NN CC DT NN NN , NN MD VB IN DT NN VBZ JJ IN PRP VBZ VBN IN DT NN . NNS MD RB VB NNS IN DT NN TO VB NNS RP IN JJ : CC DT NN MD VB CC RB VB JJ NN . NNP VBZ VBG IN DT JJ NN : TO VB DT NN IN `` NN CC VB , '' DT NN IN VBG WRB DT JJ NN IN NNS VBZ CC WRB PRP VBZ VBN , IN DT NN . IN DT NN , DT NN MD VB VBN IN VBG JJ NN NN IN NN IN DT NN . NNP RB VBD DT NN VBG DT NN IN NN CC NN IN CD NNS , VBG NNS NNP CC NNP , NN NN NNP , NNS NN NN , NN NNS VBG NNP CC NNP NNP , CC NNS VBG IN NN IN CD NNS IN CD . RB , NNP NNP NNS MD VB JJ TO VB NN NNS IN JJ HYPH NN IN DT NN IN NNS VBZ IN CD NN NN IN DT IN DT JJ NN NN , RB IN DT JJ NNS IN DT NN , RB IN DT NN CC NN POS NN . IN DT NN , NN VBZ VBN CC VBN , VBG NNS CC WP VBZ NN IN PRP VBZ . WRB NNS VBP PRP$ JJ NN , PRP VBZ IN IN PRP VBP IN DT JJ NN IN NNS TO VB RB JJ NN CC PRP VBP VBN IN NN NNS IN PRP$ JJ NN . IN DT NN , VBN NN NNP NNP VBD , `` PRP VBZ IN VBG PRP$ JJ NN IN DT NN NN POS NN . '' EX VBZ , IN NN , DT NN : NNS VBP DT NN NN CC RB VB NN WRB DT NN VBZ RB RB RB VBN , CC WRB JJ NNS VBP IN PRP . JJR NN NNS VBP VBN TO VB PRP RB RB JJ . IN NN , DT NN IN DT NN VBZ VBN IN NNS POS NN . IN DT IN DT NNS IN DT JJS NN , VBN NNS VBP RB RB VBN IN DT NN IN NNS , NNS VBP NNS IN NNS IN PRP VBP PRP , NNS VBP NN NNS . JJ NN CC NN , IN NN , MD VB TO VB DT NN IN DT NNS . RB , EX VBP JJ , JJ NNS VBG IN DT NN IN NN . JJ NN VBZ VBG NN IN DT JJ NN TO VB RBR RB IN VBG NNS . IN DT NNP , DT NNP NNP NNP NNP NNP -LRB- NNP -RRB- , WDT VBD VBN IN NN IN CD , VBZ DT NN IN CD IN NNS TO VB NN CC NN IN DT NNS VBN IN VBG NNS IN NN IN NN . DT NNP POS VBN NNS NN VBZ RP NNS TO VB JJ NNS IN DT NN , CC VBZ JJ NN IN NN CC NN NNS . IN CC DT NN CC DT NN POS NNS IN VBG RB VBZ , NNS MD VB PRP VB JJR CC JJR IN VBG NNS CC NNS IN WRB PRP VBP DT RBS JJ NN . IN JJR JJ NN , NNS MD RBR VB RP IN NNS IN NN NNS , RBR RB VB CC VB JJ , VBN , CC JJ NNS , VB WRB NNS VBP JJ , CC RB VBP NN IN WRB PRP VBZ VBN JJS . DT MD RBS RB RB VB PRP$ JJ JJ NN NN . NNS MD RB RB VB PRP VB NN IN JJ JJ NN NNS , CC RB VB PRP VB RBR IN NN HYPH IN HYPH NN NNS . IN DT NN VBZ VBN IN DT JJ NN , DT JJ NN MD VB VBN CC VBN TO VB DT NN NN : IN DT JJ JJ NN WDT VBZ VBN IN JJ JJ NN IN NNS IN DT NN . IN PRP VBP RP IN DT NN IN PRP$ NN CC JJ NN VBZ VBN IN DT NNS IN NNS RB , PRP VBZ JJR IN PRP VBP TO VB PRP$ JJ NNS TO RB VB JJ HYPH NN NNS . NNS MD VB PRP VB DT RBR RB CC RB ."
592,1015,mainstream,"IN NNP CD NNP VBD IN PRP MD VB DT JJ NN NN NN IN NNP NNP , NNP NNP , NNP . DT JJ CD NN NN VBD VBN IN CD NNP CD , CC NN VBD IN CD . DT NN VBZ VBZ RB CD NNS TO VB NN NNS VBG NN NN HYPH VBN NN NNS . DT NN VBD VBN IN DT CD HYPH NN NN IN NNP NNP NNP NNP IN DT NNP CD NN . DT JJ NN VBZ DT CD NNS IN DT NN , VBG DT NN NN , NN , NN CC NN NN . NN VBD IN DT JJ NN IN CD IN DT JJ NN NN VBN IN CD . DT NN VBD JJ IN CD . DT JJ NN VBD VBN IN $ CD CD CC RB VBD $ CD IN JJ NNS IN NN . IN NNP CD , DT NNP NNP IN NNP CC NNP NNPS , NNP NNP NNP CC NNP NNP -LRB- NNP NNP -RRB- VBD DT NN IN NNP TO VB DT NN , NN , NN CC NN IN DT NNP NNP NN . DT CD HYPH NN NN VBD VBN IN $ CD CD . IN NNP CD , DT NN VBD NNP IN DT NNP NNP -LRB- NNP -RRB- NN IN DT NNP NNP IN NNP NNP -LRB- NNP -RRB- . `` JJ NNS VBD IN DT NN NN , IN PRP$ NN IN NNS IN NNS CC NNS IN NN NN . '' JJ NNS VBD IN DT NN NN . NNP POS NN IN DT NN VBD DT JJ CD HYPH NN NN IN NNP NNP IN NN IN NN CC NN NNS . VBG DT NN NN VBD DT NNS NN WDT VBD $ CD CD IN NNP NNP . DT NNP NNP VBD DT NN IN DT CD HYPH NN NN IN DT NN IN DT NN NN IN $ CD CD IN NNP NNPS CC VBD NN IN NNP . DT NN RB VBD DT JJ $ CD CD NN IN NN NN . NNP NNP RB VBD DT $ CD NN IN DT NNP NNP NNP TO VB VB NN NNS IN DT NN NN . IN NN , NNP NNPS CC NNP , DT NN IN NNP NNP IN NNP , NNP , VBD NN NNS , NN , NN NNS CC JJ NNS JJ JJR IN $ CD CD IN NN CC JJ NNS . DT NN NN NNS WDT NNP VBN IN DT JJ NN IN NN VBP VBN TO VB NNP NNP TO VB PRP$ NN IN CD NNS . VBG DT NN VBD VBN DT NN IN CD NNS IN JJ NN NN IN DT NN NN TO VB NNP NNP JJ IN DT VBG NN NN . NNP VBD VBN CD NNS IN VBG NNP NNP . DT NN VBD VBN IN DT NN IN NN , DT RB HYPH VBN CC VBN NN CC NN IN NN , VBG IN NNP NNP NNP , NN IN NNP NNPS CC NNP NN . DT NN VBD NNP NNP TO VB VB DT CD NN NN NN IN NN NN NNS , CC DT VBD IN DT NN IN NNP . NN IN NN VBD DT JJ NN IN DT NN . IN CD NNP NNP VBD VBG WRB JJS TO VB NN IN NNP NNP TO VB DT NN IN NNP . NN VBD IN CD IN DT NN JJ IN VBG CD CD NNS DT NN . DT NN VBD VBN TO VB JJ HYPH NN NN NNS JJ IN NNP IN VBG JJ NN . IN VBN NN , DT NN VBZ VBG TO VB JJR NN IN DT NN . DT NNP NN IN NNP NNP VBZ DT JJ NN NN IN DT NNP TO VB NN NN HYPH VBN NN NNS . DT NN VBZ NNS VBG NN NN HYPH VBN NN NN . JJ NN NN NN NN NN NN VBZ JJ NNS IN JJ NN HYPH VBN NN , VBG JJR NN CC DT NN IN NN NN . VBN TO VB JJR , DT NN MD VB VBN RP IN DT JJR NN IN NN HYPH VBN NN NN . DT NN NN NN IN NN NNS VBD VBN IN DT NNP . IN VBG DT NN NN NN NN , RB , DT NN VBD VBN NNS IN DT NNP IN NN IN DT NN IN DT CD . DT NN , VBN NNP , VBD DT JJ NN NN VBN CC VBN IN DT NNP NN IN CD . NNP VBZ DT NN NN VBN NNS VBN IN NN NNS . DT NN MD RB VB IN IN CD CD NNS IN JJ NN NN NNS , WDT VBP VBN IN DT NNP . `` DT NN VBD JJ IN CD . '' IN DT NN IN DT NN NN , DT NN VBZ VBN TO VB DT NN IN IN IN CD CD NN NNS RB , IN CD NNS IN DT NN NN . NNP VBZ RB VBG NNS IN PRP$ NN IN NNP , NNP , TO VB NN IN NN NN NN NNS NN IN NNP . DT NN RB VBZ NNP , DT NNP JJ NN . NN HYPH VBN NNS VBP JJ IN DT NNP . DT JJ NNS VBN IN DT NNP VBN NN NN HYPH VBN NN VBD IN DT NNS IN JJ NN MD VB VBN IN -LRB- NN -RRB- NN , CD NNS IN DT JJ NN IN JJ NN VBZ VBN VBN . NNS RB VBD IN NNP VBZ NN IN JJ NNS IN DT NN NN . DT NN VBD RB VBN TO VB DT NN POS NN NN TO VB JJR NN IN JJ NNS CC NNS . PRP VBZ VBN VBG NN NN . NNP NNP NNP VBD NN , NN , NN CC NN NN NNS IN DT NN ."
593,350,conspiracy,"DT NNP NNP NN IN DT RB VBN NN IN NNS IN NNP VBZ DT NN NN NN IN DT NN HYPH CC HYPH VB JJ NN . DT NNS IN DT CD NN VBP RB JJR IN PRP$ NNS . PRP DT VBP JJ NN CC NNS IN NN . PRP DT VBP DT JJ NN NN NN NN . PRP DT VBP JJ NN . PRP DT VBP DT NN IN DT JJ NNS CC JJ NN . PRP DT VBP DT JJ NN . PRP DT VBP JJ NNS . DT JJ NNS VBD PRP$ NNS TO VB PRP IN VBG RP CC VBG WRB PRP VBP CC DT NN CC DT NN IN NNS , NNS NNS , CC VBD NNS . RB , IN NN HYPH NN NN , PRP DT VBP VBG IN DT JJ JJ NNS RB CC RB RB . VB RB : NNP IN NNP : RB NN , RB JJ RB IN DT NNP NNP NNP NNP VBG IN DT NN CC NN IN NN CC VBP -LRB- IN RB VBG PRP PRP -RRB- , PRP VBP NNS VBN IN VBG PRP RB IN DT VBN NN VBN IN DT NNS , NN , NNS , CC NN . DT CD NN CC PRP$ NN , NNP NNS VBP DT JJ NN NNS , RB JJ NNS WP$ JJ NNS VBP RB RB VB NNP , CC DT NN . , IN DT . IN IN DT RB JJ HYPH JJ NN IN DT JJ NN CC NN NNS , PRP MD VB DT JJ NN IN RB VBG EX VBP JJ JJ NNS JJ . VB PRP IN PRP VBP TO VB JJR IN JJ JJ NNS NNS VBP VBG TO VB JJ NNS VBN IN JJ NNS IN DT . UH VB VBG DT NN RB CC RB IN NNS IN PRP VBP RB VBP RB RB VBG RB VBN . NNS VBP NN IN JJ NNS RB RBR IN RB ."
594,1284,conspiracy,"NN NN CC NNS IN JJ NNS IN DT JJ NN CD NN NNP NNP NNP NNP VBZ NN CC NN NNP NNP IN JJ NNP NNP NNP CC DT JJ NN NNS PRP VBP TO VB JJ NN CC VB DT JJ NN IN JJ NN IN CD . JJ NN NN NNP , DT NNP NNP NN , JJ NNP NN CC JJ NN VBZ DT NN IN DT JJ NNP NN WDT VBZ IN DT JJ NN NN NN CC VBZ PRP$ JJ CC JJ NN NN WDT VBZ JJ NNS IN JJ NN NNS , JJ NN , JJ NNP , NN NNP , VBN NNP NNPS , NNP NNP NNP CC JJR . JJ NNS RB PRP VBP DT NNS IN JJ NN VBG VBN IN JJ NNS VBG JJ NN JJ NNS , JJ NN NNS CC JJ NNS TO VB DT NN IN DT NN RP , VBG NN VBG JJ NN NNS . PRP VBP DT NN IN JJ NNS IN JJ JJ NNS VBG NN NNS TO VB DT JJ NNP NN VBN IN NNP RB WDT VBZ DT JJ NN , VBG DT NNS CC NN IN NNS IN NNP CC NNP . PRP RB VBP DT JJ NN IN NNS IN JJ NNS VBN IN NN IN JJ NNS IN NN CC VBP DT JJ NNS IN DT NN `` NNP '' VBG VBN IN JJ NN NNS IN IN DT VBG NNS IN NNP NN NNP NNP NNP IN DT NN VBG VBN IN JJ NNS . VB IN JJ : NNP NNP IN DT JJ NN PRP VBP WRB NNP RB VBD DT NN JJ NN NN `` NNP IN NNP '' VBN IN DT RB HYPH VBN NN IN NN IN DT NNP , WDT VBD VBN TO VB JJ NN IN CD NN IN NNS VBN IN DT NNP IN NNP -LRB- NNP -RRB- . DT NN VBZ DT JJ JJ NN IN NNP NNP NNP NNP WP VBD RB , CC VBD IN JJ NN IN PRP$ NN IN DT NNP NN CC PRP$ NN IN PRP VBP TO VB CC VB IN DT NN CC NN IN NN IN DT JJ NN . IN DT JJ NN IN NNS NNP VBZ IN DT JJ NN PRP$ JJ JJ NN NN NNS IN NNP . JJ , JJ , JJ CC JJ , PRP VBP RB VB TO VB DT JJ NNP NNP NNP ."
595,296,conspiracy,"DT NNP NNP NNP VBZ DT JJ NN WDT VBZ VBN VBG RP NN RB . RB IN DT NNS IN JJ NNS , JJ NN CC NN , JJ NN CC NN IN JJ , JJ NNS CC NNP NNS VBP VBN VBG DT NN TO VB DT NNS TO VB VBN . JJ NN RB IN NNP NN CD , NNP VBD DT NN -LRB- NNP CD SYM CD -RRB- IN JJ NN IN NNS VBG NN -LRB- DT NN , VBG NN , NN , JJ , JJ CC JJ -LRB- NN , NN -RRB- -RRB- . IN NNP NN CD , NNP NNP RB VBD IN DT NN -LRB- $ CD -RRB- IN CD NN TO VB JJ NNS IN NN . IN NNP NN CD , NNP VBD DT NN -LRB- NNP CD -RRB- VBG JJ CC JJ NNS CC VBG NNS IN DT NNS IN NN , NN CC NNP HYPH CD NNS -LRB- WDT VBD IN NN IN NNP NN CD -RRB- . RB , DT NNS IN NNS : JJ NNS , JJ NNS CC JJ NNS : VBP IN DT NN NN , RB RB WRB PRP VBP . DT JJ NN NN VBZ DT JJ NN . DT NNS VBP VBG RP . PRP VBZ NN TO VB PRP , VB DT NN CC RB VB WP PRP MD TO VB RP IN NN : IN PRP VBP PRP$ VBN NNS TO VB RB VBN IN DT NNP NNP NN IN VBN NNS CC NNS . JJ NNS IN DT JJ NN NN IN DT NNP IN NNP CD , NNP VBD DT NN VBG DT NNS NN JJ IN DT NNS , RB RB IN NNS CC NN IN NN HYPH NN NNS , NNS , JJ NNS CC JJ NNS JJ IN NN NNS . JJ JJ JJ NNS RB VBP JJ NNS IN DT NNS , JJ IN NNP , WDT VBD DT CD NN WDT VBD CD NNS VBD JJ IN NNS IN IN NN CD . DT JJ NN VBZ DT CD NN NN , IN DT JJ NN VBZ DT $ CD NN NN . DT NNP NNP NNP VBD PRP$ JJ DT NNP DT NN NN IN CD , CC DT JJ NN NNS -LRB- NNP , NNP CC NNP -RRB- VBD DT NNP DT NNP IN CD , DT IN WDT VBD NN NN NNS CC NNS IN NNS WP VBD RB VB PRP$ NNS . DT JJ NN VBD NNS IN IN IN $ $ CD IN NNS WDT VBP JJ NNS . RB , DT JJ NN RB VBD DT NN IN EX MD VB DT JJ NNS CC JJ NNS VBN . DT NNS IN NNP NN NNS NN JJ CC JJ NNPS RB , IN DT NNP , DT JJ NN NN VBZ VBG IN DT NNS . DT RB HYPH VBN CD NNP NN WDT VBD JJ CC JJ NNS VBD RB VBN IN DT CD NN -LRB- NNP CD -RRB- WDT VBD NNS CD NNS JJ CC JJR TO VB IN NNS -LRB- VBG DT NN NN -RRB- IN RB VBN NNS IN DT NN CC NN IN PRP$ NNS . DT NNP NNP NN WDT VBD DT JJ NN VBZ VBN DT NN IN NN : CC DT NN . NNP NNP NNP -LRB- NN IN NNP CC NN IN NNP -RRB- , IN IN JJ NNS NN NNP NNP , VBD DT NN IN DT NN IN NN IN CD NNS VBG JJ JJ NNS . PRP$ NN VBD PDT DT NN IN DT NNP NNP NNP NNP NNP WRB , RB , PRP VBD VBN RP IN NNP NN CD , IN NNP NNP NNP : `` DT NN VBD DT NN CC NN IN DT NN VBG JJ NN IN NN VBN IN DT JJ NN NN IN JJ NN IN NN CC DT NNP NNP POS NNP NNP NNP CC , RB , VBD IN DT JJ NN VBZ NN POS TO CC VB IN VBN NN CC VB NNP NNP POS JJ NN NNS . IN VBG DT NNS IN CD NNS WP VBD VBN VBN NNS IN DT NN VBG WRB PRP VBD TO VB DT NN CC NN HYPH VB PRP RB IN VB PRP , NNP NNP VBD DT `` NN IN NN CC JJ NN '' NNS MD VB IN PRP VBP VBN TO VB PRP$ JJ NNS CC VB PRP$ NNS , VB PRP IN NN CC VB DT NN . RB , PRP VBD , `` DT NN VBZ RB HYPH VBN TO VB IN DT NNS VBP VBN IN DT NN IN NNS NNS RB PRP$ NN . '' . PRP VBD , `` IN NNS VBP RB VBN DT NN IN NN IN DT NNS , DT NNP NNP VBZ DT NN IN DT JJ NN , DT JJ NN IN DT JJ NN VBZ IN NN . '' PRP VBD IN , `` IN IN JJS DT NN IN DT NN , DT NNS VBP RB VBN DT NNS POS JJ NN NNS . '' '' NNP VBD DT NN IN JJ NNS IN PRP$ NN , CD IN WDT VBZ DT JJ CD NNP NNP NNP NN . IN DT NN , DT NNP NNP NNP NNP VBD VBD DT NNP NN VBG DT NN TO VB `` NN NN '' TO `` VB IN NN DT NN , NN CC NN IN DT JJ '' IN VBG NN NNS IN DT NNS . IN JJ NNS , NN CC NN VBD IN JJ NNS IN IN DT VBN : IN PRP VBZ DT NN IN NN : NN IN DT NN WDT VBZ RB VBN IN JJ NN IN NN . DT CD NN VBD DT JJ NN , IN CD , DT NNP NNP NNP VBD IN NNP NNP NNP IN NNS VBP DT JJ NN TO RB VB NNS DT NN VBZ TO VB DT NN IN DT JJ NN . NNP NNP NNP NNP NNP NNP NNP VBD : VBG IN NNS CC NN , VB WRB DT NN IN JJ JJ NNS VBD IN DT NNP -LRB- NNP NNP NNP -RRB- , NN IN DT NNP NNP -LRB- NNP NNPS -RRB- , VBD VBN VBG NNS IN NNP IN RB VBG PRP IN DT NN VBN IN DT NN . UH : UH UH , DT VBZ JJ : PRP RB VBD IN NNP CC NNP NNP : PRP VBP VBN IN JJ NNS WRB NNS VBP DT NN WRB PRP VBP PRP DT NN . PRP VBP RB VB JJ NN TO VB RP DT NNS IN NNS IN PRP$ JJ NNS , VBG NN . DT VBZ DT NN IN DT NN IN DT NN : IN PRP VBP DT NNP DT NN TO VB WP VBZ IN PRP$ NN WDT NN VBP PRP VB VBN . DT VBN IN NN MD VB IN PRP MD VB RB RB HYPH VBN `` NNS '' TO RB VB DT IN PRP , RB RB WRB VBG DT NNS IN JJ NN , JJ NN , NN , NN NN , FW . NN VBZ PRP VBZ RB DT JJ NN IN JJ NNS IN NNS IN WP VBZ RB . WP MD DT VB . VBN NN HYPH NN IN NNS IN NN IN NN -LRB- IN DT `` JJR NN '' IN NN -RRB- . VBN NN . VBN NN NNS IN PRP$ NN NN . VBN JJ NN NNS IN DT NN NN . DT NN IN NNP NNS VBZ DT JJ JJ , JJ CC JJ NNS IN IN NNP NN CD . WRB RB IN DT IN DT VBP VBN , VBN CC VBN IN IN DT NN . NN NN : NNP NNP NNP NNP IN DT NNS : JJ , JJ CC JJ NNS DT NN VBZ JJ . DT JJ NN NN VBZ VBG NN HYPH IN HYPH NN TO VB DT NNS IN NNS : JJ , JJ CC JJ . DT JJ VBN NNP NNP NNP NNP NN RB VBZ DT VBG IN NNP NNP VBG JJ NNS . DT NN VBZ JJ , DT NNP VBZ RB VBG DT NNS IN DT NN IN NN , RB PRP VBP TO VB WRB PRP VBP RB VB DT NN , RB IN PRP VBG TO VB WRB PRP VBP VB CD . NNS VBP VBG TO VB PDT DT NN CC VB IN PRP VBP TO VB DT JJ NN CC RB : IN DT NN , IN PRP VBP JJ NNS VBP JJ TO VB , VB IN DT JJ NN IN NNS IN JJ JJ NNS IN NNP WP VBD TO VB PRP , RB IN NNS WP VBD JJ NNS IN VBG DT NN . IN DT NN , VB IN NNS VBP VBN NNS CC JJ NNS VBG NNS IN NN CC NN . IN JJR NN IN DT , VB JJ NN NNS CC NNS : DT JJ CD . PRP VBP TO VB IN DT JJ NN IN NN VBN WRB JJ NN NNS , NNS CC NNS VBP TO VB IN VBG DT JJ NN VBZ NNS IN NN . RB VBG , WRB MD DT NN VB NN IN NN WRB PRP PRP VBZ NN HYPH VBG NNS . IN DT NN , RB DT NNS VBP RB RB VBN , JJ IN DT NNP NN , WDT VBD RB VBN IN JJ CC JJ NN . NNS MD VB NN IN NN NN UH , PRP VBZ DT JJ JJ NN NNP NNP VBZ RB VB NN VBG IN . VBP PRP VB WDT JJ NN VBZ . PRP VBZ DT NN WRB DT JJ VBN JJ NN MD VB VBN NNS TO VB DT NN NN NN IN DT NN IN NNS , NNS CC NNS IN PRP VBP DT NN , VBG IN NNS IN DT JJ NN DT NN VBD VBN TO VB , CC VBG RP DT NN PRP MD VB NNS . IN DT CD NNS NN , RB CD NN VBD VBN . VB RP DT NN VBG NNS VBN IN NNS IN JJ NNS IN DT NNP . DT NN NNS VBP IN NNS VBP JJ IN CD SYM CD NNS IN VBG DT NN . UH , NNS VB RB VB NN RB , IN DT NN IN DT NN VBZ RB VBN PRP RB , RB VB DT NN IN DT . NNS VBP NN RB , CC DT VBZ RB VBN IN NNP NNP CC NNP NNP NNS . IN NN , EX VBP DT NN IN NNS CC NN IN NN IN DT NN IN NNS IN `` JJ JJ NNS '' , `` RB VBN IN NN , '' CC `` JJ JJ NN IN NN . '' RB VBZ WP DT CD NN NNS VBG NN : WP VBZ DT NN VB . VBD : VB RB NNP NNP POS NNS -LRB- RB NN , CC NNS , JJ -RRB- IN NNS `` VBP NN NN '' . RB RB WP PRP VBP IN NNS , JJ NN VBZ JJ JJ NN WDT VBZ DT JJ NN IN NNS TO VBN NN IN VBG IN NNS VBP `` JJ CC JJ '' , DT JJ NN CC JJ NN IN NN . NNS VBP VBN IN JJ NNS IN NN , NN , NN NN , NN CC NN . DT JJ NN IN NNS CC JJ NN , NN VBZ VBN VBN JJ NNS IN NNS RB IN DT NN . DT NN VBZ RB VBG WRB PRP MD RB VB JJ TO VB IN DT NN RB JJR . RB IN PRP VBP JJ , PRP MD VB DT NN IN DT JJ NN NN IN PRP VBZ NN CC NN . VB DT WP VBP TO VB NNS VB PRP , DT NN NN NN VBZ NN CC VBZ DT JJ NN , IN IN NNS RB VBP , RB DT VBN NN VBP DT NN IN DT JJ `` VBG NN '' , IN DT VBN MD VB VBN . PRP MD RB VB DT NN TO VB PRP WP PRP MD CC MD VB IN PRP$ NNS , CC PRP MD VB VBN IN NNS . EX VBZ RB DT NN IN JJ NN CC NN NN WRB DT NNP NN VBZ VBN PRP DT NN TO VB HYPH VB NNS . DT VBZ DT NN MD VB TO VB IN DT NNS CC JJ NN , CC NN RBR IN DT NNS IN DT JJ VBN NN IN JJ NN . VBG DT NN , IN DT NN , NN , NN NN , NN NN , NN CC NN TO VB DT NN VBG PRP VB JJ NN MD VB NN IN DT NN . IN PRP VBP RB VB PRP$ NN VBN IN DT NN , EX VBZ RB TO VB CC VB . DT JJ NN NN MD RB VB VBG IN DT NN CC NN IN PRP : RB WP VBP PRP VBG TO VB . VB IN NNS : UH VB DT NN NNS RB CC RB . VB DT NN IN PRP$ NN NNS . NNP IN PRP$ NN NN , NN NNS . FW . DT NN VBD RB VBN IN DT NNP NNPS . NNP NNP VBZ DT NN IN JJ NN , JJ NN NN DT NNP NNPS CC JJ NN IN NNP . NNP VBZ IN NNP CC NNP . VBN NN VBZ IN DT NNP NNPS"
596,722,mainstream,"DT NN NN NNP NNP VBZ VBG DT NN TO VB DT NN TO VB IN DT JJ NN VBG IN NNP , DT NN VBD NNP . NNP NNP , NNP POS JJ NN IN NNS , VBD DT NN MD VB IN DT NNP NNP NNP NNP CC NNP NNP : VBN IN NNP : TO VB DT NN VBG DT NN POS NN NN NN . NNP VBD DT NN POS JJ NN TO VB DT NN IN NN : DT NN NN : VBZ PRP DT NN RP IN DT NN . `` VBG DT JJ NN NN JJ IN DT JJS NN VBZ VBG TO VB DT JJ NN , WDT VBZ WRB PRP VBP VBG IN NNP TO RB VB DT JJ NN NN , '' VBD NNP . `` IN PRP VBP VBG PRP$ NN WRB JJ , PRP VBP DT NN IN NNP MD VB DT RBS JJ NNS IN VBG DT NN IN DT JJS NN , '' PRP VBD . NNP VBD DT NN VBZ TO VB DT NN NN : DT NN : TO VB IN NN IN CD NNS CC MD VB JJ TO VB DT NN IN NNS IN DT NN CC CD NNS . NNP VBD DT NN NN NN VBZ RB VBN TO VB NN NN VBN IN DT NNP , WDT VBZ NNS VBP JJ IN PRP . NNP RB VBZ JJ HYPH NN NN NN IN DT NNS IN NNS . NNP VBZ DT JJ JJ NN NN TO VB PRP MD VB TO VB DT NN IN DT JJ NN , WDT VBZ VBN RB CD NNS , RB IN NNP . NNP CC NNP POS NN NN , NNP , VBZ RB VBN PRP MD VB TO VB DT NN . VBN IN NN IN NNP . DT NN RB VBD IN NNP CD CD"
597,1081,conspiracy,"NNP NN VBN TO VB JJR NN NN NN . MD DT NN VBG NN RB VB . JJ IN CD CD NNPS VBD IN NN NNS JJ NN . IN VBG JJ NNS IN JJ NNP , DT NN IN NNS VBZ VBN RB IN DT JJ CD NNS , CC DT JJ NN IN NNS VBG NN IN DT NN IN DT NN NN VBZ RB RB JJ IN CD CD . NNS VBP IN DT NN MD VB TO VB IN DT VBG NNS . DT JJ NN VBZ VBG , CC NNS VBP JJ IN NN , WDT VBZ CD IN DT JJ NNS IN DT JJ NN IN NN IN DT JJ NN NNS WDT NNS VBP VBP TO VB VBN IN JJ NN TO VB DT JJ : RB RBR JJ : NN IN NN HYPH CD NNS . IN NNS CC NN NNS VBP TO VB JJ NNS IN WP VBZ JJS IN DT NN , DT NN IN DT NN VBZ IN NNS MD VB PRP$ NN NNS , CC DT MD RB RBR VB TO VB PRP$ NNS . NNP NNP VBZ RB VBN DT JJS NN NN IN NNP NN , VBN IN DT NNP NNP , NNP CC NNP NNP -LRB- NNP -RRB- VB , IN NN . RB , DT NNP VBZ VBN DT NN IN DT JJR $ CD CD IN NN . DT NNP HYPH VBN NNP VBZ VBN IN PRP MD RB VB DT NNP POS RB HYPH VBN NNPS NNP , CC DT NNP NNP VBZ VBN IN PRP MD VB VBG RP DT NN IN NN NNS . -LRB- JJ : NN VBZ NN IN JJS NNS IN DT NNP NNP . -RRB- DT JJS NN IN NNP NN IN VBN IN NNP NNP , NNPS CC NNPS VBD RB JJ IN PRP$ NNS TO VB DT JJ $ CD CD NNP NN VBN . DT NN VBD NN IN NN JJ NN IN NNS CC NNS IN NN IN DT NN IN DT NN NN . DT JJ $ CD CD IN NN VBD RB VBN IN DT NN TO VB JJ NN NNS CC NN NNS . -LRB- JJ : JJ NN NN : NN `` NN '' NN VBZ NN NN IN $ CD CD IN NN : WP VBZ VBG TO VB DT NN . -RRB- DT JJ NN IN NN NNS VBD VBN IN DT WP VBD NN NN NNS IN CD CC CD -LRB- WP VBD DT RBS JJ -RRB- , CC VBD RP $ CD IN NNS CC $ CD IN JJ NNS , IN NN IN $ CD IN NNS . DT NNS VBD JJ IN NNS WP VBD NNS IN $ CD CC NNS WP$ NNS VBD JJR IN $ CD RB . DT NNS JJ VBD VBN IN DT NN NN IN DT IN JJR NN NNS . DT NNPS NNP MD VB RB DT $ CD CD IN NN NN , IN VBN IN NNP : DT NN , WDT VBZ RB $ CD CD IN JJ NN IN NNS CC NNS , RB RB IN DT NN IN NN NNS CC DT NN IN VBN NN NN , VBD DT NNP CD RB IN NN NNS . NFP NNPS VBP PRP VBP VBN RB IN DT NN IN IN DT NN IN DT NN . DT NN , WDT RB VBZ DT $ CD CD NN TO VB NN NN IN JJ NNS , VBZ NNPS POS NN IN DT NN IN NNS VBP . IN NNP NNPS VBP RB VBN JJ NN IN DT NN , JJ NNP NNP NNS VBP VBN IN DT NN MD VB DT NN IN JJ NN NNS . IN VBN IN NNP , DT NN IN DT NNP NNP VBD : IN NNP NNP VBZ VBN , PRP VBP VBG TO VB IN PRP VBP NN IN DT NNPS IN IN PRP VBP IN DT NN JJ , JJR , CC IN JJ NN , WDT VBZ WRB DT NNP NNP VBZ VBN IN NN , JJ NN NN CC JJ NN . RB , DT NN NN VBZ VBN DT NNP NN , CC NNPS VBP IN JJ NN IN NN , CC VBP DT JJ NNS RB DT NN . MD DT NN VB RBR VBN IN NNS TO VB JJ HYPH NN JJ NN IN DT NNS IN NNPS VBN IN DT NN RB IN VBG PRP DT NN TO VB PRP RP IN DT NN . VB RP IN PDT DT JJS NNS IN NNP . NN ."
598,984,mainstream,"EX MD VB DT NN IN NN RBR JJ IN DT JJ NNS IN DT NN . PRP MD VB RB DT NN IN JJ CC JJ : VBG JJ NN CC JJ NN . DT NNP NNS : NNP NNPS -LRB- NNP CD -RRB- VBD DT NN IN PRP$ RBS JJ , RB VBG RB DT JJ NN IN RB VBN NNS JJ IN `` NNS '' CC `` NNS '' IN EX VBD NN VBN CC NNS , NNS CC JJ HYPH NN NNS VBG PRP TO VB NNP NNP CC NNP NNP . VBN IN DT NN : JJ , NN HYPH JJ NNS CC NNS VBG TO VB IN NNS IN PRP$ NN CC NN POS NN . DT VBD DT NN IN NN IN NN , IN DT NNS . NNP NNP POS JJ NN VBD DT JJ NN IN DT NN VBG IN DT NNP NNP NN . PRP VBD NNS IN DT NNS IN DT NN , IN JJ NNS CC NN NNS IN NNS CC NNS IN NNS WP VBP NNS IN NN NNS CC JJ NNS JJ IN NN . IN DT NNS VBD VBN RB VBD RB VBN , CC DT NN IN JJ NNS MD RB VB JJ NN . PRP$ NN , IN JJS , VBD JJ . RB JJR VBD DT NNS IN DT VBN CC VBN NN NNP NNP , DT NN IN NNP CC NN IN DT VBN , JJ `` NN '' NNP ."
599,573,mainstream,"VBG JJ NNS IN VBG NNS IN DT NN NN IN NN HYPH NN HYPH CD IN DT JJ NN VBZ JJ TO VB JJ IN DT JJ NN . RB , PRP VBP IN NN HYPH VBN NNS MD VB DT NN IN DT . NNS VBP VBG TO VB JJ CC JJ NNS TO VB NN HYPH CD , IN IN JJS DT CD NN NNS RB IN DT NN CC RB TO VB JJ NN . JJ NNS IN NN NNS CC DT JJ NN RB VBP DT JJ NNS , IN DT NN IN VBG JJ NNS IN VBG NNS . IN NN , NN HYPH VBN NN HYPH VBG NN NNS VBN IN JJ NN IN NN NN . VBG NNS IN DT NN NN -LRB- NN -RRB- NN MD RB VB IN DT JJ NN . RB RB , CD IN DT RBS JJ NNS IN NNS IN VBG JJ NNS IN NN NN HYPH VBG NNS IN JJ NNS VBP VBN VBN IN JJ NN NNS . DT RB VBN NN NN -LRB- NNP -RRB- CC DT JJ NN HYPH VBN NN -LRB- NN HYPH NN -RRB- VBD RB VBN TO VB JJ NNS IN JJ NN IN NN NNS CC IN NNS IN JJ NN NN IN NNP HYPH NNP HYPH CD CC NNP HYPH NNP , RB CD . DT NNS WDT VBD NNP VBD DT JJ NN IN PRP$ NN CC NNS IN NN HYPH NNP HYPH CD NN , CC NNS WDT VBD NN HYPH NN VBD CD NN NN IN NN HYPH NN NN , VBN IN CD NN NN IN DT NN HYPH RB NN . NNP VBD VBG NN NNS IN DT NNS IN NNS CC IN IN IN CD IN NN NN . DT NNS RB VBD NN NN NN NNS IN DT NN HYPH VBG NN -LRB- NN -RRB- IN DT NNP HYPH NNP HYPH CD NN NN WDT VBD CD -LRB- NN -RRB- . RB , NNS VBN IN NN HYPH NN , VBN IN DT JJ NN NN IN NN HYPH NN , WDT VBZ RB VBN IN DT NN HYPH CD NN NN , VBN NN HYPH VBG NN NNS IN CD CC CD IN NNP HYPH NNP JJ JJ NN . IN NN , CD NN HYPH VBN NNS VBD RB VBN TO VB RBR JJ NNS IN VBG NNS CD . DT NN NN HYPH VBN NN HYPH CD NN , NNP NNP HYPH CD , VBD VBG NN NNS IN DT CD SYM CD NN IN NN NN CC VBD VBN IN JJ NN : CD IN DT CD VBN NNS VBD VBN JJ NNS IN JJ NN CC EX VBD DT NN IN DT NN IN JJ JJ NN IN DT VBN CC NN NN . IN DT JJ VBN NN PRP NN , DT JJ NN CD HYPH VBN NN HYPH CD NN VBD CC NN HYPH VBG CC JJ HYPH NN HYPH VBG NN NNS IN DT JJ NN IN JJ NNS CD NNS NN HYPH NN . CC NN HYPH VBN NNS VBN VBG NN NNS WDT VBD RB IN DT NN VBN IN JJ JJ NN , IN JJ NNS VBD IN DT NN IN NN HYPH VBN NN HYPH CD NNS VBN VBG NN NNS IN NNS WDT VBD JJ IN DT IN JJ NN NN . RB , DT VBG NN IN NN HYPH CD NN NN VBZ DT JJ NN IN VBG JJ NNS IN VBG NNS IN DT NN NN CC PRP$ NN . IN JJ NN VBZ , PRP MD VB JJ TO VB DT NN IN JJ NNS IN NN NNS IN NN CC IN JJ NNS MD VB VBN TO VB JJ NN NNS IN JJ NNS . DT MD VB VBG VBG NN NN NNS -LRB- IN CC JJ NN HYPH NN HYPH CD CC NNS -RRB- IN CC JJ NNS CC JJ NN NNS IN NN TO VB JJ NNS . DT JJ NN RB RB VBZ IN NN NN NNS , JJ IN DT VBN IN NNP CC NN HYPH NNP , VBP TO VB JJ NNS IN VBG NN . DT JJ NNS IN WDT NN VBZ JJ NNS IN VBG NNS VBP JJ . JJ NNS VBD IN NN NNS VBP JJ CC JJ NNS VBN IN JJ NN NN , CC RBR JJ NNS VBP IN PRP MD VB NN CC NN IN NN HYPH VBG NNS IN JJ NN . NN NNS RB VBP DT NN CC NN NN . DT RBR JJ NN VBZ IN NNS VBN IN NN CC NN NN VBN IN NN POS JJ JJ NN IN DT NN NN , RB VBN IN NN NN NN -LRB- NN -RRB- . IN VBG NN NN , NNP VBZ NN IN DT NN NN NN , WDT VBD VBN TO VB JJ NN IN NNS JJ IN NN . RB IN PRP$ NN , NN VBD VBN TO RB VB DT NN IN NN NN CD -LRB- NN CD -RRB- NNS WDT RB VBP JJ NN . RB , NNP CD NNS VBP RB JJ IN VBG JJ NN IN IN DT JJ NN VBG DT NN IN NN NN NN , WDT VBZ DT NN IN JJ NN CD HYPH NN NNS . DT JJ NN IN DT NN IN NN NNS VBZ VBN IN DT NN IN NNP CD HYPH NN NN NNS MD VB NN HYPH VBN JJ NN -LRB- NNP -RRB- CD . RB , DT NN IN DT VBD VBN IN DT NNS IN DT CD NN HYPH VBN NN NNS VBN RB . RB , NN NNS MD RB VB NN VBN IN JJ NN NN . JJ NNS VBP VBN IN HYPH NN NN CC JJ NN IN DT JJ NN , IN DT NN TO VB NNS VBP RB VBN VBN IN NN CC IN NNS RB VBG IN NNS VBP RB IN NN CD HYPH NN NNS . PRP VBP JJ NN IN NNP VBD RB VBN IN JJ NNS IN NN HYPH VBN NNS WDT VBD VBN NNS IN NNP HYPH CD CC VBP IN DT JJ NN IN NN CD NN NNS WDT VBP NN IN NNS IN DT NN NN CC NN IN NN NN . RB , NNP CD NN NNS VBP RB JJ IN DT VBN NN IN JJ NN , JJ NN NN CC JJ NN . RB , DT NN IN NN HYPH VBN NNS VBP NN CC JJ JJ NNS VBZ VBN RB VBN . IN NN IN DT JJ NNS PRP VBZ IN JJ NNS , NN VBZ DT VBN , JJ NN NN IN NN CC NN NN RB IN DT NNS CC NNS -LRB- NN CD -RRB- . JJ NN NNS CC DT NN IN NN IN NN VBP RB RB VBN RB VBN IN NN IN NN IN DT NNP `` NNP NNP NNP '' NNP HYPH CD NN NN , RB IN PRP MD VB PRP$ RBS JJ NN NNS CC NNS IN NNS IN VBG JJ NN IN VBG NN . NN VBZ NN IN DT JJ NN IN NN HYPH CD NNS VBN IN JJ VBN NNS CC JJ NNS . NN NN -LRB- NNP -RRB- VBZ DT NN IN NN HYPH NNP , IN DT NN IN NN VBN IN NNP VBZ RB VBN VBN . RB , CD CC JJR IN DT NNS VBN IN NNP VBP NN NNS , CC DT MD RB VB VBN JJ IN JJ HYPH NN NNS IN JJ NN HYPH CD NNS . IN DT NN IN DT NN , NN VBZ VBN DT RBS RB VBN NN NN CC VBZ VBN TO VB CD IN DT JJS , VBN IN NNS IN NNS CC NNS . NN VBZ DT NN NN IN VBG JJ NNS IN VBG NN , WDT VBZ RB VBN IN DT NN IN DT NN VBN IN NN HYPH CD NNS ."
600,466,conspiracy,"JJ NN VBZ DT JJ HYPH JJ NNS NN NN IN NN NNS IN NNP CC NNP PRP$ JJ NNP , NNP CC NNP NNS NNS CC NN MD VB VBN RP PDT PRP$ NNP NNS IN NNP CC NNP MD VB VBN IN NN CC NN NNP NNP MD RB VB DT NNS IN DT NNP NNS IN NNP NNP , NNP NNP , NNP , NNP , NNP , NNP , NNP , NNP CC NNP NNP NNP , NNP , NNP , NNP , NNP , NNP NNP , NNP , NNP , NNP CC NNS WP VBP VBN IN DT NNPS NNP , NNP CC NNP TO VB NNS TO VB DT JJ NN IN PRP$ NN CD NNS , DT JJ NNP HYPH NNP NNP NNP , NNP NNP , NNP NNP CC DT NNP NNP NNP -LRB- NNS IN NNP , NNP CC NNP -RRB- VBP VBN VBG JJ NNS IN JJ NNS RB TO VB , CC TO VB NN -LRB- FW , NN CC NN , JJ NN , NN , NN , NN , NN , NN , NN , NNP NNP NN , NN NN , NN NN , NN , JJ NN , NN , JJ NNP , NN , NN , NNP NN SYM CD -RRB- IN DT NNS , NNS VBP PRP$ JJ NNS VBG IN PRP$ NN NNS TO VB NN IN NN TO VB JJR NN IN PRP VBP PRP JJ IN VBG DT NN . UH , PRP VBP DT NN CC RB VBP DT NN -LRB- NNP CD , CD -RRB- : DT VBZ CD IN DT RBS JJ NNS PRP VBP RB VBN . IN DT JJ CD NNS : RB IN DT NNP NN RP VBD VBG IN DT NNP : NNS VBD DT JJ NNS IN DT NNP NN . IN DT JJ NNP NNP . NN CD VBN IN DT NNP NNP -LRB- NNP -RRB- VBN IN DT NNP NNP , DT NN IN DT JJ NN VBZ VBG IN DT VBG NN . RB DT NN HYPH NN VBZ JJ . PRP VBP IN DT NNS VBP VBG DT NN NN IN PRP$ NN TO VB DT NN VBG VBN IN DT NNP NNP NNP CC DT NNP . NNP VBZ VBN VBN , NN IN , IN DT NNS VBP JJ . PRP VBP VBN IN RB DT CD HYPH NN NN IN NNP VBZ NNP CC DT NNP NNP NNP NNP NN NNS IN DT NNP NNP . DT NN IN DT NNP NNP -LRB- NNP NNP -RRB- TO VB PRP$ NNP NNP NN NN NN NN VBD VBN IN DT JJ NN CC NN NN IN PRP$ NNP NN . IN NNP CD , CD , NNP VBD PRP$ NN IN NNP , NNP CC VBD DT JJ `` NNP NNP `` NN IN PRP$ NNP NNP NNP NN , RB VBD RP RB . JJ NN , JJ NN , JJ NN : NNP NNP . DT VBZ DT NNP VBP , RB RB , DT NNP -LRB- NNP NNP -RRB- NN NN NN RB CD NNS RB IN NNP NN CD . CC , WRB VBZ DT NN VBG RP DT RB JJ NN . DT PRP MD VB TO VB DT NNP IN NNP VBZ IN DT NN IN NNP TO VB IN DT NN DT NN IN NNP NN , CC VB PRP RB IN NNP . RBR RB , VB DT NN NN IN NNP -LRB- DT NNP NN NN -RRB- TO VB NNP NNS VBN IN RB VBN NNP NNP CC JJ NNP NNP IN NNP NN NN NNP NNP NNP TO VB PRP$ JJ NNP NN NNS . VB JJ NN . WP VBD DT NN NN NN WP VBD RP DT JJ NNP NN IN NNP . DT NNP NNP NN VBD NNP NNP NNP NNP HYPH NNP , DT JJ NN IN NNP NNP -LRB- CD CD -RRB- . PRP$ NN VBD NNP . PRP$ NN VBD NNP NNP , NNP NNP CC NNP NNP , IN DT `` NN NN . '' PRP VBZ DT JJ HYPH NN NN . DT VBZ RB DT , NNP HYPH NNP RB VBD NNP NNP NNP -LRB- CD SYM CD -RRB- , DT RB HYPH VBN NN IN NNP NNP . DT VBZ RB DT , NNP HYPH NNP RB VBD NNP NNP NNP -LRB- CD SYM CD -RRB- , DT RB HYPH VBN NN IN NNP NNP . IN NNP CD , NNP NNP HYPH NNP VBD DT NN NN IN DT NNPS IN NNP NNP NNP IN DT NNP NNP NNP NNP NNP . NNP NNP NNP VBD DT NN IN DT NNPS NNP -LRB- IN RB CD JJ NNS VBG NNP NNP NNP CC NNP NNP -RRB- IN CD . NNP , NNP CC NNP VBD VBN IN NNS WP VBD DT NNPS POS NNP NNP NNP NNP , CD . VBN PRP$ NN POS NN IN DT NNP NNP CC PRP$ NNP NN NNS , PRP$ NN IN DT NNP NNP CC DT NNPS NNP VBP JJ . VBG IN DT JJ NNP NNP NNP VBZ NNP NNP NNP -LRB- VBN IN DT NNP POS NNP NN -RRB- . IN JJ NN VBP CD NNP NNP NN HYPH NNS : PRP VBP RB VBN IN NNP NNP POS NN IN NNP -LRB- WRB NNP VBD IN DT NNP -RRB- CC DT NN IN JJ NNP NN NNP NNP , CC JJ JJ NN IN DT NNP NNPS IN NNP NNP NNP NNP NNP NNP VBD NNP NNS . NNP VBZ VBN VBN RB $ CD CD IN NNP NNS IN NN , NNS , NN NN , JJ CC NN NNS . VB JJ NN . NNP VBZ VBN RB $ CD CD NNP JJ NNS . -LRB- NN NFP NNP , NNS RB IN PRP$ NNS NN -RRB- . NNP VBZ VBN RB $ CD CD NNP JJ NNS . NN NFP NNP HYPH NNS RB IN PRP$ NNS NN -RRB- IN PRP$ NN VBD RP RB RB IN DT NNP HYPH NNP NNPS NNP IN DT JJ `` NNP NN '' RB , CC IN PRP VBP VBN RB RB TO VB DT NN , PRP$ CC PRP$ NN VBZ VBN PRP . RB PRP VBP VBN PRP : NNP NNP NNP NNP . IN NNP CD , CD , NNP VBD VBN NN IN NNP -LRB- NNP -RRB- NNP , DT NN IN NNP NNP . NNP VBZ RB VBN IN NNP NNP WRB JJ NNP NN NNP HYPH NNP VBZ DT JJ NN . NNP VBZ VBN DT NN IN NNP NNPS NN IN CD , RB NNS IN NNP NNP VBD DT NNP NN TO VB NNP NN . PRP VBZ VBN NNP NN NN NN IN CD , PRP VBD RB NN IN NNP NNP NN -LRB- CD SYM CD -RRB- IN RB RB . NNP VBD RB JJ JJ NN IN NN NN NNP NNP -LRB- CD SYM CD -RRB- . JJ IN NNP , NNP VBD VBG NN IN NNP NNP -LRB- CD CD -RRB- . NNP VBD RB JJ JJ NN IN NNP NNP -LRB- CD -RRB- . RB VBZ DT NN WDT VBZ NNP VBZ DT JJ NNP NNP IN DT NNP HYPH NNP NNPS NNP . PRP VBD NN CC NN NN IN DT RB HYPH VBN NNP -LRB- NNP CD , CD SYM NNP CD , CD -RRB- DT NN VBZ NN IN DT NNS `` JJ NN '' NNS NN NN NNP VBD NNP POS JJ NN RB RB RB TO VB RP DT NN IN NNS CC DT NN NN NN VBG DT NNP POS JJ NN -LRB- `` JJ NN '' -RRB- NN IN DT NN RB RB WRB JJ NNS IN NN VBD VBN . NNP VBZ NN IN DT NNP NNP -LRB- NNP NNP -RRB- , DT NN NN IN DT NNP VBN IN NNP NNP CC DT NNP CC NNP NNP NNP . VB RB NNP VBN IN DT NNP NNP . PRP$ JJS NN IN NNP NNP NNP HYPH NNP , JJ NN IN NNP -LRB- CD SYM CD -RRB- , VBZ NN IN NNP NNP CC PRP$ JJ NN HYPH VBG NN NNS , RB VBZ IN DT NNP HYPH NNP NNPS NNP VBP VBG PRP$ NN TO RB VB DT NN NN IN VBG PRP$ NN NNS PRP$ JJ JJ NNS NN VBZ VBG VBN IN DT NNP HYPH NNP NNPS NNP WDT VBZ VBN IN DT NNP NNP NNP CC DT NNP NNP NNP NNP -LRB- NNP -RRB- PRP VBP DT JJ JJ NN NN IN PRP IN IN DT NNP NNP NNP JJ IN DT NNP NNP -LRB- NNP -RRB- : IN DT NN IN DT CD NN CC NN NN -LRB- VB : EX VBP NNS IN DT NNS -RRB- UH , DT VBZ JJ TO VB , CC DT NNS VBP RB VBG IN PRP TO VB NN . PRP VBP PRP$ VBN NNS CC JJ NN TO VB . NNP CC NNP VBD DT JJ NNS TO VB IN NNP , NNP , NNP NNP , CC DT NNP . VB IN NN RB :"
601,158,conspiracy,"NNP NNP IN NNP NNP NN , NNP NNP NNP , VBZ IN NN WP VBZ IN VBG JJ IN DT NN VBZ VBN IN VBG VBN IN DT NN . `` IN PRP VBD IN NN CC VBD RB VBN VBN DT JJ NNS TO VB , CC RB PRP RB VBD VBN TO VB NN , DT MD VB VBN IN DT NN NN . PRP VBZ IN IN , RB , RB IN PRP VBD IN DT JJ JJ NN , CC PRP VBD NN IN DT JJ NN , PRP VBZ RB VBN IN DT NN NN . RB , NN WP VBZ VBN IN DT NN NN VBZ RB VB IN DT VBD DT NN IN DT NN , CC PRP VBD NN IN DT NN IN DT NN . '' DT VBZ WP PRP VBD . NFP NNP"
602,697,mainstream,"NNP POS NNP HYPH NNP NN VBZ VBN PRP$ NN IN VBG CD NNS -LRB- VBG RB CD NNS -RRB- IN PRP$ JJ NN IN JJ NN . JJ NN VBZ RB JJ TO VB , CC DT NN IN NNP HYPH NNP VBZ TO VB RP WRB . IN PRP$ NN , DT NNS VBD JJ NNS IN NN NNS , VBP JJ NNS CC NNS IN JJ CC JJ NN CC NNS IN JJ NN , RB RB IN JJ NNS IN NN , CC JJ NNS . DT NN NNS VBP VBN NN CC NN NNS , VBN NN NNS , CC NNS IN PRP$ NNS . PRP VBP RB VBN NN NN NNS CC NNS IN PRP$ NN . DT NNS VBP RB VBG IN DT NNS TO VB RP DT JJ NN -LRB- CC `` NN '' -RRB- IN DT NN POS NN . IN VBG NNS IN RB JJ JJ NNS , DT NN VBZ TO VB NNS IN NNS IN JJ NNS . DT NNS MD VB NNS TO VB JJ NNS IN JJ NN , VBG DT NN IN JJ NNS IN NNS . `` PRP VBP RB VBG TO VB NNS IN DT NN , '' VBD NN NN NNP NNP IN DT NNP IN NNP . `` DT VBZ VBG VBN IN DT JJ , JJ NN : DT RBS JJ JJ CC JJ NN VBZ JJ CC VBZ VBG VBN IN IN DT JJ NNS IN DT NNS '' . NNS VBP RB VBN IN DT NN , RB RB IN VBG NN IN DT JJ NN , PRP VBP VBN NN IN JJ , JJ , CC NN NNS , VBG DT NN POS NN IN . NNS IN NN IN NN VBP VBN NN IN JJ NNS , NNP HYPH NNP NN VBZ NNS JJ CD SYM CD NNS WDT VBP IN NN IN NN VBP DT VBN NN IN JJ NNS VBN IN JJ NNS , VBG IN JJ NN IN NNP POS NNP HYPH NNP NN VBN IN DT NNPS IN DT NNP NNP NNP . DT NNS IN NN , WDT VBP NNS IN JJ NNS CC NN , VBP RB IN JJ NN , CC NN NNS VBP RB VBN IN NNS JJ CD CC RP . IN RB , JJ NN VBZ VBN IN WP VBZ IN NNS IN DT NN . IN DT NN , DT NN VBD NN NN IN NNS WDT VBP VBN TO VB IN NN IN NN IN PRP VBP DT JJR NN CC NN IN NN -LRB- NN VBG DT RB JJ NN -RRB- CC NNS IN DT NN NN IN DT NN . VBG NNS VBG NNS , DT NNS VBD NNS IN JJ NNS -LRB- JJ IN DT NN IN `` NN HYPH DT HYPH NN '' -RRB- CC VBD IN JJ NNS -LRB- NN , NN -RRB- CC JJ NNS -LRB- FW VBG NN -RRB- . DT NNS VBD IN DT JJ HYPH NN NNS VBD JJR IN DT JJ NNS IN DT JJ HYPH NN NNS , CC RB DT NN NN NNS VBN RB VB DT IN NNS CC NNS IN NN . DT NNS VBP RP IN DT JJ NN MD VB TO VB DT NNS WRB PRP VBP JJR TO VB WDT NNS , IN DT , RB VBP NN NNS . IN DT NN NN IN NNP NNP -LRB- WDT VBZ RB DT NNP HYPH NNP NN -RRB- , DT NN IN CD IN DT NNS VBN IN DT NN VBD : `` VBG VBN IN DT PRP , PRP VBD PRP VBD PRP$ NN TO VB PRP VBD IN DT NN PRP MD IN VBG -LRB- PRP$ NN -RRB- IN DT NNP NN . PRP VBP RB RB IN DT VBZ DT RB JJ NN IN VBG DT NNS IN JJ NNS IN NNS IN DT JJ NN . '' NNS VBP NN IN NN IN NNP NN NN DT NN IN NNS IN DT NNPS , NNP CC DT NNP VBD VBN TO VB VBN DT JJS NN NN IN DT NN VBN IN DT JJ NNP NN , VBN IN NNP NNP IN NN IN NNP , IN NNS . DT NNS VBD VBN IN NNS CC VBD IN DT NN IN VBG DT NN NN IN DT NN , IN DT NN IN DT NN , DT NNS VBD TO VB PRP$ NNS IN DT NN NN IN DT NN HYPH VBN JJ NN . DT NN VBD VBN JJR IN DT NN IN DT NNS VBD VBN IN DT NN , CC RB DT NNS MD RB VB IN NN TO VB IN DT NN . RB , PRP VBD IN NN IN NN , NNP , CC NNP . DT VBG NN VBD DT JJ NN IN JJ NN IN JJ NN NN . NN NN NNP NNP , WP VBZ IN NN IN NNP CC NNP IN DT NNP , VBD DT NN IN DT `` JJ NN '' , VBG IN DT NN DT NN VBD IN DT JJ NN VBD IN DT NN MD RB VB WP PRP VBD VBG IN DT NNS IN DT NN . VBG IN NNP , VBG DT NNP NN VBD DT JJ NN . `` DT NN CC RBR RB DT NN IN DT NNP NN VBD RB JJ RB IN PRP VBP DT JJ NN NN CC DT JJ NN , '' PRP VBZ . RB RB , DT NNS VBP VBN PRP$ NNS , CC DT NN IN NN VBZ VBN JJ , PRP VBZ . VBG IN DT NN , PRP VBZ JJ IN DT NN MD VB PRP IN PRP$ NN . `` VBG NNS CC NNS JJ IN DT NN PRP VBD IN DT NN VB PRP TO VB CC VB IN JJ JJ NNS , '' PRP VBZ . `` DT NN VBG IN DT NN IN NNP , JJ NNS CC NNS RB VBZ DT NN NN WDT MD RB VB JJ IN PRP$ NN . '' NFP JJ IN VBG IN DT NN NN . VB DT JJ NN NN DT NN NN NN NNP VBZ VBN DT NN IN JJ NNS WDT MD VB DT NN IN JJ NNS TO VB DT NN IN JJ NNS . NN NN VBZ IN JJ NN , CC IN NNS VBP RB VBN IN CD IN DT RBS JJ JJ NN NNS JJ , NNS IN NN NN MD VB DT NNS TO VB IN VBG PRP CC , CC PRP$ NNS VBN . NNS VBP VBN TO VB IN VBG DT JJ CC JJ JJ NN WDT MD VB DT JJ NN TO VB NN IN DT NN IN NN . RB , JJ NN MD VB IN JJ NNS . RB , PRP VBZ JJ TO VB WRB JJ NN MD VB , CC DT VBZ VBN IN DT NNS VBG VBN IN DT NN . IN NNP , NNS VBP VBG VBN NNS TO VB JJ NNS -LRB- NNS -RRB- WDT MD VB JJ CC JJ NNS IN DT NN . CD NN WDT VBZ RB JJ VBZ DT `` NN '' NN , IN WDT DT VBN NN NN NN , NNP NNP , VBZ VBG VBN . DT NN VBD VBN IN PRP VBZ DT JJ NN IN DT JJ NN IN NNS CC VBZ VBN IN DT JJ NN NN . IN DT NN , NNS VBP CD NNS CD NNS RB . IN DT NN , NNS MD VB TO VB DT NN IN DT NN NN , IN WDT JJ NNS -LRB- JJ IN NN , NN NN CC NN NN -RRB- CC JJ NNS VBP VBN IN NN . DT NNS IN DT NN MD RB VB VBN TO VB JJ NNS . RB , DT NN VBZ TO VB JJ NNS VBG NNS VBN IN JJ NNS . DT NNS MD RB VB VBN IN NN NN NNS TO VB JJ NN NNS IN DT JJS NN NNS ."
603,210,mainstream,"NNP NNP NNP NNP NNP NNP NNP VBD DT JJ NN IN NNS MD VB VBN RP IN PRP VBD DT NN IN DT NN IN NN MD VB IN DT NN '' IN NN . '' DT NN VBZ RB JJR IN WP VBZ VBN IN JJ NN NNS , WP VBP DT NN IN CD NNS IN DT NN TO VB JJ IN DT JJ NN . NNP NNP NNP RBR IN NNP VBD NN VBG NNS IN NNP , DT NN NN VBG IN DT NN NN . DT NNP VBZ VBN DT NN $ CD CD IN JJ NN . `` PRP VBP IN IN DT NN , PRP MD VB DT NN IN DT NN , RB IN NN , '' PRP VBD . NNS , IN DT NNS , VBP TO VB DT NN IN JJ NNS IN NNS VBP IN PRP MD VB VBN . NNP NNP NNP , DT VBN JJ NN , VBD NN IN IN DT NN DT JJ NNS MD VB RB HYPH VBN . `` IN PRP VBP IN DT JJ NN , PRP DT VBP IN PRP VBP JJ TO VB RP DT IN DT NNS WDT VBP JJ RB CC VBP DT NN IN NN CC VBP RB JJ , '' PRP VBD DT JJR NN NN . RB IN NNS IN CC DT NNP CC NNP VBP VBN TO VB RB RB IN JJ , PRP VBP RB VBN IN DT NN MD RB VB JJ TO VB IN NNS POS NNS IN CD . `` PRP RB VBP PRP MD VB JJ TO VB DT NN IN JJ NN IN DT NN IN DT NN IN DT , '' NNP NNP , DT NNP JJ JJ NN , VBD NNS NNP . `` DT MD VB JJ . '' NNP NNP NNP VBD PRP$ NN NNS VBD IN NNP PRP . `` PRP VBP RB VBN IN DT NN , CC PRP$ PRP$ NN IN PRP MD VB JJ , IN NN , TO VB DT NN TO VB DT NN WDT VBZ VBG NN , '' PRP VBD . IN DT NN IN JJ NN NN NNP VBN NNP , NNP NN NN NNP NNP VBD NN VBZ IN DT JJ JJ NN . RB , PRP VBD , DT NN '' MD TO VB JJ IN NN '' IN NN DT NN VBZ RB IN DT NN . IN NNP , NNP NNP , DT NNP NN , VBD NNP IN VBG IN DT CD NNS IN DT JJ NNS NN RB VBZ `` NNS , '' CC PRP VBD TO VB IN NNP NNP NNP POS VBN NN . VBN DT NN IN DT NN NN , PRP VBD , `` PRP VBP IN DT NN MD VB VBN . DT VBZ IN DT NNS . '' NNP VBZ IN DT NN IN DT JJ HYPH NNP NN , IN NNP VBG NNP NNP NNP NNP IN VBG TO VB DT NN CC VB PRP$ NNS VBN RB IN DT NNP JJ NNS VBP VBN NNS IN NNP POS NN IN NN NN IN `` RB VBN . '' DT NN VBD DT NN IN NNP . NNP VBZ VBN RB VBN IN PRP$ NN POS JJ NN NNS IN VBG NN IN DT NN NN MD VB JJ IN NNS . DT NN IN DT NNP NNP NNP IN NNP CC NNP NNPS VBD DT NN MD RB VB JJ IN `` DT NN IN DT NN CC DT NN , '' RB IN `` DT VBZ DT JJS PRP VBP RB VBN IN DT NN IN DT NN IN DT NN . '' RB , DT NNP NNPS NNP VBZ JJ TO VB NNS `` IN DT JJS JJ NNS , '' DT NNP NN NN POS NN JJ NN , NNP NNP , VBD NN NNS IN NNP CD . JJ NNS MD RB VB IN NNP CC NNP , NNP VBD . NN CD NNS VBP IN DT NN VBZ JJ CC VBZ DT NN IN DT JJ NN IN NNS . JJ NNS IN NNS MD VB DT NN IN JJR NNS TO VB IN PRP RB VBZ , WP DT JJ NN VBZ , CC WDT JJR HYPH NN NNS PRP VBZ . JJ NN NNS MD RB VB JJ IN JJ HYPH NN JJ NNS IN `` JJ NNS IN RB , '' NNP VBD . NNP NNP NNP VBD IN DT NNS IN DT NNP VBD VBN TO VB NNP IN NN `` IN PRP -LRB- DT NN -RRB- VBP DT NN IN DT NN . '' RB , IN JJ NNS IN NN IN DT NN , NNP POS VBZ RB DT JJS RB . IN NNP , DT NNP CD NN VBD IN DT NNP IN DT JJ NN VBD DT NN IN DT JJ NN IN DT NN NNP . DT NNP NN VBD NNS NNP IN DT NN VBZ TO VB NN CD NN IN `` JJ NN . ''"
604,499,mainstream,"VB CD JJR NN IN DT NN IN NNS WDT NNS VBP RB VB : JJ NN . NNS VBD IN RB CD NNS WP VBD NNS IN NN NN -LRB- NN NN -RRB- CC DT JJ NN -LRB- NN -RRB- , CC VBD DT JJ HYPH NN NN IN VBG JJ NN -LRB- NN -RRB- CC JJ JJ HYPH NN NNS . DT NN NNS VBD VBN NNS IN DT NNS IN DT NN NN CC NN NNS MD VB IN DT NN IN NN , DT VBG NN WDT VBZ DT NNS IN NN NNS VBN NNS . JJ NN , VBN NN , VBZ DT NN IN JJ JJ JJ NNS : RBS RB , NN . JJ NNS IN DT NN VBP VBN JJ . IN JJS VBP VBN DT NN IN NN CC NN , CD NNS VBD VB DT JJ NN IN NN , RB DT NN VBZ VBN JJ . -LRB- CD JJ NN NNS -RRB- DT JJS NN VBZ DT JJS IN NN CC VBD NNS IN CD NNS IN PRP$ NNS , VBD DT NNS IN NNP NNP NNP NNP , DT NN WDT VBZ NN NN -LRB- CC VBZ RB VB DT NNS CC NNS -RRB- . DT NNS VBP VBN NN -LRB- NNP CD -RRB- IN DT NN NNP NNP . DT NNS VBD IN DT JJ NN IN VBG NN VBN IN DT JJR NNS VBZ IN DT NN , IN DT NN , MD VB DT NN POS NN IN NNS WP RB VBP NN CC JJ JJ JJ NNS . PRP MD VB IN IN NNS , NNS VBP RBR RB IN DT `` JJ '' NN IN DT NN , WRB DT JJ NNS VBP VBN , IN DT NN IN JJ NNS , DT NNS VBD . DT JJ NN IN DT NN , NNP NNP NNP HYPH NNP , VBD IN DT JJ NN MD RB RB VB RP DT NN IN DT NN NN CC NN IN DT NN NN IN VBN NNS VBD VBN . RB , DT JJR NN MD VB VBN TO VB DT NNS , PRP VBD . RB , DT NNS VBD IN DT NN VBZ RB JJ . IN NN , JJ NNS VBP DT NN IN DT JJS NN IN NN , CC PRP VBP DT NN NN IN DT NN WRB PRP MD VB VBN IN NN . DT NN VBZ JJ IN WRB NN VBZ PRP IN NNS RB IN DT NN IN JJ NNS . VB NNP NNP NNP IN JJ NNS IN NN CC NN IN DT JJ NN . NNP VBZ DT NN IN `` NNP IN NNP '' CC `` NNP NNP . '' PRP$ NN , NNP NNP , VBZ RB IN NNP NNP ."
605,950,mainstream,"IN DT JJ NN VBG PRP$ NN IN NN CC NN RB , DT NNP NNP CC NNP NNP CC DT NNP NNPS IN NNP VBP RB VBG JJ NN TO VB NN IN JJ NNS CC NNS MD VB VBN RB RB IN JJ . IN NN EX VBZ DT VBN JJ NN TO VB DT NN , DT NN , DT NN . DT JJS NN VBZ VBN VBN HYPH CC HYPH JJ JJ NN NNS : JJ NN CC NN NN . CC DT JJ NN IN DT JJ NN VBD JJ NNS DT NN RB TO VB IN NN . JJ NNS VBP VBG VBN RP CC VBN , JJ NNS VBP VBG VBN IN NN CC JJ NNS . PRP VBD IN NNP , NNP , WRB CD IN DT NNS VBZ VBG VBN IN DT IN DT JJS JJ NNS . IN DT NNP IN NNP NNP NNP , CD IN DT JJ NNS PRP VBP VBN IN JJ NNS . VBN IN DT NN , VBN DT NN , DT CD HYPH NN HYPH JJ NN HYPH JJ TO VB VBN VBN IN DT JJ NN , CC JJ TO VB RB . DT NN VBD CD IN DT JJ IN DT NN VBN IN NNS IN DT . DT IN DT JJS NNS IN DT NNP NNP NN NN VBD VBN RB . VBN IN NNP , NNP , JJR IN CD NNS CC NN VBD DT NN , VBG CD HYPH NN HYPH JJ JJ NNP NNP . PRP VBD VBN RB IN DT NN . PRP VBD TO VB IN PRP IN JJ NN . NNP NNP : WRB PRP VBD IN NNP , JJR NNS VBD RB IN NN NNS . PRP VBD PRP , VBD PRP IN DT NN . PRP VBD VBG PRP IN NNS WDT VBD VBN RB IN DT NN , CC RB IN DT NN WDT VBD VBN RP IN DT NN HYPH NN NN . NNP NNP : PRP VBD PRP IN DT NN NN NN . NNP NNP NNP VBZ DT JJ NN IN DT NN NN , VBN TO VB IN NNS IN RB JJ , JJ NNS . VBN IN NN IN DT CD NN NN , DT NN VBZ VBN IN DT NN IN DT JJ NN , IN PRP$ JJ NN NN , NN NN CC RB VBN NN : RB CD NNS , NNS , JJ NN CC JJ NN NNS . NNP NNP : WRB JJ NNS MD PRP VB IN CD NN . NNP NNP NNP : PRP MD RB VB RP IN RB CD NNS IN DT NN NN , RB JJ IN WRB JJ PRP VBP CC WRB JJ NN VBZ VBN . NNP NNP : WRB JJ NNS IN DT VBP RB IN DT NN . NNP NNP NNP : PRP VBP CD JJ NN NNS IN DT NNS . NNP NNP : VBN DT NN IN DT NN , DT VBZ RB VB RB RB . CC WRB PRP VBP DT NNS VBG VBN TO VB NNS IN DT NN , DT VBZ PRP VB IN DT VBZ RB JJ . NNP NNP NNP : IN PRP VBD , DT JJ NN WDT PRP VBD VBD CC IN PRP VBD DT NN WDT MD VB VB DT NN IN DT NN , RB , PRP VBP , RB DT MD VB NN DT JJ RBR JJ IN WP PRP VBP RB . NNS IN DT NNP IN NNP NNP NNP VBD DT JJS NN NN IN DT NNP : IN DT NN IN DT NN , CD CD NNS IN NN SYM CD , CD CD NNS : RB DT NN HYPH CD NNS . NNS VBP DT NNS DT NN VBZ VBG MD VB DT JJS IN VBG , CC DT NN IN DT NN VBZ JJ NNS RB IN DT NN VBG TO VB DT NN TO VB DT NN NN . JJ NN , DT NNP NNPS IN NNP VBD DT NNP NNP NNP TO VB DT JJ JJ NN IN DT NNP IN DT JJ NN , NN , WDT VBZ VBN RB TO VB NNS WP VBP RB VBN DT NN . PRP VBZ VBG VBN IN DT NN . NNP NNP NNP : PRP VBD RB VBN IN NNP , RB . VBD RB VB RB RB IN NNP . RB , EX VBP VBN DT NN NNS IN , RB RB IN DT NNS IN DT NN WDT VBP IN PRP VBD RB RB IN NNS IN NNP CC NNP , WDT VBP RB NNS . NNP NNP : WRB VBZ DT NN VB . NNP NNP NNP : PRP VBZ NN IN DT NN CC RB WRB DT NN MD RB VB TO VB PRP , DT NN VBZ PRP IN DT NN CC RB VBZ JJ NN , IN PRP VBZ NN IN DT NN . NNP NNP : DT JJ NN VBZ RB CC VBG IN DT NN IN DT NN . NNP NNP NNP : PRP MD VB DT VBZ DT JJS JJ NN WDT PRP VBP RB VBN VBN IN , IN NN IN DT NN IN NN . NNP NNP : RB , WRB RB MD PRP VB TO VB DT NN RP CC VBG . NNP NNP NNP : DT MD VB IN JJ NNS IN , IN NNS . DT NN IN DT JJ , NN , NNP NNPS IN NNP , VBZ VBG RP NN TO VB JJ JJ NNS IN DT NNP , NNP , CC NNP . DT NNP NNP RB VBZ VBG DT NN . IN DT VBN NNS , NNS IN NNS IN JJ NNS VBP JJ RB . NNS IN DT NNP CC NNP VBP VBG IN DT JJ JJ NN NN CC JJ NNS MD VB DT NN . IN NNP NNP , NNP NNP VBZ VBG DT NN IN NNS TO VB IN PRP MD RB VB NN NNS TO VB DT NN . NNP NNP IN NNP NNP VBZ VBG DT NN TO VB IN PRP$ JJ NN IN VBG NNS VBG IN JJ NNS TO VB IN NNS IN DT NN TO VB IN DT NN MD VB JJ IN VBG DT JJ NN CC VB DT NN . NNP NNP : PRP MD VB IN PRP DT NN , IN PRP RB VBP IN , CC PRP VBP DT JJ JJ NN VBZ IN . EX VBZ DT JJ NN IN NN , IN VBG IN DT NN IN DT NN , RB IN PRP VBG . JJ VBN NNP NNP VBZ JJ NN NN IN NNP CC NNP IN NNP NNPS IN NNP NNP . NNS VBP VBG IN DT NN TO VB DT NN TO VB NNS IN RB VBG DT NN . NNP VBZ VBG NN NN , NN NN NN WDT VBZ RB TO VB DT JJ NN . NNP NNP : WRB JJ VBP PRP IN DT VBZ DT NN . NNP NNP : PRP VBP RB JJ IN DT NN WDT PRP VBP VBN RB IN NNP . CC PRP VBP RB RB JJ IN PRP$ NN MD VB JJ WRB PRP VBP PRP IN DT NN . NNP VBZ RB VBN VBG PRP$ NN IN NNS CC VBZ TO VB JJ NNS JJ NN . DT NN POS NN TO VB DT NN VBD VBN IN DT : DT JJ NN IN DT JJ NN . JJ NNS VBD PRP RB RB NNS IN DT NN VBD VBN . NNP NNP : DT PRP VBP VBZ DT JJ NN . RB PRP VBZ RB DT NN IN NNP , CC NNP , CC NNP , CC NNPS WDT VBP RP DT NN IN DT NN . PRP VBP DT NN NN TO VB DT NN IN DT NN . RB PRP VBD IN DT JJ NN . CC IN CD NNS , PRP VBD DT RB VBN NN IN NN . CC RB , IN DT , DT NNS TO VB VBD RB IN NN . NNP NNP : RB , IN PRP VBP VBG IN JJ NNS . PRP VBP NNS IN NNS . VBG DT JJ NN , NNP NNS VBP JJ TO VB RP IN DT NN IN DT JJ NN , DT NNS , WDT VBP IN JJ NNS . PRP RB VBP DT NN IN NN NN IN DT NN . DT JJ NN IN NN VBZ VBN IN NN . IN VBG RB DT NN , EX VBP NNS , IN RB NNS IN NNS IN DT JJ NN . VBN CC VBN PRP VBZ IN DT . DT NN VBZ VBN IN DT NN . NNP NNP : RB PRP VBZ VBN IN DT NN CC DT NN . CC PRP$ JJ NN VBZ JJ TO VB CC VB WP PRP VBP DT JJ NN IN DT NN IN DT NN . NNP NNP : PRP VBP RB VB IN PRP VBP TO VB WRB DT NN VBZ . PRP RB VBP TO VB WRB PRP VBP RB VB . CC WP PRP VBP VBN TO VB VBZ VB CC VB PRP$ NN TO VB VB DT JJ CC JJ NN . JJ NN NN NN , NNP NNP , VBZ NN IN NNP , DT NNP NN NN NN RB VBG IN DT NN . PRP VBD NNP NNP RB IN DT NNP VBD JJ NN . VBG RP IN DT NNP , NNP VBD JJ NNS JJ NN IN NNP , WRB DT NNP JJ NN VBD NN . CD HYPH CD JJ NNS MD VB NNS IN CD NNS CC VB VBN IN DT NN TO VB IN DT NN VBZ JJ . NNP VBD NN IN DT NN RB RB IN NNP VBD DT NN JJ NN RB . NNP NNP : RB WRB RB VBD PRP VB PRP TO VB IN VBG DT JJ NN IN RB VBG DT NN JJ IN JJ NN . NNP NNP : CD NNS . PRP VBD VBN IN DT NN IN CD NNS . NNP NNP NNP VBD PRP DT , PRP VBP DT NN NN NN . CC PRP VBZ RB JJR IN PRP VBP NN POS , VBN RB . NNP POS NN VBZ DT NN IN NN . PRP$ NNS VBP DT JJ NN TO VB NNS WP TO VB , IN DT NN VB DT NN POS JJ NN TO VB DT JJ NN . NNP NNP : IN PRP VBP IN PRP MD RB VB DT NN HYPH JJ NN IN DT NN DT NNS TO VB JJ NN VBP RB JJ . NNP NNP : WRB VBD PRP$ RB JJ NN VB TO VB DT JJ NN TO VB IN JJ NNS . NNP NNP : DT IN DT VBZ DT NN IN DT NN PRP VBP VBG . PRP VBZ PRP TO VB RB RB , WRB PRP VBP DT NN NN IN DT NN PRP VBP IN . NNP NNP : RB PRP , PRP VBP RB VBN HYPH NN IN NN VBG DT NN . NNP NNP : UH . PRP VBP RB . NNP NNP : PRP VBP RB RB . DT NNP NNPS IN NNP VBZ VBG IN NNP TO VB DT NN IN DT NN NN . PRP VBP TO VB DT JJ NN IN JJ NNS IN DT JJ NNS . NNP NNP : DT JJ NN VBZ NN IN VBG CC VBG . RB IN PRP VBP IN DT VBZ , WRB MD NNS VB JJ TO VB VBG NNS . NNP NNP : UH , IN PRP VBP JJ TO VB EX VBZ DT JJ NN , PRP VBP RB VB TO VB JJ TO VB JJ IN PRP VBZ JJ IN NN WP VBZ PRP . CC RB PRP VBP RB RB VBN DT NN TO VB RP NN IN DT NNS IN NNS . CC RB WP PRP RB VBP TO VB IN VBZ VBG DT JJ NNS WDT VBZ IN DT NN , IN NN , VBZ VB DT NN , IN PRP VBZ JJ CC JJ . NNP NNP : DT VBZ DT JJS NN : NNP NNP : DT VBZ , DT VBZ DT JJS NN IN DT NN . NNP NNP IN NNP VBD PRP NN VBZ VBG NN NN , CC PRP VBZ DT NN IN NNS POS NNS . NNP NNP : WP VBZ DT JJ NN IN DT NN VBG VBN IN DT NN . NNP NNP : PRP VBP VBG TO VB PRP$ NN VBN IN WP PRP VBP DT JJ , NN CD NN IN DT NN IN DT NN , WDT MD VB RB NNS , IN RB NNS , IN NNS VBG VBN . CC TO VB PRP VBN RP IN DT NN VBZ JJ TO VB RBR IN DT . NNP NNP : RB DT JJS NN NN VBZ JJR IN DT NN . DT NN TO VB RP DT NN . NNP NNP : RB , , PRP VBP TO VB , PRP VBP VBG RB RB RB IN PRP RB MD . IN DT NN IN NNS IN DT NN VBG RB CC NNS VBG RB DT NN RB VBZ RB VB RB RB . IN RB JJ JJ NN , NNS IN DT NNP , NNP CC NNP VBP VBN JJ CD JJ NNS DT JJ JJ NN , NN , IN WP VBZ VBN JJ NN . DT VBZ DT NN VBG VBN IN JJ NN IN DT NNP IN NNP NNP NNP . NNP NNP NNP : PRP MD VB JJ IN , PRP VBP , PRP VBP RB VBG , NNS IN NNS WDT MD VB NN NNS . NNP NNP : RB PRP VBP PRP VBP RB VB WP VBZ VBG DT NN CC WP VBZ VBG DT NN . CC IN WP PRP VBP VBN IN DT NNS WP VBP IN DT NN , WP VBP PRP VBN . NNP NNP NNP : RB PRP VBP VBN NNS VB . NNP NNP NNP : CC PRP , PRP VBZ JJ TO VB IN PRP MD VB RB VBN JJR IN PRP$ JJ , CC IN VBD IN IN DT NN . CC DT VBZ DT NN IN PRP RB VBP TO VB DT NN IN DT NN . NN IN DT NNP , NNP NNP NNP , VBD NNP DT NN PRP MD VB IN DT NN IN NNS IN NN VBZ JJ . CC IN DT VBN NN CC NN VBP JJ TO VB DT NN , NNS CC NNS MD VB VBG IN DT VBN NN . NNP NNP : VBZ DT IN DT NN TO VB IN DT NN . NNP NNP : WRB MD PRP VB PRP . NNP NNP : EX VBZ DT NN IN NN RB RB RB RB . CC EX VBZ DT NN . CC PRP VBZ RB IN DT NNS . PRP VBZ IN DT IN PRP CC DT NN . PRP VBZ RB PRP CC PRP . PRP VBZ PRP IN PRP . CC DT JJ NN PRP VBP TO VB DT NN VBZ RB VBG RB . DT NN NN , DT NN NN MD RB VB TO VB DT RB . VBN IN NNP NNP CC NNP NNP . VBN IN NNP NNP . NN NN , NNP NNP ."
606,139,mainstream,"NFP NNP NNS VBP VBG NNP TO VB RB IN VBG PRP$ JJ NN NN IN DT CD HYPH NN NN NFP DT JJ NN VBN IN NN VBZ VBN VBG IN RB CD NNS . DT NN TO VB IN JJ NN VBZ IN DT NNS VBP VBN VBN JJ IN DT JJ NN . NFP NNP VBZ VBG TO VB PRP$ NN JJ DT NN IN NN NN NN . NFP NN NN MD RB VB VBN , CC NN NN MD VB IN JJR NN IN NN NNS CC JJ JJ HYPH NN NNS IN NNS . DT NNP NN MD VB WP VBZ PRP , NNP VBD . DT VBG NN NN NN VBZ RB VBG IN JJ NN , IN DT NN IN DT NNS RB IN IN DT NN VBZ . DT $ CD CD NN NNP VBD NNP IN NNP NNS VBP VBN DT NN POS NN IN DT CD HYPH NN JJ JJ NN TO RB VB PRP$ JJ NN . DT NN RB VBD DT NN IN DT NN IN DT JJ HYPH NN NN , VBN TO VB IN DT NN VBZ . NNP VBZ VBG TO VB PRP$ NN JJ DT NN IN JJ NN NN . NN NNS VBD NNP IN NNS MD VB RB VBN , CC VBD DT NNP NN MD VB WP MD VB DT NN RB . NNS VBD IN DT NN CC JJ NN , IN NNP NNS VBG RP JJR IN CD NN NNP NN . DT NN POS NN VBZ VBN RB CD NN IN DT NN IN CD , IN NNP VBZ VBN DT NN IN DT NN NN . IN NN IN RB VBG DT CD HYPH NN JJ NN , NNP VBZ VBG TO VB DT JJ HYPH NN NN IN DT NN IN JJ NN . DT NN VBZ VBN TO VB NN NNS WDT MD VB IN DT NN RB VBZ . PRP VBD RB VBN TO VB IN DT NN . VB JJR : EX VBP JJR IN CD JJ NN NNS IN DT NNS . RB VBP DT JJ NNS TO VB , VBG DT CD NNS VBN TO VB JJ NNS DT NN . NN VBZ VBN IN DT NN IN JJ NNS IN PRP$ NN NN EX VBP RB JJ NNS IN NNP POS NN NN CC DT NN PRP . DT NNP NNP NNPS IN NNP VBZ VBN VBG DT JJ JJ NN IN DT NN , VBN NNP HYPH CD , IN DT JJ CD NNS . DT NNP CC NNP VBP RB TO VB CC VB NNS IN DT NN , WDT VBZ VBN IN VBG IN DT NN VBZ JJ IN NNS . DT NN VBZ VBN PRP VBZ NN NNS TO VB JJ DT NN . NNP VBD PRP$ NN VBG DT JJ NN VBN NN NN -LRB- NN -RRB- . NNP NNS VBP JJ NN , VBG RB DT JJ NN IN DT NN TO VB DT NN NN . CC DT NN VBZ RB JJ CC VBZ RB TO VB DT NN HYPH VBN NNS CC NNS . NNP VBZ RB JJ IN VBG DT NN NN NN . DT NNP NNP JJ NN NNP CC JJ NN NNP VBP VBN RP IN DT VBG NN . CC DT JJ NN NN NNP VBZ RB VBN DT NN IN DT JJ NNP NN TO VB DT NN NN . IN DT NNP NNS NN , NNP NNS VBD DT NN TO VB JJ IN NN NN NN . NN NN VBZ DT JJR NN IN NN IN JJ JJ NN . IN JJ , NN NN VBZ NNS TO VB DT JJ NNS CC NNS IN DT NN . JJ NN VBZ DT NN IN VBN , VBN NNS . NNP NNP NNP NNP NNP NNP VBD NNP IN DT NN IN NNS IN DT JJ NN NN , DT JJ NN , IN IN NN NN IN DT NN MD VB DT NN DT NN . RB IN NNP IN NN NN DT NN , NN NN MD VB VBN , NNP VBD . NN NNP NNP VBD DT NNP NN MD RB VB WP VBZ DT NN IN NN VBZ VBN IN CD CC CD . NNP VBZ RB VBG RP NN NNS . NNP VBD DT NN VBZ VBG PRP$ NN TO RB VB NNS IN NNS IN NNS IN NN . PRP VBZ VBN RB $ CD CD IN NN IN DT NNP NN TO VB DT NNS . IN NNP CD , DT NN VBD DT CD HYPH NN NN NN IN DT JJ NN TO VB IN IN CD CD NNS IN NN RB . VB JJR : RB VBZ WRB CD JJ NNS VBP VBG TO VB DT NN NN CC NN WDT MD VB DT NN"
607,847,mainstream,"DT NN VBZ VBN IN DT NNP NNPS DT NN IN JJ NN NNP NNS -LRB- CD -RRB- . DT NN IN NNP NNP NNPS -LRB- NNP -RRB- IN NNS IN DT NNP NNP VBZ RB VBN IN DT NN . RB , DT NN IN NNP IN DT NNP NNP VBD VBN RP IN CD IN CD IN DT NN IN VBG NN IN NN , NNS , NN CC NNS IN NNP -LRB- CD -RRB- . DT JJ NN VBZ NN CC NN IN NN NN IN NNP . EX VBZ DT JJ NN IN JJ NNS VBG IN DT NN IN NNS VBG NN HYPH VBG NN POS , WDT VBP DT JJ NN IN JJ NNS , VBG NN NNS IN PDT DT CD NNS IN NNP -LRB- CD -RRB- CC CD CD NNS IN DT NNP NNP -LRB- CD -RRB- . DT JJ NN RB VBD DT NN IN NN VBN IN DT NNS , NNS CC NN NN IN JJ NNS IN JJ NNS -LRB- CD -RRB- . RB , DT VBG NN VBZ DT NN IN NNS WDT VBP VBN VBN IN JJ CC VBN NN NNS , WDT VBP DT NNS -LRB- CD -RRB- . IN NN IN DT NN RP IN DT NN NNP CC NNP NN IN VBN NNP NN IN NN JJ NNS , DT NNP NNP IN NNP NNP MD VB DT NN IN JJ CC JJ NN IN NN -LRB- CD -RRB- . IN NN , DT NN IN NN IN NN IN DT NN TO VB DT NNS CC VB DT NNS IN DT NN VBZ DT NN IN DT NN IN NN IN DT NN ."
608,1022,conspiracy,"JJ NN NN NNS VBG VBN IN NN IN DT NNP IN NN HYPH VBN NN NN NN NNS IN NN DT NNP NNP NNP IN NNP NNP VBZ VBN DT NN IN JJ NN NN NNS , IN DT NN HYPH VBN NN NN VBZ IN NN . NN NNS VBP VBN NNS IN DT NN TO VB NN NNS CC RB VB IN NN NNS RB . RB CD NNS VBP TO VB VBN IN NN IN NNP IN NNP POS NN NN VBZ IN JJ NN NN . EX VBP RB JJ NN NNS CC NN TO VB DT VBG NN IN DT JJ CC VBG NN . RB , VBN NN NN NNS WDT RB VBP TO VB IN DT NNS , VBP RP VBG NNS RB IN DT NNS . EX VBZ DT NN IN NN MD VB RB TO VB IN PRP WRB PRP VBP PRP . DT NN IN NN VBZ RB VB NN NN HYPH NN CC RB VB VBN IN JJ NNS VBG IN NN WDT VBZ RB RB JJ NN . DT NN IN NN NN VBZ RB VBN IN DT JJ NN IN NN NNS , WDT VBP VBN DT VBN , VBN NN , JJ IN VBG NNS . NNS IN NNS IN NNP VBP DT NN RB IN TO VB IN NN IN DT NN NN NN . NNS JJR MD VB VBN RB RB TO VB IN PRP MD VB IN PRP$ NN NN IN PRP$ JJ . DT NNS IN NN NN VBP VBG IN NN VBZ DT NN , VBG DT JJ , JJ NN . DT NN MD VB IN RB RB IN DT NN VBZ TO VB IN DT NN IN NN NNS CC NNS , WDT RB VBP VBN NN IN NNS CC VBN NNS . JJ NN MD RB VB VBN RB RB IN NNS VBP TO VB DT NN IN PRP$ JJ NNS CC VB JJ NN . DT JJ NN NN NN MD VB JJ NNS IN RB VBG DT NN IN NN HYPH VBN NNS , CC RB HYPH VBN NNS WDT VBP DT NNS CC VBP DT JJ NN IN DT JJ NN . DT NN WDT VBZ JJR NNS , IN JJR NNS IN NN NNS , JJ NNS , CC NNS VBZ DT NN WDT MD RBR VB NN CC VB NN NNS RB . NN NN NNS RB VBP IN VBG DT NN IN DT JJ NN , RB VBG DT NN IN JJ NN NN NNS . DT NN VBZ RBR JJ NNS VBG IN NNS , VBG IN DT NN WRB NN NNS VBP VBG CC NNS IN NNP MD VB VBN TO VB RB . CD NN TO VB IN DT NN POS VBG NN NN NN VBZ DT JJ , JJ HYPH VBN NN IN NN NN VBN IN NNS . JJ NN VBZ VBN IN DT NN NN VBN IN NN NNS CC JJ NNS WDT RB VBP NN NN CC DT NN IN DT JJ NN IN NNS IN JJ NNS . DT JJ NN IN NN VBZ VBN NN , VBG NN NN IN DT NNS IN JJ HYPH NN NNS WP VBP WP PRP VBP VBN IN DT NN NNS CC JJ NNS . IN DT NNS , DT NN IN NNS IN JJ NNS VBZ VBN IN DT NN . JJ RB VBN NNS VBP VBG NN NNS WDT RB VBD DT JJ NN IN JJ NNS . DT NN IN JJ NNS , NNS , CC NNS VBZ WRB DT NN VBZ NN , VBG DT NN WDT NNS VBP TO VB RP NN . NNS IN NN NNS -LRB- VBN IN PRP$ JJ NN -RRB- VBP VBN VBN IN NN IN JJ HYPH VBN , JJ HYPH NN NN . JJR JJ NNS , WDT VBP RB RB JJR NN IN NN CC NNS , VBP VBN VBN RP IN JJ NN NN CC PRP$ JJ NN . NN NN NNS MD VB TO VB DT NN , JJ CC VBG NNS RB , IN NNS VBP RB VB DT NN NNS VBG JJ NN ."
609,386,mainstream,"NFP JJ NNS VBP VBG NNS IN NNS IN NNS TO VB NNS IN NN HYPH CD NNS IN PRP$ NNS . NFP DT VBZ JJR NNS MD VB VBN VBG NNS JJ TO VB JJ NNS TO VB PRP$ NNS . NFP DT NNP , DT NNP , NNP , NNP , NNP , CC DT NNPS VBP RB VBN NNS IN NNP POS NN , VBN IN DT NNP IN NNP . NFP NNS VBP JJ TO VB IN NN NNS VBP RB TO VB RB JJ NNS IN JJ IN DT VBN NN VBZ VBN TO VB CC JJ CC JJ . NFP DT NN VBZ VBN IN DT NN IN DT NNP CC NNP NNP NNP , DT NNP NNP , DT NNP IN NNP NNP NNPS , CC NNP , DT NNP NNP . JJ NNS VBP VBG JJ NN NNS IN NN HYPH CD NNS , WDT MD VB JJ NNS MD VB VBN TO VB IN DT NN VBZ VBN JJ CC JJ IN NNS . DT NN IN NN NNS VBP VBN JJ NNS IN JJ NNS , DT RBS IN HYPH NN IN WDT VBZ VBG VBN IN DT NNP IN NNP , WDT VBZ VBN IN DT JJ NN NNP . JJ NNS VBP VBN TO VB NNS TO VB NN IN PRP$ JJ NNS . NFP IN NNP CD , DT NNP VBD $ CD CD IN DT NNP NN NN IN NN IN CD CD NNS . NFP IN NNP CD , DT NNP VBD CD CD NNS IN DT JJ NN IN VBG DT NN IN IN IN $ CD CD IN NNP . NFP IN NNP CD , NNP , NNP , NNP , CC DT NNPS : WDT RB VBP DT NNP NNP POS NNP NNPS NNP : VBD DT NN IN NNP IN CD CD NNS IN DT NN IN CD . NFP CC IN NNP CD , DT NNP NNP VBD PRP$ NNP NNP NNP TO VB TO VB IN NN IN DT NN VBZ NN IN DT NN . $ CD CD VBZ VBN VBN . DT JJ NN VBN IN NNP POS NN NN IN DT NNP IN NNP NNP IN NNP IN NNP VBG DT NN IN NNP CD . NNP IN NNP NNP IN NNP , NNP NNP NN NNS VBP IN CD CD NNS VBP VBN TO VB DT JJ NN NN , NNP NNP NNP , DT NN IN DT NN HYPH NN NN NNP , VBD NNP NNP . NNP VBZ VBG IN NN NNS , IN NNP , TO VB DT NN . NNS NNS CC NNS IN DT NNP CC DT NNP NNP NNP VBP VBN IN JJ JJ NN IN DT NNS MD VB JJR NNS RB . `` PRP MD RB RB VB IN NN TO VB NN , '' NNP NNP , IN NNP POS NNP NNP IN NNP , VBD DT NNP NNP . `` IN NN , NN , PRP VBD CD NNS IN DT NNS TO VB NNS IN JJR HYPH NN NNS . IN DT VBZ IN NNP HYPH CD , DT MD VB RB JJ . '' DT NNP NN IN DT NN IN NNP NNP NNP , NNP . NNP NNP NNP NNP NNP , DT JJ NN IN DT NNP NNP NNP , RB VBD DT NNP : `` PRP VBP RB VB TO VB IN DT NN WRB EX VBP NNS IN DT NN CC PRP VBP RB JJ IN DT NNS . '' `` PRP VBP TO VB DT NN IN DT IN PRP MD VB TO VB DT NN IN DT NN WDT VBZ DT RBS JJ . '' JJ NNS VBP VBN VBN RP TO VB IN JJR NNS MD VB NN IN DT NN . JJ NNP NNP NNP VBG DT NN IN DT NN NN IN DT NNP NNP NN IN NNP HYPH NNP NNP , NNP , IN NNP . NNP NNP IN NNP CD , NNP VBD PRP VBD VBN NNS JJ $ CD CD IN DT NNP IN NNP NNP NNPS CC NNP , DT NNP NNP , TO VB CD CD NNS . DT NNP VBZ RB JJ TO VB JJR NNS VBP RB VBN RB . `` WRB PRP VBZ IN VBG DT JJ NN , EX VBZ DT NN IN `` PRP RB , '' '' NNP NNP NNP NNP , DT NN IN DT NNP NNP , VBD IN NNP . NNP RB VBD DT NN IN DT NNP NNP IN NNP , WDT MD VB CD CD NNS VBN IN JJ HYPH CC JJ HYPH NN NNS . NNP CC NNP RB VBD PRP MD RB VB DT NN IN NNS IN PRP$ NN IN JJR NNS . NNP VBP RB VBN PRP MD VB DT NN IN PRP$ NN . NNP , WDT VBZ RB VBG TO VB DT NN , VBZ VBN TO VB DT JJ NN IN JJ NNS RB . NNP NNP NNP JJ NN VBD DT NN NN MD VB `` VBN DT JJ JJ NN . '' DT NN IN WP VBZ DT NN , WRB PRP VBP PRP , CC WRB JJ PRP VBP VBZ VBN DT JJ NN . `` EX VBZ DT NN IN DT NN VBZ DT NN HYPH IN HYPH IN HYPH NN HYPH JJ NN , '' NNP NNP , DT NN IN NNP NNP NNP POS NNP IN NNP NNP , VBD NNP NNP JJ NN . `` CC DT NN VBZ IN PRP MD VB DT JJS JJ NN DT NN VBZ RB VBN . '' CC RB IN DT NNP VBZ VBN TO VB JJ NNS IN DT NNP , EX VBZ RB VBN TO VB DT NN IN DT NN . NNP NNP NNP POS NN IN NNP VBD DT NN MD VB VBN TO VB WP VBZ NN IN DT JJ NN NNS . PRP RB VBD DT NN MD VB JJ IN NNPS IN JJ NNS WP MD VB PRP . IN NNP , DT JJ NN NNP NNP NNP VBD IN DT NNP NN VBD VBN DT JJ NN TO VB JJ NNS IN DT NN HYPH CD NN IN DT JJ NN NNP . DT NNP VBD DT NN ."
610,15,conspiracy,"JJ NNP NN VBZ CD NNP NNPS IN NNP RB VBN RB DT NN IN WRB NNP NNP POS JJ NN NN VBZ VBG IN DT `` NNP NNP NNP '' JJ NNP NN VBZ CD NNP NNPS IN NNP RB VBN RP : NNP NNP VBZ RB JJ NNP NNP IN NNP NNP : DT NNP NNP CC DT NNP IN NNP NNP VB RB VB IN NNP NNP VBD IN NNP NNP IN DT JJ NN TO VB DT NNP IN DT NNP NNPS . NNP NNP NNP VBD VBG IN DT NN IN DT NNP NNP NNS . DT NN VBZ DT NN , NNS . VB PRP$ NN RB , CC RBR . PRP VBZ RB VBG RB CC RB JJ IN PRP IN DT NN VBP VBN . NNP VBZ `` JJ NNS '' VBG : NNP MD NNP NNP IN JJS $ CD CD DT NNP IN NNPS VBZ VBN PRP IN DT JJ NN NNP NN NN VBZ EX VBZ DT NN HYPH NN NN NN NNP NNP : NN `` MD VB DT JJ NN TO NN '' , VB `` JJ NN NN '' NN VBZ PRP . NNPS VBG VBN RP IN NNPS . VBD RB DT NNP NNS VBN IN NNP VBN TO VB NNS IN PRP MD RB VB VBG JJ NN IN DT . JJ NN NNS VBD PRP$ JJ NN IN DT JJ NN . WP VBD DT NN , IN RB TO VB PRP IN DT VBZ RB JJ NN IN PRP$ NN CC NNS IN NN . NNP NNP VBZ IN NNP NNP VBG DT NN NN CC VBG IN NNP VBZ WRB PRP VBZ VBG DT NN `` NNP RB VBZ DT NN IN PRP VBZ DT NN NN . NNP VBZ DT JJ NN , , WDT VBZ IN NN CC NNS TO VB NNP NNS IN NNS CC JJ JJ NNS . PRP$ JJ NN NN VBZ , DT NN POS NN CD NN NN . VBP NNP POS NNS IN PRP$ NN VBN NN , TO VB NN NN DT NNP NNS RB WP$ NN PRP$ JJ NN VBP TO VB PRP$ NNS IN VBG DT NN WDT VBZ NN NNS . NNP POS NNP NN VBD NNP NNP POS NNP . RB NN , NNP VBZ NNP IN PRP$ NN IN PRP$ NNP NN . NNPS , DT NN POS RBS JJ CC JJ NN IN JJ JJ NN VBZ RB DT NN IN VBG JJ NNS IN VBN NNS IN VBG NN NNS . CC NNP CC NNP VBP VBG NN NNS TO VB DT JJ JJ NN NN . NNP POS NN IN VBG PRP$ NN CC VBG CC VBG PRP$ NN MD VB PRP IN DT NN NNS . '' NNP : JJ NNP HYPH CD NNP NNP `` MD RB VB DT NNP POS IN NN NN WRB NNP VBZ JJ : CD JJ NNS IN $ CD SYM NNS NN NNS $ CD `` JJ NN '' CC DT NN IN NN JJ NNS VBP VBN IN DT NNP NNP NNP IN NNP IN NNP . DT NNP NNP IN NN . NN IN NNP VBZ TO VB NN VBG WRB PRP MD VB NNP POS NNS DT NN TO VB DT JJ NN VBD RB RB . PRP VBP VBG DT NNPS IN DT NN WDT VBZ VBN CC VBN DT JJ NN IN RB CD NNS . DT VBZ RB DT `` JJ NN '' WDT PRP VBP IN NNS , NNS , CC NNS . DT VBZ DT JJ , JJ , JJ NN IN DT NNP IN NN CC NN IN DT NNP . PRP VBD RB : IN DT NN VBN NNP NNP . `` NNP NNP NNP POS NNP NNPS VBN IN NNP TO VB NNS UH VB IN NN DT JJ NN NNS RB WRB DT NNS VBD IN PRP VBD DT NN WP VBD NN NNS IN DT NNS VBN RB . VB WRB NNP NNP , DT NNP POS NN IN NNP , VBD NNS VBD VBG -LRB- JJ NN -RRB- . VB WRB JJ IN DT NN NNS VBZ NNP NNP IN PRP$ JJ NN TO VB IN DT NN WDT PRP VBD IN DT JJ NN TO VB NNP NNP NNP . VB PRP WRB JJ NN NNS VBP RB VBG DT JJ NN IN DT NN CC NN . PRP VBP VBN JJ NN CC NN CC CC DT CD JJ , JJ , JJ CC JJ , VBZ VBG DT JJ NNS . NNP NNP NNP VBZ PRP DT NN RB IN DT NN :"
611,1215,mainstream,"NNP MD VB NN NNS RB RB IN NNP IN IN HYPH NN NNS RB IN JJ NNS VBP RB TO VB VBN . NN NNS VBP VBG NNS IN VBG NNS IN NN IN NN NNS , JJ IN JJ NNS , DT JJS NN NNP VBZ VBG RP NN IN DT NNP TO VB DT JJ NN . NNP VBZ CD NNS IN NN CD JJ NNS : JJR IN DT JJ NN . NNS MD VB NNS TO VB , IN NNS VBP JJ TO VB RB IN DT NN TO VB DT NN IN DT NN VBG DT NN , VBG CD CD NNS CC VBG RB CD . NN MD VB NNP VB JJ NN IN PRP$ NN NN IN DT NN CC VB PRP$ NN HYPH VBN NN . PRP MD RB VB DT NN IN NNP NNP POS `` NN HYPH NN '' NNS IN DT NN . `` NNP MD VB PDT DT NN , -LRB- IN PRP -RRB- VBZ TO VB RP IN DT NN WDT VBZ RB VBN IN DT NN , '' VBD NNP NNP , JJ NN IN DT NNP NNP , DT NN NN VBG NN NN . `` DT MD VB DT NN . '' NNP VBZ RB VBN CD CD NN -LRB- $ CD CD -RRB- IN NN CC NN IN NNP HYPH CD NNS CC NNS , CC VBZ TO VB JJR IN JJ DT IN NN , NN NNP NNP VBD DT NN IN DT JJ NN NN . DT NN VBZ VBN NN NNS TO VB NN CC VB JJ NN IN VBG IN JJ NNS , VBG NN CC NN . NNP VBZ RB VBG NNS IN JJ HYPH NN NN NNS TO VB DT RBS JJ NNS . `` PRP VBP TO VB JJ NN IN JJ NNS , '' VBD NNP NNP , DT NN NN CC NN VBG NNP POS RBS JJ NN . `` PRP VBP TO VB IN PRP$ JJ NN , RB IN NNS , TO VB DT NN IN JJR IN CD CD NNS . ''"
612,327,conspiracy,"DT NNP IN NNP MD VB JJ RB , CC PRP VBZ NN JJ IN `` VB RB VB DT NNP IN DT NNP '' -LRB- NNP CD -RRB- . CC WRB VBP PRP VB DT . MD PRP VB DT NN IN PRP CC VB PRP IN VBG PRP . VBZ PRP RB RB NN CC JJ TO VB RB , JJ IN NNP . RB , WRB MD NN VB PRP VBN DT JJ , JJ NN VBG IN PRP . VB RP NN PRP VBP TO VB IN DT NNP IN DT NNP NN : CC DT JJ JJ NN IN DT NNS IN NN VBG DT WP VBP NN RB RB . IN DT NNP VBZ DT RBS VBN NN IN DT NNP IN NNP , RB PRP$ NN MD VB TO VB DT JJ NN . RB IN NNS VBP WP MD VB DT NNP NN , PRP RB VBP IN DT NNP IN DT NNP VBZ RB RB . IN DT NN , DT VBG NN IN NNP IN DT NNP IN DT NNP VBZ CD IN DT RBS VBN NNS IN DT NNP : DT NNP IN DT NNP NNP DT NN VBZ VBG IN DT NNP NNP -LRB- NNP CD -RRB- CC DT NN WRB DT NNP -LRB- CC JJ NNP IN NNP CD -RRB- VBZ DT JJ NN . DT JJ NN IN NNP CD , RB VBN DT NNP NNP -LRB- NNP CD : CD , CD -RRB- , MD VB RP NN DT NN IN JJ NN . PRP MD VB TO VB DT NN IN DT NN WDT VBZ VBN IN NN . RB , IN VBG JJ TO VB CC VB NN , PRP VBP RB VBG TO VB IN NN CC VB RB . IN DT NNS IN DT NN , PRP VBZ JJ IN DT NN WDT PRP MD VB TO VB DT NN : DT NN MD VB DT WP VBP IN PRP MD VB VBN IN VBG DT NN CC VBN TO VB PRP IN PRP$ NN . PRP VBZ IN DT JJ NNP MD VB PRP$ NN . RB , EX MD VB NN WP `` VBD RB VBN DT NN . '' DT JJ NN VBZ IN PRP MD RB VB PRP$ NN IN `` UH , VBP PRP '' RB . PRP MD VB TO VB DT NNS TO VB DT NN IN IN JJS CD JJ NNS CC NNS IN NN . CD JJ NNS IN VBG DT NN DT JJ NN VBZ WP NNP VBZ DT JJ NN -LRB- NN CD -RRB- . DT NNP MD RB VB IN VBG PRP RP IN NNP IN NN VBG IN DT NNP NNP IN NNP -LRB- NNP CD -RRB- . NNP VBD IN DT NN MD VB RB JJ IN RB DT `` JJ NN '' MD VB VBN IN PRP IN PRP VBD JJ . RB , PRP VBZ RB JJ IN NNP VBZ IN DT CD NNPS CC CD TO VB DT NN IN DT NN IN DT JJ NN -LRB- NNP CD -RRB- . IN NNP POS NN HYPH NN , DT JJ NN IN DT NNS VBP VBG TO VB VBN IN DT NNP VBZ RB NNP . DT VBZ IN IN DT JJ NNS VBN IN DT NN IN DT NNP NNP . DT VBP VBG NN RP IN NN CC VBG DT NN -LRB- NN -RRB- IN DT NNP WDT VBZ -LRB- NNP CD SYM CD -RRB- . DT JJ NN VBZ NN IN DT NN IN JJ NNS WP VBP RB VB IN DT JJ NN . PRP VBZ IN DT NN RB IN DT NNP NNP MD VB NN IN DT WP VBP DT NN . DT VBZ RB IN PRP VBZ IN DT WP VBP TO VB DT NN , NN IN DT NN -LRB- NNP CD SYM NNP CD -RRB- . JJ NNPS MD VB VBN PRP$ NNPS CC VBN CC VBN DT NN IN DT NN , CC PRP RB VBP RB NN HYPH NN . PRP MD VB IN DT NN . IN NNP VBD , DT NN IN NNS MD VB JJ CC NNS MD VB DT JJ TO VB PRP$ JJ NN -LRB- NNP CD , CD -RRB- . TO VB DT JJ CC JJ NNS VBZ DT JJ NN IN DT JJ NN CC RB WRB DT NNP NNP VBZ IN PRP . JJS VBP CC VBP VBN VBN IN DT NNP NNP VBZ IN DT JJ NN . IN DT JJ NN VBZ RB VB TO VB DT NNP , DT VBZ DT JJ NN , PRP RB VBZ IN WP NNP VBD IN DT JJ -LRB- NNS -RRB- WDT MD VB IN PRP$ NN , VB IN PRP , CC VB JJ -LRB- NNP CD -RRB- . DT JJ NN IN DT NN IN NNP CC DT NN IN DT NNP NNP VBZ DT JJ NN . WRB NN VBZ PRP DT NN IN WRB DT NNP NNP VBZ WRB NNP VBZ VBN IN IN NN -LRB- PRP VBZ RB VBN VBN RP RB -RRB- IN DT NN IN CD `` NNS , '' DT NNP NNP , JJ NN NN VBZ RB NN HYPH JJ -LRB- VB NNP CD SYM NN CD SYM NNP SYM CD , CD -RRB- . IN PRP VBP DT JJ NN JJ , PRP VBZ RP DT NN IN VBG DT NN IN JJ JJ NNS . RB , RB , DT JJ NNP VBZ DT NNP NNP . DT NNP NNP VBZ DT NN IN JJ JJ NNS IN NN VBN IN JJ HYPH NN NNS -LRB- JJ IN NNP NNP -RRB- VBG IN DT JJ NN . DT MD VB DT NN IN DT NN IN NN -LRB- NNP CD : CD , CD -RRB- , NN , NN , NN -LRB- NNP CD SYM CD -RRB- , JJ , JJ -LRB- NN CD -RRB- , NN , NNS -LRB- NNP CD SYM CD -RRB- , NN NN -LRB- NNP CD SYM CD -RRB- CC NN -LRB- NNP CD , CD , CD -RRB- . RB , DT VBZ WRB DT NNP VBZ IN NN . PRP VBZ DT JJ NN IN DT NNP IN DT MD HYPH VB NNP CC `` NNP IN DT NN '' TO VB IN DT JJ NN IN RB JJ NNS : VBG DT JJ NN NN . RB DT NN MD VB VBN IN NN IN PRP$ NN TO VB CC DT NN -LRB- NN -RRB- CC NNS IN JJ NNS -LRB- NN -RRB- . -LRB- NNPS VBD DT JJ NN IN DT CD SYM CD NN IN DT NN IN DT JJ HYPH NN VBN JJ NN . -RRB- RB , DT JJ NN MD VB IN , VBN DT JJ NN IN NN CC JJ NN JJ IN DT NN IN DT NNP , PRP MD RB VB PRP$ JJ NN NNS VBN IN VBG DT NN . DT NN IN NN IN NN CC NN MD RB VB VBG IN DT NN DT NN VBZ VBN TO VB NN . IN PRP VBP RB VB PRP , NN MD VB VBG IN DT NN . NNS CC NN VBP RP DT NN IN JJ JJ NNS . CC EX VBP RB JJ , JJ CC VBN NNS WP MD RB VB DT NN CC VB RP DT NN `` IN DT NN . '' EX VBZ RB DT , JJ NN WDT MD VB NN IN RB PRP . IN DT JJ NNP , PRP VBP VBN IN DT NN IN JJ NN HYPH IN NNS IN NNS CC NNS VBP VBN IN NN IN DT NNP -LRB- NNP CD SYM CD -RRB- . IN JJ HYPH VBG -LRB- NNP CD SYM CD -RRB- , PRP VBP RB VB RB TO VB NNS , PRP RB VBP RP TO VB NN IN DT CD CC DT JJ VBN HYPH VBN NNS IN NNP -LRB- NNP CD : CD : CD -RRB- . PRP RB VBZ NNS MD VB NN CC VB JJ TO VB PRP -LRB- NNP CD -RRB- . DT JJ NNS MD VB JJ TO VB RP DT NN CC NN WRB NNS CC JJ NNS IN NNS IN NN CC NN VBP VBG -LRB- NNP CD -RRB- . PRP$ NN , NNS , CC NNS MD RB VB PRP IN DT NNS -LRB- NNP CD -RRB- . DT NN MD RB RB VB RB JJ IN VBG PRP TO VB DT NN . DT NN VBG PRP IN DT VBN NNS `` MD VB NN CC RB VB PRP '' IN DT CD NNS VBZ IN DT NN IN WP PRP VBD RB IN DT NNP NNP MD VB DT VBG DT NN TO VB VBN . CC IN PRP VBP PRP RP RB , PRP MD VB EX VBZ DT NN . PRP VBZ IN DT JJ JJ NN IN DT NN WDT PRP RB RB VBD IN RB : VBG DT NN VBZ RB VBN RB IN NN . IN DT NN , PRP VBZ VBN RB IN IN IN CD NNS IN NN TO VB PRP TO VB DT NN . IN DT NN IN DT CD NNS IN DT NNS POS NN NN , PRP RB MD VB PRP IN NN . WRB DT NN . PRP MD VB NNS CC PRP MD RB VB TO VB NNP NN NNS IN JJ VBN NNS . IN NN , RB , RB VBP DT CD NNS IN NNS WDT MD VB JJS NNS VB DT NN : DT CD NNS WRB JJS NNS MD VB DT NN . TO VB -LRB- IN IN -RRB- CD NNS IN NN VBG , VBZ RB PRP . NN VBG RB DT NN IN DT NNS VBG TO VB DT NN IN NNS MD RB VB TO VB RB WP PRP VBZ RB IN PRP MD VB JJ TO VB PRP VBG . RB , PRP MD VB RBR WRB PRP VBZ IN IN PRP VBP TO RB VB PRP -LRB- CC VB PRP$ NN -RRB- , PRP MD RB VB PRP . CC NNS RB VBP IN VBG TO VB WP PRP VBZ RB . DT JJ NN , RB , VBZ TO VB VBZ WP VBZ DT VBN NN IN DT NN VBG DT NN . MD PRP VB PRP RB , IN DT JJ NN IN DT NN IN DT NN CC NN CC RB IN NN RB JJ -LRB- JJ IN , VB , `` NNP HYPH NN , NNP NN '' IN DT NNP NNP NNPS CC NNS VBP -RRB- . DT JJ NN IN NN IN DT NN IN DT NN NN VBZ IN DT RB JJ NN IN JJ NNP VBN IN DT NNP IN DT NN , NN IN PRP$ NN CC NN -LRB- NNP CD , CD , NNP CD SYM CD -RRB- : NNP NNP VBZ DT NN TO VB PRP$ NN IN NN IN `` NNS '' IN DT NN CC NNS . RB , RBS VBP IN JJ NNP VBD RB VB DT NN DT NN JJ NNP VBZ . RB , PRP VBD PRP RB IN VBG PRP TO VB DT NNP RB IN NN -LRB- `` NN '' -RRB- CC IN PRP$ NNS -LRB- DT `` NN '' -RRB- . IN PRP VBP IN DT NN , RB PRP VBZ JJ TO VB DT RB JJ NN IN NNP RB DT JJ NN : RB -LRB- RB IN DT NN IN NNP WDT VBZ RB VBN TO VB RB RB JJ -RRB- . CC PRP VBP TO VB WRB TO VB DT NN RB CC IN PRP$ JJ NN . PRP MD VB IN DT NN IN DT NN MD VB VBN DT JJ , CC NN MD VB . IN NN , EX VBP IN JJS CD JJ NNS IN DT NN VBN `` NN '' IN DT NNP IN NNP RB -LRB- NNS , NNS , `` NN NNS '' , CC JJ NNS -RRB- . IN NN , DT NN IN JJ NNS IN JJ NNS VBZ TO VB CD IN DT NNS IN NNP VBD DT NNP JJ IN NN IN NNP CC NNP VBD IN NNP POS NN -LRB- NNP CD SYM CD , NNP CD : NNP CD : NNP CD : CD SYM CD -RRB- . WRB PRP VBP IN NN IN RB VBG DT NN IN NN , PRP MD RB VB PRP IN VBG IN JJ NNS CC IN JJ NNS IN VBG IN PRP IN DT JJR JJ NN . NN CD VBZ DT NN VBG IN DT NNP IN DT NNP WDT PRP MD VB IN NN . VBG PRP , PRP MD VB DT NN IN DT JJ NN IN DT NNP IN DT NNP . DT NN VBZ DT NN IN CD NN POS NNS VBN IN NN . DT JJ NN RB VBZ NN IN DT NN NNS IN VBG DT NNP IN DT NNP IN DT `` NN '' CC `` NN : '' RB VB IN DT NN IN DT JJ NN IN DT NN IN DT JJ NN . DT JJ JJ NN VBZ VBG TO VB VBN DT NN IN IN PRP VBP JJ TO VB WP TO VB TO VB NNP POS NN , DT RB JJ NN RB . PRP MD VB JJ JJ JJ NNS WDT PRP MD VB IN . CC DT NN VBG DT VBN JJ NN VBZ RB JJ CC VBZ JJ NN CC NN IN NNS MD VB WP PRP VBZ PRP MD VB . DT MD VB NNS JJ CC JJ TO VB DT NNS . IN DT NN VBZ PRP TO VB DT JJ NN WP VBZ TO VB DT JJ NN IN PRP$ NN -LRB- NN CC JJ NN -RRB- , DT VBZ RB JJ CC JJ . IN PRP VBZ JJ , WRB DT NN MD VB NN IN VBG NNP IN NNP , WRB MD PRP VB JJ . IN DT JJ NN VBZ RB VB IN DT NN RB , RB WRB VBD NNP VB JJ NN TO `` VB '' NNP IN VBG NNP IN PRP$ NNS CC NNS . PRP VBD IN DT IN DT JJR NN , NN NN VBD NN WDT PRP VBD RB VBN PRP NNS IN : DT NNP . PRP VBD TO VB IN PRP WRB JJ PRP VBD TO VB NNP IN PRP$ NN CC PRP VBD RB VBG DT JJ JJ NN . IN NN , DT NNP IN DT NNP NN VBZ DT NN HYPH JJ NN IN DT JJ NN WP NNP VBZ RB VBN CD JJ NNS RB IN NN IN . JJ NN VBZ RB VB DT NN VBN . DT NN IN VBG DT `` NN IN DT NN CC NN '' MD RB VB IN DT JJ NN IN DT NN CC NN WDT NNS MD RB VB , VB , CC VB WP TO VB WRB PRP VBP PRP . CC VB , IN EX MD VB DT JJ NN , WRB MD RB NN RB VB CC VB DT NNP . IN DT NN VBN IN DT JJ NN JJ NN NN , DT NN VBZ VBN . IN DT NN IN DT NN VBZ VBG TO VB RB JJ CC JJ IN VBN RB , RB WRB MD NN VB VBN IN VBG DT NN . DT VBZ DT JJ NN IN DT RB HYPH RB HYPH JJ NN . PRP VBZ VBG JJ NNS IN DT NN NNS IN NN TO VB PRP . TO VB IN DT , VB PRP VB DT JJ NNS NNS MD VB IN WRB DT NN VBZ RB : CD NNS IN NNPS WRB DT NNP VBZ SYM NNP NNS , NNS -LRB- JJ CC RB HYPH IN HYPH VB HYPH JJ -LRB- VB RB -RRB- CC VBN IN DT JJ NNP -RRB- SYM NNP NNS -LRB- JJ CC VBN IN DT NN -RRB- DT JJ CD NNS VBP JJ CC NN HYPH JJ , CC DT JJ NN , IN NN NN , VBZ NN . DT NN NNS VBP RB JJ IN DT NN NNS IN VBG TO VB DT JJ NN IN RB VBG DT NN . RB , PRP VBP IN DT NN NNS IN DT CD NNS IN NN CC IN NN . PRP MD VB IN TO VB DT NN VBZ RB RB JJ CC JJ IN PRP MD VB IN PRP RB . IN NN IN NN , PRP MD VB PRP IN DT NN IN VBG DT NN TO VB NN NN IN VBG PRP DT NN IN PRP WRB PRP VBZ CD NNS JJ . PRP MD VB IN DT NN IN NN NN VBZ DT JJ NN WDT PRP VBZ RB VB . CC , IN PRP VBZ NN , JJ NNS MD VB VBN CC JJ NNS VB VBN IN DT NN NN NN TO VB RP RB . RB , WRB PRP VBP DT NN IN DT NN , PRP MD VB DT JJ NN IN DT NN RB VBZ . IN PRP VBP RB VB RB , PRP MD VB RB JJ CC PRP MD VB JJ , IN DT NN VBZ , CC VB VBN IN NNS CD CC CD IN RB . DT VBZ DT JJ NN IN VBG DT NN . DT NN NN IN VBG DT NN VBZ RP IN DT NN VBN TO VB DT NN MD VB TO `` VB IN IN NNP '' -LRB- NNP CD : NNP CD : CD , CD , CD -RRB- . DT NN HYPH NN NNS IN DT NNP RB VBP IN NNP VBG PRP$ JJ NNS IN IN PRP$ NN NNS IN DT NN PRP VBZ TO VB PRP IN DT NNP NNP -LRB- NNP CD SYM CD -RRB- . RB , PRP MD RB VB RB JJ IN DT VBZ JJ TO VB , IN PRP VBZ TO , VB , VB DT NN NN WRB NN VBZ `` NNP . VB RP . '' RB NN IN DT NN MD VB RB JJ -LRB- IN PRP MD VB PRP DT -RRB- IN PRP VBZ NN . PRP MD VB NN HYPH JJ . PRP VBZ VBN PRP$ NN IN WRB DT JJ -LRB- JJ -RRB- NN NN IN DT NNP VBZ VBN IN JJ NN HYPH VBG NNPS , PRP RB VBP PRP . PRP VBZ JJ IN DT JJ NNP WDT NNP MD RB VB PRP$ NNS TO VB NN RB JJ IN TO VB PRP$ NNS . JJ IN PRP VBP DT JJ NN IN PRP$ NN IN DT JJ NNP HYPH VBN NN NN IN NN IN DT NN IN NNP VBZ VBN DT JJ NN RB IN DT NN IN PRP$ JJ NNS IN DT NN NNS . PRP VBD NNP TO VB PRP$ NN . NN VBD TO VB NNP . PRP VBD DT JJ NN IN NNP TO VB NNP . UH , PRP VBD NNS RB RB , CC EX VBP JJ NNS IN PRP$ JJ NN CC PRP$ JJ NN IN NN , NNS , NNS , FW IN PRP$ NN NNS WDT DT NN HYPH NN NN MD VB PRP IN , RB . DT NN IN NN MD VB RP RB VBZ IN RBS JJ , DT NNS IN DT CD NNS MD VB VBN IN NNS RB IN DT CD NNS PRP , CC IN NNS , NNS . DT RB VBZ JJ IN RB CC IN PRP VBP DT NN RB PRP MD VB IN PRP RB RB VBZ IN DT NNS PRP VBP DT NN IN PRP$ JJ NNS -LRB- NNP CD -RRB- . PRP RB VBZ PRP `` VBP '' DT NNS TO VB VBN . DT VBZ NN IN NN JJ TO VB DT NN . DT NN VBZ JJ IN PRP VBZ RB VB DT NN NN IN NN IN WRB NNS VBP VBN IN NNP IN DT NNP . NNS RB VBP RB IN DT JJ CC JJ NNS IN DT NN . WRB NNP VBZ IN DT JJ NN CC NNS , PRP VBZ NNS RB . PRP VBP DT NN IN WDT NNS PRP MD VB DT NN VBZ VBN , IN DT NN , IN DT NNS RB VBG -LRB- NNP CD SYM CD -RRB- . IN PRP RB VBD WP DT CD VBP CC WRB PRP VBP VBN JJ JJ NN IN IN DT NNP POS NNS MD VB PRP , DT MD VB DT . PRP$ NN IN NN MD VB RP IN NN TO VB DT JJ NN WDT DT NNP MD VB VBN TO VB IN NN . RB , IN DT NNS IN PRP , PRP VBP JJ NNS CC RB RB JJ CC JJ IN DT NN IN NN VBG IN PRP$ NNS . NNS MD VB JJ TO VB CC VB DT NNS CC VB IN NN IN DT CD NNS . `` PRP$ NN VBD RB TO VB '' PRP MD RB VB JJ IN DT NN TO VB WRB JJS NNPS MD VB IN RB DT JJ NN HYPH VBG NNP HYPH VBG NN VBN IN NNP VBG NNS TO `` VB IN IN NNP '' IN DT NNS . NNPS IN NN VBP IN PRP$ NNS CC JJ NNPS TO VB PRP WP VBZ JJ CC WP TO VB . PRP RB VBP `` PDT DT NNS MD VB JJ . '' RB , WRB JJS NNS VBP NNS TO VB DT JJ NN NN TO VB CC RB VB `` JJ IN NNP '' WRB PRP VBP CC , CC VB DT `` JJ NN , '' PRP MD VB RB VBN . PRP MD RB VB DT NN CC NNS TO VB DT NN TO VB RB RB IN NN TO VB DT NN . RB , WRB PRP RB VBP DT NNP IN NNP -LRB- JJ NN IN NNP CC DT NNP IN DT NNP -RRB- WDT PRP VBD VBN MD VB , PRP MD VB TO VB DT `` JJ '' NNS PRP VBD NNS RB . RB , IN PRP VBP RB RB IN DT NN WDT NNP VBD PRP TO VB IN , EX MD VB DT NN IN PRP VBG PRP RB IN NN IN DT NNP NNP VBZ -LRB- CD NNS RBR -RRB- . DT NN NN MD RB VB VBN CC PRP MD VB VBN IN DT JJ NN IN NN CD CC NN CD . NN CD , IN NN NN , MD VB VBN . WRB PRP VBZ RB RB RB PRP MD VB VBN IN DT NN RB RB VBZ RB RB VBN IN WDT JJS NNS IN DT NN NN IN : NN IN WDT NN NN VBZ DT NNP IN DT NNP . DT VBZ WP VBZ VBN `` NN NN , '' VBG TO VB NN IN DT JJ NNS IN DT . IN RB VBN , DT NN VBZ RB VB IN DT NNP VBZ IN PRP VBP . PRP VBZ RB JJ . DT VBN , PRP MD RB VB IN PRP TO VB DT JJ NNS WRB NNS RB VBD IN DT NN MD RB VB PRP . IN , IN PRP VBD RB VBN , RB DT JJ JJ NN NN RB VBD , IN PRP VB NNS , NN NNS , NNS , CC NN , VB IN CD NN VBN VBN IN `` NN NN '' CC DT NN IN DT NN CC NNP VBP RB . IN NN , IN DT NNS VBP JJ , JJ CC VBP JJ CC DT NNP `` VBZ PRP$ NN '' -LRB- NNP CD -RRB- NN VBZ DT NN CC NNS VBP RP IN JJR NN . IN DT NNS , DT NN PRP VBP VBN IN DT NNS IN NN IN DT NN VBZ NNP . DT RB VBZ IN NNPS VBP VBN VBN TO VB IN DT NN IN NN IN DT `` JJ NN '' IN DT NNP . PRP MD VB RB WRB PRP VBP NN IN DT NN . JJS NNS RB VBD IN NNP IN RB CC RB JJR NNS VBP PRP CC WRB PRP VBZ . IN PRP VBP VB NNP CC DT NN IN PRP$ NN , PRP MD RB VB WRB PRP VBZ DT NN IN DT NN . CC EX VBZ DT JJ NN WRB PRP VBZ JJ TO VB RB WRB DT NNP VBZ . CD IN DT JJ NNS IN NNP VBZ IN PRP VBZ DT VBN , VBN JJ NN . VBG , DT NN VBG NNS MD VB PRP . PRP MD VB PRP , CC PRP MD RB VB PRP . DT JJR NN VBG NNP IN DT NN IN DT NNP VBZ IN NNP VBZ IN DT NNP . NN NN NNS VBP IN DT NN TO VB NN NNS . CC DT NNP CC NN RB VBN IN JJ NN VBP VBG TO VB VBN WRB NN VBZ IN IN DT NNP HYPH VBN JJ NN . DT VBZ WRB CC WRB DT NNP VBZ JJ TO VB IN NN IN DT NN POS NNP CC NN -LRB- NN CD -RRB- . RB DT NNP MD VB PRP$ JJ NN NN TO VB DT NN . CC PRP RB VBP PRP MD VB IN DT JJ NNP PRP VBP NN IN NNS VBP IN . WP VBP PRP VB DT NNP VBZ . RB WP VBZ PRP$ NN IN DT NN . IN JJ , PRP VBZ NN PRP VBP RB VBN RB IN DT NN IN DT NN VBZ IN PRP$ NN NN . PRP VBP DT IN WRB PRP VBP DT NNP IN DT NNP NN , PRP VBZ RB RB JJ IN NNS VBP PRP , JJ IN DT JJ NN . VBG DT NN PRP MD VB RP DT JJ NNS RB RP : NFP DT NN VBZ RB RB DT NN : PRP RB VBD JJ IN PRP IN DT NN VBD VBN IN VBG , RB RB VBG . IN DT NN VBD RB DT JJ NN WDT NN MD VB , EX VBZ DT NN TO VB `` NN . '' PRP VBP RB VB NN TO VB , PRP RB VBP NN TO VB IN DT NN VBZ NN IN DT NN . -LRB- DT VBZ DT NN WRB NNP , NN VBZ RB VB DT NN . -RRB- . RB PRP VBP RP `` RB NN '' IN IN DT . NFP DT NN VBZ RB -LRB- RB -RRB- NN : PRP VBP VBN TO VB IN DT NN IN DT NN VBN TO VB -LRB- JJ -RRB- NN . JJ IN WRB DT NN NN NN VBZ VBN IN JJ NNS . NN RB VBZ IN NN , PRP MD VB PRP IN PRP$ NN CC NN TO VB NN RB . IN NN , PRP MD VB `` DT NN MD VB CC VB -LRB- IN DT NN -RRB- IN PRP VBZ DT NN , NN NN . '' NFP VBZ NN , NN VBN , RB . : WP PRP RB VBP PRP VBZ MD PRP VB RB IN NN CC NN IN DT NN . IN DT NN VBZ RB DT NN , NN NN , RB PRP VBP NN , NN IN NNS IN DT NN MD VB VBN . WRB JJ VBZ PRP RB CC WRB VB PRP$ NN IN -LRB- DT -RRB- JJ NNS . PRP VBP TO VB IN DT NN NN CC VBG DT NN MD VB PRP RB VBN TO VB CC VB NN RB IN DT JJ NNS VBP . IN PRP VBZ RB JJ RB DT JJ JJ NN IN DT NN VBZ RB RB VB PRP NN . SYM NNP NNP . IN DT NN DT NNS `` JJ JJ NN '' -LRB- NNP -RRB- CC DT NN JJ NN IN DT NNS IN DT NN , PRP VBP IN DT NN MD RB VB IN NN IN DT . VBN DT NN MD VB VBN IN DT NNP TO VB IN NN , DT NNP MD VB VBN IN NNS TO VB IN DT NN VBZ VBG DT JJ , NN NN IN DT NNP . RB DT NN MD VB VBN IN PRP$ NN -LRB- JJ NN NN -RRB- CC DT NN PRP VBZ VBN IN CC DT NN PRP VBP IN IN DT NN . PDT DT TO VB , WRB PRP VBP DT NN , NN NN IN DT NN CC DT NN IN DT NNP IN PRP , PRP VBP IN DT NN VBG IN NN PRP VBP VBN NN . TO VB PRP IN JJ , JJ , NNS IN NN NNS , NNS , NNS CC DT JJ , IN PRP , RB VBZ WDT NN VBZ VBG TO VB IN DT NN CC PRP$ NN TO NN IN DT NNP . WP TO VB NN TO VB DT NNP RB , DT NN VBZ TO VB VBG RP IN DT DT NN NN IN VBG TO VB IN NN CC NN . PRP DT VBP NN CD : CC . TO VB DT NN , DT NN IN DT NN IN DT NN MD VB IN VBG DT NN TO VB WDT NN NNP VBZ VBG , `` MD PRP VB CC MD PRP VB . '' RB IN PRP VBP VB DT NN VBN IN NNP POS NNS IN VBG , PRP MD RB VB DT NN TO VB RB IN DT NN IN VBG JJ JJ CC JJ NNS . DT NN , RB , VBZ WRB VBP PRP VB DT NN CC NN VBN TO VB DT JJ JJ NN VBN TO VB DT NN . NNP VBD PRP DT JJS NN PRP VBP : RB VB IN RB IN DT NNPS MD PRP VB NNP RB VBG DT NN IN WRB PRP VBZ PRP$ NN . PRP VBD VBN IN DT IN DT NN WRB PRP VBD VBG JJR NN , IN DT NNS . RB , PRP VBD IN DT NNP VBZ PRP DT NN RB CC RB . IN DT JJ NNS IN DT NNP , PRP VBP NNP POS NNS VBG RB IN PRP IN NNS CC VBG JJ NNS IN DT NN . PRP VBP WRB TO VB PRP$ NN VBG . DT RB VBZ RB VB IN NNS , NNS , CC NNS , CC IN NNS CC `` NNS '' CC `` JJ NNS '' -LRB- NNP CD , CD -RRB- CC `` VBN NNS '' -LRB- NNP CD -RRB- . PRP VBP WP PRP VBZ JJ TO VB CC VB PRP TO VB CC WP PRP VBZ RB JJ TO VB CC VB PRP TO VB . PRP VBP WRB TO VB PRP WRB DT NN VBZ IN PRP VBZ VBN PRP CC RB VB IN NN CC NN IN DT JJ NN TO VB VBZ , IN DT NN VBZ VBN . IN JJ NNS , PRP VBP NN CC WRB TO VB IN PRP . IN PRP VBP RB IN VBG NN CC NN IN NNP VBD , RB PRP MD VB JJ IN NNP MD VB DT NN VBG IN PRP$ NN . IN NN , PRP MD VB PRP RB IN PRP VBD DT NNS IN DT NNP WP VBD DT JJ NN . PRP MD VB VBN IN RB JJ NNS IN PRP VBD WDT VBP PRP TO VB JJ CC JJ IN NNS , CC TO VB JJ CC JJ IN JJ NNS , DT JJ NN . DT MD VB PRP IN DT NNS VBG DT VBG NN IN NN IN VBG PRP$ NN NN RB RB TO VB DT NNP IN DT NNP . IN DT NN , RB RB IN NNS CC JJ NNS , WRB DT NN TO VB VBZ , NNP VBZ DT NN TO VB NN IN PDT DT WP VBP IN NN TO VB DT NN TO VB . VB PRP$ NN IN DT NN TO VB TO VB DT NN . WP RB TO VB . RB , DT NN : NN IN NNP IN NNS VBZ RB RB JJ NN . DT NN MD VB VBN RP , RB RB IN PRP$ NN , CC JJ NN HYPH NN NNS RB VBP DT JJ NN IN NNP . IN NN , DT NN IN DT NNP NNP CC DT NN IN DT CD IN DT NNP NNP NN VB NN IN JJ NN IN DT NNP NNP VBG VBN . PRP VBP DT VBN NNP JJ NN IN NNP WRB NNP VBZ VBN NN TO VB DT IN . DT NNP IN DT NNP VBZ VBG TO VB RB RBR JJ IN JJS NNPS MD VB . CC DT NN IN PRP$ NN VBZ RB TO VB VBN NN IN VBG TO VB RP RB WP PRP VBZ IN NN . RB IN PRP VBD VB DT RP , PRP MD VB PRP RB JJ . IN PRP VBP DT NN , PRP MD RB VB RB JJ TO VB PRP IN PRP$ NN JJ . DT JJ NN NN MD RB VB NN CC JJ , JJ NN . RB , IN NNP VBD , NN MD VB DT JJ NN IN DT NN NNS -LRB- NNP CD -RRB- . RBR , PRP VBP RB VB JJ CC JJ NN IN RB VBG IN NN DT NNP CC VBG IN PRP$ NN . DT NN VBZ TO VB NNP POS NN TO VB JJ CC TO VB RB IN `` DT NN TO VB WP VBZ VBG '' -LRB- NNP CD -RRB- . NNP MD VB JJ TO VB DT NN IN VBG PRP$ NN IN IN PRP VBP DT NNS CC NN WDT MD VB DT NN CC JJ NN PRP MD VB WRB DT NN VBZ . WP VBZ RBR , DT CD NNS MD VB PRP TO VB NNP CC VB PRP$ NN RB JJR DT NN IN DT NN , RB IN DT JJ NN NNP VBD . IN NN IN WDT NNS TO VB IN VBG IN PRP$ NN , IN NNP POS NNS , VB PRP$ NN IN NN NNS . NN VBG DT CD NN NN NN RB , PRP VBZ CD IN DT NNS IN WP DT NNP IN DT NNP MD VB RP TO VB ."
613,126,mainstream,"DT NNS , NNS CC NN -LRB- NN -RRB- NN VBZ RB VBN IN NN IN NN NN NNS , RB IN NNS VBN TO VB IN NN , DT JJ JJ NN VBZ . IN RB CD NNS , NN IN DT NN NN VBD RB VB DT NN IN NN NN NN -LRB- NNP -RRB- , RB IN IN NNS VBD IN JJR NN IN DT JJR NN RB VBD DT NN , NNS VBP IN NNP . `` RB IN NNS WP VBP JJ HYPH NN , DT NN VBZ RB VB DT NN , '' VBD JJ NN NNP NNP NNP IN NN NN NN DT NNP NNP IN NNP NNP , NNP . `` PRP VBP RB VB WP VBZ RB , CC PRP VBZ RB DT NN NN . '' DT NNS MD VB JJ , PRP VBD . NN NN NN VBZ DT NN IN NNS WDT RB VBZ NNS IN NN CC JJ NN , VBG IN DT NNP NNP NNP IN NNP NNP . PRP VBZ MD RB VB VBN CC JJ NNS . DT CD NN WDT VBD TO VB DT NN IN DT NN NN CC NNP VBD RB VBN . DT NNP , DT JJ NN WDT RB VBD PRP , VBD PRP . NNS VBP TO VB IN DT NN IN DT NN . RB , DT NNS VBP TO VB IN DT NN VBZ VBN IN NN . NNS IN NNS IN NN MD RB VB EX VBZ DT JJ NN , CC RB PRP VBP TO VB PRP$ JJ NNS , NNP CC NNS VBD IN PRP$ NN IN DT NNP IN DT NNP NNP NNP . IN DT JJ NN , DT NNS VBD NN NNS NNS IN CD NNS VBN IN NN IN IN JJS NN CD IN CD CC CD . PRP RB VBD NNS IN DT NNS POS JJR NNS . RB , RB CD NN IN DT NNS VBD DT JJR NN IN NN . DT NNS VBD RBR JJ TO VB RP TO VB NNP PRP IN PRP VBD VBN CC RB , VBG IN DT NN . DT NN VBD RB VB PRP$ NN , DT NNS VBP . IN NN , IN JJ HYPH NN CD NN NNS , NNP VBD IN CD IN CD WP VBD RB VBN -LRB- CD NN -RRB- , VBN IN CD IN CD -LRB- CD NN -RRB- WP VBD CD NNS IN DT NN NN . IN NNS RB IN JJ NN IN NNP , CD VBD VBN IN NN CD CC CD -LRB- CD NN -RRB- VBD VBN IN DT NN . DT VBN IN CD IN CD NNS -LRB- CD NN -RRB- WP VBD CD NN NNS . RB , NNS IN DT JJR NN IN NN VBD RB RBR JJ TO VB VBN DT NN NN IN DT JJ NN . IN NN CD , RB CD NN IN DT NNS IN NN IN DT NN VBD VBN IN JJS CD NN NN . IN NN , RB CD NN IN NNS IN DT JJR NN IN NNP VBD VBN VBN IN DT NN . `` PRP VBP PRP VBZ JJ TO VB IN DT NN IN NN IN DT NNS IN NNS IN NN NN NN VBD JJ , '' NNP VBD NNP NNP . IN DT NN IN NN IN DT NN CC NN , DT NN NN VBZ NN , PRP VBD . RB DT CD NNS VBP VBN IN NN IN NN NN CC PRP$ NN VBP RB VB IN VBN CC JJ NNS , VBD NNP NNP NNP , NN NN IN DT NNP NNP IN NNP NNP POS NNP , IN DT NN VBG DT JJ NN . DT JJ NN , NNP VBD , RB VBZ IN `` DT NN IN NN NN IN NNS VBZ RB VB IN VBN CC JJ NNS . ''"
614,840,mainstream,"NNP , NNP CD , CD -LRB- NNP NNP IN NNP -RRB- , NNP NNP , NNP -LRB- NNP : NNP -RRB- , DT NN IN JJ RB HYPH VBN JJ JJ NNS IN JJ CC JJ HYPH JJ JJ NNS , NN VBD IN IN IN JJ NN NN JJ IN DT NN -LRB- NNP HYPH CD -RRB- NN CC IN DT NN IN NNS PRP$ JJ NN VBZ VBN VBN IN DT JJ NN RB . IN RB VBN , DT JJ NN MD VB VBN IN NNP CD , CD IN CD NN NNP NNP IN NNS IN NN IN IN DT NN IN NN IN NNP CD , CD . RB , NNS MD RB VB JJ TO VB DT JJ NN IN NN . DT NNS IN NN CC NN NN NNS MD VB TO VB IN NN IN VBG DT NNS RB IN NN TO VB JJ TO VB DT JJ NN IN JJ NN NN , VB PRP$ NNS IN DT NN CC VB PRP$ NNS RB IN DT JJ NN . NNS IN VBG IN DT JJ NN IN NN TO VB IN DT CD JJ NN IN JJ NN NN , PRP MD VB IN ADD IN CD NN NNP NNP IN NNP CD , CD . IN PRP VBP DT VBN NN , PRP MD VB VBG PRP$ NN , NN CC NN NN IN PRP VBZ IN PRP$ NN IN NN NN IN NN NNS CC PRP$ NN NN -LRB- IN PRP VBD DT VBN NN IN DT NN NNS -RRB- . DT NNP NN NN MD VB VBN IN PRP IN DT NN NN VBG PRP$ NN . IN PRP VBP PRP$ NNS RB IN DT NN CC NN , PRP MD VB DT JJ NN IN PRP$ NN CC NN IN NN CC PRP MD VB VBN DT JJ NN NN IN NN TO VB PRP$ NNS IN DT CD JJ NN . IN PRP VBP JJ TO VB DT JJ NN TO VB PRP$ NNS , PRP MD RB VB JJ TO VB DT CD JJ NN -LRB- CC MD RB VB JJ TO VB PRP$ NNS -RRB- RB RB IN PRP VBP NN IN NN NN . JJR NNS IN WRB TO VB DT JJ NN IN DT NN , VBG WRB TO VB NN IN NN NN CC WRB TO VB PRP$ NNS RB IN DT JJ NN VBP VBN IN ADD IN RB VBN NNS -LRB- NN -RRB- . DT JJ NN JJ NN NN MD VB RB IN CD NN NNP NNP IN NNP CD , CD . PRP VBP PRP TO VB DT NN JJ IN DT NN NN . JJ NN HYPH NN MD VB IN CD NN NNP NN CC PRP MD VB JJ NN IN DT NN HYPH IN NNS . PRP MD VB NNS JJ TO VB PRP IN NN IN DT JJ NN . IN PRP VBP NNS VBG DT JJ NN JJ NN NN IN DT NN HYPH IN CC NN NN , UH VB ADD CC VB CD . IN CC RB NNS VBP TO VB DT JJ NN RB , DT NN VBZ PRP TO VB IN NN IN DT JJ NN IN VBG CD IN DT NNS VBN RB IN DT NN NNS RB VBN , IN IN PRP$ NN MD VB VBN RB IN PRP RBR VBP RB TO VB DT JJ JJ NN . NNS WP VBP RB VBN VBP RB VB TO VB DT JJ NN NN IN PRP VBP TO VB PRP$ NN . NNP NNPS VBZ DT NN IN RB HYPH VBN JJ JJ NNS IN JJ CC JJ HYPH JJ JJ NNS . PRP VBP VBN IN VBG DT NNS IN NNS CC PRP$ NNS VBG IN JJ , JJ NN NNS VBG JJ NN NN , NN NN NN , CD NN NN , CC DT JJ NN IN JJ CC JJ NNS VBN IN JJ CC JJ NNS . VB JJR IN ADD CC VB PRP IN NNP IN IN NNP . DT NN NN VBZ JJ HYPH NN NNS IN DT NN IN DT NNP NNPS NNP NNP NNP IN CD . PRP MD , IN DT NNS , VB NNS JJ IN `` NNS , '' `` NNS , '' `` JJ , '' `` VBN , '' `` VB , '' `` NNS , '' `` NNS , '' `` NNS , '' `` NNS , '' `` NNS , '' `` MD , '' `` MD , '' `` MD , '' `` MD , '' `` MD '' CC JJ NNS WDT VBP NN IN JJ NNS CC NNS TO VB DT JJ HYPH NN NNS . JJ NNS VBP JJ IN JJ JJ NNS , NNS CC NNS WDT MD VB JJ NNS CC NNS TO VB RB IN DT NN POS JJ NNS . DT CC JJ NNS VBP VBN IN DT NN POS JJ NNS , VBG DT JJ NN IN NN CD HYPH NN , JJ NNS IN NN CD HYPH NN CC JJ NNS IN NN CD HYPH NN , VBN IN CC VBN IN DT NNS CC NNP NNP CC JJ IN . DT JJ HYPH VBG NNS WDT DT NN VBZ IN DT NN NN VBP RB IN IN DT NN IN DT NN NN . DT NN VBZ DT NN TO VB JJ HYPH NN NNS CC IN DT NN IN JJ NN , JJ NNS CC RB , IN DT NN IN DT NN NN . VBZ EX DT NN IN DT NN NN . VB DT NN NN NNP IN ADD . PRP MD RB VB NNP NN NNP IN PRP$ NN NNP . -LRB- CD NN CD NNP , NNP . DT NNS VBN ."
615,1002,mainstream,"DT RB VBN NN VBZ DT NNP HYPH CD NN NN IN DT NN VBZ JJR IN DT NN NN NN IN DT NN , CC DT NN VBZ JJ , VB NNS . `` NNP VBZ RB RB JJR IN DT JJ NN NN , '' VBD NNP NNP NNP , DT JJ NN NN IN NNP NNP NNP IN NNP . DT NN NN VBZ TO VB VBN VBG IN JJ NN NNS IN NNP NNP , CC PRP VBZ RB JJ WDT NN POS NN NNS PRP VBZ VBG IN . VBG IN , IN IN NNP CD , DT NN NN IN NN HYPH CD IN NNP VBZ CD NNS IN CD NN . DT NN VBZ IN NN , IN DT NNS RB VBG DT NN IN CD , IN NNP POS JJ NN NN VBZ CD IN CD . -LRB- DT NN VBZ NNS IN DT JJ NN , VBG CC JJ CC JJ NNS . -RRB- IN NN , NNP VBD , DT NN NN IN NN IN NNP IN DT JJ NN VBZ RB IN CD CC CD NNS IN CD NNS , VBG IN NN IN DT NN NN , IN DT NN MD VB JJR CC JJR . PRP RB VBD IN DT NN NNS MD RB VB VBN IN JJ . `` CC DT VBZ IN PRP VBG DT NN IN NN , CC NN VBZ DT RB JJ NN IN NN IN IN NN , '' VBD NNP . `` PRP VBZ RB JJ IN PRP VBD RB VB NN NN WDT DT NN NNS MD VB RB JJR . '' NNP VBD PRP VBZ RB JJ NN HYPH CD NNS MD VB VBN , CC PRP VBZ JJ . `` IN DT NN IN NN , UH , NN VBZ JJ . PRP VBP PRP VBP RB VBG RB DT IN DT -LRB- NNP HYPH CD -RRB- NNS , '' PRP VBD . VBG IN NNP NNP NNP IN NNP , WDT VBZ VBN VBG DT NN IN DT NN RB , DT NN NN IN DT NNP VBZ IN CD NNS IN CD NNS . IN NN , DT NNP NNPS IN NNP NNP VBZ DT NN HYPH VBN NN NN IN DT NNP IN CC NN CC NN VBZ VBN RB IN DT JJ JJ NNS IN RB CD IN CD NNS IN CD . WRB VBZ DT NN VBG . DT NN VBZ TO VB VBN VBN IN JJ NNP CC VBN IN DT JJ NNP NN IN DT NN IN NNP WP VBZ PRP `` NNP '' CC `` NNP NNP '' IN JJ NN , WRB PRP VBZ NN NN . PRP VBD RB VB WRB NNP VBD RP IN NN . IN RB , PRP VBD IN NNP IN JJ NNS WDT VBP NNS CC NN NNS , DT IN NNS IN NNS IN NNS . PRP VBD RB VBN IN NNP , NNP POS NNP JJ NN NN , CC NNP . PRP VBZ VBN IN JJ NN NNS , VBG RP DT NN IN DT NNP NNPS NNP NN , DT JJ NN NN IN JJR IN CD NNS , WRB PRP VBD JJR IN CD NNS . IN DT NN VBZ RB VBN JJ , PRP VBZ VBG NN . NNS IN PRP VBP NNS IN NNS . NN IN PRP$ NN MD VB IN IN NNS IN DT NN IN DT NN IN DT JJ NN CC NN IN NNS , IN VBN IN DT NNS IN JJ NN WDT VBP VBG DT NN IN VBN NN NNS , VBG IN NNP NNP VBZ TO VB NNS IN DT NN . NFP WRB DT VBN NN HYPH CD NN VBD VBG IN NNP CC NNP VBD PRP RP IN DT JJ NN DT NN VBD VBG RB , DT NNP NN VBD VBG JJ IN JJ JJ NN NNS , VBG NN NNS CC NN IN NNP HYPH CD . DT NNP , NNP NN IN NNP VBD RB NN IN NNPS VBP TO VB VBN IN DT NN NN VBZ JJ , IN CD NN NN VBD PRP MD RB CC CD NN NN VBN PRP VBP JJ . DT JJ NN VBD VBN IN NNS IN DT RB JJ NN IN CD NNP NNS , CC VBZ DT NN IN NN IN RB CD NN NNS . IN NN , DT NN IN NNP NNP CC DT JJ NNP IN NNP NNPS VBN IN NNP CD VBD CD NN NN IN NNPS VBP TO VB VBN IN CC WRB DT NN NN VBZ JJ , IN RB CD NN NN VBD PRP VBP RB . DT JJ NN RB VBD RB RB JJR IN NN IN NNPS , RB CD NN NN , VBP TO VB DT NN . DT NNS VBD VBN IN JJ NNS IN CD NNPS CC CD NNPS IN NNP CD IN CD , IN DT JJ NN IN NN IN DT JJ NNS IN CD NN NNS , CD NNS IN IN CD , CC CD NN NNS IN DT NNP NNS . DT NN RB MD VB IN DT NN IN DT NNS WDT VBD NN CC JJ NN NNS IN NN VBD RB VB JJ NNS , WDT VBZ NN IN DT NNS VBG IN DT NN WDT NNP HYPH CD , DT NN VBN IN DT JJ NN , VBZ RB RB JJ , CC VBZ DT JJ NN NN . `` DT VBZ WP PRP VBP DT JJ NN NN , '' VBD NNP NNP , DT NN IN NN IN NNP NNP IN NNP , NNP . `` PRP VBP RB VB DT NNS WDT RB VBD , CC VBZ RB JJ , IN VBG NN IN DT VBN NN IN DT NN IN DT NN CC VBG PRP$ NN . NFP PRP VBZ RB JJ . PRP RB VBP DT NNS WDT VBD VBN . '' NNP VBD PRP VBZ JJ JJ NN VBZ VBN JJ IN VBG DT NN NN IN DT JJ NN . `` CC WP PRP VBZ IN IN JJ NNS RB VBD IN WRB JJ DT NN VBD IN NN IN JJ NN , '' PRP VBD . `` CC DT NNS WDT VBD DT JJS IN PRP VBP , RB , DT JJ NNS WDT VBP RBS JJ TO VB , `` WRB VBD PRP RB VB DT . PRP VBD RB RB JJ . '' '' NFP WP IN PRP VBD RB VBN RP . NNS VBP PRP VBD JJ NNS IN NNS NNP VBD IN RB RP IN DT NN , PRP VBD NN IN JJ NN NNS CC NNS TO VB NN HYPH CD IN DT NN IN DT VBP JJ NNS , CC TO VB DT NN IN WRB PRP VBP IN DT JJ . RB , DT NN MD RB VB RB JJ RB `` NNP VBZ JJR IN DT NN IN DT NN , '' VBD NNP . `` PRP VBP VB NNS VBG PRP TO VB IN DT NN IN DT JJ , CC VBG TO VB IN PRP VBZ RB RB JJ . CC PRP VBZ IN PRP VBZ JJ TO VB IN RB , RB , RB , RB . ''"
616,187,conspiracy,"NN , NN , CC JJR NN : DT VBZ DT WDT DT NN MD VB IN DT NNS IN NN IN DT NNP NN -LRB- NNP HYPH CD -RRB- NN : DT CC DT JJ NN , IN NN . CC WP IN PRP VBD PRP IN DT JJ NN IN JJ NN VBZ TO VB NNS POS NN CC VB PRP RB IN NN NNS . PRP MD VB IN DT NN IN JJ NN NN NN , CC VB PRP RP . RB IN JJ NNP WRB NNP NNP NNP NNP NNP VBD VBN IN WP VBZ IN DT NN VBZ VBN IN DT NNP NN -LRB- NNP SYM CD -RRB- , CC IN DT NNS `` RB VBP IN DT NN IN NN , '' DT VBD NNP POS VBG NN : `` UH , PRP$ NN MD VB VBN IN CC DT NN CC NN NN IN DT JJ NN NN NN . DT NN VBZ PRP$ NN . '' WRB RB VBN IN WP DT JJ NN NN VBZ IN DT NN POS NN , NNP VBD IN DT RB VBN VBP VBG VBN IN PRP$ NN NN NNS TO VB IN CD NNS IN DT NN IN PRP$ RBS JJ NNS . PRP VBP RB VBG VBN TO VB DT NNS IN NN PRP MD VB VBN IN NN IN IN IN PRP , RB , MD VB VBN TO VB . DT RB VBZ IN DT NN NN NN IN NNS IN NNP CC NNP NNP , WP VBP DT `` NN IN NN NNS '' TO VB DT NN CC VB RP NN WP MD VB VBN VBN IN DT NNP NN -LRB- NNP SYM CD -RRB- . VB JJ TO VB IN DT VBG NN IN DT NNP NNP NNP IN WDT NNP NNP , DT NNP NNP , VBZ IN NNP NNP NNP IN DT CC JJ JJ NNS VBG VBN IN DT NNS IN NN IN DT `` NN : '' WP NN : DT NN IN NN MD RB VB IN NN IN DT JJ NN NN , DT NN IN NNP NN -LRB- NNP HYPH CD -RRB- NN RB VBZ VBG NN NNS IN VBG NNS POS NNS , WDT DT JJ NN VBZ RB VBG IN NNS IN NNP . DT NN IN VBG CC NN CC NN MD VB TO VB IN JJ NNS VBP RB VBG TO VB NNS POS NNS IN DT JJ NN IN VBG PRP `` JJ '' IN DT NN . VB IN NN IN EX MD RB RB VB DT NN IN DT NNP NN -LRB- NNP SYM CD -RRB- , IN JJS VBG IN NNP NNP NNP IN DT NNP , DT NN IN JJ NN IN NNP NNP NNP . IN PRP VBZ RP , PRP VBZ RB JJ TO VB DT JJ NN IN DT NN , VB JJ CD WDT VBZ TO VB CC RB VB JJ NNS . IN DT NN VBZ , IN NN , VBN , NNS VBP PRP MD RB VB JJ CC MD PRP VB JJ . `` EX VBP DT NNS WDT PRP RB VBP RB VB NNS IN , '' NNP VBZ VBN IN VBG . `` PRP MD RB VB DT JJ NN IN DT NN MD VB IN DT , CC IN PRP VBZ VB , IN PRP MD VB PDT DT NNS IN NN CC NN . '' IN DT NN , NNS VBP RB VBG IN DT NNP NN -LRB- NNP SYM CD -RRB- MD RB VB RB CC RB VB DT JJ NN . CC PRP VBP VBG DT IN RB VBG NN , NN , CC JJ NN NNS WDT MD RB VB DT NNS IN DT JJ NN . `` PRP VBZ RB JJ IN DT NNS RB VBP PRP IN DT NN WRB PRP VBP JJ TO VB IN DT NN IN DT JJ NN , CC TO VB JJ TO VB IN JJ NN CC JJ NN IN DT NN IN PRP$ NN , '' NNP VBZ . DT NN VBD VBN IN NNP , NNP NN , CD IN CD NN CC VBZ VBN IN NNP NNP , NNP . PRP MD VB DT NNS IN DT NN IN DT NN CD NN ."
617,1194,mainstream,"`` PRP VBP IN NN IN NN IN NN , CC IN DT NN IN DT NN PRP RB VBP CD NNS WDT PRP VBP TO VB IN RB JJ VBZ VBG , '' VBZ NNP NNP , NN IN NN NN CC NN IN NNP NNP . IN DT NN , NN HYPH NN NNS IN NNP VBP VBG DT JJ NNS VBG PRP MD VB DT JJ NN IN PRP MD VB DT RB JJ NN IN DT JJ NN : DT NN . NNS VBP NNS IN PRP VBP NN , IN VBN IN JJR IN CD NNS IN VBG DT JJ NN TO RB VB NNS VBG NNS CC NN . -LRB- VB WRB NNS VBP JJ IN VBG NNS IN NN . -RRB- JJ IN DT NN VBZ VBN IN NNP NNP , WDT VBD DT JJ NN JJ IN JJ NNS RB CD NNS IN DT JJ NN IN DT JJ NN VBD VBN . CC IN JJ NNS CC NN NNS VBD JJ TO VB DT IN DT NN HYPH VBG NN , DT NN VBG DT NN VBZ VBN IN RB CD NNS , CC PRP VBZ RB VBN DT VBG NN IN DT JJ NN . -LRB- NNS IN NN IN NNP NNP VBP RB VBN VBN . -RRB- IN DT NN VBZ DT NN , DT NN MD RB VB DT NN NN IN JJR IN DT NN , RB JJR . DT NNS NN : VBN DT JJS RB VBN : VBD CD NNS TO VB IN VBG JJ NNS IN VBG DT NN IN CD . JJ NNS VBP IN CD NNS , CC DT JJ NNS IN DT JJ NN HYPH CD NNS VBP RB JJ IN NN IN DT NN , NN CD , CC RB RBR . CC EX VBP JJ NNS TO VB NN IN NN NNS . DT JJ NNS IN DT JJ NN NN , IN NN , RB VBD DT NN IN NN NNS . DT NNS VBP IN VBG DT NN POS NN NN TO VB DT NN IN DT JJ NN , IN PRP VBZ DT NN , NN , CC NN . JJ NNS VBP VBG DT JJ NN , VBG CC VBG PRP , RB VBG PRP$ NNS IN DT NN POS NN . DT VBZ WRB JJ NNS VBD VBN IN NN , NNS , CC DT NN , VBZ NNP NNP , DT NN NN CC NN IN DT NNP IN NNP POS NNP IN NNP . DT JJ HYPH NN NN VBZ IN DT JJ NN VBG IN JJ NNS VBN IN DT NN , RB NNS WDT VBP DT NN POS NN CC DT MD VB DT NN TO VB RP NNS . IN NN NN NNS VBD PRP VBD RB VB DT JJ NN CC MD VB DT JJ NN TO VB DT JJ JJ NN . DT NN HYPH VBN NNS VBP JJR CC JJR TO VB CC VB VBN DT RBS JJ NN VBN IN NN HYPH NN NNS , VBZ NNP NNP NNP , NN NN IN NNP NNP POS NNP NNP IN NNP NNP . `` PRP VBP RB VBN DT NN NN DT NN IN DT JJ NN . PRP VBD PRP VBD DT JJ NN , '' VBZ NNP , WP VBZ DT NNP NNP POS NNP NNP IN NNP NNP IN NNP , WRB PRP VBP NN NNS IN VBN NNS CC NNS . CC IN DT NNS VBD DT NN IN DT JJ NN IN DT NN NN , NNP VBD RP JJR IN DT NN MD VB PRP$ NN IN JJ NNS , CC NNP VBD RB JJ NNS TO VB VBN NN IN NNS . NN CC NN NNS VBP DT NN IN VBG JJR TO VB , IN DT NN NN VBZ DT VBN NN IN DT NN . PRP VBP RB JJR TO VB IN NNS WDT JJ HYPH VBP DT JJ JJ NN . DT NN VBZ VBN RB IN NN NNS IN NN , CC DT JJ JJ NN IN NNP HYPH CD VBD JJ NNS IN NNP CD , VBN IN JJR JJ NNS IN NN . CC NNP CC NNP VBP NNS VBP JJ NNS , CC PRP VBP PDT DT NN IN NN CC NN NNS MD VB JJ NN . `` IN PRP VBP IN PDT DT NNS NNS VBP VBN IN NN NNS VBG DT NN NN , PRP VBP RB VBN DT JJ NN IN WRB DT NN NNS MD VB IN DT JJ NNS , '' PRP VBZ , VBG NNS IN VBN NNS IN DT NN NNS . `` PRP VBZ DT JJ NN IN JJ NN . DT VBZ WRB PRP VBP RB JJ . '' WP VBZ DT NN RB . IN NN IN DT JJS NN TO VB DT NN HYPH CD NN MD VB JJ , DT NN MD VB WRB JJ PRP MD VB TO VB DT NN CC , IN NN , WP MD VB PRP . NNP , NNP , CC NNP DT VBP VBG NN CC NN NNS MD VB RB JJR IN JJ NNS . `` PRP VBP VBG TO VB NNS IN JJ NNS VBG IN JJ NN , CC PRP VBP DT VBZ RB JJ IN PRP MD VB DT NN , '' VBZ NNP , WP IN IN NNP VBZ VBN VBG IN DT JJ HYPH NN NN NN IN CD NNS . `` PRP$ JJ NN VBZ IN DT NN POS JJS NNS VBP RB VB VBN IN DT NN . '' TO VB DT IN VBG , NN NNS MD VB TO VB RB CC VB DT JJ NN NN , VBZ NNP NNP , DT JJ NN CC NN IN DT NNP NNP , DT JJ NN NN VBN IN VBG NN IN NN . PDT DT NN MD VB VB IN JJ NNS : DT NN , NN HYPH NN NNS , NNS IN NN HYPH JJ NNS : VB JJ NNS IN DT NN . PRP MD RB VB WDT NN CC NN WDT VBZ DT NN IN DT NN HYPH CD NN TO RB VB PRP$ NN IN NNS . `` IN PRP VBP PRP RB CC PRP$ NN VBZ JJ , RB DT MD VB DT JJ NN IN DT NN , '' VBZ NNP IN DT NNP NNP NNP NNP . RB , NN IN JJ HYPH VBG NNS RB VBZ RB DT NN CC CD , WDT VBZ IN NNS MD VB JJ NNS IN DT NN HYPH CD NN . IN DT NN , NNP VBZ , DT RBS JJ NN NN MD VB TO VB NN HYPH NN NNS VBZ TO VB JJ NN NNS : `` VB JJ NN , VB RB , VB PRP$ NNS , VB VBG PRP$ NN . VB RB JJ NNS IN PRP MD TO VB PRP IN VBG DT NN . ''"
618,691,mainstream,"DT JJ JJ NN IN IN NNS VBP NN VBZ DT NN IN JJ NN : NN RB VBZ RB , IN NN RB VBZ RB . IN DT CD NN VBP NNS WP VBP VBN JJ TO VB DT JJ NN IN DT NNS IN NN CC DT NN NN NN , WDT IN DT NN VBZ RP IN NN , DT NN FW FW IN NN POS NN . IN DT JJ NN VBP NNS WP VBD IN RB IN VBG PRP$ NNS VBN JJ NNS VBD TO VB . DT JJ NNS VBP RB JJ IN PRP VBP NNS TO VB JJ NN : NN VBZ VBN IN DT NN RB -LRB- IN PRP$ JJ NN NN -RRB- CC RB MD VB IN DT NN RB RB TO VB NN . CC IN DT NN , NN VBZ TO VB VBN IN NNS VBN IN NN VBD VBN IN JJS NNS IN CD , NN NN NNS VBP IN RB DT JJ . DT NN IN DT JJ NN VBZ IN PRP VBP VBN NNS WDT VBP NN IN NNS IN JJ NNS -LRB- VBG EX VBZ DT NN IN NN CC NN WRB EX VBZ RB -RRB- VBP RB JJ , IN JJ NNS -LRB- VBG EX VBZ DT NN IN NN CC NN WRB EX VBZ -RRB- MD VB PRP IN IN DT NN NN . PRP$ NNS VBP NN NNS WDT VBP NN NN TO VB CC VB NNS . NN CC NN IN NN VBP NNS IN NNS JJ , IN NN , IN PRP$ NNS IN VBG IN VBG NNS TO VB JJ NNS , VBZ RB DT JJ CD NNS JJ . RB PRP VBZ IN DT JJ NN VBG IN NNP MD VB NNP VBZ RB TO VB DT NN IN JJ NNS IN DT NN IN NNS . VB NN NN , IN PRP MD VB PRP . DT NNS IN PRP$ JJ NNS VBP JJ . VBG IN DT NNP NNPS NNP NN -LRB- DT `` NN '' IN JJ NNS : ADD NN VBZ `` VBN RB IN VBG NN NN , VBG NN NN NNS JJ IN NN , VBG NN NN , VBG NN NN , CC VBG JJ NNS . '' CC DT VBZ RB DT . `` PRP VBZ RB VBN RB IN JJ NN , NN CC NN , NN CC NNS , NN IN NN CC NN , NN IN NN , NN , NN NNS , JJ NN , NN , JJ NN , CC JJ NN NNS . '' DT VBN JJ NNS IN NN VBD VBN IN DT NNS IN DT JJ NN IN NNP VBN NNP NNP , DT JJ NN NN WP VBD VBN IN DT JJ NN IN NNP NNP , VBD IN NNP CD , IN WDT `` PRP VBD VBN IN NNS , CC VBD VB NN IN NN , CC PRP$ NN VBD JJ IN DT NN IN NN , IN PRP$ NNS VBD VBN IN NNS POS NNS , CC PRP$ NNS IN NNS POS NNS . '' NNP RB VBD IN NNS CC NNS VBP NN WRB PRP VBP JJ CC VBP JJR IN NN , WDT VBD PRP DT NN IN DT NN NN . IN PRP VBP JJR NNS IN NNS VBP , PRP VBD DT NN IN VBG RB VB NN IN NN NN IN JJR NN : IN CC NN : DT NN RB VBN NN . PRP VBD IN DT NNS CC NN IN NN VBP PRP$ NN NNS . VBG IN NNP NNP NNP , DT VBN NN IN JJ NN IN DT NNP NNP NNP NNP IN NNP CC NN IN DT NNP NNP IN NNP NNP -LRB- ADD DT VBZ RB NN : `` NNS VBP JJ NN NNS VBN IN NN NNS RB IN PRP$ JJ NN IN VBG JJ NNS . RB VBN NNS VBP VBN IN DT NN CC VBP DT JJ NN IN DT NN . '' NNP VBZ , `` DT NN IN NN HYPH VBG NNS VBP RB VBN IN NN , IN PRP$ JJ NN IN JJ NN , VBZ TO VB VBN VBN IN NNP . IN NN , NN MD `` VB DT NN '' IN PRP VBZ RB VBN . '' PRP VBD NN NN IN DT NNP NNP NNPS JJ NN NN IN NNP , NNP , IN NN IN DT NN IN DT NN NN IN NNPS , DT NN PRP VBP TO VB IN DT NN NN -LRB- WRB DT JJ NN VBZ JJ : `` JJ VBP VBN , CC JJ VBP VBN '' -RRB- . PRP$ NNS : NNP NNP , WP VBZ DT NN IN NN CC VBZ RB DT NN NN , CC NNP NNP , NN IN JJ NN IN DT NNP NNP IN NNP : RB VBN . IN DT NN VBZ JJ DT CD NNS , PRP MD VB DT NN POS NN IN VBG DT JJ NN . NN : DT NN VBD RB VBN IN DT NN , `` NNP NNP CC NNP NNP '' ."
619,965,mainstream,"NNP VBZ VBN DT NN IN PRP$ NN IN PRP$ NN NN IN WDT PRP VBZ IN PRP VBZ VBN DT NN NN CC CD NNS IN DT NN . DT NN , VBD IN DT NN , VBZ DT NN IN VBG : `` PRP MD RB RB VB DT JJ NN '' . PRP VBZ RBR IN DT NN , WDT VBD VBN IN NNP -LRB- NNP CD -RRB- : `` IN DT JJ CD NNS PRP$ NN VBZ VBN , PRP$ NN NN POS NN VBZ VBN , CC NNP NNP , DT RB JJ NN WP VBD DT RB JJ NN IN PRP$ NN IN NNS IN VBG PRP$ NNS TO NN IN DT NN NNS , -LRB- WDT VBD -RRB- IN JJ NN IN IN NNP POS NN CC NN IN PRP$ NN . '' JJ NN , NNP VBD $ CD CD TO VB VB NN IN VBG DT NN HYPH CD NN . `` RB CC RB PRP VBP RB VBG IN DT NN IN NN , PRP MD VB PRP VBD PRP NN TO VB CC VB CC VB PRP$ JJ NN : '' PRP VBD . `` PRP VBP VBG DT NNP CC NNP NNP NNP NN TO VB DT NN WDT MD VB CC VB NNP HYPH CD . PRP VBP DT TO VB PRP$ NN NNS , DT RBS JJ , CC DT IN PRP$ NNS CC NNS . '' PRP$ NN VBD IN DT NN IN NNS IN JJ NNS . DT VBP NNP , WP VBZ VBN $ CD CD -LRB- $ CD CD -RRB- TO VB NNS IN JJ NN VBN IN DT JJ NNS RB RB IN $ CD CD IN NN TO VB VB DT NNS IN DT NN . NNP NNP , RB , VBZ VBN VBG RB TO VB . PRP VBD DT NN WP$ NN VBD RB VBN IN DT NN $ CD CC VBD NNS IN NNS IN DT NNP NN NN ."
620,376,mainstream,"NNP NNP VBD DT JJ NN , JJ NN CC NN , WP RB VBD DT NN IN NN . CD IN DT JJS NN HYPH NNS VBG IN JJ NN , PRP RB VBD DT NN IN DT NNP NNP NNP IN NNP : `` WDT NN IN NNS NN VBP VBN IN NNS : CD NN , CD NN CC CD NN . '' . DT IN DT JJS NNS IN DT NN RB VBD PRP JJ , IN RB CD IN CD RB VBG CD NN . NNP VBD DT NN TO VB RB WRB JJ JJS IN PRP VBP IN DT JJ NN IN NN . PDT DT JJ NN IN JJ NNS VBD , PRP VBD , JJ NN IN JJ NNS . DT NNS IN NNP VBD RB RB JJ IN DT NNS : JJS IN PRP VBD RB VB NN IN DT RB JJ HYPH NN NN . RB , NNP , WP VBD RB IN NNP , VBZ RB RBR RB TO VB DT NN RB . NN VBZ RB CD IN DT RBS JJ JJ NNS , CC VBZ VBN RB IN VBG NNS , RB IN NNS , CC IN JJ NNS IN NN NN CC JJ NN . DT $ CD VBN IN NN VBZ DT VBN $ CD IN NN HYPH NN NNS CC VBN JJ NN . NFP VB IN NN IN NN NN IN JJ HYPH CC JJ HYPH NN NNS , CD SYM CD VBG RB IN DT NNS , CD NN JJ NN IN NNS VBZ RB JJR IN CD NN CC CD NN , CC PRP VBZ RB RB IN DT CD NN VBN TO VB NN HYPH JJ NN . RB DT JJ NNS RB , DT NNP NNP IN NNP VBD IN CD NNS VBD VBN IN DT NN NN WDT VBZ VBN NNS IN NNS , JJS IN WP VBP IN NNS WRB NN NN VBZ JJ . DT MD VB RB RB RB WRB NNS VBP RB VB NN HYPH VBG NNS , CC PRP VBZ WRB PRP VBP TO VB RB JJR TO VB NN NN -LRB- WDT VBZ VBN IN RB CD NN RB IN CD -RRB- IN DT NN HYPH JJ NNS , RB RB IN NNS . IN PDT DT JJ NNS IN NN IN JJ NNS , CD CD NNS RB VBP RB IN NN HYPH JJ NNS . CC RB DT IN PRP$ NNS VBP JJ . JJ NN CD NNS VBD DT JJ NN IN NN NN IN CD . SYM CD NN NN IN DT JJ NN NN : NN NN CC NN NNS -LRB- NN CD -RRB- EX VBP DT NN IN NNS IN DT . IN DT NNS , JJ NN CC JJ NN VBP VBG NNS . IN JJ NNS , NNS VBP JJ CC NNS IN PRP VBP NNS IN VBG PRP$ NNS . PRP VBP TO VB NNS CC VB DT NNS IN NN RBR RB . RB VBP CD JJ NNS IN NN . NN CD : NN IN NN VBZ DT JJS NN TO VB IN NN . WP PRP MD VB CC VB , NNS VBP DT JJ NN JJ IN DT VBN IN DT JJ NN , CC IN DT JJ NNS IN NN CC NN VBN IN JJ NN . NN CD : PRP VBZ RB JJS TO VB VBN , RB WRB PRP VBP DT NN IN NN VBZ JJ . JJ NNS WDT VBP TO VB VBN RB CC VBN VBP DT JJ NN IN VBG DT NN HYPH RB WRB NN NNS VBP : IN PRP VBP IN DT JJ NNS NNS IN NNP . RB IN VBG JJ NN VBZ PRP$ NNS MD PRP VB DT NN RB IN NN HYPH JJ NNS . PRP MD RB VB IN NNS IN PRP TO VB DT NN IN NN : PRP DT VBP DT NN TO VB WP PRP MD . VBG JJ NNS IN DT JJ NN VBZ DT JJ NN IN DT NN POS NN NN . PRP VBZ NN IN DT NN , CC VBZ NN CC NN . NNS VBP VBN IN JJR NNS IN DT JJ NN IN PRP VBP IN NNS . NN CD : EX VBZ DT NN IN NNS CC NN . EX VBZ DT JJ NN TO VB DT NNP NN IN NN CC JJ NNS . DT JJ NN VBD IN DT JJ CD NN WDT VBD RB VBN TO VB RB JJ , CC VBD VBN IN DT NN WDT VBD PRP . NN CD : IN PRP VBP NN , JJ NNS MD VB . RB IN JJR NN , NN CC NN IN JJ NN , NNS RB VBP . WRB NNS VBP RB VBN , JJ NNS WDT VBP VBN JJ MD RB VB RB TO VB PRP . WRB NNS VBP NNS IN NNS PRP MD VB PRP$ NN NNS CC VB JJ NNS IN NN . NN NN NN , DT JJ NN IN NN NN NNS VBN IN NNP , VBZ JJ NN IN JJ CC JJ NN IN NNS . DT NN VBZ CD NN NNS IN CD NNS , CC VBZ JJR IN CD CD NNS DT NN IN JJ NN IN NN NN , VBG TO VB JJ NN . PRP VBP RB JJ TO VB IN DT NN WDT VBZ VBN CC RB VBN DT NN IN NNS . IN NNP NNP MD VB VBN , VB PRP VB IN DT NNS CC VB NN VBZ VBN ."
621,44,mainstream,"VBZ PRP$ NN VB NN . NN : PRP$ NN VBZ CD NNS JJ . PRP VBD PRP VBN IN NN IN PRP VBZ RB VB IN PRP$ NN CC CC VBZ PRP VB DT NN . DT IN PRP VBP VBG IN IN WDT PRP VBP RB JJ TO VB IN PRP IN DT , RB CD SYM CD NNS IN DT NN . PRP VBZ IN PRP$ NNS WP VBP NN IN PRP$ NNS IN NN , NN FW CC PRP VBP RB VB IN PRP RB . PRP VBZ VBG NN PDT DT NN . PRP VBZ VBN VBG NNS IN VBG NN IN NN FW RB IN VBG PRP IN NN . PRP VBZ RB VB IN PRP$ NN . IN RB NN IN PRP VBP PRP IN DT JJ NN . PRP VBP JJ NNS CC DT NN IN DT . PRP VBZ IN PRP$ JJ , VBZ NN IN PRP IN VBG RB IN JJ NN CC VBG NN IN NN IN IN NNS . CC PRP VBZ RB VB IN NNS CC IN PRP VBZ , PRP VBZ VBN NNS . PRP VBZ RB VB DT NN NN IN PRP . IN PRP VBZ VBN IN JJ JJ NNS CC VBZ RB JJ . PRP VBZ RB VB IN CD NN IN RB CC RB VBZ JJ IN PRP . PRP VBZ RB VB DT JJ NNS IN NN CC NN . PRP VBZ RB VB IN DT NNS IN PRP$ JJ NN NN CC PRP VBP RB VB IN PRP MD VB RB IN NN . PRP VBZ TO VB JJR NNS -LRB- CD SYM CD NNS JJ -RRB- CC VBZ TO VB IN PRP WRB PRP VBZ IN DT NN , CC VBZ RP IN PRP$ JJ IN EX VBZ DT JJ NN IN PRP . PRP VBZ RB VB TO VB CC VB IN PRP . PRP VBD PRP IN DT NN NN IN NNP WP VBD DT NN NN CC DT JJ NN . PRP$ NN VBD JJ CC DT JJ NNS VBP IN PRP VBZ JJ JJ NNS . RB PRP$ NN MD VB VBN IN NN IN NN CC JJ NNS . VBP PRP VB TO VB IN DT NN IN NN . IN PRP RB VBZ JJ , RB WRB TO VB IN DT . VBZ NN JJ CC MD PRP VB JJ TO VB DT JJ NN WRB PRP VBZ RP . MD PRP VB JJ IN NN IN NN . NFP DT NN IN PRP$ NN VBZ VBN NN IN RB DT JJ NN IN DT NNS VBZ RB JJ . UH VB IN PRP VBP IN PRP , VBG IN PRP CC VBG IN PRP , WRB PRP VBZ IN DT NN IN PRP . PRP VBZ VB DT NN IN PRP VBZ VBN CD NNS IN JJ NN IN NNS CC NNS . VBG NN IN PDT DT NN MD RB VB NN , IN DT NN POS NN IN NN . VB RP PRP$ NN VBG CC VB PRP NNS IN VBN NNS , NN NNS CC RB NNS CC NNS TO VB IN CC VB . RB DT CD IN PRP MD VB IN VBG PRP IN CD NN , VBG PRP DT NN TO VB DT NN CC DT NN . IN DT NN , JJS NNS MD VB IN CD NN IN DT . DT JJ NN NN IN PRP VBZ RB DT NN IN NN . PRP VBZ JJ TO VB IN PRP$ NN VBZ TO VB NN IN JJR NNS . VB PRP RP IN DT NN CC IN NNS POS NNS , WRB PRP MD VB JJ NNS . VB PRP RB IN PRP VBZ JJ , CC VB RB VB PRP IN DT NN . VB JJ IN VBG PRP$ NN . PRP VBP DT NN VBG CC VBG IN NN NNS MD VB JJ NNS IN DT JJ NN . VBG IN PRP CC IN PRP MD VB DT NN RBR JJ IN DT JJ NN . DT NNS VBP TO VB DT NN VBN IN PRP . PRP$ NNS IN NN -LRB- IN VBG PRP CC VBG PRP -RRB- MD VB PRP DT NN IN NN . PRP VBP IN JJ CC JJ NNS IN DT NN MD VB PRP RB IN DT NNS IN NN CC NN IN JJ CD NN JJ NNS . RB TO VB JJ IN PRP VBZ DT JJ NN . PRP MD VB DT NN IN NN , IN PRP VBP TO VB DT NN IN PRP$ NN VBZ RB JJ ."
622,246,conspiracy,"IN NNP NNP NNP JJ NN NNP , NNP CD -LRB- NNP -RRB- : DT VBZ PRP$ JJ CC JJ NNP IN NNP NN . NNP NNP NNP , WDT VBZ VBN DT JJ NN IN DT NN , VBZ VBG , CC PRP VBP IN IN NNS IN CC JJ , IN PRP VBP TO VB PRP$ NN IN NN CC JJ NNS . WRB . IN PRP VBZ DT NN IN DT NN . `` NN VBZ RB , IN PRP$ NN , DT RBS JJ CC DT JJS HYPH VBG NN IN DT IN JJ NN CC VBZ TO VB RB IN DT JJ NN , '' VBZ NNP NNP NNP NNP , NN IN DT NN IN NN IN NNP NNP POS NN IN NN . JJS JJ NNS VBP NN VBZ DT JJ NN WDT VBZ `` VBG '' RB IN IN RBR JJ NNS . CC VBN IN PRP$ JJ NN , PRP VBP NN VBZ VBG IN IN JJ NNS , IN DT NN IN NN VBG IN DT JJ IN , CC IN NNS VBP DT RB JJ NN , RB VBG DT NN IN JJ NNS IN JJ NNS . IN DT NN VBZ : NNS VBP DT NN , NN VBZ DT NN . RB IN PRP , DT NNS NN VBZ , IN DT NN CC RB HYPH NN IN DT CC JJ NNS , IN DT NN IN JJ NN , JJ NNS CC JJ NNS MD VB RB VBN IN VBG PRP , VBP RB JJ IN IN VBG IN NN , PRP VBP VBG RB RB IN DT NN IN NN PRP VBP TO VB CC PRP$ NNS TO VB . PRP VBZ JJ TO VB PDT DT NNS PRP VBP VBN IN PRP$ NNS , CC IN PRP , CD VBP RP : NFP DT JJ NN PRP VBD WRB PRP VBD VBG IN NN IN JJ CD VBD DT : WP VBZ DT NN NN IN RB HYPH VBN JJ NNS . NNS VBP DT VBG `` JJ '' NN IN JJ NNS IN JJ NNS . RB PRP VBD VBN TO VB IN PDT DT NN VBD RB VBN VBN , VBN IN PRP MD RB VB IN NN NNS IN JJ NN NNS VBP VBP RB VBG NN IN NN NNS . NNP NNP NNP , NNP HYPH NNP , VBD , CC RB VBD , DT NN TO VB DT NNP IN NNP CC NNP NNPS TO VB RB DT -LRB- RB VBG DT NN IN VBG JJ RB HYPH VBN NNS TO VB IN PDT DT NN VBZ RB JJ -RRB- . PRP VBZ PRP `` JJ NN , '' CC PRP VBZ DT NN IN JJ NNS , IN PRP$ NNS , VBG DT NNS PRP VBP JJR NNS , CC JJ . RB , PDT DT NN VBD IN NN VBN IN JJ NNS . PRP VBD DT $ CD NN NN VBN IN DT NN NN NNP NNP WDT , IN VBN IN PRP VBZ RB , VBD DT JJ NN : JJR NNS IN NN IN VBN IN RB HYPH VBN NNP NNS , IN IN JJ NNS IN JJ JJ NNS IN NN HYPH NN , NN NN . PRP VBD DT JJ JJ NN IN DT NNP NN . DT VBZ VBN VBN IN RB JJ CC JJ IN DT NN IN NNP NNS MD VB IN DT NN IN PRP CC IN RB , DT NNP VBP VB IN JJS DT NNS . DT JJ , CC JJ RB . PRP RB VBD DT NN JJ NN IN NNP VBN NNP WDT VBZ NNS IN RB HYPH VBN NNS IN NNS . VBG IN PRP$ JJ NN , NNP NNP , PRP VBZ JJ IN RB CD NN IN NN CC CD NN IN NN IN DT NNS , RB DT CD IN CD CC CD IN CD WDT VBP DT JJ NNS IN DT NNS , CC PRP VBZ DT JJ NNS TO VB PRP . PRP VBD IN DT IN CD , CC WRB PRP VBD RB IN NNP IN NNP JJ NN , PRP VBD PRP RB CD JJ NN NN CC JJ NN VBZ VBN PRP TO VB DT NN . CC VBZ DT JJ NN , RB DT NN . NFP DT VBZ PRP IN PRP$ JJ NN . PRP VBP JJ TO VB PRP$ NNS IN DT JJ JJ NN VBP , IN DT NN , VBN DT JJ NN VBG DT NN . PRP , IN NN , MD VB , CD VBD VBN -LRB- RB . -RRB- IN DT NNP NNP NNP VBG , `` NNP VBZ VBN RP PRP$ NN IN DT NN CC VBZ VBG DT NNS WDT VBP PRP$ NNS . '' RB , PRP$ NN VBZ VBN RP IN RB CD NN : CC NNS CC NN VBP RB JJ IN JJ , JJ NN VBZ TO VB VBN NN , CC DT NN IN PRP VBZ RB MD VB VBG JJR NNS JJ . PRP VBP NNP NNP POS NN IN DT NN VBZ IN DT JJ NN IN PRP$ NN VBG RP IN DT NNP NN , WRB IN DT JJS NN PRP VBD TO VB RB IN DT NN IN NNS IN JJ NN CC DT NNS IN NNP NNP POS NN IN NNP HYPH NNP . CC PRP VBZ JJ IN DT JJ NNS , JJ NN IN `` NNS '' IN JJ NNS IN NN , JJ NN IN DT `` NN IN NN '' CC `` DT NN IN NN '' IN VBG JJ NN CC JJ NNS : DT JJ CC JJ NN IN VBG DT NN , CC DT IN HYPH JJS HYPH JJ NN IN JJ NN . IN DT NN IN NNP , DT NN VBD VBG VBN RP , IN PRP$ JJ JJ NN NNP NNP , IN JJ `` JJ NNS '' IN DT NN , IN DT NN IN NN , NN IN VBG NNS VBZ RB IN DT NN . TO VB WRB JJ CC JJ HYPH IN HYPH DT HYPH NN DT NN MD VB IN DT NN IN DT JJ NN NN , VB RB JJR IN DT JJ NNS IN NN , IN VBN IN NNP NNP '' `` CC DT NNP VBD RP . '' NFP DT NN PRP VBD RB VBD DT NN IN NNS IN NNP , NNP . , WP VBD PRP$ NNS VBG IN NN IN VBG CD JJ HYPH NN NNS , NNS , NNS , NN -LRB- NN -RRB- CC NN , IN DT JJ NN CC IN JJ JJ NN . DT NNS VBD TO VB JJ CC NN TO VB IN DT NN NN IN JJ NNS , VBN NN , IN JJ NNS VBP IN NN -LRB- PRP VBD VBN IN IN JJS JJ NNS VBG IN CD -RRB- . DT VBZ DT JJ NN : DT RB HYPH VBG NN NN MD VB JJ IN DT JJ NN IN DT NN NN RB RB , NN , NN , JJ NN CC JJ NNS . -LRB- PRP VBD RB VB DT NN , DT NN IN DT NN NN VBN IN NNP VBD PRP IN PRP IN DT NN , CC RB , PRP$ NNS VBD RB VBN . -RRB- CD NN IN DT CD HYPH NN NN NN JJ NN VBD DT NN IN NN VBG DT JJ JJ NN IN DT JJ NN VBN NNP , WDT VBZ DT JJ HYPH CC HYPH VBN NN CC NN NNS IN CD NN . DT NN NN IN NNP VBZ RB CD NNS DT NN IN DT NN NN NN , DT NN VBN TO VB `` NN '' IN DT CD NNS -LRB- CC DT JJ NN IN NN RB RB -RRB- . NN NNP VBZ DT NN VBZ JJ CC RB JJ IN NN . RBR DT NN DT NN VBD PRP VBD VBG NN IN NNP , RB DT NN IN PRP$ NN , IN NNS IN NN NN VBD VBN RB JJ . DT NN , RB , MD VB VBG PRP$ JJ NNS VBG NN NN : DT NN NN NN CC DT JJ NN IN NNS . DT NNP NN VBD PRP DT NN IN NNP VBD NN TO VB IN DT NN NNS , IN PRP VBD VBN VBG RB CC MD VB VBN RB RB IN NN NN NNS VBD VBN . IN PRP VBP VBN RB , PRP VBD NNP TO VB RB JJ CC JJ WRB PRP VBD NNS IN DT NN , RB RBR RB IN DT NNP CC NNP NNP , IN NN . RB PRP VBP NNP IN PRP$ NN . CC , IN DT NN IN NN , CC HYPH VB , PRP MD VB VBG IN DT NN IN NNP . NFP DT NN IN NN NNS WDT MD VB DT RBS IN NN -LRB- RB , IN NN -RRB- VBP IN DT JJ NNS IN NN , VBN IN CD IN NNP NNP NNP IN NNP IN CD NNS VBN IN DT NNP NNPS IN DT NNS . IN JJ NNS IN NNP NNP IN DT NN NN NNPS , PRP VBP VBN DT NN IN DT IN DT JJ NNS : NN , IN DT NN POS NN , IN JJ NN IN NNS . DT VBZ DT JJ NN IN NN VBN IN NNS , CC DT VBD VBN RB IN CD , JJ WRB DT JJ NN NNS VBD VBN . DT VBZ RB DT NN , CC NNS VBP VBN PRP VBZ DT JJ NN RB IN VBG DT NNS , CC IN VBG WP PRP VBD VBG IN . DT MD VB , CC VB PRP IN PRP$ NN WRB , JJR IN DT NN IN RB VBG DT NN NN NN IN DT NN , PRP VBD DT NN IN NNP POS NNP CD CC VBD DT JJ NN IN DT NN , DT JJ NN . PRP VBD RP IN DT NNP NNP NNP NNP NN CC VBD DT JJ NN , VBD RP DT JJ NN CC VBD PRP IN DT JJ NN . PRP VBD DT JJ , VBN NN IN NN CD VBG DT NN NN DT NN VBD IN DT NN NN IN NN NN , DT NN IN WDT NN VBD DT JJ NN -LRB- CC IN DT NN -RRB- . IN DT NN PRP$ NN VBD VBN IN CD , PRP VBD VBG IN DT JJ NN IN JJ NN NNS , UH , DT NN VBN IN NNS . IN NNS MD VB , PRP VBP IN RB DT NN IN DT NNS IN NN , VBN DT NN IN DT NN CC DT JJ NN IN RB JJ IN NN POS NNS IN DT JJ NN IN NN , IN DT RB JJ NN , VBD PRP$ NNS POS NN . PRP RB VBZ IN WP VBZ VBG NN MD VB VBG IN PRP IN JJ NNS , PRP$ RB NN HYPH JJ NN RB RB IN DT JJ NNS WDT MD VB VBN . VB RP `` NNP NNP IN NNP CD '' IN DT NN TO VB DT JJ NN . RB NN IN NNP IN VBG DT NN . CC NN IN VBG , VBG IN , CC VBG , DT NN . NN VBZ , PRP VBP RB VBN DT JJ NN IN PRP . RB IN DT JJ NN . NFP -LRB- DT JJ NN IN NNP NN VBZ JJ IN NNP IN JJ NNS . -RRB- NFP -LRB- NN NN : ADD -RRB- NFP NN CD NNP NNP NNP , NNP DT NNPS VBN . NNP NNP NNP , NNP , DT NNP NN , CC JJ NNS CC NN NNS , VBP VBN CC JJ NNS IN NNP NNP NNP , NNP IN DT NNP NNPS CC IN JJ NNS ."
623,5,mainstream,"IN DT NNP VBZ VBG IN DT JJ NN IN DT NN NN , IN NN HYPH NNS , DT NN IN NN MD VB RB VBG . IN DT NN IN DT NN , PRP VBP VBN JJ NNS IN NN `` NNS '' , DT NNS IN DT NN CC , RB , JJ NN NNS VBG PRP IN NN NN . CC RB , DT NN VBN IN JJ JJ NN NNS VBZ VBN VBN IN DT NN . IN NN , NN IN RB DT JJ NN MD VB JJ NNS IN NN . RB , PRP VBP VBN IN JJ NNS RB . PRP VBP VBN NN IN NNS IN NN IN RB DT NN IN DT NN . DT NNP NNP NNP -LRB- NNP -RRB- RB VBZ NN NN IN CD IN DT JJ CD NNS IN JJ JJ NN . IN PRP VBP DT JJ NN , PRP VBZ JJ IN PRP VBP DT NNS IN DT JJ NNS . IN JJ NNS , NNS IN NNP VBP VBN VBN VBN IN NNS IN NNP WRB , IN CD , NNS IN CD NNS VBD DT CD HYPH NN NN IN DT NN NN , VBG JJ NNS IN NNS VBD VBN IN JJ NNS , NN CC JJ NNS . DT NN VBD JJ : CC DT NN VBD RB HYPH VBG . VBG IN DT NNP , PRP VBD RB IN CD IN NNS IN JJ NN VBD VBG VBN . DT NNP CC NNP NNS , IN CD CC CD , RB , VBD VBN IN JJ NNS IN DT NNS VBD NNS . CC , IN NN , DT NN IN DT NNP NN IN DT NNP , VBN IN NNP NNP POS RB RB VBN NNS IN DT NN IN NN IN CD , VBZ VBN JJ HYPH VBG NNS IN NN NNS . VBG IN DT NNP NNP , IN CD CC CD , RB CD NN NN IN NNS VBD VBN : CC DT VBD VBN IN RB CD NN NN IN CD . DT VBZ RB DT JJ NN . IN DT , NN NN VBZ DT NN IN JJ NN : DT NN TO VB DT NN IN NNS IN NN CC NN . DT VBZ NN MD VB RB VBN CC VBN IN JJ , JJ NNS . DT VBZ DT JJ NN . RB , IN DT VBZ RB NN PRP MD RB VB . CC RBS RB , PRP VBZ IN DT NNS MD VB IN JJ NNS IN VBN NNS IN DT NN IN DT JJ NN . NN NN VBZ VBN NN CC RB IN NN IN NN WDT VBZ VBN VBZ IN PRP$ NN , CC VBG DT NNS VBZ RB JJR IN PRP VBP VBN NN IN DT JJ NN . PRP VBP VBN IN PRP$ NN IN NN IN DT NN IN NN VBZ RB JJ WRB PRP VBZ IN VBG JJ NN IN NNS . PRP MD VB DT PRP VBZ VBZ VBG NNS IN DT NNS . WRB PRP VBZ IN JJ NNS CC JJ HYPH VBG NNS RB , VBG NN CC VBG NN VBZ RB RBR JJ . EX VBZ DT NN IN NNS TO VB JJ NNS MD RB VB , RB RB RB VBG PRP$ NN . CC EX VBP NNS TO VB VBN , RB . EX VBZ DT JJ NN IN NN WDT VBZ JJ NNS : VBG VBG JJ NNS RB CC RB : MD VB RP IN NNS IN NN . IN VBN NN NNS VBP RB JJ TO VB , RB PRP VBP RB PRP$ JJ NN . IN DT NNP VBZ RP , EX VBZ DT JJ NN IN DT NN CC NNS WP VBP RB JJ , CC JJ IN WRB NNS VBP . JJ IN DT JJ NN TO VB DT NN IN DT NN PRP , PRP DT VBP DT NN TO VB IN VBG DT NN IN JJ NNS . VBG NN NNS IN VBG JJR NNS IN VBG DT NN IN JJ NNS IN JJ NN VBZ DT JJR NN IN NN IN VBG TO VB NNS . PRP VBP DT JJ NN IN NNS WP VBP JJ NN VBP RB VB RB IN IN NN . RB , PRP VBP VBN IN DT NN TO VB PRP$ NNS CC NN IN VBG NN PRP VBP MD VB VB PRP . IN DT NN , DT VBN NN TO VB NNS IN DT NN TO VB JJ NN IN VBG NN RB MD VB RB JJ . JJ NN , PRP VBD DT NN IN DT JJ CC JJ NN . VBG RB VBN JJ , PRP VBD TO VB PRP$ NNS VBN IN VBG CD IN PRP$ NN NNS IN DT NN . DT VBZ RB CD NN IN WRB NN HYPH NN MD VB JJ NN IN VBG NNS . IN VBG RP IN JJ NN RB , NN HYPH NNS CC DT NN MD VB PRP VB DT JJ NNS IN JJ NNS ."
624,1071,mainstream,"NN VBZ DT JJ JJ NN NN CC VBG IN NNS VBP VBN RB VBZ JJ IN DT NN IN NN NNS IN VBG NN . DT NNS VBP VBN TO VB VBN IN DT NN IN CD NN NN NN IN DT NNS -LRB- RB VBN IN IN DT JJ NN -RRB- . DT NNP NNPS IN NNP NNP CC NNP IN NNP NNPS CD , VBZ DT NNS CC VBZ DT NNS IN NNS TO VB DT NNS . DT NN IN DT JJ NN VBZ JJ IN CD NNS : DT NNS WP VBP CC VBP DT JJ NN , DT NNS CC NN WDT VBP VBN CC DT NN IN WDT DT NNS VBP VBN . DT NN NNS VBP VBN TO VB JJ NN NN -LRB- CC JJ NN NN IN JJ -RRB- , WDT VBZ DT NN NN VBN IN DT NN TO VB IN DT NNS POS JJ NN NN NNS CC NN VBP DT VBN NNS . DT JJ NN VBD VBN IN CD CC VBZ DT NNP NNPS IN NNP NNP CC NNP CD -LRB- JJ NN -RRB- ."
625,75,mainstream,"JJ NNP NNP NNP NNP NNP NNP NNP VBD DT NNP NNP NNP , DT JJ NN IN JJR IN CD NNS , TO VB NNS IN DT NNP HYPH VBN JJ HYPH JJ NN NN VBN IN NNP , IN DT NN IN VBG NNS VBP JJ IN DT . DT NN VBZ TO VB JJR IN $ CD CD IN DT NN CC JJ NN HYPH JJ NN IN NN HYPH CD CC JJ NNS . IN PRP$ NNS IN NNP , NNP VBD NNP MD VB RB RB $ CD CD IN DT NNP NN NN IN DT JJ CD NNS . IN IN NN IN DT NN HYPH CD NN , NNP RB VBD IN NNS TO VB NN IN NNS WDT RB VBP . IN DT VBN NN NN , NNP NNP HYPH NNP NNP NNP VBD IN JJ NN TO VB DT NN RB VBZ NN IN DT NN HYPH CD NN WDT VBZ VBN , CC IN DT NN WDT VBZ VBN TO VB DT NN VB VBN TO VB DT NN IN JJ NN NNS . VBG NNS VBN IN NNS IN DT NN , NNP NNP NNP VBZ DT NNP HYPH CD NN VBZ VBN JJR IN CD RB CC VBN NNS . NNS VBN TO VB DT NN IN VBG VBP RB VBN NNS TO VB JJ NNS CC JJ NN NNS IN DT NN ."
626,1199,conspiracy,"IN NNS VBP RB DT NN IN DT NN IN NN NN , DT NN VBN IN JJ JJ NNS NN , RB WRB VBP DT IN DT RBS JJ NNS RB VBN IN NNS RB VBG NN IN NN NNS . DT VBZ DT NN JJ NNS VBP RB VBG IN DT JJ NN VBN IN NNS IN DT NNP IN NNP -LRB- NNP -RRB- IN NNP VBD IN JJ IN DT JJ NNS VBN JJ NNS IN NN NNS IN NN IN DT JJ NN VBD NN NNS . IN PRP$ NN , NNP NNP CC PRP$ NNS IN NNP VBD DT NN IN JJ NN NN IN JJ NN NN NNS WDT DT NNP NNPS IN NNP NNP CC NNP -LRB- NNP -RRB- MD VB VBN : CC RB VBZ : IN JJ NNS . CC WP DT JJ NN VBD VBD JJ , IN PRP RB VBZ DT JJ NN IN NNS VBP JJ CC VBP DT NN IN NN . VBN IN DT NNP NNP IN NNP NNP -LRB- NNP -RRB- IN NNP , NNP , DT NNS VBD IN JJ NN NNS VBN DT JJ NN HYPH VBN NN NN IN DT NNS , CC IN JJ NNS IN DT NNS POS NNS CC NNS , VBD TO VB NN NNS . PRP$ JJ NNS , IN DT JJ NN , VBD DT JJ NNS , WDT VBZ IN DT JJ NN IN NNS CC NN NN NNS . VBN IN DT NN VBD JJ NNS VBG DT JJ NN NNP , DT NN HYPH VBN NN WDT VBZ VBN VBN IN IN DT NNS , CC VBZ RB JJ IN NN HYPH NN NN NNS CC DT JJ NNS . RB VBN VBD DT JJ NNS , NNS , CC NN -LRB- NNP -RRB- NN , WDT VBZ VBN VBN NN CC NN RB IN VBG NN CC JJ JJ JJ , CC RB JJ , NN NNS IN NNS -LRB- ADD NN NN VBZ TO VB VBN IN NNP CC VBN IN JJ NN , VBZ NN NN NN VBG IN DT NN , NNP NNP , NN IN NNP VBD RP DT NNP IN VBG TO VB JJ NN NNS IN PRP$ VBN NN NNS . IN DT JJ NNS , WDT MD IN JJS VB DT JJ NN IN NN NN JJ IN NN CC NN , NNS CC NN NNS IN JJ VBP RB VB TO VB VBN JJ CC JJ IN VBG DT NN . VB JJ TO VB DT JJ NN IN DT NN IN NNP NNP NNP IN NNP ."
627,1114,mainstream,"NFP DT NN IN NN NNS CC NNS VBZ VBN TO VB PRP$ JJ NN IN NNP . NFP NN NN VBD DT CD JJ NNS TO VB IN DT NN , VBG JJ NNS CC NNS VBG JJ NN CC DT NN IN NN NNS IN JJ NNS . NFP DT NNS MD VB NN NNS IN DT NNS , VBG NN NNS IN NNP NNP CC NNP CC JJ NNS IN NNP CC NNP NNPS . NNP VBZ VBG RP TO VB DT JJ NN IN JJ NN HYPH NN CC NN HYPH NN NNS . DT MD VB JJ NN IN DT JJ NN , IN NNS MD VB RP CC VB NNS IN JJ NNS . EX VBZ DT NN IN NN IN NN IN JJ NNS IN NN HYPH CD , DT NN VBN IN DT JJ NN . DT NNP NNP NNP VBZ VBN CD NN HYPH NN NNS . JJ CD JJ NNS VBP VBG VBN IN TO VB VBN NNS . RB CD NNS VBP RB IN JJ NN , VBG IN NNP NNP NNP . RB VBP DT CD JJ NNS VBN TO VB IN NNP IN DT NN IN NN NNS CC NNS . DT NNP NNP NNP NNP CC DT JJ JJ NN NNP VBP VBG PRP$ NN NN NNP IN RB JJ NN HYPH CD NNS . NNP VBZ DT NN IN NN VBN NNP HYPH CD . DT JJ NN NN VBZ PRP , CC PRP MD VB NN . JJ NN HYPH CD NNS VBP VBN VBN IN DT JJ JJ NN CC JJ NNS IN NN . NNS VBP RB VBG TO VB IN NNP HYPH CD NNS IN NNP MD VB RP DT JJ JJ NN . IN NNP , NNP CC NNP VBD DT NN IN RB DT JJS NNS IN DT NN NN . NNS IN DT NN , WDT RB VBD NNP IN DT NN VBG DT NN , VBP JJ IN NNP . PRP MD VB DT JJ JJ HYPH JJ NN TO VB IN DT NNP HYPH CD NN MD VB DT JJS NN HYPH CD NNS . RB , NNP IN NNP NNS VBP VBN TO RB VB PRP$ NN IN DT NN VBG IN NN MD VB NNS IN DT NN . DT JJ NNS VBD VBN IN DT NN HYPH NN NN NN , WDT VBZ NNS VBD DT NN IN VBG VBN IN DT NN CC IN PRP VBD NNS . JJ NNS VBP VBN IN NN VBZ RB VB IN NN HYPH CD NNS WP VBP RB JJ RB TO VB IN DT NN . CC NNS IN DT NN VBP PRP VBZ TO VB VBN RB RB CC MD VB VB DT NN . EX VBZ DT JJ HYPH JJ NN WDT VBZ DT NN , CC DT NNP NN MD RB VB DT NN . EX VBP RB CD NN NNS IN DT NN . IN JJS CD JJR NNS VBP VBN TO VB PRP IN NNP . DT IN DT NN NNS MD VB IN JJ HYPH NN NNS RB VBN IN NN . NNS MD RB VB NNS TO VB IN DT NNS VBP DT JJ NN , IN JJ NNS IN JJR NNS MD VB VBN TO VB IN DT NN NNS VBP NNS IN DT NN . DT CD NNS WDT VBP VBN NNS TO VB JJ NN IN NNP VBP : NFP DT NN NN NNP NNP HYPH NNP POS NNS NNP CC NNP NNP IN DT NN HYPH VBN NN . NFP DT NNP NN HYPH VBN NN NN VBN IN NNP NNP NNP , WDT VBZ VBN TO VB DT JJ NN NN . NFP DT JJ JJ NN VBN NNP NNP IN DT JJ NN NN PRP VBZ PRP VBZ JJ TO VB VBG IN NNS . VB JJR : EX VBP JJR IN CD NN NNS VBN TO VB VBN IN NNS DT NN . RB VBP DT CD VBG NN NNS , CC WP TO VB IN IN DT NN IN CD . DT NNS VBP IN JJ NNS IN NN NNS IN DT NNS VBP DT NN , JJ JJ NNS MD VB TO VB NNS IN JJ JJ NNS . DT JJ NN NNS RB VBD DT NN IN JJ NNS IN NNP . DT JJ NN NNP VBD DT JJ NN IN JJ NNS IN DT JJ CD NNS WP VBD VBN PRP$ NN , VBG PRP DT VBD DT NN IN NNS . DT JJ NN NNP NNP VBD DT JJ TO VB NN NNS IN NNS . PRP VBD DT NNS VBD JJ JJ NNS , WDT VBP RB JJ . DT NNP NNP NNPS IN NNP , WDT VBD NNP POS NN , VBZ VBN TO VB JJ NN NNS IN NNP TO VB IN NNP POS JJ HYPH NNS NNP NN IN NNS . NNP NNS VBP VBN TO VB JJ NN NNS IN DT JJ NN IN DT JJ JJ NNS IN DT NN POS NN , NN , CC NN . VB JJR : DT JJ NN IN NNP IN DT NN POS NN NN VBZ DT NN WDT MD VB PRP CD IN DT RBS JJ NNS IN DT NN DT NNP NNP NN NN NNP VBZ RB VBN TO VB JJ JJ NNS IN PRP$ NN NN . NNP VBD IN DT JJ NN NNP TO VB CD NN NN NNS . DT JJ NNS MD VB VB DT RBS JJ NN TO VB IN JJ HYPH NN NN . DT NNP IN NNP NN NN VBZ RB VBN TO RB VB JJ NN CC NN NNS . NNP NNP , DT NN IN NNP , WDT VBZ VBG IN DT NN , VBD PRP MD RB VB NNS IN DT NN IN NNP NNP , NNP , CC JJ NNS . PRP VBZ JJ IN DT JJ NNS MD VB IN NNP , CC DT JJ NN IN JJ NNS VBZ RB VBN TO VB DT NN . RB , DT JJ NN NNP NNPS VBZ VBN PRP VBZ JJ NNS DT NN IN PRP$ NNP HYPH CD NN NN . IN DT NNS VBZ JJ , NNP MD VB TO VB DT JJ HYPH NN NN IN NNP CC NNP , DT NN VBD . DT IN DT NN NNS MD RB VB VBN IN DT NN IN DT NNS . PRP VBP RB VBN TO VB DT JJS NNS VBG NNS , JJ IN IN PRP MD VB NNS IN NNS CC WRB RB DT NN MD VB NN . CC DT JJ NNS MD VB VBG DT NN NN IN DT NN CC VB WRB RB DT NN VBZ DT JJ NN IN NNS . VB JJR : NNS VBP VBG TO VB DT NN NN WDT MD VB DT NN IN PRP$ NNS . RB VBP DT JJ CD NNS IN NNP , NNP , CC NNP VBG TO VB JJ DT NN . NN NNS , DT JJ JJ NN IN VBN NNS CC NNS , VB DT NN NN NNS VBP JJ JJ NNS IN JJ NN , JJ NN , CC JJ NN . DT NN IN WRB RB DT NN MD VB VBZ RB VBN IN DT VBG NN IN NN NNS WDT MD VB JJ RB RB IN DT NN . NNP MD VB DT JJ NN IN DT VBG NN NNS . NNP , DT NN IN NN NN , VBZ VBG TO RB VB CD JJ NNS IN NNP TO VB PRP$ NN NN VBN NNP HYPH NNP . DT NN MD VB DT JJ IN DT JJ NN IN NNS . CD NN MD VB DT NN NN IN DT JJ NN IN NNS IN JJ NN IN VBG VBN . DT JJ CD NNS VBP IN VBN NNS IN VBG NNS IN NN . PRP MD VB NNP HYPH NNP IN DT JJ NN IN NN HYPH CD NNS RB VBG NN NN CC NN . DT JJ MD VB IN VBN NNS . NNP NNP VBD IN NNP CD IN PRP VBD VBN VBG DT JJ NN NN IN NNS IN DT JJ HYPH NN NN NN . CD JJ JJ NN NNS VBP RB VBG NN NNS : NNP CC NNP . NNP VBZ RB VBN PRP VBZ TO VB JJ NNS IN DT NNP CC NNP IN DT NN IN NNP IN DT NN NN PRP VBZ VBN IN NNP NNP , DT JJ NN ."
628,140,mainstream,"JJ NNS VBD IN DT NN IN NNP , VBG DT JJ NN VBN IN DT NN IN DT NN , IN NNS VBD NNS IN DT NN NN CC NNS IN JJ NN . DT JJ NNP CD VBD JJR NNS TO VB CD NN . NNPS VBD CD NN IN NN NNS IN NN NNS VBD DT JJ NN TO VB CD NN JJR . IN DT NN NN , JJ NNP NN NNS VBD CD NN IN NNP , IN DT JJ NN DT NN RB , VBG IN NN VBN NNP IN DT NNP NNP NNPS NNP -LRB- NNP -RRB- . NNP POS RB HYPH VBN NNP NN IN JJ NN IN NNP VBD DT RB JJR HYPH IN HYPH VBN NN IN NNP , IN NNS VBG IN DT JJ NN IN DT JJ NN IN DT NN IN NNP POS JJS NN VBZ TO VB NN NNS . PRP VBZ IN VBG NNS IN DT JJ NN NN IN DT JJ NN IN DT NNP NN . NNS IN NNP VBD IN NNP IN NNP VBD `` JJ '' NN CD NNS IN DT JJ NN NN . DT NN VBD IN IN CD NNS , DT CD NN NNS VBD VBN NN NNS ."
629,526,conspiracy,"JJ NN NNS VBP DT JJ NN IN DT VBN NN NN , WDT DT NNS VBP VBN VBG IN IN DT JJ , NN CC NN . IN DT JJ NNP NNP -LRB- VB PRP NN -RRB- CC JJ NN NN , NNP -LRB- NNP NNP NNP -RRB- JJ NN NNP NNP VBZ RP DT NN IN DT JJ NN IN DT VBN NN NN : JJ NN NNS . IN DT NNP NNP IN NNP NN CD , NNPS VBD IN `` RB PRP MD VB DT JJ NNS TO VB WP VBZ VBN CC VBN VBN RB CC WRB PRP VBP DT NN WP VBZ VBN PRP . '' IN DT NN NN VBN NNP NN CD , NNPS VBD `` RB WP PRP MD VB TO VB VBZ NNS IN WP VBZ DT VBN NN , WP VBZ DT VBN NN , IN PRP VBP RB VB NNS VBG IN DT NN : -LRB- IN PRP$ NN -RRB- '' . NNP NNP -LRB- WP RB VBD RB VB NNP NNP JJ -RRB- VBZ VBN DT JJ NN VBG DT NN IN JJ NNS , JJ IN IN IN PRP$ VBN NNS IN DT NN VBG CD CD IN DT NN HYPH RP IN DT NN , PRP$ NN CD NNP -LRB- WDT RB VBD TO VB IN DT NN NN -RRB- CC PRP$ JJ NN IN NNS , VBG PRP$ JJ NN JJR IN IN IN NNS VBP IN NN NN CC NN . IN PRP VBP IN NNP CC PRP$ NN HYPH VBG NNS , VB DT NN IN WP NNP NNP NNP -LRB- NNP IN DT NNP -LRB- NNP NNP IN NNP CC NNP NNPS -RRB- IN CD -RRB- VBZ RB VBG . IN DT NN , DT VBZ DT JJ NNP WP RB VBZ NN TO VB JJ IN DT NN CC RB VBZ DT VBG IN PRP$ NNS IN JJ NNS -LRB- DT VBZ IN DT NNP NNP NNP IN NNP IN NNP NN , CD , VBN NNP HYPH CD : VBG DT JJ -RRB- : `` DT VBZ IN DT JJ JJ NNS IN NNP HYPH CD MD RB VB RBR JJ IN DT IN DT JJ JJ NN -LRB- WDT VBZ DT NN NN NN IN RB CD NN -RRB- CC DT NN NN -LRB- JJ IN DT IN CD CC CD -RRB- RB IN DT NN JJ IN NN CC NN , WDT VBP VBN NN NN NNS IN CD IN CD NN CC CD NN , RB . '' VBD PRP VB DT . NNP HYPH CD VBZ RB IN DT JJ , JJ , JJ NN . NNP RB VBD IN DT NNP NNP NN NN IN DT NN MD VB IN DT NN '' VBZ RP IN RB DT JJ NNS '' CC `` DT NNS '' IN DT NN . PRP VBD RB PRP '' VBZ NN IN PRP VBP VBG TO VB TO VB JJ NN '' CC DT NN VBZ IN IN RB PRP VBP TO VB RP DT IN HYPH DT HYPH JJ NN JJ NN NN . DT NNS VBP RB JJ TO VB PRP$ `` NN IN NN '' RB RB . PRP RB VBD DT JJR NN IN IN JJ NN , VBG IN `` DT JJ NN IN DT NN WDT MD VB VBG RB VBZ DT NN '' RB TO VB NNS IN NN IN DT JJ NN IN RB VBG RB . PRP RB RB VBD IN DT NN TO VB VBN NNS -LRB- VB : VBN NN NNS -RRB- . NN : VB VBG JJ , VB VBG DT NN , VB PRP JJR NN NNS CC VB VBG WP PRP VBP VBN , PRP JJ NN . RB , NNP NNS VBP VBN IN DT NNP NN IN VBG `` JJ '' NNS CC `` JJ NN '' IN NNPS CC : TO VB PRP RB WRB JJ DT NNP NNP VBZ VBN : DT NNP VBZ VBN RP NNP NNP IN NNPS CC NNP TO RB VB NNS VB VBN IN PRP$ NNS IN NN TO `` VB DT NN IN DT NN . '' DT NNS VBP RB JJ CC JJ . IN DT JJ NN CD JJ NN NNS VBP RP JJ NNS TO VB NN NNS , DT NN VBZ CD NNS VBN IN DT NN NN -LRB- NNP NNP -RRB- CC DT JJ NNP NN -LRB- NNP NNP -RRB- TO VB DT NNS CC VB IN JJ . RB RB , DT NNS VBP NNS IN JJ NN CC JJ NN . NNP NNP IN NNP VBZ : `` NNP POS NN IN WRB TO `` VB DT NN '' VBZ : `` DT JJ NN HYPH IN HYPH NN CC NN MD VB NN IN DT JJ CD IN CD NNS , NN CC JJ NNS MD VB TO VB RB IN RB NNP NN . '' VBN IN PRP$ NNS VBP DT VBG NNS , VBN IN PRP VBP IN NN IN DT JJ NN CC DT JJ NN IN NN : NFP `` NN CC JJ NN NN RB VBP TO VB NNS IN NNS TO VB NNS IN DT JJ NNP HYPH CD NNS VBG NN NNS , JJ NN NNS , CC NNS IN NN NNS CC DT JJ . PRP RB VBP TO VB VBN NNS TO VB PRP$ JJ NNS . PRP MD VB JJR TO VB DT JJ NN IN PRP VBP JJ NNS , VB CC VB PDT PRP$ NNS , CC VB DT IN PRP WP MD VB VBN . '' NFP `` VB DT NNP HYPH CD NN NN . NNPS MD VB NN NNS TO VB NNS WP VBP VBN NNP HYPH CD , VBP JJ CC VBP RB RBR JJ . DT NNS MD RB VB IN NNS CC JJ NNS WRB VBG NN HYPH JJ MD VB DT NN . '' '' DT JJ , CD HYPH NN NN VBD VBN IN NNP NNP WP VBZ DT JJ NN IN DT NNP , CC RB VBZ IN DT NN IN NNP , -LRB- NNP POS NN -RRB- RB VBZ VBG RB JJ NN IN DT NN IN DT NN NN IN NN NNS : -LRB- CC PRP -RRB- RB VBZ IN DT NN IN DT JJ NN NN IN NN IN DT NN IN DT NN HYPH CD NN . '' DT NN IN DT NN HYPH CD NN NN VBZ DT NN IN DT NN TO VB IN JJR NN , CC PRP VBZ RP IN DT JJ NN . JJ NN NNS : VBG NNS IN VBG PRP$ NN TO NN CC NN WP PRP CC JJ JJ NNS VBP VBN VBG IN IN NNS VBZ JJ TO VB DT NN IN NNS VBP RP : RB . DT NNP NNS VBP IN PRP MD RB RB VB RP CC VB VB NN IN DT NN IN NN RB . RB , NNS VBP VBN RB VBG IN NN IN DT JJ JJ NNS WDT VBP NNS . NNP NNP CC JJ JJ NNS VBP VBN VBG IN PDT DT NNS IN RB IN DT NN IN JJ NN WDT VBZ VBN DT JJ NN IN DT JJ NN . RB , PRP VBP VBN IN JJR NN CC JJR NN . IN RB JJ NNS VBN IN DT VBN NN NN , NNS MD VB RBR JJ TO VB DT NNS PRP CC TO VB CC VB DT IN PRP TO VB VBN '' IN JJ NN . '' DT JJ NNS VBP RB VBN DT NN IN JJR NN CC JJR NN . RB , PRP VBZ JJ IN RB IN DT NN IN NN PRP MD VB JJ TO RB VB CC RP VB NN IN JJ NNS IN DT NN IN JJ NNS CC NN . RB , PRP$ NN VBZ TO VB DT FW JJ NN HYPH NN NN IN VBG PRP JJ CC JJ IN JJ TO VB IN JJ NN IN VBG DT NN , IN VBG PRP$ NN TO VB CC VB IN PRP . PRP VBZ DT JJ NN PRP VBP IN JJ JJ NNS : PRP VBP PRP VBZ JJ IN RB , CC PRP VBP PDT DT NNS IN PRP , CC RB IN NN VBZ RB VBN , PRP VBP PRP JJ . DT VBZ RB VBG IN DT NN IN DT JJ NN IN NNS POS NN CC JJ NN , IN DT NN IN JJ , JJ CC JJ NNS IN NNS . PDT DT MD VB JJ CC JJ RB VBD PRP RB IN DT VBN NN IN DT JJ NN NN . NNPS VBD PRP VBZ NN NNS , CC IN EX MD RB VB DT NN IN JJ NN NNS -LRB- `` PRP$ NNS , UH '' -RRB- , NNPS VBD JJ IN PRP VBD JJ NN NNS . DT VBZ IN NN IN PRP$ JJ NN NN WDT VBZ PRP VBZ TO RB VB NN IN DT JJ NN CC WDT VBZ RB DT NN IN VBG NNS IN NN . IN PRP VBP DT , PRP MD VB VBN JJ HYPH VBN JJ NN , MD VB VBN PRP$ JJ NN CC MD VB VBN NNS IN DT NNP JJ NNP IN DT NN IN DT NNP NNS WP MD VB JJ TO VB DT NNS IN NNS TO RB VB CC VB PRP IN DT NN IN NNS IN DT NNS VBN IN PRP . IN PRP VBP DT NNP TO VB DT NN TO RB VB NNS IN PRP$ NN IN PRP$ NN , PRP VBZ VBG TO VB , IN JJ , NN RB . IN DT NNP NNP , NNP VBZ VBG IN JJR JJ NN : DT JJ NN , JJR NN CC JJR NNS . DT JJR NNS WP VBP VBN VBZ JJR NNS VBN CC VBN IN NN . PRP VBZ RB JJ WRB RB NNS VBP VBG . DT VBZ DT NN IN NN TO VB WRB JJ NNS MD VB RP IN DT NN TO VB PRP . UH VB DT RB CC RB ."
630,929,conspiracy,"PRP VBD IN NNP NNP NNP . CD IN DT JJ NNS VBD PRP$ JJ NN IN DT NNP NNP . PRP VBP RB RB VBN JJ IN DT IN PRP$ NNS CC WRB VBZ DT NN VBG TO VB NN JJ PDT DT NN . NN , PRP$ NN VBD PRP RB JJ . NNP NNP VBD NNP CD VBN IN DT `` NNP NNP NNP . '' DT NN VBZ NNS CC NNS IN PRP$ NN IN VBG NNS WDT MD VB DT NN CC JJ NN TO VB NN NN IN NNS VBN TO VB DT JJ NN . PRP VBZ RB DT JJ NN IN DT NN . DT NNP VBZ IN NNP HYPH VBN NNPS NN NN IN NNP NNP VBZ JJ IN DT , IN NN . VB DT NN RB . IN PRP VBP RB IN JJ NNS RB VBG NNS , PRP JJ HYPH RB VBP JJ NN . CC PRP VBP RB RB JJ IN NNS POS NN IN JJ NN NNS . RB DT VBZ IN PRP$ NN NN VBZ RB TO VB RP PRP$ NNS . IN JJ , VB DT JJ NN RB ."
631,1201,conspiracy,"DT NN CC NN IN DT NN NN : VBZ NN JJR IN JJ . NNP CD CD , NN NN : `` JJ NNPS MD RB VB NNS TO VB IN IN DT NN NN VBZ , VBG IN JJ NNP JJ NN NNP NNP '' : `` JJ NNPS MD RB VB NNS TO VB IN IN DT NN NN VBZ : '' `` PRP VBP VBG TO VB NN IN CD NNS IN NN IN CD NNS . '' `` DT NN VBZ RB RB DT NN VBZ DT JJ NN IN NNS TO VB JJ IN NNS , VB RP NNS CC NNS , CC VB RP WRB PRP MD VB RBR RB . '' `` JJ JJ NN VBZ VBG TO VB DT NN , RB RB RB IN DT NNP NNPS , CC NNP VBZ VBG DT NN IN DT JJ NN . NNS IN NNP VBP RB RB , RB RB VBN IN DT . '' `` PRP VBP VBG TO VB DT JJ NN IN PRP$ NN IN NNP VBZ CD IN DT JJ NNS RB RB WDT VBZ VBG JJR CC JJR . PRP VBP VBG JJR NNS VBP IN NN NN NNS VBG IN PRP DT RB VBP RB . '' `` CD NN PRP VBP VBN VBG VBZ IN PRP VBP VBG TO VB NN IN CD NNS IN NN IN CD NNS , IN NNS VBP VBG VBN IN DT NN WRB PRP VBZ NN TO VB RP DT NN IN DT NN WDT PRP VBD VBG VBG IN . '' `` DT NN VBZ RB RB DT NN VBZ DT JJ NN IN NNS TO VB JJ IN NNS , VB RP NNS CC NNS , CC VB RP WRB PRP MD VB RBR RB . '' `` PRP$ NNS VBP IN NN RB IN NN JJ POS NNS CC PRP VBP VBG VBN RB : PRP VBP VBG TO VB JJ , JJ NNS WDT RB VBP DT JJ NN WRB PRP RB VBP , `` UH , DT JJ NN VBZ VBG RB . '' `` IN PRP MD VB DT NN TO , RB , VB PRP JJ IN NN , DT VBZ VBG TO VB NN WDT RB PRP DT VBP TO VB IN JJR CC JJR . '' `` PRP VBP IN DT NN PRP VBZ RB VBG TO VB TO VB DT NN JJR IN DT , IN DT $ CD DT NN VBZ JJ IN NN NNS IN IN JJS JJS IN PRP , CC DT NN VBZ VBG TO VB RB RBR JJ CC VBG , CC IN DT NN CC RB . '' NFP PRP MD VB VBG IN NN JJR IN $ CD DT NN WDT MD VB RBR JJ CC VBG NNS RB RB VB JJ TO VB PRP$ NNS , CC RB VB DT JJ NN RB . '' `` PRP VBP VBG TO VB VBG IN DT NNS IN DT NN IN NNS TO VB , CC PRP VBP DT NNP NN NN NN TO VB DT NN , VBG VB DT NN IN WP NNP IN CD , CD , VBZ VBG TO VB IN IN PRP VBP DT NN IN NN . '' NNP CD CD , NN NN : `` NN NN : JJR IN CD NNS VBP TO VB RP RB IN DT VBG NNS , IN NNS IN IN NN CC DT NN POS NN JJ . '' CC IN DT NN IN PRP$ NN VBZ JJ NN RB , JJ NNS CC NNS VBP VBN IN NN , IN JJ NNS VBP VBN RP , VBG DT NN IN JJ NN . IN VBG DT NN IN VBG CC VBN `` NNS '' , DT JJ CC JJ NN IN DT NN VBZ . DT NN IN JJ NN IN JJ NN VBN , RB , RB . NNP POS , NNP CC NNP -LRB- `` JJ NNS '' -RRB- VBP JJ IN JJ NN VBZ VBN TO VB VBN . IN NNP CD CD , NNP VBD PRP MD VB NNP MD VB DT JJ CD NNS TO VB RP IN PRP$ VBG NN IN JJ NNS . DT JJ NN : PRP DT VBP IN $ CD DT NN : WRB NNP NNP , NNP NNP , NNP NNP , NNP NNP , NNP NNP , NNP , FW FW : VB IN $ CD DT NN . DT JJ VBP JJ , VBG , JJ NNS . NNP CD CD , NN NN : `` NNP NNP VBZ PRP MD VB `` NN TO VB DT JJ JJ NN '' IN NNP NN '' : DT NNP POS NN IN JJ NN NNP CC DT NNP NNP VBZ JJ IN JJ NN NN . NNS VBP IN NNP -LRB- NNP NNP NNP -RRB- MD RB VB VBN JJ NNS : DT JJ NN NN . -LRB- NN -RRB- NN NN VBZ VBN IN VBG NNS IN NNS IN JJ NN . -LRB- JJ NN -RRB- NNP CD CD , NNP NNP , NNP NNP VBZ VBG IN DT NNP NNP NNP . WP DT NNP VBZ DT . NNP CD CD , NNP IN DT NNPS , `` JJ NN IN NNP . RB RB RB '' : NNP CD CD , DT NNP NNP : `` VB PRP JJ , CC JJ JJ NN VBZ VBG '' : NNP CD , CD , NNP NNP NNP , `` PRP MD VB DT NNS VB PRP$ NNS : CC RB VB PRP PDT DT JJ NN '' : `` IN NNS IN JJ NN CC NN NN , EX VBZ VBG TO VB DT JJ CC JJ NN IN JJ VBG NNS . '' `` NNP , DT JJ NN IN WDT DT NN IN NN VBZ RB VBN IN DT NN , MD VB DT JJ NN IN DT JJ NNS IN NN IN DT NN . '' `` NNS MD VB RB IN NN NN , IN DT JJ NN MD VB JJ TO VB VBG DT NN , IN IN DT JJ NN RB VBG JJR NNS . '' `` IN DT , DT JJ HYPH NN NN VBZ VBZ : CD NNS IN NN DT NN , NN CC JJ NN , NN NNS , CC NN NNS , TO VB DT JJ . RB , DT JJ NN MD RB VB DT JJ NN CC DT JJ NN CC NN . '' `` DT NNP NN VBD IN DT JJ NN NN VBZ VBN RB $ CD DT NN -LRB- VBG NNS -RRB- IN DT JJ NN NN IN RB $ CD IN DT NN . '' `` IN CD NNS , DT NN MD VB RB RBR RB , '' DT NN VBZ . `` DT NN NN IN NN IN DT NN VBG JJ NN NNS MD VB IN RB JJ IN $ CD WRB NN NNS VBP VBN RP . '' `` DT NN MD RB VB TO VB . NNP POS , DT JJ NN IN NN , VBZ RB VBG JJ NNS IN VBN NNS . PRP VBP DT CD NN IN CD NN NN IN NN IN RB DT JJ NN , IN CD PRP VBP DT NN TO VB IN JJ NNS . '' `` CC DT VBZ RB CD NN : NNP VBZ IN CD NN IN NNP NNS MD VB IN NN IN VBG VBN IN NN IN CD . '' `` NNS WDT VBP PRP$ NNS MD VB VBN IN DT JJ JJ NNS , CC DT IN DT VBG NN VBN RB IN NNS IN DT NN IN DT NN IN NNP . '' `` IN DT NN IN DT NNP VBZ JJ : NNP NNP , NNP NNP , CC NNP NNP VBP RB VBN PRP : WRB RB MD DT JJ JJ NN VB VBN . `` JJ NNS IN NNS VBP VBG TO VB PRP$ NNS , VBG IN JJ NNS IN NN . '' NNP CD CD : RB CD NNS CC JJ NNS VBD IN NNS TO VB JJ JJ NN IN DT JJ NN : `` PRP VBZ NN IN NNS TO VB NN JJ JJ NN , VBG IN NN IN PRP$ NN VBZ JJ NN TO VB DT NN CC JJ NNS PRP VBP TO VB . '' NNP VBZ DT NN IN NNS TO VB VBN IN NN IN JJ IN CD NN IN CD . DT NNP HYPH CD NN VBZ DT JJ NN TO VB DT NN IN NN RB . NNP CD CD : `` JJ NNS VBN IN NNP VBP IN IN DT JJ NN IN NNP RB CD CD NNS IN JJ IN JJ NN NNS VBP IN IN NN , VBG CD NN IN DT VBN NNS CC VBG DT NN IN CD NNS WDT VBP VBN JJ NNS . IN JJS NNS VBN TO VB VBN IN DT NN IN DT JJ JJ NN , DT NN IN DT NNS VBZ JJ IN DT NN IN NN NN . '' PRP MD VB PRP VBP IN DT JJ JJ NN WDT VBZ NN RB CC JJS . RBR , PRP VBZ JJ TO VB IN DT NNP CC NNP NNS , JJ IN DT NNP -LRB- NNP , NNPS -RRB- , VBP IN NN RB . DT NNP VBZ IN DT NN IN DT NN IN JJ NN . NNP CD , NNP NNP NNP : `` DT NN IN DT NN IN DT NN HYPH NN WP VBZ NN IN PRP$ NNS VBZ RB RBR JJ IN DT NN IN DT JJ HYPH NN NN . '' NNP CD , NNP CC NNP : `` IN NN : DT NN IN DT JJ JJ '' : NNPS MD VB CD NN IN NNP NNP IN CD NNS , VB NN NNP CD , CD : `` DT NN VBZ VBN DT `` NN '' IN NNS CC NNS IN JJ NN , NNP POS NN NN NN VBZ VBN IN NN IN VB HYPH IN HYPH NN NNS VBP VBN DT NN CC DT IN DT NN IN VBG DT NN TO VB RP IN NN VBZ IN NN . `` PRP VBP NN VBN RP IN PRP MD RB VB PRP$ NN , DT NN RB RB IN DT NN NN IN JJ IN DT JJ NN , DT NN VBZ VBG NN IN VBG NNS TO VB NN NNS , NN NNS , NN NNS , NN NNS , NNS , NNS CC NNS . '' -LRB- NN -RRB- NNP CD CD , NNP , '' IN DT NN IN NNP WRB NN NNS VBD VBN IN NNS '' NNP CD , CD : NNP : `` NNP TO VB JJ JJ NN TO VB NNP NNP NNP '' . RB PRP VBZ JJ TO VB IN RB IN NNP CD , CD , DT NNP NNP NNP VBD DT NN IN DT NNP -LRB- DT NNP NN -RRB- TO VB DT NNP HYPH CD NN NN : DT NN HYPH NN VBN IN RB CD NNS IN NN , WDT IN VBZ `` VBN IN CD '' , IN IN NNP CD , CD . DT VBZ IN NN IN DT NNP NNP NNP NN IN DT NNP NNPS IN NNP CD , CD . DT VBZ DT NN IN JJ NN , VBG IN JJ NN . NNP CD CD , NNP : `` NN NNS VBP IN NNS IN DT NN '' : NNP CD CD , NNP : `` NNS MD VB PRP VB JJ NNS . RB VBZ WRB NNS VBP PRP MD VB PRP RB '' : IN NN IN DT NNP NNP NNP CD NN , PRP VBP DT VBG `` JJ NN IN NN '' TO VB VBN IN NNS NN , CC RB RBR IN DT NN IN NN NNS . DT VBN NN IN NN CC NN IN DT WDT VBP PRP , VBZ , TO VB JJ , JJ NN . EX VBZ NN TO VB VBN IN DT NNP NNP NNP NN IN NN IN NN : JJ IN PRP$ NN CC NN . PRP RB MD VB VBN IN DT NN . RB , NN POS NN VBZ IN JJ NN : IN NNS TO VB DT NNP POS NN IN JJ NNS CC NN NNS , IN VBG RP WP PRP VBP RB RB VBN : IN PRP$ JJ JJ NN . NN : NN DT JJ NN NN IN DT JJ NN : VBG NN NN IN NNP NNPS , NNP , CD , NNP NNP NNP -LRB- NNP NNPS NNP -RRB- DT NNP NNP NNP , DT NN IN NN , VBZ VBG VBN RP IN NN IN DT NN IN JJ NN JJ NN -LRB- NNP -RRB- . DT VBZ DT JJ NN IN DT JJ NN . VB NN `` VBN '' IN CD CD IN NN IN CD CD -LRB- CD -RRB- . `` JJ NN '' NN MD VB NN . `` NNP NN VBZ NN IN VBG NNP , DT JJ NN IN DT VBG NN : . JJ NN NNP NNP VBZ RB VBG DT NNP NN IN DT `` JJ NN . '' -LRB- NNP IN NNP -RRB- `` VBG JJ HYPH NN NN VBZ NNS IN RB VBG NNS TO VB JJR IN DT JJ NN , RB NN HYPH NN NNS VBP IN JJS IN NN DT NN IN NNS , RB IN NNS . '' NNP CD , CD , DT NNP NNP NNP : `` NNP NNP : DT NNP NNP MD RB VB DT NN NN '' : `` NNP NN , WRB DT VBZ VBN CC VBN , VBZ DT NN IN NN JJR IN DT NNS TO VB DT NN IN DT JJ NN WDT VBZ WP VBZ IN NN . '' `` PRP VBZ RB IN DT NN IN JJ NN . PRP$ NN MD RB VB RBR JJ CC RB JJR CC , IN PRP VBP IN DT VBN NNS IN DT JJ NN , IN JJ NNS CC RB JJ NNS , PRP VBP RB JJR RP : : PRP VBZ RB VBN IN DT JJ NN IN NN MD VB VBN IN NN RB IN PRP VBP VBG IN DT `` JJ NN . '' IN PDT DT NN , PRP VBZ VBN , NNS IN NNS WP VBP VBN VBN MD VB TO VB VBN IN CC DT NNS MD VB TO VB IN NNP NNP , IN NNP NNPS CC VB NN IN PRP VBZ DT JJ JJ CC JJ NN . TO VB JJ JJ NN IN DT NN VBZ TO VB JJ NN IN DT NN VBN IN DT NN IN NN . IN PRP MD RB VB VBG NNS IN DT NN IN JJ NN , EX VBZ JJ NN TO VB PRP TO VB RB RB IN JJ NNS IN JJ NN . EX RB VBZ DT NN HYPH NN NN CC DT JJ NN NN WDT VBZ VBG TO VB PRP RP . PRP VBP VBG IN PRP$ NNS VBP TO VB , RB IN VB IN NNS IN , DT JJ NN CC DT NN NN WDT VBZ VBN PRP . IN PDT PRP$ NNS TO VB DT JJ NN , DT NN IN JJ NN VBZ DT JJ NN TO VB NN IN DT NN . IN NN , RB DT NN VBZ RB JJ . DT NN IN NN WDT NNS VBP VBG IN IN PRP$ JJ NN NNS MD RB `` VB DT NN IN DT NN NN '' CC VB PRP RBR JJ . DT NN IN NN CC NN VBZ DT NN IN NN NN WDT VBZ NNS RB JJ CC JJ IN JJ IN DT NN IN NN CC DT MD RB VB IN PRP VBZ VBN IN `` NNP NN '' . '' WRB PRP DT VBP TO RB VB -LRB- DT RB VBP , CC JJ JJR VBP VBN IN NNS -RRB- , RB RB : PRP MD VB DT JJ . DT NN VBZ DT . VBP PRP RB VB IN DT NNS RB VBP DT VBG NN IN PRP$ NN . DT NNP NNP NNP MD VB IN NN IN DT NN NN WDT MD VB DT NNP IN NNPS . `` JJ '' NNS MD VB VBN IN DT NN IN JJ NN CC DT JJ JJ NN . NN MD VB DT NN NN IN DT CD HYPH JJ NN . DT NN , VBZ RB IN PRP$ NN : DT `` JJ NN '' VBZ TO VB VBN NNP NNP VBZ DT JJ JJ NN , NN CC JJ NN , VBG IN JJ JJ NN CC JJ NN IN DT JJ JJ NN . PRP VBZ IN NNP . PRP$ JJ NNS MD VB VBN IN NNP NNP IN NNP , DT NNP IN NNP CC NNP . PRP$ NN VBZ RB VBN VBN IN NNP NNP CC NNP , DT JJ NN IN DT NNP NNP IN NNP . PRP MD VB PRP$ JJ NN IN NNP . DT NNS IN DT NN VBP IN NNP IN RB VBN DT JJ NN IN DT NN VBZ JJ NN IN JJ NN , NNP NNP , JJ NNP IN NNP , CD PRP MD RB VB IN DT JJ NNS TO VB DT NNP NNP VBN JJ NN POS NN IN NN , IN VBG NN NN IN DT JJ NN , IN VBG NNP NNP IN NN ."
632,24,mainstream,"NNS IN NNP WP VBP TO VB PRP$ NNS IN NNS MD VB VBN TO VB IN IN $ CD -LRB- $ CD -RRB- IN NNS CC PRP$ NNS MD VB VBN IN IN NN , VBG IN DT NN NN VBN RB IN NNP NNP NNP NNP . `` PRP VBP TO VB NNS , '' NNP VBD DT JJ NN NNP NN NNP NN . `` DT NNS MD VB JJ IN DT NN IN PRP$ NNS MD RB VB VBN CC VBN IN NNS . '' VB JJR : WRB NNS VBZ RB JJ CC NN RB JJ NNP POS NNP NNP NNP VBZ IN CD NN IN NNS VBP DT JJ NN . RB , DT VBZ RB JJ IN DT VBN CD NN NN . NNP VBD DT NN NN MD VB VB NNS RB JJ TO VB DT NN NNS . `` NNS VBP NNS IN CD NNS IN NN , WP VBP RB JJ IN NNS CC VBP RB RB VBN , '' NNP VBD DT NN . DT NN VBZ DT JJ NN IN NNS IN NNS . JJ NN VBZ JJ IN NNP , RB DT NN MD RB VB JJ TO VB JJ NNS IN IN NNS . RB , PRP$ NNS MD VB VBN TO VB DT NN . IN NN IN NNS , EX VBP RB JJR NNS WP$ NN VBZ PRP IN VBG VBN , JJ IN NN NNS CC NNS VBG IN NN . PRP$ NNS MD VB TO VB NN IN DT JJ NN WDT VBZ PRP IN VBG DT NN . IN NNP CD , JJ NNS WP VBP TO VB RP PRP$ NNS IN NNS CC NNS MD VB TO VB NN IN PRP$ NNS VBP VBN VBN . NNS MD RB VB JJ IN NNS IN NNS CC JJ JJ NNS . DT NN NN VBZ RB VBG VBN IN DT NN . PRP VBZ VBN TO VB VBN DT NN CC VB IN NN IN NNP CD . DT NNP NNP NNP -LRB- NNP -RRB- CC DT NNP NNPS VBP RB VBN IN NN IN DT JJ NN IN NNS NNS IN DT NN . NNS VBD CD NNS JJ NN , CC DT NN IN NNS VBN IN DT NN VBD IN CD NN VBN IN CD . VBN NNS VBP RB VBN DT NN IN NNS NNS , RB IN IN DT VBN NN IN NNS VBP NN . NNP , WDT VBZ VBN JJ NNS IN JJ IN PRP$ NNS , VBD CD NNS NNS IN DT JJ CD NNS IN CD . DT NN , NNP VBZ RP DT NN IN DT NN POS NN CC NNS . VB RP RB ."
633,1110,mainstream,"IN JJ NNS IN JJ NNS VBP RB VB DT NN NN CC NNS IN DT JJ NN NNS IN DT NN , JJ NNS VBP VBN IN CD IN DT JJS NNS NNS VBP RB VB VBN VBZ IN DT NN RB VBZ PRP . -LRB- CD NN IN NNS VBP PRP MD VB RBR JJ TO VB DT NN IN DT NN NN NN VBD PRP . -RRB- WRB MD PRP VB JJR NN NNS TO VB NNS . RB , EX VBZ DT JJ , JJ NN : `` VBG '' PRP TO VB RB IN VBG JJ NNS IN DT NN IN WDT PRP VBP NNS . NN NNS VBP DT NN IN NN ."
634,305,mainstream,"NNP POS NNP NNP VBD NNP IN DT NN NN VBZ VBG VBN IN `` DT CD NNS . '' DT `` NNP NNP '' NN VBD IN NN NNP CC NNP CC NNP NNP , DT NN IN DT NNP NNP , VBP JJ NNS IN NNP NNP POS NN IN JJ NNS . `` DT NNP HYPH VBN NN IN DT NN VBZ JJ IN DT JJ JJ NN IN DT NN IN NNP HYPH CD , '' PRP VBD NN NNS . DT NNS VBD IN NNP CC NNP , WDT VBZ VBG IN DT NNP HYPH CD NN , VBD RP PRP$ VBN NN NN IN JJ NNS IN NNP IN NNP . IN DT NN , NNP VBD IN PRP$ NN MD VB NN NNS IN CD IN CD IN DT NN VBZ IN DT NN NN . DT NNP NNP NNP NNP VBD CD NNS , CC CD NN , IN CD , CC DT NNP CD VBD CD NN IN CD IN DT NN . DT NNP NNP VBD TO VB PRP$ NN JJR , VBG CD NN IN DT JJ NN IN CD . `` DT VBZ RB RB RB JJ IN PRP MD VB , JJ DT NN , '' NNP VBD . `` IN RB , VB IN DT NNP NNP NN , RB IN DT NNS WRB PRP VBP RB RB JJ IN DT NN . '' NNP POS NNP HYPH CD NN IN NNS VBN IN DT JJ NN CC NN HYPH NN NNS VBD PDT DT JJ NNS . DT NN IN CD NNS VBD CD NN IN DT NN . IN NNP VBZ RB IN PRP$ NN , NNS VBP VBN PRP$ NNS IN DT NN NNS IN NN HYPH NN NN NNS . `` WRB PRP VBP IN WP VBD RP NN , PRP VBD DT NNP NNS , '' NNP VBD . `` DT VBZ WRB DT NNP CC DT NNP VBD VBN , CC DT NNP VBD RB JJ . ''"
635,67,conspiracy,"CD CD NNPS VBD VBN NN NN VBN IN NN HYPH VBG NN , VBZ NNP DT NNP NNPS IN NNP NNP CC NNP -LRB- NNP -RRB- VBZ RB RB VBN VBN VBG JJ CC VBG NN IN NNS IN PRP$ NN . DT NN PRP VBZ DT JJ NN NN , IN IN CD CD NNS IN WDT VBP VBN VBN IN VBG DT NN HYPH VBG NN WDT VBZ RB VBN TO VB JJ IN VBG NNS IN NNS IN NNP , VBG IN DT NNP . DT NN VBD VBN IN DT JJ NNP NN NN VBN NNP , NNP NNP CD -LRB- NNP -RRB- , CC NNP NNP , WDT VBZ RB VBN VBN IN DT NNP POS NN . RB , NNP VBD JJ TO VB DT JJ NN IN DT NNP RB VBD PRP , RB IN NNP VBZ VBN VBG JJ NN RB IN IN PRP$ NN IN VBG NN . PRP MD VB DT NN IN DT JJ NNP NN IN NN CC NN NNS , WDT VBZ RB RBR JJ , RB : ADD PRP MD VB DT JJ VBN NNP NN RB : ADD IN PRP MD VB IN DT VBN NNP NN , DT NNP NN VBD RB RB VBN IN NNS RB IN CD , CC RB RB IN VBD VBG RB IN NN NNS . DT NN NN , VBG IN DT JJ NN , VBZ VBN VBN IN VBG DT NN IN JJ NNS , VBG NN NN , NN NN , NN NN , CC NNP NNP . IN DT NNP VBZ DT JJ JJ NN IN NN CC NN , PRP VBZ IN DT NN , WDT VBD RB VBN IN DT NN NNS IN CD , VBD JJ IN NN IN NN NN . JJR IN CD CD NNS , IN NN , MD VB VBN VBN IN NN IN DT NN IN VBG NN HYPH VBN NN NNS RB IN DT NNS , CC JJ IN DT MD VB VBN NN IN DT NN . `` JJR IN CD CD NNPS VBD CD CC JJR NNS IN NN NN IN CD IN CD WRB DT NN IN NN VBD VBN IN NN , '' VBZ DT NNP . `` -LRB- PRP VBP VBZ VBN VBN IN CD SYM CD CD NNPS MD VB VBN DT NN VBN NN IN NN . '' RB WRB DT JJ NN IN DT JJ NN IN DT NNP POS NN . DT VBN NNP NN , IN PRP MD VB , VBZ JJ TO VB PRP$ NNS IN VBG IN NNP VBZ VBN RB VBN IN VBG NN , RB IN PRP VBD VBN RB IN CD IN DT NNP NNP IN NNP -LRB- NNP -RRB- WDT NN VBZ RB VBN IN VBG NN NN . `` IN JJ NNS , NNP VBZ DT NN NN WDT VBZ VBN VBN TO VB NNS CC NN , '' VBZ NNP . `` NNP VBZ VBN TO VB DT JJ NNS IN DT NN HYPH VBG NNS IN NNS IN DT NN JJ NN NN CC NN JJ NN NN . JJ NNS MD VB IN JJ JJ NN , VBG IN NN . '' RB RB IN JJ NNS VBN IN NNP , NNP NNP , NNP NNP IN NNP IN NNP NNP IN NNP , VBD IN DT NN VBZ JJ IN JJ NNS IN CC NN NN NN CC DT RB JJ NN NN NN VBN IN NN . IN PRP VBZ RP , NNP VBD NNP IN RB CD HYPH NN IN DT NN NNS VBN , CC IN CD NN IN JJ NN NNS . DT JJ VBD JJ IN CD NN IN DT NNS IN NN . `` JJ NNS RB VBP JJ , RB JJS , IN DT NN POS NNS VBD IN DT NNP CC NNP NN NNS , CC NN NN NNS , VBN IN NNS CC NNS , '' VBZ NNP . `` PRP VBZ VBN -LRB- DT -RRB- NN VBZ DT NN IN NN NN , CC NN VBZ IN CD NN IN DT JJ NNS VBG VBN RB RBR VB IN IN NN CC RB DT NN NN VBN IN NN NN . '' VB JJ TO VB DT JJ NNP NN RB : ADD DT NN VBD VBN : NNP , NNP CD , CD IN CD NN"
636,1288,mainstream,"JJ NN VBN IN PRP$ JJ NN IN DT NN NN . NNP NNP -LRB- VBN CD NNP CD -RRB- VBZ DT JJ NN CC NN , NNP IN NNP CC NNP IN DT NNP HYPH NNP NNP NNP NNP , NNP WRB PRP VBZ DT NN VBG JJ JJ NNS IN JJ JJ NNS , DT NN IN NN HYPH NN NN , CC DT NN IN JJ NNS IN DT JJ NN IN JJ NNS . -LRB- CD -RRB- NNP VBZ VBN IN NN IN NNP IN PRP$ JJ NN IN DT NN NN CC VBZ VBN VBN IN DT `` RBS JJ NN IN NNP '' . -LRB- CD -RRB- IN VBG IN DT NNP NNP NNP , NNP , NNP , PRP VBD PRP$ NNP NNP IN DT NNP NNP NNP NNP NNP NNP NNP IN NNP CC DT NNP IN NNP NNPS IN DT NNP IN NNP . NNP VBD DT NNP IN NNP NNP IN NNP , NNP CC DT NNP NNP IN DT NNP IN NNP IN DT VBG NN IN DT NN IN NNP NNP NNP CC NNP NNP NNP . PRP VBZ VBN DT VBG NN IN CC DT NNP IN NNP NNP IN DT NNP IN NNP , NNP NNP , CC IN DT NNP NNP NNP . PRP VBD VBN NNP NNP IN DT NNP NNP IN DT NNP NNP NNP NNP NNP , NNP , IN CD IN VBG IN NNP NNP IN NNP IN DT NNP NNP IN DT NNP IN NNP IN CD . -LRB- CD -RRB- NNP VBD IN DT JJ NN IN DT NNP NNP HYPH NNP NNP NNP IN NNP IN CD , RB IN DT NNP NNP CC RBR IN NNP NNP IN NNP CC NNP . -LRB- CD -RRB- IN CD PRP VBD DT NN IN NNP IN DT NNP NNP NNP IN NNP CC NNP WDT PRP VBD IN CD . -LRB- CD -RRB- CD IN JJ NN : VB IN DT NN NN CC JJ NN NNP VBZ DT JJ NN IN DT NN NN CC VBD IN NN IN NNP IN DT NN IN DT NN NN NN `` NNP '' IN CD , IN DT JJ NN NN NNP CD . -LRB- CD -RRB- DT NN IN DT NN VBD VBN IN NNP NNP , DT NNP , CC JJ NN NNP NNP , DT IN WP VBP NN NNS . NNP VBD VBN IN RB DT JJ NNS IN WDT TO VB DT NN . IN NN , NNP VBD IN NNP VBG PRP$ NN IN DT NNS . DT NN VBD VBN IN RB CD CD NNS IN CD NN . DT NN NN `` NNP '' VBD RB VBN IN DT NN IN DT NN . -LRB- CD -RRB- IN RB PRP VBZ VBN DT JJ NN IN JJ NN IN RB CD NNS IN NNP -LRB- CD -RRB- CC RB CD NNS IN NNP . -LRB- CD -RRB- IN CD PRP VBD DT NN `` FW FW FW FW FW HYPH FW FW FW FW FW FW FW FW FW FW '' -LRB- `` DT NN VBZ RB DT NN : NNS , VBN IN DT WP RB VBP RB VB TO VB PRP '' -RRB- -LRB- CD -RRB- WDT VBD DT CD NNP NNP -LRB- NNP NNP -RRB- , DT JJ NN VBN IN DT NNP NNP NNP NNP IN NNP VBN IN NNS IN NN NN VBN IN NNP IN DT JJ NN . -LRB- CD -RRB- -LRB- CD -RRB- IN CD NNP , IN IN JJ NNS , VBD DT NN NNP NNPS . NNS IN DT NN VBP VBN IN JJ NNS , NNS CC JJ NN NNS IN DT NN IN VBG NN CC NN IN DT NN IN NN NNS . -LRB- CD -LRB- CD -RRB- IN NNP CD NNP VBD DT NNP IN NNP , VBG IN DT JJ JJ NNS TO VB RP CC VB TO VB CD NNS : TO VB NN IN DT JJ NN IN NN CC NN , TO VB TO VB CC VB NN , NN , CC DT NNS WDT VBP RB VBN IN JJ CC JJ NN , TO VB NN HYPH NNS IN VBG JJ NN VBG NN NN NNS WDT VBP VBN RB CC RB VBN TO VB JJ , TO VB NNS VBN TO RB VB DT NN IN NN , VBG NNS IN PRP$ NNS , CC TO VB IN JJ NN VBZ RB VBN IN NNS IN JJ NN . JJ NNS VBP VBN DT NN , VBG NNP NNP , NN IN DT NNP NNP NNP , DT NN WDT VBZ JJ NNS IN DT NN NN . -LRB- CD -RRB- -LRB- CD -RRB- -LRB- CD -RRB- NNP VBZ VBN IN PRP$ NN HYPH IN HYPH NN NN WRB VBG IN NN NNS . `` PRP VBP RB VB VBG JJ IN DT WP VBP CD NNS IN NNP CC VBP TO VB PRP IN NN , WDT PRP VBP VBN IN CD NNS . NN VBZ DT NN . '' PRP$ NN IN NNS VBZ VBN IN NN NNS IN CC PRP CC PRP$ NN . -LRB- CD -RRB- IN NNP CD DT NNP NNP NNP VBD IN NN IN DT NN NN VBD RB JJ , IN NNP VBG IN DT JJ NN IN NNP VBD RB VBN . -LRB- CD -RRB- IN JJ NNP CD , NNP VBD IN DT NN VBD RB RBR JJ IN DT JJ NN CC IN IN IN PRP$ RB JJ NN , PRP VBD JJ RB TO VB PRP , CC RB VB IN PRP RB . PRP RB VBD DT NN IN VBG NNS RB RB IN JJ CC VBG NNS WP VBD CC MD VB VBN . -LRB- CD -RRB- -LRB- CD -RRB- DT NN VBD IN NNP VBG VBN IN VBG DT NN CC DT NN IN DT NNP , DT RB HYPH JJ JJ NN . -LRB- CD -RRB- RBR DT JJ NN , NNP RB VBD DT NN IN NN HYPH NN CC VBG JJ NNS , VBG IN NNP VBD RB RB VBN JJ TO VB DT JJ NN IN DT NN . -LRB- CD -RRB- NNP VBZ VBN DT NNS VBN IN DT JJ NN TO VB DT NN IN NNP HYPH CD , VBG PRP DT `` JJ NN '' . -LRB- CD -RRB- -LRB- CD -RRB- IN IN DT NNP NN , NNP VBD PRP$ JJS NN , NNP . NNP NNP NNP -LRB- NNP . DT NNP NNP -RRB- IN NNP CD , JJ NNS RBR IN RB VBN . PRP VBD NN IN JJ NN IN VBG DT CC VBD VBG IN NNS IN DT NN VBD VBN RB IN NN TO VB NNS VB WP VBD VBG . -LRB- CD -RRB- -LRB- CD -RRB- IN NN IN DT JJ NN POS NNS TO VB NN NNS IN NNP CD , NNP VBD IN NN VBG PRP$ NNS MD VB VBN TO VB DT NN CC VB DT NN IN NN NN . PRP RB VBD IN NN VBN TO VB DT NN MD VB VBN IN DT NN CC JJ NN RB IN PRP$ NN , VBG IN IN DT NNS DT NN MD VB RB , VBG IN VBG TO VB DT NN RB RB RB . -LRB- CD -RRB- NFP NNP NNP NNP NNP , NNP CD IN NNP , VBN RB IN NNS , NNS , NNS , JJ NN NNS , NNS , NNS , CC IN JJ NNS WP VBP VBN NN IN NN , VBG DT JJ NNS IN NN . -LRB- CD -RRB- , NNP NNP IN NNP IN DT NNP , NNP NNP NNP NNP IN NNP , CD NNP CD . -LRB- CD -RRB- NFP NNP NNP . DT NN `` DT NN VBZ RB DT NN '' VBD DT NNP NNP NNP NNP IN NNP CD NNP NNP IN JJ NN . -LRB- CD -RRB- SYM NNP NNP NNP IN DT NNP NNP IN DT NNP NNP NNP , DT NNP NNPS IN DT NNP , NNP CD . -LRB- CD -RRB- , NNP NNP HYPH NNP IN DT NNP IN NNP , NNP , NNP CD . -LRB- CD -RRB- NFP JJS NNP IN DT NNP NNP CC JJS NN NN , NNP NNP NNP , DT NNP NNPS IN DT NNP , NNP CD . -LRB- CD -RRB- NFP NNP IN NNP NNP , NNPS IN NNP IN DT NNP NNPS , NNP , NNP CD . -LRB- CD -RRB- -LRB- CD -RRB- NFP NNP NNP , NNP : NNP , NNP : NNP , NNP . NN . FW FW FW . FW FW FW -LRB- NN . NN IN NN . NN NN -RRB- -LRB- IN NNP -RRB- . NNP . NNP . NFP NN NNP , NNP . FW FW FW FW FW : FW FW FW DT FW FW FW FW FW FW -LRB- DT NN VBZ RB DT NN : NNS VBN IN DT WP RB VBP RB VB TO VB PRP -RRB- -LRB- IN NNP -RRB- . NNP . NNP . NFP NN NNP , NNP . FW FW FW FW : FW FW FW FW FW FW FW -LRB- DT NN IN NNS : WRB NN MD VB JJ -RRB- -LRB- IN NNP -RRB- . NNP . NNP . NFP NN NNP , NNP . FW FW : FW FW FW FW FW FW FW FW FW -LRB- JJ NNS : JJR TO VB IN NN IN TO VB IN NNS -RRB- -LRB- IN NNP -RRB- . NNP . NNP ."
637,1285,conspiracy,"VBN NNS RB MD VB RB VBN , DT NN NN IN CD NNS NN NN NN NNP NNP NNP NNP , CC NNP NNP , NN IN DT VBN NN NN , NNP CC DT NNP NNP NNP NNP -LRB- NNP -RRB- VBP VBN IN DT NN . PRP VBD DT JJ NN NNS VBG IN DT RB VBN NNS VBD VBN VBN IN NN IN DT JJ CD NNS : CC EX VBD NN . RB VBP DT JJ JJ CC JJ NNS IN DT JJ NN IN DT JJ NNS : UH DT VBZ IN DT NNP NNP IN NNP CC NNP NNPS CC DT NN NNS VBP VBN VBG IN DT JJ NNS IN RB CD NNS IN DT NN CC NN IN NNS , DT MD RB VB IN VBG DT NN : IN JJS IN PRP$ JJ NN : IN CD NNP `` NN '' NNS VBP RB IN NN : DT NNP , DT NNP , DT NNP , DT NNP CC DT `` NN '' NN IN NNP PRP : DT MD RB VB DT NN IN NN JJ NNS CC JJ JJ NNS IN DT NNP : UH DT VBZ IN NN NNS VBP VBN RB JJ IN WP DT JJ JJ NN NNS VBP VBN VBN TO VB VBG JJ NN IN NN CC NN : VBG IN IN PRP$ NNS VBP RB VBN VBN IN NN CC VBP VBN DT VBN NN CC NN IN RB CD NNS : IN DT NN MD RB VB RB VBN IN DT NNS RB VBN IN DT NN , JJ NN , NNS WDT PRP MD VB PRP$ NNS IN NN CC DT JJ NN TO VB DT VBN NN IN PRP$ NNS : IN DT NN MD RB VB RB VBN IN DT NNS VBG VBN IN PRP$ NNS TO VB VBN IN NN TO VB PRP$ NNS : IN DT NN MD RB VB RB VBN IN PDT DT WP VBP NN IN NN NN , VBG PRP JJ IN DT JJ NN NN MD IN DT JJ NN VB RB VBN IN IN NN , IN NNP HYPH NNP IN DT JJ JJ NN VBD IN DT VBG NN IN NNP NNP JJ NNS RB , RB RB IN PRP$ NN NN VBG RB : IN DT NN IN JJ NN IN PRP$ JJ NN VBZ RB IN NN , RB RB IN DT IN DT JJ JJ NN , IN RB DT IN DT NNS JJ NNS VBP VBN IN JJ NNS WDT VBP RB VBN NN NN CC NN : IN DT NN IN DT JJ HYPH NN JJ JJ NN NN MD RB RB VB RB JJ , IN CD NN IN PRP$ NN NN VBZ IN DT JJ JJ NN , WDT IN NNP VBZ VBN JJ IN CD SYM CD CD JJ NNS IN NN IN IN JJS DT JJ JJ NN : IN NN NNS MD RB RB VB , VBG DT JJ NNS IN DT JJ NN HYPH VBN NN , CC VBG JJR NN IN JJ NN HYPH VBN NN : IN DT NN NNS WP VBP VBN NNS VBG NN NN IN DT NN , JJ , CC JJ NN , CC RB VBN CC VBN DT NN NN MD RB VB VBN IN NN NN , JJ NN CC IN DT NNS , NN NNS IN DT NNP NNP . DT NN IN NNP NNP , DT JJ NN NN , VBZ IN NNS VBP RB JJ CC VBP JJ IN CD NNS . PRP VBZ PRP$ NN VBD VBN IN NN : IN DT JJ NNS NN , CD NN IN DT NNS NNS VBD NN NNS , WP VBD DT CD NN VBN . CD NN -LRB- CD IN IN CD -RRB- NNS WP VBD IN JJ NNS NN NN VBD VBN DT NN NN . NN NN MD RB VB VBN WRB CD NN IN DT NN VBZ JJ IN DT NN . NNS VBP RB JJ IN RB CD NNS , IN JJ NN CD NNS , RB JJS NNS IN DT NN IN CD VBP RB JJ RB RBR . RB RB PRP VBP VBN DT NN IN DT `` JJ '' NN . DT WP VBP DT NN NN VBP JJ IN NN , DT WP VBP DT NN VBP RB . PRP VBP VB , RB IN PRP$ NN IN NNS MD CC VBP VBN NNS , RB , VB IN WRB NNP POS PRP VBP VBG RP NNS IN NN IN DT NNS , PRP VBD VBG DT JJ NN IN PRP$ JJ NNS CC NN . PRP VBZ JJ TO VB IN DT JJ NN MD VB VB IN DT NN IN NNS . IN RB JJ NNS , UH PRP VBP RB IN PRP , CC PRP VBD VBG RB JJ NN WDT PRP DT IN DT RB VBD TO VB VBG NNS IN NN , RB DT JJ NN NNS CC IN NN IN NNP NN IN CD NN JJ , RB . DT NN IN NN CC JJ JJ NNS VBZ VBN NN JJ , RB RB IN NN JJ NNS . CD NNS VBP JJ IN NN CC NNP VBZ NN TO VB VBG NN NN , CC NNS VBP NNS IN NNS CC PRP VBZ VB DT NN IN DT NN IN DT NN . RB NN VBZ VBN WRB NNS VBP JJ CC VBP VBG NNS . PRP VBP DT JJ NN CC VBD RB IN IN DT NN NN , IN PRP VBD PRP$ NN VB NN NN RB VBG DT NN . PRP VBD CD VBG NN PRP VBD DT NN IN PRP VBD PRP VB IN PRP$ JJ NNS IN PRP$ JJ NN . PRP VBP RB VBN NN NNS IN DT NNS VBP RB VBN VBN VBG VBN DT IN RB IN PRP VBP . PRP VBZ JJ NN IN DT IN DT NNS VBN IN DT NN IN DT VBG JJ NN CC NN NN MD VB DT NNS . PRP VBZ DT NN IN PRP WDT RB VBZ NN JJ RB . WRB PRP VBP NN NNS VBP VBN VBN WRB DT NN MD VB PRP , RB NNP VBZ $ $ IN NN WP VBP PRP VBP VBN VBN . IN NN DT NN MD VB PRP RB RB DT NN CC IN NN , PRP VBP RB . PRP$ NNP VBD PRP DT NN NN VBD VBN CC VBN JJ IN NN . RB PRP VBP IN NN , IN DT NN NN IN DT NN NN VB CC VB WP . PRP RB VBD PRP VBD RB VBN VBN IN NNS CC JJ NN CC IN VBN IN JJ NN PRP MD VB CC VB PRP IN DT NN . RB , IN DT NN IN DT NN , PRP VBD TO RB VB IN NNS IN CD . PRP MD VB VBG , CC PRP MD VB IN , VBP PRP VBN DT NNP NN VBG DT NNP NN . IN RB , PRP MD IN PRP VBZ RB JJ . RB , PRP VBP IN CD NN JJ NNS CC PRP VBZ RB VBN VBN IN DT IN CD . WRB VBN IN PRP VBD JJ TO VB IN JJ NNS PRP VBD PRP VBD RB VB CC PRP VBP VBG DT NN PRP VBD RB JJ IN JJ NNS . RB WRB VBN IN DT `` JJ '' VBN NN NN PRP VBD DT JJ NN , `` PRP VBP VBG DT NN IN VBZ PRP VBZ JJ IN JJ NNS . '' PRP VBD RB VBN IN DT NN CC JJ NNS VBN IN PRP$ JJ NN CC PRP VBD IN PRP VBD DT NNS CC VBD VBG TO VB PRP CC VB NN NNP CD IN RB EX VBD DT NN , CC IN DT JJ NN PRP VBZ VBG VBN IN NN JJ NNS . RB UH , EX VBP NNS WDT VBP TO VB VBN IN DT NN IN NNS CC PRP VBP JJ IN PRP VBZ RB VBG VBN . NN : PRP IN NN IN NN -LRB- NNP -RRB- VBP PRP NN WDT VBZ RB VBN IN DT JJ NN , CC RB MD VB JJ . DT NNS , NNS , NNS , CC , CC NN PRP VBP VBP RB RB VBN , VBN , VBN , CC VBN TO IN VB IN NNP , PRP$ NN NN , NNS , DT WP VBP IN NNP , CC DT WP VBP PRP$ NN . RB , PRP VBP RB JJ . UH VB NN . VB JJ NN , PRP$ JJ NN CC PRP$ JJ NN IN NNP , NNP CC JJ NNPS TO VB PRP VB WP VBZ JJ CC WP VBZ RB . IN VBG NN CC VBG NN , PRP VBZ PRP$ NN TO VB NN CC NN IN JJR NNS TO VB PRP IN NN IN DT NN IN DT NN NN ."
638,38,mainstream,"VBZ VBG VBN IN JJR NN NNS VBP PRP MD VB DT RBR JJ NN . NNS VBG IN JJ NN VBP IN NN NNS CC PRP$ NN NNS VBN IN DT JJR `` JJ NN '' VBN JJR IN DT JJ NN . CC VBG NN VBZ DT NN IN NN CC NN HYPH CD NN MD VB RBR JJ : CC VB IN DT IN JJ JJ NNS . DT JJ NN IN JJ NNS VBN TO VB DT NN VBZ VBN IN DT JJ NN . PRP VBP RB VB WP DT VBZ IN NN HYPH CD RB , CC VBN WRB RB DT NN VBZ VBG , PRP VBZ JJ TO VB RB JJ : IN DT NN IN DT JJ CD CC CD NNS , VBZ NNP NNP NNP IN DT NNP IN NNP , NNP . JJ NN , IN DT JJ NN , VBZ IN DT NN IN JJ NNS VBG VBN IN DT VBN NN CC VBN IN PRP$ NN . `` DT JJ NN VBZ DT NN IN WRB JJ DT NN VBZ VBG IN DT NN , IN DT JJ NN VBZ DT NN WDT VBZ DT NN VBG , '' VBZ NNP NNP IN DT NNP NNP IN NNP CC NNP NNP . IN PRP VBP DT JJ JJ NN , PRP VBP RBR JJ TO VB JJ NNS , IN PRP MD VB VBG JJR NN NNS . RB , IN DT NN IN NN HYPH CD , PRP VBZ RB RB VB IN DT JJR JJ NN MD VB IN RBR JJ NNS . IN NN , NN NNS VBG DT NN HYPH CD NN IN DT NNP NN IN NNP VBD IN JJR IN CD VBN NNS CC VBD DT NN IN JJ NN IN DT IN NNS CC DT IN . PRP VBD DT NN IN VBG NNS WP VBD VBN IN NN IN NN VBN TO VB VBN IN DT NN CC VBG PRP TO VB IN PRP VBD RB VBN . RB , WRB NNS IN DT NNP NNP NNP POS NNP IN NNP VBD VBN NN NNS IN CD NN HYPH CD NNS , VBG IN DT NN PRP VBD JJ CC VBG WRB PRP VBD DT NN , PRP VBD DT JJ NN IN JJ NN IN JJR NNS CC DT WP VBD RBR JJ NNS . IN PRP VBZ JJ TO VB JJ NNS IN DT NN , JJ NNS '' MD VB PRP$ NNS IN IN DT JJ NN IN JJ NNS VBZ IN DT RBR JJ NN '' , VBZ NNP NNP . RB , DT NN IN NNS VBN IN NN HYPH CD IN NNP , NNP , VBD DT JJ NN IN NN NN CC DT NN IN NN JJ IN DT NN . `` DT IN RBR JJ NN VBD DT JJR NN IN NN NN , IN PRP VBP DT NN TO VB DT JJ NN NN IN NN NN , '' VBZ NNP NNP IN NNP NNP NNP , WP VBD VBN IN DT NN . `` DT NN VBZ RB DT JJ NN IN PRP . '' PRP VBZ JJ NNS , CC IN DT JJ NN IN NN DT NN VBZ VBN IN VBZ RB VB IN DT NN IN NN NNS , DT MD VB NN HYPH CD RP IN JJ IN NN , NN CC NN . IN NN , DT JJR NN IN NN IN NN VBZ VBN VBN IN JJR NNS . PRP VBZ VBN VBN IN VBG NNS IN VBG NNS IN NN NN IN DT VBN NN CC RB VBG PRP IN JJ NNS . DT VBZ RB VBN VBN IN NN HYPH CD , CC VBZ JJ TO VB , VBN PRP$ NN . NNS VBN IN JJR NNS IN DT NN CC NN NNS RB VBD JJR NNS , VBZ NNP NNP . `` PRP VBP PRP RB VBP TO VB IN IN DT NN VBZ JJ IN NN , EX VBP RB JJ NNS WDT VBP RB RB VBN , '' PRP VBZ . RB IN DT JJ NN IN NN IN NN VBZ RB JJ IN NN NN , PRP RB VBZ TO VB CC VB PRP$ NN IN DT NN IN DT MD VB PRP$ NNS IN VBG JJ IN DT JJ NN . `` PRP VBP TO VB VBG DT NN PRP MD TO VB PRP VBG VBN , WDT MD RB VB PRP$ NN TO VB DT NN IN IN NNS , '' VBZ NNP . `` DT NNS PRP MD VB TO VB NN VBP JJ NN . ''"
639,515,conspiracy,"CD NNS RB , DT NNP NN VBD VBN TO VB RB DT IN PRP$ NNS IN NNS . DT NN NNP POS JJ NN NN VBZ NN IN DT RB JJ NN IN NN NN VBN IN NNS . WRB VBZ DT NN RB VBG VBN . DT NN IN NN NN VBN IN NN -LRB- JJ NNS HYPH NNS HYPH NN NN -RRB- VBZ VBN VBN IN IN NNS . IN NN , CD NNS RB , NNS VBG IN DT NNP POS NNP NNP IN NNP NNPS , VBN IN DT NNP CC DT NNP NNP NNP , VBD NN RB JJ IN DT NNP NN : PRP VBZ IN JJ NN NN IN DT JJ NN IN DT WP VBP PRP . VBN IN CD IN DT NNP IN NNP NNP CC VBN , `` NNP IN NNP NNP NNP IN NNP NNPS IN NNP NNPS , '' NNS VBD NN NNS IN RB NNP VBN CD HYPH NN HYPH JJ NNS CC JJ NNS CC VBD PRP$ NN HYPH NN NNS IN VBG : DT NNS IN DT NN VBD DT RB JJ NN IN DT NN , RB , VB NN NN NN NN -LRB- NNP HYPH NNP -RRB- , WDT PRP VBD MD VB VB VBG NNS VBN IN NNS NN IN DT VBG NN HYPH JJ NN JJ CC JJ NN . DT NNS VBP : CD NNS RBR , NN NN VBZ RB VBN IN RB JJ CC JJ , CC DT RB JJ NN TO VB NN HYPH NN CC JJ HYPH NN NN NN , IN PRP$ JJ NN VBP JJ . VBD DT NNP VB NN NN IN DT NN NN NNS . DT CD NNS NN IN NNP VBD DT JJ NN IN WRB NN NN MD VB VBN TO VB DT JJ NNS IN DT NN . DT DT JJ NN IN DT JJ VBP NNS CC NNS IN DT NN DT VBN VBP JJ IN VBZ RB VBN RB VBN . IN NN NN NN VBZ RB RB VBN JJ HYPH NN , RB VBN NNS , PRP VBZ RB JJ IN NN NNS MD VB DT NN POS JJ NN : `` NNS VBD RP DT VBN NN . '' : TO VB JJ . IN JJ NNS VBP VBN CC VBN , PRP MD RB VB IN JJ . NNP NNP , IN NNP IN NNP , RB VBD DT JJ NN IN PRP$ JJ NN `` NNP , NNP , CC DT NNP IN NNP NNP '' : JJ NN WDT DT VBN VBP RB NN , NN NN DT NNP NNP NNP NNP VBZ VBN DT JJ NN JJ IN DT NN VBN `` DT NNP NNPS IN NNP NNP CC NNP NNP NNPS : NNP NNP NNP NNP , NNP CC NNP . '' NNS CD SYM CD IN DT NN IN `` NNP , NNPS , NNP NNPS CC NNP NNP NNPS , NNPS , NNP NNPS '' VBP NN IN DT NN NN MD VB IN NNS NN CC NN . NFP IN CD , NNP VBD DT NN IN NN IN NN NN NN NN IN NN CC JJ NNS IN DT JJ NN IN NN HYPH VBN NN NN . -LRB- CD -RRB- DT JJ CD HYPH NN JJ NN VBD VBN NN NN CC CD NNS RBR VBD JJ NN CC NN . NN NN IN NN CC NN NNS IN CD CC CD NNS IN NN VBD JJ IN NN NN NNS NN . NNS IN DT NN VBD RP IN WRB NNS VBP DT NN CC NN IN NN NN , RB JJ NN NN MD VB IN DT NNS VBP IN IN NN NN NN NN NN . PRP VBD : `` VBG IN NNP NNS IN NNS CC NN NN , JJ NN IN NNS IN JJ NN NN VBZ VBN IN NN NN . RB , IN DT NN RB NN HYPH VBN , RB JJ NNS MD VB IN JJ NN NNS CC NN NN CC NN HYPH VBN NN . DT NN NN VBZ IN NN IN NNP NN NN VBZ IN NNS . '' NFP IN CD , NNP NNP NNP VBD DT NN VBG DT JJ CD HYPH NN JJ NN IN NNP , WP VBD NN , NN , NN , NN CC NN IN CD NNS IN DT NNP NN . -LRB- CD -RRB- NN , NN CC NN NN NNS VBD JJ IN NN NN NN NN NN CD NNS IN NN . VBG DT NN IN NNS NN NN NN NN IN NNS , DT NNS VBD , `` IN DT VBN NN MD VB VBN IN JJ NNS VBG NN , PRP VBZ VBN IN NN IN DT NN NN IN JJ NNS VBZ RB VB DT NN IN JJ NN IN JJ NNS . NFP IN CD , NNP VBD DT NN IN NN NN NNS VBG NNS IN NNP NN IN NNP . NNS VBD , `` PRP VBP DT NN IN NNS HYPH NN -LRB- NNP -RRB- NN HYPH VBN NN NN WDT VBD JJ IN CC NN CC NNP , CD NNS IN NN IN DT NN NN . '' DT NN VBD DT CD HYPH NN HYPH JJ NN , WP VBD JJ NN , NN , NN , NN NN CC NN IN NN CC VBD JJ IN NN NN NN NN NN IN NN NN CC NN NNS . -LRB- CD JJ NN NNS VBG DT NN VBD DT NN IN IN EX VBP JJ NNS IN NN NN NNS NNS CC DT NN TO VB JJR IN WRB JJ NNS NN NN NN VBZ . PRP VBD IN DT NN PRP VBD `` RB VBZ DT NN IN JJ , CC JJ , NNS IN DT JJ NN IN NNS NN NN NN CC NN . '' PRP VBD IN `` JJR NN VBZ VBN IN DT JJ NN IN NNS NN NN NN VBN IN VBN NN IN DT NN HYPH NN HYPH VBN NN NNS CC JJ NNS VBN IN NN HYPH VBN NN NN CC NN NN . '' IN NN IN DT NN IN DT NN HYPH VBG NN IN DT NN NN , PRP RB VBD IN DT NN IN DT RB VBN NN IN NNP VBG VBN IN NNS CC RB VBG PRP IN CD JJ NNS , DT IN WDT VBD VBN RB CC VBN TO VB RB JJ NN NNS . DT JJ NN IN DT NNP NN VBZ RB JJ DT JJ NNS IN WRB DT NN IN NN VBZ DT JJ CC RB VBN VBP JJ . DT NN IN NN VBZ JJ NN NN VBZ RB VBN VBN IN DT NN PRP . PRP VBP RB VBN IN DT VBG NN IN NN IN RB WRB DT NN VBZ VBN , CC CD NN IN DT NN VBP DT NNS NNS , NNS RB RB VB , CC IN NN VBZ NN NN JJ NNS RB VBP : DT JJ NN IN NN NN . EX VBZ RB DT VBG NN IN VBG IN DT NNP NN POS NN NNP POS JJ NN NN , DT NN MD VB NNS NN NN NN -LRB- NN -RRB- , DT JJ CC RB JJ NN IN NN NN IN NNS . IN JJR NN PRP MD VB DT NN NN IN NNP VBN IN NN NN NNS VBN IN DT NNP NNP NNP NNP CD VBN `` NN NN HYPH NN NN VBN IN DT NN NN IN NN NN . '' NNP VBZ RB DT JJ NN VBG IN NNS IN RB RB VBN NNS . IN CD SYM CD , NNP VBD RB CD NNS IN NNS , IN NNS CC JJ NNS VBG IN JJR IN NN IN NNS . -LRB- CD -RRB- RB , DT NNS VBD WRB NNP VBD VBG DT IN PRP$ JJS NN NNS IN NN . IN NN , IN CD , DT NNP NN VBD CD NN IN NNS CD NNS IN NN . IN DT RBR JJ NN IN NNS NNS IN VBN NNS VBD PRP$ NN DT CD NNP NN : DT NNP NNP , RB DT NN TO VB . VBN IN JJ NN , NN NNS , JJ NNS , CC RB DT NN NN POS JJ NN NNS , DT VBP RB CC RB IN NNP MD VB NN NN , WRB MD PRP VB TO VB IN CC VB DT NN , NN CC JJ NN VB DT JJ IN DT NNS IN DT JJ NN . DT NNP NNP NNP -LRB- NNP -RRB- VBZ VBN IN VBG DT RBS JJ NN CC JJ NNS IN DT NN . JJ NN MD VB VBN IN JJ NN . PRP$ VBN CC JJ NN MD VB DT JJ NNS IN WDT DT JJ NN IN DT JJ NN RB VBZ DT JJ NN IN DT JJ NN . -LRB- LS -RRB- NNP NNP , NNP HYPH NNP NNP , NNP NNP NNP IN NNP CD : NN IN NNP NNP NNP NNP IN NNP CC NNP NNPS IN DT NNP IN NNP NNP NNP NNP NNP , NNP , NNP CD . NNP CD CD -LRB- CD -RRB- . -LRB- LS -RRB- NNP NNP , NNP NNP , NNP NNP FW NNP . VBG DT NN IN DT VBN IN DT NN NN . NNP NNP NNP NNP CD : CD -RRB- . -LRB- LS -RRB- NNP NNP , NNP NNP , NNP NNP FW FW NNP IN NNP NNP NNPS NNP NNPS NNP , NNP , NNP NNP , NNP , NNP CD . NNP NNP CD , CD : CD -LRB- CD -RRB- . -LRB- CD -RRB- NNP NNP , NNP HYPH NNP NNP , NNP NNP , NNP NNP , NNP NNP , NNP NNP , NNP NNP , NNP NNP NNP NNP NNP NN NNS CC CD SYM CD NN , NNP . NNP NNP NNP CD CD . NN : CD . NNP NNP : CD : NNP NNP NN : CD . JJ JJ NN JJ NNS NFP -LRB- LS -RRB- NNP NNP . DT NN VBZ VBN CC VBN IN DT NN IN NNP NNP . VB TO VB JJR IN NNP . VB RP IN DT NN RB ADD"
640,594,mainstream,"NN VBZ DT NN NN WDT VBZ IN CD RB NN HYPH VBG JJ NNS : NN , NN , CC NN -LRB- NN NN -RRB- . NNP VBZ DT NN NN IN NN CC NN . PRP VBZ RB VB IN NN . NNP VBZ DT NN IN DT NN CC NN . PRP VBZ DT NN CC JJ NN CC VBZ RB JJ NN NNS . NNS IN DT NN MD VB PRP JJ IN PRP TO VB PRP$ NN . DT NN VBZ RB VBN `` NN . '' NN VBZ CD IN IN CD NNS VBN IN DT NN . NN VBZ DT RB JJ NN WDT VBZ PRP JJ TO VB . IN JJ NNS , PRP MD VB NN CC NN NN . NN , CC NN NN , VBZ DT RB JJ JJ NN WDT MD VB IN JJ NN NNS , RB IN NNS . NNP RB VBZ IN DT JJ NN , CC RB VBZ JJ , JJ NN NNS . DT `` NN '' NN VBZ VBN WRB DT NN VBZ TO VB DT NN IN VBG . DT NNS VBD RB RB JJ IN DT NNP CC VBD IN JJ NNS . RB , JJ NNS VBP VBN RB VB NN CC NN NNS . NNP , RB , VBZ TO VB IN DT NNP IN CD , RB JJ NNS MD VB DT NN NN . VBG NN CC JJ NN , JJ NNS VBP RB TO VB PRP$ NNS , VBP VBN IN DT NN IN DT NN IN DT NNP IN JJ NNS . NNS IN NN IN NNS CC NNS VBP VBN VBN IN JJ NNS . NN NN VBZ DT JJS NN IN NN , NN , CC NN . NN VBZ IN NN CC NN NNS IN JJ NN . PRP VBZ VBN IN DT NN NNS NNP CC NNP . NN VBZ DT JJ NN , WDT VBZ PRP VBZ VBN VBG JJ NN . DT JJ NNS MD RB VB PRP JJ . NN VBZ RB DT JJ IN NNP , DT NN VBN IN NNS TO VB DT JJ NNS ."
641,84,mainstream,"NN HYPH VBN NN -LRB- NNP -RRB- CC VBG NNS POS NN NNS IN NN VBP DT NN TO VB NN NN IN NN HYPH JJ NNS . DT JJ NN IN DT NN VBZ TO VB NN IN NNP IN NNS IN CD IN CD , VBG NN NN NNS CC NNS VBN IN CD , IN VBN RB IN DT NNP NNP NNP -LRB- NNP -RRB- , NNP NNPS NNP POS NNP -LRB- NNP -RRB- NNP NNP NNP -LRB- NNP -RRB- . VBG IN JJ NNS , NN HYPH JJ NNS IN JJ NN NN CC NN HYPH VBN NN -LRB- NNP -RRB- NN VBD VBN IN DT NN HYPH NNP NN NNS , TO VB NNS IN JJ NN TO VB NN NN NNS IN NN . DT NN IN NNS VBG NN IN IN JJS CD RB VBN NN NN IN NN NNS VBD IN CD -LRB- IN CD VBG : CD NN -RRB- IN CD IN CD -LRB- IN CD VBG : CD NN -RRB- IN CD . DT CD JJ NNS WDT VBD VBG NNP IN CD VBD IN CD NNS IN WDT NNP NNS IN DT NNP VBD JJ IN CD . DT RBS JJ NNS VBN IN NNP IN CD VBD NN -LRB- CD NNS -RRB- , NN -LRB- CD NNS -RRB- , CC JJ NN -LRB- CD NNS -RRB- . IN CD NNS IN NNS JJ IN JJ JJ NN NN CC NNP NN , CD -LRB- CD NN -RRB- NNS VBD CC SYM CD NN NN JJ NN NN CC $ CD NN IN NNS JJ CD SYM CD NNS RB VBG DT NN : CD -LRB- CD NN -RRB- IN DT VBN NN . IN RB RB VBG RB , DT CD NNS VBP DT NN TO VB JJ NN IN NN NN IN NN IN , CC IN JJ NN . IN DT VBG NN IN JJ NNS CC NN NNS IN NN NNS VBG NN HYPH NN NNS , NN IN NN CC NN IN NN NN NNS IN NN MD VB VB NN NN , RB , JJ NNS VBP VBN TO VB JJ NN IN VBG NN NN IN NN CC TO VB NNS VBG JJ NN IN DT NN ."
642,118,mainstream,"VB PDT DT JJS NN IN NN CC RBR VBN RB IN PRP$ NN . VB RP RB . DT JJ NN WP VBD JJ IN NNP HYPH CD VBZ DT NN MD RB VB IN JJ IN EX VBZ DT NN NN . NNP NNP , NN IN DT NNP NNP IN NNP CC NNP NNP , VBD VBN IN DT NN IN VBG DT NN IN NNP . PRP VBZ VBN VBG IN NN IN VBG VBN IN DT NN . DT NN , WP VBD DT NNP NNP NNPS NNP IN NNP , NNP IN CD CC CD , VBD IN DT JJ NN IN DT NN VBZ VBN IN DT NN IN NN IN JJ NN . NN IN NN , CD NN IN NN JJR IN VBN , NNPS VBP `` IN DT NN NN , PRP MD RB VB JJ TO VB RB RB . DT JJ JJ NN NN IN DT NN VBZ DT NN WDT MD VB VBN RP RB , '' NNP , CD IN DT NNS IN DT NNP NN , VBD IN DT NN IN JJ NN NNP WDT VBD VBN IN NNP NNP . `` DT VBZ VBG NNS IN NNS IN PRP , WDT , IN PRP , VBZ DT JJ NN IN NNS IN NN NNS . CC IN DT NNS , PRP VBZ RB RB RB JJ IN VBG DT NN HYPH CD NN VBZ JJ , '' PRP VBD . JJ NN , DT NNP NNP NNP -LRB- NNP -RRB- NN RB VBD EX MD RB VB DT NN NN . NNS VBP JJ NNS IN NN NN TO NN , CD NN , NN VBZ NNP RB VBD DT JJ NN IN NNP HYPH CD VBZ JJ IN DT JJ NN IN NNS WP VBP VBN CC RB VBP NNS . `` DT NN VBZ RBR JJ . JJ NNS MD VB VBN IN JJ NN CC NN NNS . RB PRP$ JJ NN VBZ VBN , '' PRP VBD . `` EX MD VB NNS IN NNS IN NNS RB , RB JJR , WP MD VB NNS JJ IN JJ NN IN DT NN IN PRP$ NNS . DT JJR PRP VBP IN DT NN , DT JJR NNS VBP . '' DT NN RB VBD IN DT NNS IN DT JJ NN . `` NN EX VBZ RB DT NN IN DT NNS WP VBP PRP$ NNS IN NNS RB RBR VBP PRP$ NNS TO VB VBN . DT MD VB DT NN IN PRP VBP TO VB RP DT NN IN DT NN , IN IN RB JJ NNS VBP TO VB , PRP MD RB VB DT NN IN NN , '' NNP VBD . IN IN NNP NN , EX VBD CD NNS IN DT NNP VBN IN NN : IN NN , IN JJS CD NNS VBP VBN IN PRP ."
643,185,conspiracy,"`` DT NN PRP VBP NN : IN DT NN PRP MD VB IN NN . '' WP PRP VBP RB VBG VBN IN DT NN PRP VBP IN WRB DT `` NN NN '' NN VBD VBN TO VB DT NN NN WRB JJ JJ NNPS VBP DT NNP TO VB , VB , CC VB NNS IN DT NNP IN NNP NNP VBZ TO VB NNP NN IN : NNP NNP , CC IN VBN IN PRP$ JJ NNS RB CD NNS IN RB VBG IN NNP POS NNP NNP CC NNP NNP VBP VBN VBG DT JJ NN NN IN DT NNP HYPH NNP NNP NNPS , DT NNP NNP -LRB- NNP -RRB- IN DT JJ NN VBG IN DT NNP NN VBZ IN RB CD JJ NNP NN NNP CC NNP NNP NN NNS VBP RB VBN IN NNP NNS IN NNP POS JJ NN VBZ TO VB CC VB DT NN IN DT NNP NNP NNP -LRB- NNP -RRB- NN IN PRP$ JJ NNP , NNP , NN . -LRB- NN : DT NNS CC , CC NNS VBG IN NNS IN DT NN VBP JJ NN NNS IN JJ NNS , NNS VBG DT JJ NN . -RRB- VBG IN DT NN , IN NNP NNP VBG VBN VBN CC VBN IN CD IN DT JJS JJ NN NNS RB VBN IN DT NNP , DT NNP HYPH VBN `` JJ NN '' NN VBG PRP$ NN , CC NN , TO VB PRP IN NN VBZ VBN , RB VBG JJ NNS , VBN IN NNP NN JJ NN NN NNS , TO VB NNP NNP NNP NNP POS NN TO VB DT JJ CC JJ NNP NN NN '' IN DT CD NNS '' CC `` VB PRP TO VB '' : CC IN NNP NNP VBD RB VBN IN VBG , CC WRB NNP NNP NNP VBD DT RB , PRP VBD VBN IN NN . NN NN NNS VBG IN DT NN VBP IN DT NNP HYPH NNP NNP NNPS VBP VBN JJ TO VB PRP$ NN IN NNP IN RB CD NNS IN IN DT NNS HYPH IN HYPH NNS PRP VBP VBN JJ DT NNP POS JJ NN NN : CC WRB DT NNP HYPH VBN NNP HYPH NNP NNS VBD DT NNP NNPS IN CD NNP CD IN NN TO VB JJ TO VB NNP , WP VBD RB VBN PRP$ NN NN , DT NNP NNS VBN IN NNP HYPH NNP VBD DT NN IN TO VB . IN DT JJ JJ NN NNS VBG VBN IN NNP IN JJ CD , DT NN VBZ , PRP VBD IN DT NNP NN POS NN IN NN HYPH NN NN VBD VBN RP DT NN POS JJS NN IN JJR IN DT NN : CC IN DT NNP POS CD JJ NN NN VBG DT NN , IN CD NN NN IN DT NN VBD VBN IN JJ NN NNS VBG IN DT NNS JJ NN NN MD VB TO VB . VBG TO VB IN PRP$ JJ NN CC NN NNS MD , RB , VB IN NN , DT NN RB VBZ , DT NNP HYPH NNP NNP NNPS , IN CD , RB RB VBD NNP IN NN TO VB JJ NN NNS IN CC NNP CC NNP NNP , CC WRB JJ NNS VBD TO VB RP IN DT NNP HYPH VBN NN , DT NNS RB VBD IN JJ NNS -LRB- NNP -RRB- TO VB PRP$ JJ NN NN VBG . RB IN JJR , DT NN VBZ , IN CD , DT NNP HYPH NNP HYPH NNP NN NN VBD IN NNP VBG DT NN WDT VBZ , RB RB , VBD RB CD -LRB- NNP CC NNP NNS -RRB- IN PRP$ VBG WP VBZ VBN IN DT NNP NNP , VBN IN `` DT RBS JJ NN NN NN IN DT NN '' , CC WP$ NN IN NNP HYPH VBN NNP NNS VBD PRP$ JJ NNP NNPS NN NN NN , VBN IN NNP , IN DT RBS JJ NN NNP VBZ RB VBN . IN IN WRB DT NNP HYPH NNP HYPH NNP NN NN VBZ VBN JJ TO VB RB RB DT JJ NNS , DT NN VBZ , VBZ IN IN DT NNP POS JJ NN IN NNP NNP POS NNP NNP IN JJ NN NNS VBN IN DT `` RB JJ TO VB '' NN NNS VBN RP IN DT JJ HYPH JJ NN NNP NNP , CC IN DT NNP NNS NN RB . RB RB DT NNP NNP , CC , VBD DT NNP HYPH NNP HYPH NNP NN IN PRP MD VB PRP$ JJ NNS , DT NN VBZ , CC DT JJ JJ NN NN RB : CC IN VBN IN JJ JJ NN NNP NNP , WP DT JJ NN VBD DT NNP POS JJ NN IN DT IN DT JJ NN NNS , CC WP VBD , RB , VBD DT JJ NN JJ IN PRP VBG IN NNP NNP . RB VBG VBN RB , DT NN VBZ , VBZ DT NNP HYPH NNP HYPH NNP NNP NNP NN NNP NNP -LRB- NNP NNP -RRB- : WP RB NNS RB VBD VBN IN NNP NNP NNP IN NNP NNS CC PRP$ NNP NN NNS : CC VBZ JJ TO VB DT `` NN NNS '' IN NN IN DT NNP IN DT NNP NNP . IN DT `` JJ , JJ '' NNP `` NN NN '' IN JJ NN NNS VBN TO VB DT NNP JJ NN CC NNP NNP VBN IN NNP HYPH NNP NNS , DT NN VBZ , VBD IN DT NN IN DT JJ NNP NNP NN NN VBN NNP NNP -LRB- WP VBD `` RB SYM RB '' VBN IN CD IN DT CD RBS JJ NNS IN NNP -RRB- CC PRP$ JJ NN NNP NNP : WP VBZ CD IN DT NNP NNP NNS RBS VBN NNS . IN VBG NNP HYPH NNP HYPH NNP JJ NN NNS , DT NN VBZ , NNP NNP VBD DT NNS IN DT JJ NN VBN IN NNP NNP NN NN NNP NNP CC PRP$ NN NNP NNP : WP , IN NN , RB VBD NN IN DT NNP NNP IN NNP NNP POS JJ JJ NN , CC VBD `` NN NN '' NN NNP NNP , WP VBD RB DT NN IN DT NNP NNP IN NNPS . RBS JJ TO VB IN DT NN IN DT NNP HYPH NNP HYPH NNP HYPH NNP `` NN NNS '' IN DT NNP , WP VBP VBN DT NNP JJ NN CC DT NNP NNP RB , VBZ IN NNP NNP POS JJS JJ NN , NNP NNP , DT JJ NN VBD PRP$ NNP NNP NN NN , NNP NNP , TO VB DT JJ NN NN IN DT NNS : CC WDT VBD RB IN DT NNP NNS NN NN IN NNP . IN DT NNP NNP NN VBZ JJ NNS WDT VBP IN NN IN RB CD NNS -LRB- DT NN IN WDT VBP RB VBN -RRB- , DT JJS NN IN PRP PRP MD VB IN PRP VBZ IN : LS -RRB- RB IN DT CD NNP CD JJ NN NN IN NNP VBN IN DT NNP HYPH NNP NNP NNPS CC PRP$ NNP HYPH VBD `` NNP NNP '' NNS , JJ JJ NNS VBN IN NNP NNP NNP NN NNP NNP VBD IN DT JJ `` VBG NN '' DT NN IN DT RB JJ JJ JJ NN VBN NNP NNP TO VB NN CC VB NNP NNP IN NN . LS -RRB- VBG IN JJ NNPS MD VB IN DT JJ NNP , IN VBG NN PRP$ `` NN , NN '' VBD TO VB DT NN IN DT NNP NNP : WDT PRP VBD IN IN DT NNS . LS -RRB- RB IN NNP POS `` JJ , JJ '' NNS IN IN NN VBD VBG DT IN VBG NNP NNP CD , IN IN DT JJ NN VBG IN DT NNP NNP MD RB VB JJ TO VB DT JJ NNS . LS -RRB- IN NNP POS NN VBD VBN , CC IN DT JJR NN TO VB DT NNP HYPH NNP NNP NNPS IN VBG NN , NNP MD RB VB IN NN IN , RB , VBG DT NNP NNP : CC WP VBD RB VBN IN NNP POS JJ JJ NNS . CC IN DT NNS JJS NN VBZ IN RB IN DT JJ NNS VBD IN NNP HYPH NNP VBP RB RB VBN DT IN PRP$ NNS , DT NN IN DT NN RB VBZ JJ : CC IN NN RB VBN IN IN WRB NNP VBD DT NNP NNP NNP IN CD IN VBG VBN NN , PRP VBD NN TO VB IN WP PRP VBD VBN , CC WP PRP CC RB NNP NNP VBD VBG TO VB , VB DT NNS RB CC IN DT . JJ NNS IN DT NN VBP : NNP NNP JJ NN IN NNP NNPS : `` CC NNP CC NNP MD VB TO VB '' NNP HYPH VBN NN VBN TO VB NNP VBN , CC PRP$ JJ NN VBN RB NNP VBZ NN NN IN NNP : `` PRP MD RB VB IN DT NN '' NNP NNS JJ NN IN NNP : `` PRP VBP RB VBG RB IN DT NN '' CD NNS JJ IN NNP VBZ JJ NN IN NNP : `` PRP$ NNS VBP JJ . '' NNP NNS NN NN IN NN NNS IN NNP NN TO VB NNP HYPH VB NNP NNS IN NNP NN `` VB '' IN NNP NNS NNS PRP VBZ NNS NN NNP VBZ IN `` JJ NN '' IN NNP HYPH NNP NN NNP IN NNP NNP NNP CD , CD , NNP CC NNP DT NNS VBN . NN TO VB DT NN IN PRP$ NN VBZ VBN IN DT NN PRP VBZ VBN RB IN PRP$ JJ NN IN NNP . NN . NNP NN VBN IN NNP HYPH NNP CC NNP . -LRB- NN : JJ NNS CC PRP$ NN NNS RB VBP IN DT NN VBN IN DT NNS IN IN RB TO VB PRP$ NNS IN DT JJ JJ NNP NNS CC NNS TO VB , DT NN WDT DT NNPS IN NNP NNP RB VBP IN IN VBG IN PRP VBZ DT JJ NNS JJ TO VB DT NN . IN IN PRP$ NNS VBZ IN DT IN DT NNS , DT NNS IN PRP$ `` NNS '' VBZ VBN DT JJ NN , NN NN VBN TO VB PRP , CC NNS IN PRP , WDT VBZ VBN IN JJ NNS , VBG RB . -RRB- -LRB- NN : DT NNP NN VBD VBN IN CC VBN IN DT NNPS IN NNP NNP IN CD IN DT JJ NN IN JJ NN NNS VBN IN DT JJ JJ NN NN NNP NNP -LRB- CD -RRB- TO VB DT NN VBG VBN IN DT NN TO VB PRP$ JJ CD NN IN NNP . -RRB- -LRB- NN : DT NN NNP -LRB- NN IN DT NN -RRB- IN VBN IN DT NN VBZ IN JJ NNS , VBG IN , VBG NNS WP$ JJ NN NNS -LRB- JJ NNS -RRB- VBP , JJ IN WP VBP VBN IN DT NN IN DT NNPS IN NNP NNP . -RRB- NNP VBZ JJ IN PRP NNS IN NNP NNP PRP VBP VBG TO VB IN PRP : WRB VBP PRP VBG PRP ."
644,566,conspiracy,"VBD PRP VB NNS MD VB DT JJ . UH , DT VBZ IN PRP VBP NNS . IN NN , DT JJS VBN NN , VBN NNP , VBZ VBN VBN IN JJ NNS TO VB DT NN TO VB DT JJ NN . NNS MD RB VB NNS IN PRP IN VBG DT NN POS NN . DT VBZ NNS MD VB PRP IN VBG RP DT NN -LRB- CC NN -RRB- , VBG PRP VBP JJ , IN WP JJ NN VBZ VBN VBG IN NNS . DT VBZ IN DT NN IN DT JJ NN '' DT NN VBZ VBN , '' VBG DT NN IN NN VBZ DT NN NN . RB RB WP IN DT RB HYPH VBG NN HYPH CD . VB PRP VB DT JJ , RB JJR NN , UH RB JJ . RB VBN NNS MD VB PRP IN DT NNS PRP VBP , VBG RP DT NN PRP VBP IN NN JJ NNS MD VB PRP$ JJ NNS IN NNS PRP VBP VBN CC VBN . PRP VBZ JJ . DT MD VB IN NNS RB , RB VB RB VB TO VB DT NN IN VBG PRP VBZ RB VBG IN NNS . DT MD VB IN JJ JJ NNS IN NNS RB , VBG NN , NN , NNP CC NNP . WP VBZ IN PRP$ NNS . JJ NNS , IN JJ NN , VBP DT NN IN JJ NNS , VBG PRP VBD IN DT NN , RB RB RB IN NNP NNP . DT VBZ NN IN VBG IN DT JJ NN `` NN '' NNP NNP MD VB RB VBG NN WDT VBZ RP VBN NN -LRB- VBN , JJ CC JJ NNS -RRB- IN DT JJ NN . UH , DT JJ NN MD VB RB IN DT NN NN , WRB PRP VBP RB RBR JJ IN VBG VBN IN DT JJ , VBN , CC VBN NN IN DT IN WDT PRP VBD VBN . RB PRP MD VB VBN , VBN IN DT NNP NN NN , CC VBN IN DT NN IN PRP$ RB VBN NN -LRB- CC PRP MD RB VB IN DT JJ NN -RRB- . DT NN HYPH CD NN VBZ DT JJ NNP NN CC CD CD NNPS MD RB VB IN PRP NNP NNP RBS RB VBZ DT JJ NN NN VBG DT JJ NN WDT VBZ RP WDT VBN NN VBZ VBN IN DT NN HYPH CD NN . WRB VBD NNP , NNP , NNP CC NNP VB DT NN TO VB DT JJ NNS . PRP MD RB RB VB WRB PRP VBD , CC PRP VBP VB IN PRP VBD RB VB VBG NNS IN JJ NN , IN IN DT JJ NN . CC , RB IN NNP VBD RB VBN IN NNS IN NN CC DT NN IN JJ NN , DT NNP VBD RB DT NNP IN VBG IN DT NN NN RB VBD , RB IN DT NN NN VBD DT JJ NN CC DT NN . DT VBZ WRB EX MD VB DT JJ NNS IN NN , NN CC RB NN WRB DT NN HYPH CD NN VBZ RP , IN PRP VBZ RB VBN TO VB NN . DT NN VBZ RB DT NN : VBG RP RB JJ NNPS IN JJ IN DT NN CC JJ JJ NN . MD PRP VB DT JJ NNP NN IN PRP$ NN -LRB- PRP$ NN -RRB- . MD PRP VB DT IN PRP$ JJ NNS TO VB RBR JJ IN NN , RB TO VB RP RBR PRP VBP RB VBG VBN IN DT JJ NN , CC RB RB DT NN IN PRP . DT NNS CC JJ NNPS VBP DT NN TO VB IN NN VBZ NN VBN IN NNP HYPH CD , VBG IN DT CD JJ NN VBZ DT NN HYPH IN NN WDT VBZ VBN IN DT JJ NN . VB VBG JJ NN CC VB PRP$ NNS CC NN IN DT JJ NN . DT JJ RB HYPH RB HYPH JJ NN VBZ VBG , CC EX VBZ DT NN IN NNS VBG TO VB PRP$ NN . RB VB UH IN NNS CC VBN NNS . VB IN DT JJR PRP VBP IN NN , DT JJR PRP$ JJ NN VBZ , IN RB VBG VBN IN DT NNS PRP$ NN VBZ NNS IN . VB PRP . VB PRP$ NN NN IN NNS IN NNS IN WRB NNS , IN DT NN NN , VBP PRP RP TO VB DT NN NN DT VBG NN . PRP VBZ DT JJ NN CC PRP$ NN VBZ DT NN IN PRP VBP RB VB VBN . PRP RB VBD RB VB IN DT NN IN NNP VBD VBN DT JJ NN IN DT NN NN VBG CD JJ NNS , CD IN WDT VBD NN , RB PRP VBD PRP$ NN RBR JJ IN NN -LRB- VBG DT NN NN -RRB- . RB VB DT IN NNP NNP NNP , NNP RB VBZ NNP `` NNP '' NNP CC DT NN NN NN : DT NN VBD VBN IN NNP , NNP NN , CD IN CD NN CC VBZ VBN IN NNPS , NNP , NNP , NNP NNP NNPS , NNP NNP , NNP , NNP NNP NNP , NNP . PRP MD VB DT NNS IN DT NN IN DT NN CD NN ."
645,1059,mainstream,"CD CD NNS RB , NNP VBD DT JJ NN JJ TO VB NN . DT NN VBD VBN IN DT NN IN JJ IN NN IN DT NN IN NN , PRP VBD VBN IN CD JJ NNS IN NN NN . IN CD NNS , JJ NN IN NN VBZ VBN IN RB JJ NN IN DT NN NN IN DT NN . EX VBZ DT JJ NN IN NN IN DT JJ NN CC JJ NN VBG IN NN IN DT JJ NN CC NN IN NN . NNS IN JJ NN CC NNS VBZ DT NN IN NNS IN NNS RB . RB , RB NNS VBP RB VB DT JJ NN IN NNS . EX VBZ DT JJ NN IN NNS , IN WDT VBP NN CC NN , VBG NNS IN NNS , IN WDT PRP VBP RB RB VB NNS . DT VBZ WRB DT NN IN JJ NNS VBZ DT JJ NN IN JJ NN . DT NN VBD IN NNS VBP VBN IN NNS MD VB VBN RB RB IN NN IN JJ NNS CC RB IN NN , VBG IN DT NN IN JJ NNS ."
646,1335,mainstream,"DT NNP MD RB VB JJ TO VB IN DT NN IN DT NN HYPH CD NN , VBG IN CD IN DT NNS VBG DT NN . NNP NNP IN NNP NNP NNP VBD NN NN IN DT NNP POS JJ JJ NN IN NN CC NN IN NN IN DT NN IN DT NN POS NN IN DT NN NN . PRP VBD IN VBN NNS IN NNP NNP NNP NN CC JJ NNS IN NNS POS NNS VBP PRP `` RB JJ '' DT NN NN MD VB WRB DT VBN NN IN DT NN VBZ IN CD CC CD NNS . NNP NNS IN DT NN VBP RB JJ TO VB CD , PRP VBD , CC MD VB RB JJR . DT NN IN JJ NN NNS MD VB RB RB IN NN IN DT NNS , CC MD RB VB VBN IN DT JJ NN , VBD NNP . DT NNS VBP VBN IN NN NNS IN DT NN VBG , WDT VBP IN NN DT NNS IN DT NN , DT VBN NN IN NNS VBN TO VB IN NN CC DT NN IN NNS , RB JJ NN NNS . DT JJ NN VBZ VBN DT JJ NN IN VBG DT NNP POS NN NN , CC DT NN VBZ VBN VBN IN DT . `` TO VB JJ , DT JJ NNS VBP DT DT IN DT JJS JJ NN NNS IN DT NN , '' NNP NNP IN DT NNP IN NNP NNP , NNP , VBD NNP NNP JJ NN . `` CC PRP VBZ JJ TO VB PDT PRP$ NNS IN DT JJ NN . '' NNP VBD DT JJ NN VBD VBN TO VB NN IN DT NN IN JJ NNS IN DT NN VBD JJ . NNS VBP DT MD VB CD IN CD NNS CC NNP VBD PRP VBD JJ TO VB DT NNP IN NN IN RB RB , RB IN IN DT NN IN DT NN . `` PRP MD VB VBG IN DT NN IN NNS TO VB , '' PRP VBD . DT NNP NN VBZ VBG TO VB NNS IN NNS POS NNS RB WRB DT NN VBZ DT NN TO VB JJR NNS IN DT NN , VBD NNP . DT VBP VBN DT NNP IN RB VBG DT NN IN DT NNP NNP NNP TO `` VB , NN , NN '' . CC NNP VBD NN NN CC NN NN VBD RB VBN IN DT JJ NN IN DT JJ NN IN RB JJ NNS VBD JJ . PRP VBD DT NNP MD VB DT NN NN '' IN DT JJ NNS '' TO VB WP NNP NNP VBZ VBN CC RB VB CC VB DT JJ NN . JJ NNS IN DT NN IN NNP VBZ IN DT NN VBZ VBG JJR IN VBN , VBD NNP . IN DT NN , NNS VBP VBN PRP$ NN IN DT NN NN -LRB- NN -RRB- IN DT NN . DT NN IN WRB JJ JJ NNS DT NN RB VBZ VBZ RB VBN TO VB RB RB CD , PRP VBD , RB IN CD . `` DT VBZ JJR NN TO VB DT RBR JJ JJ NN NNS , '' PRP VBD . PRP$ NNS VBP IN DT NN IN DT NNP IN NNP VBD JJ NNS IN DT JJ NN WDT PRP VBP VBZ IN IN IN PDT DT NNP NN MD RB VB VBN VBN . DT NN VBZ VBN IN JJ NNS IN DT IN NNP CC NNS VBN IN VBG DT NNP NN . RBS RB , PRP VBZ IN JJS NNS WP VBP DT NN VBP RB VB NNS CC IN RB JJ VBP TO VB IN NN . `` PRP VBP RB VB DT VBZ JJ IN DT VBN NNS , '' NNP VBD DT NN . VB RP IN PRP$ JJ NN NN NN IN DT NN HYPH NN IN PDT DT NN CC NN NN PRP VBP TO VB , DT NNP"
647,12,conspiracy,"DT CD NN IN DT NNP VBD IN DT NN VBD VBZ DT NNS IN NN IN CD NN . `` VBG NN NN MD VB DT NN IN JJ JJ NNS , DT NN VBN IN `` NN NN '' CC `` VBG JJ NNS RB , DT NNS IN NN IN VBN NNS VBD RB JJR WRB VBN IN JJ NNS . '' DT NN VBZ JJ NNS WDT VBP DT VBN NN IN JJ JJ NNS IN DT NN NN . DT NNP NNP POS CD NN IN NN HYPH NN NNS VBD DT NN NN VBZ `` DT NN '' IN VBG NN , CC EX VBZ `` DT NN IN NNS VBP JJ NN CC NNS . '' NFP NNP IN NNP NN , CD , NNP NNP CC NNP NNP NNP VBD DT JJ NN NN IN `` NNP NNPS CC NNPS . '' IN DT NN , NNP VBD IN DT NN NN , `` CC , RB , IN PRP VBP JJ IN NN , CC PRP VBP RB VBN DT NN NN : PRP MD VB DT NN NN . '' VBG NN CC NN IN NN NN RB , VBZ NNP POS NN IN DT NN NN MD VB NNS VB NN HYPH CD RB JJ . DT JJ NN VBZ UH . IN NN , DT NNS IN JJ NN HYPH VBN , VBN NNS VBP IN NNP POS NN MD VB VBN DT JJS NN PRP MD VB VBN DT NN . IN VBG DT NN , DT JJ NN PRP VBP VBN JJ TO VB VBG NN NNS CC NN VBZ DT CD NNP NNP NN WDT VBD IN DT NN VBD VBZ DT NNS IN NN IN CD NN . `` VBG NN NN MD VB DT NN IN JJ JJ NNS , DT NN VBN IN `` NN NN : POS NN VBN POS NN NN VBD RB VBN IN NN . '' RB VBP DT NNS : VBG NN NNS RB , DT NNS IN NN IN VBN NNS VBD RB JJR WRB VBN IN JJ NNS IN DT NNS NN -LRB- NN IN DT NN CC DT NN -RRB- IN CD . IN JJ NNS , DT VBN VBD CD NN RBR JJ TO VB NN . `` SYM CD NNS POS NNP NNP , NNP . DT NN VBZ VBN CC VBN IN DT NN IN NNPS POS NNP NNP , NNP . VB TO VB JJR IN NNPS POS NNP NNP . VB RP IN JJ NN CC NNS IN NNP NNP NNP , NNP CC DT NNP POS NNP NNP . PRP$ NN MD VB TO VB PRP IN PRP$ NNS ."
648,889,mainstream,"NN : NNP -LRB- IN NNS IN NNP , JJ , JJ , JJ CC NNP -RRB- . NN : NNS IN NN , JJ JJ NNS , NN HYPH NN NNS CC NNS IN DT NN . DT NN IN DT NNP NNP NNP IN NNP NNP VBZ DT NNS IN DT JJ NNS IN DT NN . DT VBP IN JJ NN NNS JJ IN DT NNS JJ IN DT NN IN NNS RB RB IN IN DT NN IN NN HYPH JJ NNS VBG IN JJ HYPH NN NNS , JJ NNS CC NNS RB IN NN . NNS IN NN NNS VBP VBN RB DT NN , IN JJ NNS CC NNS CC NNS IN JJ NNS VBN IN VBN . NN IN NNP , JJ , JJ , JJ CC NNP VBZ VBN IN DT JJ NN IN DT NN . DT NNP VBD VBN IN CD IN DT NNP NNP NNP TO VB RB , RB , CC IN JJ NN IN NN NN NNS IN JJ JJ NN . PRP$ NNS VBP VBN NNS IN IN DT NN IN DT NNS IN NN , NNS , NN , JJ NN , NN CC NN , JJ NNS , JJ NN , NN CC NN , NN NN CC NN ."
649,18,conspiracy,"IN DT NN IN NN NNS DT NNP IN NNP NNP CC DT NNP NNP NNP VBP JJ TO VB NN IN DT NNP NNPS NN . PRP VBP IN DT NNS WP MD VB VBG NN NNS CC VBG NNS IN DT WP VBP . UH VB DT NN NN NN TO VB DT JJ NN IN DT JJ NN WDT PRP VBP VBN . DT NNS VBP VBN TO VB NN CC VB DT NN , RB UH VB DT NNS IN PRP$ NN IN NN . PRP VBZ JJ IN PRP TO VB DT NN IN PRP$ NN NNS IN DT JJ CD NNS IN NNS , DT NNS IN JJ NN CC NNS IN IN PRP MD VB PRP$ NNS . VB DT NNS CC NNS IN : -LRB- NN VBN -RRB- VB DT NN NN NN , IN DT JJS IN PRP$ NN CC PRP MD VB PRP IN JJ NN IN NN . DT NN VBZ DT JJ NN IN VBG NN IN PRP$ JJ NN . DT NN NN NN VBZ VBN TO VB NN NN IN PRP$ NN CC WRB PRP MD VB NN . NN NNS MD VB VBN IN NN VBN IN PRP$ NN IN NN . IN NNS VBP VBN CC VBN , JJ NNS MD VB VBN TO VB DT JJ NN NN . UH VB DT NN RB IN JJR NNS IN NN NNS . SYM NN VB NNS TO VB PRP VB NNS TO VB PRP VB NNS TO VB IN NN IN PRP$ NNS PRP$ NN VBZ VBN RB . VB IN DT NN NN DT NN WDT RBS VBZ DT NN IN PRP$ NNP NNP . SYM NN VB CD SYM CD NNS IN DT NN IN PRP$ NN -LRB- JJ CD NNS , VBG NNS -RRB- SYM NN VB CD SYM CD NNS IN DT NN PRP$ NN MD VB -LRB- JJ CD NNS , VBG NNS -RRB- NFP NN NNS VBN TO VB VBN IN JJ CD NNS NNS UH VB DT NN IN NN PRP MD VB IN DT JJ CD NNS NN . DT MD VB VBN IN DT JJ NN TO VB NNS WDT VBP IN NN IN DT NN . RB VB PRP$ JJS . UH VB NNS , NNS CC NNS RB . SYM NN UH VB DT NN JJR IN CC JJ IN CD . NFP NN PRP VBZ JJ IN PRP TO VB DT NN IN PRP$ NN NNS IN DT JJ CD NNS IN NNS , DT NNS IN JJ NN CC NNS IN IN PRP MD VB PRP$ NNS . SYM NN IN PRP VBP DT NN IN CC JJ IN PRP$ NN , UH VB PRP IN DT NN . SYM NN UH VB DT NN PRP VBP RB . WRB PRP VBP DT NN PRP MD VB DT NN VBG JJR NNS IN DT NN . SYM NN DT NN VBZ IN NN NNS CC MD VB VBN JJ ."
650,1075,mainstream,"NNP , NNP -LRB- NNP -RRB- : IN DT NN NNP CD IN NN NN , DT NNP NNP VBD RB DT NN POS JJ NN . DT NN VBZ NNP NNP NNP , RB NNP NNP NNP . DT VBN NN IN DT NN VBZ RB : NNP MD VB JJ NNS IN JJ NN NNS VBN IN NNS CC JJ NN NN NNS IN NNP CD NNP , NNP -LRB- NNP -RRB- : NNP MD VB JJ NNS IN JJ NN NNS VBN IN NNS CC JJ NN NN NNS IN NNP CD . DT NNP VBD CD SYM CD NNP IN DT NNP POS NN TO VB DT NN HYPH RP IN NNP CD IN NNS IN JJ , JJ CC JJ NNS , RB RB IN NNS IN NN NNS CC NN NN NNS . DT NN , WDT VBD NN IN NNP NNP NNP NNP POS NN , VBZ JJ JJ NN IN DT NNS . NNS CC JJ NN NN NNS RB VBP NNS , CC NNP VBZ IN CD NNS WDT VBZ DT JJ NNS IN `` JJ , JJ CC JJ NNS , '' VBG IN DT NNP NNP IN NNP NNPS . RB CD NNS VBP DT JJ NN . NNP CC NNP VBP VBG JJ NNS DT NN . NNPS : WP VBP NNP POS NNP CD SYM CD : VBD DT JJ NN TO VB DT JJ NN . JJ NNS VBP VBN NNS IN NNS , NNS CC NN NNS VBP DT NN IN NN . DT RB VBN NN , NN , RB VBN IN NN NN , VBZ RBR JJ IN NNP IN JJS JJ NNS . CC NNS VBD IN NNP POS NNP NN NNP TO RB VB IN NNP NNS MD VB JJ TO VB HYPH RP IN JJ CC JJ NNS . JJ NNP NNP NNP VBD NNP IN NNP NNP NNP POS NN MD VB NN IN NN . JJ NNP NNP NNP VBZ VBN NNP VBZ VBG NNS IN NNS WP MD VB NN IN NN . JJ NNS VBZ NNP VBZ IN DT NN POS JJS NN IN JJ NN NNS . DT NN VBZ RB VB RB WRB JJ NNS VBP RB VBN IN JJ CC JJ NNS , CC DT NNP IN NNP VBZ VBN IN RB JJ IN CD NN : CC CD NNS : MD VB JJ NNS . NN NNS IN DT NNP NNP IN NNP NNP CC NNP VBZ IN RB CD NNP NNS , JJ HYPH NNS CC JJ NN NNS RB VBP JJ NNS . RB DT JJ NNS VBD VBN IN JJ NNS . NN NN NNS VBP VBN IN PRP VBZ JJR NNP NNS VBP VBG IN JJ NNS , WDT VBZ DT NN IN JJ NNS MD VB ."
651,223,conspiracy,"NN NNS VBN IN NNS IN JJ NNS IN NNP VBP VBN VBN IN NNS TO VB DT NN NN WDT VBZ NNS , VBZ DT NNP NNP NNPS NNP , DT JJ NN . DT NN CD CD JJ NNS CC NNS VBP IN DT NN IN VBG VBN DT NN , VBN IN NNP CC DT NNP NNP NNP . `` PRP VBD CD NNS IN IN NNP IN NNS IN NNP NNP . PRP VBD JJ IN DT NN NN , '' NNP NNP NNP IN DT NNP NNP NNP IN NNP VBD NNP . `` PRP VBD RB VBN IN NNP . '' NN VBZ DT NN POS NN TO VB PRP$ JJ NN IN NN HYPH VBN NNS NNP VBZ DT NN VBN IN DT NNP NNP NNP IN NN NNS . WRB VBN IN DT NN IN DT JJ NN , PRP VBZ DT NN TO VB VBN IN DT NN POS JJ NN NN IN DT NN , VBG IN DT JJ NN . PRP$ NN VBZ IN NNS , VBG NNS IN NNS IN IN CD NNS IN DT NNS . NNP NNP VBD `` : DT NN NN VBZ RB IN VBG JJ NN CC DT RB HYPH VBN JJ NN NN JJ NN NN VBG DT VBN NN NN NN . '' RBR RB , DT NNP NNP NNP VBZ DT JJ NN . `` WDT NN VBP DT JJ NNS VB IN VBG . '' VBD NNP NNP IN VBN IN DT NNP NN VBN RB . `` DT NNP NNP VBZ VBN RB IN NNP VBG NN NN CC VBG IN CD NNS IN JJR IN NNP VBZ VBN IN DT NN . '' IN JJ NNS , DT JJ NN VBG DT NN NN IN DT NN NNS VBZ IN NN DT NN NN . CC RB PRP VBP RB VBN TO VB DT JJ NN : NNS VBP DT JJ NN IN NNS TO RB VB JJ JJ CC JJ NNS WDT VBP RB VBN IN DT NN . WP RB VBD JJ NNS IN DT RB HYPH VBN NN NN VBD DT RB JJ NN NN . DT NN VBD CD NNS RB CD NNS : DT NN WDT VBZ RB VBN IN NN . `` DT JJ NN NN NN VBZ VBN VBN IN CD NNS VBZ WRB PRP VBZ VBN IN DT NN IN NN VBG NNS VBN IN DT NN NN , JJ NNP NNP -LRB- NNP -RRB- VBN IN NNP IN CD . '' VBD NNP NNP . RB , DT NN VBD RB VBG VBN IN NNS IN NN HYPH VBG NNS , RB NNS CC NNS IN DT NN IN NN . IN NNP NNP VBZ , DT JJ NN NN NN VBD VBN IN CD IN NNP CC CC NNP CC DT NNPS IN CD . WP VBD TO VB PRP IN NNP IN DT NNS , NNP VBZ , CC DT NN VBD VBN IN DT NNP NNP . VBG IN NNP NNP IN NNP NNP NNP , DT NNP NNPS VBZ RB VBG DT NN NN CC NN IN NN IN DT NNS . RB , PRP VBZ DT NNS VBD `` VBN '' IN DT NN NN : DT JJ NN WDT DT JJ NN MD VB IN NNP MD RB RB VB RB IN DT NN NN NN IN NN VBD PRP RB RB . VB DT JJ NN IN NNP IN : ADD NNP NNPS , NNP CC NNP DT VBD IN NN NN PRP MD RB VB DT NN VBN IN DT JJ NN NN IN DT NNP NNPS . DT NN IN NNS VBZ VBN , RB IN DT NN VBZ IN DT NNP NNPS VBZ RB VBN IN DT NN IN NN NN IN NNS IN NNP . WP VBZ VBG IN NNP VBZ DT NN IN NN , CC PRP VBZ DT NN VBN IN JJ JJ NN . RB , DT JJ NN IN DT NNP NNPS MD VB RB IN DT NN VBG JJ NN CC NN : CC RB DT JJ NN NN IN DT JJ NN : CC IN DT NN VBZ VBG VBN IN NNS , DT JJ JJ NN VBZ PRP . RB , JJ NNS IN JJ NNS VBP RB JJ IN DT JJ NN RB RB IN NNS VBP VBN IN DT NN . LS -RRB- NN RB VBZ WP VBZ IN PRP . LS -RRB- PRP MD VB RB VBN IN VBN NNS . LS -RRB- PRP MD VB VBN IN DT NN IN `` JJ NN . '' LS -RRB- DT NNS CC NN NN MD RB VB IN DT NN IN NN TO VB NNS IN VBG VBN IN JJ NNS IN NNS . RB , NNS MD VB RB VBN TO VB NNS IN NN NN NNS CC RB NN NN NNS . IN NN , DT VBZ RB WP VBD IN RB JJ IN CD CD NNPS IN DT JJ NN NNS IN DT CD POS CC NNS . DT NNP RB VBD DT `` JJ '' NN IN NNS IN NNPS IN DT NN HYPH VBG NN NN NN , CC DT NN VBD PDT DT NN IN PRP$ NN IN CD . IN NNP NN , NN NNS RB VBP DT NN NN VBD DT `` JJ '' NN . DT VBZ DT NN WDT MD RB VB VBN IN DT NN NN IN VBN NN NNS , WRB NNS RB VBP NNS IN VBN NNS WDT VBP NN , VBP NN CC VBP JJ NNS . DT JJ NN IN NNP IN NNS IN JJ NN IN DT NN VBZ DT JJ NN IN JJ NNS CC JJ NN . RB VBP RB DT JJ IN DT NNS RB VBG VBN IN NN IN DT NN IN NNS : NN NN LS -RRB- DT VBN NN . NN IN DT NNS IN NNP VBD VBN DT NN IN PRP VBD VBG VBN IN DT NN NN VBN TO VB NN . NN NN LS -RRB- NN HYPH VBN NN . DT NN IN JJ NNS IN DT NN VBZ DT JJ NN VBN IN PRP$ NN . IN DT JJ NN , DT MD VB VBN DT RB HYPH VBN NN NN VBG IN NN . NN NN LS -RRB- DT JJ NN IN DT JJ NN . DT JJ NNS VBN IN DT NN HYPH VBN NNS VBZ IN DT NN IN DT JJ NN IN DT NN POS NN . DT NNS VBP NN IN DT NN CC NN IN DT NN , CC DT NN IN NN IN DT NN IN DT JJ NN . NN NN LS -RRB- NN IN NNP NNP NNS IN JJ NN . PDT DT JJ NNS VBN IN DT NN VBP VBG VBN IN JJ NN NNS IN DT JJ , JJ JJ NN . NN IN DT NNS RB VBD RP IN DT JJ NN , CC VBD PRP RB VBN . DT VBZ DT JJ NN IN JJ NNS . NN NN LS -RRB- NNS IN NNS . RB NNS VBD VBN IN DT VBN NN NN NN , VBG IN DT VBZ RB RB DT NN HYPH VBN NN CC RB DT NN HYPH VBN NN IN NNS . IN PRP VBP PDT DT RP , PRP VBP VBN VBN NNS VBG RB VBN IN DT VBN NN NN VBN IN DT NNP , RB VBN IN DT RB HYPH VBN JJ NN WDT VBZ NNS TO VB VBN IN DT JJ JJ NN VBN IN NN NNS . WRB VBN IN NNS , NN CC NN VBP RB RB NN CC , IN PDT DT , DT JJ NN VBZ RB JJ IN DT NN . DT NNP NNP NNPS VBZ PRP . DT NNP NNPS VBZ PRP . NNS VBP VB PRP . NN HYPH VBG NNS VBP PRP . NN NNS VBP PRP RP CC VBP DT NN , VBG PRP VBP RB VB NNP NNP CC NNP NNP NNP CC NNP . NN TO VB DT NN . WRB NNS IN PRP$ NN VBP NN NNS CC JJ NNS , PRP VBP RB VB PRP PRP VBP NN IN DT NN IN NN VBN IN NN , RB HYPH VBN NN NNS CC DT JJ NN IN NNS . PRP VBP RB VB PRP IN NN NNS RB VBP JJ NN IN NNS CD NNS DT NN VBN IN NN NN . PRP VBP RB VB PRP NN IN WP VBZ IN DT NNS IN DT JJ NN IN NNS IN NNP VBP RB VBN WP VBZ IN PRP , RB . NNS VBP DT JJ NNS IN NNS CC NNS DT NN VBZ IN NNS VBP RB VBN IN NNS IN NN IN DT JJ NN NN WDT PRP VBP VBG NN . WDT JJR NN TO VB JJ RB HYPH VBN NN NN IN TO VB NNS PRP VBP VBG VBN '' IN PRP$ JJ NN . '' DT VBZ RB WRB NNP NNP RB VBD : WRB MD NNP NNP VB VBG IN NNS VBG JJ NN IN NNS VBD RB RB VB NN NNS . VB , NNPS VBZ DT JJ NN WP VBZ VBN DT NNS IN NN NNS VBG CD WDT VBZ NNS POS NNS IN JJ HYPH NN NN NNS TO VB PRP JJ . NNPS VBZ NN IN DT JJ JJ NN WDT VBZ JJ JJ NN VBZ RB JJ TO VB DT NN . DT NN , WDT VBZ JJ NNS CC NNS , VBP IN DT RBS JJ NNS IN JJ NN VBP : LS -RRB- NNS WDT VBP RB VBN IN NN NNS . LS -RRB- RB VBN NNS IN DT JJ NN NN , RB VBN TO VB JJ NNS CC JJ NNS . IN NN , NNP NNP NNP , NN IN DT NNP NNP IN NNP NNPS CC NNP RB VBD IN VBG DT VBN NN TO VB DT JJ NN , VBG `` DT VBZ DT NN . VB RP CC VB JJ NN TO VB DT JJR NN . -LRB- NN -RRB- CD HYPH CD NN IN DT NN VBZ VBN TO VB IN NNP . '' IN PRP VBD IN NNP CD , CD , JJ NNS VBP NNS VBP NN JJR IN DT `` NN '' TO VB VBN IN NNS WDT VBP DT NN POS `` NN NN '' IN JJ NN . RB VBZ DT NN IN DT NN `` DT NNP NNP '' IN NNP NNP , VBG DT NN DT NNS VBP : RB DT NN VBZ RB `` VB '' DT NN IN CD CD NNS . CC PRP MD RB VB VBN IN DT JJ NN IN DT JJ NN , WDT VBZ VBN RB IN DT JJ CD NNS CC RB , VBZ RB VBN DT RB JJ NN IN NN , WDT VBZ VBG RB IN DT NN CC MD RB VB JJ TO VB PRP IN DT NN NN WDT MD VB TO VB PRP . DT NN POS NN NN , RB TO VB , VBZ VBN DT NN IN DT JJ NNS CC VBZ VBG TO VB RP . DT NN VBZ VBG TO VB PRP IN DT NN IN DT JJ NN . WP VBZ JJ IN PDT DT : CC IN NNS CC NNS VBN IN NNS : VBZ WRB DT RBS JJ NNS IN DT JJ NN VBP VBN TO VB NN IN DT NN TO VB VBN IN NNS IN NN CC NN . RB , JJ JJ NN VBZ DT NNS TO VB RP PRP$ JJ NNS IN NN IN `` JJ '' NNS IN JJ NNS CC `` JJ '' NN IN NNS IN NN NNS . DT NN IN JJ NN NNS IN NNP NNPS NNS VBZ DT JJ NN : VBD DT JJ NNP NN IN NNP NNP RB JJ . CC WP RB MD NNS , NN NNS , NN NN NNS CC NNS VBP IN NN IN JJ NN IN DT NNS RB . VBZ EX RB NN IN DT NN NN WDT VBZ NN . DT NN VBZ DT JJ NN , CC RB IN DT NN NNS , PRP RB VBZ RB VBN . DT CD NNS IN VBG NN DT VBP DT NNS IN DT NN HYPH VBN JJ NN IN NN : DT CD IN DT NNS VBP `` NNS '' IN JJ NNS TO VB PRP$ NN IN JJ NN CC NN . DT VBZ RB WRB NN WP VBZ TO VB DT JJ JJ NN RB IN NN MD VB JJ NNS TO VB PRP IN RB HYPH VBN NN , NN CC NN . DT JJ JJ NN , NN CC NN VBZ IN WDT VBD VBN RB CC RB IN DT NN IN NNP NNP , NNP NNP CC NNP NNP . VB RB VB DT NN NN IN VBG PRP RB , CC VB PRP$ NN NN NNS IN DT JJ NN NNS IN ADD VB RB VB NN HYPH VBN NN . VB RB VB PRP TO VB VBN IN VBN NNS . VB RB VB NNP NNP POS JJ NNS . VB JJ IN VBG JJ IN DT VBN `` NN '' IN PDT DT NNS VBN IN NNS CC NNS WDT RB RB VBP TO VB RP DT JJ NN IN DT VBG NN NN . IN PRP VBP JJ CC JJ , PRP MD RB VB DT JJ JJ NN . IN DT JJ NN , DT WP RB VBP RP TO VB VBN IN DT JJ NN NNS VBP RB VBG PRP VBP RB JJ CC JJ TO VB RB IN DT NN WRB `` NN '' VBZ VBN DT JJ NN IN JJ NN ."
652,598,mainstream,"VBG WRB RB PRP MD VB DT NN IN NN HYPH CD , NNP NNP VBZ IN `` DT JJ NN IN DT NNP NNP NNP NN IN NNP NNP MD RB RBR VB VBN IN TO RB VB JJ NN NN '' -LRB- CD NNP , NN CD -RRB- . PRP VBP NN IN DT . IN PRP VBP VBN , JJ NNS VBP DT JJ NN IN PRP$ NN IN NN CC NN -LRB- IN NN , CD NNP CD , NN CD -RRB- . PRP$ NN VBZ RB RB DT JJ NN IN DT JJ NN IN NN , IN JJS IN PRP$ NN VBZ VBN IN VBG NN VBN RP IN JJ NNS CC NN NNS VBN IN NNS , NNS CC NNS , IN WDT DT NNS VBP JJ CC NN ."
653,529,conspiracy,"RB VBZ PRP$ NN IN CD JJ NNS WP$ NNS IN DT NNP NN VBP DT JJ NNS IN DT NNP , CC DT NNS RB JJ IN JJ NN . NNP NNP NNP VBZ DT NN IN NN . PRP VBD DT NN IN DT NNP NNP NNP IN NNP CC NN IN DT NNP IN NNP NNP CC NNP CC CD IN DT RBS VBN NN NNS IN JJ NN . WP PRP VBZ : PRP VBP JJ IN CD CD NNS IN DT JJ NN MD VB IN CD NNS IN NN IN DT JJ CD NNS . CC PRP VBP RB VB IN CD , CD , CD CC CD NNS JJ IN JJ NNS VBP RB VBG DT NN . -LRB- DT NN POS NN NNS -RRB- VBP JJ , JJ CC RB JJ -LRB- . -RRB- DT NN NN IN NNS VBZ VBG VBN . DT JJ NN IN DT NN NN VBZ DT NN IN JJ NNS . DT NNS IN JJ NN VBP JJ . RB NNS IN NNS IN NN VBP VBN , NNS VBN , NNS JJ , NN NNS VBG . PDT DT MD VB RB IN PRP$ JJ NN . PDT DT NNS VBP VBG IN NN HYPH NN CC JJ NN VBN IN NN IN DT NN . NNP NNP NNP VBZ DT JJ NN VBG IN NN , NN CC JJ NN IN DT NNP NNP IN DT NNP IN NNP . IN CD PRP VBD IN DT NN IN VBN NNS IN NN VBG DT NNP NN IN DT NNP NNP NN . WP PRP VBZ : NNS VBP VBG VBN IN NNS , NNS WP VBP TO VB JJ TO VB NN IN PRP$ NNS . NNS WP RB VBP RB IN DT NN CC VBP PRP$ NN IN PRP -LRB- NFP -RRB- CC WP VBZ VBG RB RB VBZ DT JJ NN IN VBG IN NNS . PRP MD VB VBG NNS IN `` WRB VBD PRP VB RP DT NN VBD JJ . '' , `` WRB VBD PRP RB . '' , `` VBD RB PRP VB DT JJ NN JJ NN . '' , `` VBZ PRP RB NN JJ . '' NNP NNP NNP VBZ NN IN NNP NNP NNPS CC NNP IN NNP NNP , JJ NNP NNP NNP NNP IN NNP NNP CC NNP NNP IN DT NNP NNP IN NNP NNPS . WP PRP VBZ : PRP VBP RB VBN NN IN DT , NN RB RB IN DT . PRP VBP RB VBG IN DT NN , IN PRP VBP VBN CD IN PRP , CD DT NN . PRP VBZ VBN NN . CC JJ JJ NN NNS , PRP VBP RB RB VB WP PRP VBP . CC PRP VBP RB VBN DT NN , CC PRP VBP VBG TO VB WRB . PRP VBP IN DT NN IN DT NN , IN DT NN IN VBG IN NN IN NNS , VBG IN DT JJ NN IN NNS , VBG PRP$ NNS , VBG NNS IN NNS . PRP VBP IN JJ , JJ NNS JJ IN DT . IN NNP , IN DT NN IN NNP , WRB EX VBZ VBN DT JJS NNS CC NNS IN RB , DT JJ NN IN NNS VBN VBZ CD IN CD NNS CC DT JJ NN IN NNS VBN VBZ CD IN CD . RB RB DT MD VB TO VB NNS IN NN . NNP NNP NNP NNP IN NNP , IN NNP NNP CC NNP CC IN NNP NNP NNP , IN NNP NNP NNP IN NNP CC DT NNP IN NNPS IN NNP NNP NNP IN NNPS CC NNPS . PRP VBZ NN IN DT NNP NNP NNP NNP , CC NN IN DT NNP HYPH NNP NNP NNP IN NNP -LRB- NNP -RRB- . PRP VBZ RB DT NN HYPH IN HYPH NN IN DT NNP NNP IN NNP NNP . PRP VBD NN IN DT NNP IN NNP CC NNP , NNP IN NNP NNP IN NNP RB RB IN JJ NN IN NNP NNP NNP IN NNP . IN DT NN , NN CC NN PRP VBZ VBN NNS IN NN HYPH VBN NN , NN , NN NN CC JJ NN . IN NN , PRP VBD DT NN IN NN . PRP VBZ VBN IN JJ IN DT VBN NN VBZ RB VB JJ JJ NNS IN NN . WP PRP VBZ : NNS WP VBP VBN VBN IN NNP HYPH NNP HYPH CD VBP RB DT IN JJ NNS CC JJ NNS . IN JJS NN NNS VBP VBN NN NN , NN NN MD RB VB IN DT JJ NN . DT CD NN WRB DT JJ , VBN NN VBD VBN VBD DT NNP NNP NN NN CC PRP$ NN NNS . DT NN NN NN RB VBD CD NN , CC DT VBD DT RB JJ NN , IN WDT DT NN NN IN NNP HYPH CD VBZ RB JJR . MD DT NNP HYPH CD NN NN NN VB RB JJ . UH , DT VBP , VBG IN DT JJ NN IN JJ NNS . RB , RB DT RB HYPH VBN JJ CC JJ HYPH JJ HYPH NN NNS WDT VBP VBN VBN IN NNS MD VB NN NN NNS RB JJ IN CD NN WRB PRP VBP JJ NNS IN NN NNS . IN PRP VBD RB VBN IN DT JJ NN RB RB , CC VBD RB VBN NNS IN NN NNS , DT NN IN JJ NNS IN IN `` NN HYPH JJ NN '' MD RB VB JJ DT NN . IN JJS , PRP MD VB RB VBN IN NN DT NN VBZ TO VB DT NN JJR IN NN . : `` DT NN IN DT NN . IN DT NN NN VBZ NN , PRP VBP VBG NNS IN JJ NNS '' , NNP NNP , NNP NNP CD NNP NNP NNP VBZ DT JJ NN , NN CC JJ NNP NNP IN DT NNP NNP . PRP RB VBD IN NNP NNP IN DT NNP NNP NNP NNP NNP CC IN DT NNS VBN DT NN HYPH VBN NN NN NNP . WP PRP VBZ : NNP VBZ VBN IN PRP$ JJ NN IN JJ NNS , JJR IN CD NNS DT JJ JJ NN . IN DT NNP RB CD NNS VBP IN DT JJ NN NN CC RB RB CD SYM CD NNS VBP VBN IN DT NN , JJS IN PRP IN DT NN NN IN NNP , NNP . IN DT NN , JJR NNS VBP IN JJ NN VBN IN DT WP VBP IN DT NN . `` EX VBZ DT RB JJ NN IN PRP DT VBP : DT NN NN IN CD . DT VBD DT NN WDT VBD DT NN IN NNP CC IN NN EX VBZ DT NN IN PRP . CC WP . IN DT NN EX VBD DT NNP CC RB RB VBD CC PRP VBD RB IN PRP$ NN . DT NN , IN NN , VBZ DT NN IN JJ NNS . WP VBZ IN NNS VBP NNS VBZ JJ . NNP NNP NNP VBZ DT JJ NN VBG NNP NNPS IN DT NNP NNP NNP NNP CC NNP IN NNP NNP . WP PRP VBZ : PRP VBP JJ NNS IN NNP CC DT NN IN NNS , WDT VBZ VBN VBN IN DT VBN NN NN `` NNP , WDT VBD DT NN IN NNP . DT VBZ PRP JJ IN RB CD NN IN DT NNS VBP VBN IN NN VBG DT NN . CD NN IN DT VBN NNS VBP RB RB CD NNS JJ , CD NN RB CD NNS . IN NNP , CD IN CD NNS VBN VBP , VBG IN DT NNS IN DT NNP NN , WDT VBZ RB CD IN DT CD NNS VBN . DT JJ NN VBZ JJ , CC RB : JJ IN DT NN NN : PRP VBZ NNS WP VBP IN DT NN IN PRP$ NNS . IN PRP VBP DT NNS , PRP MD VB DT NNS IN RB VBG NN . PRP MD RBR VB DT JJ NNS IN DT JJ NNS . NNP NNP NNP VBZ JJ NN , JJ NNP IN DT NNP NNP NNP CC NNP NNP IN DT NNP NNP NNP . WP PRP VBZ : PRP VBP RB DT NN IN NN . NN WP VBZ NN IN DT MD RB VB WRB CC WRB TO VB PRP RP RB . IN PRP VBP TO VB IN DT NN MD VB IN PRP IN DT JJ NN , PRP VBP WRB PRP MD VB IN JJ . PRP MD RB VB NNS CC NN NNS VBN IN DT NN IN DT NN . IN PRP MD VB IN JJS DT RB IN PRP VBP DT NN . NNP VBZ VBN DT NN CC VBZ DT JJ NN . PRP RB VBD PRP$ NN NNS , CC VBD RB VB RP DT NN VBN IN DT NN . NNP NNP NNP VBZ DT JJ NN NN , NN CC JJ NN . PRP VBZ NN IN NN , CC DT NN IN DT NNP IN NNP CC NNP NNP , IN NNP NNP . WP PRP VBZ : DT JJ NN VBZ RB RB JJ , PRP VBZ RB RBR JJ IN NNP HYPH CD . DT JJ NN VBZ IN NNP HYPH NNP HYPH CD VBZ IN DT JJ NN NN CC VBZ RB RB RBR JJ IN DT NN VBZ IN NN IN NN , RB TO VB . CC DT VBZ RB DT NN : IN NNP HYPH CD VBZ IN DT JJ NNS , PRP VBZ RB RB JJ , CC PRP RB VBZ IN DT NNS , WDT VBZ PRP RBR JJ . PRP RB VBP TO VB IN NN IN DT NNP HYPH NNP HYPH CD NNS IN NNP VBD RB JJ NNS . IN NNP , IN NN , DT CD HYPH NN HYPH JJ NN IN JJ NNS VBD IN NN NN , CC DT IN NNP HYPH CD NN NN . IN PRP VBD VBN , PRP RB VBZ IN DT NNP CD NNS . CC DT NN VBZ IN PRP MD RB VB VBN RB , RB IN NNP HYPH CD . NNP NNP NNP FW FW : DT NN IN NNS IN DT NNP NNP HYPH NNP NNP NNP , NNP CC DT NNP NNP NNP NNP NNP NNP , NNP NNP HYPH NNP NNP NNP , VBG DT NN HYPH VBN NN IN NN NN IN DT NN IN NNP IN DT `` NNS IN DT NN '' NN . WP PRP VBP : DT NN IN NNP HYPH NNP HYPH CD VBZ RB VBN , IN CD CD NNS VBP IN JJ NNS DT NN VBN IN JJR IN CD NNS IN NNP HYPH NNP HYPH CD IN DT NN IN NN . DT NN VBD DT NN NN IN NNP HYPH NN HYPH CD IN NNP NNS -LRB- CD NN -RRB- IN DT NN NN IN JJ NNS VBN IN NN HYPH NN NNS -LRB- CD NN -RRB- IN CD NNP CD IN CD NNP CD . NN NN VBD VBN , CC DT NN HYPH NN VBD CD -LRB- RB JJ -RRB- . : PRP MD VB VBN IN JJ NNS IN JJ NNS -LRB- CC RB RB IN NNP HYPH NNP HYPH LS -RRB- VBP VBN IN DT NN IN JJ NNS VBZ JJ IN CC RB JJR IN DT NN IN JJ NNS . DT JJ NNS IN NNP HYPH NNP HYPH CD MD RB VB JJ , WDT MD RB VB DT JJ NN VBN IN DT JJ NN . NNP NNP NNP VBZ DT JJ NN CC VBG NN IN DT NNP NNP NNP NNP NNP WP PRP VBZ : PRP VBP RB JJ IN DT JJ , JJ CC JJ NN NNS IN DT JJ HYPH JJ NN IN JJ NN : NNS CC NNS VBN , NNS VBN : MD VB RB HYPH JJ CC JJ , RB JJ IN DT JJ NN IN DT NN PRP . DT NN NN MD VB RB IN NN , CC JJ NNS RB MD . DT NN , NN CC NN JJ TO VB MD VB JJ NN NNS IN DT JJ NN . : `` VBZ PRP$ NN IN NN JJR IN DT NN . '' , NNP NNP NNP NN NNP CD NNP NNP NNP VBZ NN NN CC NN IN DT NNP IN NNP NNP NNP CC NNP IN DT NNP IN NNP . WP PRP VBZ : VB DT NN IN VBG RP NNS , NNS , NN NNS , NNS , NNS , NNS , NNS , NN NNS , NN NNS CC JJ NNS RB CC VBG DT IN PRP$ NNS JJ CC IN DT JJ NN . DT JJ NN MD VB RB RB DT NN CC DT JJ JJ NN , IN JJ RB VBN NNS , RB IN DT NN VBZ JJ CC JJ NN VBZ NN . -LRB- NNP HYPH JJS NN MD RB VB VBG DT IN JJ NN IN JJ NN VBP TO VB , VB NN CC NN NN , CC `` VB '' NN , IN IN DT JJ NN VBG JJR HYPH NN NNS TO VB PRP IN JJ NN CC VBG RP PRP$ NN HYPH NN NN RB RB IN JJ . IN DT NN NN , PRP MD RB VB RP NN IN VBG DT JJ NN IN WDT PRP$ NNS VBP VBN . NNP NNP NNP VBZ NNP IN NNP NNP NNP CC NNP IN DT NNP IN NNP CC NN IN DT NNP NNP NNP . PRP VBZ VBN JJ NNS IN NN IN DT NN IN NN CC DT NN IN JJ JJ NNS . WP PRP VBZ : PRP$ JJ NN VBZ IN DT NN MD RB VB IN NN IN NNS WDT VBP RB JJ . PRP MD RB VB IN NN IN PRP VBP RB JJ . RB , PRP$ NNS CC DT VBG IN JJ NN VBP RB RBR IN PRP MD VB . DT JJ JJ NNS VBD VBN IN DT CD NN NN , CC PRP RB MD VB VBN DT NN , WDT VBZ DT NN RB , IN PRP VBZ RB NN RB . PRP MD RB VB RP DT JJ NN RB . MD PRP VB RP IN DT NN VBZ IN RB , EX MD VB DT NN IN NNS VBG TO VB NN IN DT . CC PRP MD VB VBN JJ JJ NNS MD VB VBN RB JJ NN . CC VB DT NN IN NNS . `` WRB VBP PRP VB DT NN . '' '' TO VB DT NNPS RB . '' `` CC EX VBP DT NNS RB . '' `` EX PRP VBP . '' : `` NNP : DT NN IN JJ NN '' , NN NN IN NNP NNPS NN NNP CD IN PRP MD VB DT JJ NNS IN JJ NNS VBG IN DT JJ NN , UH VB PRP RB . IN RB , DT NN VBP VBN JJ TO VB IN NNP NNP NNP . VB PRP$ NN CC VB RB . DT JJ NN ."
654,727,mainstream,"UH , NN , CC WRB VBP PRP NN . PRP VBP VBG RB JJ , VBP PRP , IN DT JJ NNS VBG RB . PRP$ NNS VBP RB JJ IN RB . IN NN , DT VBZ IN NN CC RB UH VB PRP IN PRP VBP IN DT NN IN JJ NN . PRP VBP RB IN NNP NNP IN DT VBG NN . RB , EX VBZ JJ TO VB . RB IN JJ , PRP VBP VBN DT NNS IN PRP$ NN NN . PRP VBP PRP VBP DT JJ CC JJ NN CC , IN NN , VBP VB RP IN PRP VBP NN JJ . . NNP NNP , VBN IN JJ NNS CC VBG NN NNS JJR IN CD NNS IN DT JJ NN , VBZ VBG JJ NN NNS TO VB RBR IN DT RB JJ NN TO VB DT NNP HYPH CD NN IN NN POS NN , DT NNP NNP VBZ . IN DT NN JJ NN , NNP VBD NNP CC NNP NNPS NNP NNP NNP RB TO VB DT JJ NN . NNP VBZ DT NNS TO VB JJ TO VB DT NN RBR IN DT NN IN DT NN TO VB DT NN IN DT NN VBZ IN NN ."
655,110,mainstream,"WP PRP$ NN VBZ VBG IN ADD : NNP CD , CD , DT JJ NN CC NN IN NN VBN IN IN DT NN HYPH CD NN VBP VBG NNS CC NNS IN IN PRP$ NNS POS NNS , CC DT VBZ VBN DT JJ NN IN VBN JJ NNS IN NNP NNS , VBG IN NNPS IN NNP NNP CC NNP -LRB- NNP -RRB- NNS . JJ NNS VBD RB IN DT JJ NN VBD VBN IN NNP CD , VBG IN DT NNS MD VB IN VBN NN IN JJ JJ JJ NNS , JJ IN NNS . DT NNS VBD JJ NNS IN RB VBN NNS IN NNP CD IN NNP CD , CD , IN DT IN DT JJ NN IN CD . PRP VBD IN IN DT NN IN DT NN NN , EX VBD DT JJ NN HYPH CD JJ NN IN CD CD NNS IN NNS IN JJ NN JJ NN NNS VBN IN DT NNP NNP NNP IN NNP NNPS , RB RB IN DT JJ NN IN NNS IN CD NNS IN NNS NNS . IN DT JJ NN IN NNS IN DT NN NN VBD JJR , VBG IN NNP NN NNP NNP , DT JJ NNS VBP NNS RB VBN IN DT NN . DT JJ NN IN NNS NNS VBN IN NNS VBN CD NNS CC JJR VBD RB IN RB CD IN DT NN VBG NNP CD , CD , CC VBD RB IN RB CD IN DT NN VBG NNP CD . PRP VBD IN DT NN IN DT NN VBG NNP CD . IN NN , JJR IN CD VBD VBN IN DT NN VBG NNP CD , IN DT NN VBD VBN . DT NN VBD RB JJR IN NNS JJR IN CD NNS . IN DT NNS , NNS VBD IN RB CD IN DT NN VBG NNP CD CC VBD RB IN CD NNS . IN NN , IN DT NN IN NNP CD , RB CD NNS VBD VBN . DT NNS , WDT VBD VBN RB NNP CD IN DT NNP NNP CC NNP NNP NN , VBP IN DT NN IN VBG NNS IN DT NNP NNPS IN NNP -LRB- NNP -RRB- NNP , RB RB IN IN NN NN NNS IN DT NN NN NN NNP CC DT JJ NNP NNP NNP -LRB- NNP -RRB- ."
656,714,mainstream,"WRB NNP , DT NN NN IN NN , VBD NN IN NNP , DT JJS NN VBG DT NNP VBD NNS . CC IN NNS , DT NN VBD DT NNP NNPS , VBG PRP IN DT VBG NN IN DT NN POS NN NN : IN PRP$ NN IN JJ NN IN JJ NN , JJ NNS CC NN . DT NNP VBD VBG IN DT NN TO VB JJ NN NNS , NNS CC NNS , RB IN DT NN VBD JJ NNS IN DT NNP NNP NN CC VBD DT NN IN DT NN . DT IN DT JJ CC JJ NNS WP VBD IN NNP VBD PRP VBD VBN IN NNP VBZ RB VBN RB RBR RB IN JJ NNS . PRP$ JJ NN VBZ VBN NNS IN DT NN IN IN PRP MD VB JJ IN NNP NNP NN TO JJ HYPH VB JJ NN NNS CC VB VBG NNS IN DT NN IN NN NN , VBD CD JJ CC JJ NN NNS . `` PRP VBP RB VB WRB PRP$ NN VBZ IN DT , '' DT JJ NNP NN VBD . RB RB , NNP '' VBZ RB VB PRP$ NN RP IN DT NN , '' VBD DT JJ NN . `` RB DT IN DT VBZ DT NN , RB DT IN DT VBZ IN PRP VBD RB VB PRP$ NN TO VB NN NNS IN DT NN IN NNP VBD . CC DT VBZ DT NN CC VB NN IN DT NN RB . '' NNP NN NNP NNP VBD RP PRP$ NNP NN . `` NNP NNP VBZ VBN DT JJ CC JJ NN IN DT NNP CC NNP NNP IN PRP$ JJ NN IN DT NN CC IN DT NN HYPH CD NN , '' NNP VBD . `` DT NN VBZ VBN JJ IN VBG NN , NN , NNS , CC RB NNS JJ IN DT JJ NN RB RB IN JJ . '' NN NNP NNP NNP RB VBD NNP POS NN IN DT NN . `` PRP VBP PRP VBD RB VBN IN DT NN PRP TO VB CC VB JJ NNS , '' NNP VBD . `` PRP VBZ RB VBN DT JJ NN IN RB VBG `` PRP VBP VBG DT IN DT NN NN CC PRP VBP RB VBG TO VB JJ PRP VBP VBG DT NNS , RB PRP MD RB VB IN CC VB IN DT NNS . '' '' DT NNP NN POS NN VBD JJ IN DT NNP CD NN IN DT NNP NNP NN NN NN WRB NNP VBD IN NNP IN DT NN POS NN NN , VBG IN DT CD NNS JJ IN DT NN . NNP VBD NNP IN JJR NNS IN WDT NNS DT NN VBD VBG IN CC NN , CC WRB PRP VBD RB VBG CC VBG NNS , VBD DT JJ NN JJ IN DT NN . CC DT NNP POS NN NN VBZ RB VB DT NNS . JJ NNS , VBG DT NN IN DT NNP NNP NNP CC NNP NNP , VBP JJ NN NNS : NNP POS JJ NN NNP NNP VBD VBN VBN RB NNS IN DT JJ NN NN NN : DT NN NNP VBD VBD IN IN PRP$ NN IN NN . CC NNP CC NNP VBD RP IN NNP IN DT NN , VBG IN DT CD NNS , WP IN IN CD NNS IN DT NN VBD IN NNP CC NNP VBP RB VBN RP DT NN . DT JJ NN , CC DT JJ IN DT NN , VBD DT NNP CC NNP NN IN JJ . CC DT JJ NN : CC NN IN CC NNP CC NNP : VBD JJ NNS CC NNS VBN RB . NNP VBD NNS IN DT NN IN DT NN NN NN WP VBD TO VB . VBN IN PRP$ NN IN NNP NNP CC DT NN NN , NNP VBD DT NN IN DT NNP NN NN . `` PRP VBP IN DT JJ NN MD VB RBS VBN IN PRP$ NN JJ NN IN NNP , WRB PRP MD VB TO VB RB , IN NN , NN NNS CC JJ NNS CC VB JJ NN TO VB DT NN CC NN IN NNS TO VB NN HYPH CD , '' PRP VBD . NNP POS NN TO VB NNP NNP VBD RB DT NN IN NNP NNP VBD NNP NNP : DT JJ NN IN NNS IN NNP CC IN RB , DT NN IN NNP NNP POS NN IN NNS : TO VB DT NN ."
657,642,conspiracy,"IN DT JJ NNP NN NN , NNP NNP NNP VBZ RP -LRB- LS -RRB- IN DT NN NN VBZ DT CD NN JJ JJ CC CC RB VBZ VBN TO VB NN NN CC NN NNS , CC -LRB- LS -RRB- IN DT NN VBZ RB VBG RB VBN IN DT NN -LRB- VB : ADD IN DT NN VBN IN DT `` NN '' VBP RBR JJ IN NN CC JJ NN NN NNS . DT NNP VBZ JJ JJ NNS IN DT JJ VBN NNP NN NN NN , VBG NN HYPH NNS NN NNP NNP NNS IN DT NNP NNP NNP NNP , IN VBN RB : NNP CC NNP NNP NN VBN TO VB JJ NN IN NN IN NNP POS NN IN NNP HYPH CD -LRB- NN -RRB- VBN IN NNP CD , CD IN NNP IN DT NNP ADD : NNP NNP , DT NNP NNPS NNP WP MD VB VBN IN NNP CC NNP IN NNP NNP NNP , IN NNP NNP IN NNP NNP NFP NNP NNP , JJ NN IN DT NNP NNP IN NNP NNP , IN NNP NN NNP NNP : RB NNP , DT JJ NN CC NN , IN NNP IN NNP NNP , WP$ NNP NNP VBZ NNP NNP CD : NNP NNP -LRB- NNP -RRB- , NNP NNP IN NNP , IN NNP IN NNP , WP$ NNP VBZ NNP NNP NNP JJ CC JJ NN NN IN JJ NN CC NN ADD NNP CC NNP NNP NN VBN TO VB JJ NN IN NN IN NNP POS NN IN NNP HYPH CD -LRB- NN -RRB- VBN IN NNP CD , CD IN NNP IN DT NNP ADD JJ CC NNP NN NN IN NNP NNP CC NN : NNPS NNP -LRB- NNP -RRB- CC NNP NNP NNP , NNP , NNP VB IN NN : ADD VB JJ : ADD DT NN VBN RP IN NNP VBZ TO VB RB WP PRP VBP VBG IN . RB DT NNP CC NNP NN NN WP VBZ DT NN IN NN TO VB DT NN IN DT NN NN DT NNS VBN IN NNS VBP PRP$ JJ . NN CD , CD ADD DT NNS VBN . UH VB DT NN NN RB IN DT JJ NN IN DT NN IN DT NN . VBP PRP ."
658,1118,mainstream,"WRB VBG IN DT JJ NN , DT NN VBZ TO VB IN VBG CC VBG DT JJ NN : CC RB RB . CC IN PRP VBP VBN IN DT JJ CD NNS , DT JJ CC JJ NN IN DT NN HYPH CD NN MD RB VB JJ . RB , PRP VBP IN DT JJR NN RB IN PRP VBD RB CD NNS RB , VBG IN NNS IN DT NN IN DT IN PRP$ NN NNS IN JJ NN , CC VBG NNS IN NN CC NN VBN RP IN DT NN IN NN . IN PRP MD VB JJ TO VB TO VB IN WDT NN MD VB IN IN DT VBZ RB RB : CC VB IN NN IN PRP VBP RB RB RB VBG IN IN DT NNS : EX VBZ NN IN VBG WRB DT JJ NN NN MD VB PRP RB IN DT NN . PRP MD VB JJ , CC IN PRP VBP RB IN DT NN , PRP MD VB JJ TO VB IN DT NN IN NN IN WRB NNS VBP VBN IN JJ JJ NNS . DT NN IN JJ NN VBZ RB JJ , CC JJS IN WP PRP VBP IN PRP VBZ IN JJ NN IN JJ CC JJ HYPH NN NN NNS , VBZ NNP NNP NNP , DT NN IN NN NN . PRP RB VBD DT NN NN NNP POS NNP , DT IN HYPH NN NN IN DT NN IN NNP NNP NNP , DT NN IN DT NN IN JJ NN CC NN . CC JJ IN NNP NNP CD , EX VBP JJ NNS IN JJ NNS IN JJ NN : IN DT NN IN JJ NNS , IN NN , IN DT JJ NN , NNP , CD , CC , RBR RB , NN NN . `` NN VBZ JJ IN DT VBN JJ NN , '' PRP VBZ NNP NNP . RB WP RB VBZ JJ NN . VBG IN NNP , WRB DT JJ NN IN NNS : IN DT JJ , JJ , JJ , CC JJ NN : VBZ DT JJ NN , EX VBZ DT VBN JJ NN IN DT VBN NNS . `` JJ NN VBZ RB IN DT , DT VBN NN IN NN , NN , CC NN IN DT NN IN NNS , '' PRP VBZ . `` DT JJ NN VBZ NN IN DT VBN NN : IN DT NN IN DT VBN NNS VBP JJ NNS CC NN NNS , JJ NN NNS CC NNS IN NN . '' IN DT NNS , JJ NN MD VB JJ HYPH JJ , VBG IN DT NNS VBP IN PRP$ NN IN PRP$ NNS , CC IN JJ NNS -LRB- DT NN RB VBN IN DT NN NN VBZ PRP$ NN TO VB RP IN JJ NNS -RRB- , JJ NNS -LRB- DT NN NN VBZ DT NN VB NN CC VBP DT NN -RRB- , CC NNS IN DT JJ NN . PRP VBP RB VBG DT JJ NN IN NN HYPH CD , VBG IN NNP . `` DT VBZ DT JJ NN NN , DT NN IN NN CC PRP$ NNS , '' PRP VBZ . `` DT NNS IN RB JJ : DT JJ , DT JJ , JJ NN NNS CC JJ NNS : VBZ RB JJ DT VBN NN IN PRP . '' VBG IN NNP NNP NNP , JJ NN IN NN IN DT NNP NNP IN NNP , EX VBP JJ NNS IN JJ NNS . IN NN , CD VBD RB JJ , IN JJS IN DT JJ NNS VBG IN DT JJ NN . CC IN DT NN NNS IN DT NNS VBD IN PRP IN RB RBR IN DT , DT JJ NN VBD JJ CC RB JJ . DT NNP HYPH CD NN , RB , VBZ `` RB RBR JJ , CC RB RBR JJ IN CD , '' NNP VBZ . `` VBG JJ TO VB DT JJ NN IN NN IN DT JJ NN IN NN IN VBG DT NN VBZ VBG TO VB RB VBG IN NNS IN DT NN . PRP VBZ CC DT NN CC DT NN . '' CC IN DT NN IN NN CC JJ NN IN WRB CC WRB DT NN VBZ VBG TO VB , PRP VBP RB VBG IN NNS IN DT JJ NN IN PRP$ NN IN NNPS . `` JJS NNS VBP VBN IN NNS , CC IN NN NNS , CC RB RB DT NN IN , VB PRP VB , NNP NNPS , '' VBZ NNP NNP NNP , DT NN IN NN VBG IN JJ CC JJ NN , CC NN CC NN IN DT NNP IN NNP NNP IN NNP NNP . `` CC DT NN IN DT NNP NNPS VBZ VBG DT NN IN JJ NN CC NN IN PRP VBD PRP VBD DT JJ NN : DT JJS NN . CC RB PRP VBP JJ NNS VBG DT NN JJR IN PRP VBP . RB RB DT NN VBZ , WP VBP PRP RB . '' IN DT CD NNP NNP VBD JJR IN DT NN RB , DT NN WDT PRP , IN NNPS , VBD JJ TO VB DT NN , VBD JJ RB IN WP PRP VBP VBG NN . `` PRP VBP RB VB DT NN IN NN IN DT NN , PRP VBP RB VB DT NN IN NN , '' NNP VBZ . `` PRP VBP RB VB NN TO VB RP DT NN , IN IN PRP$ JJ NN , RB PRP VBZ RB DT NN CC NN VBG DT NN RB . CC EX VBZ NN RB RB JJ CC JJ IN PRP , CC PRP RB VBZ PRP$ NN IN PRP VBP JJ NNS CC PRP VBP VBN NN . '' IN NN IN DT , VB RB JJR IN PRP$ NNS TO VB DT NN IN DT NN : JJ NN CC VBG JJ NNS : WDT VBD RB DT JJ NNS IN CD . `` DT JJ NN WDT PRP VBP WDT PRP VBD RB VBZ DT NN IN PRP MD VB JJ TO VB RP IN DT NN , CC VB JJ TO VB RP IN DT NN , RB IN DT JJ NN , '' PRP VBZ . IN EX VBP NNS IN DT NN HYPH CD NN CC DT CD NNP , DT NN NNS VBD JJ NN IN CD VBD VBN IN DT NN IN PRP VBD IN NNP NNP CD , VBZ NNP NNP NNP HYPH NNP , DT JJ NN CC JJ NN NN IN NNP NNP NNP . `` WRB DT NN NN VBN , NNS RB VBD IN DT NN IN JJ NN , '' PRP VBZ NNP NNP , VBG IN PRP VBD RB RB VBG DT NN IN DT NN . RB , NNP VBZ IN DT JJS JJ JJ IN WP PRP VBP VBG IN IN DT NN HYPH CD NN VBZ RB DT CD NNP NNP , CC DT NNP NNP . `` NNS VBD DT JJ NN IN DT NN IN DT NNP NNPS CC DT NN . CC DT VBD NN , '' PRP VBZ NNP NNP . `` DT NN IN PRP VBD DT NN IN DT NN IN NN : DT NN IN DT NN NN IN NNS IN NN NNS , NN NN , DT NN IN NNP NNP . '' IN NN , EX VBZ DT NN IN JJ NN TO VB IN PRP VBP PRP IN DT NN HYPH CD NN , RB VBN WRB DT NN VBZ VBN JJR NN IN DT VBG NN CC JJ NNS CC NNS IN DT NN . NNP VBZ JJ IN PRP MD VB IN DT JJ NN VBG VBN JJ NNS . IN NN , IN DT NN JJ IN DT NN IN NNP WDT VBD NN IN NNP DT JJ NNS RB VBD TO VB RB , PRP MD RB VB RB RBR JJ . `` RB RB IN IN NN , CC IN IN DT NN IN NNS WDT VBD IN NNS IN JJ NNS VBP PRP$ NN RB RB , '' PRP VBZ . IN DT JJ NNS , PRP MD VB NNS IN NN NN RBR RB , VBN IN NNS VBD RB VBN IN DT JJ NN , CC RB PRP VBP RB VBG IN DT NNS IN RB VBG DT . `` IN NNS IN VBG PRP$ NN , '' NNP VBZ , '' CC NN IN NNS WDT VBP JJ RB , CC VBP RB IN NN MD VB JJ CC VBP TO VB VBN : PRP VBP DT NN IN NN MD VB DT JJ NN IN DT IN DT . '' NN IN WP VBZ WRB VBG IN DT JJ NN : IN DT NNP NNP CC DT NNP HYPH CD NN : VBZ IN NNS VBP TO VB CC DT NNS CC NNS IN DT NN , IN NN TO VB DT JJ NN VBG DT NN IN PRP$ NN . IN NN , VBG RB VBZ IN DT NN JJ . IN NN , NNP VBZ RP IN RB IN NN NNS VBP RB VBN IN DT NN , NNS MD VB DT NNS CC VB DT IN DT JJ NN WRB PRP VBP RB NNS . CC NNS VBP RB JJR WRB VBG TO VB DT NN . UH , DT JJ NN VBZ IN DT NN , CC DT VBZ RB RB VB PRP WRB VBG DT NN IN DT JJ NN : EX VBZ TO VB IN JJS CD `` JJ NN '' WP VBZ JJ IN DT JJ NN IN NN CC DT JJ NN IN DT NN . RB , DT NN IN DT NN IN DT JJ NN CC PRP$ JJ NN VBZ VBG IN WP PRP VBP . IN DT , PRP VBZ DT JJ NNS WP VBD DT JJ NN IN DT NN WDT NNP VBD , RB IN PRP VBG IN JJR NNS WP VBP PRP JJR . IN NNS , PRP VBZ PRP$ JJ IN HYPH NN NN CC NN NNS , WDT VBP RB VBG NN NNS , VBG PRP RB RBR JJ IN NNS TO VB DT NN PRP VBD IN DT NN . DT VBP DT JJ NN IN WRB PRP VBP VBN DT NN . RB , NNS VBP IN NNP IN DT JJ NNS IN NN . IN PRP VBZ IN IN PRP$ NN TO VB DT NNS IN DT NN VBZ JJ RB , RB VB IN PRP VBP JJR IN DT NNP NN . NNP VBZ IN PRP MD VB TO VB CC NNPS CC NNPS VBG JJ NN IN DT NN IN VBG PRP$ JJ NN , VBG DT NN IN IN WRB PRP MD VB VBN . DT MD RB VB DT NNPS VBG DT NN RB IN DT NN IN WRB PRP VBD DT NN : RB IN DT JJ JJ NNS , CC VBG DT NN IN IN PRP VBP DT NN IN NN , PRP MD VB TO VB VBN . NNPS , IN DT JJ NN , MD VB TO VB NNP , CC VB TO VB JJ JJ NN NNP NNP IN NNP . IN CC RB PRP VBP PRP , PRP VBP RB VBG JJ NNS IN JJ JJ NN CC NN . PRP MD VB IN DT NN NN DT NN IN VBG TO VB IN DT NN WDT VBD PRP$ NN IN DT JJ NN . IN NNP VBZ PRP IN NNP POS NN NNP POS NN : `` PRP VBP NNS : CC WDT NNS VBP VBN , PRP VBP PRP IN NN CC NN . '' DT NNS VBP PRP$ NN IN NN IN JJ CC JJ NN , '' VBG JJ NN IN JJ NN , '' NNP VBZ . `` NN VBZ DT JJ NN IN DT JJ NN : TO VB JJ TO VB IN PRP CC VB DT RBS JJ NNS IN NN , NN CC NN . '' IN EX MD VB VBN DT JJ NN IN DT CD NNP NNP NNS IN DT NN IN NNP NNP CD , WRB NNPS VBD IN NN HYPH NN NNS : NN NNS CC NNS : PRP VBD RB DT NN TO VB NN IN DT NN . `` DT JJ NNS CC JJ NNS VBP DT JJ NN IN NN CC NN , '' NNP HYPH NNP VBZ . IN DT JJ NN , NNP HYPH NNP VBZ IN JJ NNS VBP DT RB JJ NN , CC WRB PRP VBP RB IN DT NN HYPH CD NN CC VBP DT NN , PRP VBZ TO VB VBN IN PRP MD VB DT NN IN JJ NNS IN NNS IN NN . `` WP MD PRP$ NNS VB IN CC WP$ NNS MD VB VBN . DT JJ NN HYPH NN IN NNS CC NNS VBZ DT RB JJ NN TO VB , '' PRP VBZ . `` PRP VBP RB VB TO VB DT NNS IN NNS WDT VBP VBG RP IN DT NN NN , CC DT NN IN NN VBZ RBR RB JJ IN DT NN IN JJ , RB JJ NNS IN NNS IN NN . '' CC IN RB RB , VBG WP TO VB IN DT NN CC NN MD RB VB RB JJ IN VBG DT JJ JJ NN NN , PRP VBZ NN WDT MD VB DT NN IN WRB PRP VBP PRP$ JJ NN IN DT NN . `` DT NN IN NN VBZ , PRP VBZ RB RB IN WP VBD . PRP VBZ `` WRB VBZ WP VBD NN IN PRP IN DT NN . '' '' NNP HYPH NNP VBZ . `` PRP VBP DT NNS , RB PRP VBP TO VB CC VB DT NN PRP VBP TO VB . ''"
659,1237,mainstream,"VB VBG NN NNS CC JJ NNS . DT NN CC NNS WDT VBP , VBD NN NNS . DT NN WP VBD IN DT RB HYPH JJ NNP NN IN PRP VBD RB VBN RB VBN IN IN PRP$ NN POS NN IN NNS VBP JJ MD VB IN NNP IN NNP . NNP NNP , IN NNP , NNP , WP VBZ VBN PRP VBD VBN WRB PRP VBD CD IN NNS IN PRP$ NN , VBD DT NN IN PRP$ JJ NN IN NNP CC IN DT NNP NN IN NNP NN . `` PRP$ NN VBD RB VB IN NNS VBD JJ IN DT NN CC NN IN NN CC VBZ IN PRP VBP NN , NN NN CC JJ NNS , '' NNP VBD IN DT NN . `` IN DT VBZ VBN RB VBN IN DT JJ NN , IN IN DT , PRP VBD RB VB DT NN IN JJ NNS WDT DT NN MD VB . IN DT JJ JJ NNS , PRP VBD RP IN PDT PRP$ NNS RB IN PRP VBP CD . '' NNP , WP$ NN VBZ IN DT NN IN NNS VBG IN DT NNP NNP NNP IN NNP , NNP , NNP CC NNPS IN NNP , VBD PRP MD VB VBG NNS IN JJ NNS , DT NN IN JJ NNS , CC DT NN IN NN . IN NNP POS JJ NNP NNP NN , PRP VBD IN PRP$ NNS VBP `` NNS VBP DT NN IN NN NN . '' IN NNP VBD VBN , PRP VBD PRP VBD TO VB PRP$ NN IN JJ NN IN NNS , VBG IN DT NN MD VB PRP$ NN CC IN PRP MD VB PRP CC PRP$ CD JJR NNS VBN , VBG IN DT NNP NNP . NNP NNP , NNP POS NN , VBD NNP , DT NN WDT VBZ NN CC NN , IN NNP IN PRP$ NN POS NN TO VB VBN VBD DT `` NN IN DT NN . '' `` PRP VBD RB VB PRP IN PRP VBD PRP VBD DT JJS NN TO VB PRP CC VB PRP JJ , '' PRP VBD , RBR VBG IN IN VBG VBN , PRP VBD NNP VBD VBG , `` `` PRP VBP RB VB NN , PRP VBP RB VB PRP IN NN . PRP VBP RB VB WP PRP VBP VBG IN . PRP VBD VB DT JJ NN CC PRP VBP TO VB VB PRP . '' '' CC NNP CC NNP RB VBD DT NN IN NN VBN IN NNP NNP . NNS CC DT NN IN JJ NNS VBP VBN DT JJ NN IN NN IN NNP . DT NNP NNP IN NNP CC NNP VBD DT NN IN NNP IN DT VBG NNS NN IN CD NNS IN DT NN . IN DT NN IN DT NN , DT NNPS IN NNP NNP CC NNP VBZ VBN CD NNS IN NNS IN NNP , NNP , NNP , NNP , NNP , NNP , NNP NNP , NNP , NNP CC NNP . CD IN DT JJ NNS VBN IN DT NN VBD VBG DT NN IN NN NNS CC NN IN DT NNS , NNS CC NN NN WDT VBP VBN IN JJ NNS IN DT NN TO VB VBN ."
660,278,mainstream,"EX VBP CD VBN NNS -LRB- RB VBN IN VBN NNS -RRB- IN JJ NN : NN , NN , CC NN . DT RBS HYPH JJ NN VBZ NN . NNP RB VBZ VBN VBN , DT JJ NN NN VBD VBN IN CD IN NNP NNP , NNP . DT JJ NN , NNP , VBZ RB IN NN . NN , IN JJ NN , RB VBN JJ NN , JJ JJ JJ NN IN DT JJ NN WDT RB VBZ IN JJ NNS JJ IN NN , NN , NN , NN , CC NN NNS CC NNS CC VBZ RB VBN IN DT RBR HYPH JJ CC JJ NN IN NNS IN CD CC JJR NNS , DT NN , CC DT NN . JJR IN NN IN DT NNS IN NN VBP IN NNS IN DT NN IN CD . DT NN RB RB VBN IN DT NN RB VBZ JJR IN CD NN IN NNS VBN IN DT NN . IN CD CC CD NN IN VBN NNS VBP RB DT JJ NNS VBN RB , CC JJR IN CD NN VBP DT NNS IN NN IN DT . IN DT VBN IN DT NN , EX VBZ DT NN , CC IN DT JJ NN NNS IN NNS IN NNS VBD VBN IN DT NN DT NN . IN DT NNS , NN IN JJ NN IN NN NNS , NN VBZ VBN VBN IN JJS IN DT NN . PRP VBZ RB JJ IN RB CD NNS : NNP , NNP , CC NNP . NNP , RB , VBD IN DT NN IN VBG NN HYPH JJ IN CD . RB , IN CD DT NN IN VBN NN NNS VBZ VBN IN JJR IN CD NN . DT NN IN DT NN NN VBZ `` JJ NN NN , '' VBG IN DT NN IN DT NN TO VB JJ NNS IN DT JJ NN CC NN . DT NN VBZ DT NN -LRB- NN NNP -RRB- , DT NN IN DT NN VBN IN NNS WDT VBZ DT JJ JJ NN . -LRB- JJ NNS VBP DT JJ VBN NNS IN DT NN . -RRB- DT NN VBZ DT NN RBS RB IN DT RB HYPH VBN JJ NN : WDT VBZ , IN JJ NN VBN IN DT NN IN VBN NN CC NNS . PRP MD RB VB IN NN IN NNS VBN IN DT NN IN DT VBN NN . JJ NNS MD VB JJ IN CD IN CD NNS IN VBG DT NN . VBN NNS MD VB DT NN IN PRP$ NNS IN DT NN , VBG DT NN CC JJR IN VBG DT NNS PRP , CC PRP MD VB TO VB DT NN IN PRP$ NNS IN DT NN CC JJR IN PRP$ NN . IN DT NN VBZ VBN , PRP VBZ IN NN NNS IN DT JJ NN CC VBZ IN DT NN IN DT NN . IN DT NNS DT NN VBZ RB RBR , VBG RB DT JJ JJ NN TO VB . DT RBS HYPH JJ JJ NNS IN NN VBP JJ NN , NN , JJ NN , NN , NN , NN , NN , CC NN . NN NNS IN CD IN CD NNS CC RB RB VBZ , CC NNS VBP IN CD IN CD NNS IN DT NN IN NN . IN DT NNS , RB , DT NN VBZ DT NN IN DT JJ JJ NN , VBG CC VBG NN NNS IN DT JJ NN CC NN . IN DT NNS NNS VBP JJ CC VBP NN IN DT NN CC NNS , NN NN , CC JJ NN . JJ VBP IN DT NN , CC RB CD IN CD NNS IN NN VBZ WP VBZ VBN IN JJ NN . DT NN NNS WDT RB VBP IN DT NN NNS IN DT JJ NN IN NNS VBP VBN , CC , IN DT NN , NNS VBP JJ CC MD VB . DT NN IN NN VBZ IN WRB DT NN VBZ CC DT NN IN NN NNS WDT PRP VBZ . NNS WDT VBP RB RB VBN VB PRP$ JJ NN IN NN , IN DT NN IN PRP VBP VB , DT JJ NN IN NN NN MD VB VBN . NNS WDT VBP VBN , RB , VBP RB VBN , IN NN NNS MD VB . IN DT NN DT NN VBZ JJ CC JJ , IN VBN JJ NN IN DT JJ NNS . IN JJS NNS NN NN VBZ DT NN NNS , RB DT NNS . NN VBZ RB RB VB DT NNS , RB . DT JJ NNS CC DT NNS IN DT NN MD VB VBN , VBG NN . DT NN NNS MD VB JJ , IN IN DT NN MD RB VB VBN . NN IN DT NN NNS MD VB NN IN DT NN CC VBG NNS . IN DT NNS IN JJ NN , DT NN VBZ DT JJ NN IN DT JJ NN , IN VBG NNS IN NN . IN JJ NN DT NN VBZ DT NN , CC DT NN NNS WDT VBP NN CC VBG VBP VBN . NNS VBP IN DT NN CC MD VB IN NN IN VBG DT NN . DT CD IN CD NN IN NNS VBN IN NN NN VBP , RB IN JJ NNS . EX VBP TO VB JJ NNS IN DT NN IN JJ NN IN DT NN . JJ NNS VBP VBN NNS IN DT NN IN PRP$ NN IN VBG VBN DT NNS IN NN . PRP VBZ RB VBN IN DT JJ NN VBZ NN IN DT NN . RB , IN EX VBP CD JJ NNS IN NN , JJ NNS MD VB . NNS WP VBP IN DT NN VBN IN CD NN IN NN VBP RB JJ IN NN IN DT NN CC RB IN NN IN DT NNS . IN DT NN NN NNS VBP JJ : WDT VBZ , VBN TO VB NNS IN DT CD NN NNS -LRB- VB RB -RRB- . IN RB JJ IN CD HYPH NN IN JJ NN NNS WP$ NN VBZ VBN VBN IN NNS CC RB NNS , DT NN VBN NN HYPH NN NN VBZ VBN VBN . NN HYPH NN NN VBZ PRP IN VBN NN , NN NN , CC JJ NNS VBG DT RB VBN NN NNS CC DT JJ NN IN NNS . DT NN IN DT NN VBZ RB VBN IN JJ , CC PRP MD VB WRB NN NNS VBN IN NN NNS WDT VBD DT JJ NN VBP TO VB IN DT JJ NN NN VBZ IN JJ NN . EX VBZ DT NN IN NN HYPH NN NN ."
661,509,conspiracy,"NNP NN CC CD IN DT NN POS JJS NNS , NNP NNP , VBZ DT NN IN DT JJ NN VBG PRP$ NNS IN PRP$ -LRB- NN NN -RRB- NNP CC NNP NNP NNP , TO VB NNS , VB NN NNS IN NNP CC VB NN . IN DT JJ NN IN NNP , NNP VBZ DT RBR JJ NN IN PRP$ NN : NN NN , RB VBN IN NN . NNPS VBD PRP$ NNS IN DT NN HYPH RB NNP NNP , NNP NNP NNP , IN DT NN VBN , `` VBG IN NNP . . '' IN IN DT RB JJ NN IN VBG JJ NN NNS RB IN CD IN CD , RB CD CC DT NN NNS IN DT NN , NNPS VBZ , `` RB PRP VBD NN . DT NN NN VBZ CD CD NNS . DT VBZ VBN RP IN RB CD CD . RB IN PRP VBP DT RB JJ NN IN JJ NNS , NN NN , JJ NN NNS , PRP VBP DT IN RB CD CC CD NN . '' CD -LRB- NN POS NN -RRB- . IN JJ NNP , CD IN DT RBS JJ NNS IN DT NN VBZ RB IN PRP VBZ NNS TO VB VBN TO VB NN NN . WRB NNP NNP VBZ IN NNS , PRP VBZ IN NN . IN NNP CD IN DT JJ NNP NNP NNP NNP , NNPS VBD PRP$ NN MD VB $ CD CD -LRB- NN $ CD CD -RRB- IN DT JJ NN TO VB CC VB JJ NNS IN NNS IN DT VBG NN . LS DT JJ NN IN PRP$ JJ NN NNP NNP VBZ NNS , RB IN NNP CC JJ JJ NNS . NNP CC NNP NNP NNP VBZ DT VBG NN IN DT NNP NNP -LRB- NNP NNP IN NNPS CC NNP -RRB- IN NN IN DT NNP NNP , NNP CC DT NN NN . DT NN IN NNP VBZ TO VB DT NN NN IN DT VBG NN . RB DT VBZ IN JJ JJ NN . DT NN VBZ IN DT NN NN VBZ VBN RB VBN VBG JJ : NN JJ IN JJ CC VBN JJ : NNS IN JJ JJ NN NNS WRB PRP MD VB JJ IN DT NNS IN DT NNP . LS DT NNS VBP VBN IN DT JJ NN IN DT NNS VBZ TO VB NNS JJR CC RB RBR JJ IN NN CC JJ NN . LS VBG NNS IN DT NNP NNP IN DT NN IN DT RBS JJ JJ NN NN IN DT JJ NNP NN NN NN , JJ NNS VBD VBN VBG IN NNS IN NNS IN NNS IN JJ NNS . PRP VBD TO VB JJ IN DT JJ NN NNS IN VBG PRP RP IN DT NNP WDT IN NN VBZ TO VB PRP IN JJ IN JJ JJ NNS . NNP VBZ VBN CD CD IN DT CD CD NNS DT NNP NN VBD IN DT NN NNS , NNP VBD CD CD IN PRP$ CD CD NNS . DT NN IN NNP CC NNP VBZ JJ . LS IN NNP NNP NNP , DT NN IN DT NNP NNP NNP IN NNP VBD , `` WRB VBP PRP VB DT NNS IN DT VBG NNS IN DT . DT NN VBZ VBN VBN RP IN JJS NNS IN DT NN . DT JJS NN IN JJ NNS RB RB VBZ NN CC JJ NNS IN DT NN VBZ IN DT NN IN DT NN . WP VBZ DT JJ NN IN VBG CD CD NNS . '' LS RB RB , NN VBZ DT JJ NN IN NNS IN JJ NN , CC PRP VBD RP IN DT VBN NNP NNP `` JJ JJ NN '' VBD DT JJS NN IN NN . DT JJ NN NNS VBP RB VB IN DT JJ NN NN IN NN NN VBG NN CC JJ NN HYPH JJ NNS WDT VBP VBN VBN RB IN DT JJ NNS CC NNS VBN IN JJS NNS . JJ NNS , RB JJ NN NNS WDT VBP VBN RBR RB IN NN IN DT NNP NNP , VBP NN VBN NNP -LRB- NNP IN DT NNP -RRB- , DT NN -LRB- NN NN -RRB- , VBG DT CD NN NN , VBN IN DT NN . IN NNP CD DT NNP POS NNP NNP NNP NNP VBD IN DT NN NN IN , `` DT JJ NNS IN VBG NN MD VB NN NN . '' DT JJ NN , DT NNP NNP IN NNP -LRB- NNP -RRB- CC DT NNPS IN NNP NNP CC NNP -LRB- NNP -RRB- VBD DT NN IN DT JJ NN NNS VBN IN NN HYPH VBG NNS . PRP RB VBD IN NN VB VBN IN NNS RB RB IN JJ . IN DT NN IN DT NNP NNP NNP IN CD , DT NNP CC NNP NNP RB VBD IN NNS WP VBD JJ NN HYPH VBG NNS MD VB VBG NN NN IN CC IN DT VBN JJ NNS . LS NNPS POS NN IN VBG NN NN IN JJ CC JJ NN NNS VBZ RB JJ RB . IN PRP VBP IN PRP$ NN , NNPS IN NNP , CD IN DT CD POS DT NNP NNP VBD VBN DT NN NN IN NNP IN DT NNP HYPH NNP NNPS IN NNP CC NNP , VBG RB IN DT NNP NNP . PRP VBD DT VBN NN IN NNS IN NNP NNP , CC DT JJ NNS IN NN '' NN . '' PRP VBD NNP NNP NNP CD , DT NN HYPH JJ NN IN NN , WP VBD PRP$ `` NN JJ '' NN NN TO VB DT NN NN JJ NN IN PRP$ JJ NNP NNP IN NNP NNP VBG IN DT NNS . DT NN IN VBG NNS TO RB VB NNS IN DT NNP NNP VBZ RB RB JJ . NNP NNP POS JJ NN , NNP NNP CC PRP$ NNP NNP VBD VBN RB RB IN CD IN DT JJ NN RB IN NN CC NNS TO VB DT `` JJ NN . '' DT NNS IN DT NNP HYPH NNP NN VBD VBN IN JJ NN IN JJ NN NNS IN DT JJ NNS . DT NNP VBD JJ NN NNS IN NN IN NNP , NNP CC DT NNPS . NNP NNP NNP NNP NNP , DT JJ JJ JJ NN , VBD JJ IN DT NNS IN DT NNP NN CC VBD TO VB JJ NNS IN DT NN CC VBD PRP TO VB JJ NN NN , CC NN . DT VBD DT JJ NN IN DT NN VBN TO VB NNS IN NN HYPH NN NN IN NN IN JJ NN NNS CC JJ NN IN JJ NN VBN IN NN . DT NN NN VBD RB , RB RB JJ . PRP VBD RB JJ IN NNP VBD DT JJ NN VBN TO VB DT NN . RB , WRB VBN IN DT NN NN NN , PRP VBD NN IN NNS IN NN , VBG DT NN JJ IN VBG DT NN , DT NN IN VBN NN . JJ NNS IN NNS VBN IN NN NNS VBD IN DT NNPS CC NNP DT NNP CC NNP NNP NNP , IN IN NNP NNP POS NNP NNP , DT NNS IN DT NNP NN , VBP RB VBG DT NN VBN DT NNP IN DT NNP NNP IN NNP -LRB- NNP -RRB- VBN IN JJ NNP NN , NNP NNP . VBG DT NN IN NNP NN IN NNP CD NNP VBD PRP$ `` NN IN DT NNP NNP , DT NNP CC NNP NNP NNP , CC DT NNS WP VBP PRP$ JJ NN . '' DT NNP NN VBZ VBN IN NNS IN CC DT NNP POS CC NNP NNS . CD NNP , NNP , NNP , NNP CC JJ JJ NNP NN NNS VBP VBN IN DT NN IN NNP , VBG PRP IN DT NN HYPH NN TO VB PRP$ VBN NN NNS IN NNP IN DT JJ NN , `` NN HYPH NN , '' DT NN IN RB VBN VBN NNS . DT NN IN DT NNP NNP JJ IN PRP$ NN IN NNP VBZ NNP NNP NNP , DT CD HYPH NN NNP NNP NN WP VBD IN DT NN WDT VBD NNP POS NNP JJ NNP NNS . PRP$ NN VBZ RB TO VB NNPS POS NN TO VB NNP IN NNP CD IN NN NNP NNP VBZ DT JJ JJ NN VBG JJ NN IN NN NNS . IN CD NNP NNP VBD NNP NNS . IN CD NNP NNP POS NNP VBD NN NN CC JJ NNS VBD PRP$ NNS TO VB NN IN NNP NNS . NNP VBZ VBG VBN TO VB NNS IN `` JJ NNS '' IN NNP , IN RB IN DT NN IN NN NNS CC NNS , IN NN TO VB DT NN IN NN TO RB VB NN NNP NNS VBP RB VBN VBN JJ IN JJ CC NN NN . RB , PRP VBP RB RB `` JJ '' IN PRP VBP DT JJ NN IN VBG DT JJ NN JJ IN NN NN -LRB- NNP -RRB- CC JJ NN IN DT NN IN DT VBN NN TO VB PRP$ NNS . RB RB JJ VBP DT `` VBN '' JJ NNS VBN IN DT JJ NN IN DT NNP NN , JJ IN NNP POS NNP , DT RBS RB VBN JJ NN IN DT NN . PRP VBZ RB JJ NN NNS WDT VBP VBN RB VBN CC VBN TO VB IN JJ NNS IN NN NNS RB IN DT JJ IN NNS CC NNS . NNS VBP IN JJ NNS IN NN NNS MD VB NN IN DT JJ JJ , JJ CC JJ NNS IN DT JJ NN VBG DT NN NN IN DT NNP NN CD CD JJ HYPH NN NN IN DT NNP NN VBZ VBN TO VB DT RB HYPH VBN NN IN NN , DT NN NN IN NNP CC JJ JJ JJ JJ NNS . DT NN VBZ VBN NN VBN IN NNS VBN IN DT NNP NNP IN NNP IN IN DT JJ NNP NN HYPH NN NN VBN NNP . VBG PRP$ NN IN DT CD NN NN , DT NN IN NNP , NNP NNP , VBG IN PRP$ NNP NN NNS , VBD , `` PRP VBP DT NN VBN IN NN NNS WDT VBP JJ NNS . '' CD NNP VBD IN PRP VBD VBN NNS IN NNS IN DT JJ NN VBN IN NN NN , VBD DT NNS WDT VBD DT NN IN DT NN NNS , CC , VBG JJ NN NNS , VBD VBN DT NNS IN JJ NN NNS VBN TO VB NN NNS . IN DT NN , IN NN PRP VBD DT VBN NN VBN IN NN VBN IN JJ NN . `` RB , DT NNS VBP VBN IN NN NNS IN DT NN , '' VBD NNP . `` PRP VBP RP CC VBP DT NN RB JJ PRP MD RB VB RB . PRP RB VBZ RP IN IN PRP VBD VBG DT NN . '' CD NNP VBD PRP VBD DT JJ NN IN NN `` JJ NN . '' DT JJ CC JJ NNS IN VBG PRP IN NNS IN NNP NN JJ NNS IN PRP$ VBG PRP NNS PRP VBD IN IN PRP$ NNS . NNS VBN IN NN NN VBN IN VBG JJ NN NNS IN DT NN IN DT NNPS POS NN , NNP NNP CC NNP NNP POS NNP CC NNS WDT VBP JJ NN NNS VBP RB CD VBN NNS IN VBG NNS CC NN NNS TO `` VB NN . '' NNPS POS NN NN IN CD NNS CC NN NN VBZ JJ IN DT NN WDT VBD IN NNP NNP NNP POS JJ NN , NNP . NNP IN NNP CD . VBG IN DT NN , DT JJ NN VBD NN IN NNP CD , CD IN DT NN IN NNP NNP NNP , NNP IN NNP NNP , IN DT IN DT JJS NNS IN NNP . NN NN NNP NNP WP IN CD VBD TO VB PRP$ $ CD CD NNP NNP IN DT NNP NN TO VB DT NN POS JJS JJ NN IN DT $ CD NNS IN NN HYPH JJ NNS VBD JJ . NN NNP NNP VBD DT NN . DT JJ NN IN NN VBD VBN IN NNP , NNP CC NNP . PRP VBD TO VB PRP DT `` NNP NNP . '' RB JJ VBD NN NN NNP NNP , NN NN IN NNP WP VBD IN DT CD NN IN DT NNP NN NN , WRB PRP VBD IN DT CD NN NN IN NN NN IN IN CD CD MD VB `` JJ . '' IN DT CD NN IN NNP POS NNP NNP , NNP JJ HYPH VBD DT NN IN CD CD , DT NN IN JJR IN CD NN IN NN POS NN . RB RBR RB IN NNPS , NNP VBD , `` PRP VBP RB JJ NNS . DT VBZ WRB PRP VBP JJ NN . PRP VBP JJR NNS VBG JJR NN -LRB- UH -RRB- . '' CD NNS VBG DT JJ NN IN DT NNP NNP RB VBD : NNP NNP JJ NN NN , NNP NNP POS NN NNP NNP NNP CC NNP NNP NN CC NNP IN NNP NNPS JJ NN , NNP NNP NNP . IN NN , NNP NNP NNP , NNP , NN HYPH NN NN WP VBD IN NNP VBG DT NNS IN NNP , NNP , NNP NNP CC DT JJ NNP NNS , VBG DT CD HYPH CD NNP NNP . RB JJ IN DT JJ NN IN DT NNP NNP VBD NNP NNP , JJ JJ NN IN DT NNP NN , CC NNP NNP IN NNP NNP . DT NN VBD DT VBN NN IN JJR IN $ CD CD . CD VBG IN NNS RB VBN IN CD IN DT NNS , DT NN VBD VBN IN NN IN DT JJ JJ NN CC DT JJ NN CC JJ NNS WDT VBP VBG DT NN . CC DT JJ NN CC NN IN DT JJ NNP NNP NN IN DT NNS VBD DT NN NN VBN IN NNP NNP , RB , WRB TO VB RBR RB PRP$ NN IN NN NN CC JJ NN NN . IN DT NNS DT NN RB VBD IN PRP MD `` VB DT NN IN WDT NN NN MD VB VBN IN DT RB JJ JJ , JJ CC JJ NN . '' CD NNPS CC NNP VBP JJ NNS IN JJ NN NN NNS , IN VBZ NNP , WP$ NNP NNP VBD VBN TO VB $ CD CD IN PRP$ NN HYPH JJ NN NN NNS IN NNP HYPH NNP HYPH NNP IN JJ NN NN NNS IN DT VBG NN . CD DT NNS IN NNP CC RB VBP VBN IN NN CC VBG NN NNS IN JJ NNPS . IN NN PRP VBP JJ NN NN IN NN CC JJ NNS WDT VBP NNS IN NN HYPH VBG NN JJ . DT NNP NNP , WRB NNP VBD DT NN IN PRP$ NN CD NNS RB , VBZ RB VBG NN IN NNP NNS IN NNP IN DT NN IN DT NNP NNP HYPH VBN `` NNP NNP NNP '' IN NNP . DT NN IN NNP VBN NNS IN NNP IN NN VBZ VBN IN JJ JJ NN . NN NNS VBP RP DT VBD DT NN IN NNPS RB TO VB DT NN CC RB HYPH NN IN JJ NNPS , DT JJ NNS IN NNS IN NNS DT NNP NNP VBZ VBN IN JJ CC JJ NNS MD VB VBN IN VBG JJ JJ NN CC NN NNS . VBG DT NN WP RB VBZ TO VB NNS HYPH VBN NN NN VBZ RB JJ IN DT NN . CC IN NN VBG RP DT NN CC NN NNS IN NNP MD VB DT NN NNS IN DT NNP . NNPS POS NN NNS IN VBG JJ NNS TO VB JJ NN VBD RB DT IN HYPH DT HYPH NN NN . IN DT WP VBP , DT NN NNPS VBD IN DT NNP JJ NN VBD RB RB DT JJ NN IN VBG NN TO VB JJ NN . IN DT JJ CC JJ IN DT NNP NNP , JJ NNS VBP TO VB DT NN IN NN JJ IN NN . CD NNP NNP , `` VBG IN NNP . , NN IN DT NNP JJ NN , NNP NNP , NNP , NNP CD , CD , VBN IN ADD LS NNP NNP , NNP NNP , WP VBZ NNS IN NNS IN NN JJ NNS IN NN NNS , NNP NNP , CD NNP CD , VBN IN ADD CD CD VBZ DT NNP NNP NNP IN NNP , ADD CD VBN IN NNS CC NN , VBN IN ADD CD NNP NNP NNP , NNPS IN NNP : DT NNP NNP IN NNP NNP , NNP NNP -LRB- NNP NNP , CD , NN CD SYM CD . CD NNP NNP NNP , VBP JJ NNS VBN IN NN HYPH NN NNS . , NNP NNS , NNP NNP NNP , NNP , NNP : NNP SYM NNP CD . CD VBN IN NNP NNP NNP , `` NNP NNP NNP '' IN DT NNP : NNP NNP , NNP CC DT NNP NNS VBP NN PRP VBP , NNP NNP , NNP CD , CD , VBN IN ADD CD NNP NNP , NNP POS NNP NNP VBZ RP DT NNP NNP , NNP NNP IN NNP , NNP NNP NNP NN CD , NNP , NNP NNP , NNP CD . CD NNP NNP CC NNP HYPH NNP NNP , NN NNS NN NN CC NN IN JJ JJ JJ , CC NNP NNPS , NNP NNP IN NNP NNP , NNP NNP NNP , CD , CD -LRB- CD -RRB- , NN CD . CD NNP NNP , NNP NN NN TO VB NN VBG PRP$ NNP , NNP , DT NNP , CD NNP CD . CD NNP . NNP VBZ , `` DT NN NN NNS VBP DT NN IN DT NNP NNP NN NN NNP , WRB NNS VBP VBN DT JJ NN IN JJ NNS WDT VBP NN , DT NN VBZ VBN JJ JJ NNS WDT VBP NNS . RB , DT NNS VBP VBN IN NN NNS IN DT NN , '' VBD NNP . `` PRP VBP RP CC VBP DT NN RB JJ PRP MD RB VB RB . PRP RB VBZ RP IN IN PRP VBD VBG DT NN . '' CD NNP NNP , VBN IN IN NNP NN IN NNP IN NNP NNP , NNP NNP : NNP VBZ DT `` JJ '' CD HYPH NN NN IN DT NNP NNP NNPS , NNP NNP , NNP CD , CD . VBN IN ADD CD NNP NNP , NNP NN IN NN TO VB NN , NNP , DT NNP NNP NNP CD , CD . VBN RB IN ADD DT NN VBD VBN : NNP , NNP CD , CD IN CD NN"
662,204,mainstream,"EX VBZ DT NN TO VB DT NNP NN IN NN IN NNS , VBG IN DT JJ JJ NN VBN NN . IN DT JJS NN VBN IN NN , NNS IN NNP POS NNP IN NNP , NNP NNP CC DT NNP NNP NNP , VBD DT NN IN CD NNS CC VBD IN DT NN MD RB VB JJ . DT NN , WDT VBD VBN IN DT NNP IN NNP CC VBZ VBN IN DT NN NNPS IN NNP IN NNP , VBD VBN CD NNS RB CC VBZ DT NN IN DT NN IN DT NN , WDT VBZ IN NNS , NNS CC NN , VBD IN DT JJ NN IN DT NN IN NNS VBN DT NN . DT NN VBN RB IN NNP NNP NNP CC NNS VBD IN DT NNS NN IN DT NN VBD NN NN CC RB NN . RB , DT NN NNS VBN IN PDT DT NNS IN NN POS NN VBD RB VB DT NN . DT NN RB VBD IN NNS IN NN NN IN DT NN IN CD NNS WP VBD VBN VBN DT NN NN , CD IN WP VBD DT JJ NN NN . DT NNS VBD DT NN IN NNS IN NN NN CC NNS IN DT WP VBD VBN VBN IN NN CC DT WP VBD RB . DT NNS RB VBD DT NNS IN NN NNS VBG RB . DT NNS , JJ RB CD NNS JJ , VBD VBN VBN DT JJ NNP NN CC RB DT VBD DT NN . DT NNS VBD IN DT IN NN CC NN NNS VBD RB TO VB VBN DT JJ NN , WDT PRP VBP VBZ IN NN . NNP NNP NNP , NN IN NN IN DT NNP IN NNP , VBD : `` PRP VBZ JJ IN NNS TO VB IN DT NN CC NN IN PRP$ NNS CC PRP VBP DT NN MD VB PRP IN EX VBZ DT NN VBG DT NNP NN IN NN . '' JJ NN NNS MD VB VBG DT NN MD VB TO VB DT NN . DT NNP IN NNP VBD DT NN IN DT NN CC IN DT NN VBD PRP VBD `` VBN RB JJ NN CC NN IN DT NN POS NN , IN NN NN IN NN NNS '' ."
663,738,mainstream,"JJ NNS VBP VBG NNS IN NN NN NNS , JJ IN NNS CC NN . IN NN , IN CD , NNS NNS VBD IN CD NN RB -LRB- NNP NNP NNP , CD -RRB- . IN CD NNP CD , NNP NNP RB VBD DT NN IN NN IN IN DT NN NN . IN NNP , IN CD NNP CD , CC CD NNP CD , DT NNP NNP NNP VBD CD NNS IN NNS . IN JJ NNS , NNP -LRB- CD NNS -RRB- VBD DT JJS NN , RB IN NNP -LRB- CD NNS : NNP NNP IN NNP NNP CC NNP , CD -RRB- . DT VBG NNS VBD DT NNP NNP NNP TO VB NN NN : DT VBZ , DT NN CC NN TO VB IN DT NN IN NNS : IN CD IN JJ CD NNS IN JJ NN NN . DT NN IN JJ NN CC NN IN JJ NN VBZ VBN IN DT JJ NN IN NN NN -LRB- NNP FW FW , CD : NNP , NNP , CC NNP , CD : NNP CC NNP , CD : NNP CC NNP , CD -RRB- . DT VBD IN DT NNS NNP -LRB- NNP -RRB- : NN NN WDT VBD IN NNP NNP POS JJ NN . DT NN IN NNS VBD IN DT NN VBD DT JJ NN IN NN NNS . NNP , NNP , CC NNP -LRB- CD -RRB- VBD DT NN IN DT NN IN DT NNP NN IN DT NNP NNP , WDT VBD IN RB CD NN NNS IN CD NNS , IN VBG RB . RB , NNP , NNP , NNP , CC NNP -LRB- CD -RRB- VBD NNP NN CC NN IN DT NNP NNPS CC VBD NNS IN CD CC CD CC RB DT NN IN JJ NNS IN NN . RBR RB , NNP -LRB- CD -RRB- VBD IN NN VBD IN DT NN IN NN NN NNS CC JJ NNS IN DT NN IN JJ NNS IN DT NNP NNPS . DT NN VBZ DT VBG NNS IN CD JJ NNS . RB , PRP VBZ DT JJ NN WDT VBD IN NNP CD IN NNP , WRB DT NNP IN NNP VBD NN IN DT NN IN VBG IN DT NNP NN VBD PRP$ NN POS NN . IN PRP$ NN , DT VBD DT JJ NN IN DT JJ NN RB VBD DT JJ NN IN DT NN NN CC NN . DT NN VBD RB VBN IN DT RBS VBN JJ NN NNS -LRB- FW , NNP NNP CC NNP NNP NNP NNP -RRB- . RB , VBG DT NN POS NN , NNS POS NNS IN NN NN NNS VBD VBN IN DT NNP . NN CC JJ NN VBG NNS , RB VBN IN DT NN , VBD JJ . NNP CD VBZ IN DT NN IN NNS IN `` NNS CC NN '' IN DT NN NN NNP VBD RB IN NNP CD CC VBD RB JJ RB . VBN IN NN , DT NN IN NNS VBD IN CD NN . RB , IN RB VBN IN DT JJ JJ NN JJ IN NNP FW FW -LRB- CD -RRB- CC NNP FW FW -LRB- CD -RRB- , DT NN POS NN VBZ PRP TO VB DT JJ NN IN DT NN IN -LRB- JJ -RRB- NN CC NN VBG NNS IN NNP . RB , IN NN IN JJ NN CC NN IN NN VBZ VBN IN NN NN , PRP VBP DT NN IN JJ -LRB- NNS CD NN -RRB- NN NN IN NNS IN DT NN . NN NN VBZ IN DT JJ JJ JJ NN , WDT VBZ VBN JJ JJ NNS IN DT NN PRP VBD , TO VB DT JJ NN `` JJ NN '' IN NNP . IN DT NN VBN , NN NN IN NNP VBD IN CD NN IN CD IN CD NN IN CD . DT VBD RB IN IN DT `` JJ NNP '' NN VBN IN DT JJ NNP IN CD TO VB DT JJ NNS IN `` NNP CD , '' DT NN IN DT NNP NNP TO VB JJ NN NN -LRB- IN IN CD NNS -RRB- IN DT NNPS IN CD CC CD NN NN NN -LRB- IN IN CD NNS -RRB- IN CD . RB , DT JJ NNS VBD VBN TO VB DT NNS CC , IN JJ NNS CC NNS , VBD VBN IN NN NN CC NN . IN NN , DT NN IN NN IN NN NN VBD JJ IN DT JJ NN IN DT NN NN NN . DT VBZ IN DT NN NN RB VBZ DT JJ NN NN NNS IN VBN IN NN NNS -LRB- NNP , CD -RRB- . RBR , DT JJ NN IN DT NN VBZ DT NN IN DT NN NNS RB RBR JJ IN DT NNS , CC DT VBZ DT JJ NN IN NN IN NN NN IN DT JJ NN . IN DT NN , DT NNS IN NN NN VBP RB JJ TO VB VBN IN DT NN IN JJ NN NNP , CC DT VBZ DT JJ NN IN DT JJ NN IN NN . JJ NN NNS VBG NNS IN NN NN VBP VBN RB VBN TO VB DT NN IN DT NN CC NN NN IN JJ JJ NNS -LRB- VB , FW , NNP , NNP , CC NNP , CD : NNP , NNP , CC NNP , CD -RRB- . PRP VBP CC NNS IN NNS -LRB- FW , DT CD NN NN CC NN IN NN NN -RRB- IN DT NNP NN NNPS -LRB- NN -RRB- NN . PRP VBP IN DT NN IN NN VBG NNS VBG DT NN POS NN VBD DT JJ NN IN NN NN NNS ."
664,938,mainstream,"DT JJ NN -LRB- NN -RRB- NN VBZ RB VBN IN DT NN IN DT JJ NN : CD NNS VBP VBN , IN IN JJS CD NNS IN PRP . IN NNP CD , DT JJ NN IN DT NN NN MD VB VBN IN NNS CC NNS JJ CD CC CD IN NN CD IN NN . NNS WP VBP PRP$ JJ NN IN DT NN IN CD MD VB TO VB CD NNS . NNS VBN IN CD NNP CD WP VBD PRP$ NN NN IN NN MD VB DT NN RP IN PRP$ JJ NN . NNS VBN IN CD NNP CD WP VBP JJ IN DT NN NN IN NNP CD MD RB VB JJ TO VB DT NN RP IN PRP$ JJ NN IN PRP VBP VBG PRP$ CD NNS IN NN . NNS CC NNS MD RB VB DT NN NN , NN IN DT NN CC DT NN NN WRB PRP VBP IN NN CD . IN DT NN VBZ VBN TO VB DT NN NN , PRP VBZ RB DT NN IN DT NN VBG DT NN IN IN IN CC RB PRP VBP PRP , RB RB IN PRP VBP DT NNS VBN IN VBG PRP . NNS VBP RB VB TO VB DT NN NN IN PRP VBP RB VB TO , CC PRP MD VB PRP$ NN IN PRP$ NNS , DT NN NN NN , CC PRP$ NN CC NN NN . DT NN NN VBZ DT JJ NN NN CC MD VB TO VB IN NN NNS CC NN IN JJ NNS . DT NN RB VBN IN DT JJ NN NN VBZ VBN NNP CC VBZ VBN IN DT VBG NN : SYM JJ NN IN NN CD IN NN SYM JJ NN IN JJS CD NNS IN DT JJ : IN NN , DT NNS MD VB DT JJ NN IN NN CD CC NNS MD VB PRP IN NNP CD NNS MD VB VBN IN DT NN WRB PRP$ NNS VBP JJ . IN DT NN VBZ DT IN PRP$ NN NNS IN NN , IN WDT NN , PRP MD VB IN DT NN NN NN CC PRP$ NN NN IN VBG DT NN . RB , DT MD VB VBN RB RB IN JJ IN DT NN IN PRP$ VBN NN . NNS VBN IN CD NNP CD WP VBD PRP$ NN NN IN NN MD VB DT NN RP IN PRP$ JJ NN . NNS VBN IN CD NNP CD WP VBP JJ IN DT NN NN IN NNP CD MD RB VB JJ TO VB DT NN RP IN PRP$ JJ NN IN PRP VBP VBG PRP$ CD NNS IN NN . PRP MD VB IN PRP$ NN NN IN WRB TO VB VBN CC DT NN IN PRP$ CD NNS ."
665,962,mainstream,"DT NN IN NNS VBG PRP$ JJ NN IN DT NNS , NNS CC NN NN -LRB- NNP -RRB- IN PRP$ JJ NN VBZ VBN CD NN IN DT JJ NN , NNP NN VBZ . DT VBZ DT NNP NNP NNP NN . NN VBZ VBN VBG IN NNP IN DT JJ CD NNS . DT NNP VBZ NNS MD VB CD NNS IN DT NN IN VBG NN . CC RB CD NN VBD VBN DT NNS IN PRP$ JJ NN . DT NNP NN VBZ VBN IN DT NNP IN DT JJ NN IN NNS IN NN IN PRP$ JJ NN NN , RB IN DT NN IN PRP$ JJ NN . PRP MD RB VB DT JJ NN IN DT NN IN VBG NN , RB IN CD NNS CC CD NNS . NNS VBN IN NNP JJ VBP IN NN IN DT JJ NNP NN IN DT NN IN CD VBD CD NN IN CD SYM CD , VBG DT NN IN CD NN IN CD SYM CD . RB , DT NN IN NNS VBG VBN IN DT JJ NN IN PRP$ JJ NN VBZ VBN RP IN DT JJ NN IN DT NN , IN CD NN . NNP NN NNS VBD IN DT NN VBN IN VBN JJ NN NNP NNP , WP RB VBD IN DT JJ NNS IN DT NN VBD NN . NNP NNP NNP , NN IN NNS IN NNP NNP NNP , VBD : `` NNP VBZ VBN TO VB DT NN NN IN NN NN , IN CD IN DT RBS JJ NNS IN DT NN . `` IN PRP VBP VBG JJ NNS IN NN IN JJS JJ NN NNS , VBN IN CD NNS IN JJ NNS , PRP VBP TO VB DT NNS TO VB DT JJS NN IN PRP$ NNS IN VBG PRP VBP RB VBN IN PDT PRP$ NN NNS . PRP VBD : `` PRP VBP VBG RB IN DT NNP , CC IN NN IN JJ NN WRB JJS NNS VBP VBN , TO VB NN . ''"
666,437,mainstream,"DT NNP NN MD VB VBN IN DT JJ NNS JJ IN CD IN CD IN NN IN DT JJ NN HYPH RP NN , DT NN VBZ VBN . DT NNP NN NN HYPH RP NN VBZ TO VB JJ NNS NNS , VBG JJ NNS IN NNP . VBG IN DT NN IN DT JJ NNP NN HYPH RP NN , NNP NNP NNP , NN IN NN IN DT NNP IN NNP , VBD IN DT NNS IN NNP VBD VBN `` DT NN HYPH RP NN IN NNS '' , CC VBD IN `` WP VBZ VBG IN NNP MD VB RB IN NNP '' . NNP NNP VBD NNS TO VB PRP$ NNS VBN IN NNP IN PRP VBD JJ IN PRP VBD RB VBN DT NN . DT NN HYPH RP NN VBZ VBN TO VB DT NN IN NNS , VBN IN CD CC CD , WP VBP VBN CC RB RB VBN IN NNS . JJ NNS IN NN IN DT NN VBD VBN IN DT JJ NN IN DT NNP NN . DT NN VBD VBN IN DT RB VBN NN IN NN WDT VBD IN NNP MD VB NN . VBG DT NN IN NNS , VBN TO VB RB CD CD , MD VB VB DT JJ NN IN WDT JJ NNS NNS MD VB . WRB VBZ NNS DT NN RB . IN IN DT NN IN JJR NN NNS NNS VBD RB JJ IN DT NNS . DT VBD TO VB IN NN NNP NNP VBD DT NN IN NN VBG IN EX VBD DT NN IN DT NN NN CC DT JJ NN NN . IN JJ NNS IN DT NN , PRP VBD JJ NN IN DT NN . DT NN VBZ VBN VBN TO VB JJ CC NNP VBZ VBN VBN IN DT JJ NN IN VBG `` RB CC RB '' IN PRP$ NN CC `` VBG DT JJ NN IN NN '' . RB , DT NN VBD RB VBN VBN : EX VBD DT NN IN NN NNS -LRB- DT NN IN NNS VBN IN DT NN -RRB- IN NNS CC DT VBZ VBN IN DT NN VBG RBR JJ . IN DT JJ NN IN CD , EX VBD DT JJ CD NNS IN NNP CC , RB , DT NN IN NNS IN NNS . JJ NNS RB VBP IN NNS VBZ DT JJ NN NN IN NN . DT VBZ RB DT NN . NN NN , NNP NNP NNP , VBD : `` NN VBZ RB DT JJ NN : PRP VBZ RB JJ CC MD VB IN JJ NNS IN PRP VBP VBN IN JJR IN CD NNS IN NNP VBG VBN RB RB DT NN '' . NFP NN NN , WDT MD VB JJ CC JJ HYPH NN NNS , WDT MD VB JJ CC JJ , NN : DT NN WDT VBZ NN TO VB VBN NNS , JJ NN : DT JJ NN IN DT NN IN NNS WDT VBP NN CC NN , NN NN , WDT MD VB JJ CC JJ WRB MD DT NN HYPH RP NN NN . RB DT CD IN HYPH NN NNS VBP VBN VBN VBG NN NNS CC JJ NNS . NNS VBP TO VB VBN IN PRP$ NNS VBG IN PRP VBP PRP$ NNS VBN . NN MD VB NN IN NN NNS . EX VBP RB NNS TO VB RP JJ `` NN NNS '' IN NNS , NN NNS CC JJ NNS . DT NN MD RB VB VBN IN NNS CC IN NNP : VB VBN NNP CC NNP IN NN NN . DT NN VBZ IN DT NN HYPH RP NN MD VB VBN IN DT NN IN DT JJ NN NN IN NNP . WRB JJ VBZ DT NNS VBG VBN IN DT NN . PRP VBZ VBN IN DT NNS VBZ CC JJ CC JJ , CC IN DT IN HYPH NN NNS VBP VBN VBN . RB IN DT NN VBZ RB VBN IN VBG VBN , VBG JJ NNS IN DT NN NN MD VB PRP RB DT NN . MD PRP VB PRP$ NN VBN RB . UH . PRP VBP RB VB TO VB TO VB VBN DT NN TO VB PRP$ NN VBN . IN PRP VBP JJ IN PRP$ NN POS NN NN VB DT NN IN PRP$ NN RB RB IN JJ ."
667,775,mainstream,"NN NN NNP VBZ VBN RP TO VB DT NN RB IN PRP VBZ VBN TO VB DT JJ NNS IN DT JJ NN IN DT JJ NN , NNP HYPH CD , MD VB RB RB RB IN NNP , VBG IN CD IN DT JJ NNS IN NNP NNP WRB PRP VBP VBG NNS . DT NNS VBP RB VBG DT NN IN RB CD NNS IN DT NNS IN CD CC CD WP VBP RB VBN JJ IN NN HYPH CD . NN VBD IN NNP CD , VBG DT JJ NN IN DT NN IN DT NNP NNPS IN NNP POS NNP NNP NNP IN NN NN NNS . `` DT VBZ RB DT NN NN . PRP VBP RB TO VB IN DT NN VBZ IN JJ NNS , '' NNP NN NNP NNP VBD NNP NNP . `` CC DT NN , VBP VBN JJ CD NNS RB CC PRP VBP TO VB DT NN IN IN PRP VBZ VBG IN DT NN IN NNP . '' RB , NNS VBP IN CD SYM CD NNS TO VB , CC DT NNS VBP RB VBN IN JJ NNS TO VB JJ NN IN PRP MD VB DT NN . NN NN NNP VBZ RB VBN RP TO VB DT NN RB IN PRP VBZ VBN TO VB . DT NN CC DT NNS IN NNP VBP DT MD VB PRP TO VB DT NN RP RB RB IN JJ . `` IN PRP VBP DT NN IN DT NNS , PRP VBP RB VB TO VB TO VB RB IN DT NN CC VB RP WRB PRP VBP PRP IN NN , '' NNP VBD . `` CC PRP RB VBP TO VB JJ IN DT NN IN DT NN MD VB JJ TO VB DT NN IN NN . '' IN DT NN VBZ VBN , PRP MD VB JJ IN JJ NN IN DT NN IN CD . `` PRP$ NN VBZ IN , IN VBG NNS , PRP MD VB DT NN IN DT NN TO VB DT NN CC VB NNS IN DT JJS NN IN DT NN , '' NNP POS JJ NN NNP NNP VBD NNP . DT NNS VBD IN DT NN NN IN NNP CD IN DT NN VBZ VBN IN DT `` VBN NN IN DT JJ JJ NN , '' WDT VBZ DT NN IN NN . PRP VBP DT NN MD VB DT NN `` VB CC VB DT JJ NN '' IN DT NN CC VB NN . IN DT NN , DT NN VBD `` VBN VBN IN JJR IN CD NNS : CC VBP VBN VBN TO VB JJ '' IN JJ NN NNS . PRP VBP TO VB NN IN DT JJ CD NNS IN DT NN IN NNP . IN NN IN DT NN NN RB VBZ , NNP VBZ VBN IN VBG DT RBS JJ NNS IN PRP$ NN . DT IN DT NN IN DT NN MD VB VBN IN NN . IN DT JJS IN NNP SYM CD , NNS VBP VBN TO VB JJ NNS IN NNP , NNP , CC JJ JJ NN NNS . NNP VBZ VBN IN NNP TO VB NN IN DT NNP HYPH CD NN NN , DT NNP NN TO VB NN IN NN NNS IN NNS IN NN , RB RB IN NNS VBG NNS . IN JJR NN CC TO VB , VB RB ."
668,628,conspiracy,"PRP VBZ VBN JJR IN CD NNS IN DT JJ NN IN PRP$ NN CC NN VBD JJ JJ CC JJ NNS IN DT CC JJ NNS WDT RB RB DT VBZ RB JJ DT NN IN DT TO VB DT NN IN JJ NNS WP VBP RP IN NN . `` TO VB , NNP NNP NNP , IN PRP$ NN CC NN , RB VBD IN PRP VBD VBN PRP VBD VBN DT NN IN DT NNP `` NN . '' '' PRP$ JJ NNS VBG DT JJ NN IN NNP NNP NNP MD VB VBN PRP$ NNS IN PRP$ NN VBD RB VBN IN DT JJ NN . VBG VBN DT NN TO VB VBN IN NN IN NNP IN JJ NNS IN PRP$ JJ NN CC NN , NNP VBD , IN WDT NN , VBD TO VB PRP$ NNS CC NNS IN DT JJ NN WDT VBD TO VB VBG IN NN DT RBR PRP VBD PRP . RB , RB CD NNS RB , DT NN VBD TO VB IN NNP . VBG IN PRP , PRP VBD RB JJ IN DT NNS NNP , RB RB IN RB VBG DT JJ NN IN JJ JJ CC JJ NNS . PRP VBD TO VB IN NN IN NNP POS NNS IN NN . PRP VBD , CC PRP VBD TO VB . DT NN , NNP NNP , WP VBD VBN IN CD NNS , VBD PRP CC PRP$ NN IN NNP CC PRP$ NN . -LRB- PRP VBD PRP$ JJ NNS CC VBD DT NN . -RRB- IN NN , DT NN VBD NNP POS NN , CC VBD TO VB NNS IN PRP$ JJ `` NNS '' WDT PRP VBD IN NNP IN DT JJ NN IN JJ NNS . RB , NNP VBD PRP IN RB `` , VBG IN PRP$ NN , '' DT VBZ TO VB , RB IN PRP$ `` NN '' NN IN NNP , PRP VBD TO VB DT JJ NN IN NNP POS JJ NN , NN PRP VBD VBN IN IN NN CC VBD IN NN IN PRP . RB , RB RB RB IN DT NN CC PRP$ NN VBD VBN IN PRP$ NN , PRP VBD IN PRP$ NN , `` , VBG DT IN PRP$ NNS CC DT JJ NN IN PRP , '' VBG IN NNP . RB CD NNS RB , NNP CC PRP$ NN VBD IN DT NN CC IN VBG RB , PRP VBD RB JJ . IN DT NN RB , PRP$ NN RB VBD . RB , VBG IN NNP , PRP$ NN VBD RB IN PRP VBD VBN VBN IN DT NN , CC IN DT `` NNS '' VBD VBN DT JJ NN IN PRP$ NN . NNP RB VBD IN PRP IN PRP VBD VBN IN DT NN IN DT `` NN '' VBD NNP NNS , IN PRP$ NN VBD PRP$ `` NN '' CC IN PRP , WP$ NN VBD VBN IN DT NN , VBD VBN IN DT NN VBN NN . JJ IN DT NNS IN PRP$ NN NNS , IN NN CC NN , VBD JJ NN HYPH NN NNS , VBG IN NNP POS NN NN . TO VB , NNP NNP NNP , IN PRP$ NN CC NN , RB VBD IN PRP VBD VBN PRP VBD VBN DT NN IN DT NNP `` NN . '' VBG PDT DT JJ NNS IN DT NN NNP VBD TO VB IN PRP , IN NNS VBN RB IN PRP , MD VB JJ NN IN DT NN POS NN IN WP VBZ VBN TO VB DT NN IN CD IN DT JJ NNS IN JJ NN IN DT NN IN JJ NN . PRP VBP DT IN RB CD NN . PRP VBP NN WP RB VBD , VBD CC VBD IN DT NNS IN NNP NNP NNP POS NN CC NN TO VB IN PRP$ NN VBD VBN IN JJ NN . IN DT , NNP NNP NNP POS NN CC NN MD VB IN DT NN , VBG DT NN IN DT NN WRB DT NNS , CC DT NNP , RB VBP , IN DT NN IN PRP$ JJ NN ."
669,304,mainstream,"JJ NN , NNP NNP NNP NNP VBZ VBG PRP VBZ JJ EX MD VB DT NN HYPH CD NN IN DT NN IN DT NN , CC JJ NNS IN DT NN MD VB RB . `` PRP VBP NN MD VB NN RB RB IN PRP VBP VBN RP DT NN , '' NNP VBD IN NNP , VBG IN JJ NNS MD VB VBN IN NNP . DT NN POS NN VBZ IN NN VBN IN NNP NNP RB IN NNP VBD IN DT NNP NNP NNP NNP . DT VBN NN IN DT JJ NN POS NN NN VBD NNS , `` PRP VBP RB VB DT NN '' TO VB HYPH VB CC VB DT NN NN . VBP IN PDT DT NN IN CD IN CD NNS VBZ `` NN VBZ RB , '' NNP NNP NNP VBD . `` PRP VBP RB VBN NN VB RB . '' JJR IN CD NNS IN DT JJ NN VBP IN NN IN DT NN . JJ NN NNP VBD NNP IN CD IN PRP$ NN NN NNS VBZ VBN NNS IN DT NN IN JJ NNS . JJ NNS VBP VBN TO VB JJ NN . NNP VBD VBN IN DT NN IN DT NNP NNP NNP CC NNP NNP -LRB- NNP -RRB- , WDT VBZ IN DT NNP IN NNP CC NNP NNPS , DT NN WDT VBD DT NN TO VB DT NN NN . NNP VBD NNS PRP VBD DT IN NNP POS NN IN NNP CC `` PRP VBZ IN DT JJ , JJ NN WP , RB , VBG IN DT NNS , VBD RB VB DT RB JJ NN . '' NNP VBD DT NNP NN NN IN JJR NNS , VBG DT IN DT NNP NNP , VBD PRP$ JJ NN IN NNP HYPH CD , CC DT JJ NN VBD JJ HYPH VBN TO VB IN DT NN . DT JJ NN VBZ DT NNS IN NNS CC NNS VBN IN DT JJ NN IN NNP NNP , WP VBD DT NN RP IN NNP IN NNP CD . NNP NNP NN NN NNP NNP VBD DT MD VB VBN `` NN IN NN '' IN DT NN IN NNS IN NNP . DT NN , JJ IN VBG DT JJ NN NN IN NNP , VBD IN PRP$ JJ JJ NN IN DT JJ NN NN IN NN IN DT JJ NN . `` PRP VBP VBN JJ NN IN DT NN -LRB- NN -RRB- , '' VBD NNP , WP RB VBD NNP IN `` VBG PRP '' WRB PRP VBD VBG NNP . JJ CC NNS VBD IN DT NN IN JJ NNS IN VBG DT NN IN NN HYPH CD NN CC VBD IN PRP$ NNS , VBG DT NN PRP MD VB NNS . VBN IN DT NN IN DT NNPS IN NNP NNP CC NNP VBZ RB HYPH VBG NNP NNS IN DT NN , NNP VBD , `` PRP VBP RB VB WRB PRP VBP VBG . PRP RB VBD PRP IN PRP . NN VBZ NN . PRP VBP RB VB NNS VBG IN DT NN . CC PRP VBP VBN DT JJ NN . '' DT NNP NNPS VBZ VBN DT JJS NNS CC JJS NN HYPH CD NNS IN DT NN . IN IN NNP NN NNP , VBG IN NNS VBN IN NNP NNP NNP , CD CD NNS VBD VBN JJ IN DT NN CC JJR IN CD VBD VBN IN DT NN . IN DT NNP NN NN , RB VBG DT NN NN , IN DT JJ NN NN NN IN DT NN NN NN IN NNP , DT NN VBD DT NN IN DT JJ JJ NN . NNP VBD DT JJ NN IN NN HYPH CD NNS IN DT NNP NNPS IN DT NN POS VBG VBN DT JJS NNS . `` WRB PRP VBP , PRP VBP DT NN , '' DT NN VBD . `` IN PRP VBD RB VB DT NN , PRP MD VB RB JJ NNS . ''"
670,658,mainstream,"NNP VBZ DT JJ JJ NN NN IN DT JJ NN CC JJR VBP IN DT NN , DT NN NN VBD NNP , IN DT NN VBZ TO VB DT NN TO VB DT NN IN PRP$ NNS . RB RB EX VBP VBN DT `` JJ JJ NNS '' VBN IN DT CD NNS VBG IN DT CD NN HYPH CD NNS , VBD NNP NNP , NN NN IN DT NNP NNP NNP . `` VBG IN DT NN , IN DT VBZ RB , DT JJ NNS MD VB DT JJ NN IN JJ NNS IN NNP DT NN , '' NNP VBD . JJR NN NNS VBP IN DT NN CC VBG NN IN JJ NNS , PRP VBD . NNP VBD RB VBN CD JJ NNS IN JJ NNS VBD IN NN . NNP VBD RB VB WRB DT NNS , WDT MD VB CD NNS IN DT NN TO VB VBN IN NN , MD VB VBN . NNS IN DT NN VBP VBG IN JJ NN TO VB DT NN IN NN HYPH CD , DT NN VBN IN DT NN , WDT VBZ VBN JJR IN CD NNS CC VBN RB CD CD . CC NNP POS NN IN RB VBG DT NN MD VB DT NN IN PRP$ NN NNS WRB PRP VBP DT JJ NN IN NN . DT NN MD VB VBN IN DT NN IN NNS CC DT NN VBN IN DT NN NN IN DT JJ NN WRB DT NN VBZ VBG TO VB IN PRP VBZ . NNP HYPH VBN NNP NNP , WDT VBD CD IN DT NNS VBG VBN , VBZ VBN NNP IN PRP VBZ VBG TO VB RP DT JJ NN IN PRP$ NN RB IN NNP VBZ RB VB DT JJ JJ NN NN . NNS VBP PRP MD VB IN JJS CD IN CD NNS TO VB DT JJ NN , RB RB JJR ."
671,275,mainstream,"NNP NNP -LRB- NNP -RRB- : DT NNP NN IN NNP VBD IN DT NN IN NNS WP VBD NNP NNP NNP POS RB VBN JJ NNS NN NN , VBG PRP$ NNS IN DT NN POS JJ NN NN VBD PRP$ NN . IN DT CD HYPH NN NN VBN NNS IN DT NN IN DT NN , NNP NNP NNP VBD DT NNS POS NN VBG TO VB DT NN NN , VBN JJ NN TO VB DT JJS NN NN TO VB DT NN IN CD . DT NN VBD IN JJ NN NNS WP VBD DT NN IN DT JJ CC JJ NN TO VB DT NN IN DT RB JJ NN WDT VBZ VBN IN JJS CD NNS RB RB , JJS IN PRP NNS IN JJ JJ NNS IN DT NN IN NNP . DT CD NNS VBP VBN VBN RB IN NNP NNP NN , RB IN DT RB JJ JJ NN IN NNP NNP , RB IN NNP . DT NNP NNP NNS VBP NN IN DT JJR NN IN NNS IN DT NN , IN IN JJS CD NNS VBN IN CD NNS , VBG IN DT NNP NNPS IN NNP NNP CC NNP . NN NNS VBP DT NN , WDT MD VB JJ NNS CC RB NN , VBZ VBN RB IN NN HYPH NN NNS WP$ NNS VBD TO VB PRP VBN . RBS VBP JJ CC JJ NNS CC VB NNS , VBN IN JJ NN , WDT DT CD HYPH NN NN HYPH NNS HYPH NN -LRB- NN -RRB- NN MD VB NN . DT NN VBD DT NNS POS NN IN DT NN NN VBD JJ CC JJ , VBG IN PRP VBZ RB VB IN RB VBG DT NN IN DT WP VBP PRP . IN DT JJ NN NN VBN JJ NNP IN NNP NNP NNP NNP , NNS IN JJ VBN NNP NNS WP VBP NNS TO VB DT NNP NN VBP NNS IN PRP MD RB VB NN IN NNS CC VB DT JJ JJ NN . DT NN NN VBD VBN IN NNP POS NNP NNP IN NN IN CD NNS CC PRP$ NNS IN DT VBN NNS . PRP$ NNS VBD VBN JJ TO VB DT NNS POS NN , PRP$ NNS VBD . PRP VBD NNP IN NN IN NNP DT NN VBD VBN PRP$ NN CC IN VBG DT VBN MD VB DT JJ NN . NNP NNP , DT NN IN DT NNS , VBD IN RB CD NN IN DT NN IN NNP CC NNP VBD NNS . `` DT VBZ RB DT NN , '' PRP VBD . `` PRP VBZ RB NNP . PRP VBZ RB NN . '' DT NN NN POS NNS VBD IN NN VBD JJ IN NNS VBG DT NN MD VB JJ IN NNS VBP . DT NN VBD CD NNS VBN IN NNP WDT VBP VBN VBN IN DT NN VBG IN DT NNP NN IN DT NN IN NNP POS NN . DT NN IN NNS RB VBD IN DT JJ NN WP VBD VBN IN DT NN IN NNP , WRB DT RB JJ NN VBZ RB VBG JJ . NNP RBR VBD NNP PRP VBD VBG DT NN POS NN IN DT NN , VBN IN JJ NNS IN DT NN IN JJ NNS , TO VB WRB PRP$ NNS MD VB . DT NN IN NNS NNS RB RB VBD IN DT JJ NN IN CD IN CD VBN IN DT JJ NN JJ NN , DT NNP NNP NNP VBD DT NN ."
672,548,mainstream,"NNP NNP NN VBD NNP NNP IN DT NN NN IN VBG JJ NNS IN NNP HYPH CD CC NN . DT NNP NNP VBD DT NNP NNP VBZ `` JJ NN '' IN NN IN DT NN IN DT `` JJ CC JJ '' NN , CC `` PRP VBP VBG TO DT VB NN IN PRP RB . '' IN DT NN NN IN DT JJ NN NN , VBN IN DT NNP NN , NNP VBD PRP VBD `` JJ '' TO VB VBG RB CC `` PRP MD VB RB , PRP MD VB JJ . '' PRP VBZ IN NNS IN DT CD NNS IN CC DT NN NN , CC DT NN IN DT NN IN NNP NNP IN DT NNS IN NNS . NNP NNP NN VBD JJ NNS TO VB IN DT NNP NNP NNP , WDT VBZ VBN VBN IN NNP . RB DT NNP NN , NNP NNP , NN VBD NNP NNP VBD VBN `` RB VBN '' IN DT NNS IN NNS . NNP VBZ VBN NNS IN NNP NNP POS NN `` NNS '' CC VBD JJ NN CC `` VBG '' IN NN NN . IN DT NNP NN VBZ VBN JJ RB TO VB NNP RB , NNP NNP JJ NN VBD DT NN POS NN VBD `` JJ CC JJ '' CC NNS MD VB DT NN TO VB . CC NNP CC NN NNS VBP VBN IN DT NNP TO VB NNS IN NN NN CC NN NNS IN DT NNP , NN NNP NNP VBZ RB RB VBN . NNP NNP NN VBD DT NNP NN NN NN , VBN RB IN IN JJS CD NNS IN NN CC VBG TO VB $ CD CD TO VB CD CD NNS IN JJ NNS IN CD NNS . NNP NNP VBD DT NNP MD VB DT NN POS VBG NN IN DT NN , VBG $ CD CD IN DT JJ CD NNS . CC PRP VBD NNS TO `` VB IN DT NN IN NN PRP VBP VBN RB '' IN NNS IN DT NNP . NNP VBD NN IN DT NN NN IN DT NN : `` NNP NNP VBZ NN IN JJ NN IN PRP CC NN PRP VBP . `` PRP VBD , PRP VBD PRP VBP PRP MD VB NN RB IN DT NNP NNP CC RB IN DT NNP NNP , PRP VBD WRB RB , PRP VBZ TO VB RB IN PRP . `` IN DT NN VBZ VBN EX VBP DT NNS PRP VBZ RB VB . PRP VBZ JJ , PRP VBZ JJ , CC PRP VBP VBG TO DT VB NN IN PRP RB . `` PRP VBZ JJ TO VB VBG IN PRP . PRP MD VB RB PRP MD VB RB , VB PRP$ NNS IN NNP CC JJ NN , VB PRP VB DT NN . '' RB , NNP NNP VBZ VBN VBG VBG NN TO RB VB DT NNP IN PRP$ NN IN JJ NNS . DT NN NN , NNP NNP , NN RB VBD TO VB DT NNP . NNP NNP VBD NNP NNP : `` PRP VBP RB VBN WP VBZ VBN VBZ IN JJ NN , RB JJ CC NNS VBP DT NN TO VB CC PRP VBP VBN DT IN DT NN . `` PRP MD RB VB IN NNS RB IN PRP VBP VBG TO VB , RB TO VB JJ PRP VBP DT RB , DT VBZ PRP$ NN PDT DT RBR JJ . `` CC IN NN IN DT NN , IN DT NN , TO VB RB VBG DT JJ NN NNS . '' VBD IN DT NN MD `` VB RP DT NN '' PRP VBD : `` DT NN CC NN VBP VB CC PRP VBP IN DT NN IN NNS IN NN IN NN . `` PRP VBP DT NN WRB PRP VBP VB PRP MD VB VBG IN WP VBZ VBG IN DT NN . `` CC PRP VBP TO VB , RB IN DT NN DT VBZ RB DT NN IN DT NNP NNS . `` EX VBP DT NNS RB VBG RB , DT VBZ JJ TO VB . PRP DT VBP TO VB JJ IN PRP VBP IN NN VBZ VBN . '' `` PRP VBP VBN WP VBD IN DT NNP VBZ JJ CC NNS VBP VB DT NN TO VB . ''"
673,877,conspiracy,"DT NNP , NNP NN VBN NNP VBZ VBN IN DT NN IN NNPS VBP RB JJ IN VBG DT NN NN . DT NN VBZ IN CD NN VBD RB JJ IN DT , CC CD NN VBD RB RB JJ IN DT NN . RB , IN IN CD NN VBD DT NN , CD NN , CD NN , VBD PRP VBP CC `` RB '' CC `` RB '' JJ IN VBG DT NN WRB PRP VBZ VBN . NNP NNP NNP , DT JJ NN NN IN NNP NNP NNP NNP IN NNP , VBD `` PRP VBZ DT JJ JJR IN PRP VBD PRP MD VB IN PDT DT NN IN NNP HYPH CD , '' VBG '' PRP MD VB VBN RB IN CD NN . '' DT NNP NN VBZ IN NN NNS VBP `` IN JJS CD NN IN NNPS MD VB TO VB JJ IN DT NN CC JJ NN TO VB WP VBZ VBN IN `` NN NN , '' WRB JJ NNS VBP JJ IN DT JJ NN TO VB PRP$ NN . '' NNP NNP , NN IN DT NNP NNP IN NNP NNP IN NNP NNP IN NNP VBD IN `` PRP VBZ RB JJ DT JJ NN IN NNPS VBP RB VBG TO VB DT NN IN IN DT JJ NN PRP VBP VBN , DT NN IN DT NN NN IN DT NN CC DT RB JJ JJ NN . '' DT NN RB VBD IN CD NN IN NNS MD VB RBR JJ TO VB DT NN IN NNP NNP VBD PRP VBD JJ , IN RB CD NN VBD PRP MD VB JJ . DT NN RB , NNP VBD `` NNP NNP NNP , '' TO JJ HYPH VB DT NN CC NN IN DT NN NN IN NNP CD , VBG NNS CC NNS IN NN , NN , DT NN , CC DT JJ NN . NNP VBZ VBN IN DT NN MD VB VBN TO VB DT NN , CC VBZ VBN IN PRP MD VB JJ , VBG IN PRP MD VB IN DT `` WP VBP TO VB PRP , '' CC `` RB NN VBZ VBG TO VB TO VB PRP . '' DT NN NN IN JJ NN NNS VBZ RB IN NN . VB NN NN NN IN CD NN RP IN JJ NN NNS CC JJ NN NN ."
674,98,mainstream,"VBG NN NNP NNP NNP VBZ VBN IN DT NN CC NNP NN NNP NNP . PRP VBZ DT NN NN IN NN NN NNP , WDT VBD DT NNP NNP NNP NN IN NNP IN DT NN MD VB JJ IN DT NN , MD NN VB VBG IN NN . NNP VBD NNP NNP NNP TO VB IN DT NN . DT NN VBZ DT NN NN IN NNP CC VBZ IN NNP POS JJ NN . NNP : EX VBZ DT JJ NN RB RB TO VB DT NN IN DT JJ NN . WRB JJ NN VBP PRP VBN VBG RB . NNP NNP NNP : RB , PRP VBZ JJ TO VB WP VBZ VBG IN DT NN . NNS VBP DT JJ NN TO VB NNS IN NNS . CC IN DT RB VBN , PRP MD VB NN , CC DT VBZ RB VBG VBN IN RB RB . PRP VBP JJ RB IN DT JJ NN IN NN HYPH CD MD VB JJ NN . IN NNS VBN IN DT , NNS VBP VBG TO VB DT NN WDT MD RB VB PDT DT NN IN DT NNS . VBG DT NN MD VB DT JJS NN , IN NN . EX VBP JJ NNS IN DT . RB RB IN PRP VBP VBN , PRP VBP TO VB DT NN IN VBG NN -LRB- NN NN NN -RRB- IN DT NN IN NN . PRP MD RB VB JJ TO VB JJ NNS . PRP VBP PRP VBZ DT RB JJ NN NN TO VB DT NN IN . PRP VBP `` RB . '' MD PRP UH VB IN DT . IN PRP VBP , NNS IN NNS IN NNP VBP VBG IN WRB RB PRP MD VB TO VB DT NNS IN JJ NN . WP VBZ PRP$ NN . PRP VBP DT NN . PRP VBZ IN JJ NNS WDT VBP IN PRP$ NN . PRP VBP JJ NN MD VB DT JJ NNS TO VB . DT JJ VBZ IN DT NN CC PRP$ JJ NN . CC WRB PRP VBZ IN PDT DT NN VBG VBN TO VB VBN IN NNS PRP VBP RBR RB VBG IN DT NN CC RB . RB WRB JJ IN PDT DT NN MD PRP$ NN VB IN PRP VBZ JJ . DT JJ JJ NN RB VBZ IN NN VBZ RB WDT NN IN NN NN NNS VBP TO VB DT NN . PRP RB MD VB DT , CC MD PRP VB DT IN NNS IN DT JJ NN . DT VBZ WRB DT NNS VBP RB TO VB DT NN HYPH IN HYPH NN NN . DT VBZ JJ IN PRP RB VBP TO VB DT NN NNS . RB PRP VBZ DT NN TO VB DT VBN NN , CC PRP MD VB RP DT NN RB IN DT JJ NN . RB RB IN DT NN IN NNS VBZ VBN , NNP VBZ DT JJ NN . PRP VBP DT IN DT NN WDT NNP VBD IN NN . EX PRP VBZ JJ TO RB VB NNS IN RB CD NN , VBG CD NN IN NN VBZ TO VB CD CD NNS . IN NN , JJ NNS RB VBP CD NNS IN DT NN TO VB NN . RB , NN VBZ RB JJ , PRP VBP DT NN JJR TO VB NN , CC DT NN PRP MD VB VBN RB . PRP VBP IN PRP MD VB JJ NN IN DT JJ NN IN DT NN , CC PRP VBP RB VB IN PRP MD VB VBN VBN IN RB . NN IN NNP VBZ RB RB RB IN DT JJ NN . NNS VBP VBN JJ IN NN NNS IN PRP$ JJ NN CC RB DT NN IN NNS . VBP PRP VB IN DT JJ NN MD VB DT NN IN NN NN CC NN IN DT NN . NN IN JJ NN VBZ JJ IN NNP . CC JJR NN VBZ VBN TO VB NN NNS IN JJ NNS . EX VBP JJ NNS IN DT , IN PRP DT NN IN NN NN . JJ NN VBZ JJ IN JJ NN IN JJ NNS . WP PRP VBP VBG RB RB VBZ DT NN NN . JJ NNS IN DT NN VBP VBG VBN IN DT NNS IN NN CC NN , CC DT VBZ DT RB JJ NN WRB NNP VBZ DT NN IN VBG RP TO VB . PRP VBP TO VB JJ IN JJ NNS , WDT VBP CC JJ NNS CC NNS , VBP VBN IN NNP . PRP VBP DT JJ NN MD VB DT NN HYPH RP NN IN JJ VBP VBN IN JJ JJ NNS CC NNS VBP RB RB CC IN PRP MD VB JJR TO VB JJ NNS CC PRP$ NN RB , PDT DT RBR RB IN PRP VBP VBG IN NN RB JJ IN NNS POS NN . NNP NNP NNP VBZ DT NN CC DT NN NN IN NN . PRP VBZ IN DT JJ NN IN NNP HYPH VBN NN NN NNP ."
675,202,mainstream,"NNP -LRB- NN -RRB- : JJ NN NNS VBP JJ NNS IN NN HYPH JJ NNS MD VB IN NNP IN NN NNS VBP RB VBN IN DT NN NN . NN NNS IN NNS CD CC JJR VBD IN JJR IN CD NN , VBG IN DT NN VBN IN DT NNP NNPS IN NNP NNP CC NNP . NN NNS IN JJ , VBD RB CD NN IN CD HYPH NN HYPH JJ NNS . JJ NNS VBP NNS , NN , NN , NN CC NN , CC NN NN . JJ NNS VBN IN DT NN VBP VBN PRP$ JJ NNS RB , NNS VBP . `` PRP VBP RB JJ IN NN PRP VBP DT NN HYPH RP IN PRP$ NN NNS IN PRP VBZ VB DT NN JJ IN DT JJ NN , '' NNP NNP , NN IN DT NN IN NN IN DT NNP NNP IN NNP NNP VBD DT NNP NNP . NNS VBD WRB JJ NNS VBP VBN VBN DT NNP IN NNP NNS IN CD SYM CD , CC VBD JJR IN NN IN NNS WP VBP RB CD NNS JJ VBD IN HYPH IN HYPH NN IN PRP$ NNS VBN IN JJ NNS . PRP VBD IN NNS IN DT NNP NNP NNP NNP , WDT VBZ NNS RB . NNP NNP NNP , DT NN , VBD NNS VBD VBG NNS IN NNP , WRB NN HYPH IN HYPH NN NNS VBD VBN . PRP$ NNP NNPS NN VBZ VBN JJ IN DT NN CC VBD VBN TO VB PRP$ NNS IN IN NN IN NNS . `` PRP$ NN VBZ IN PRP VBP VBG TO VB DT NN IN NNS WP VBP RB VBN IN DT NN WRB PRP VBP TO VB DT NN , '' PRP VBD . NNS , IN NNS , RB VBP JJ NNS , CC DT NNS MD VB JJ IN NNS WP MD VB VBN IN PRP VBP DT NN JJ , VBG IN NN NNS . `` PRP VBP TO VB JJ IN NN VBZ VBN RP IN PRP$ NNS IN PRP MD VB VBN RB RP IN IN PRP MD VB IN NN VBZ VBN IN NN HYPH JJ NNS , '' NNP VBD ."
676,279,conspiracy,"NNP VBZ IN JJ NNP JJ JJ NNS . JJ IN DT NN IN DT CD HYPH NN NN , PRP VBD VBN IN DT RB HYPH VBN `` JJ NN '' IN DT NNP HYPH NNP NN NN , WDT VBD VBN IN NN IN DT NNP NNP IN NNP NNP IN DT NNP NNP IN DT NNP NNP NNP , VBZ DT JJ NN , NN IN WDT NNP MD VB DT NN . CC RB EX VBZ DT JJ NN IN DT NNP , CC PRP VBZ RB JJ IN NNP NNP MD VB JJ TO VB DT NN IN DT NNP NNP IN DT JJ NN . CC , PRP VBZ , DT JJ NN WDT VBZ VBN CC IN DT NNS IN NNS , CC IN DT NN POS NN , VBZ VBN PDT DT NNS IN DT NN NNP NNP . IN DT NN IN VBG NNS IN DT JJ NN IN NNP -LRB- WRB DT NN VBD VBG VBN , JJR IN CD CD NNS VBD JJ IN NN , CC CD VBD , CC DT VBP RB JJ NNS . : NN . -RRB- NN CC NN NN NNS VBD . IN DT JJ NN , DT NNP NN NN RB VBZ IN DT NN IN NN MD RB IN DT VB DT JJ NN IN DT NNS IN NNP , NNP CC NNP , IN IN DT NNS DT RBS JJ NNS IN DT NNS VBP NN CC DT NN NN . DT NN VBZ JJ : NN MD VB PRP , CC CC NNP , RB , VBZ JJR IN NNS , IN PRP VBZ DT JJ NN WDT VBZ DT JJ NN IN CC NNS CC NN , CC NN IN DT NN NN VBZ RB DT JJ NN IN NN IN DT NN . CC IN DT NNS IN DT NNS VBD RP , DT JJ NN RB VBD DT `` NN '' . CC PRP VBZ JJR TO VB IN DT `` JJ '' NN , WDT VBZ RB VBN RB IN NNP . PRP VBZ JJ IN CD , NNP VBD IN DT JJ JJ NN NNP , WP$ NN NNS VBP VBN RB CD NNS IN DT `` NN '' IN DT NN : DT NNP NN . CC RB , VBG IN DT NNP NNP NNP , DT NN IN JJ NN NNS VBZ IN NN . NNP RB VBD PRP IN DT JJ NN , WDT , IN IN NN , VBD TO VB DT JJ NN IN PRP$ CD CD NN NNS VBG IN NNP -LRB- IN DT NN , DT VBZ DT RB JJS NN IN DT NNP NNPS -RRB- . CC IN DT JJ NN , DT NNPS IN DT NN VBP RB VB IN JJ NNS IN DT NN , RB NNP , WP$ NN IN DT JJ NN IN DT NN CC JJ NN IN NNP VBD TO VB NN NNS IN DT NNP NNPS . : PRP VBZ IN IN NNP NNP VBD NN IN NN , IN NNP NNP CC JJ NNP . RB , CC NNP CC NNP VBD RB IN IN NN . PRP MD RB VB DT JJ IN DT JJ JJ NN , WDT VBZ VBG JJ NNS TO VB IN PRP$ NNS DT `` JJ NNP . '' CC WRB MD DT NNS RB VB IN DT JJ NN . . DT JJ NN VBZ : WP VBZ IN DT NN JJ DT NN . IN PRP VBP DT RB HYPH VBN NN RB JJ , RB VBN IN JJ JJ NN NNP NNP TO VB DT RB HYPH VBN NN NN IN NNP , RB DT NN VBZ JJ : DT NN NN CD HYPH NNP , WDT VBD NNP , VBZ RB JJ IN DT NN IN DT NNP NNPS . CC DT JJR IN NNP , DT JJR IN NNP . RB , DT NN IN DT NN VBZ RB RB JJ . IN NN , DT NNS VBP IN IN DT NN IN CD HYPH NN MD VB VBN , IN IN CD CD NNPS MD VB NNS IN DT NN , WDT VBZ RB CD IN NN IN NNP . IN DT NN , IN DT NNS . DT NNP NNP NNP NNP VBZ RB VBN DT NN IN $ CD CD IN CD NNS , IN WDT NNS VBP JJ TO RB VB DT CD HYPH NN NN . NNS IN DT NNP IN NNP , RB RB IN CD JJ NN NNS NNP CC NNP , VBP IN DT NN . DT NNP NNP NNP IN NNP CC NNP NNPS -LRB- NNP -RRB- VBZ RB VBN . CC PRP VBZ IN NNS IN NNP NNP VBP RB VBN DT NN IN DT JJ NN , IN NNP IN NNP NNP NNP NNP NNP HYPH NNP VBD TO VB DT NN NNP NNP NNP NNP . CC PRP$ NN , PRP VBZ , MD VB JJR IN DT NN . JJ NNP , DT NN NN IN DT NNP IN NNP NNP IN DT NNP IN NNP IN NNP , VBZ RB VB DT JJ NN IN CD HYPH NNP . RB DT NNS IN DT NN CD HYPH NNP MD VB VBN IN CC VBN , CC EX VBP NNS IN DT NNP NNPS MD VB VBN IN DT NN . IN DT JJ NN , DT NN VBZ RB VBN VBN . NNP NNS IN NN IN DT JJ NN IN DT JJ NN IN DT NN IN DT NN NN IN NNP IN CD SYM CD , IN IN CD CD NNS VBD VBN . NNP NNP VBD DT VBD DT NN IN DT JJ JJ NN . NNP VBD RB VB CC VB DT NNS IN DT JJ NN . NNP NN NNS VBP IN CD NNS IN DT NN . PRP VBP VBN IN DT NNP NNP NNP NNP IN DT $ CD CD JJ NN . DT JJ JJ NN NN VBZ NNS VBN IN DT NNS IN DT JJ NNP NNP , JJ IN NNP , NNP , NNP , NNP CC NNP , RB RB IN IN DT NNP NNP , NNP NNP CC NNP . NNP VBD RB VB CC VB DT NN . IN DT NN IN DT JJ NNS , PRP MD RB VB DT CD NNS CC NNS IN WDT DT JJ JJ NNS VBP RB VBN , DT VBP NNP , NNP , NNP CC DT NNS IN JJ CC NNP NNP . NNP VBD RB VB CC VB DT NN . DT JJ NN NNP NNP , IN NNS IN DT NNP NN NNS IN NNP , NNP , NNP , NNP , NNP , NNP NNP , VBD VBN IN DT NN IN $ CD CD . IN DT NN , RB NN -LRB- $ CD CD -RRB- VBD VBN IN NN IN NNP NNP IN NNP . NNP VBD RB VB CC VB DT NN . PRP$ NN , DT JJ NN NNP , VBZ VBN VBG IN DT NNP NN NNS IN NNP , NNP , NNP , NNP , NNP , NNP , NNP CC NNP . NNP VBZ NN , NN , NN CC NN IN DT NN IN CC RB JJ NNS CC RB JJ JJ NNS IN DT JJ NN IN NNP NN NNS . DT NN VBZ VBN IN JJ NNS VBG $ CD CD CC VBZ NN IN DT NN IN CD JJS NNP NN NNS . NNP VBD RB VB CC VB DT NN . DT NNP VBZ DT RB JJ NN IN VBG NNS IN NNS IN NN . VBG IN DT RB VBN NNP NNP NN IN CD , JJ NNS VBD DT NN IN NNS IN NNS . DT NNS VBD NN IN DT NNP NNP NNP IN NN IN DT JJ NNS NN . NNP VBD RB VB CC VB DT NN . DT NN VBD CD NNS : CD JJ NNS IN DT NN IN NNP NNP NNS VBN IN JJ NN , RB RB IN NN NN NN , CC VBD PRP$ NN IN NN CC JJ NNS . DT NNS VBD RB JJ . NNP NNS VBD TO `` VB `` CD CD NNS IN DT NN IN $ CD IN NN . NNP VBD RB VB CC VB DT NN . NN NNP NN : NN NNS VBD VBN TO VB DT NN CC NN IN JJ NN NNS FW NN IN NN IN DT NN NN IN JJ NN . NNP VBD RB VB CC VB DT NN . NNP NNP NNP : CD CD NNP NNP NNS VBD VBN . CD NN IN PRP VBD VBN IN NN , VBN IN NN CC VBN IN DT NN . NNS VBD IN DT NN CC RB VBD JJ NN . NNP VBD RB VB CC VB DT NN . NNS IN JJ NNS IN JJ NNS CC NNS IN NNP . JJ NNS IN NNS CC NNS -LRB- WDT VBD VBN IN DT NN IN NN IN DT NNP NNP NNP NNP -RRB- VBD VBN IN NNP CC VBN IN DT NNP NNP . NNP VBD RB VB CC VB DT NN . NN VBZ CD IN DT JJ NNS IN DT NN IN DT NNP NNP , RB RB IN DT NN . IN NNP VBZ IN DT NN VBZ RB JJ , EX VBP NNS IN DT NN . IN CD , IN DT NNP NNP , JJ NNS VBD DT NN `` NNP NNP IN DT NNP , JJ NNP NNP NNP NNP CD HYPH NNP '' -LRB- NNP NNP IN DT NNP , NNP NNP NNP NNP IN NNP -RRB- , WDT VBD VBN IN DT NNP NNP POS NNP NNPS NNP NNP NNP NNP -LRB- NNP -RRB- IN NNP , CC VBN IN NNP . NNP VBD RB VB CC VB DT NN . NNP HYPH JJ NN NN -LRB- NNP -RRB- VBZ VBN IN DT NN HYPH VBN NN NN -LRB- NNP -RRB- . DT NN VBD RB VBN IN NNP IN CD CC VBD VBN JJ JJ NN . RBR , PRP VBD DT NN IN DT NNP IN CD . IN CD , CD NNS VBD VBN IN DT NNP , VBG DT CD HYPH NN HYPH JJ NN , CD IN WP VBD . NNP NNS VBP RB VBG DT NN IN NNP IN NN IN DT NNP NN , NN IN JJ NNS VBN IN NN NNS CC JJ NNS IN NNP . DT NN VBD NNS IN NNS IN NN NNS CC NN IN NNS IN JJ NNS IN NNP IN NN NN . NNP VBD RB VB CC VB DT NN . JJ NNP NNS VBD IN NNP , WRB CD NNP NNS VBP JJ . IN IN NNP CD , CD NNS IN NNP VBD VBN IN DT NN , CD IN WDT VBD JJ . NNP VBD RB VB CC VB DT NN . NNS VBP RB VBG VBN IN DT NN IN JJ NNS IN DT NNP NNP , WDT NNS VBP VBP NNS IN DT NNP NN , NNP NNP JJ NN -LRB- NNP -RRB- CC JJ JJ NNS . IN IN NNP CD , CD NNS VBD VBN IN CD NNS IN CD NNS IN DT NN VBN IN NNP HYPH NNP . DT NN VBZ VBN CC VBN IN DT NNP . NNP VBD RB VB CC VB DT NN . DT NN IN NN VBZ , VBG IN DT CD NNP NNP NN , NNP , CC NNP NNP , VBN IN DT NNP . JJ NN NNS , JJ IN NNS CC NNS , VBP RB VBG VBN . NNP VBZ VBN DT NN IN NNS IN NNP CC IN NNP IN DT NNP NNP . RB JJ NNS -LRB- NNP -RRB- MD VB VBN IN JJ NNS . NNP VBD RB VB CC VB DT NN . NNP PRP VBZ RB VB NN IN JJ JJ NNS IN PRP$ NN . IN DT CD NN IN DT NNP NNP IN NNP CC DT NNP IN NNP IN NNP , DT JJ NN VBZ VBN IN RB VBG JJ NN IN DT NNP NN . NNP VBZ RB VBN TO VB DT JJ NNS IN DT NNP NNP IN NNP IN JJ NN . IN DT NN , DT NNP VBD VBN NN IN JJ NN NNS IN NNP . NNP VBD RB VB CC VB DT NN . DT NNP VBZ VBN IN JJS $ CD CD IN NN NN NN . DT NNP NNP IN NNP NNP NNP NNPS NNP -LRB- NNP -RRB- VBZ VBN CD NN NNS TO VB NNS IN VBG DT NN IN NNS , NNS , CC NN IN DT NNP NNP NNP NN VBG JJ NNP HYPH NN NN . NNP VBD RB VB CC VB DT NN . DT JJS JJ NN WDT MD VB RB VBN VBN CC RB VBN IN NNP VBZ , RB , RB VBN IN DT `` NN '' IN DT NNP : NNP . IN RB , JJ JJ NNS -LRB- JJ NNS -RRB- VBD JJ NNS , DT NN IN WDT VBZ , RB IN DT , TO VB NNS IN JJ JJ NNS CC NNS -LRB- NNPS , JJ , FW -RRB- . IN RB DT NN CC NN IN JJ NNS VBZ RB VBN RB VBN , NNS VBP IN DT NNP NNPS VBZ JJ NNS IN JJ JJ NNS : NNPS CC NNPS . NNP NNP NNP IN PRP$ JJS NN . NNP NNP NNP RB VBZ NNS IN JJ NN CC JJ NN , WDT VBZ NN IN NNP IN DT VBN JJ NN IN DT NN IN JJ NNS . NNP NNP NNP VBD IN DT NNS IN NNP NNP NNP IN DT JJ NN IN JJ NN : `` IN DT NN , NN VBZ VBN RB RB CC VBN IN DT JJS NN : IN PRP VBP JJ NNS , RB RB . DT JJ NNS IN DT NN MD VB IN PRP VBP JJ IN PRP$ NN . VB DT WP VBP VBN IN DT NN IN DT NN IN DT JJ NNP RB VB VBN . '' CC PRP MD RB VB VBN IN JJ NNS VBP DT NN . IN PRP VBP , DT NNP NNPS VBD DT NNP NNP CC DT NNP NNPS NNP RB IN CD . CC JJ NNS RB VBP RB VBN , CC RB RB IN DT JJ NN . RB IN DT NN IN DT NNP , JJ JJ NNS VBD , WDT VBZ RB VBN IN NNP , NNP , NNP , NNP CC NNP . WRB RB : IN IN DT NNP NNP VBZ IN PRP VBZ TO VB RB JJ NNS VBN IN DT NN IN NNS . CC IN PRP VBP RB JJ , RB WRB , PRP VBZ , VBD DT NNPS VB PRP RB IN NN , CC IN DT JJ NN IN DT NN . NNS , IN PRP VBP , VBP JJ . RB RB RB RB , DT NNP IN NNP IN DT NNP NNP VBD NNS IN DT NNS IN DT RB HYPH VBN `` NN NN '' WDT DT NNPS VBD IN NNP , CC VBD IN DT NN : IN NN , DT VBZ DT `` NN NN '' , WDT VBD CD NNS WP VBD VBN IN JJ NNS IN JJ NNS . CC DT NN IN DT NN VBZ IN JJ NNS VBP VBN RB RB IN NNP , CC RB IN DT NN , WRB NNP VBZ PRP$ JJ NNS . CC DT NN , WRB VBD DT CD HYPH NN NN VB : IN DT NN CC IN DT JJ `` NN NN '' . WRB VBZ PRP RBR RB JJ . PRP MD RB VB IN DT JJ NNS TO VB DT NNP NNP VBN JJ NN POS NN IN NN , IN VBG NN NN IN DT JJ NN , IN VBG NNP NNP IN NN ."
677,266,mainstream,"DT NN TO VB DT NN IN NN VBZ VBN VBN IN NNS IN DT NN VBN IN NNS IN NNP VBZ VBN JJ NNS IN NNS IN NNS . DT JJ NN IN DT NN IN DT NNP IN NNP VBD DT JJ NN IN CD NN NNS IN VBG DT NN NNS . IN CD NNS DT IN DT NNS VBD NNP HYPH CD NNS WDT VBZ RB VBN IN NN IN DT NN TO VB PRP DT NN IN DT NN NN IN DT NN , NNP NNP VBZ . NNS VBD DT NNS VBD JJ TO VB RP DT NN IN VBN TO VB RB IN PRP$ NNS , WRB PRP MD VB JJ . DT JJ NN VBD VBN TO RB VB JJ IN VBG NN IN DT NNS IN NNS RB . DT IN DT NNS VBD NNS IN DT NN IN CD NNS CC DT IN CD NNS . DT NN VBZ IN JJ NNS IN DT NNP NNP NN VBP RB JJ IN NNS VBN IN DT NN . NNS VBP DT NNS VBP `` RB JJ '' CC VBN DT NN IN PRP VBZ RB VB PRP VBP DT JJ NN IN NNS . DT NNS VBD JJ NNS IN DT JJR JJ NN VBD RB VBN IN DT NNS CC NNS VBD VBN . DT VBZ DT NN VBZ NN IN VBG CC VBG RB IN DT NNS . NNP NNP , DT NN IN DT NNP NNP IN NNP CC NNP NNP , VBD DT NNS VBD `` JJ NN '' . NNP NNP NNP , NN IN JJ NN IN NNP POS NNP NNP , VBD : `` PRP VBZ JJ TO VB IN NNS VBN IN DT NNP HYPH NN HYPH CD NN VBD RB VB DT NN IN VBN NN NN CC IN , IN DT NN IN JJ JJ NN NN IN NNP NNP IN JJ JJ NN NN NN , NNS VBN DT NN VBD RB VB DT NN IN NN . `` DT NNS VBP DT JJ JJ NN IN DT NN IN NNS , DT NNS IN WDT VBP RB VBN . '' VBG NNS RB VBZ NNS CC RB NNS CC NNS IN DT NN VBP VBG TO VB CD RB RB IN JJ , VBG CD NNS IN DT NNP . PRP VBP PRP$ NN VBZ JJR IN NNP HYPH CD VBZ RB VBG CC VBZ JJ IN JJ NNS VBN IN DT NN . IN NN IN NNS IN NNP NNP VBG JJ NNS JJ NN DT NN IN NNP NNP NNP VBP JJ TO VB DT JJ NN JJ NN . IN DT NNP NN VBZ TO VB DT JJ NN VBG DT JJ JJ NN VBN IN NNS , DT NN IN NNP VBP VBG NNS IN NN TO VB DT JJ NN VBN TO VB VB DT NN . NNP NNP NNP NNP , JJ NN IN NN IN NNP NNP , VBD IN `` JJ CD '' NNS VBP VBN VBN CC NNS VBP VBN IN NNP . DT CD HYPH NN HYPH JJ VBD NNP NNP CD POS NNP NN IN IN PRP VBD DT NN MD VB TO VB PRP IN DT JJ JJ NN . PRP VBD : `` PRP RB VBP TO VB JJ IN DT NN IN DT NN MD VB JJ TO VB DT NN IN NN IN IN PRP VBZ IN NNS IN VBG NNS , IN NN , WRB DT NN VBZ RB JJ . `` PRP RB VBP DT NN TO VB DT CC DT NN VBZ DT JJ NN IN DT NNP IN PRP$ NN NN IN DT NNP IN NNS VBZ RB WRB PRP VBZ TO VB , CC RB PRP VBP VBG TO VB RB IN NNP TO VB DT RB . ''"
678,586,mainstream,"NNS WP VBP DT NNS VBN IN JJ NNS `` VBP RB JJ '' , NNP POS JJ NN VBZ VBN . NNP NNP NNP NNP VBD DT NNP NN VBD JJ CC VBD VBN VBN IN NNS IN NNS RB CC NN VBD RB `` RB JJ RB '' . IN NNP , CD NN IN NNS VBP CD NNS CC DT NN VBZ CD NN . DT JJ JJ NN VBD NNS TO VB PRP$ NNS VBN CC VB `` JJ NN JJ NN '' . PRP$ NNS VBD IN DT JJ NN IN DT NNS , NNS CC NN -LRB- NNP -RRB- NN VBG VBN IN DT NNP . PRP VBD NNS VBN IN DT NNS IN NNS IN JJ NN VBD CD NN NNS VBD RB VBG PRP$ NNS TO VB DT NN NN . `` DT NN IN NNS , NNS , VBP DT NNS , PRP VBP JJ , '' PRP VBD . `` IN DT CD NNS , PRP VBP VBN NNS IN NNS . `` PRP VBZ DT JJ NN , PRP VBP DT , CC PRP VBP VBN NNS IN NNS IN DT NN . `` NNS WP VBP DT NNS , WRB NNS VBP PRP MD RB VB RB TO VB RP DT NNS CC DT NN . '' DT NNP NN VBZ RB VBN NNS IN NNS , NNS CC NN CC VBD RB CD NNS IN NNS , VBG IN DT NNP VBG VBN `` NNS JJ '' IN DT NNP NNP NNP JJ NN . DT VBZ DT NN VBZ RB RBR JJ IN DT NNP , IN NNS VBP RB VB . RB , NNP NNP VBD EX VBD VBN RB JJ NNS IN NNS IN NNP DT NN HYPH CD RB RB , CC JJ NNS WP VBD VBN RP IN DT NNP NN VBD VBN RB VBN . NN IN DT NNP NN VBD VBN DT JJ NN IN JJ NNS CC VBZ RB VBN RB IN CD NN . `` DT VBZ DT NN IN NN CC PRP VBZ RB VB PRP NN NN , '' NNP NNP VBD . `` RB WRB NNS IN RB VBP VBN VBG RB , VBG VBN , PRP VBZ VBG IN PRP$ JJ NNS . '' DT NNP NN VBZ VBN IN DT NNP IN DT JJ NN IN NNS , RB IN DT NN IN PRP$ JJ NN . PRP RB VBP DT JJ NN IN VBG NN , WRB CD NNS JJ . NNS WP VBD DT JJR NN NN MD VB DT `` NN HYPH NN '' NN IN DT NNP . JJ NNS , NNS CC NN NNS VBP JJ CC RB IN DT NNP IN DT NNP . IN CD , DT NN IN JJ NN NNP NNP RB VBD DT NNP NN IN NN . DT NN VBZ RB RB VBN . CC PRP VBD DT NN IN DT NN IN DT NN , WDT VBD IN RB CD NN IN DT JJ NNS CC DT NN IN CD NN IN CD . JJ JJ NN NNS VBP VBN NN IN DT NNS RB ."
679,1003,mainstream,"NN IN NNP POS RBS NNP NNP IN NNP NNP , NN HYPH NNP NNP IN NNP NNP NNPS `` NNPS VBP RB VBN JJR '' VBG IN NN IN DT RBS JJ TO VB PRP IN DT NN HYPH CD NN VBZ RB RB DT JJ NN TO VB , CC DT JJ NN DT NN MD VB DT , NNP NNPS NNP HYPH NNP NNP NNP VBD DT NNP CC NNP NNP , WDT VBD DT JJ NN IN NN IN PRP$ CD NNP NNPS NNP , VBN IN CD IN CD NNP IN NN IN IN NN HYPH JJ NNS . DT CD HYPH NN NNP CC NNP NNP VBD DT NN IN NN IN NN IN DT JJ NN IN VBG DT NNP HYPH CD NN , VBG DT NN IN CD JJ NNS VBG JJ NN , RB HYPH NN NN CC NN NNS IN NNS CC JJ NNS TO VB JJ NNS . DT NNS VBD TO VB NNS CC VB DT NN IN NN HYPH CD , VBN IN IN DT NN IN DT CD HYPH NN NN , DT NN IN VBN NNS VBD IN CD CD IN CD CD , CC DT NN NN VBD CD IN DT NN VBD VBN . DT NN IN NN VBD : `` IN DT NN VBZ DT JJ NN IN VBG IN DT NN HYPH CD NN , PRP MD VB TO VB IN NN CC NN TO VB IN DT NN . PRP MD VB IN VBG RB IN JJ NN , NN , NN CC NN . '' DT NN VBD IN JJ , VBN NNS TO VB JJ NNS CC VB CC VB JJR JJ JJ NNS IN DT RB VBN IN DT NN , VBG NNS CC NNS , JJR NNS , NNS IN NNS , NNS , RB VBN NNS CC NNS . NNS IN DT NN IN NN RB VBD NNP NNPS CC JJ JJ NNS TO VB VBG RP NN NNS TO VB DT NN CC VB RB VBG DT NNP NNP NNP NN TO VB PRP$ NNS , IN VBG NNS IN JJ NNS IN NN . JJ NNS VBD IN NNP NNPS TO VB RB IN DT NNP NNPS CC TO VB DT NN IN JJ NN , VBG RB HYPH VBG DT NN IN NN CC JJ NNS IN NNS CC IN NN , VBG PRP$ NN , NN CC RB HYPH NN , CC VBG PRP IN JJ NNS . DT NN NN RB VBD IN NNP NNPS CC JJ JJ NNS TO VB NNS TO VB NN CC JJ NN WDT MD VB NN IN JJ , JJ CC JJ JJ NNS , NNS , JJ JJ NN CC JJ NN , RB RB IN TO VB NN IN CC JJ NN IN DT JJ NN NNS CC NNS , VBG PRP$ JJ NNS CC NNS , IN DT JJ NN , CC TO RB VB JJ NNS . DT NNS VBD VBN TO VB DT NNP HYPH NNP POS NNS TO VB NNP HYPH CD , VBG IN DT JJ JJ NN IN IN TO VB DT VBG JJ NNS IN JJ NNS CC TO VB JJR NN IN VBG IN DT NN . DT CD NNP NNPS NNP VBD IN DT NN `` VBG JJ NN IN DT NN IN DT CD HYPH JJ NN IN DT NNP NNPS : VBG NN IN NNS HYPH VBN NNS , VBG NN , VBG JJ JJ NN CC VBG DT JJ NNS '' . IN CD , DT NNP NNPS NNP VBZ VBN DT NN IN VBG NNS JJ IN VBG DT NN CC NN IN DT NNP NNPS JJ NN , VBG VBG NN CC VBG VBG NNS , NNS CC NNS . PRP RB VBZ DT NN IN NNS CC NNS VBN IN JJ CC JJ NNS . IN DT CD NNP NNPS NNP , NNP CC NNP NNP NNS VBD IN DT JJ HYPH NN NN IN VBG CC VBG JJ CC NN HYPH VBN NN IN JJ NNS CC CD JJ JJ HYPH NN NNS , VBG IN NN , NN CC VBG RB VBN NNS . JJ IN DT VBG NN , DT NNPS IN DT NNP NNP IN NNP NNP CC DT NNP NNPS NNP RB VBD DT JJ JJ HYPH NN NN NN IN CD NNP IN DT NN `` NN IN NN IN NN : DT JJ CC VBN NNS IN DT NNP NNP NN : VBG NNS , NNS CC NNS IN NNS IN JJR JJ , NN CC NN NN . '' NN NNS VBD RB VBN RB IN DT VBG NNS : VBG NNS , VBG NN , CC VBG JJ NN : WRB JJ NN CC NNS VBN IN NN NN MD VB VB NNP HYPH CD , VBG DT NN IN NNS IN NNP HYPH CD : VBG DT NNP NNP NNP NNPS , JJ NN IN NNP HYPH CD CC JJ NNS , CC NN HYPH NN CC JJ NN IN DT NN IN NNP HYPH CD . DT VBG NN HYPH NNS VBD VBN IN CD NNP : JJ NN CC JJ NN IN VBN CC JJ NNS IN DT NN HYPH CD NN CC RB , JJ NNS VBG IN DT NN IN JJ NNS IN VBN NNS , CC IN RBR JJ CC VBN NNS IN NN . NN HYPH NNP NNP NNP , VBG DT NN NN IN DT NN NN , VBD IN RB IN DT NNP HYPH CD NN , DT NN VBD JJ NNS IN JJ NN . RB , IN DT NN WRB DT NN VBZ TO VB NN CC NN CC VB DT NN IN NNS IN NN NNS , PRP VBD NNP NNPS CC JJ NNS TO RB VB DT NNP HYPH CD NNP NNP NNP NNP CC VB NN IN VBG JJ NNS . `` PRP MD VB RB TO VB NNS CC VB JJ NN , '' PRP VBD . `` WRB JJ NNS VBP IN DT NN , PRP VBP JJR NNS . '' VBG IN NN IN JJ NN MD VB DT NN IN DT NN , PRP VBD DT JJR NNS IN NN IN DT NN MD RB VB VBN , VBG JJ NNS , NN NN CC VBN NN . PRP RB VBD NNS DT JJ NN . VBN IN NNP CC NNP NNP NNP HYPH NNP NNP NNP -LRB- NNP -RRB- , DT NN NN VBN : NNP NNP , IN HYPH NNP HYPH NNP IN NNP NNPS CC NNP NNP NN : NNP NNP , JJ NN IN DT NNP NNPS NNP POS NNP -LRB- NNP -RRB- : NNP NNP , NNP HYPH NNP IN DT NNP CC NNP NNP IN DT NNP NNPS -LRB- NNP -RRB- : CC NNP NNP , JJ JJ NN IN NNP . NNP NNP , NN IN DT NNP NNP IN DT NNP NNP -LRB- NNP -RRB- , VBD DT NN NN . NNP NNP VBD : `` DT NN VBZ IN NN PRP VBP VBN IN IN PRP$ NN , JJ NNS VBP VBN . PRP$ NN MD VB JJ IN DT NN IN DT NN PRP VBP . '' VBG IN NNS IN DT VBG NNS VBP DT NN TO VB DT NN TO VB DT NN CC VB NNS , PRP VBD IN `` DT NNS VBP RB VBN JJR , PRP MD CC VB DT NN RB , CC RB IN DT . '' VBG RP DT NN , PRP VBD IN IN IN CD NNP , EX VBP CD CD VBN NNS RB , RB CD IN DT CD NNS . IN DT JJ NN , JJ NNS VBP VBN VBN IN NNP , IN RB CD NNS IN CD NNP IN JJR IN CD DT NN RBR , CC IN NNP NNP CC DT NNP , WDT VBZ RB VBN DT NN IN DT NN , IN CD CD NNS . DT NN VBZ VBN TO VB IN DT RBS JJ NNS IN NNP IN DT JJ CD IN CD NNS CC MD RB VB JJ IN DT VBG NN . DT NN POS JJ NNS VBP RB JJ , PRP VBD , IN PRP VBP DT JJR CC RBR HYPH VBG NN IN DT VBG NNS IN DT NN PRP . RB , DT JJS JJ NN IN NN NN VBZ VBN IN DT NNP NNPS NNP NNP -LRB- NNP -RRB- VBG IN DT JJ NNS IN JJ NN VBP VBN TO VB IN CD IN DT JJ NN IN CD . DT NNP NNP VBZ IN DT NN MD VB RB JJ IN CD CD NNS IN JJ NN IN DT NNP NNP NNP -LRB- NNP -RRB- VBZ PRP MD VB CD CD NNS IN DT NN IN NN , RB JJ DT CD NN . NNP HYPH CD VBZ RB VBG JJ JJ NNS , VBG DT NN POS JJ CD CD VBN NNS , NNS VBG JJ NN NN NNS , RB VBG NN NN , NN NNS CC DT JJS NN IN NNS IN NNS . RB , PRP VBD , JJ NNS VBP VBG VBN TO VB DT NN IN JJ NN VBN IN VBN NNS IN DT NNS , NN NNS , NN NNS , NNS , NNS CC VBN NN NNS WDT VBP VBN PRP RB JJ TO VB NN IN NNS IN NN . PRP VBP NN NNS IN JJ NN CC NNS TO VB IN JJ NNS CC NN NNS TO VB CC VB NN CC VB DT NN IN NN . RB , DT VBN $ CD CD VBZ VBN TO VB JJ NN IN DT IN DT NN POS JJS NNS , PRP VBD . IN DT JJ NN , DT NNP NNP NNP NNP NNP NNP VBZ DT JJ NN POS JJ NN NN TO VB IN DT NN IN DT NN IN JJ HYPH CC JJ HYPH NN NNS CC VB PRP$ NNS TO VB PRP . IN $ CD CD MD VB DT NN IN NNP , RB $ CD CD , CC CD NN NN , VBZ VBN IN NN , PRP VBD , VBG IN VBG NNS IN JJ NNS TO VB DT NNP HYPH CD NN MD VB NN HYPH JJ CC VB IN JJR CC JJR NN IN NN . IN JJ , PRP VBD IN NNS TO VB VBG JJ NN WDT VBZ IN JJ , JJ NN HYPH NN WRB JJ . NNP NNP , VBG NNP NNS CC NNS , VBD DT NN VBZ DT NN IN DT JJ JJ NN TO `` VB NNS RB '' TO RBR RB VB DT RBS IN NN , VBG DT NN POS NNS . IN RB DT JJ JJ NNS , DT NN CC NNS TO VB PRP VBP VBN JJ VBG NNS , NNS CC NNS IN JJ NNS IN DT NN , DT NN IN NNS IN IN HYPH NN IN WP VBZ VBN TO VB NNS POS NNS . IN DT NN VBZ VBN , NNS POS NNS VBP RB , VBG NNS , NNS , NN , NN , NN , NN , NN IN NN CC NN CC IN NN CC RB DT NN IN NN HYPH CD . VBG JJ NNS VBG DT JJ NN IN VBG DT NN POS RBS JJ NNS , PRP VBD IN EX VBZ DT JJ NNP NN IN DT NNP NNP IN DT NNP , CD NNS VBP VBN NN NNS IN NN IN VBG IN VBG NN HYPH CD CC JJ NNS IN NNS CC NN VBP JJ TO VB IN DT NN IN NN NNS . IN NN , NNS CC NNS VBP NN CC NN IN IN NN CC NNS JJ IN VBG VBN , NNS CC NNS VBP VBN IN NNS CC NNS , CC NNS VBP VBG VBN . PRP RB VBD IN NNS IN NN IN RB JJ NN HYPH NN NNS VBG IN NNP HYPH CD IN NNS . IN DT NNS , NN NNS VBP RB VBG NNS , WDT MD VB IN JJ JJ NN CC `` VBN NNS '' IN DT NN . PRP VBD VBG NNS RB VBZ IN VBG NN NNS , VBG JJ NNS CC VBG NN IN NNS TO VB DT NNS WDT RB VBP DT NN TO VB NN WDT VBZ JJ , RB IN JJ . DT JJ NN MD VB IN VBG JJ NNS TO VB DT NNS IN DT JJ NN . `` VB PRP VB DT NN IN DT NN TO VB DT JJ NN IN DT JJ JJ NN , IN PRP VBP TO RBR VB CC VB DT NN POS RBS JJ NNS , '' PRP VBD . JJ NNS VBD NNS VBG DT JJ CC JJ JJ NN . VBG IN WRB DT JJ NN VBZ VBG CC VBG RB CC VBG IN DT NN IN NNS , CC WP JJR MD VB VBN , PRP RB VBD DT NN IN JJ JJ NN IN NN CC IN JJ NN IN VBN NNS CC NNS . VBG DT VBG NN IN CD NNP , DT JJ HYPH NN NN VBD VBN IN DT NN `` VBG DT VBG NN IN NN NNS IN JJ NNS '' . PRP VBD IN DT JJ JJ NNS VBN TO VB DT NNS IN DT NN HYPH CD NN CC TO VB IN VBG NNS VBN IN PRP , VBG NNS IN JJ NNS IN NN NNS CC NNS . VBN IN NNP NNP CC VBN IN NNP NNP , PRP VBD DT VBG NNS : NNP NNP , NNP IN NNP NNP CC NNP NNP IN DT NNPS : NNP NNP NNP , NNP NNP HYPH NNP IN NNP NNP IN DT NNP NNP NNP -LRB- NNP -RRB- : NNP NNP , NNP JJ NN IN DT NNP : NNP NNP , NNP NNP IN DT NNP NNP IN DT NNP NNP CC NNP NNP NNPS -LRB- NNP -RRB- : NNP NNP , NNP NNP IN NNP NNP NNP : NNP NNP , NNP , NNP IN NNP NNP NNPS CC NNP , NNP NNPS IN NNP NNP CC NNP : CC NNP NNP NNP , NNP IN DT NNP NNP NNPS IN NNP NNP . NNP NNP VBD JJ NNS VBP VBG DT PRP MD TO VB CC VB JJ NNS IN DT NN IN DT JJ NNS VBN RP IN NNP HYPH CD . IN IN NNS , PRP VBP VBG NN TO VB IN PRP MD VB JJ NNS CC VB JJ NNS WRB JJ . NNP CC JJ JJ NN NN NNS VBP VBG RP NN , NN CC NN IN DT NN IN NNS IN NNS IN VBG PRP$ NN HYPH CD NNS IN DT JJ NN , VBG IN NNS IN NN NNS CC NN NNS . VBG JJ NNS , PRP VBD IN NNS IN NNP , NNP , NNP CC NNP VBP VBG JJR NN NNS , VBG RBR JJ NNS , CC VBG NNS JJR IN NNS . IN NNP , PRP VBP VBG TO VB NN IN DT NNS IN RB : NN , NN , NN CC NN : TO VB NN NNS , CC IN NNP , NN VBZ VBN NN HYPH IN HYPH NN WRB JJ . DT IN DT NN , NN NNS VBP VBG PRP$ NN IN NN IN IN HYPH NN NN TO VB JJ NN . VBG DT NNP HYPH NNP POS NN , PRP VBD : `` PRP VBP IN DT NN RB , RB RB PRP VBZ PRP$ NN IN JJ NNS TO VB IN DT NN VBZ VBN RB . '' NNS VBD WRB DT NNP NNPS CC PRP$ NNS VBP VBG NNS CC VBG IN JJ NNS TO VB IN JJ CC JJ NNS IN VBG VBG NNS , VBG NN NNS CC VBG NN NNS TO VB JJ NNS . PRP RB VBD WRB TO VB DT JJ JJ NN NNS IN DT NN WRB JJ NNS VBP VBN IN DT RB JJ NN IN NN , JJ CC NN NNS , CC IN VBN NNS . RBR , PRP VBD NNS VBN TO VB DT JJ NNS IN DT JJ NNS CC VBD NNS PRP VBP VBG JJ VBG NNS , RB IN DT NNP HYPH CD NN VBZ TO VB RB JJ NNS IN NN IN JJ NNS CC VB NNS IN NNS IN DT NNS IN NN . NNS RB VBD NNS IN VBG DT NN IN JJ CC JJ NNS IN WRB PRP VBP RBS VBN . RB , PRP VBD DT NN POS JJ NN CC JJ NN , IN IN NNS IN VBN NNS , CC IN JJ HYPH NN JJ NNS . IN DT NN DT JJ HYPH NN NN VBD VBN IN DT NN `` VBG CC VBG JJ CC NN HYPH VBN NN IN JJ NNS '' . DT NN VBD RP JJ NNS , VBG NNP NNPS , NNS , JJ NN CC NNS , TO VB IN NN IN JJ NNS CC NNS , CC VB JJS NNS TO VB JJ CC NN HYPH VBN NN . VBN IN NNP NNP CC VBN IN NNP NNP , PRP VBD DT VBG NNS : NNP NNP NNP NNP , NN IN JJ NNS IN NNP : VBN NN NNP NNP NNP : NNP NNP , JJ NN IN DT NNP NNPS NNP NNP -LRB- NNP -RRB- : NNP NNP , JJ NN IN NNP : NNP NNP , NNP NNP NNPS NNP NNP IN NNPS : NNP NNP , NNP HYPH NNP CC NNP IN NNP NNP IN DT NNP NNP NNP : NNP NNP , NNP NNP NNPS NN IN DT NNP , NNP NNP : CC NNP NNP NNP , NNP IN DT NNP IN NNP NNP NNPS IN NNP NNP . NNP NNP VBD NNP HYPH CD VBZ VBN NNS IN JJ NNS CC NN IN RB VBG TO VB NNS IN NN NN CC NNS POS NNS . JJ NNS CC NNS VBP VBN NN HYPH VBN NN , VBG JJ NN , CC JJ NN CC NN , CC IN JJ NNS , NNS IN NNS VBP VBN IN CD IN CD NN NN VBG NN CC NN NNS . `` PRP VBZ VBN PRP TO VB DT JJ , CC PRP VBP , JJ NN , IN NNS CC WRB PRP VBP PRP$ RBS JJ , '' PRP VBD . `` DT VBZ RB DT NN IN NN TO VB RB CC IN NN , IN EX VBZ JJ NN TO VB RBR IN DT NN . '' NN MD VB RB , PRP VBD , TO VB NNS CC NNS IN DT NN IN NNS IN DT JJ HYPH IN HYPH NN NN VBG IN JJ NNS , JJ NN , NNS , JJ NNS , NNS , CC JJ CC NN NNS . NNS TO VB DT NNS MD VB VBN RB , PRP VBD , VBG IN CD IN CD NNS MD VB DT NN IN JJ CC JJ NN IN PRP$ NN , CC DT NN IN DT VBG VBZ JJR IN NNS IN NNS . NN , VBG IN VBG NNS IN JJ NN HYPH VBG , CC VBG NN NN , VBP DT IN DT NNS RB . IN PRP$ NN , DT NNP IN DT NNP IN NNP NNPS VBZ VBG TO VB , VB IN CC VB NN HYPH VBN NN IN JJ NNS . PRP VBZ RB VBG NN NN CC VBG NN HYPH VBN NN IN NN IN DT NN IN DT NNP HYPH CD NNP NNP NNP NNP , PRP VBD , VBG IN : `` PRP VBP VBG DT IN VBG IN NN HYPH VBN NN VBZ NN CC VBZ NNS . '' NNS VBD NN IN DT JJ NN , VBG DT JJ NN IN NNS CC NNS IN JJ NNS . PRP RB VBD NNS VBN IN NN IN DT NN HYPH CD NN , WP VBZ VBG VBN CC WP JJR VBZ TO RB VB VBN TO VB CC VB IN JJ NNS IN JJ NNS . IN CD NNP , DT JJ HYPH NN NN VBD DT NN `` VBG JJ NN IN JJ NN CC NN : NNS CC NNS '' . VBN IN NNP NNP CC VBN IN NNP NNP , NNP NNP NNP HYPH NNP IN NNP NNPS CC NNP NNP NNP NN , PRP VBD DT VBG NNS : NNP NNP , JJ NNP IN DT NNP HYPH NNP IN DT NNP IN DT NNP NNPS NNP HYPH NNP NNP : NNP NNP , NNP JJ NN IN NNP : NNP NNP , NNP IN JJ NN CC NN IN DT NNP : NNP NNP , JJ NN IN DT NNP IN NNP NNP NNPS -LRB- NNP -RRB- NNP NNP IN NNP NNP IN NNP NNP : NNP NNP , JJ JJ NN IN NNP IN DT NNP NNP IN NNP CC NNP : NNP NNP , NNP NNP CC NNP HYPH IN HYPH NNP IN NNP : CC NNP NNP , NN NN NN IN NNP . NNP NNP VBD IN `` VB DT NN '' VBZ IN DT NNS RB VBG JJ NN IN JJS NNS , JJ NNS CC DT NN NNS . DT RB VBN NN VBZ DT JJ CC JJ NN IN NN NN CC NN , NN , NN NN , NN CC NN NN TO VB IN DT `` NN '' . PRP RB VBZ IN NN HYPH VBN NN HYPH VBG NN IN JJS NNS VBZ RB VBG JJ NNS IN WRB DT NN MD VB IN DT NN . NN CC NN IN JJ NNS VBP RB JJ IN JJ NN CC NN , PRP VBD , VBG IN JJ NNS IN JJ NN , NN NN CC JJ NNS WDT VBP VBN TO RBR RB CC RB VB CC VB NNS IN WRB TO VB IN NNS . IN CD , DT NNP VBD PRP$ NN NN IN NNS IN NNP IN VBG IN JJ NN CC NN NN IN NN NN . NNS VBN IN JJ CC JJ JJ CC NN NNS VBP DT NN NNS IN DT JJ NN CC NN , PRP VBD , VBG IN JJ JJ , JJ CC JJ NNS IN DT JJ NN VBP NNS TO VB , VB CC VB DT NN IN NN , NN , NN NN CC JJ NNS . VBG JJ JJ NNS , PRP VBD IN NNS TO VB JJ NNS IN NNS VBG NN , NN NN TO VB JJ NN , NNS TO VB NNS CC VB NN , NN NN TO RB VB NN NN CC NNS , CC NNS TO VB IN VBN NNS . IN DT NNP IN NNP NNP IN DT NNP , DT NNP IN DT NNP IN NNP NNPS VBZ VBG JJ NNS WDT MD VB JJ NN TO VB RB IN DT NN CC VB DT JJS NNS . RB , DT JJ NNS VBP JJ NN IN VBG JJ NNS CC NNS , PRP VBD , IN PRP NN , NN NN CC VBG JJ NN . IN DT NN HYPH CD NN , DT JJ NN VBZ RB VBN DT `` NN '' : DT NN IN NN CC NN , CC DT NN IN NN TO VB NNS CC VB NNS . TO VB JJ NNS CC NNS , PRP VBD DT `` VBP DT NN '' NN MD VB , IN MD NN IN JJ JJ NNS CC NNS VBG JJ NN . NNS VBD JJ NNS DT JJ NN VBZ VBG NN IN DT VBG NN IN VBG JJ NN CC NN . DT VBD NNS VBG VBN TO VB DT NN IN JJ NNS IN VBG JJS NNS CC NNS VBN . PRP VBD WRB DT JJ NN VBZ VBG PRP TO VB IN NNS , VBG JJ , JJ , CC JJ NNS CC DT JJ NN , TO VB CC VB HYPH RP JJR NNS . PRP RB VBD DT NNS CC NNS VBN IN JJ CC VBG NNS CC WRB DT MD VB VBN . IN CD NNP , DT JJ HYPH NN NN VBD VBN IN DT NN `` VBG NN TO VB JJ NN IN RB VBN NNS CC VB JJ NNS '' . VBN IN NNP NNP CC VBN IN NNP NNP , PRP VBD DT VBG NNS : NNP NNP , NNP IN DT NNP NNPS NNP HYPH NNP POS NNP HYPH NNP NNP IN NNP NNP : NNP NNP , NNP NNPS NNP NNP IN NNP NNP : NNP NNP , NNP NNPS NNP NNP IN NNPS : NNP NNP , NNP NNP IN DT NNP NNP IN NNP -LRB- NNP -RRB- : NNP NNP , NNP NNP IN DT NNP NNP NNP NNP : NNP NNP NNP , NNP IN DT NNP IN NNPS IN NNP NNP CC NNP NNP IN NNP IN DT NNP NNPS NNP IN NNP : CC NNP NNP NNP , NNP NNP IN DT NNP NNP IN DT NNPS IN NNPS IN NNPS . NNS VBD NNS VBG DT JJ NNS IN RB VBN NNS CC JJ NNS IN VBG JJ NNS . NNS VBD WRB RB HYPH NN NNS MD VB VBN IN DT JJ NN IN DT JJ NN . PRP RB VBD JJ NNS DT JJ NN MD RBR VB RB VBN NNS , NN NNS CC NNS . IN CD NNP , IN DT NN NN , NNP NNP VBD IN DT CD VBG NNS VBG IN NNS VBP IN DT NNP HYPH CD NN VBZ VBN VBG JJ NNS IN RB VBG CC VBG VBG NNS . `` DT RBS JJ NN IN DT JJ NNS NN VBZ IN NNS MD VB IN PRP , CC PRP VBP TO VB IN DT NN , VBG IN NNP NNPS , VBN NNS CC DT IN PRP$ NNS TO VB NNS CC VB NN , '' PRP VBD . `` PRP RB VBP TO VB RB CC RB . DT NN VBZ DT NN TO VB NNS RBR , RB . '' NNP NNP , VBG NNS IN DT JJ NN , VBD NNS VBN CC VBD DT NN IN NNS , JJ IN VBG IN NN NN , WDT VBZ JJ CC MD VB IN DT RBR JJ JJ NN . DT NN VBZ RB VBN IN NN CC NN MD VB NNS CC VB NN CC NNS . CD JJ JJ NN DT JJ JJ NN MD VB RB RB VBZ TO VB IN WP DT NNP NNPS CC DT NNP VBP VBN IN DT `` NN POS NN '' IN NN HYPH CD TO VB IN DT NN VBZ VBN RB IN DT NN . DT `` NN IN JJ '' NN MD RB VB JJ , CC MD PRP VB JJ , PRP VBD . JJ NNS VBD VBG IN JJ NN CC JJ NN , VBG NNS POS NNS , NN , NNS CC NN , CC RBR VBG DT JJ NN IN JJ NN CC NN . NN VBZ JJ IN DT NN IN JJ NN , PRP VBD , VBG DT NN IN VBG IN JJ NNS , VBG RB VBN NNS . IN NN , JJ JJ NNS IN NN CC DT JJ NN IN NN NN MD VB VBN . VBG DT JJ NN IN NN , PRP VBD DT : `` RB , DT NN MD VB JJ IN NNP HYPH CD IN PRP VBP RB JJ IN NNP HYPH CD . DT NN IN NN IN NN IN JJ NN IN VBG DT NNP HYPH CD NN VBZ PRP$ NN CC DT NN TO VB RB . '' NNP NNP RB VBD DT NN RB VBN IN DT JJ NNS NNP MD VB VBN IN DT NNP POS JJ JJ NN , VBG DT NN IN NNS VBN IN DT NN HYPH CD NN ."
680,930,mainstream,"NNP NNS VBP TO VB VBG DT NN WDT PRP VBZ VBN MD VB DT NNS IN NNP HYPH CD IN DT RBS RB JJ NNS . PRP VBZ VBN VBN DT IN DT RBS JJ NN IN DT NN VBP RB JJ NNS IN DT JJ NN VBN DT NN HYPH NN . DT JJ NN MD VB IN DT NN VBN NN CD , VBN TO VB NN HYPH NN NNS , MD VB NNS POS NN . PRP VBZ NNS IN DT NNP NNP NNP , NNP POS NNP NNP CC NNP CC NNP NNP POS NNP . PRP VBP VBN IN NN NNS IN DT NN IN CD NNP HYPH CD NNS CC VBD DT JJ NN IN DT NNS IN NN HYPH NNS . NNP NNP NNP IN DT NNP NNP VBD PRP VBD DT `` JJ NN '' TO VB WP VBD VBG IN DT NN NNS . `` PRP VBP VBG TO VB PRP , CC DT NN VBZ TO VB VBG NN WDT VBZ VBG DT NN IN IN PRP , IN PRP$ NNS VBP VBN RB . IN DT NN -LRB- CD NNS -RRB- NN IN NN , JJ JJ NNS VBP IN CD CC CD NN HYPH NNS , RB VBN NN NNS . DT NNP NNS DT NN VBD VBD IN CD SYM CD . DT NNS VBP DT NNS VBP DT NN IN PRP TO VB DT `` NN NN '' TO VB DT NNS IN NN HYPH NNS IN DT NN WDT MD VB JJ NNS IN WP MD VB RP TO VB RBR JJ NN . PRP RB VBZ DT NN IN DT JJ NN TO VB DT NN NN NN . NNP NNP HYPH NNP , DT JJ NN NN IN NNP CC NNP NNP POS NNP , VBD IN RB CD NN IN NNS WDT PRP VBZ IN JJ NN IN NNP HYPH CD VBP IN RB CD SYM CD NNS IN NN . `` WRB PRP VBP TO VB , PRP$ NN NN RB VBZ TO VB RB RP , '' PRP VBD . NFP WRB RB VBZ PRP VB TO VB IN NN . NFP WRB RB VBP PRP IN DT NN IN NN . NFP WRB MD PRP VB DT NN NN . NNP CD VBZ RB VBN VBN IN DT JJ NN IN NNS IN NN CC VBN TO RB VB DT NN IN DT JJ NNS . IN DT NN , PRP MD VB VBN IN NNS IN DT JJ NN NN WP VBP VBN IN JJ NN IN JJR IN CD NNS . NNP NNP HYPH NNP VBD : `` PRP VBP VBG IN -LRB- WRB PRP VBP DT NN NN -RRB- DT JJ NNS VBZ VBN . `` IN DT JJ NN NN , PRP VBP IN NNS WP VBP RB JJ CC , JJ IN JJ NN , PRP VBP RB VB DT JJ JJ NN IN DT NN . `` RB DT NN IN DT VBG RB IN PRP IN DT NN IN DT JJ NN VBZ RB JJ IN JJ NN NNS IN DT NNP . '' NFP DT JJ NN : WRB VBP PRP VB PRP . SYM NN : WRB RB VBP PRP IN VBG CD . NFP VBG NN : DT NNS IN NN HYPH NN CC NN , NN : MD PRP VB VBN IN NN . DT NN VBZ RB VBN NN IN DT JJ NNS IN WDT DT NN VBZ IN DT NN NN , WDT NNP NNP VBZ MD VB JJ IN NNS IN DT NN VBP IN RB JJ NN . `` DT NN WDT VBZ VBN DT RB NNP HYPH VBG NN VBZ JJ , PRP VBZ JJ . PRP VBZ NN JJ . '' `` DT JJ NN IN DT NN , DT NN IN DT NNS IN DT NN HYPH NN NN , VBZ RB IN RB JJ IN PRP . `` DT NN VBZ RB VBG NN JJ CC JJ NN , WDT PRP MD VB RB , VBZ TO VB RP DT NN IN WDT DT NN VBZ VBG DT NNS . ''"
681,952,mainstream,"NNS VBP IN NNP NNP IN DT NN NN NN IN DT NN IN NNS TO VB DT NN IN IN NN IN DT NN NN , IN NNP , NNP NNP CD , CD . -LRB- NNP NNP , NNP IN NNP -RRB- NNP NNP NNP -LRB- NN -RRB- : NN NN NNP VBD PRP$ JJ NNS NNP IN CD CD NNS IN DT NN HYPH CD NN , VBN IN DT NN IN DT NNP NN NN . DT NNP HYPH JJ NN VBD PRP VBD VBN JJR IN $ CD CD IN DT NNP NNP NNP NNP CC NNP NNP IN DT NN , NN CC NN IN DT NN , VBG DT NN . DT NN MD VB DT NN CC NN IN DT NN , NNP JJ NN NNP NNP VBD . PRP VBD RB VBN NNS IN DT JJ NN . `` PRP MD VB NN IN PRP$ NN TO VB DT NN RB CC RB JJ , '' PRP VBD . JJ NNS VBG RB CC VBP VBG TO VB CC VB DT NN IN DT JJ NN IN NNS VBP PRP MD VB JJ IN VBG NNS TO VB PRP$ NNS CC NNS IN JJ NN . IN DT NN IN NNS VBD , NNP VBD PRP VBZ RB VBN NN NN IN CD CD NNS CC VBZ TO VB JJ NNS TO VB NN RBR IN DT JJ NNS '' TO VB DT NN IN DT RB JJ NN . '' DT NN RB VBD PRP$ NN NN IN NNP NNP IN DT NN , RB VBN IN NNP . DT NN VBD VBN IN NNP NNP POS NNP NNP , VBG IN DT NNP NNP NNP ."
682,93,mainstream,"DT CD HYPH NN HYPH JJ NN WDT VBZ RB VBN TO VB NNS IN NNP IN JJ NNS MD VB VB DT IN DT NNS IN NN NN NN -LRB- NN -RRB- IN NNS , DT JJ NN VBZ . RB , NNS VBP VBG NN IN DT JJ NNS IN DT NN , VBN NN . DT NN VBD RB JJ CC VBD RB NNS , WP VBD VBN RB CD NN IN DT NN . DT NN VBD RB VBN , CC DT NNS VBP RB RB VB IN NN VBZ TO VB NN , VBD NNP NNP NNP , DT NN IN DT NNP IN NNP NNP CC NNP IN DT NNP IN NNP , NNP , WP VBD RB VBN IN DT NN . -LRB- IN NNS : CD NNS WDT MD RB VB NN -RRB- `` PRP VBP RB VB DT NN VBZ DT JJ NN IN DT NN , '' NNP VBD . `` DT JJ NN IN DT NN VBZ WRB -LRB- DT NN -RRB- VBZ IN RB VBG WDT NNS IN NNS PRP VBZ VBG TO VB , WRB PRP VBZ VBG TO VB DT , WRB PRP VBZ VBG TO VB PRP$ NN IN VBG WP DT NNS VBP . '' RB , DT JJ NNS VBP VBG , VBD NN NN NN , NNP NNP NNP , DT NN IN NN CC NN IN DT NNP CC NNP NNP NNP IN DT NNP IN NNP , NNP NNP . `` DT JJ NN IN JJ HYPH NN NN VBD JJ CC VBD JJ NNS IN DT NN NNS CC NN VBN IN NN , '' NNP VBD IN DT NN . DT NN VBD CD NNS IN NN , NNS CD IN CD . CD IN DT NNS VBD DT JJ , JJ HYPH NN NN IN NN , CC CD VBD DT NN . DT NN VBD JJ HYPH VBN , VBG IN CC DT NNS CC DT NNS VBD WDT IN DT NNS VBD DT NN , CC WDT VBD DT NN . IN DT NN , DT NNS IN DT NN NN VBD NNS IN PRP$ JJ NN , NN CC NN . PRP VBD JJR CC VBD RBR VBN , VBG JJR JJ NNS CC JJR NN TO VB PRP$ NN NNS , DT NNS VBD . DT NNS VBD VBN IN JJ NNS , NNS CC NNS . NNS IN DT NNS POS NNS VBD IN DT CD NNS WP VBD NN VBN IN CD NNS , RB RB VBD IN PRP$ JJ NN IN DT JJ CD NNS , DT NNS VBD IN DT NN . `` PRP VBD CD JJ NNS IN DT NN , '' NNP VBD , VBG IN DT CD WP VBD NN VBD DT JJ NNS IN PRP$ NNS IN CD NN IN DT NN . DT VBD RB VB IN DT CD JJ NNS VBN DT NN , NNP VBD . RB , DT NNS WP VBD NN VBD JJR NN IN PRP$ NN NN CC JJ NN NNS IN DT NNS VBN DT NN , NNP VBD . DT JJ NN NNS , NNP NNP CC NNP , VBD NN IN CD , RB VBG PRP NNP CD . DT NN VBD TO VB JJ IN NNS WDT VBP JJ NN NN . NNP VBZ IN VBG JJ NNS IN NN IN NNS VBN `` JJ NNS , '' WDT VBP VBN IN DT NN IN DT NN . NNP POS NN VBZ IN NNS WDT VBP VBN VB JJ NNS , CC IN DT NNS RB VBP IN JJ NNS CC VBP NN NN . IN PRP VBZ JJ WP VBZ NN , DT NN MD VB VBN , IN NN , IN JJ NN IN NNS IN DT NN , NN CC NN NN , PRP VBD . JJ NNS RB VBP JJ CC JJ NNS , PRP VBD . IN NNS IN NN , NN MD VB DT NNS IN VBG IN JJ NNS , CC VB DT NNS VB RBR RB , NNP VBD . -LRB- CD NNS PRP MD VB IN DT NN -RRB- JJR NNS IN NNS IN NN NNS VBD IN DT NN VBD DT NNS IN DT NN . IN NN , IN CD HYPH NN HYPH JJ NNS IN NNS IN NN , NN VBN JJ NN , NN CC NN NN , VBG IN DT CD NN VBN IN DT NN NNP CD . IN DT NN , VBN IN CD IN DT NNP NNP NNP , NN NNS WDT VBD NN VBD VBN JJ NNS CC NN , CC DT NN NN NN . JJ NNS VBP NNP POS NNS IN DT NN IN JJ NNS IN NN DT `` VBG NN , '' CC VBP PRP VBZ DT `` JJ NN IN VBG IN '' DT JJ NNS IN NN , NNP VBD . NNP VBD JJ NNS IN DT NN . IN NN , DT CD NNS IN DT NN NN VBD DT JJ NN , CC NN IN DT NN NN VBD . PRP VBZ JJ IN NNS IN DT NN NN VBD DT CC VBD IN PRP$ NN VBD VBN DT NN , RB `` JJ '' DT NN , NNP VBD . DT NNS VBD DT IN DT JJ NN IN DT NN , RB . WP VBZ JJR , DT NNS IN DT NN NN VBD RB JJ NN : DT NN IN JJ NN , IN RB DT NN NN VBZ JJ , CC DT NN VBN DT NN VBZ DT NN IN NN , NNP VBD . NNP VBD IN VBN DT NN IN NNS IN DT NN , PRP VBZ RB JJ DT NN NN VBD JJR IN DT NN NN IN DT IN DT NNS . `` IN PRP VBP JJ NNS , CD IN PRP VBZ RB VBG VB RP VBG PRP DT JJ NN , '' NNP VBD NNP NNP . -LRB- JJ NN NN , CC NN . CD NNS TO VB -RRB- NNP VBZ RB VBN TO VB NNP IN DT NNP NNP CC NNP NNP , CC DT NN VBZ RB RB JJ . NNP VBZ VBN DT NN NN JJ IN JJ NN IN NN CC JJ NNS , CC CD IN DT NN POS NNS VBP NNS IN JJ NNS . DT NN VBD VBN RB NNP CD IN DT NNP NNP IN NNP CC NNP NNP ."
683,519,mainstream,"IN DT NN TO VB DT NN HYPH CD NN , NNP VBZ VBN JJ NN CC NN NNS TO VB IN DT NN NN HYPH NN . DT NN VBD NNP IN DT NN POS $ CD CD NN IN DT JJ NN . IN DT NN IN NN NNS NN NN NNP NNP , NNP VBD TO VB RB CD CD NNS IN NNP POS NN NN IN $ CD . DT NN VBZ DT NN `` DT NN TO VB IN PRP$ JJ NN IN VBG DT NN IN DT NN HYPH CD NN RB RB IN JJ '' CC TO VB NNP IN NNP NN , NN NNP NNP VBD IN DT NN . RB IN PRP$ RB VBN NN HYPH CD NN NN , NNP RB VBD DT NN CD NN IN DT NNP NN . DT NNP NN VBZ CD JJ JJ NN NNS . DT JJ VBD IN DT NN IN DT NN IN IN IN $ CD CD IN DT NNP IN NNP NNP NNPS , DT NN POS JJS NN RB IN DT NN . RB , IN DT NNP NNP NNP VBD DT NN VBD VBN IN DT NN IN NNP NNP NNP NNS , DT NN VBD DT $ CD CD NNP IN NNP -LRB- NNP -RRB- NN . IN DT NN , NNP MD VB CD CD NNS IN DT NN IN DT NNP DT NN . JJ : VBN IN IN NNP NNP , NNP VBZ $ CD CD NN NN IN NNP HYPH CD NN RB IN DT NN VBZ PRP$ NN HYPH CD NN NN IN NN , PRP VBZ VBG NNS VBN TO VB NNS IN DT JJ NN . IN JJ NNP , DT NN VBD JJ NN NNP NNP IN $ CD CD . NNS RBR , DT NN VBD NNP POS NNP NNP IN NN VBG PRP$ NN HYPH VBG NN HYPH NN NN . RB IN NNP , DT IN DT JJS NNS IN DT NN NN VBP VBN IN NN HYPH CD NN NNP NNP , NNP CC NNP , NNP , NNP CC NNP VBD RB VBN IN NNP NNP NNS ."
684,434,mainstream,"NNS VBN IN JJ NN NNS MD VB DT NN IN JJ NN HYPH CD NNS , VBG IN JJ NN CC NN , DT JJ NN VBZ . DT NN NNS VBD IN NNS IN NN NN NN VBD CD NN RBR JJ IN NNS IN JJ NN NNS TO VB JJ NN HYPH CD NNS CC JJ NN . IN NN , NNS IN VBD DT CD NN VBN NN IN VBG JJ NNS IN NN HYPH CD : DT NN VBN IN DT NN : CC DT JJ RB TO VB NN CC DT NN . NNS VBD DT NN IN NN NN CC NN HYPH CD NN VBG DT NN HYPH JJ NN NN . IN VBG IN DT JJ HYPH NN NNS IN JJ NNS IN DT JJ NN , NNS MD VB NN NNS WDT MD VB VBN IN NN NN , VBG IN DT . CD JJ NNS VBP VBN IN DT NN IN DT NN IN NN NNS CC NN NNS IN NN HYPH CD , . JJ NNS IN NNS VBD IN NNS IN NN NN NN VBD DT JJR NN IN VBG NN HYPH CD , VBN IN NNS WP VBD JJ NN NNS , CC IN NNS IN NN NN NN VBD RBR JJ TO VB DT NN . RB , DT NNS VBD VBN IN DT NN NN NN : IN CC RB : CC VBD RB NN HYPH VBN . IN DT JJ NN , NNS VBD CD NNS IN DT NN WRB JJ NNS VBD VBN IN JJ NNS IN NN HYPH CD CC DT JJR NN IN NN , IN CD IN DT NNS VBD DT NN WDT VBZ NN NN . PRP VBD PRP$ NNS RB NNP CD IN DT . DT NNS VBD DT NNS IN CD NN SYM CD NNS CC JJR IN CD JJ NN NNS IN NNP CC NNP , CC VBD JJR IN CD CD JJ HYPH NN NNS IN DT NN NN , VBN JJ NN NNS , CC NNS -LRB- VB `` NNS '' -RRB- . EX VBP NNS IN NNS VBN IN DT NN POS NN , CC PRP MD VB VBN IN NNS IN VBG NNS VBN IN NN , VBG IN DT . DT NN NNS VBD NNS IN DT NN WDT VBD VBN IN JJ NN IN NN HYPH CD : NNS JJ RB TO VB JJ NN CC DT NN IN DT JJ NN . CD NN VBD IN DT NN WDT VBD NNS VBN IN JJ NN IN DT NNS . DT JJ NN VBD IN DT NN WDT RB VBZ IN NN NN , VBG DT NNS TO VB `` DT JJ NN IN DT NN NN HYPH NN NN IN NNP HYPH CD , '' PRP VBD IN DT NN . DT NN VBZ IN NN NN MD VB VBN IN DT NN IN JJ NNS . DT JJ NN PRP VBD VBD CD NNS , DT IN WDT VBP IN DT NN NN WDT NNS HYPH NN HYPH CD NNS , IN NNS VBP VBN IN NNS WDT VBP IN NN NNS IN DT NN . PRP VBZ RB JJ WDT IN DT NNS VBP DT NN IN NN NN . `` DT JJ NN CC DT NN POS NN NN MD VB JJ NNS IN VBG DT WP MD VB IN JJR NN IN JJ NN , '' NNP NNP , NN IN DT NNP NNPS IN NNP , IN DT JJ NN . `` DT NN VBZ IN DT CC JJ NNS RB TO VB MD VB DT NN IN DT RBR JJ NN IN DT NN IN NN HYPH CD , '' NNP VBD . RB , JJ JJ NNS RB VBP WRB RB DT NN VBZ VBN IN DT NN . JJ IN NN NN , JJ NN NN CC NN RB VB DT NNS IN VBG RB JJ CC VBG IN NN HYPH CD . RB , IN JJR NNS VBP RB VBN TO VB RBR JJ IN JJ NNS IN NN HYPH CD , DT MD VB VBN IN DT JJ JJ NNS WDT RB VBP NN , NNP NNP RB VBD . SYM NN NN IN DT NNP : JJS NN HYPH CD NN CC NN NNS NFP NN CD IN DT JJS NNS CC NNS IN NN"
685,1034,conspiracy,"NNS , DT JJ JJ NN IN NNP NNP NNP , NNP , NNP , NNP NN IN CD NNS VBG DT JJ NN , VBG NNS : NN CC NN HYPH NN , NN CC JJ . CC NN IN DT NN : NN , NN CC JJ NN CD CD NN RB IN DT JJ NN NN , DT `` NNP NNP NNP NNP , '' RB VBN NNP , VBZ RBS VBN IN DT `` JJ CC JJ NN . '' DT NN VBZ IN DT JJ JJ NN VBZ , RB , DT JJ JJ NN VBG VBN NN IN JJ JJ NN . DT NN IN DT NN , IN PRP VBZ IN NN NN CC RB , VBZ IN PRP . NN PRP VBP JJ TO VB JJ VBN NNS VBG IN DT JJ JJ NN HYPH JJ NN VBN NNP . NNS VBP DT NN IN NNP NNP NNP NNP IN RB DT JJS NN IN DT JJ NN IN NNS IN NN IN RB VBG `` NNS . '' CC , DT JJ NN IN DT JJ JJ NN VBZ NN JJ RB RBR JJ CC JJ IN NN . DT VBG NN IN JJ JJ JJ NN VBG IN NNP IN NNP NNP VBZ PDT DT NNS IN DT JJ JJ NN IN NN NN VBD TO VB DT JJ NN IN DT NN IN `` DT NNP NNP '' , DT JJ NN WDT MD VB NN IN RB DT NN IN NN IN DT NN POS NN , IN VBG IN JJ JJ NN NN NNS . RB PRP MD VB JJ TO VB DT JJ NN . JJ HYPH NN IN DT NN VBZ NN IN DT `` NNP NNP '' IN NN IN WDT NN VBZ RB JJR IN NN . PRP$ JJ NN , RB , MD VB TO VB DT NN IN NN IN DT JJ NNP NN WDT VBZ JJR IN DT JJ NNS VBN IN DT JJ NN NN CC NN NN IN DT NN . CC , IN PRP VBP TO VB PRP$ NN VBN IN VBG DT JJ VBN NNS VBG NNP NNP NNP NNP , RB VB VBG . . . . `` DT JJ NN VBZ RB VBN VBN IN JJ JJ JJ NN . '' NNP NNP NNP , NNP , NNP , NNP . VBG NNS NN , CD NN PRP$ NN VBZ NNP NNP NNP , CC PRP MD VB PRP$ NNP NN NN IN DT NN . IN DT NNP NN IN JJ NN , CC NN IN DT NNS IN JJ NN , JJ NN , CC VBG NNS , PRP VBP RBS VBN IN PRP$ NN VBG DT JJ NN IN NN , NN IN DT JJ VBG NN , VBG NNS : NN CC NN HYPH NN , NN CC JJ . -LRB- NNP NNP , CD : CD : ADD DT VBD PRP$ JJ NN WDT JJ NN NNS , JJ NNS CC NNS VBD , VBD DT JJ NN . NNP NN NNS WDT PRP VBD IN DT JJ NN IN DT NN TO VB VBD JJ NNS IN DT NN . VBN RB VBP JJ CC JJ NNS IN WDT JJ NN HYPH JJ CC NNP HYPH IN NNS VBD VBN IN DT NNP NNP POS JJ VBG JJ NNS NN HYPH NNP NNP , DT JJ NN IN DT JJ NNS NN VBN NNP NNPS . PRP MD VB JJ NN IN DT JJ NN HYPH VBN NN IN NN IN . RB PRP VBP PRP$ NN IN NN , CC WDT JJ NNS IN NN VBP VBG IN DT JJ NN . DT NN VBD VBN RB VBG PRP$ NN IN NNP NNP CD , DT JJ JJ NN IN NNP , NNP , VBN NNP CD SYM CD , CD . PRP VBD IN NNP DT NN IN NNP VBD VBG JJ NN NNS IN DT JJ NN IN DT NN . CD JJ NNS IN JJ NN NN IN NNP POS JJS NN IN DT NNP NNP NNP NNP VBD DT JJ NN VBN CC VBN . VBG VBN RB HYPH VBN IN NN NN NN CC NN NNS IN PRP$ JJ NN NNS IN NNP NNP , PRP VBD IN NN JJ IN DT JJ NN VBD JJ . IN NN , NNS VBD VBG VBN IN NN , PRP VBD . DT JJ NN IN NN VBD VBG VBN IN DT JJ , IN RB JJ , NN . RB DT NNP NN NN , RB CD NN , VBD JJ NN IN JJ JJ NN . DT NN RB VBD DT JJ NN IN DT VBG NN IN JJ CC VBN `` NN . '' NNS VBD VBN TO VB DT NN IN NNS , NNS , NNS , CC NNS IN RB CD NNS VBN IN DT NN IN DT NN NN . IN DT JJ NNS , JJR IN DT CD NN NNS VBD IN NN NN IN IN NN . RB , PRP VBD JJ NN CC NN IN VBN IN DT NNP NNP NNP . PRP MD VB JJ IN DT NNS IN NNP POS JJ NNS , VBG DT NNS , RB RB IN JJ JJ NN NNS , IN DT NN NNS IN DT NN . NN PRP VBP VBN DT NN IN VBG DT JJ CC JJ NNS , RB RB IN DT NNS -LRB- FW , NNS JJ IN -RRB- CC NNS -LRB- FW , NNS CC NNS WDT VBD CC VBD -RRB- DT JJ NN NN . IN VBG DT NN POS NN , WDT VBZ RBR IN DT NN IN JJ NNS , JJ NNS , CC NN NN , IN RB , DT NN VBZ VBN NNS DT NN IN DT NN CC JJ NNS VBN IN `` JJ '' NNS VBG NN NNS CC NN NNS RBR VBN IN `` NN NNS . '' RBS JJ NNS MD VB IN DT VBG NN IN DT JJ JJ NN VBD VBN CC NN HYPH NN . IN JJ NNS , NNP VBZ DT RB VBN JJ NN . WP VBZ IN DT NN NN . PRP VBP DT NN IN VBG PRP$ `` NN NN '' NNS IN VBG DT RB VBN `` JJ JJ HYPH JJ HYPH JJ HYPH JJ NN '' IN DT JJ NN WDT MD VB DT NNS JJ TO VB DT JJ NNS . IN PRP MD VB PRP JJ TO RB VB DT DT NN NN , PRP VBP NNP VBZ DT JJ NN IN RB JJ VBG NNS . RB , WP PRP VBP VBG VBZ DT RB VBN NN NN VBN RP IN RB RB HYPH VBG , CC RB JJ , `` NNS '' HYPH RB VBN CC RB VBN `` JJ NNS '' IN PRP MD VB PRP TO VB . RB , NNS VBP VBG IN NN . CC , PRP VBP DT NN , IN JJ HYPH JJ NNS , IN DT JJ NN VBN IN DT JJR NN IN RB VBG DT JJ NN `` NN NN NN , '' IN DT NNS VBP VBN . RB , PRP VBP IN JJ JJ JJ NN , MD VB RBS VBN IN NNP POS JJ NN IN DT NN VBN TO VB PRP$ NN , VB NN , CC RB VB JJ CC JJ NNS . IN JJ NN NNS DT VBZ VBN JJ `` JJ NNS '' -LRB- NNS -RRB- . PRP RB VBP DT NN POS JJS NN VBZ IN VBG VBG JJ CC JJ NNS WDT RB VBP VBG RB PDT DT NN POS JJ NN IN NN . JJ IN DT MD VB VBN , RB IN NN , CC RB RB CC RB IN DT RB VBN `` NNP NNP '' VBN RBR IN DT NN IN DT NN NN VBN IN DT NNP NNP IN NNP NNP . `` -LRB- NNP -RRB- RB VBZ NN , NN , CC JJ NNS IN VBG DT `` VBG NN '' NN CC NN IN PRP$ JJ NN IN VBG JJ . '' NNP NNP , NNP NNP , NNP CD , CD DT NN IN DT JJ NN VBZ RB JJ IN JJS NNS . `` NNS '' VBP VBN VBG DT NN IN DT NN HYPH NN IN NNS . WP VBZ RB JJ IN DT JJ CC JJ NN IN NNP VBZ PRP$ NN . PRP VBD RB JJ IN DT JJ NN IN NN , CC DT JJ HYPH JJ NN IN NNP . DT VBZ JJ -LRB- FW , JJ CC JJ -RRB- IN WP VBZ VBN CC VBN IN DT NN , NNP IN DT NNP : NNP , NNP CC NNP NNP -LRB- NNP NNP NNP , CD : ADD DT RB HYPH VBN NN WDT VBD DT CD SYM CD NNS IN NNP IN JJ NNS , CC VBZ DT JJ NN IN DT JJ NN CC VBG NN IN JJ NN . DT NN , CC DT NNP NN , IN NN , VBZ NN IN DT JJ NN IN DT JJ NN IN JJ `` NN '' JJ IN NN VBN JJ NN . NNP NNP VBZ VBN TO VB VBN NNS IN PRP$ CC JJ NNS IN JJ CC JJ NNS IN JJ NN . DT VBG JJ NN NNS IN NNP NNP VBP VBN IN JJ HYPH JJ CC VBN JJ NNS . PRP VBP DT JJ `` NN IN NN , '' CC NN HYPH VBN NN , IN RB JJ , NN HYPH VBG , NNS . VBG JJ NN RB RB VBN NNS WP VBP NNS VBP IN RB VBG NN IN DT NN IN PRP , VBZ RB JJ IN JJR NN NN NN NNS IN DT NN CC NN , IN DT JJ NN , IN `` NNS JJ IN NN , '' CC `` JJ NNS IN JJ NN . '' DT NNS VBD RB JJ CC VBN IN NN IN DT NNP : NN , NNP , CC NNP NNP -LRB- ADD IN VBN IN DT JJ CC JJ NN NNS , DT JJR , RBR JJ , CC RBR VBN NNS , VBN NNS , CC NN VBD NNS , VBD RB VBN NNS IN JJ NN NNS CC NN NNS VBG IN DT JJ NNS . NNP NNP , IN NN , IN NNP NNP NNP -LRB- NNP -RRB- IN NNP NNP , VBD JJ NN IN VBG NNP NNP NN NN `` NNS '' IN DT NNP , NNP , NNP , CC JJ NNS . DT NNP NN TO VB DT CD HYPH CD NN NN , DT VBN NN NN , RB VBD DT NN TO VB DT NNP NNP NNP -LRB- NNP -RRB- VB JJ NNS , VBG IN DT NNP NNP NNP IN CD . IN DT NNS VBD NNS RB JJR IN DT NNP NN -LRB- VBN TO VB DT NN IN NN -RRB- . IN NNP POS NN IN NNP , NN CC NN NNS VBD , IN NN , VBN IN JJ NN NN NNS -LRB- JJ JJ NN -RRB- TO VB DT NN WDT RB VBP NN IN DT NN . -LRB- RBR IN DT RBR . -RRB- DT JJ NNS VBP VBN RB VBN , IN RB RB VBN . NNS NNS IN DT VBP IN DT JJ NN RB RB IN JJ NN NNS , CC RB IN DT NN IN JJ NN NNS WDT VBP TO VB NNS IN JJ NN IN DT WP MD VB PRP . DT NNS JJ IN JJ NNS IN NNP CC NNP , CC NN NN NNS -LRB- JJ IN DT `` NN IN NN , '' `` NN IN NNP , '' `` NNP IN NNPS , '' `` NNP IN NNP , '' `` NNP IN NNP , '' DT JJ NN NN , CC DT `` NNP NNPS '' NNP NNP NNP , DT VBP JJ NN NNS VBG NN NNS IN JJ NN CC JJ NN . DT NNS IN NN CC NN NN -LRB- NNP -RRB- , JJ CC NN NNS RB VBP , RBS VBP DT RB HYPH VBN RB VBG `` NN IN JJ NNS '' -LRB- NNP -RRB- WDT VBZ JJ IN DT DT NN IN `` DT NN IN JJ NN '' IN WDT DT NNS , DT NN POS NN , VBG PRP CC PRP$ VBN NNS , MD RB VB DT NN . DT NNP VBZ DT NN IN VBG JJ NNS CC VBG NNS , JJ IN DT JJ JJ NN NNS VBN IN NNS IN DT `` NN IN DT NNP NNP NNP . '' DT VBP RB VBN `` JJ NN '' NNS , CC VBP RB JJ . NN VBZ RB IN IN VBG NN IN JJ JJ NNS . JJR NNS VBP VBN IN JJ JJ CC JJ NNS IN NNS IN DT `` JJ '' NNS VBP RB , RB IN JJ NNS CC JJ HYPH NN NN NNS , IN JJ JJ NNS . JJS IN DT NNS , VBG DT NN IN JJ NNS CC JJR NNS , VBD RB JJ CD NNS RB . DT NN , JJ , RB VBZ DT JJ JJ CC JJ NN . IN PRP RB VBP TO VB PRP VBZ NNP POS NN CC NN POS NN WDT VBZ VBN DT NNS TO VB IN NN . `` NNS VBP RB RB JJ TO VB PRP$ JJ NNS CC JJ NNS IN DT NN IN JJ VBN NNS . '' IN JJ NNS , JJ NN NNS VBD NNS IN `` NNS JJ IN NN '' WDT VBD JJ NN NN NNS CC NNS . DT VBN IN : LS -RRB- DT NN IN JJ NN NNS IN JJ JJ HYPH NN NNS VBD VBN RP IN DT JJ NN . NFP NNS RB VBP DT JJ JJ NN `` NN NN '' NNS WDT VBD IN NN HYPH CD NN , JJ IN DT VBG NN NN CC NN NN . DT VBP RB CD NNS IN JJ VBG NN NNS VBN IN NNS CC VBN NN NNS : LS -RRB- DT NN IN JJ NN CC NN NN NNS , IN JJ NN NNS IN NN , TO VB `` DT NN IN NN '' IN WDT NN MD RB VB PRP VBD VBN VBN IN VBG JJ CC JJ NNS IN DT NN IN NN , NN , CC NN . DT VBD JJ NN NNS CC NN NN NNS . IN VBN IN JJ NN NNS , JJ IN VBN NN CC NN NNS , DT JJ NN MD VB RB `` VBN '' IN JJ JJ NN , JJ JJ NN -LRB- RB VBG NN NNS -RRB- , IN DT NN IN NNS . NN NNS CC NNS VBD VBN JJ IN VBG DT NN : CC LS -RRB- JJ NN NNS TO VB VBN , VBG DT NNS CC NNS JJ IN VBG `` JJ NNS . '' NNP , WRB VBN IN NN IN DT JJ CC JJ NNS , MD VB RB VBN . NN IN NN IN NNP , NNP CD , CD , JJ NN IN DT NNP NNP IN NNP , NNP NNP , VBD DT NN IN NNP JJ IN DT NN PRP VBP RB . DT RB VBN NN IN DT NNP IN NNP NNP : WRB DT NNP VBZ VBN VBN IN DT NNP CC NNP NNPS -LRB- NNP NNP , CD -RRB- VBD DT NN VBN `` NNP HYPH NNP CC NNP NNP '' , VBN IN DT NNP NNP -LRB- VBN NNP . -RRB- . DT VBD DT VBG : PRP VBZ `` DT NN IN JJ NN CC NN , '' VBG IN NNP NN NNS , WP VBP NNPS TO `` VB PRP , '' VB NNS , CC IN DT NNS VBP RB . NNP NNP NNP NNP NNP VBZ VBN DT `` NN NN . '' DT NN VBP VBN PRP DT `` JJ NN NN '' CC `` NN . '' CC DT NN IN NN CC NN MD VB DT NN . VB IN DT JJ NNS , `` NN '' IN JJ NN RB VBZ PRP VBP RB RB RB VBN DT NN , IN PRP VBP RB VBN RB RB . WP VBZ VBN RB VBN NNP NNP NNP NNP -LRB- NNP -RRB- VBZ CD CC JJR NNS IN NN , RB VBN IN NNS . `` JJ NN '' VBZ RB DT NN , IN RB JJ NNS IN NN -LRB- EX VBP JJR IN CD -RRB- VB VB . DT JJ NNS VBP : WRB JJ , WRB JJ , CC WRB JJ VBZ DT NN . CC DT NNS VBP DT NNS IN NN , RB JJR NN . RB . IN DT NN , NNP VBZ TO VB VBN CD NNS IN IN RB CD VBN VBG IN DT NNP NNP NNP , DT NN NN IN JJR IN CD NN . CC IN DT RB VBZ IN NN DT JJ RB TO VB JJ NN , DT JJ NN IN NNS IN NNS VBZ RB RB JJR . -LRB- DT VBZ DT JJ NN . -RRB- IN NN , DT CD HYPH CD NN NN VBD RB DT NN IN DT CD CD VBN . RBR , RB DT IN DT NNS VBP VBN IN NNS IN JJ JJ NN , RB JJ NNP . IN DT NN , CD NNS VBP VBN IN IN CD VBN VBG IN NNP NNP , CC DT MD VB JJR IN NNP POS VBN JJ NN HYPH NN NN IN IN NN . IN DT NNP NNPS , CD NNS VBP VBN VBN IN NNS IN CD NNS . RB , JJ NNS IN NN VBP JJR IN CD NNP NNPS RB . NN . DT NN NNS IN NNP NNPS RB VBP DT NN . JJ IN IN DT CD NN NNS VBN RB RB CC , UH , PRP MD VB PRP . JJR NN IN NN VBZ JJ TO VB VBZ IN NN NN NNS CC NN NNS IN NNS VBP IN RB DT RBS JJ TO VB VBN . NN . `` EX VBP JJ NNS CC DT NNS TO VB DT NN , '' CD NN NN VBN RB . CC EX VBP RB JJ NNS TO VB DT NN IN JJ NN , IN PRP VBP RB JJ JJ NNS . . . . -LRB- VB RB RB CD NN IN NNS RB VBN PRP RB IN DT NN . WP VBD PRP , CC PRP$ JJ NNS VB JJ . WRB VBZ DT RB , IN RB , VBN CC VBN IN DT JJ NN . RB , NNP NNP VBZ `` NNP , '' WDT PRP VBZ , `` VBZ TO VB JJ IN NN . '' -LRB- VBZ DT DT NN IN RB HYPH VBN VBN NN WDT RB DT RB HYPH JJ NNP VBZ . VB DT NN IN NNP RB VBD DT JJ NNS JJ IN NNP POS NN . IN NN , DT NN VBD VBN RB VBN IN NNP NNS RB NNS IN NNP POS VBD DT JJ . RB DT JJ NNS VBG NNP IN NN VBD RB VBN VBN . IN RBS , RB , DT NN VBZ CC NN NN NN CC , CC NN JJ NNS . -RRB- NNP VBD : `` RB WRB PDT DT NN IN DT CD NN IN NN . RB , RB VB DT JJ : PRP VBZ VB NNS . CC DT VBN NN IN DT NN VBZ DT NN NN WDT VBZ VBN RP IN RB HYPH VBN `` VBG JJ NNS . '' DT NNS RB VBP DT NN , IN NN DT JJ NN . NNS , IN NNP NNP NNP IN NNP NNP , VBP JJ IN DT VBN NN . CC EX VBZ NN , NN , CC JJ NNS IN VBG DT `` VBG NN '' NN CC NN IN PRP$ JJ NN IN VBG JJ . DT JJ NN VBZ NNP NN , . . . -LRB- NNP NNP VBZ DT NNP NN RB . -RRB- CC , PRP MD RB VB IN DT IN NN IN NNP VBZ RB VBG NN IN NNP CC NNP NNP . . . . . . . DT NNP NN CC JJ NNP JJ NNS VBP RB VBN DT JJ NNS IN NN NNS . DT NNP NNPS IN NNP NNP CC NNP VBZ DT NN VBN NNP NNP NNPS , IN IN DT VBN NN VBZ JJ TO VB DT NN WDT RB VBZ DT NN . DT NNP NNP IN NNP RB VBD DT NN VBG IN DT NNP NNPS VBZ RB JJ TO VB IN VBG NNS . RB , RB , PRP VBZ IN PRP VBZ NN WDT DT NN IN NN NNS MD VB . RB , DT NN WDT VBD NNS RB VBN NN VBZ IN IN CD CD NNS RB . DT , NN , VBZ RB CD CD JJR . DT VBP NNP NNPS , RB IN RB JJ NNS . DT JJ NN CC NNS MD VB IN DT RB HYPH VBN `` VBG NNS , '' CC DT JJ NNS VBP IN DT JJ JJ JJ NNS . IN NN , EX MD VB DT JJ NN WDT MD VB JJR NNS IN NNP NNP DT NN IN NNP . '' NNP NNP VBD IN VBG , CC VBG PRP TO VB : `` WRB VBP PRP$ NNS VB RB VBN . EX VBZ PRP$ NN . '' VBN JJ NNS IN NN CC JJ NNS IN DT NN JJ IN NNP NNP RB VBN NN IN NNP VBZ NNS IN DT WP VBP NNS JJS , DT JJ NN VBZ RB VBN TO VB PRP VB RB . CD NN IN NNP POS VBG JJ NN , DT NNP NNP , IN NNP CD , CD , NNS , `` NN NN VBZ TO VB NN IN JJ NN . '' IN DT NN IN DT RB JJR NN IN NNS CC NNS WDT VBP IN JJ NNS , CC DT NNS VBG PRP , NN NNP NNP POS NN VBD PRP TO VB IN DT NN CC NN NNS WDT VBP `` RB JJ VBN . '' PRP VBD : `` NNS IN NNP VBP VBN RP , NNS IN NNP NNP VBP JJ CC NNS IN NNS IN NNP VBP VBN VBN IN NN IN DT JJ NN NN VBZ RB DT NN IN DT JJ JJ NN . IN JJ JJ JJ NN -LRB- NNP -RRB- MD RB VB RB JJ IN NN IN NNP , VBG NN NNS CC DT JJ NNP NN NN , PRP VBZ RB VBG TO VB PRP$ NN IN DT JJ NNS CC DT RB HYPH VBG NN NN . . . . IN NNP NNP , WRB DT NN IN NNS VBD IN CD IN CD IN DT NN CC CD NNS VBP VBN , NNS IN NNP NNP VBP DT NN MD VB CD NN IN CD NN IN JJ JJ NN DT NN IN DT NN IN NN CC JJ NN . . . . NNS IN JJ JJ NN NNS -LRB- IN NNP -RRB- VBP VBN DT JJ NN IN NN . NNP NNP , DT NN IN NNP NNP IN NNP , IN NNP NNP POS JJS NN NN , VBD PRP$ NNS VBP VBN IN RB CD NN IN DT NNP NN VBD . '' NN IN DT NN NNS IN NNP NNP , CC NNP NNP , VBD TO VB DT JJ NN IN JJ , NN , NN , CC NN NN NNS , CC DT NN IN `` JJ JJ NN '' IN IN NN CC JJ NNS . IN DT NNS CC NNS VBG DT CD SYM CD NNS IN NNP , PRP VBD DT RB VBN NN NNS `` NN '' IN NNP NNP NNP NNP -LRB- NNP -RRB- VBD JJ NNS NNS IN NNS IN NNP POS NNP , NNP NNP , DT JJ HYPH JJ JJ NN , VBG DT NNP , NNP , NNP CC NNP NNPS , CC RB IN NNP NNP , DT JJ NN CC NN NN CC JJ NN NN IN NNP POS JJS NN HYPH NNS IN DT NNP NNP WDT VBD DT NN NN IN NN IN DT NN NN NN , NNP NNP NNP NN , NNP . DT JJ NNS IN DT NN VBZ VBN IN ADD NNP POS NNP CC DT NNP HYPH JJ NN PRP VBZ RB JJ IN DT NN NN , CC JJ NN IN JJ , MD VB DT JJS NNS IN DT NN WRB NNS -LRB- FW , JJ NNS VBG NNS IN DT RB JJ -RRB- VBP VBN JJ CC JJ NNS JJ IN DT NN CC `` NNS JJ IN NN '' NN . VBG NN VBZ TO VB JJ VBG NN NNS . VB IN PRP . JJR JJ NNS , CC JJR NNS IN JJ , VBP JJR TO VB , RB IN VBN NN IN NN IN VBG TO VB PRP$ NN IN NN . DT VBZ RB JJ IN DT `` NNP NNPS IN NNP '' VBN IN NNP NNP IN JJ HYPH JJ JJ CC NN NNS . DT NN IN DT JJ IN VBN `` NN . '' VBZ RB DT JJ IN DT `` NN IN NN IN WDT NN MD RB VB PRP VBD VBN VBN . '' NNS VBP RB RB JJ TO VB PRP$ JJ NNS CC JJ NNS IN DT NN IN JJ VBN NNS . DT NN IN DT JJ `` NNP NNP NNP '' IN NNP , CC PRP$ NN IN NNP , VBP JJ NNS IN DT JJ NN , VBN NN , CC JJ NN . WRB JJ IN NNP , CC NNP IN JJ , VBZ VBN TO VB DT NN IN DT NNP JJ NN IN DT NN WRB JJ HYPH NNP HYPH JJ NNS VBP VBN TO VB DT JJS . IN DT NNS VBG DT NN IN DT JJ NNP NNS , NNP VBD IN DT NNP NNP TO VB VBG NNS IN DT JJ NN . NNP NNP DT `` RBS VBN '' NN NN IN NNP , VBZ RB VBN IN JJ JJ NNS , VBG DT VBN TO VB NNS IN JJ NN , VBG NNP . JJ . RB JJ WRB VBG DT JJR JJ NN VBG DT NNP HYPH JJ NN POS NNP CC VBD `` NNS JJ IN NN . '' RB , `` PRP DT NNPS '' VBP VBN DT JJS NNS IN DT JJS NN , CC DT JJR JJ NNS PRP VBZ . DT NN POS NN IN NN : VBG DT NN VB DT NN DT NN POS NN VBZ VBN RB VBN , IN RB RB VBN , IN JJ JJ NNS VBG CC VBG DT NNS IN DT RB JJ NN IN JJ NNS -LRB- PRP VBP VBN `` NNS , '' CC NNS VBP DT `` NN NN , '' CC `` JJ NN '' -RRB- . RB VB IN DT NN IN NN NNS , IN DT VBN NN CC NN , VBZ IN NN NN NNS , VBG IN JJ NNS VBG JJ VBN NN NNS CC NN NNS . RB VB CC VB DT VBG JJ NNS : NFP WRB VBP JJ JJ NNS , VBG IN NNP IN NNP NNP NNP IN DT NNP NNS , VBN NNP POS JJS NN VBZ IN DT NN IN JJ NNS VBN IN NNS . VBZ DT RB DT NN IN NN IN DT NNP NNPS TO VB JJ JJ NN IN JJ NNS IN DT JJ NN . IN DT NNP NN , NNP NNS VBD VBN IN VBG DT JJS JJ CC JJ NNS . WP VBZ VBN TO VB DT NNP NN IN `` NNP NNP RP '' TO VB VBN IN NNP NNP CC PRP$ NN CC NN NNS TO VB CC VB PRP$ NNS . NFP WRB VBZ DT JJ NN VB TO VB IN DT VBN NN IN DT `` NNP NNP '' , DT NN NN WDT MD VB DT NN HYPH NN WDT MD VB NNS IN NNS , IN DT `` JJ NN '' VBD IN CD SYM CD , IN RB VBG DT NNS , NNS , CC NNS WDT VBP VBN TO VB DT NNS IN JJ NN . RB DT JJ JJ NN NN VBZ VBN , RB , VBN IN JJR NN CC , VBP PRP VB , NN . NFP WRB VBD DT `` JJ NN '' NN NN VBN DT `` JJ NN '' WRB PRP VBD , IN JJ NNS , IN NNP IN CD . PRP VBZ VBN IN JJ NNS VBD DT JJ NNS VBG IN DT JJ NN IN IN PRP$ NN IN NNP NNP CD NNS . RB , NNP VBD RB JJ IN NNP RB IN NNP NNP VBZ IN DT NNP NNPS NN . DT `` JJ NN '' VBD VBN JJ VBG CD NNS IN NNS IN NNP CC NNP IN NN IN DT NNP NNPS , NNP CC DT NNPS VBG IN DT JJ JJ NN WDT VBD IN DT NNPS IN CD . VBZ DT NN VB TO VB VBG IN DT NN IN NNP , RB IN NNP . NFP IN DT NNS IN VBN NNS VBP DT NN IN DT `` NNP NN , '' WRB VBP DT JJ NNS VB DT NN POS NN IN NNP NNP , NNP NNPS IN NNP , CC NNP NNP NNP NNS VBG IN DT NNP NNP POS JJ JJ JJ NNS NN IN CD HYPH CD VBN NNS IN NN CC NN HYPH NN NNS VBN IN JJ JJ NN NNS . IN JJ NNS , WRB MD PRP VB TO VB DT NN IN DT NN WDT VBZ NN IN VBG . MD PRP RB VB DT NN IN PDT DT NN HYPH JJ NN WDT VBZ JJS NNS IN RB DT JJ NNS VBG JJ NN . DT VBP VBN VBN RB IN NN CD IN DT JJ VBG NN , VBG NNS : NN CC NN HYPH NN , NN CC JJ . ADD IN NN IN CD . DT NN IN DT `` NN '' IN JJ NNS , JJ JJ NNS , VBG JJ JJ NNS VBG NN NNS VBZ VBN RB IN PRP$ NN . WRB VBP RB PRP RB VBN IN DT NNS . RB IN DT NNS VBP VBN RB VBN IN NNS CC NN NNS , RB DT VBN IN JJ NN , IN CD . RB , WRB , IN PRP VBD DT NN , CC JJ NN , CC VBD DT JJ NN IN IN JJ NNS IN RB CD NNS IN DT JJ NN -LRB- IN PRP VBP VBN DT NN CC IN NNS IN JJ NNS IN DT JJ CD NNS -RRB- MD PRP VB IN PRP$ NN NNS CC VB NN IN DT `` JJ JJ NN . '' IN PRP VBP VBN CC VBN DT JJ NNS , VBZ RB PRP VB NN IN NNP VBZ VBG VBN , IN RB VBN , IN DT NN IN VBG DT JJ NN NN NN , IN RB NNP NNP CD . DT `` NNP NNP '' VBZ VBG DT NNP NNP POS JJ JJ JJ NNS NN IN CD HYPH CD VBN NNS IN NN CC NN HYPH NN NNS VBN IN JJ JJ NN NNS . IN JJ NNS , WRB MD PRP VB TO VB DT NN IN DT NN WDT VBZ JJ VBG NN IN VBG . VBG IN JJS VBG NN NNS CC NN NN NNS DT `` NNP CD '' MD VB IN DT NN . NNP NNP IN DT NNP NNP VBD IN NNP IN DT NNP NNP NNP -LRB- NNP -RRB- VBD PRP$ `` NN NN TO VB '' DT NNP NNP NNP NNP . WP , IN PRP MD VB , VBZ DT NNP VBN NN WDT VBZ VBN TO VB VBN VB NN IN NNP IN NN IN VBN NN NN CC , CC NN NNS . EX VBZ DT JJ NN IN NN TO VB DT NN . RBR JJ , DT NNP VBZ VBN TO VB RB VBN IN NNP NN NNS CC JJ NNS . NN VBZ NNP NNS VBD DT NNP NN IN NNP NNP NNP . IN NNP , DT NNP NN CC PRP$ NNP NNP NNP VBD NNP RBR IN PRP VBD DT NNS VBG IN NN NNS . CD JJ NN VBD NNP VBD `` NN '' IN DT NNP NNPS . NFP VBG NNP , VBG IN NN NNP NNP , DT JJ NNP NN NNS NN , NNP NNP VBD DT NNP POS NNP JJ NN NN TO VB NNP POS NN RB TO VB NN VBG PRP$ NN IN DT NNPS . RBR DT NN , NNP NNP NNP VBD NNP NNP CC DT NNP NNP NNP IN VBG DT NN NNS WDT VBD NN IN NNP POS JJ NN NNS . IN DT JJ NN DT NNP NN RB VBD JJ NN , JJ NN CC DT NN CC NNS NNS . NN , DT NNP NN , NN , NNP CC NNP VBP IN DT NN IN VBG `` NN NNS '' VBN TO VB NN NNS IN RBR JJ NNS . IN IN DT JJ NN JJ NNS , DT JJ JJ NN VBN IN DT NNP NNP VBN NNP IN NNP NNPS , DT NNP NN VBZ VBG VBN IN DT CD NN NN . `` PRP VBP RB VBN NN IN DT NN IN PDT DT JJ NN , '' '' VBD NNP NNP NNP , IN DT NNP , VBG NN . `` DT VBZ DT JJ NN IN DT JJ NN IN NNS VBP VBG NN , NNS , NN , NNS , '' VBD NNP NNP NNP , DT NNP NN VBG NNS RB . `` RB RB , EX VBP DT NNS , EX VBZ DT NN , EX VBZ DT NN IN DT NN IN DT JJ NN NN . DT VBZ DT JJ NN . IN CD NN , DT NNP NNP VBD , DT NNP POS NN NN VBD `` VBN DT NN NN , VBD DT JJ JJ NN , CC VBD DT NN POS NN RB IN CD NNS , CC CD DT JJ NN IN NN . IN DT VBG NN , JJ JJ NNS VBD VBN IN JJ NNS . `` RB , NNS VBD RB VBG NN . . . . WP VBD NNS IN NNS , NN NNS CC JJ NNS . . . . JJ NNS VBD IN JJ NNS PRP VBD VBG , RBR , DT NNPS CC NNP NNPS VBD . `` IN JJ NNP , IN NN NN HYPH NN NN NNS IN NNP NNS CC NNS IN JJ NNS VBD VBN IN NNP , NNP NNP CC NNP TO VB RP WRB DT NN VBD VBN , TO VB VB NNS CC VB WRB TO VB PRP . `` NNP NNP , DT JJ NN NN IN NNP NNP IN NNP , VBD DT CD NNS IN NNP , CD IN DT JJ HYPH NN NNS . PRP$ JJ NN VBD IN DT NNP NNP NNP , WDT VBD PRP$ NNS IN JJ NNS CC VBD DT RB . JJ IN DT JJ VBD NNS CC NNS . . . . `` IN RB VBN NNS IN NNP , EX VBP VBN JJR IN CD NNS CC RB JJR IN CD NNS RB , VBG CD IN NNP . DT NNP VBZ DT NN VBZ RB IN NN , CC NNP NNP VBZ DT NN . IN JJ NNP , DT NN VBZ RB JJ . . . . `` JJ IN DT NNP VBP DT NNP NN IN DT NN IN NN NN , `` JJ NN , '' NNP VBD , IN DT NNP NNP , DT JJ NN NN NN WDT NNS VBP MD VB IN DT NN . `` `` DT VBZ RB DT NNP NNP , IN PRP VBP PRP VBZ VBG VBN . '' '' WP PRP MD VB DT JJ NN VBZ VBN RB VBN CC VBN IN DT NN POS CD JJ NNS , VBG NNS : NN CC NN HYPH NN , NN CC JJ . CC NN IN DT NNP : NN , NNP CC NNP NNP . PRP VBZ DT NN IN WP TO VB . EX VBP JJ CC JJ NNS IN DT JJ NN . RB VBP PRP$ NNS . LS . RB , PRP CC PRP$ JJ NNS VBP VBN TO VB NN IN PRP$ NN TO VB PRP$ JJ NN IN IN DT JJ NN WDT VBZ RB JJ TO VB PRP$ NN IN NN , CC JJ RBR JJ NNS . NN IN NNS IN DT NN , PRP VBP NN IN JJ JJ JJ NNS , VBG ADD DT VBP VBN IN VBG PRP VB PRP$ NN RB . EX VBP CD JJ NNS PRP MD VB WDT VBP JJ RB , CC IN PRP$ NN NNS : NNP NNPS IN NNP NNP , NNP NNP CC NNP NNP -LRB- NNP NNP NNP , CD -RRB- . DT VBP : LS -RRB- NN , LS -RRB- NN , NN , CD -RRB- NN NN , CD -RRB- NN , CC LS -RRB- JJ , JJ NNS . LS . RB , PRP MD VB PRP$ NN CC NNS VBG DT NNS IN DT NN TO VB PRP$ NN , NN NN , CC VBN NN . LS . RB , PRP MD VB TO VB JJ IN DT NN TO VB JJR JJ NN IN DT JJ NNS . `` PRP DT NNPS '' MD VB DT NN IN VBG DT JJ NNS VBG VBN IN DT NNS IN `` JJ NN '' CC `` JJ NN . '' DT VBD RB VBN WRB PRP$ VBG NN IN NN VBD DT NNS CC NNS VBG DT JJ NN NN . NN NNS IN NNP NNP , VBN IN DT NNP NNP , CC DT VBN NN IN NNP VBD DT JJ NN VBG DT JJ NN IN DT JJ NN . IN VBG DT NN CC JJ NN , ADD IN RB JJ NNS IN JJ , PRP MD VB DT JJ JJ NN . IN DT NN NNP NNP NNP , NNP , NNP , NNP , VBZ DT RB VBN NN IN DT VBG NNS IN JJ NN , JJ NN , VBG NNS , CC NN . PRP VBD PRP$ NN IN JJ NN IN NNP NNP NNP IN NNP NNP IN CD , VBD VBN DT NN HYPH JJ NN IN JJ NN IN DT NNP IN NNP , VBD DT NN IN NNP NNP NN IN NNP NNP , CC DT NN IN NNP NN IN NN NN IN NNP NNP , RB IN VBG DT NN NN IN NNP . NNP NNP VBZ RBS VBN IN PRP$ JJ JJ NN , VBG NNS : NN CC NN HYPH NN , NN CC JJ . -LRB- NNP NNP , CD : CD , ADD WDT RB VBD IN DT NNP NNP NNP NNP NNP VBG DT JJ NN IN NNP NN . -LRB- VB : ADD NNP NNP POS NN IN DT NN IN NN NN NN VBZ VBN IN JJS CD NNP NNP NNS TO VB PRP$ NN NNS . PRP$ JJ JJ NN IN DT NNP NNPS NNP POS NNP NNP NNP , RB VBD DT NN IN DT NN . -LRB- VB : ADD UH . NNP VBD NN NN NNS VBG DT NNPS IN NNP NNP CC NNP -LRB- NNP -RRB- VBN NN VBG DT JJ NN IN DT NN NN -LRB- FW , NNP -RRB- , JJ IN JJS NNS , CC DT VBG NNS IN NN CC JJ NNS VBG PRP$ NNS CC DT NN PRP$ NN . RB , NNP NNP VBD DT NNP , IN NN CC IN NN , CD NN IN DT JJ NN NN VBD VBN IN DT NN , IN DT `` JJ NN NN '' VBD IN DT NN IN VBG WDT VBD DT NNP POS JJ NN . JJ TO VB PRP VBD RB VB NNP NNP POS JJ NN . RB , CD NNS IN DT NNP CD NNS IN DT NNP NNP NNP CC NNP , NNP NNP VBD PRP$ JJ NN , RB VBN NNP IN DT NNP : NNP , NNP CC NNP NNP -LRB- ADD DT NN VBZ IN DT NNP NNP NNP IN DT NN IN NN , CC VBZ WP CC WP VBZ RB IN DT CC JJ JJ NNS . NNP NNP VBZ IN PRP$ NNS VBP DT NNS IN JJ NN , IN IN DT NNS CC NNS IN DT NN IN WP PRP VBZ `` DT NN HYPH JJ NN . '' PRP VBZ DT `` JJ JJ NN '' VBZ IN DT NN IN VBG JJ NN , VBG IN VBN NNS , CC IN DT JJ NN , RBS RB VBG VBN NNS VBN JJ . IN PRP MD VB VBN , NNP NNP NNP -LRB- NNP HYPH NNP -RRB- , NNP IN DT NNP NNP NNP , VBD IN DT NN IN DT NNS IN DT JJ JJ NNP NN NNS CC NN . NNP NNP VBZ IN DT VBG NNS IN DT NN . NFP NNP NNP POS NN NN , NNS , NNS , CC NN NNS VBP JJ IN -LRB- ADD CC IN VBG CD . DT NN VBD VBN NN IN NNP NNP NNP NNP CC NNP NN NNP CD NNP NNP NNP , NN CD NNP , NNP CD -LRB- ADD NN JJ NN NN : CD : NN NN : CD : NN : CD NN : -LRB- ADD ADD VB RB : ADD ADD ADD"
686,956,mainstream,"NNP CD , CD , NNS IN NNP NNP , NNP , VBD VBN NNS IN DT NN IN DT JJ NNS RB IN DT NN VBD VBG NNS IN NNP IN NNS , NN NNS , NNS HYPH JJ NNS , CC JJ NNS CC NNS . CC DT NNS PRP VBP VBN RB VBP JJR . DT VBZ VBN NNP NNP , NNP , DT NN NN IN DT NN NN . NNP , DT NN WP VBZ IN JJ NN , VBZ DT NN IN NNS VBZ VBG IN `` NNS VBG RBR , VBG RB JJR , JJR NNS VBG JJ . DT NN VBZ WRB VBP PRP VB DT NN -LRB- TO VB DT NN VBG -RRB- , JJ . PRP VBP RB PRP VBP IN NN . '' IN DT NN NN NNP , NNP NNP NNP VBD DT JJ NNS IN VBN NNS IN DT NN VBP RB VBN IN JJR NN CC IN NNS IN NNS , NN NNS , CC NNS . PRP RB VBD IN DT NNS , DT NN IN NNS IN NNP CD VBZ VBN RB IN NNS NNS CD CC JJR . `` PRP VBP IN DT NN IN DT JJ NN IN NN WRB DT IN PRP VBP TO VB IN NNP HYPH CD , '' NNP VBD . `` DT NN VBZ NNP HYPH CD RB VBZ IN NNP . '' NNP NNP NNP , NNP , DT JJ NN NN IN DT NN IN NNP CC NNP NNP , VBD IN IN JJ CC JJ JJ NNS IN PRP$ NN , NNS IN NNS IN IN NN HYPH CD MD VB VBN IN NNS VBG IN DT NN NN , WDT VBZ PRP IN JJR NN IN VBG DT NN . DT NN MD RB VB RBR RB IN DT JJ CC JJ NNS IN JJ NNS IN NN VBP IN JJ NN NNS , PRP VBD . PRP MD RB VB NN IN NN NN CC VBP IN DT JJR NN IN VBG JJ NNS , NNP VBD . DT NN POS NN NN VBD DT NN HYPH JJ NN IN VBN NNS IN DT NN NNP . VBG IN NNS IN DT NNP , NNP VBZ IN NNS IN JJR IN CD VBN NNS IN DT JJ NN WDT VBZ VBN JJR IN CD CD NNPS CC VBD RB CD . PRP VBZ JJ IN NNS IN DT JJS NN IN VBN NNS , IN NNP NNP , NNP NNP , NNP , NNP , CC NNP ."
687,488,mainstream,"NNP NNPS , NNP VBZ DT JJ NN NN NN . PRP VBZ IN DT NN IN JJ NN NNS IN JJ TO VB NNS , VBG NN HYPH JJ NNS , NN , NN , CC JJ NN . DT NN POS JJ NN NN , NNP , VBZ DT JJ NN . NNP NNPS , NNP VBZ DT JJ NN NN NN . PRP VBZ IN DT NN IN JJ NN NNS IN JJ TO VB NNS , VBG NN HYPH JJ NNS , NN , NN , CC JJ NN . DT NN POS JJ NN NN , NNP , VBZ DT JJ NN WDT VBZ VBN DT NN IN JJ NNS TO VB DT NN NN CC VB NNS . NNP NNPS VBD VBN IN NNP NNP NNP CC NNP NNP IN NNP CD , CD CC VBZ VBN IN NNP , NNP ."
688,975,mainstream,"DT NN IN JJ JJ NNS MD VB VBN IN JJ NNS JJ IN JJ NN NNS , JJ NN NN , JJ NN , CC JJ NN . JJ NN IN NNS -LRB- NN HYPH VBG NNS WDT VBP DT NN IN NNS CC RB NN -RRB- VBZ VBN JJ IN VBG JJ NNS VBN IN RB JJ NNS . DT JJS NN IN PDT DT JJ NN VBZ NN , VBN IN DT NN HYPH VBG NN WDT IN CD NN VBD VBN RB . IN CD DT JJ NN NNP NNP VBD IN DT JJR NN NN MD VB IN DT JJ NN -LRB- DT JJ NN VBG IN NNS WP$ NN HYPH VBG NN VBZ VBN VBN -RRB- IN VBG NN , NNP VBD PRP$ NNS IN CD . DT NN IN NN WDT VBD IN NNP POS NN VBZ CD IN DT JJS NN NNS IN DT NNS IN NN : IN CD DT NNP NNP NNP VBD IN DT NN VBD VBN VBN . DT JJ NN VBZ VBN IN NN , DT RB JJ JJ NN VBN IN JJ JJ NN . VBN IN DT NN IN NNS CC JJ JJ CC JJ NNS , DT NN NN VBZ RBR JJ TO VB IN PRP VBZ JJ IN JJ NNS IN DT NN , IN IN JJ NN NNS JJ IN NNP NNP CC NNP . NN NN VBZ RB VBN RB , CC , IN DT CD JJ JJ NNS , RB CD -LRB- NN NN -RRB- VBZ JJ IN JJ NNS . DT JJ NN -LRB- NN -RRB- IN NN IN DT NN IN NNP NNP CD VBZ VBN TO VB VBN CD CD NNS , RB IN NNS CC JJ NNS . IN IN NN NNS WDT VBP JJ JJ NNS DT NN CC JJ JJ NNS RB DT CD NNS , NN NNS VBP DT NN TO VB NN IN NNS VBN IN JJ NN CC NN . NN IN JJ NNS TO VB NN VBZ DT JJ NN , IN VBG NNS VBP RB JJ CC VBP VBN IN NNS IN JJ NN : FW , DT JJ CC DT IN JJ NN IN DT JJ CC JJ NNS . NNS VBP RBS JJ WRB VBN IN DT NNS WDT VBP RB VB CC WDT VBP RB NNS . IN NN IN NN , DT JJ NN NN VBZ VBN VBN RP IN NN . NNS VBP IN RB CD JJ NNS , DT IN WDT VBZ RB VBN RB IN NNS . DT NNS JJ VBP DT `` VBN '' -LRB- NNP -RRB- NN , VBN IN VBN NN IN DT CD NNS , CC DT `` JJ '' -LRB- NNP -RRB- NN , VBN IN RB VBN NNS IN DT CD NNS . IN JJ NNS DT NNS , WDT VBD VBN IN DT NNS , VBP VBN DT NN IN NN VBG IN NN . DT NN RB VBZ IN VBG NNS CC VBZ IN DT JJ NNS WRB NN NNS VBP RB VBN VBN . JJ NNS IN NN VBP IN DT NNP NN NN IN NN HYPH CD NN , WDT VBZ RB JJ CC RB VBZ IN DT JJ NN . NN MD VB NNS VBN IN RB JJ NNS WDT VBP IN RB CD JJ CC JJ NN . NN VBZ VBN VBN IN JJ NNS IN JJ NN . NNS , RB , MD RB VB DT JJ NN IN NN IN NNS IN VBG NNS . NN IN NNS CC NN VBZ TO VB JJ IN DT JJ NNS IN DT NNS VBP JJ NN TO VB RB CC VBP VBN IN NNS . IN DT JJ NN , NN IN NNS IN DT JJ NN VBN IN NNS , JJ IN NNS , MD VB DT JJ , IN RB JJ , NN IN EX VBP IN JJS CD JJ NNS IN DT NN . NNS CC NN HYPH VBG NNS , RB , VBP IN DT NN IN NN NNS VBN NN NN IN PRP$ NN : DT NN VBD DT NN IN RB VBG JJ TO VB DT NN RB TO VB NNS IN NN IN DT NNS . RB JJ VBZ DT NN IN VBG DT NN IN NN . DT JJ JJ NN IN DT NN VBZ DT NN HYPH NN HYPH VBN NN -LRB- NN -RRB- , WDT VBZ DT JJ NN IN NN . DT JJ JJ NN WDT VBZ IN DT NN IN DT NN WDT NNS IN DT NN MD VB NN IN VBG VBN CC VBN IN VBG NNS CC NN NN NNS ."
689,604,mainstream,"NNP MD VB NNP NNP POS NN NN NN , DT NN VBD DT NN . IN DT NN NN IN NNP , DT NN VBD IN DT NNP NNP NNP NNP -LRB- NNP -RRB- VBD DT NN TO VB DT NN IN DT JJ NNS VBN IN NNP NNP CC VBN IN NNP , WDT VBZ DT NN . DT CD NNS MD VB VBN TO VB . NNP VBZ VBN DT NN IN DT NN NN , IN DT NN VBG RB DT JJ NN IN NNS IN NNP SYM CD : VBG PRP$ NN IN RB CD . NNP VBZ RB VBN NNP IN DT NN POS RB HYPH JJS NN , RB IN PRP VBZ RB VBN IN NNS DT JJ NN IN IN JJ NN . RB , `` NNP VBZ DT NN IN DT NN IN IN DT JJ NN IN DT NNP HYPH CD , '' NNS VBD IN DT NN NN . `` JJ NNS '' JJ NN IN NN NNS IN NN IN NNP , NNS VBP `` DT RBS JJ NN VBZ TO VB RP DT NN IN DT NN RB WRB DT JJ NN VBZ RB VBG CC DT NNS MD VB RBR JJ , '' VBD NNP NNP NNP , NN IN DT NNP NNP IN NNP NNPS -LRB- NNP -RRB- IN DT NNP NNP IN NNP NNP , IN DT NN . JJR IN CD CD NNS VBP VBN VBN IN DT NN CC JJR IN CD VBP VBN IN NN HYPH CD , VBG IN DT NNP NNP NN . DT JJ NN VBZ RB RB JJR , IN IN NNS IN NN CC JJ JJ NNS . DT NNP NNP VBD IN DT NN ."
690,1000,mainstream,"EX VBP VBN DT NN IN NNS IN NN , VBG CD IN NNP , IN DT NN IN NNS RB VBG RB VBN . IN DT JJ NN , EX VBZ JJ JJ NN WDT VBZ IN NNS JJ IN DT NNP -LRB- NNP , NNP , CC NNP -RRB- VBP DT NN IN NN . IN DT , DT JJ NN VBZ IN CD IN CD NNS IN NNP NNP VBP NNS VBP RB VB NN . -LRB- IN CD IN CD NNS IN NNP NNP VBP DT JJ . -RRB- DT NNS VBP VBN IN DT NN VBN IN DT NNP , NNP , WDT VBD CD NNP NNS IN NNP CD SYM CD CC VBD PRP DT NN IN NNS . CD NN IN DT JJ NN IN NNP NNP POS NNS VBG DT JJ NN , MD VB DT NN PRP . NNP NNP VBZ RB VBN PRP VBZ EX VBZ DT NN IN NNS CC NN IN NNS . `` PRP VBP VBN NNS WRB PRP VBP DT RB JJ NN , CC PRP VBP IN DT NNS , CC DT NN RBR DT NN VBZ RB RBR JJ , '' NNP NNP VBD NNP NNP IN CD . `` PRP VBD IN NN WDT VBD IN PRP RB . PRP VBP , PRP VBD DT JJ NN , RB DT NN IN DT NN . CC DT IN DT RB , PRP VBP RB , PRP VBP DT NN NN . PRP RB VBP DT NN IN PRP . PRP VBZ IN PRP VBP VBG RP : PRP VBP , PRP VBZ JJ , DT NN . CC PRP VBP DT IN DT JJ NN . CC RB DT IN DT JJ , DT NN VBZ JJ DT NN RBR . CC PRP RB VBP DT VBZ PRP . '' NNP NNP VBD VBN IN DT NN IN DT JJ NN NN IN NNP CD , CC PRP VBD DT NN . RB , PRP VBD DT NNS VBD VBG DT `` NN NN '' . `` NNS WDT VBP IN PRP , RB DT JJ NN , CD NNS JJ , JJ NN VBD TO VB DT NN CC VBD RB CC DT NN RBR , VBD DT JJ NN , VBD RB , RB JJ , RB VBZ JJ , '' PRP VBD . IN CD NN NN , NNP NNP VBD IN VBG NNS IN DT VBN NN IN NNS CC NN , VBG VBN JJ NN NNP NNP , IN DT NN IN NNP . NNP VBD NNP VBD IN DT NN IN NNS WDT VBD CD JJ NNS IN CD NNS , VBG IN NNS IN DT NN , CC VBD TO VB NNP , DT JJ NN VBN IN NNP NNP . NNP NNP , WP VBZ RB VBN TO VB IN NNP , NNP , VBD DT JJ NN IN DT CD NN VBN IN DT NNP WDT VBD TO VB DT NN IN NNS WP VBD VBN DT NN IN NN CC NN NN . DT JJ NNS VBD JJ TO VB PRP$ NNS . VBG DT JJ NN , DT NNP NNP NNP NNP VBD IN NNP NNP VBD RB CC RB , CC RB VBD JJ JJ JJ NNS JJ IN NNS . DT NNP RB VBD DT NN CC NNP NNP VBD VBN IN DT NNP JJ NN . NNS VBP DT NN IN RB VBG VBN VBZ RB RB JJ . IN NNP CD NNS IN NNS VBD NNP IN VBG NNP POS NNP . DT NN , CD IN DT JJS IN DT JJ CD NNS , RB VBD IN NNP , NNP , NNP , NNP NNP CC NNP . NNS VBD RP IN IN NNP NN VBZ NNS TO VB NNS IN NNS , NNS CC NN , DT NN VBZ NNS TO VB RP IN DT `` JJ NN NN '' IN PRP VBP EX VBZ DT NN IN NNS CC NN . NNS VBD IN IN DT CD NNS VBN RP IN DT JJ NN , RB CD VBD VBN TO VB RB VBN ."
691,32,mainstream,"PRP VBD VBN IN JJ NN . PRP VBD VBN IN NN , DT NN JJ IN NNP . NNP NNP NNP CC NNP NNP , NNP , `` IN NNP POS NNP , NN NN NNS VBP JJR IN PRP$ JJ NNS , '' CD NNP CD DT JJ NN , WDT VBZ DT NNS IN NN , NN CC DT RB JJ NN NN NN , VBZ IN CD NNS . NNP NNP , NNP NN , `` DT NN NN MD VB PRP TO VB CD NNS . RB VBZ WRB . , '' CD NNP CD JJ NNS VBP VBN VBN IN JJ NNS RB RB IN DT NNS , WRB NNS , NN , CC DT NN VBD RB PDT DT NNS IN DT NNP NN IN DT JJ NNP . NN MD VB RB VBN TO VB DT NN HYPH CD NN NN : DT NN MD VB VBN DT NN NN IN DT NN . NNP NNP , NNP NNP , `` NNP NNP POS NN IN DT NN HYPH CD NN VBZ JJR IN JJ NNS , '' CD NNP CD NNP VBD JJ IN NNP HYPH CD IN NNP CC VBD NNP CD IN VBG DT JJ NN IN NN CC NN NN . IN DT NN NN IN NNP , JJ NN NNP VBD NNP , DT JJ NN NN , IN CD NNS IN JJ NN . NNP NNP , NNP NNP , `` JJ NNS MD VB JJ PRP VBP NN IN DT NN IN DT NN NN , '' CD NNP CD IN CD , NNS MD RB VB PRP$ JJ NN NN . NNP VBD JJ IN NNP HYPH CD IN NNP CC RBR VBD DT JJ NN IN NN CC NN NN , DT NN VBD . NNP NNP , NNP NNP , `` CD HYPH NN HYPH JJ NN IN CD NNP JJ NNS VBZ IN NN , '' CD NNP CD"
692,1286,mainstream,"NNP NNP `` NNP '' NNP -LRB- NNP CD , CD SYM NNP CD , CD -RRB- , VBD DT JJ NN , JJ NN NN , CC DT JJ NN -LRB- CD -RRB- WP VBD DT NNP NNP NNP NNP NNP IN NNP , NNP , -LRB- CD -RRB- DT JJ NN IN NNP , NNP -LRB- CD -RRB- CC IN NNP , WRB PRP VBD NN . -LRB- CD -RRB- -LRB- CD -RRB- PRP RB VBD DT NNP NNP NNP NNP , WDT VBD TO VB JJ NNS IN PRP$ JJ NN . -LRB- CD -RRB- NNP VBD DT NNP JJ NN IN CD . PRP VBD DT NNP IN NNP NN IN DT NNP IN NNP NNP IN CD , WRB PRP RB VBD IN JJ NN VBG CD NNS RBR . PRP$ JJ NN VBD IN NN NN , CC PRP VBD PRP$ NN IN DT NN IN NNP NNP NNP NNP . PRP VBD DT JJ NN IN NN NN CC NN IN DT NNP NNP IN NNP NNP IN NNP , NNP . -LRB- CD -RRB- NNP VBD NN NN , WDT PRP VBD VBD NNS IN DT NN , IN DT NNP IN NNP NNPS CC NNPS , WDT VBZ RB VBN IN NNP . DT NN VBD IN JJ NNS VBD DT JJR NN NN IN NN , -LRB- CD -RRB- CC IN CD JJ NNS VBD NNS NN IN PRP$ JJ NN . -LRB- CD -RRB- DT NNP IN NNP VBZ VBN DT NN IN NNS CC NN . -LRB- CD -RRB- NNP VBD DT JJ NN VBN NNP NNP -LRB- CD IN DT NN NNS IN DT NN NN NN -RRB- IN NN NN IN DT NN IN VBG NN IN PRP$ NN , IN NN IN DT NN IN NN , NN , CC NN NNS VBD VBN TO VB PRP VBD JJ NNS IN NN . -LRB- CD -RRB- IN DT CD HYPH NN NN , NNP VBD NNP POS NN CD NNS . -LRB- CD -RRB- NNP NNP VBZ VBN , `` PRP VBZ IN PRP IN NNP VBZ WDT IN PRP$ JJ NNS TO VB CC VBZ NNS WDT VBP PRP , '' CC VBZ NNP POS NN VBD NNS IN `` NN '' . -LRB- CD -RRB- NNP NNP VBD NNP POS NN TO VB NN IN NN NN IN `` JJ . '' -LRB- CD -RRB- IN DT NN IN DT NNP NNP , NNP VBD DT NN IN JJ NN -LRB- NNP -RRB- IN DT NN NN , VBG , `` DT NN IN NN MD VB DT NN IN NN IN NN VBD RB DT NN CC NNP VBD JJ . '' -LRB- CD -RRB- NNP RB VBD NN VBG DT NN IN JJ NN NN IN NN , -LRB- CD -RRB- DT IN WDT VBD PRP VBD JJ , -LRB- CD -RRB- RB RB IN DT NN VBG IN JJ NNS VBP DT VBN NN IN JJ NN . -LRB- CD -RRB- JJR NNS NNP VBN IN JJ NNS VBD DT JJ NN NN , IN WDT PRP VBD TO VB VBN CD NNS . -LRB- CD -RRB- IN DT NN IN DT JJ NN , NNP VBD NN NN NN IN DT NN NN . -LRB- CD -RRB- NNP VBD VBN JJ IN DT NN NN IN DT NN IN DT NNP NNP IN NNP NNP , NNP NNP IN NNP CD , IN PRP$ NNP , NNP JJ NN VBD VBN IN DT NNP IN NN IN DT NN IN NNP NNS . -LRB- CD -LRB- CD -RRB- -LRB- CD -RRB- IN DT NN IN PRP$ NN , PRP VBD IN NNP CC VBD PRP$ JJ NN IN NNP . -LRB- CD -RRB- IN DT NNS VBD NNP POS NN DT NN , JJ NN NNS CC JJ NNS VBD PRP VBD VBN IN NN IN PRP$ NN IN NNS . -LRB- CD -RRB- NNP POS NN VBZ JJ , WDT NNP VBD IN DT NN PRP$ NN VBD IN NN CD NNS . -LRB- CD -RRB- , NNP NNP , NNP : NNP , NNP : NNP , NNP : NNP , NNP : NNP , NNP : NNP , NNP : NNP , NNP : NNP , NNP NNP : NNP , NNP : NNP , NNP -LRB- CD -RRB- . `` NNP NN NN CD , CC RB NN CD , VBZ IN HYPH VBN IN NNP NNP NNP NNPS IN NNPS VBN IN NNP NNPS '' . NNP IN NNP CC NNP NNPS . CD -LRB- CD -RRB- : CD CD . CD . NNP CD . SYM NN NNP , NNP : NNP , NNP NNP : NNP , NNP -LRB- CD -RRB- . `` JJ NN IN JJ NN NNS IN NN NN NN HYPH JJ NN '' . NNPS IN NNP . CD : CD . NN . NN . NNP CD . SYM NN NNP , NNP NNP : NNP , NNP : NNP , NNP : NNP , NNP : NNP , NNP : NNP , NNP : NNP , NNP : NNP , NNP : NNP , NNP : NNP , NNP NNP : NNP , NNP : NNP , NNP : NNP HYPH NNP , NNP -LRB- CD -RRB- . `` NN CC NN IN JJ NN NN IN NNS IN NN NN NNS : NN NN HYPH JJ NNS '' . NNP JJ NN . CD : LS . LS . NN . NNP CD . NFP NN NNP , NNP : NNP , NNP -LRB- CD -RRB- . `` NNP IN NNP NNP NNP NNP IN NNP NNP IN NNP NNPS IN NNP NNP : DT NN IN NNP NNPS '' . NNP IN NNP NNPS CC NNPS . NNP IN NNP NNPS CC NNPS . CD -LRB- CD -RRB- : CD ."
693,505,mainstream,"NNP NNS VBD VBG PRP$ NNS CC VBG IN DT CD HYPH NN NN IN NNP POS JJ IN NNP VBD DT JJ HYPH NN JJ NN IN PRP$ NN NN VBD NNS IN NNP HYPH CD IN DT CD NNS . NNS IN NNP VBD VBG JJR IN CD NN IN NN NN . NN HYPH IN HYPH NN , DT NN POS NN VBD RB CD NN IN IN NNP POS NN . -LRB- NNP -RRB- NFP NNP VBZ JJ NNS IN JJ HYPH NN NN NN NN -LRB- NNP -RRB- IN NNP POS NN CC NNP POS NN , DT NNP NNP NNP NNP VBD JJR IN CD NN JJ NN IN NNS VBD IN JJ JJ NNS CC VBG NN NNS IN DT NNP CC NNP . DT NNP , VBN IN DT NN IN NN NNS , VBD JJ IN DT NN IN IN NNP POS NN IN VBG IN DT NN IN CD RBR DT NN . -LRB- NNP -RRB- DT NNP NN MD VB IN RB IN CD NN IN DT JJ NN , NNP NNP NNP NNP NNP VBD NNP POS `` CD NNS . '' NNP VBD PRP VBZ DT NN MD VB CC PRP MD VB IN DT `` NN IN JJ NN . '' NNP NNP JJ NN NNP NNP VBD NNP DT NN IN NNP VBZ RB JJ CC VBZ DT JJ NN RB . -LRB- NNP -RRB- DT NNS IN NNP -LRB- NNP -RRB- CC NNP -LRB- NNP -RRB- VBD IN DT NN TO VB NN NNS , VBG IN DT NNP NNP NNP , IN PRP VBP TO VB RP DT NN HYPH NN NN TO VB NNP POS NN NN , NNP NNPS , IN NNP . NNP VBZ TO VB IN NNP POS JJ NN VBZ RB JJ . NNP JJ JJ NN NNP NNP HYPH NNP VBD VBN JJ JJ NN IN IN NNP -LRB- NNP -RRB- , JJ IN DT JJ NN NN POS JJ NN IN NNP CD . NNP HYPH NNP VBZ VBN DT JJ NNP NN NN IN CD . NNP POS -LRB- NNP -RRB- NNP NN MD VB DT NN IN JJ NN NNS IN DT NNP NNP CC NN NNS NN , VBG IN DT NNP NNP NNP . DT NNS MD RB VB IN NNP POS NN IN CC DT NN NN CC IN JJ NN . NNP POS NNP VBZ IN NNS TO VB DT JJ NN IN PRP$ NN IN NNP HYPH NNP NNP -LRB- NNP -RRB- IN VBG NN NNP NNP , VBG IN DT NNP NNP NNP . PDT DT NN MD VB NNP NNP POS NN IN RB CD NN IN RB CD NN . NNP -LRB- NNP -RRB- : NNP VBZ VBN RP IN CD NNS IN NNP CC NNP IN JJ NNS IN DT JJ NN , VBG IN DT NN RB JJ IN DT NN POS NNS WP VBD IN NNP . JJS NN -LRB- NNP -RRB- : JJS NN VBD VBN TO `` VB '' IN `` NN NN '' IN NNP NNP NNP , WDT VBZ DT JJ NN TO VB IN DT NN IN VBG IN NN CC VBD NN NN IN NN . NNP NNP -LRB- NNP -RRB- : DT NN VBD IN NNP CD NN NN , IN NNS TO VB NN IN NNS CC VB IN CD JJ NNS . PRP MD VB DT NN NNS , IN DT JJ MD VB DT JJ NN NN NN VBG DT IN DT NN POS NN . NNP NNP -LRB- NNP -RRB- : NNP MD VB NN IN DT NN NN IN PRP$ NNP NNP NN IN NNP IN NNP . DT NN VBZ VBG DT NN IN NN NNS , VBG NNS CC NN NN NNS . NNP NNP -LRB- NNP -RRB- : NNP NNP VBZ IN NNS TO VB RP DT $ CD CD NN NN WDT MD VB VBN IN DT JJ NN . DT NN VBZ VBG TO VB RP PRP$ NNS IN PRP VBZ IN DT NN IN DT NN NN RB RB IN VB IN PRP$ VBN NN IN NNP NN NNP NNP . NNP NNPS -LRB- NNP -RRB- : NNP VBD VBN IN `` JJ '' IN `` NN '' IN NNP NNP NNP , WDT VBZ IN DT NN IN JJ NNS IN DT NN NN NN VBG DT VBG NN NN IN NNP ."
694,363,mainstream,"-LRB- NNP -RRB- , NNP NNP -LRB- NNP -RRB- IN NNP VBD NNP NNP NNP -LRB- NNP -RRB- TO VB VB DT CD CD NNS IN DT JJ NN POS JJ NN HYPH CD NN VBN IN DT NNP NNPS . NNP VBZ VBN NN NNS RB TO VB PRP$ NN IN VBG CD CD NNS IN DT NN , VBG IN CD NNP NNP HYPH VBN NNS CC DT $ CD CD NN IN DT NNP NN . DT NN POS NN VBZ IN DT JJ TO VB IN JJ NNS CC DT JJ NN IN PRP$ NN MD RB VB JJ IN NNP CC NNP . EX VBP DT VBN NNS CC NNS IN NN HYPH CD , DT RB JJ JJ NN VBN IN DT JJ NN . NNS VBP VBN IN DT JJ CC JJ NN MD VB IN JJS CD IN CD NNS IN DT NN IN NN . EX VBP JJR IN CD JJ NNS IN NN , CC NNP POS NN IN NNP NNP VBZ CD IN DT NN TO VB VBN RB RB IN NNP NNP NNP NNP POS NNP HYPH CD NN NN . NNP VBD DT $ CD CD NN IN DT NNP NN JJ NN TO VB VB NN NN IN DT JJ NN NN IN CD . DT NN , WDT VBZ VB NNS CC NNS , VBD NNP IN NNP PRP MD VB NNP IN NN NNS , JJ NN CC NN NN NN IN DT NN , VBN IN RB $ CD CD . NN VBZ RB VBG TO VB NN IN NN HYPH CD NNS IN NN IN NNP CC NNP -LRB- NNP -RRB- , NNP NNP -LRB- NNP -RRB- CC NNP NNP -LRB- NNP -RRB- . DT NN VBD PRP MD VB JJ HYPH NN NN NN IN DT NNP NN IN CD IN PRP$ NNP NNP NN , WDT MD VB IN IN NNS IN NNS IN NNS RB . NNP VBD RB VB IN NNP NN IN JJ NNS ."
695,585,mainstream,"`` RB , IN DT NN IN CD , PRP VBP TO VB DT NN CD CD NNS , '' NNP VBD IN DT JJ NN IN DT NNP IN DT NNP NNP NNP . RB , PRP VBZ RB RB JJ IN DT NN MD VB JJ IN DT JJ NN . NNP VBD DT JJ NN NN , VBN IN NN NN NNP IN NN IN NNP , MD VB IN DT JJ NN IN NNS IN NNS , VBN IN NNP CD , IN NN . NNS IN JJ CC JJ NNS VBP RB IN NN , PRP VBD . `` DT JJ NN NN IN DT DT MD VB DT NN CD WDT VBZ IN DT JJ NN IN NNP , RB , '' NNP VBD . `` PRP VBP TO VB RB JJ NNS IN PRP MD . '' NNP CD MD VB RB CD NNS . DT NN MD VB VBN IN NNS NNS CD IN CD , RB RB IN IN DT JJ CC IN NNS WP VBP JJ NN NNS . `` PRP VBZ VBG TO VB DT JJ NN , '' NNP VBD . IN JJ NN CC VBN NNS , DT NNS VBP RP IN DT NN IN DT NN NN NNP VBD NN CD IN DT NN VBD DT JJ NNS RB . DT JJ CD NNS MD VB VBN IN DT NN IN DT NN . DT NN VBZ TO VB NNS IN DT NN RB IN PRP VBZ JJ IN PRP MD VB , VBG JJ IN CD CD NNS IN NNP CC NNP , NNP VBD . IN PRP VBZ VB , RB PRP MD VB VBN RB . NNS MD VB JJ NNS IN NNP CC NNP TO VB IN DT NN VBZ , NNP VBD . NN NN : NNS IN IN DT NN DT NNP IN NNP CC NNP NN NN IN NN IN DT NNP MD VB DT JJ NN . DT NN IN JJ NN NNS MD VB RB CD IN CD NNS IN DT , PRP VBD . `` PRP VBP RB JJ IN IN DT JJ NNS PRP VBP IN JJ NNS , IN PRP VBP VBG TO VB DT NN WDT MD VB PRP JJ , '' NNP VBD . PRP VBZ JJ , PRP VBD , IN , IN DT NN IN NNS IN NNP HYPH CD VBP `` JJ , '' RB NNS VBP IN DT NN . NN VBZ IN EX VBZ DT JJ NN WDT MD VB DT NN . `` WDT VBZ PRP , IN IN DT NN VBZ JJ IN VBG DT JJ NN TO VB DT NN IN JJ NN , DT VBZ DT RB JJ NN IN NN , '' NNP VBD . `` VBG VBN DT , EX VBZ RB DT NN . '' JJ NN CC NNS VBP NN IN VBG NNP HYPH CD , NN VBZ RB , RB IN CD NNS RB IN JJ NNS CC JJR IN CD JJR IN NN , JJ NNS VBP JJ IN DT NN MD VB JJ RB JJ NN . NN NN NNS MD VB VBN , CC RB , DT NNS VBG VBN RB MD RB VB NNS IN DT NN . NNS IN NN NNS VBN RB IN NN MD VB VBN RP . NNP VBD NNS RB JJ IN WP DT NN IN DT NN NN MD VB . NNS VBP NNS TO VB JJ NNS VBN IN JJ NNS IN NN , CC IN NN RB RB VBZ RB DT NN . DT MD VB NNS MD VB DT JJ NN DT NN , IN VBZ DT NN IN NN . NNP VBD EX VBZ RB DT `` JJ NN '' IN NN IN NNS TO VB JJ NNS , JJ NN CC NN NN . DT VBP DT NNS WDT VBP NNS , IN NNS VBP , CC VBP PRP RB , VBP JJR JJ NN , CC MD RB RB VB NNP HYPH CD NNS . VB RP RB TO VB DT NNS VBP IN IN NNP NNP NNP DT NNP IN DT NNP NNP NN . NNP VBD PRP MD VB TO VB NNS VBN VBG JJ NNS CC JJ NN WDT MD VB DT JJ CC DT WP VBP IN NN IN DT JJS NNS IN NNP HYPH CD . `` DT VBZ DT RB , RB JJ NN , '' NNP VBD ."
696,942,mainstream,"POS NN HYPH CD NN VBZ VBN IN DT NNP NNP . JJ JJ NNS IN DT NNP NNPS CC NNP , IN IN JJ NN NNS , VBP VBG JJ NNS IN VBG NN HYPH CD NN NNS WDT VBP VBN VBG NNS VBN IN JJ NNS RB VBN NNS RB . PRP VBP RB VBN TO VB NN NN IN DT NNS , WDT VBP CD NN NNS WDT DT NNP NN VBZ TO VB IN DT NN IN IN IN $ CD CD , RB RB IN DT JJ NN VBN IN DT JJ NN IN NN IN NNP POS NNP NNP NNP -LRB- NNP -RRB- . CC PRP VBP VBG NNS CC NNS TO VB IN NNS VBP JJ NNS WDT VBP RB VB IN JJ JJ NN NN NNS CC , IN DT NNP NNPS , VBG DT NN TO `` VB '' NNS TO RB VB NNS WDT VBP RB VB IN JJ NNS . `` PRP VBZ RB JJ IN NNPS VBP NN IN DT NN WDT VBZ VBN RB : DT NNP MD VB VBN TO VB IN VBG VBN IN DT RB JJ NN CC VBG PRP$ CC PRP$ NN , '' NNS IN DT NNP NNP IN NNP NNPS CC CD JJ JJ , JJ , CC JJ NNS WDT VBP NN VBD IN NNP NNP , NN IN DT NNP NNP CC NNP NNP -LRB- NNP -RRB- , IN NNP . `` RB , JJ -LRB- NNP HYPH CD -RRB- NNS : VB NN NNS RB VBN IN JJ NNS CC NNS . '' `` PRP VBP PRP$ NN TO VB DT NN IN NNS WDT VBP RB VB DT JJ NN IN JJ NNPS , '' VBD NNP IN NNP NNP NNP , NN IN DT NNP NNP IN NNP NNPS , CC CD JJ JJ JJ , JJ , CC JJ NNS CC NNS IN DT CD NNP NN IN NNP NNP NNP NNP . `` DT HYPH NN IN NNS VBG JJ RB HYPH VBN JJ NN NNS VBZ JJ NN IN DT NN IN DT JJ NN . '' NNP CC JJ NNP NNP NNS VBD RB VB IN NNS VBG NN IN DT NN IN NNP . IN NNP , DT NN NN VBZ VBN TO VB IN DT NN IN NNP , VBZ NNP NNP , JJ NN IN DT NNP NNP NNP NNP CC JJ NN IN DT NN . NNS VBN IN JJ NNS VBP VBN VBN IN DT NNS TO VB NNS , VBG JJ NNS IN NN , NN , NN NN , CC NNS . PRP VBP RB VBN VBN TO VB VBN NNS IN NNS VBG NN , JJ NN , CC JJ NN . RB , NN NNS IN DT NN VBP VBG TO VB JJR IN CD NN NNS IN NNP HYPH CD , VBG IN DT NNP NNP NNP , CD VBD VBN JJ NNS IN IN CD NNP . IN JJS CD IN DT NN NNP HYPH CD NNS VBP CD IN CD JJ NN NN NNS : NNP HYPH CD , DT NN NN NN RB VBN IN NN CC NN WDT VBZ IN DT NN VBN IN RB CD : CC NNP . NNP , DT JJ NN NN VBN IN NNP , DT NN IN NNP CC NNP , VBD IN JJ NNS IN DT CD HYPH NN HYPH JJ NN VBN IN CD . DT NN NNS VBD VBN IN DT NN IN JJ NN NNP NNP NNP NNP IN NNP NNP . CD IN DT CD NNS VBP VBN JJ NNS -LRB- VB NN , RB -RRB- . IN CD IN DT NNS , DT JJ NN NNS VBP VBN IN JJ `` NNS '' TO VB JJ NNS IN NNS , JJ IN IN PRP MD VB , WDT VBP VBN IN NNS TO VB NNS IN DT JJ NN WDT VBZ NN HYPH CD . WRB DT NNS VBP VBN IN DT NN , NNS POS NNS VBP TO VB NNS IN DT NN , RB VBG DT JJ JJ NN . DT JJ NN , WDT VBZ VBN NN IN NNS CC VBZ VBN IN JJ NNS RB RB IN DT NN , VBZ WP VBZ VBN IN DT NN NN NN . NNS IN DT NNP IN NNP VBP NNP HYPH CD NNS TO VB DT NN POS NN NN : DT JJ NN IN PRP$ NN : WDT VBZ VBN TO VB DT JJ NN . DT NN VBZ VBN IN DT NN NN IN CD JJ NNS . DT JJ NN NNS VBP JJ IN VBG CC NNS IN NN . `` NNP HYPH CD -LRB- NNS -RRB- VBP JJ IN VBG NN NN NNS , '' VBZ NNP NNP , DT NN NN IN DT NNP IN NNP NNP IN NNP CC DT NN POS JJ NN . PRP$ JJ NN VBZ JJ , PRP VBZ : `` VBN -LRB- JJ -RRB- NN NNS MD VB DT JJ NNS , CC PRP MD VB VBN IN JJ NN NNS , WDT : IN DT NN IN NNS : VBZ DT NN IN VBG TO VB DT JJ CC JJ JJ NN . '' -LRB- IN DT NNS IN DT CD NNS , RB NNP VBD IN DT NN IN NN . -RRB- NNP NNP , JJ NN CC NN NN IN DT NNP NNP NNP , WDT VBZ NN , VBZ NNS VBG NN NNS VBP VBN NN HYPH CD NNS TO VB JJ IN VBG JJ NNS : JJ IN DT WDT VBP NNS TO VB DT NN NN NN : IN NNS . CC PRP VBZ IN JJ NNS VBP JJ , VBG VBG NNS VBN IN NN WDT VBP VBN TO VB NN HYPH JJ NNS . `` DT NN IN NNS IN RB VBN NNS IN NN NN VBZ DT CD NN HYPH CD NN NNS JJ , IN PRP VBP DT JJ JJ NNS WP VBD VBN , '' NNP CC DT NN : JJ NN NNP NNP , DT NNP NNP NN NN CC NN IN DT JJ NN NN NN NNP : VBD IN DT NN NN VBN JJ NN . CC NNP NNP , DT NN IN DT NNP NNP NNP NNP IN NNP , VBZ : `` EX VBP JJR NNS TO VB DT NN NNS IN VBG NNS RB TO VB DT NN . DT VBP JJ HYPH IN NNS . DT NNS VBP NNS JJ , CC RB JJ JJ NNS IN DT NN VBP VBN IN IN DT JJR NN PRP VBZ RB JJ DT NN TO VB DT NN IN NN . '' DT NNP POS NNP NNP IN NNP VBD IN CD CC VBD IN CD IN IN DT NN IN NNS , NNPS MD , IN JJ NN , VB NNS VBN VBG JJ JJ NN NN NNS . DT NN VBN IN DT JJ NN NNP NNP VBD DT JJ NNP HYPH CD NN TO VB NN CD JJ NNS . PRP VBD VBN VBG VBN NNP HYPH CD NNS WDT DT NN VBD IN NNP POS NNP , WRB DT NNS VBD VBN . -LRB- NNP HYPH VBN NNP HYPH CD NNS VBP RB VBN VBN TO VB DT VBN NNP NN . -RRB- JJ NN , NNP VBD DT NN IN NNP NNP IN WDT PRP VBZ VBG TO VB JJ HYPH NN JJ NNS IN DT NN IN NNP , CC VB RP NNS TO VB DT NN IN NN . DT CD NNP HYPH VBN NNS WDT VBP VBN NN IN NN NNS VBP IN DT JJ NN IN NNS VBN TO VB JJ CC JJ NN IN DT NNP NN IN DT NNP NNP POS NNP NNP NNP , WDT VBZ TO VB DT NN CC NN IN IN JJS CD NN HYPH CD NN IN NNP CD , VBG IN DT CD NNP NN IN . CD IN DT NNP NNP NNS , VBN IN NNP NNP CC NNP , VBZ NNP . NNP NNS . DT JJ , IN NNP IN NNP NNS CC NNP , VBZ NNP HYPH CD NNS . DT VBP VBN NNP NN NNS IN , RB , $ CD CD CC $ CD CD , IN PRP VBP NNS , IN DT NNP NNP NNP NNP NNP -LRB- NNP -RRB- . DT NN WDT VBZ IN NNP HYPH CD , VBG VBN IN CD NNS VBN IN DT NN NN CC NN NNP NNP HYPH NNP , VBD DT JJR , NNP NNP JJ NN IN CD JJ NNS , VBG IN DT NN NN IN CD IN NNS , NNP . NNP VBZ : `` IN PRP VBP VBG : NNP CC DT NNP NN NNS : WDT NNS TO VB RB , PRP MD IN JJS VB IN EX VBZ DT NN IN DT NN WP MD VB DT JJ NN PRP MD VB IN JJ NN . '' NNP VBZ . `` IN PRP VBP VBG TO VB DT NN MD RB VB NNS WDT DT NN IN NNS VBP IN , PRP MD VB DT RB JJ NN IN NNS WDT MD RB VB VBN IN DT NN , IN NN IN NNS IN NN IN JJ NN . '' DT NNP NN VBZ VBN DT NN IN JJ JJ NN IN JJ NNS IN JJ NN . CD NN RB , PRP VBD DT NN WDT VBZ NNS IN DT NNP NNPS IN NNP -LRB- NNP -RRB- IN VBG JJ NN IN JJ NNS IN PRP$ NNS . CC PRP VBD DT JJ NN IN NN IN JJ NNS VBG NN NN TO VB NN VBG JJ NN . CC DT NN VBD RB VB DT NN IN VBG NNS HYPH JJ JJ NN NNS IN NNP HYPH CD CC NNP CD . NFP NN , CD NNP , CD NN : DT NN VBZ VBN VBN TO VB IN DT NNP VBZ IN NNPS VBG NNS VBN VBG JJ NN NNS RB IN DT NN IN NNS ."
697,941,conspiracy,"DT NN IN DT JJ NN IN PRP$ NN VBZ RP DT NN IN DT NNS IN NNP NN WDT VBD IN NN NN IN DT NN HYPH VBN NNS IN DT NNP NNP NN . RB RB DT NN IN DT NN IN DT NN , DT NN NN IN DT `` JJ '' NN RB VBZ NNS WP VBP VBN , CC RBR VBN , IN DT JJ NN NNS WDT VBP JJ NNS , VBG NNS VBP RB VB CC VB PRP$ NNS IN DT NN CC JJR IN VBG VBN , WDT IN NN VBP PRP VBZ RB JJ TO VB DT JJ NN IN DT NN NN IN NNS . RB RB JJ NN VBZ CC DT NN MD VB PRP$ CC PRP$ NN VBG RP CC VBG RB IN DT NN . IN VBN RBR IN , DT NN IN JJ NNS VBZ IN IN NN HYPH NN , NNP VBD NNP IN DT NN , DT NN WDT VBZ VBN RP DT VBN NN IN NNS IN DT JJ JJ HYPH NN NN NN -LRB- NNP SYM CD -RRB- IN NNP . RB , TO VB DT JJ NNS VBG IN NNS , PRP MD VB IN DT NN VBD VBN TO VB NNS IN DT JJ JJ NN IN NNP POS NN NN , RB DT NN NNS IN DT NN POS JJS NN NN . RB IN DT NN , PRP MD VB DT NN VBG IN DT NN , VBG DT CD NNP NNPS IN DT NN . UH , EX VBZ NN CC RB DT NN PRP$ JJ NN VBD . UH , DT NNPS MD VB JJ NNS IN NNP CC RB VBZ DT NN IN DT NNS IN DT NN IN NN NN . IN NN , DT NNPS VBP RB VBG TO VB DT JJ NN IN CD NNS DT NN IN NNP IN DT NN IN NNP . DT JJ NN VBZ IN DT NNP NN NN VBZ JJ CC RB JJ IN NN IN IN DT NN IN PDT DT JJ NNS VBP VBG IN JJ NN RB IN NNP . RB VB DT NN IN PRP$ JJ NNS . VB RP DT JJ NNS DT NN NN VBZ VBN JJ IN JJ NNS , JJ CC JJ IN DT NNP , WDT MD VB VBN DT NN NN NN IN DT NN NN IN DT NNP NN NN . NNP , DT NN IN NNS , VBZ VBN VBG RP IN NNP NNP RB VBD DT NN . NN HYPH VBN NN VBP DT JJ NN IN NN IN NNP , IN CC RB PRP VBZ VBN IN DT JJ NN CC DT NN NN HYPH NN NN , IN PRP DT VBZ IN DT JJ NN NN , PRP NNS . DT NN VBZ NN VBN IN DT NNS IN NN IN NN NNS VBG IN IN NN NNS , WDT PRP MD VB RB IN DT JJ NN . DT NN CC NN NNS VBP IN DT NN IN NNP VBP JJ VBN IN NNS IN JJ NNS RB IN VBG IN VBN NNS CC NN HYPH NNS . IN DT JJ NN NN IN DT NN VBZ , DT VBN NN VBP NNS , WDT VBP RB JJ IN DT NN IN NN . DT JJ NNS VBP RB VBN RB IN NNP NNP IN DT NNPS CC NNPS MD VB VBG IN NNS , JJ -LRB- RB IN NNS VBP RB VBN TO VB NNS IN NNP -RRB- . IN DT NN IN VBG NNS IN DT NN NN IN NNP PRP VBD TO VB NNS TO VB NNS IN NNS CC NNS , CC RB RB VBP VBN DT NN JJ NN NN VBP DT NN IN VBG DT NN IN DT NN , NN CC NN NN . DT JJ NNS IN NNS VBP VBN IN DT NN HYPH VBG NN , CC DT VBP NNS WDT VBP NNS , WDT VBP IN DT RB JJ NN IN DT JJ NN IN DT NN NNS RB JJ VBG NNS -LRB- WDT VBP RB JJ IN PRP NNS -RRB- . VBG NNS VBP NNS IN NNP HYPH NNP , NNP , NNP -LRB- IN NNS -RRB- , CC NNS IN JJ NNS VBN IN CD NNS IN DT NN . NNS VBP IN DT NN IN NN , DT NN NN IN NN CC NN . DT JJ NN NNS VBP DT JJ JJ NN IN DT NN HYPH NN . NN HYPH VBN JJ NNPS WP IN DT RB HYPH VBN NNP HYPH CD NNS IN NNP . PRP VBZ JJ , RB , IN DT NNP NNS VBP DT JJ NN IN VBG NNS CC NNS IN NN CC NN NNS , JJ NNS JJ IN DT NNS IN DT JJR JJ NNS CC NN NNS VBG IN JJ NNS , JJ NN NNS CC NN HYPH NN VBN NN NN HYPH NNS IN NNP CC NNP NNP CC RB . WRB VBP DT JJ JJ HYPH NN `` NN '' NNS WRB JJ NNS VBP PRP . NNP , VB PRP . DT JJ JJ NNP NNS VBD VBN TO VB DT NN NNS IN DT NN NN IN DT NNS IN NNS IN NNP IN NNP . RB DT NNP NN VBZ VBN DT NN IN NNP NNP , IN VBG DT NN NNS CC VBG PRP . PRP VBZ PDT DT NN IN DT JJ JJ NN CC NN , DT NNP NNS IN NN . IN PRP VBP NN IN NNP , CC JJ NNS RB VBP , VB VBN IN PRP CC VBG VBG IN NN . DT NNS VBP IN NN , CC DT NNS VBN TO VB NN . DT NN IN DT NNP NN NN VBZ NNP NNP , VBG DT NNP NN TO VB NN IN DT NNS DT NNPS WP VBD DT NNS IN NNP NNP VBZ DT JJ NN IN DT JJ NN IN NNP -LRB- CC RB VBP PRP , CC DT VBZ RB DT NN TO VB NNS -RRB- . DT NNP NNS VBP RB IN DT JJ NN CC RB VBG IN JJ NN . PRP VBZ JJ TO VB RP IN DT NNP NNS VBP JJ CC JJ , EX VBZ DT NN IN JJ HYPH NN NNS IN DT NN IN JJ NN PRP VBP RB JJ IN VBG , IN JJS RB RB . RB , IN DT NN VBZ RP , PRP VBP VBG TO VB TO RBR RB VB DT NN HYPH NN VBN IN DT NNP NNP NNP . IN DT JJ NNS , DT VBN NNS VBP VBG IN DT NN HYPH VBN JJ NN NN VBG DT JJ NN IN DT JJ NN IN IN DT NN IN DT NNPS , NNP NNP , MD VB NNP CC DT NNP , NNP CC NNP IN DT JJ POS NNS , IN NNP CC NNP TO RBR VB DT IN PRP . JJ NNS IN VBG JJ NN MD VB VBN IN IN DT NNP , RB WRB DT NN HYPH NN VBZ DT NN IN DT NN NN IN NN CD -LRB- NN NN CC NN -RRB- IN DT NNP HYPH NN NNP NNP NNP NNP -RRB- . CD NN , RB VB RB VB PRP$ NNS . JJ VBZ IN DT NN NN IN NNP VBG DT NN IN NN HYPH VBN NNS IN JJ NN NNS , NNS CC NNS , VBG IN DT NN NN . -LRB- NNP , PRP VBP PRP RB RB , NNS . -RRB- IN DT VBN NN NNS VBD RB VBN IN VBN NN , WRB VBP RB DT IN PRP VBN RP IN NN NNS CC NN NNS IN DT VBN NNS IN NNP . PRP$ NN VBD NNP CC JJ NN IN JJ CC JJ JJ NNS , NN HYPH NN NN NN RB NN CC NN NN NNS , CC JJ JJ NN , CC VBD CD NN IN NN HYPH NN VBZ RB JJ CC JJ . NN VBZ VBN DT NN TO VB IN NNS IN DT CD NNS IN NN NN , VBG NNS IN NNS CC RB JJ IN DT NN . DT NNP VBZ CD NNP NNPS , VBN RP IN DT NN IN VBG NN NN , DT VBZ DT PRP VBP . PRP RB VBP IN PRP VBP RB VB TO VB IN DT VBG DT JJ CC JJ NNS IN DT NNP CC JJ NNS VBG IN NNPS CC PRP$ NNS , IN PRP VBP DT NN TO VB IN NNS . PRP MD RB VB NN JJ , UH VB . NNS IN JJ NNS NN NN VBZ IN DT NNP NN VBD IN DT NN HYPH VBG NNP , IN DT NN HYPH NN NN , WDT VBD NNS IN NNP IN DT JJ NN NNS IN NNP . DT NNS VBP DT JJ HYPH NN NN , CC NN VBZ DT NN NN WDT VBZ JJ NN . DT JJ NN IN NN CC NN VBZ CD NN , WDT VBZ IN PRP$ VBG NN , VB PRP `` NNP '' , WP VBZ IN DT NN , VBZ RB RB VBN DT JJ NN HYPH NNS IN DT NN NNP , VB PRP$ `` NNP '' . PRP VBP RB RB VBN IN DT JJ NN , CC VBP RB RB VB HYPH NN CC VB IN DT JJ POS JJ NN NN , RB WRB VBD DT JJ HYPH NN NN VBN RP . IN NNP NNP , IN NN , IN DT JJ NN IN NNP . DT NN HYPH IN HYPH NN NN VBZ IN NN IN IN DT JJ NN VBZ IN DT NNP NN VBZ IN DT NN NN IN NNS , IN NN NNS VBP VBN IN NNP NNP CC NNP NNP , WRB DT NNS VBP , MD PRP VB PRP . RB CD NNS IN NNP NNS IN DT JJR NNP NNP , IN DT NNS RB IN NNP -LRB- RB IN NNP -RRB- CC IN DT NNS IN DT JJ NNP NN RB IN NNP . UH , NNP VBD RB VB DT NN IN NNP . PRP MD VB DT NN HYPH NN CC DT NN NN VBZ RB VB IN DT NN . NNP VBG NN IN DT JJ NN VBZ NNS IN NN . NNP VBZ RB VB NNS , CC PRP VBZ VBN NNS . DT JJ JJ NN IN DT NNP NN IN NNP VBD IN NNP , CC JJ NNP IN DT JJS , WRB DT NN RB VBZ RB JJ IN DT JJ JJ NN VBG NN . -LRB- NNP VBZ CD IN CD NN NNS IN DT NN WDT VBP NNS IN NN . -RRB- WRB NNP VBD RP IN JJ NNP , DT NN IN NN VBD DT JJS NNP IN NN CC DT JJS NN IN CD NNS . UH . NN VBZ JJ . DT NN VBD NN IN NNP NNP , CC RB JJ NNS VBD CD IN NNS IN JJ NNS CC NNS VBN IN NNS . VBD PRP VB IN NNP VBZ IN DT JJ NN IN NN , NN POS NNS . RB NNP VBD DT NN IN PRP$ NN IN VBG NNS , WP RB MD VB DT NN IN NN IN DT VBG JJ NN . -LRB- NNS VBP DT RBS JJ NNS IN DT NNS . -RRB- RB VBD DT JJ NN IN DT NN NN TO VB DT CD HYPH NN HYPH CC NN IN DT JJ NN IN DT JJ NNP NN , IN PRP VBD RB DT NN JJ IN NN IN PRP$ NN . MD PRP VB , IN PRP$ NN POS NN , NNS IN JJ JJ VBG NNS VBG IN DT NN NN , DT NN IN JJ NNS VBG `` WRB PRP VBP DT NNP PRP VBP NNP PDT DT NN , WRB PRP VBP DT NNP PRP VBP DT JJ NN IN NN . PRP VBP DT NN HYPH NN NN IN DT NN NN . '' VB NNP , PRP VBP DT NN WP VBZ IN DT NN , VBZ DT NN NNP NNP . RB NN IN , NNP . UH , VBD DT IN PRP$ NNS VB TO VB NN NN IN PRP$ NN . UH , UH VB RB VB PRP IN IN NNP IN PRP VBZ JJ TO VB PRP IN DT NN CC IN DT NNS . WP VBZ DT VBG TO VB IN DT NN IN NNP . PRP$ NNS VBP VBN JJ DT NN IN DT VBG NN . PRP VBP DT NNS VBG JJ NNP , PRP NNS , NN HYPH NNP . RB DT JJ NNS IN DT NNP NNPS VBP IN IN HYPH JJ , UH RB JJ NN , PRP VBZ UH , NNP , FW '' , PRP VBD DT NN NN . DT NN HYPH NNS VBP VBG IN NN IN NN NN IN DT NNP NNP POS NN . DT NN NNS VBP JJ NN NN IN NN NN TO VB NN CC VB RP DT NN HYPH VBN NN NNS VBG RP . DT JJ NN RB VBZ VBN NNP , CC RB DT VBZ RB JJ NN WDT NNS IN NNP NNP VBP VBG IN JJ NN NNS IN NNP CC IN NN IN JJ NNS . UH , NNP , PRP VBP CD JJ NN . PRP$ NNP NN HYPH NNP CC NNP NNP MD RB VB PRP JJ . IN DT NNP NNP NN IN DT JJ NN NN , DT JJ NN IN PRP$ NNP CC NNP NN VBZ DT NN . JJ NNP VBZ VBN IN DT JJ NN NN CC VBN IN DT NN HYPH IN NN NN HYPH NN IN DT JJ JJ NN , IN DT NN HYPH NN NN IN DT JJ NN . RB , DT JJ NN VBZ PRP : `` UH , VB IN DT NN , PRP VBZ RB JJ CC JJ CC DT NN JJ , RB WP PRP VBP . '' UH NNP , WRB NN PRP . IN VBG RBR IN DT NN , VB PRP IN DT NN TO VB IN DT NN NN . NNS , NNP , NNP NNP . PRP MD VB PRP VBP DT NN `` VBG NNP '' . IN PRP VBP TO VB DT JJ JJ NN IN PRP$ JJ JJ NN IN PDT DT NNS IN `` NNP NNP '' , PRP MD RBR VB DT NN IN PRP$ NN NN . VB RB VB NN IN DT NN NN , '' IN PRP VBP WP PRP VBP VBG , IN DT NN HYPH NN NN VBZ DT JJS NN HYPH NN IN NNP HYPH NNP HYPH NNP . PRP VBZ RB NNP , PRP VBZ PDT DT NN . '' NNP NNP POS NNP HYPH NNP RB WP RB VBD IN NNP . NNP VBD VBG RP IN PRP VBD PRP RB IN DT NNP CC VBD RB RP IN DT NN NN VBG DT NN NNS VB RB DT JJ IN DT JJ NNS , IN PRP$ NN NN VBD IN DT NN VBG PRP$ JJ NN IN VBG IN NN . NNP NNPS VBP RB RBR JJ IN PRP$ NN CC PRP VBP NN NNS . NNP VBZ NN VBG RB . `` NN , NNP NNP , NN NN IN DT JJ NN NN . PRP VBP DT NNS IN RB VBP RB JJR IN DT NNP NN , WP VBZ PRP$ NN , NNP . UH , VB RB VB VBN RB , RB VBG . RB UH , DT NNPS VBP DT NN JJR CC DT JJ NNS RB RB VBP DT NN , NNP IN PDT DT NNS VBP VBN . VB PRP VB PRP . '' RB , NNS , RB VB RB VB IN NNP IN PRP VBP PRP IN NN IN DT NN HYPH IN NN IN NNP POS JJ NN `` NNP NNP '' . UH , NNP , IN NNP NNP TO NN , PRP VBP DT RB JJ JJ NN WP VBZ RB JJ IN PRP VBZ JJ , DT JJ PRP . CC PRP VBP VBN DT NN NN PRP VBP VBN VBG IN DT JJ NN , PRP$ JJ NN NNP . PRP VBZ NN , JJ HYPH NN JJ NN , PRP VBZ IN DT JJ NN . UH , PRP VBZ RB DT NNP NN , CC RBR IN DT NN IN DT NNP CC NNP NNP , VBN JJ NN CC JJ NN , PRP$ NN IN NN NN . NNP NNP , NNP , VBP PRP VB DT NN IN NN CC NN . VB RB RB . DT NNP NNPS RB RB IN DT NN IN DT NNP NNPS . RB DT JJ NN IN NN NN IN NNS CC NN NNS VBZ RB VBN VBN IN NNP , JJ NNP , NNP CC DT NNP NNP . DT VBZ NNP CC NN VBD RB VBN IN NN HYPH VBN NN IN CD IN NNP POS JJ NNS VBG DT NNP NNP . DT NNS VBD VBN IN DT NN HYPH VBN NN CC DT JJ NN VBN RB IN NNP CC , JJ , IN NN IN DT VBG NNP NN IN DT JJ JJ NNS IN NNP NNP CC DT NNPS POS NNP NNP . IN DT NN IN NNP VBD VBN TO VB NNS WDT VBP JJ NNS IN NNS , RB VBG VBG DT NN IN NN IN NN NNS CC NN HYPH VBG IN JJ NN . DT VBZ DT NN POS NN TO VB VBG NNS WP VBP IN DT VBN NN . DT NN IN NN VBZ DT NN IN VBG JJ NNS VBN IN DT NN IN NN NN . IN DT JJ NN , DT NN NN NN MD VB IN DT NN RP IN NNS CC NN IN DT JJ NN IN JJ NN NN . DT VBZ RB WP VBD IN JJ NNP WRB DT JJ NN VBD NN CC NN IN NNS IN DT JJ CD NN -LRB- CD NNS -RRB- NN IN DT NNP NNP . RB WRB VBZ RB DT IN DT VBG VBN IN DT NN . PRP VBP DT JJS NNS WP VBD RB VBN IN DT NN NN VBD VBN IN DT NN JJ IN PRP$ NN IN PRP$ NNS . RB NNS VBD VBG IN NNS IN DT JJ NN IN NNS WRB DT NN VBD IN PRP$ NN HYPH NN CC VBD PRP$ NN . DT JJ NN IN JJ NN VBZ DT NN IN NN NN , WDT VBZ JJR IN NN IN PRP$ JJ JJ HYPH NN NN . DT VBN NN HYPH NN VBD TO VB DT NN HYPH NN NN IN DT NN IN VBG RP NNP POS NN NN , WDT RB VBZ CD NN IN DT NN NN NN , IN IN DT VBN NN IN PRP$ JJ NN , CC RB NNP NNP , WDT VBP IN JJ NNS RB NNP . IN DT NN IN DT NN NNS , DT NNP NN MD RB RB VB IN PRP$ JJ NN NN JJ DT CD CD NNS VBZ VBN , IN JJS IN NNS , IN DT MD VB DT NN IN NN , VBG RP DT JJ NN . NN VBZ DT NN , VB DT JJ IN DT . IN DT NN IN NN , DT NN IN NNP IN IN DT NN IN PRP$ NN MD VB JJ NN TO VB DT NN . DT NN VBZ IN DT NN CC VBZ VBN IN DT NN . RB WRB VBP PRP RB JJ IN NN VBZ VBN IN NN . IN , TO VB , IN DT JJ NN IN NNP , DT NN HYPH VBN NN VBD VBN IN VBG CC VBG NNS IN DT CD NNS IN DT NNP . IN VBN IN `` NNP NNP '' , DT VBZ DT NN IN NN . NNP NNP VBN IN DT JJ NNP IN IN NNP NNP , DT NNP NNS VBN IN NNP CC DT NNP VBZ VBN NN NN IN NN HYPH NN NNS -LRB- JJ IN NNS IN NNS WDT VBP NN CC NN , CC VBG NNS . -RRB- DT NN VBZ VBN IN DT NN IN DT JJ NN IN JJ NN IN NNP NNP , WDT VBZ DT JJ NN IN JJR NN . NN WP VBZ DT NN NN VBZ IN NNP VBZ DT NN IN DT JJ NN WDT VBZ DT NN NN , CC NNP NNP VBZ JJ NN IN NN NN , IN DT NN WDT RB VBD DT JJ NN NN . DT VBZ DT NN CC RB VBN DT NN . EX VBZ NN JJ IN NN HYPH NN , NN CC NN IN NNS , WDT VBZ RB TO VB DT NN VB VBN IN JJ NNS . JJ NNS VBP JJ NNS IN NN NNS , JJ IN DT VBN CC VBN . PRP RB VBZ DT JJ RB VBN NN TO VB DT NN CC VB DT NN TO VB VBG IN DT JJ NN , CC RB JJR IN DT JJ NN WP VBP DT `` JJ NN HYPH NN NN '' NNP NNP VBZ RB IN NNP IN PRP$ JJ NNS IN DT NN NN IN NNP IN NNP , NNP CC DT NNP NNP IN NNP , RB IN NN IN DT NNP NNPS , PRP MD VB . -LRB- NNP , PRP RB JJ IN NNP VBZ PRP$ NN HYPH NN NN IN EX VBZ NN JJ IN PRP CC PRP VBP RB VB NNP NNS . -RRB- DT JJ NN IN NNS IN NNP VBZ JJ TO VB NN CC VB IN JJ JJ NNS IN NN CC NN . DT JJ NN IN NN VBZ PRP$ NN IN DT NNS IN JJ NNS IN DT NN IN DT NN , NNP , NNP CC JJ JJ JJ NNS CC NN HYPH NN NNS . DT JJ NN IN NN VBZ IN DT JJ JJ NN IN NNP IN NNP NNP POS NN NN -LRB- NN VBN -RRB- IN VBG DT RB VBN NNP NN NN IN NNP , NNP NN , RB IN DT JJ NN IN DT NNP NNP IN NN NN NNP NNP . DT NN VBZ RB DT NN RB IN PRP$ NN IN NNP , WDT IN NN , VBZ DT JJ NN IN DT NN NN IN DT NNS IN NN CD VBG PRP$ NN NNP NNP : DT JJ NN IN JJ IN PRP$ NN TO VB IN NN NNS CC NNS IN NNP , NNP CC RBR NNP , CC RB IN DT NN IN DT NN NNP NN IN NN IN DT NN IN NNP . PRP$ NNS VBD PRP$ NNS , IN IN NNS WP$ NNS VBD IN DT VBN NN HYPH JJ NN . IN DT JJ NN , NN CD NNS -LRB- VBG IN DT JJ NN -RRB- VBD VBN IN DT NNP NNP TO VB IN PRP$ JJ NN NN IN DT NNP NNP NNP IN NNP , IN NNS VBN IN JJ NNS IN NNP . IN DT JJ NN DT NNP HYPH NNP NN VBD DT JJ NN TO VB HYPH VB NN IN DT NNS IN DT NNP NNP , WDT VBD RB CC VBD CD JJ NNS . JJ NN IN NNP , CC RB VBN IN NNP NNP NNP CC NNP , NNP , RB VBP DT NN IN JJ NN IN IN NN IN DT NN IN NNS IN NNP IN NNP NNP NNP NNP IN NNP CC RB NNP CD NNS RB . IN PRP$ NN , PRP RB VBP IN DT NNP VBZ VBN IN DT NNP HYPH NNP NN HYPH NN NN IN NNP IN NN VBZ RB DT JJ JJ NN , IN JJS RB IN DT NN IN DT NNP NNP CC NNP NNS IN IN JJ NN NN IN NNP . NNP NN NNS VBP RB VBG RB IN IN JJS DT NN . RB PRP VBZ DT NNP NN NN VBZ DT RB JJ NN VBN CC VBN IN NNP NNP , IN DT NN IN DT NN IN NN . RB , JJ IN DT NNPS , DT NNP NN VBZ VBG NN NNS IN JJ NN . NNP POS NNP NNP IN NNP NNPS -LRB- NNP -RRB- , VBN IN DT NNP HYPH NNP JJ NN IN NNP , VBZ RB VBG JJ NN IN CD NNS IN NN NN . JJ NNS IN NN NNS VBN IN NNP NNP CC VBN IN NNP VBP VBG VBN IN JJ NNS IN NNP . DT NN VBZ NN IN NNS IN NNS IN NNP , NNP NNP CC NNP NNP VBP IN DT NNP NNPS . WP VBZ IN JJ NNS IN DT NNS IN DT NNS VBZ DT NN . NN IN NNP JJ IN DT VBN JJ JJ HYPH NN NNS IN CD VBP RB VBG NNS RB IN DT NN HYPH NN IN DT VBN NNP NN . DT NN HYPH NN NN VBZ IN DT JJ JJ NN IN NN VBN IN DT JJ NN IN `` FW '' CC JJ NNS IN NN , WDT VBP DT JJ NN IN DT NN NN . NNS VBP DT NN NNS , VBG NNS IN DT NN JJ IN DT NN , CC JJ JJ NNS IN DT NNP , JJ WRB VBN , NN HYPH IN NNS CC IN JJ NNS IN NN IN NNS IN NNS IN NN . WP VBZ RB JJ IN DT NNP NN VBD PRP$ NN IN VBG VBN IN NN HYPH VBG NNS WDT VBP DT NN IN NNS IN PRP$ NNS . NNP RB VBD JJ NNS TO VB DT VBN HYPH RP NN NN . DT NN MD RB VB VBN , IN PRP$ NN IN DT JJ NN IN NNP VBZ TO VB JJ NNS IN NN HYPH VBG JJ NNS . CC NNS VBP RB VBN TO VB PRP$ JJ NNS , IN PRP VBD IN DT NNS WDT VBD DT NNP NN IN NNS IN NNS CC VBD VBN IN DT JJ HYPH NN NNS IN DT NN POS NN IN NN . IN JJ , JJ NNS VBD RP DT NNS TO VB NN IN NNS . NNS CC NN , DT JJS NNS IN NN VBP VBN IN DT NNPS . NN , VB DT NNP IN DT NNP NNPS RB DT NN RB RB VB DT JJ NN IN NN . IN NN IN NNP VBZ VBN VBG IN DT NNP CD NNPS , WP VBD DT NN DT NN HYPH VBN NN IN NNP POS NN NN . DT NN TO VB VBZ IN NNP VBZ DT NN HYPH VBG JJ NN IN NN , DT NN IN NN . NN VBZ NN RBR , IN PRP VBP IN DT NN NN . RB DT NN VBD IN DT : NNP VBZ VBN IN DT NN NN WDT VBZ IN NN IN NNS , VBG PRP$ JJ NN NN . JJ NNS IN NN CC NNPS NNP NNS VBP RP TO VB PDT DT NNS VBN TO VB DT NN HYPH NN NN , RB VB DT JJ NN IN NN . RB NNP IN IN NN VBZ TO VB DT VBN NNP JJ NN IN DT CD NNP NNP . DT JJ NN VBZ IN NNP IN JJ NNS CC VBZ NN NNS VBN IN DT JJ NNPS , WP VBP VBN VBN IN NN NNS . DT NNP NNPS VBP IN JJ NNS CC NN RP IN PRP$ NNS IN NN CC NN . NNP NNP VBZ VBN PRP IN JJ NNS , RB RB IN NN NNP NNP . DT NNP NNP VBZ JJR IN RB . NNP NNP VBZ RB RB DT NN NN , PRP VBZ DT NN , IN VBN IN NNP NNP . NN , VB DT NN NN IN DT NN , UH . RB NNS VBD IN IN DT NNS , WRB DT JJS HYPH JJ NNS IN NNS CC NN NNS VBP RB . DT NN HYPH NN VBZ VBG VBN IN DT NNS IN DT JJ NN NN VBZ TO VB . NN VBZ VBG IN NN VBZ VBG , DT NNPS MD VB RP CC MD RB VB RB , IN NN POS NN . NN CC NN NNS VBP RB VB WRB DT JJ NN VBZ VBG NN IN DT JJ NN . PRP VBZ DT JJ NN IN NN , NNS CC JJ NN IN DT JJ . RB VB PRP RB VB , IN NN , NN JJ . JJ NNPS , NNP CC NNP , WRB PRP MD CC MD RB VB ."
698,766,mainstream,"NNS VBP JJ IN DT JJ NN IN NN NN MD VB NNS IN DT NN IN NN NN . WRB PRP VBD DT NN NN IN NNS , PRP VBD DT JJ JJ NN IN NN NNS . JJ NN NN NN VBZ DT NN WDT MD VB RB IN NNS RB . DT JJ NNP IN NNP NNP NN VBZ DT JJ NN IN DT NN . `` NNS VBP VBN VBG NN JJ NN NNS IN RB CD NNS , '' VBZ NN NN NNP NNP NNP , NNP , '' CC NN IN DT NNS VBP VBN RP IN DT NN . '' NNP VBZ DT NN IN NN IN DT NNP IN NNP NNP NNP , NNP . PRP VBZ RB CD IN DT CD JJ NNS IN DT NN . DT NNPS IN NNP NNP CC NNP -LRB- NNP -RRB- VBP IN DT NN VBD CD CD NNS , CD NNS , CC CD NNS IN DT NNP NNPS IN DT CD CD NN . DT NN VBD DT RB JJ NN NN WDT VBD JJ IN DT NN NNS . NNP . NNP CC PRP$ NNS VBP IN DT JJ NN NN NN NN VBZ JJ IN DT NNS WDT JJ NNS VBP VBN . IN PRP$ NN NN , DT NNS VBP WRB JJ NNS TO VB DT NN NN IN NN NNS VBP VBN NNS JJ IN NNS CC NN . RB , IN VBG JJ NN , DT NNS VBP VBN JJ TO `` VB IN DT JJ NN IN JJ NN NNS . '' IN NN IN DT NNS , DT JJ NN VBZ DT JJ NN WDT VBD IN NNS WRB PRP VBD DT NN IN JJ NN , CC NN . IN NNS IN NN , DT NN NN WDT RB VBZ NNS CC NNS IN VBG DT NN VBZ VBG RB CC VBZ JJ , CC JJ . DT NN NN HYPH CD VBZ JJ IN VBG NN IN DT NN NN . NNS IN NN VBP JJ NNS IN NN HYPH CD VBN IN DT IN DT NN NN . IN JJ NN , DT NNS VBD VBN IN VBG NN HYPH CD IN NN NNS IN JJ NNS VBD NN . DT NN VBD PRP VB IN PRP MD VB DT JJ NN TO VB DT NN NN NN IN DT NN IN DT NN . DT NN MD VB TO VB NN IN DT NN IN NN WDT VBZ IN DT NN NN CC VBZ RB VB JJ NNS TO VB . IN DT NN IN NNS IN JJ NN NNS , DT NN VBD DT NN , CC JJ NN , WDT MD VB DT NN NN IN VBG JJ NN NNS . DT NN VBZ IN VBG IN CC VBG NN HYPH CD . DT NNS RB VBD DT NN NN VBG DT NN CC DT JJ NN NN CC VBD PRP IN CD NNS IN NNS . IN DT JJ NN , PRP VBD DT NN NN CC RB VBD DT NNS DT NN NN IN NN . PRP$ NN VBD TO VB DT NN NN IN DT NN CC RB VB NN IN DT NN NN . IN DT JJ NN , DT NN VBD DT NNS DT NN NN RB CC RB VBD DT NN NN . RB , DT NN VBD DT JJ NN RB : JJ DT NN NN IN DT NN NN CC VB PRP IN DT NN NN . IN DT NNS , IN WDT DT NNS VBD DT NN IN PRP$ VBN NN IN CD SYM CD NNS , DT NN VBD DT NN NN . DT NNS VBD DT IN VBG DT NN WDT DT NNS VBD IN PRP$ NN . WRB PRP VBD DT NN , DT NNS VBD DT NN NN VB JJ . RB , RB RB IN PRP VBD DT NN , PRP VBD IN DT NN VBD TO VB RB , VBG IN PRP VBD RB IN JJ IN CD NNS . DT NN NN IN DT NN IN DT JJ NN VBD RB JJ . RB , EX VBD DT JJ JJ NN IN DT NN NN IN DT JJ NN . VBN IN `` -LRB- LS -RRB- NNS VBP VBN IN NN RB JJ IN CD NNS IN NN '' CC IN IN DT NN , JJS NNS POS NN NNS VBP RB VBN IN DT NN , DT JJ NN JJS VBZ DT JJ NN NN . RB , DT NNS MD VB IN DT NN NN MD VB IN DT NN NN IN DT JJ JJ NN NN . DT JJ NN VBD IN DT NNS VBD DT NN NNS . PRP VBD DT NNS IN CD NNS CC VBD DT JJ NNS IN PRP$ NN , JJ IN DT WDT MD VB IN NNS ."
699,160,mainstream,"JJ JJ NNS NNS VBP VBN JJ NNS IN DT NNS PRP VBP IN PRP$ NNS IN DT VBG NN . NNP -LRB- NNP -RRB- , NNP , NNP CC NNP CC NNP VBP VBN TO VB NNS IN DT JJ NN NN NNP . NNP VBD PRP MD VB DT NN IN PRP$ NN IN NN IN CD NN IN $ CD -LRB- $ CD -RRB- DT NN IN JJ NNS . DT NN MD VB VBN IN JJR NNS VBG VBN IN JJR NNS . DT NN NN , IN NN , MD VB RB $ CD IN DT NNP . `` WP PRP VBP VBZ DT NN TO VB IN DT JJ NN IN JJ NNS CC NNS CC DT VBZ TO VB IN DT NNS IN DT NNS CC DT NNS , '' NNP NNP , JJ NN IN NNP VBD DT NNP . `` CC PRP VBZ JJ IN IN PRP VBP IN NNP CC DT NN IN NNP CC RB IN IN EX VBZ DT NN IN DT NNS TO VB IN PRP , IN PRP VBP TO VB VBN RP IN DT NN IN DT NN CC DT JJR -LRB- NNS -RRB- . '' NNP VBZ DT NN VBG JJ CC JJ NN NNS WDT VBZ TO VB JJ NN NNS IN VBG NNS . PRP VBZ VBN IN VBG DT NN IN NN NNS IN CD NN IN DT JJS NNS IN CD , CC PRP VBD DT $ CD CD NN NN CC RB VBZ VBN VBG IN NN NNS CC NNS . PRP MD VB VBG DT NN NN IN NNP IN CD NNP . NN NNS VBD DT NN CC RB VBD IN NN NNS TO VB . `` DT NN NNS VBN NN VBP VB NN , CC NNP POS NN TO VB CD CD NNS IN DT JJ CD NNS VBZ RB JJ IN DT JJ NN NN VBZ RP IN DT NN IN CD NNP , '' VBD NNP NNP , JJ NN IN NN NN CD . NNP VBZ VBN PRP MD VB PRP$ JJ NN NN IN $ CD DT NN , VBG RB IN $ CD RB JJR IN CD CD NNS VBP VBN VBN . DT NN NNP VBZ IN JJ NNS , WDT VBP IN NN , NN , NN , NN NN CC NN NN NN NN MD VB VBN IN CD JJ NNS , NNP NNP CC NNP NNP . NNP RB VBD PRP VBD RB RB IN VBG DT NN POS JJ NN NN , WDT VBZ JJ IN EX VBZ DT NN IN PRP IN DT NNP . DT VBZ EX VBZ DT NN IN NNS IN JJR NNS TO VB DT IN JJR NNS . IN DT NN , NNP VBD IN IN DT NN VBZ IN NN PRP MD VB VBN IN DT NN WDT VBZ DT JJ NN IN CD NN , WDT MD VB VBN TO VB DT JJ NN IN NN NNS . VB DT NNPS VBD IN JJ NNS TO VB DT `` JJ NN '' WDT PRP VBD MD VB NNS IN NNS IN `` JJ NNS '' . `` PRP VBZ JJ IN NNP RB VBZ DT TO VB JJ NN NNS TO VB NNS CC VB TO VB JJR NN IN NNS TO VB NNS RP RB RBR CC VB RB JJR NNS , '' VBD JJ NN NNP NNP ."
700,1112,mainstream,"WRB PRP VBP IN NN IN NNS , DT NNP MD VB PRP NN . CC RB NN PRP VBD VBZ JJ . PRP MD VB TO VB WP VBZ JJ CC JJ , CC WP VBZ RB JJ . NN : PRP VBD PDT PRP$ NNS IN DT NN , RB PRP VBP VBN IN DT NNS . RB RB . `` DT NN PRP VBP IN NNS VBZ IN NN , '' VBZ NN NNP NNP , NNP , IN NNP NNP NNP POS NNP NNP IN NNP NNP , NNP . PRP MD RB VB VBN DT NN IN DT NN IN DT NN CC VBD VBN DT JJR , JJR NN . `` IN PRP MD RB VB WRB PRP VBD PRP$ JJ NNS CC VBD DT NN CC JJ NN , VB IN PRP$ NN , '' NNP VBZ . `` PRP MD VB DT JJ NN TO VB DT NN . '' NN : PRP MD RB VB DT NN NN IN PRP VBP JJ IN NNS . UH , PRP MD . EX VBP NN HYPH JJ NNS IN DT NN NN IN NNS CD CC JJR . VB IN PRP . IN DT VBZ RB JJ CC PRP VBP RB JJ IN DT NN HYPH JJ NN , CC PRP VBP RB RB VBN DT JJ NN IN NNS -LRB- JJ IN NNS -RRB- , PRP MD VB DT JJ NN CC RB VB VBN RBR RB RB . PRP RB VBP DT NN IN DT JJ NN NN . CC , EX VBP JJ NNS WDT VBN HYPH NNS NN , VBG : NFP DT NN NN , WDT VBZ VBN IN NNS CD CC JJR . NFP DT CD JJ NNS , WDT VBP VBN IN NNS CD CC JJR . -LRB- NNS IN JJ JJ NNS MD VB PRP RBR . -RRB- PRP MD RB VB RP IN DT NNS PRP VBP IN NN IN NN , NN , CC NN NN -LRB- NN -RRB- . VB , IN NN NN , NN WP VBZ VBG TO VB IN NNS CC JJ NNS MD VB VBN TO VB VB DT NNS . NNS VBP RB VB JJ JJ NNS IN NNS . IN NN , JJ NNS IN NN CC NN -LRB- DT NN WDT VBZ NN IN PRP -RRB- MD VB VBN TO VB DT NN WRB PRP VBZ VBG VBN . NN VBZ RB RB VBN TO VB DT NN VB JJR . `` DT NN -LRB- IN DT NNS -RRB- VBZ RB JJ VBN IN WP PRP VBP PRP IN IN DT JJ NN , '' NNP VBZ . CC EX VBZ DT NN DT NN NNS VBP RP IN PRP$ NN CC VBP NNS IN DT NN ."
701,310,mainstream,"IN NNP , JJ NNS VBD IN PRP VBD VBN JJ NNS PRP VBP MD VB RB CD NN IN VBN NNS IN NN . DT VBZ DT JJ NN RB IN NN CC NN NN . DT NNS , DT RBS JJ VBN IN NNS RB RB , VBD VBN IN DT NNS IN DT JJ HYPH JJ JJ NN , WP VBZ VBN IN NNS RB IN NNP CD . NNP NNP VBD IN NNP NNP , DT NN CC NNP NN IN DT NNP IN NNP , IN WP DT JJ NN MD VB IN JJ NNS CC DT JJ NN NN IN NNS IN DT NN . NNP NNP : WP VBZ DT NN VB CC WRB VBZ DT JJ IN NN NN . NNP NNP : PRP VBP DT VBZ RB JJ IN PRP VBP IN NNS VBP RB RB JJ NNS TO VB NN . DT NN VBZ IN NN WP VBZ VBN IN NNP VBZ DT NNS CC PRP VBP RB RB VB IN DT NN VBZ JJ NNS IN NN TO VB PRP RB JJ . CC IN DT JJ NNS EX VBP VBN JJ NNS IN NN TO VB IN PRP MD VB NN NN CC NN NNS IN JJ CC RB VBN NNS IN NN TO VB NNS WDT VBP RBR JJ IN NN . EX VBZ VBN DT NN CC EX VBZ VBN DT NN IN IN IN DT VBZ VBG TO VB IN EX VBZ JJ NN IN DT NN MD VB CC MD VB JJ NNS TO VB DT NNS IN NN . WP DT NNS VBP RB VBN CC VBN TO VB RP VBZ WP DT JJS NN IN DT NN VBZ TO VB DT NN VBN IN IN IN DT NN RB VBZ DT NN IN VBG NNS . PRP RB VBD DT NN WDT VBZ RB JJ CC DT NN MD VB VBN IN DT NN IN PRP VBZ DT NN , PRP MD VB DT NN IN DT NN IN DT NN CC DT VBZ WRB PRP VBZ RB JJ TO VB DT NN . DT MD RB VB WRB TO VB CC WRB TO VB NNS IN JJ NNS . IN PRP VBP PRP , DT NN VBZ RB DT JJ NN IN NN . PRP VBZ DT NN IN NN WDT VBZ VBN IN DT NN NN IN NN IN JJ NNS . RB DT VBZ WP PRP VBP IN NN CC IN JJ JJ NNS . DT JJ NN IN NN VBZ IN NNS RB MD VB PRP$ NN . RBS JJ PRP MD RB . CC PRP VBP RB JJ , PRP VBP RB JJ , JJ NNS VBP , IN JJS , IN VBG VBG DT NN IN DT . WRB JJ PRP VBP IN DT NN IN DT NN , EX VBZ JJR NN IN DT . DT NN VBZ , IN DT JJ NN , TO VB JJ TO VB DT JJR NN WDT MD VB NNS IN VBG VBN . RB RB DT NN MD VB VBN TO VB VB DT NN , NN NN . RB . DT VBZ DT JJ NN . IN DT VBD CD IN DT JJ NNS : WRB MD PRP VB CD , CD CC JJ NNS IN DT NN IN IN DT NNS MD VB CC MD VB DT NN IN DT JJ NN RB IN PRP VBZ VBN IN DT NN NN . RB PRP VBP IN DT NN WDT PRP VBD VBD IN DT NN IN DT NN . VBZ DT VB IN DT NN MD RB VB VBN IN NN . DT VBZ DT JJ NN . RB PRP VBD JJ NN TO VB JJ , JJ NNS IN NN TO VB DT JJ NNS CC WP VBZ RB JJ IN DT NN VBZ IN JJ NNS IN JJ JJ NNS VBD VBN IN NN TO VB DT NNS IN IN DT NN IN VBN NNS . RB PRP VBD VBN IN DT NN CC RB DT NN VBZ : VBP JJR NNS VBN TO VB DT NN CC VBZ NN RB JJ TO VB DT NN IN NN . DT VBZ DT JJ NN . RB RB , DT NN MD VB VBN IN DT NNS IN DT NN , IN PRP MD VB JJR NNS IN DT NN IN DT NN CC PRP MD VB PRP TO VB PRP RBR IN NNS CC IN NNS , CC WP . CC DT NN VBZ : VBZ PRP JJ IN DT VBN NN TO VB DT NN IN NNS . CC DT MD VB RB RB IN PRP VBP . DT NN VBZ RB JJ . WP MD VB DT JJ NN IN DT NNS VBP VBN JJ TO VB IN DT NN MD VB IN CD NN IN VBN NNS IN NN , RB EX MD VB TO VB NN IN DT NNS , UH . UH , PRP VBP EX VBP JJ NNS . CD JJ NN VBZ , CC PRP VBP RB VBN DT NNS IN NN IN DT , IN DT RB VBZ , DT NN , IN JJ NNS IN NN . DT NN VBZ JJ NNS CC VBZ JJ IN JJ NNS IN DT NN . CC DT VBZ RB JJ . DT NN VBZ VBN RB RB IN NN NNS , RB . RB DT JJ JJ NN VBZ : WRB JJ VBZ DT NN IN DT JJ NN NN . RB . IN DT NN IN IN DT NN CC IN DT NN . MD DT NN IN DT NN CC RB DT NN IN DT NN VB DT NN IN DT JJ NN CC DT NN CC NN JJ . DT VBZ JJ TO VB RB RB . PRP MD VB TO VB DT . DT JJ NN MD VB : WRB JJ IN DT NN MD VB VBN , IN PRP VBP PRP IN DT NN CC DT NN , IN NN TO VB DT NN IN DT NN VBZ VBN . CC RB VBG RB IN WP PRP VBD RB , VBZ PRP JJ TO VB DT NN IN IN DT NN VBZ JJ TO VB CC VB DT NN IN PRP$ JJ JJ NN . CC DT VBZ CD IN DT JJ NNS . MD PRP VB JJ IN DT NN TO VB VBN IN DT NN CC DT NN CC VBZ PRP VB RBR IN DT NN NN . PRP VBP PRP MD VB VBN IN DT NN , RB RB TO VB DT NN IN JJ NNS , CC RB TO VB IN PRP VBZ JJ , PRP VBZ VBG CC PRP VBZ VBG NNS IN VBG VBN . IN JJ NNS PRP MD VB RP CC RB RB VB DT NN IN DT NN . RB . DT MD VB NN WDT MD RB RB VB IN DT NNS VBP VBG CC IN EX VBP JJ NNS : IN NN , WRB RB VBZ PRP VB IN NNS IN NN . PRP VBP IN PRP VBZ RB RB JJ IN NNS IN NN , IN `` NN '' DT NN . DT JJ NN IN VBG NNP VBZ DT NN WDT VBZ RB IN DT NNS CC DT VBZ RB RB IN DT NN IN DT NN . CC DT NNS VBP RB VB IN DT NNS , PRP VBP DT NNS IN VBG VBN . IN DT JJ NN PRP VBP PRP VBZ RBS JJ IN NN NN CC VBG JJR IN DT RB JJ NN IN NN . PRP VBP DT NN IN WRB NNP CC NNP NN VBP RB JJ IN DT VBG NN CC RB IN JJ NNP . MD PRP VB PRP DT NN IN WRB DT MD VB IN JJ NNS IN NNS IN NNP , CC JJ NNS IN DT NN . RB NNS WDT VBP JJR NNS IN NN VBP VBG TO VB RBR JJ IN DT NN IN NN . UH , IN PRP VBD , VBG NNS CC IN NNS IN JJ NNP VBP DT RB JJR NN IN NN HYPH VBN NNS , IN PRP VBP RB JJR NN . IN NNP RB CD IN CD NNS VBP VBN IN NN . JJS IN PRP VBP JJ NN IN DT JJ NNS CC DT NNS VBP RB JJ IN VBG DT NN IN JJS IN DT RB , RB JJ NN . PRP VBD RB RB CD NN NN NN IN JJ NNS IN NNP IN NN , CC JJ JJ NNS , CC EX VBZ RB DT NN IN NNS TO VB VBN IN NN TO RB VB DT VBN NN NN CC DT NN IN NN WP VBZ IN NN . RB , DT JJ NN MD VB IN PRP VBP DT NN , IN PRP VBP RB VB DT NN TO VB JJ NNS IN VBG VBN . EX VBZ DT NN RB RB IN DT JJ NNS PRP VBP RB VB DT JJ NNS IN DT JJ CD CC CD NNS RB TO VB DT NN . DT NN VBZ DT JJ NN WDT PRP RB MD VB IN ."
702,233,mainstream,"DT NNP NN VBZ VBG IN NN NNS TO VB NN IN NN NNS , VBN IN DT JJ NN NN IN NN IN DT NN IN DT JJ NN MD VB DT NN NN NN DT NN , DT JJ NNP NN NN VBD IN NNP . DT NNPS IN NNP NNP CC NNP -LRB- NNP -RRB- VBZ VBG NN HYPH NN NN IN DT NN TO VB CC VB NN IN NN HYPH CD , DT NN VBN IN DT NN , DT NN POS NN NNP NNP VBD IN NN IN NNP IN DT NNP IN NNPS NNS NN . `` NNP VBZ VBG IN NNS TO VB NN NN NN , CC IN NN NN NNS TO VB NN NNS IN IN NNS MD VB VBN IN DT JJ NN , '' NNP VBD , VBG IN JJ NN HYPH CD NN MD VB WRB , WRB CC WRB NN NNS VBP VBN . NNP NN NNS VBP VBN VBG DT JJ NN IN NN NNS WRB DT NN VBZ RP IN NNP , VBG TO VB NNS IN NNS IN JJ NNS WDT MD VB IN DT JJ NN IN NN NNS . DT NNP NNPS VBZ CD NNS IN DT JJ NN CC CD JJ NNS , NNP VBD IN DT NN . `` DT VBZ DT JJS JJ NN NN PRP VBP VBN IN JJR IN CD NNS , '' PRP VBD . NNPS VBP VBN NNS IN DT NNP POS NN IN DT NNP NN . NNP VBZ VBN RBR JJ IN NN IN NNP NNP CC DT NNP NNP POS NN NN NN NN NNP NNP . NNS IN DT NN , RB RB , VBP RB RB VBN . NN NNS VBP VBN IN NNP NNS VBP VBN VBN IN NNP NNP VBZ VBN TO VB NN IN DT CD NNS . `` RB RB VBP RB PRP VBG DT NN , CC DT NN VBZ TO VB VBN PRP IN DT NN , '' VBD DT NN IN DT NN , NNP NNP NNP NNP . NNP VBD IN JJ NNS WDT VBP VBN TO VB NN NN RB VBP RB VBN VBN NNP NNS . `` PRP VBZ RB RB NN IN DT NN , '' PRP VBD . `` PRP VBZ NN IN NN . '' NNP VBD PRP VBD IN WP PRP VBD IN DT `` NN '' IN DT NN VBZ IN JJ NN NN CC NN NNS VBG VBN IN DT NN TO VB JJ , JJ HYPH NN NNS . `` PRP VBP NNS WDT VBP RB VBG NNS IN NN CC NN , '' DT NNP NN VBD . VB . DT NNS CC NNS IN VBG NNS : DT NNPS IN DT NN VBD NNP IN VBG NN IN DT NN VBZ VBN , VBG DT NN POS NN NN CC WP NNP NNP NNP NNP VBD DT `` NN IN NNS . '' NNP VBD IN VBG NN VBG WP MD VB NN NNS IN VBN IN JJ NNS , WDT VBP VBN RBR JJ IN VBG DT NN IN DT NN . NNP VBD IN JJ NNS VBP VBG VBN IN DT JJ NN NN RB RB IN JJ IN IN PRP$ NNS , RB IN NN NNS VBP VBN TO VB RBR JJ IN DT JJ NN . NN RB VBG RB IN NNP DT JJ NNP NN NN VBD RB VBN IN DT JJ NNS IN NNS WP VBP VBN IN DT NN IN NNP NNP POS NN IN NNP CD . NNP VBD IN DT NNS VBD MD `` RB VB '' VBG VBN IN NNP HYPH CD . `` DT NNS WDT VBP VBN IN DT JJ NNS CC VBP VBN RB VBG , CC RB IN PRP VBP IN JJ NNS WDT RB VBP RB VBN DT NN , PRP RB VBP DT NNS TO RB VB VBG VBN CC VB VBN , '' PRP VBD . VB NNP VBG DT NN TO VB RP IN DT NN NNS : IN DT JJ NN , NNP IN DT JJ JJ NNS VBZ VBN DT NNP NNP NNP -LRB- NNP -RRB- NN IN DT NN , VBG PRP IN VBG RB JJ IN NNP . NNP VBD JJ NN PRP MD VB DT NNP NN IN NNP , IN PRP VBZ TO VB VBN WP VBZ IN NNP , IN PRP VBZ NNP WDT VBZ NN IN DT NN , WDT RB VBZ VB JJ NNS VBG DT JJ NN IN JJ NNS . NNP VBD IN IN NN , NNP VBZ TO VB DT JJ NN IN JJ NN NNS ."
703,1121,conspiracy,"NNP NNS IN NNP NN IN CD VBN NN IN NNP IN IN CD JJ CD NNP NN IN NNP NN NNP NNPS IN NNP NNP NN IN CD VBN NNP NNPS IN NNP IN IN CD NNP VBN NNS IN NNP NN IN CD JJ NN VB JJR NNS IN IN NN NNP NNP IN NNP NNP NNP NN IN CD NNP NNPS IN NNP NNP NNP NN IN CD WP VBZ DT NNP IN NNP NNPS IN NNP NNPS NNP NNP IN NNP NNP NN IN CD VBN NNP NNP NNPS RP IN CD HYPH CD NN NNP IN NN IN NNP NN IN NNP NNP CD NNS IN NNP NN NN VBN IN NNP NNP NNP IN NNP JJ NN VBZ NN NNP NNP IN JJ JJ NNS IN NNP NNP IN NNP NNP NN IN CD IN NNP NNP WRB NNP VBZ VBG JJ NN IN NNP NNP NN VBZ IN NNP , NNP NNP NNP NNP RB CC VBN TO VB NN CC JJ JJ CD JJR NNP JJ NN NNS IN NNP NNP NNP NNP NNS IN NNP VBN IN NNP IN IN CD JJ NNP NNS IN NNP NNP IN IN CD NNP , WRB TO VB IN PRP VBP VBN VBN NNP NNS JJ IN NNP NNS VBN IN NNP JJ WP NNP NN IN NNP NNP IN NNP NNP NNS NN IN CD NNP NNP IN NNP NN IN CD NNP NNP IN NNP NNP , WP NNP CD NNP NNP NNP NNP , NNP NNS NN IN CD JJ NNP NNP IN NNP NN IN CD JJ NN IN NN NN VBN IN NN JJ NNP NNP IN NNP NN IN CD JJ NN IN NN NN VBN IN NN NNP CD JJ NNP NN IN NNP NNP NNS IN NNP NN IN CD NNP NNP IN NNP NNP NN IN CD NNP NN NNS IN NNP VB IN CD NN IN NN NNP NNP NNP NN NNS NN IN CD VBN NN NNS IN NNP IN IN CD CC NNP VBN NNS VB IN CD VBN NN NNS IN NNP IN IN CD NNP NN NNS IN NNP JJ NNP IN NNP NNP NNS NN NN IN NNP NN IN NNP NNP NNS IN NN NN IN CD NNP NNS IN NN NN IN CD HYPH CD NN DT JJ JJ NN IN NNP NNS DT NN IN NNP HYPH NNP CC NNP NNP NNP , WP DT NN VBZ RB VBG PRP IN DT NN IN NNP , NNP NNS RP NN NNS NNP NNP NN IN NN HYPH NNP NNPS IN IN CD NNP TO VB NNS TO VB NN IN NNP CD NNP NNPS VBN IN NNP NNP , CD VBZ JJ JJ NNP VBN IN NN CC NN CC NN NNP NN VBZ JJ IN NN NN DT NNPS NNP NN VBZ NN RB RB JJ NNP NNP NNP IN NNP . NNP VBZ JJ JJ NN IN NNP JJ NNP NN VBN IN NNP NN NNP NNP IN NN IN NN IN NNP VBZ PRP NNP `` NN '' CC NNS CC NN NNS . CD JJR NNP VBN NNS IN NNP NN NN IN NN NNS IN NNP NNS IN CD WRB JJ MD PRP VB IN NNP . NNP NNS NNP VB NN IN NNP NN NNP NNP NNP JJR NNP NNP IN NNP NNP IN JJ NN NN NNS VBN IN CD VBZ NNP JJ NN IN VBN NN , NN CC NN . NNP RB VBZ NN IN NNS TO VB NNP JJ NN NN IN NNP NN IN NN NN NNP NNS IN NNP NN IN CD NNP HYPH JJ NN IN NN NN NN IN NNP NNP VBN NNS IN NNP IN IN CD NNP NNP IN NNP NNP NNP IN NNP NNP NNP CD NN IN RB HYPH VBN NN IN NNP VBP JJ NNS NN NNS IN DT NN `` NN '' IN NNP NNP NNP NNS IN JJ NN NN IN NNP NNP NNS IN JJ NN NN IN NNP JJR NNP NNS VBN IN NNP , NNP RB JJ JJR NNS VBN IN NNP NNP , NNP JJR JJ JJR NNS VBN IN NNP , NNP NNP NNP VBN IN JJ NNS IN NNP NNP , NNP NNP NNP IN NNP NNP IN DT NNPS NNP IN NNP NNP IN DT NNPS NNP IN NNP NNP IN DT NNPS NN NN VBZ NN IN NNP DT NNP NNP CC JJ NNPS IN NN CD NNS IN NN IN CD NNP NNS CD NN IN NNP NNP NNS IN NNP IN NN CD VBP JJ NNS NNP NN , WRB VBD DT JJ NN VB . JJ NN NN VBZ VBN IN NN NNS , NN CD NN IN NN NNS IN NNP VBP JJ NNS DT IN DT JJS JJ NNS NNP JJ NN NN MD VB VBN IN NNS CC NNS NNPS VBP NN IN NN IN NNP DT JJ NN IN NN NN VBN CC HYPH WP JJ NNS , NNS IN NNP NNP VB NNP NNP NNP NNP VBZ JJR NN , WP JJ NNP NN NN VBN CD NNS IN JJ NN JJ NNP NN IN JJ NN NN NN IN WDT NN IN JJ NN NN JJ NN IN NN NNS IN NN NNPS IN NNP NN VBG IN NNP NNP . CD JJR NNS VBN VBZ NNP RB IN NNP . NNP NNP NNPS CD NNP NNPS NNP NN IN NNP NN VBZ DT JJ NN NN NNP IN NNP NNP NNP NNP IN NNP NNP NNP NN NN IN NNP . WP IN NNP NNP NN NN IN NNP NNP NNP IN NNP NNP HYPH NNP NNP IN NNP NNP IN NN NN NNP NNP NN CC NNP NNP IN DT NN NN NNP NNP NNP NNP IN NN NN NNP NNP NN CC NNP NNP IN DT NN NN NNP NNP NNP CD JJR JJ NNS NNP NNP VBN IN NNP HYPH CD NN WP NN NN IN CD JJ NNS IN NNP NNP VBZ NNP IN NNP NNP NN NNP NNP IN NN NN IN NNP NN CD NNPS IN NNP NN IN NN CD NNP NNP NNS IN CD CC NN WP NN IN NNP NN IN NNP NNP VBN NNS IN NNP IN IN CD CD JJR NNP NNS IN NNP NN NNP VBN IN CD JJR NNP NNP NNPS NNP NNP NN NN NN RB IN NNP NN NN JJR NNP NN NN IN DT NNP NNP IN NNP NNP IN NNP IN NNP NNP CD NNP NNS IN NNP NNP CC CD JJR JJ NN JJ NN NN IN DT NNPS MD DT JJ NN NN VB VBG NNS . NNP NN IN NNP NNP NNP NN CD NNS IN DT . , CD CC CD NN NN IN NNP NNP NNS IN NNP VBZ NNP CD NNP NNS , VBG CD IN NNP CD NN IN NNP HYPH VBN NNP NN VBP JJ NNS NNP NNS IN NNP NNP VBZ IN CD NNP NNP NNP IN CD VBD CD NNP NNP NN NN WRB TO VB NN IN NN , NN , NN CC JJR WP IN NNP NNP NN IN NNP NN NN IN JJ VBN JJ NN NN NN WP IN NNP NNP NN IN NNP HYPH CD NN CC CD NNP VBZ NNP NNP DT NNP NNP . NNS IN JJ JJ NN NN NN IN NNP WP IN NNP NNP NN IN NNP HYPH CD NN CC CD NNP NNS IN JJ JJ NN NN NN IN NNP NN VBZ IN DT NN CD JJ IN NN IN NNP CD RBR JJ IN NNP NNP IN NNP CD NN NN VBG RP IN JJ NN NNS NNP NN VBZ NNS RB TO VB IN IN NN NN WRB PRP VBD TO VB DT NN NN NNP VBZ CD IN NNP NNP IN DT NNP NN NNP VBG JJ NNPS DT JJS IN NNP CD JJR NN NNS IN PRP$ NNS IN NNP UH NN VBZ IN NN , VBD VBN NN NN NN NNS IN NN IN NN NN IN NN LS JJR VB IN NN IN NNP NNP HYPH CD NNP NNP NNPS CD JJ NN NNS , WRB PRP VBP DT NN CD NNS IN NNP NNP HYPH NNP IN NNS JJ NNP NN NNS IN NN IN CD NN RB CD NN IN NN NNS VBN VBP JJ NNP VBZ CD IN NN , CD VBN NN NN RB JJ IN CC CC NNP LS RBR VB IN NN IN NNP , CD JJR IN NN NN CD NN , RB CD IN VBN IN NN IN NNP NNP NNS IN NNP NNP `` JJ , RB JJ '' CD JJR NN NNS IN NNP CC CD IN NNP NN NNS NN , IN JJS CD JJ IN NNP NN NNP NNP NNP NNPS NNP CD NN IN NNP CC NNP NNP IN NN NN HYPH NN VBG IN JJ NNPS CD NNP NNPS , CD RB JJ NNP VBN RB IN NNP NNP , NNP NNP NNP HYPH CD JJR NNS IN NNP VBN NNP NNS PRP$ JJ CD NNS IN NNP DT NNP IN NNP NNPS , RB RB WP VBZ WRB RB CD NN IN NN NNS VBP DT NN . JJ NN NN NN VBN IN NN IN JJ NN NNP JJ DT NN JJ NN IN NNP NNP NNP HYPH CD JJR NNS IN NNP VBN NNP NNS PRP$ JJ CD NNS IN NNP DT NNP IN NNP NNPS , RB RB WP VBZ WRB RB CD NN IN NN NNS VBP DT NN . CD NN NNS , CD NNS , VBN IN WP IN CD LS JJR NN NNS IN NNP IN NN NN CC NN . NN NN IN NNP CC IN NN NNS CD VBN IN NN NN IN NNP IN CD RB RB NN NN RB IN NNP , NNP NN VBN CD NNP NNS NN IN NNP NNP JJ IN RB JJ NN NNS IN NN IN NNP , NN NN RB CD NNPS VBP CD JJR NN NNS , JJ RB CD CD NNP VBN NN NNS IN NNP JJR IN DT NN IN NN NNS VB IN NN CD JJR NNS IN NNS VBN IN NNP CD JJR NNS HYPH NN VBN NNS IN NNP NNP NN , NN NNP NN VBZ NN NNS NN , NN NN RB RB JJ IN NN IN DT CD VBN IN NN IN NNP , DT NNP NNP HYPH IN NNP VBZ VBN CD IN CD VBN IN NNP NNP WP HYPH NN HYPH NN '' RB NN '' NN -LRB- UH , RB . -RRB- NN NNS MD VB IN NNS , NNS DT NN NN NN NN VBG IN JJS CD NN IN DT VBN WP HYPH CD NNP VBN NNS IN NN CC CD JJ RB RB CD NN JJ NN CC IN NNP VBN NN RB VBN NNP NNP NNPS NNP IN CD , NN VBD DT NN NN NNP NNS VBN TO VB IN NN NN NN NN VBN NNS VB IN CD IN CD NN NN NN IN NNP IN WP NN JJ NNP NNP NNP VBZ NNP NNP NN NN NN IN NNP HYPH CD NNS , CD JJ RB RB NN IN CD WP VBD IN NN NNS NN IN NN CD JJR NN IN NNP NN NN IN NNP `` JJ TO VB , JJR TO VB '' HYPH NNP NN NNP NNPS CD IN NNP JJ NN NN NN `` RBR JJ '' TO VB JJ NN VBZ NNP NN NN VBN IN CD JJ NNS IN NNP NN NNP NNS TO VB JJ NN NNP , NNP , NNP IN NNP NN NN NN NN VBZ CD JJR IN NNP DT CD NNP NNP NNS VB NNP NN DT CD NNP NNP NNS VB NN NN WP VBZ NNP NNP VBZ DT JJ NN HYPH NNS NNP NNP CD NNP NN VBZ NN DT JJ CD NNP NNS IN NNP VB NN VBG NNP NN CD HYPH NN NN NN NN NN IN NN IN CD NN NNP NNS IN NN CD NN NN NN NNS IN CD NN NNP NN NN NNS NN NNS NN CD , CD NNP NNPS IN NNP NNPS NNP JJ IN CD NN , RB DT JJ NN NN CD NN NNS IN NNP IN JJ NN IN NN CD UH NN NNP NNS IN CD NN CC NN NNS CD JJ NNS VB IN NNP NN IN NNP VBP TO VB . VB IN DT NN VBZ VBG NN JJR IN VBG PRP . WP HYPH JJR NN IN NNP NN NN NNS JJR NNP NNP NNP NNP NN NNS JJ NN VBN IN NN RB IN NNP NNP JJ CC NN NN VB RB NN NNP NNP UH NNP IN DT NN NN NNP VBZ NN NN IN NNP NNPS IN NNP NN IN JJ NN RB VBN IN NNP NN CD JJR NN NN CC NN NNS NNP NNP NNP NNP JJ NNP IN NNP NNP IN NNP NNP NNP NN IN JJ NN NNP NNP NNP NNP HYPH NNP NN DT VBD IN NNS IN NNS VBN IN JJ NN JJ NN NN NNS IN NNS IN NNPS , NNP NNP NNP IN JJ NNP IN NNP NNP NNP NNP NNP IN NNP NNP NNP `` WRB DT NN NNP NN MD VB VBN '' NNP NNP NNP IN NNP VBZ IN JJS CD NNP NNS IN NN NN NN NN IN NN IN JJ NN NN IN NNP NNP WP VBZ NN NN IN NNP NNP VBN NN CD NN IN JJ NN NN IN HYPH CD NN NNS IN NNP NNP CD NN VBN NN IN JJ NN NNS IN NNP WP NNS NN IN NN NN NN NN NN IN WP CC NNP NNP IN NN CD NN IN NNP JJ CD NN NN NNS VBP NN NN NN NN IN NNP IN NN NNS NN NN IN NN CC NN NNS IN NN NN IN NN IN NN NN IN NNP NN NN VB NN NN IN NN NN IN NNP NN JJ NN NN IN JJ NN NN IN NNP NNP NN NN IN CD NNS WP NN NNP RB VBZ NN NN IN NN IN NN NNS NN NN IN NNP NN IN CD NNP `` VBP PRP VBN '' IN DT NN NN IN NNP JJS NNP JJ NN NN VBZ NN NNP VBZ JJ NN NN VBG JJ NNP NN NN JJR NN NN NNS IN NN JJ NN NN CC NN NNS IN NN NNP NNP NN IN NNP VBZ NNP NNP NNP IN NNS NN NNS IN NNP CD NNP IN NNP JJ NN NNS IN NN CC NN NN NN NNS NNP NNP NNP VBD IN CD IN NNP CD NNP JJS JJ NNP JJ NN NNS VBP NNP VBN NN IN NNP JJ NN IN NN NNS CD JJR NN NN IN NN CD NNP NN IN NN NNS IN DT NN VBZ JJ NNP NNP NN NNS RB VBN IN JJ NNS IN NN CC IN NN NN NN NN NNS IN NN CC IN NN NN NNP VBZ TO VB NN NN RB VBZ DT NNP NN IN NNP JJ . NNP NNS IN NN NN IN NN , NN NNS NN IN NN IN NN CC NN NN NNS VB IN NN NN NNS IN NNP NNP CD JJR NN NN IN NNP NN IN NN CC NN IN NNP IN CD NN NNS NN CC NN IN NN NNS NNS IN DT NNS IN NNP NN NN WP JJ IN NN NN IN NNP VBP NNP NNS VBG IN DT NNP -LRB- NNP . -RRB- NN . NN CC NN NNS IN NNP NNP NN IN CD NN CC NN NN NN VBZ IN NNP WP VBZ NN NN NN NNS IN NNP NN NN NN VBZ IN NNP IN NNP NN IN NN NN NN NN IN NNP JJ NNP NNP NN NNS IN DT NNP NNP IN NN NN NN IN NNP JJ NN IN NN NN IN NNP NNP JJ NN IN NN IN NN NN NN HYPH NN NN IN JJ NN IN DT NNP NNPS NN NN IN NN IN NN NN IN NNP NN NN NN HYPH NN IN NNP IN NNP VBN NN NN NNS IN DT NNP VBG NN IN JJ CC JJ NN IN NNP NN NN IN NNP IN NN NN NN NN IN NNP IN NN NN NNS NN NN NN IN NNP IN NN NNS NN NN NN IN NNP IN NN NNS JJ NN NNS , JJR NN NN VBZ JJ VB IN NN JJ NNS IN NNP WRB NN NN MD VB NN JJ NN NN NNS TO VB DT NNS JJ CD NNS VBZ NN , IN NNP JJ NN NN NN RB IN DT NNP NNP NNP NNPS JJR IN NNP IN CD NNP NNP VBZ NN , CC `` VBZ RB VBG RB '' JJ NN NNS MD RB VB JJ JJ NN IN NN NNS JJ IN NN NN NN CC NN IN DT NNP NNS VBD TO VB JJ NN NN HYPH NNS NN CD CD JJR NN NN NN NNS IN NNP NNP VBN IN NNP NNPS JJR IN NN JJ NN IN NNP NN NNP NN IN DT NN NN NNS NNP VBZ DT NNS CC NN IN NN NNS NNP VBZ NN NN VBZ IN NN NNP CC NNP IN NNP CC NNP NNP NN JJ NNS IN NNP CC NNP NN IN NN CC NN IN NNP JJ NN IN NN NN IN NNP . JJ NNS IN NNP IN NNP NN RB IN JJ CC JJ NNS IN NNP NNP DT NNP JJ NNS VB JJ NN NN NN IN DT NNP NN NN DT JJ NN . VB IN NNS IN NN VBN VB IN NN JJ NNS IN NNP CD NNS VBN IN NN NN IN NNP IN CD JJR NNS IN NN IN NN NN NN NN CD WP VBZ NNP NNP NN RB RB JJ NN CC NN RB VB IN NNP CD JJR NNPS VB NNP NNP NNP NNP IN CD NNP HYPH CD CD NNPS VBP VBN NN NN IN NN CD NNP JJ NN NN NNS IN CD NN NN IN WP JJ WP NN NNS NN IN NN NN IN NN IN NNP NN NN NNS RB JJR IN VBN NN NN , MD PRP VB PRP$ $ CD CD RB RB . NNP NNP NNP NNPS NNP CD IN CD IN CD NN NN NNP NN NN CD , VB PRP DT NN IN JJ NN CD NNP NNP NNP NNPS IN NNP , NNP NNP NN CC NN NN NNS IN NNP CD NNP NNP NNP NNPS IN NNP , NNP NNP NN CC NN NN NNS IN NNP NNP CC NN IN NNP JJ NNP NNP NN IN NNS IN NNS IN NNP WP VBP NNP NNP NNP NNPS RB CD NNP NNS TO VB JJ NN NN TO VB NN NN NN NN IN DT NNS VB DT NN NN IN DT NN IN NN CC NN NNP NNS VBP TO NN IN NNS IN NN NN NN RB CD NN VBN NN IN NNP VBN PRP JJ NN NN IN DT NNP DT JJ VBN NNS IN NN NN WP IN NN IN NN NN NN CC NN NNS DT JJ VBN NNS IN NN NN WP IN NN IN NN NN NN CC NN NNS NN IN NN NN IN NNP CC NNP JJ NNS IN NNP CC NNP HYPH JJ NN NN IN NNP NN NN NN TO VB VBN IN JJ NN NN CD JJ IN NNP IN NNP NNP NNP WP VBG NN NN NNS , -LRB- CC VBZ VBN IN NNS -RRB- NN , DT NN NN VBN IN NNP NNS NN NN NN VBZ IN DT NNP CD NNP NN IN NN NNS IN DT NNP VBZ NNP VBG DT NNS IN NN NN NNS . WP VBZ NNP IN NNP CC NNP NN IN JJ NN NNS IN NNP CC NNP NNP HYPH JJ NN IN NNP NNS IN NN NN WRB DT NNP NN NN IN NNP NNS NNP , NNP CC DT NN IN NN NN NN NNP JJ RB CD , WP RB VBZ NNS NNP HYPH NNS VBN IN IN NN NN NNP VBN NNP JJ RB CD , WP RB NN NNS NNP JJ NN IN CD , RB DT NNS NNP JJ IN CD , WP RB NN NNS JJ NNP NNS IN NNP NN NN NN NNP VBZ CD JJ IN VBG NN NN NN NNP NNS NNP JJ NNS RB IN CD NNP NNPS IN CD , WP RB NN NNS NNP VBD CC `` JJ '' NNP MD VB NNPS JJR CD IN NNP VBP JJ IN NN NN , RB CD WP VBZ NNP IN NN IN NN NN VBP DT IN NNS NN IN NN NN . NN VBZ IN NN NN IN VBG NN WP VBZ TO VB IN NN NN NNP NNP NNP NNS NNP VB IN NNP JJR IN CD CD JJ VB NN NN NNP DT NNP IN NNP VBZ NN NN DT NNS VBG DT TO NN NN NN NNP HYPH CD RB NNP , CD NNP NNPS IN CD NNP CD JJR NN IN NN NN IN NNP CD JJR NN NN NNS IN NNP NNP RB JJ NN NNS , RB NNP NNP NN NNS VBP NN IN NNS VB JJ NNP NN NN NNS NN NN IN NNS NN NN NNS JJR IN IN NNS IN NNP NNP NNPS IN NNP -LRB- RB IN NNP -RRB- CD JJR NN IN NN NN IN NNP WP VB JJ NNS MD VB NNP NNP IN NNP , CD NNS VBN IN NN HYPH CD IN NN NNP VB RP IN NN NN CC DT NNS CD VB `` JJ NN '' IN NNP , IN NNP CD NNP IN NNP VBP IN NN NNP . PRP VBZ NNP NNP CD JJR NNS VB IN NN NN IN NNP CD CD JJR NN NN NN NNS IN IN NNP NNS IN JJ NN JJ IN NNP , JJ NNS , NN DT NNS IN DT CD NN NN NN CD VBP RB IN NNP IN JJ NN NNP , DT NNP NNP VBZ RB DT `` NN '' IN DT JJ NNS RB VBN IN NN JJ NN VBZ JJ NN NN IN NN NNP , JJ NN IN NN NN NN IN NN JJ NN IN RB CD NN HYPH VBG NNP NN VBZ NN NN IN NNP NN , DT JJ CD JJ , CD JJ IN NN NN NNP IN NNP NNP VBZ NN RBR JJ IN NN JJ NNS TO VB NN CC JJ NN JJ NN NNS TO VB VBN `` NN '' . CD JJR NNS VB IN NN NN IN JJ NN JJR IN NN IN NNP TO VB NN NN NN NN NNS MD VB TO VB NN NN . CD NNS JJR NN IN NN NN IN VBN NN . JJ NNS TO VB NN NN NNS IN NNP UH NN TO VB CD NN JJ NN NN NN NN NN VBG JJR IN NNP NNP NN NNS NNP RBR JJ IN NNP NNS JJ NN IN NN IN NN VB JJ RB NN VBZ TO VB NN NN NN IN NNP IN JJS CD NNP NNPS VBN IN NNP NNP JJ NN IN NN NN NNS IN NNP NNP NNP , WP PRP VBP RB VBN IN NNS NNP , DT NNP MD VB NN NN NNP NNP NNS VB TO VB JJ NN NN VBP JJ NNS VBN IN NN HYPH NN NNS . CD IN DT CD NNP VBN JJ NNS IN NN NN NN NNP NN NN NNS IN CD NN IN CD NN VBZ NN NN NN RB DT NN , CC VBZ PRP DT NN . NNP VBZ IN JJ NN IN NN NN NN NNP TO VB NN NN IN CD NNS NNP NN TO VB VBN NN NN NNS RB JJ NNP DT NNS MD VB NN NN HYPH CC DT NN WP VBZ DT JJ NN IN NN NN CD NNS WRB PRP MD RB VB PRP$ NNS VBD NNP UH JJR NN TO VB NN IN CD NNP . JJ IN NNP NNP NNPS VBN IN NNP JJS NNS MD VB TO VB NNS VB NN DT NNP NNP NNP NNPS TO VB VBN NN NN NN MD VB NN IN NN NNS DT NN IN DT NN NN NN IN CD NNP NNP NNP NNS IN NNP IN CD NNS JJ NNP NNP NNS MD VB JJ NN HYPH NNP NNS NNP VB IN NN IN NNP NNPS VBP SYM JJR NN NN NN VBZ JJ IN NN JJ NN IN NN NN IN DT NN HYPH NNS JJR NNP NNP NNP NNPS IN NNP CC NNP NNP VBZ VBN NNS IN NN IN NNS NNS IN NNS MD VB NN NN IN NNP NN NNP NNP HYPH CD NN `` MD VB JJ '' -LRB- TO VB PRP -RRB- NNS IN NNS MD VB NN NN IN NNP"
704,326,mainstream,"VB NNS NFP NN NFP VB IN JJ NFP VB IN PRP$ NN NN NN : DT NNP NNP NN VBD PRP$ NN NN NN , VBN IN VBG NNS TO VB IN DT NN IN JJ NNS . `` IN -LRB- DT NN POS -RRB- NN , JJ NN IN NNP NN MD VB DT NN NNS TO VB DT NN IN VBG DT JJ NN CC TO VB DT JJ NNS IN PRP$ NNS IN DT JJ NN , '' NN NNP NNP NNP NNP NNP VBD IN DT NN NN IN NNP , VBG IN IN DT NN , `` JJ NN '' MD VB VBN . DT NN IN NNP CD VBZ VBN TO VB DT NN NNS IN DT JJ NN , VBG `` IN DT JJ NN IN NNS MD VB TO VB NNS IN RB VBG JJ NNS IN NNS , '' NNP NNP NNP VBD . UH IN NNP POS NNP NNP NN . PRP VBP NNP NNP IN DT NN HYPH NN IN DT RBS JJ NN CC NN IN DT JJ CD NNS . IN DT JJS IN DT NN IN IN NNP CC RB , VB RB . IN NNP POS NN NN NN PRP MD VB DT NN IN NNP NNP NNP . NFP DT NN IN NNP NNP : IN NNP , NNP POS NNS MD VB DT NNP HYPH CD NN NN . NNP , NNP CC NNP VBP DT NNS RBS VBN IN DT NN IN NN NNS IN RB CD NN . PRP VBZ RB JJR IN IN DT JJ NN IN CD . NNP MD RB VB PRP RP . PRP VBP NN . PRP VBP NNS NFP NNP NNP . NN : JJ NNP NNP NNP NNP VBD VBN IN DT NNP IN NNPS DT NN IN PRP$ NN POS NN TO VB DT NNP POS NN TO VB DT NNP NN NN , IN DT NNP HYPH CD NN CC PRP$ NN IN DT NNP NN . `` IN IN DT NNP NN , NNS IN NNS IN JJ NNS VBP NN , NNS IN JJ NNS VBP NN , '' VBD JJ JJ NN NNP NNP , VBG NNP TO `` VB DT JJ JJ HYPH JJ JJ JJ NN , CC VB DT NNP POS NN IN DT NN . '' CC DT JJ NN VBD NNS VBP `` RB JJ IN VBG RP IN NNP '' CC VBD IN NNP MD VB `` JJ TO VB IN : JJ NNS IN DT JJ CC JJ NN '' IN DT NN IN DT NN NN . NNP NN : JJ NN VBZ RB TO VB IN JJ NNS IN DT NN IN DT NNP NN NN , JJ CC JJ NNS VBD NN , VBG IN NNP . `` PRP MD VB RB NN CC DT NN IN NN NN IN NNP , '' VBD JJ NNP NNP , NNP POS NNS CC NN NN . NNP VBD VBN NNS IN JJ NN VBG NNS IN DT NN IN DT NN VBD VBN IN NN VBN IN VBG NN IN DT NNP NN . JJ NNS : RB IN NNP , NNP NNP NNP NNP VBZ VBN IN PRP MD VB NN TO VB NNS IN NN IN PRP VBP IN DT JJ NN IN NNS VBN TO VB VBN , VBG IN JJ NN . NNP VBD IN IN EX VBZ RB DT NN IN NNS MD VB RP DT NN NN IN NNS , JJ NN NNS IN NNS MD VB NNS VB RP JJR IN DT NN . `` EX VBZ RB JJ PRP VBP RB VB NN , WDT VBZ WRB PRP VBZ JJ IN PRP VBP VBG IN DT JJ NN , '' DT NN VBD . NFP VB DT NN RB IN DT JJ NN NN NNS IN DT NNP HYPH CD NN CC VB IN PRP$ NN IN NN NNP NN NNS , IN DT JJ NN IN NN CC NN , IN NNP POS NN HYPH VBN NNP NNP JJ NN : WRB NNP HYPH CD VBZ VBG NNP NNS CC NNS IN NNP IN NNP CD . VB PRP$ NN NN NFP RB VBZ DT JJS NN NN -LRB- VB IN DT NN TO VB DT JJ NN -RRB- . VB RB IN PDT DT JJS NN , NN CC NN IN NN IN NNP NFP IN JJ NN IN WRB NN VBZ VBG DT JJ NN , NN NN , NN NNS , NN CC JJR , VB DT NN IN NNP NNP , NNP POS JJ NN IN NN NNS NFP"
705,851,mainstream,"NNS VBP VBN VBN IN DT NN NN VBN TO VB DT `` JJ NN '' IN DT NN IN NNP HYPH CD , IN DT NN IN NNS VBD DT NN VBZ `` RB RB JJ . '' DT NN , VBN IN NNP NNP , VBZ RB VBG VBN IN NNS , IN DT NN IN CD CD NNS IN DT NNP IN NNP IN PRP VBZ JJ . RB , DT NN IN DT NN IN NN NN NNS VBD RB VB DT IN DT NNS IN VBG DT NN , VBG NNS IN PRP$ NN . VBG IN NNP , NNP NNP NNP , DT JJ NN IN NNP NNP NNP , VBD : `` DT IN DT VBN NNS VBN IN DT JJ NN VBD VBN WRB VBN IN VBN IN NN IN NN JJ NN IN JJ NNS . `` EX VBD DT NN IN DT NN IN JJ NN VBN IN DT NN IN DT VBN NNS IN VBN IN DT JJ NNS . WDT VBZ TO VB , DT VBN NNS VBD VBN . '' DT NN VBD VBN RP IN DT NNP NNP IN NNP POS NNP NNP NNP , CC VBD CD NNS VBN DT NN , IN VBG VBN IN NN . DT NN NN IN CD JJ NNS VBD RB VBN , IN DT CD NNS VBD VBN IN CD NNS . IN DT CD NNS VBD JJ IN NN HYPH CD , DT WP VBD VBN VBN VBD VBN TO VB RBR JJ NNS . NNP NNP VBD : `` PRP VBZ RB JJ IN DT NN VBD RB VB VBG NN IN DT NN NN , DT NN NN IN DT NN . PRP MD VB JJ NN . '' IN DT NNS VBP IN DT NN MD RB VB RB JJ , NNS VBP IN DT NNS VBP `` JJ . '' NNP NNP NNP , NN IN JJ NNP IN DT NNP IN NNP , WP VBD RB VBN IN DT NN , VBD : `` DT NN IN DT NN VBD NN IN DT , CC NNS IN DT , IN DT VBN NNS VBZ VBG : PRP VBP IN JJ NNS VBP IN PRP VBP JJ NN RB IN VBG NN NN . `` RB , DT NN IN NN NN VBN IN DT NNS IN DT VBN CC JJ NNS VBD DT JJ CC DT VBZ JJ . `` IN DT VBZ JJ NN CC DT JJ NN VBZ IN NNS , RB VBN NNS MD RB VB VBN , VBP JJ NNS IN NN WDT MD RB VB IN NNS IN DT NN . IN DT RBS JJ NNS VBP RB VBN IN DT NN IN DT JJ NN , RB DT MD VB PRP IN NN . `` RB , NN NN IN JJ NNS CC DT NN IN NN NN IN VBN NNS VBZ RB JJ NN . ''"
706,95,mainstream,"IN NN IN DT NNP VBZ VBN IN DT NN CC JJ NN , IN RB JJ NNS , NN NNS VBP TO VB RP NNS TO VB DT NN IN NN HYPH CD . DT JJ NN IN NN VBZ VBN NNS VBG TO VB NNS IN DT RBS JJ NNS CC NNS . JJR IN DT CD NNS VBP IN NN , IN CD IN JJ NNS : CD IN NNP , CD IN DT NNP , CC CD IN DT NNP , VBG IN DT NNP NNP NNP -LRB- NNP -RRB- . `` PRP VBP VBN VBG DT NNS , PRP VBP DT IN WP PRP VBP VBN VBZ VBN JJ , '' NNP NNP IN DT NNP NNP NNP VBD `` NNP DT NNP '' NN NNP NNP . `` PRP VBP EX VBZ DT NN IN DT NNP NN VBZ VBG NNS JJR , RB WRB PRP VBZ IN JJ NNS , CC RB DT VBG JJ NNS WDT VBP VBG IN IN DT NN NNS . '' DT NNP VBZ RB VBN IN VBG NNP HYPH VBN NN NNS RB RB IN PRP$ JJ , VBG $ CD CD TO VB CD CD : CC DT NN IN DT JJ CD NNS IN DT NNP POS JJ NN VBG VBN IN JJ HYPH JJ NN NNP CC DT NNP IN NNP . NNP NN IN DT NN VBG VBN IN JJ NN NNP RB VBD NNP NNP VB PRP$ JJ NN JJ NN IN VBG NNP VBZ DT NN IN DT JJS NN IN VBG PRP$ JJS NN . VBD IN DT NNP MD VB IN DT NN IN DT NNP IN WRB TO VB WP VBZ DT NN RB , NNP NNP VBD `` PRP VBP RB JJ RB WP DT NN MD VB '' , PRP VBD `` PRP$ NN IN NN JJ IN DT NNS VBZ RB JJ TO VB PRP VBN IN DT NN WDT MD VB IN DT NN WP VBZ PRP VBZ PRP . '' VBD IN DT NNP NNP VBG DT NNP IN IN DT NNP MD VB JJ NNS IN DT NN , NNP VBD , `` DT NNP NNPS VBZ VBN IN PRP MD RB VB DT JJ NN IN NN IN DT JJ NN NN IN PRP VBD IN DT NNP . RB PRP VBP TO VB JJR NNS IN DT . '' DT NNP HYPH CD NN VBZ RB RB VBG JJ JJ NN NNS . NNP NNS CC DT NNP JJ NNS NN VBP VBN IN CD CD NNS IN DT NN IN CD IN IN JJS CD NNS VBP RB IN RB JJR NN IN NN , NNS CC NN IN JJ NN NNS VBP VBN VBN IN NN IN NN NNS , NN NNS , CC NNS POS NN IN VBG NN . DT NNP MD VB VBG DT JJ NN IN NNP IN NNP TO VB $ CD CD . `` IN DT CD CD , CD CD VBZ VBG IN DT NNP NNPS , '' NNP VBD . DT NN VBZ DT NNS TO VB DT JJ CD CD NNS IN JJ NN HYPH VBG NNS IN DT JJ CD NNS . `` PRP VBZ DT JJ NN NN IN DT JJ NN NN , IN IN NNS VBP IN NNS RB , '' NNP VBD . DT NNP RB VBD RB VB IN DT NNS NN IN NNP CD WDT VBD JJ NN NNS VB JJR IN $ CD CD RB IN DT NN IN NN HYPH CD NNS CC NNS . NNP NNP NNP NNP VBZ VBN DT NNP NNP TO VB IN NNP POS NNP NN , CC NNP NNP VBD NNP IN DT NNP VBZ DT NNP NN MD VB DT NN IN PRP CC IN JJ NNP NNS MD VB . NNP NNP NNS VBP VBN NNP NNP IN DT NN IN DT NN VBG IN DT NNP NN MD VB VBG IN DT NNP NN NNS , IN WDT DT NNP HYPH VBN NNP NN VBZ VBN VBN IN DT NN . IN DT , NNP VBD IN JJ NNS CC NNS MD VB TO VB IN DT NNP CC VB IN DT NNS . JJ NN IN VBG DT NN RB VBZ TO VB VBN IN NNS IN NNP CC NNP , RB VBN IN NNP POS NN IN PRP$ JJ NN NN IN NNP NNP , RB VBG JJ NN IN DT NNP . VBD IN DT VBZ VBG DT NN POS NN IN NNP IN NN , NNP VBD `` PRP VBP TO VB JJ NN TO VB DT NN CC VB PRP IN DT NN IN NN , CC RB VB DT IN DT JJ NNS . '' IN NNP POS NN NNS , NNP VBD `` NNP VBZ VB DT RB JJ NN NN , IN PRP MD VB . PRP RB VBP IN RB PDT DT NN WDT VBZ IN IN NNP VBZ IN IN DT NNS WDT JJ NNS , JJ NNS MD VB . '' DT VBG VBZ DT NN IN DT NN IN NNP NNP NNP NNP IN `` NNP DT NNP '' NN NNP NNP : NNP NNP : NNP NNP NNP VBZ DT NNP NNP POS NN RB IN DT NN POS NN . IN DT , PRP VBD NN IN DT NNP NNPS . CC PRP VBZ PRP DT NN . NN , VBP PRP IN VBG PRP . NNP NNP NNP NNP : VBP PRP RB RB IN VBG PRP , NNP . NNP NNP : RB NN IN PRP$ NN VBZ TO VB IN NNP WP VBZ VBG RP IN DT NNP NNPS , CC IN DT JJ NNS CC DT NNP NN . VBN DT JJ , JJ NN , RB DT NN IN DT NNS , DT JJ NN , PRP VBP , WRB VBP PRP VB DT RB NN . NNP NNP : EX VBZ JJ NN IN WP VBZ IN NNP IN DT NNS IN DT NNP CC , IN PRP VBP , RB IN DT NN . PRP VBP TO VB IN PRP IN DT NN IN NNP , DT VBZ DT JJ NN PRP VBP VBN RB , CC PRP VBP VBN IN WP PRP VBP VBG IN DT NNS CC WP VBZ VBG , CC RB DT JJ NNS . EX VBP VBN NNS RB IN DT NNP . DT NN IN JJ NN VBZ CD WDT PRP DT VBP TO VB . PRP VBP VBN VBG DT NNS , PRP VBP DT IN WP PRP VBP VBN IN VBG JJ , IN PRP MD VB RB . PRP VBP RB RB JJ IN NNS MD VB JJ TO VB RB . DT VBZ DT RB JJ NN IN DT JJ NN . IN DT NN , PRP VBP RB VBG RB IN NNP IN WP VBZ VBG . PRP VBP EX VBZ DT NN IN DT NNP NN VBZ VBG NNS JJR , RB WRB PRP VBZ IN JJ NNS , CC RB DT VBG JJ NNS WDT VBP VBG IN IN DT NN NNS . NNP NNP : DT NNP MD VB VBG DT NNP , DT NN IN NNS , CC PRP VBP PRP$ JJ NN VBD NNP NNP . MD DT NNP VB VBG . NNP NNP : PRP RB RB VBP RB . IN PRP VBP , DT JJ NN VBD IN DT NN JJ NN . PRP VBP DT NN MD VB JJ TO VB DT NN IN DT NN , CC RB JJ NNP NNS , PRP VBP IN JJ DT NN NN IN NNP , MD VB VBG NN . CC DT NNP VBZ RB RB VBN CD CD NNS IN DT JJ NN NN . PRP VBP VBG IN DT , PRP VBZ DT CD NN NN , CC DT NN IN DT NN VBZ TO VB CD CD NNS , WDT VBZ VBN NN . PRP VBZ DT NN NNP VBZ IN PRP MD VB RP NNS IN RB CD CD NNS IN DT JJ CD NNS . CC IN DT CD CD , CD CD VBZ VBG IN DT NNP NNPS . NNP NNP : CC NNP VBZ WP VBZ , WP PRP VBP VBG , PRP VBP IN , VBZ DT JJ NNS NN . NNP NNP : UH : PRP VBZ DT NN . PRP VBD VBN RB TO VB DT NN IN NNS IN NNP CC NNP . PRP VBZ DT NN IN NN NNS . DT NNP VBZ CD . NNP VBZ DT NN WDT VBZ VBN DT RB JJ NN . CC , IN PRP VBP , PRP VBZ DT JJ NN NN IN DT JJ NN NN IN IN NNS VBP IN NNS RB . CC , IN JJ , PRP VBZ DT NN IN JJ NN IN NNS . IN DT NNP , PRP VBP RB VBN CD CD CD NNS , RB RB CD CD NNS , CC DT VBZ RB TO VB CC VB CD CD NNS . RB PRP VBZ JJ NN . PRP VBZ DT JJ NN NN , PRP VBP , IN DT JJ NN . NNP NNP : CC DT VBZ RB RB IN NN HYPH CD CC DT NN IN DT NN , DT VBZ RB JJ NNS . VBZ DT NNP VBG RP IN DT NNP NNP NNP VB DT NNS . NNP NNP : NNP VBZ TO VB IN JJ VBG NNS , IN NN . DT NN HYPH CD NNS VBP IN DT NN VBG VBN IN JJ NNS , IN PRP VBP , IN DT NNP , CC RB RB . EX VBZ DT JJ NN VBG RP TO VB JJ IN DT NNS CC NNS MD VB JJ IN VBG NNS , IN NN , IN DT NNS WP VBP PRP , RB IN IN PRP VBP PRP CC VBP PRP . DT NNP NNPS VBZ VBN IN PRP MD RB VB DT JJ NN IN NN IN DT JJ NN NN IN PRP VBD IN NNP . RB PRP VBP TO VB JJR NNS IN DT . NNP NNP : CD IN DT NNS WDT PRP VBP VBN VBN IN NNP NNP NNS VBZ IN DT DT NN IN PRP VBZ IN DT JJ NN , DT NN IN DT MD VB VBG IN DT NNP : IN DT JJS NNS WP VBP VBN IN NN IN DT NNP IN IN DT NN . IN DT NN VBZ RB RBR IN DT NN IN DT NN , CC PRP VBP RB VB IN PRP MD VB VBN RP IN DT NN CC RB , VBP PRP VB NNS IN DT IN DT NN NN IN DT JJ NNS . NNP NNP : PRP VBP RB VB RB , TO VB JJ , IN JJ NNS IN JJ NNS RB VBP IN NNP , CC NNS VBP RB VBG RB . RB , NNP NNP , WP VBZ DT JJ NNP NNP , PRP VBD RP DT NN IN DT NN IN DT NN IN VBG NNS , VBG NN IN VBG NNS , CC VBG DT NNP VB IN DT . CC RB EX VBD JJ NNS IN VBG JJ NN NNS JJ , CC VBG JJ NNS CC JJ NNS RB . CC DT NNS VBP RBR CC RBR VBN DT NN IN DT NN NN IN DT NN , CC DT VBZ IN NNS , RB NN NNS IN PDT DT NNS JJ . RB , IN PRP MD VB JJ TO VB NNS VB RB CC VB DT NN IN DT , DT NN VBZ VBG RP IN DT NNS . NNP NNP : EX VBP RB CD JJ NNS IN NN RB IN DT NN . CD IN PRP WDT VBZ VBN DT NN IN NN VBZ VBG VBN IN DT NNP : DT NNP NN WDT RB , PRP VBP VBN IN NNP TO VB PRP . CC PRP VBP NNP NNS VBP VBN PDT DT NN IN NN IN DT NN IN VBG CD CD NNS IN PRP . CC PRP VBP , IN DT NNP VBZ DT NN RB , WP VBZ DT JJ NN IN DT NN . WRB VBZ DT VBG VBN RP . NNP NNP : DT VBZ DT RB JJ NN , CC , PRP VBP , NNS IN NNS VBD RB JJ IN DT NN . DT VBZ WP DT NN IN DT NN IN NNP WDT DT NNP VBD IN DT NNP NNP , NNP CC NNP , VBD RB VBG IN . IN PRP VBP VBN DT NN RB IN DT IN VBG DT NN WDT VBZ , CC RB PRP VBP VBN DT NN IN VBG TO VB PRP IN NN IN PRP MD VB PRP VBN , CC IN IN PRP VBZ DT JJ NN WDT MD VB RB JJ . RB NNS CC NNS VBP VBG RB TO VB CC VB RP DT NNS IN DT NNS . PRP VBZ JJ , CC RB JJ , IN PRP MD VB TO VB IN NN NNS IN DT NN IN NNS , CC RB VB RP . NNS , NNS MD VB TO VB RP WP VBZ DT JJS NN IN VBG DT NN IN PRP$ JJ NNS CC PRP$ NNS . CC EX VBZ RB RB JJR IN DT VBN JJ NN TO VB DT NNS IN DT NNS . NNP NNP : RB DT NNP VBD RB VB IN DT NNP NN . CC VBZ PRP PRP$ NN IN DT NNP MD VB IN DT NN IN DT NNP IN WRB TO VB WP VBZ PRP RB . NNP NNP : PRP VBP RB JJ RB WP DT NN MD VB IN DT , TO VB JJ . CC PRP VBZ PRP$ NN IN NN JJ IN DT NNS VBZ RB JJ TO VB PRP VBN IN DT NN WDT MD VB IN DT NN WP VBZ PRP VBZ PRP . NNP NNP : JJ JJR NNS , RB DT IN NNP , VBP VBN IN DT NN IN NN TO VB NN JJ , CC TO VB DT NN IN IN EX MD VB JJR , JJR NN IN DT NN . WRB VBZ DT NNP IN DT , IN DT NNP VBZ RB RB VBN PRP VBZ PRP . VBZ DT NNP VB DT NN . NNP NNP : PRP VBP NN IN DT NN VBN NN HYPH `` NN '' , WDT VBZ VBG TO VB DT JJS NN TO VB DT NNS VBN IN NN CC VBN RB DT NN IN DT NN WRB PRP VBP VBN . PRP VBZ JJ , IN IN PRP MD VB TO VB RP DT NN NN . IN DT VBZ IN VBG NNS VB JJ , CC IN PRP IN DT JJ NNS , VBZ RB RB , IN DT JJS IN PRP$ NN , VBN VBN . CC PRP VBZ CD IN DT NNS PRP MD VB TO VB RB RB IN . NNP NNP : IN DT NNP NN VBZ DT NN CC VBZ JJ TO VB PRP CC VBZ DT JJ TO VB NN WDT VBZ JJ , VBZ DT NNP JJ IN PRP$ NNS MD VB NN IN PRP , CC RB . NNP NNP : PRP VBP RB VB TO VB IN NN IN RB RB VBG DT NN , CC DT NNS WDT MD VB IN DT . CC PRP VBP RB VBG RB RB IN DT IN PRP$ JJ NNS IN NNP , IN DT NN , IN NNP , TO VB CC VB JJ , JJ NNS VBN RB , CC VBD IN NN WP VBZ PRP . NNP NNP : VBP PRP VB DT IN DT JJ NN , RB , IN NN NNS TO VB DT NN TO VB RB IN DT NN . NNP NNP : DT JJ NN IN NNP VBZ IN PRP VBZ DT NN POS JJ VBN NNS . RB PRP VBP DT JJ NN CC NN IN DT JJ NN . CC IN PRP DT VBP IN IN DT NN NN , PRP VBP CD IN DT RB JJ NNS MD VB JJ NN IN NN JJ NN , CC DT JJ JJ NN MD VB WP PRP$ JJ NN , NNP NNP , VBZ `` VBG RB JJR '' : WRB VBP PRP VB JJ IN DT JJ NN VBZ JJ CC VBZ JJ , IN PRP RB VBZ IN NN IN DT JJ NNS . RB PRP VBP DT MD VB DT RB JJ NN IN DT NNP NNS WRB PRP VBP RB . NNP NNP : VBP PRP VB NNP VBZ TO VB RB RB RB , IN NNP NNP VBZ VBN PRP VBZ TO VB PRP . NNP NNP : DT NNP , IN PRP VBD , VBZ VBN RP IN CD VBN NNS . DT NNP NNP VBZ RB . CC PRP VBZ RB JJ IN DT NN IN DT NNP TO VB JJ NNS TO VB IN JJ NNS , CC PRP VBP VBN DT . PRP VBZ DT JJ NN IN PRP VBP TO VB DT NN IN NNP . IN DT , PRP RB VBP PDT DT NNS TO VB , CC RB JJ NNS VBP VB IN NNP MD VB VBN IN NNP , CC WDT RB VBZ RB IN JJ NN IN NNP . CC IN NNS IN VBG JJ NNS IN JJ NNS , DT VBZ VBN DT VBG NN CC , IN DT NN , PRP VBZ RB . NNP NNP : CD IN DT NNS IN WRB DT NN PRP VBP IN VBZ DT VBG JJ NN IN DT NNP NNPS CC NNP , DT NN POS CD JJS NNS . DT JJ NN VBZ VBN IN DT . CC RB PRP VBD DT JJ NN JJ IN NNP NNP WDT VBZ VBN DT NNP NNP TO VB DT NNS . PRP VBP WP DT NNP NN VBZ IN DT : MD JJR NN VB VBN IN PRP VBZ IN NNP NNP , CC MD DT NN VB IN VBG NN . NNP NNP : PRP VBP RB JJ IN DT JJ JJ NN NN . PRP VBP IN DT NNPS TO VB PRP$ NN . PRP VBP PRP TO VB IN DT NNP HYPH JJ JJ NN WDT VBZ RP NNP NNP NN : WDT VBZ DT NN IN DT JJ NN . PRP VBP VBG IN JJ NNS IN NNP NNP WP VBP DT JJ NN IN JJ NN , CC VBG TO VB IN PRP MD VB PRP$ NN IN NNP . RB PRP VBP DT IN JJ NN . PRP RB VBD PRP IN IN DT NNP CC NNP IN DT NNP NNP IN NNP NNP RB . PRP VBP JJ IN WRB DT NNP VBZ RB , IN DT NN IN NNP NNP VBZ RB VBN , PRP VBP JJ DT VBZ NN DT NNP MD VB IN . CC PRP VBP , IN IN VBG IN DT JJ JJ NN , NNP MD VB TO VB DT NNS TO VB IN DT JJ NNS . CC DT , PRP VBP , VBZ DT JJ NN IN NNP , IN PRP VBP VBN IN DT NN CC IN JJ NN CC NN NNS . NNP NNP : VBN WRB JJ DT NN VBZ IN NNP POS NN IN JJ NN CC RB DT NN IN NNP MD VB DT NN RB . VBZ PRP VB DT RBR JJ . NNP NNP : PRP VBP EX VBZ DT RB JJ NN RB IN JJ NN . IN DT JJ NN , PRP VBP TO VB JJ NN TO VB DT NN CC VB PRP IN DT NN IN NN , CC RB VB DT IN DT JJ NNS WDT PRP RB VBD . RB , PRP MD RB VB NN IN DT . NNP VBZ VB DT RB JJ NN NN , IN PRP MD VB . PRP RB VBP IN RB PDT DT NN WDT VBZ IN IN NNP VBZ IN IN DT NNS WDT JJ NNS , JJ NNS MD VB , RB DT MD VB DT NN . CC PRP VBP DT JJ NN IN DT NN MD VB TO VB RB JJ JJ NN IN VBG IN NN IN JJ , CC RB VB DT IN DT JJ NNS . NNP NNP : VBN , NNP NNP , VBP PRP RB RB IN PRP$ NN DT NN . NNP NNP : VBP PRP RB RB IN VBG PRP ."
707,1088,mainstream,"IN DT NN VBZ RB IN DT NN IN DT NN HYPH CD NN , PRP VBP DT NN RB IN NNP CC NNP CC PRP$ JJ NNS , WDT VBP RB NNS . CD JJ NNS VBP VBN IN DT NN IN DT NN . DT NNS CC NNS VBP VBN IN RB JJ NNS IN DT NN IN NN . DT NN MD VB IN IN NN . VB PRP$ NN NN CC VB PRP$ JJ NNS NN IN DT RBS JJ NN IN DT NN HYPH CD NN . NNS VBP DT JJ NN IN VBN NN NNS WDT RB VBP NNS CC NNS . IN NNS , PRP MD VB JJ NN IN DT JJ JJ NN , IN DT JJ NN , CC RB RBR JJ JJR JJ NN NNS . DT NNS MD VB IN NN , NN , CC DT JJ JJ NN , JJ IN JJ JJ JJ NN -LRB- NN -RRB- , NNP NNP JJ NN -LRB- NNP -RRB- , CC NN NN CD -LRB- NNP SYM CD -RRB- . CC WRB JJ VBP DT NN , NN , CC NN HYPH CD NNS . CC WRB VBP DT NNS VB . IN DT NN , PRP VBP DT NN IN DT NN NN , RB RB IN DT NNS CC JJ NNS . VB VBN IN JJ NNS IN DT JJ NN HYPH CD NN CC VB PRP$ NN NN IN JJR NN IN NN CC NN . DT NN WDT VBZ NNP VBZ VBN NNP HYPH NNP . VBG IN DT NNP NNP NNP -LRB- NNP -RRB- , DT JJ NN IN NNP NNS VBD IN NNP POS NNP NN IN NNP CD . NN VBZ VBN NN NNS IN DT JJ NN IN NNP HYPH NNP . NNS CC NNS IN JJ NNS RB RB VBD IN DT NN VBG IN NNS IN NNS . DT NN VBD RB VBN , IN JJR IN CD NNS IN IN DT JJ JJ NN , IN NNP CD , CD . DT JJ NN , DT JJ NN NN VBD DT JJ NN IN CD NNS CC CD NNS IN IN DT JJ JJ NN . IN NNP CD , CD , DT NNP VBD DT JJ NN , VBG IN JJ NN VBG IN NN NN . DT JJ CD NNS RBR , DT NNP VBD DT NN NNP CC VBD RP DT NN NN NN , VBG NNS TO VB JJ IN DT NNS IN DT NN . PRP RB VBD IN DT NN VBD VBG IN DT NN IN NNS VBG NN NN . RBR IN NNP , DT NNP VBD IN NNS IN NNS IN NNS IN NNP NN NNS . IN NNP IN DT NN RB , DT NNP VBD DT NN IN NNS , VBG NNS TO VB DT CC JJ NN IN VBN NNS . DT NNS VBN , IN JJ NNS , NNP NNP , NNP , JJ NNS IN JJ NNP , CC NNP . DT NN VBN NNP CD , CD IN DT NNP NNP NNP IN NNP VBD DT JJ NN IN DT JJ NN . DT NNP RB VBD DT NNP NN TO VB VBN IN NNP CD IN DT NN . IN RB , EX VBP VBN CD JJ NNS IN NNP . IN DT , CD VBD NNS WP VBD IN DT NNP NN IN NN NNS CC VBD DT NN RB . DT JJ NN VBZ VBN RB VBN IN NN IN DT NN NN . EX VBP VBN DT VBN NNS IN NNP IN RB , IN DT NNP VBP IN `` DT NNS VBP IN DT NN IN NNP VBG IN DT NN VBZ DT JJ NN CC VBZ RB VB IN NN . '' NFP JJ NN IN NNS : CD , CD NN IN WDT VBD IN NN NNS , NN IN NNS IN DT NNP NNPS : CD SYM NN IN NN : NNS VBN IN NN , NN , NN , CC NN SYM NN NNS : DT NN -LRB- JJ IN JJ -RRB- , DT NN , CC NN IN DT JJ CC JJ NN IN NN , CC DT NNP VBZ IN DT NN IN NN IN DT NN NN HYPH NNP . IN NNP CD , CD , DT NNP IN NNP NNP NNPS VBD DT JJ NN VBN IN NN NNS IN DT CD HYPH NN HYPH JJ NN IN NNP NNP , WP VBD VBN CD NNS RBR . IN DT JJ NN , DT NN IN VBN NNP NNS VBD IN CD , IN CD NNS . DT JJS NN VBN RB IN NNP CD . IN DT NN , CD NNS VBP VBN NNS IN NNP IN CD , CC RB CD NN IN NNS VBP VBN IN NNP NNP . NNP , NNP VBZ DT JJ NN , VBG IN JJS NNS IN NN VBP IN NNS IN NNS . VBG IN DT NN , JJ CC JJ NN IN NN NNS VBZ DT RBS JJ NN IN NN . NN IN NNS VBZ JJ , CC PRP RB VBZ IN NN NNS CC IN NN NNS . DT NNP HYPH NNP NN VBZ NNS IN JJ NN NNS . NFP NN IN NNS IN DT NNP : CD , NN IN NN : NNS IN NN IN NN , JJ IN NNS IN NNS . IN NN NNS : NNS IN DT NN IN CD , RB DT IN JJ JJ NNS JJ IN NN , JJ NN NN , CC NN NN DT NN NNP HYPH NNP HYPH CD VBZ DT NN WDT VBZ NN HYPH CD . DT NN VBZ DT JJ NN IN NNP HYPH NNP . DT JJ NNS IN NN HYPH CD VBD VBN IN NNP , NNP , IN NNP CD . IN NNP CD , CD , DT NNP VBD DT JJ NN IN DT NN IN JJ NN . IN DT NN IN NNP , DT NN VBD VBN NNP HYPH CD TO VB DT JJ NN NN IN JJ NN . DT NN NNP HYPH CD VBD RB VBN , IN DT NNP , IN NNP CD . RB CD NN RBR , DT NN VBD DT NN . IN NN , NNS IN NN HYPH CD VBP VBN VBN IN DT NN IN NNP . NNS IN DT NN VBP VBN IN VBG NNS IN JJ NN NNS IN DT NN TO VB DT NN IN DT NN . IN DT NNS IN NNS CC NNS IN NN HYPH CD VBP TO VB , NNS VBP VBG TO VB JJ NNS CC NNS TO VB DT NN . NFP NN IN NNS IN DT NNP : CD SYM NN IN NN : NNS VBN IN NN , NN , CC VBG , JJ NN IN JJ NNS NFP IN NN NNS : NNS JJ CD CC RB , CC NNS IN DT NNS IN JJ JJ NNS NFP NN : DT JJ NN , IN JJ NN NNS VBP VBG NN SYM NN : DT NN , IN JJ NN NNS VBP IN NN DT IN DT CD JJ NNS WDT VBZ VBN IN DT NN IN DT NN VBZ VBN JJ NN NNS , CC DT VBZ RB VBN JJ NNS . NNP CC NNP VBP RB JJR NN NN NNS IN NNP HYPH CD . CC NNP HYPH CD VBZ RBR JJ : DT JJ NN HYPH NN HYPH CD NN VBZ RBR RB IN NNS , VBG IN JJR NN NNS . IN DT JJR NN NN NN , DT JJ NN IN NNS IN NN HYPH CD RB VBZ DT IN NN CC NN . EX VBP VBN DT NNS IN NNP IN IN DT NN . CC NNP VBZ DT JJ JJ NN NN . CD NN WDT MD VB IN DT NN IN NN WDT DT JJ NN MD VB VBZ NN . IN JJ NN NN CC NNP NN NNP NNP NNP VBD NNP NNP NN IN DT NN : `` IN DT NN , NNS WDT VBP DT JJ NN IN NNS RB VBD , RB IN DT JJ NN IN VBD DT JJ NN . '' `` CC PRP VBD RB VB DT NN TO VB IN JJ NNS CC VB RB IN DT NN , '' PRP VBD . `` PRP RB VBD RB CC RB RB VBD IN VBG NNS CC RB IN DT NN . '' IN JJ NNS IN DT JJS NNS VBG DT JJ NN CC NN HYPH CD , VB RB ."
708,992,mainstream,"`` NNS VBP JJ JJ NN NNS , NNS , CC RB NN , RB TO VB JJ JJ HYPH NN NNS PRP VBP RB RB VB IN . '' NNS VBP RB RB JJ , IN NNS IN DT NN IN JJ JJ NNS . JJS NN JJ NNS VBP JJ CC JJ , JJ IN DT JJ NN CC JJ NN . DT MD RB VB VBN IN VBG NN IN NN . RBR JJ JJ NNS VBP RB -LRB- IN DT NN IN CD IN NNS IN CD IN NNS IN NNS -RRB- , CC DT VBP RB JJ IN NN MD VB RB VBN . IN IN NNS VBG NN , RB RB JJ NNS MD RB VB VBN IN NNS WDT PRP VBZ JJ TO VB DT NN RB . DT NN VBD IN NNS IN NN VBZ RB RB VBN TO VB IN PRP VBZ RB JJ IN NN IN NN , CC IN RB , WP RB VBZ DT NN . WRB , IN JJ NN , DT NN VBZ VBN TO VB DT JJ NN HYPH JJ NN , PRP VBZ RBS RB VBN TO VB DT JJ NN , RB JJ IN NN NN . CD NN WDT MD RB VB TO VB RB VBZ IN NNP NN VBZ JJ NN NN NN -LRB- NNP -RRB- . DT NN VBD RP IN DT JJ NN IN NNS WP VBP IN NNS VBP RB VBN VBN IN NN , IN DT NN , DT VBZ TO VB IN DT JJ NN . DT NN VBZ JJ RB , PRP MD RB RB VB IN VBG NN VBZ NN NNS , IN JJS NNS WP VBP PRP$ NNS MD RB VB VBN TO VB VBN NN IN DT JJ CD NNS . IN PRP VBP IN JJS NNP NNS VBP IN DT NN NN WRB CD NNS IN NN VBP VBN , PRP MD VB NNP NNS TO VB DT JJ NN IN NN NNS RB IN NN . IN NN , WRB DT NN IN RB HYPH VBN NNS VBD VBN IN DT NNS , DT NNS VBD , RB RB , IN DT NN IN NNP NNS RB VBN IN NNP NN VBD IN DT NN VBN TO VB IN NN . IN JJ NNS , DT NNP NNS MD VB VBN RB IN DT NNS VBD VBN VBN . IN NN , IN JJ IN DT NNS , NNS WP VBD RB VBN DT NN NN VBD RBR JJ TO VB NNS . DT NNP IN NNP VBD IN `` DT VBN NNS WDT VBP VBN VBN IN JJ NNS VBP VBN CC DT NN . . . CC DT VBN NN . . . IN NNS IN VBN NNS '' CC VBD IN `` DT NN VBZ RB VB DT JJ NN IN -LRB- NN -RRB- NN CC NN . '' VBG IN NN RB VBZ RB JJ RB , PRP MD RB VB IN CC NNS CC NNS . RB CD JJ JJ NN IN DT CD NNS IN NN MD VB VBN IN EX VBZ DT NN IN DT NN . IN EX VBD DT NNS , EX MD VB JJ JJR NNS IN NN , CC IN IN PRP , RBR JJ NN NNS CC JJR NNS . IN NN , VBG IN DT NN IN DT NN CC NN IN NN NN , IN EX VBD DT NN NN IN DT NNP NNPS , NN NNS MD VB CD HYPH NN CC NNS IN IN NN MD VB CD HYPH NN . VBG DT NN IN NN IN DT NN IN DT NNS MD VB PRP DT NN IN DT NNS PRP VBP IN VBG PRP$ NNS . DT NN VBZ IN DT NN VBZ RB RBR JJ TO VB RB VBN IN CD IN DT NNS IN IN DT NN . IN DT JJ NN CC NN VBN IN NNS VBZ RB JJ , PRP VBZ RB JJ IN DT NNS IN NN RB VBP DT JJ NN , CC IN JJ , JJ JJR NNS CC NNS MD VB IN NNS . IN NN , TO VB DT JJ NN RB JJ IN NN IN VBG NN CC RB VB PRP MD VB JJ . WP RB VBZ DT NN IN NNP NNP , TO VB DT VBN NN IN `` CD JJ NNS IN NN '' ."
709,224,mainstream,"DT NN IN NNP NNP CC NNP NNP , DT NNP NNS WP DT VBD DT JJ NN NN , VBZ JJ . IN DT NNP CC NNP NNP , NNP CC NNP , . VB DT NNS WDT VBD DT NNP NNPS TO VB IN DT NNP VBN NN NN IN DT NNP JJ HYPH VBN JJ NN IN DT NNS . DT NN VBD VBN IN JJS IN DT NN CC RB IN DT NNPS , WRB JJ NN IN DT NNP NN VBD VBN CC , RB , VBN IN . DT NNS DT NNS VBP VBP RB JJ IN DT NN CD VBZ DT NNP NNPS VBG RB IN VBG NNS IN DT NNP NN ."
710,737,conspiracy,"IN NNS CC NNS VBP RB CC NNS VBP JJ TO VB RB : DT NN RB IN NN IN NNS IN DT NNS IN DT NN JJ NNS TO VB JJ NN NN : WRB RB VBP PRP JJ TO VB PRP$ VBG NNS . RB RB IN VBD VBN IN CD . JJR . JJR . VBG DT IN DT NNS RB VBG CC DT JJ RBR VBN IN NNS MD VB RB IN JJ NNS , NNS VBP VBG IN DT NN NN IN `` DT JJ NN , '' VBG DT JJS NN DT NN NN VBZ RB VBN . VB PRP VB IN DT JJ NN IN VBG RP IN NNS , WDT DT VBP MD VB IN IN CD NNS CC VB JJ NN , NN IN NNS CC NN , JJR NNS IN JJ NNS CC VBG TO VB . CD IN IN CD NNS VBP JJR NNS IN NNS IN IN DT NN IN JJ NN IN NNS CC VBG IN JJ NNS IN NNS . IN DT JJ NN , RB , PRP VBZ VBN IN VBN NN NNS CC NNS VBG IN DT JJR NN IN NNS MD VB NNS . SYM NN NNP NNPS NNS VBP NN NN VBG NN IN JJ JJ NNS VBD PRP JJ , NN DT NNP NNP NNP IN NNP NNP CC NNP NNP '' IN NNP NNP NNP , NNP CC NNP NNP WP PRP MD VB IN DT NNS IN NN : DT NN NNS , DT NNS , DT JJ NNS , NN NNS , JJ NNS , NN HYPH NN HYPH RP , NN HYPH NN HYPH NN HYPH RP , NN NNS , IN HYPH DT HYPH NN NN NNS CC NN NN NNS . JJ NNS CC NN MD VB DT JJ NN IN DT NN IN NN NN . DT NN TO VB `` NNS '' IN NNS VBZ JJ NN IN JJ NN WDT VBZ NNS TO VB NNS IN RB PRP$ NN IN DT NN . DT NN IN NNS VBG NNP NNPS , NNP CC NNP RB VBP VBG DT NN . VBG IN DT NNP NNP CC NNP NNP -LRB- NNP -RRB- , `` DT `` JJ NN '' IN JJ NNS , JJ IN NNP , NNP CC NNP NNP MD VB RB JJ NN IN JJ NN HYPH NN , CC NN NNS . RB EX VBP DT JJ NNS DT NNS MD VB TO VB VBG RBS RB IN VBG NNS IN VBG IN DT IN IN JJ NNS CC NNS WP VBP NN . PRP MD VB RBR JJ DT HYPH JJ NN HYPH IN NNS CC JJ NN IN VBG RP NNS , `` NN NNS , '' CC NNS IN NN . -LRB- IN VBG VBN RP , NN MD RB VB VBN IN DT NN NN NN . -RRB- PRP RB MD VB NN IN DT NNS IN JJ NN IN NNS CC NNS , JJR NNS IN NNS CC NN , NN CC JJ JJ NNS IN NN NN NNS , NN NN NNS CC JJ NN TO VB NNS IN NN HYPH NN NN NNS , WDT RB VBP IN NN IN DT JJ NNS . SYM NN NNP NNPS POS NN : CD JJ NNS VBN IN NN NNS TO VB NN NN `` RB DT `` NN TO VB '' MD VB VBN TO VB , '' VBZ DT NN NN NN NNP , IN DT JJ NN , WRB PRP VBZ JJR IN CD JJ NNS IN DT NN NN WDT '' VBP VBN TO CC VB CC TO VB VBN IN NN , VBG VBG NNS `` VBN '' IN VBG IN NN , JJ CC NN HYPH NN TO VB NN IN VBG IN NNP HYPH CD . '' DT NNP VBZ IN `` PRP MD VB JJ , CC NN NN VBZ JJ TO VB JJ IN DT NN POS NNS . NNP NNP VBZ PRP VBZ TO VB VBG DT NN IN PRP$ NN NNS . '' CC RB VBZ NN DT NN NN VBZ VBN RB TO VB `` NN , '' IN NNS VBG JJ NN , RB VBN IN DT NNP NNS IN JJ NNS . IN DT NNS , EX MD VB VBN NNS , JJ NN , NNS IN JJ NN CC , IN NN , NNS . JJ JJ NNS JJ IN NNP NNP CC NNP RB VBP VBN PRP JJ CC PRP VBZ VBN IN DT JJ NNS MD VB DT JJ . IN IN NN , DT NN VBZ TO VB VBG RB IN JJ HYPH NN NNS , IN DT NNS VBP `` JJ NNS '' IN JJ HYPH NN NNS . NNP NNP NNPS VBZ VBN TO VB VBG NN RB . IN DT NN NN , NNP NNS , JJ NNS MD VB TO VB DT NN IN NN NN , NN , RB VBN IN DT NNP NNP NNP NNP , NNP , IN NN NN NNS . IN DT NN VBZ VBN VBN , DT MD VB IN DT NN IN NN . `` VBG NNS MD RB VB DT NN NN IN PRP$ JJ NN CC RB RB NN NNS IN NNP HYPH CD , '' NNP NNP VBZ . `` DT NNS IN NNP NNP CC NNP VBP VBG NNS IN DT NN IN DT NN NN IN PRP VBP VBN TO VB DT NN . DT NNS IN NNS , RB , MD VB JJ HYPH VBN . '' JJ NN VBZ RB VBN IN NNP , '' IN NNPS NNP , WDT VBZ NNP NNPS , NNP CC NNP NNP , VBZ VBN `` JJ NN '' IN NNS MD VB VBN RB RB RB IN DT NN NN IN JJ , '' VBZ DT NNP . IN EX VBP DT JJ NNS IN VBG JJ NNS CC NN JJ , NNS CC NNS VBP VBG IN JJ NNS . PRP VBZ RB JJ WP MD VB JJ IN VBG NNS POS NNS CC JJ NNP HYPH CD NNS , IN NN . NNP VBZ IN DT JJ JJ NN NN RB MD VB VBN TO VB NN NNS IN NNS . IN RB VBG CD , DT NN IN NN HYPH CC HYPH NN VBZ JJ , IN JJ NNS CC NNS VBG WP DT `` NNS '' VBP . `` EX MD VB JJ NNS IN NN HYPH NN VBG JJ NN , NN NN NNS IN JJ NNS VBG WRB NN VBZ VBN , NN NN RB IN NN , VBG NNS RBR RB IN NNS WRB DT CD HYPH NN HYPH NN MD VB JJR TO VB , CC NN NN VBG VBN IN JJR NN , IN JJ NNS , '' DT NNP VBD IN DT JJ NN . DT JJ NN VBZ IN DT NN MD VB DT JJ NN IN NN IN DT VBG NNS IN DT `` JJ JJ '' VBZ IN DT NN VBZ JJ IN DT JJ NN , JJ RB TO VB NNS IN NNS . NN VBZ JJ TO VB RB IN JJ NNS IN `` NNS , '' RB IN DT NN POS JJS NNS IN VBG IN NNS , CC RB RB IN NNS TO VB DT NN IN NNS IN JJ HYPH VB JJ NNS . NNP VBZ IN JJR NNS IN DT CD HYPH CD NN NN , WP VBP TO VB RBR JJ IN NNP HYPH CD , RB MD VB IN DT JJ TO VB VBG RB . VBG IN NNP NNP , NNP NN CC NN , VBG IN DT `` JJ JJ '' NN VBZ VBN NNS , VBG JJ NNS CC NNS , '' IN DT JJ CC JJ NN IN NN IN DT JJ NNP CC NNP NN IN NNS VBP VBG NNS RB . '' DT JJ NNS CC NNS VBP VBG VBN VBG NN IN NNS VBG DT JJ NN NNS VBG NNP NNP NNP NNP -LRB- NNP -RRB- , DT NNP NNP NNP -LRB- NNP -RRB- , NNP NNP NNP NNP -LRB- NNP -RRB- , NNP NNPS NNP NNP -LRB- NNP -RRB- , NNP NNP NNP NNP -LRB- NNP -RRB- , NNP NNP NNP NNP -LRB- NNP -RRB- , DT NNP IN NNP NNP CC NNP -LRB- NNP -RRB- , DT NNP NNP NNP -LRB- NNP -RRB- CC DT NNP NNP NNP -LRB- NNP -RRB- . CC IN NNS CC NNS , JJ NNS , NN NNS CC DT JJS NNS IN DT JJ NN IN NN , DT NN IN VBG , IN NNP NNP NNP POS NNP NNP VBZ , VBZ RB JJ : `` IN JJ IN DT NN VBN IN NN , CC DT RB JJ NN IN NN , PRP MD VB NNS , IN RB NNS , IN NNS VBP RB JJ NNS IN PRP VBD IN DT NN . RB WRB NNS VBP VBG RB , DT NN MD VB VBN , RB IN PRP VBD IN DT NNP CD NN NNS . '' CC IN DT NN , IN PRP VBZ RB DT NN , DT NNS , RB JJR NNS , MD VB VBN IN NN CC VB NN NNS . `` NN NNS IN VBG DT NN IN JJ NNS MD VB IN VBN NN . NNS MD RB VB JJ NNS IN NNS , CC IN PRP MD VB RP NNS , PRP MD VB IN VBG NN NNS . '' IN NNP NNP , NN IN NNP , RB RB VBP DT JJR NNS IN NN . PRP VBZ IN IN JJS DT JJ NNP NN MD `` RBS RB `` VB IN IN NN IN IN DT NN NN . IN DT NN IN NNP NNP POS NN , IN NNP PRP VBD NNP NNP : `` : NN MD VB WRB NNP VBZ RB . NN NNS MD RB VB RB IN CD NN . PRP MD RB RB VB RB IN CD NN . RB IN DT NN IN DT NN PRP VBP CD NN . RB EX MD RB VB NNS WDT VBP TO VB VBN IN DT NN IN DT NNS . '' NN CD : NN TO VB RB VBN , IN NNS IN JJ NN"
711,656,conspiracy,"NNP NNP , NNP -LRB- NNP -RRB- , NNP CC JJ NNS VBP VBN IN DT VBN NNP NN VBZ DT JJ NN VBG DT NN TO VB PRP . VBG JJ NNS VBN NN NNS , WDT MD VB NN NN IN RB JJ NNS , NNS IN NNP NNP IN NNP NNP CC NNP NNP HYPH NNP NNP IN NNP VBD DT NN VBN IN DT VBN NN HYPH NN . PRP VBD DT NNS DT NN VBN TO VB DT RB JJ NN RB VBD DT JJ NN , DT NN IN VBN NN CC NN , WDT VBZ RB JJ IN DT JJ NN . `` DT NNS VBP NNS IN JJ NN IN DT JJ NN HYPH VBN NN NN WDT VBZ VBN IN DT NN NNP NN NN , '' DT NNS VBD . DT NN NN VBN VBD VBN IN NN NNP NN NNS . VBN IN DT NNS , DT NNS VBD PRP VBZ RB JJ IN DT NN TO VB DT JJ HYPH JJ NN NN IN JJ NNS , CC VBG DT JJ NN NN CC RB VBG DT NNP NNP NN NN MD VB DT NN ."
712,1138,conspiracy,"IN DT JJ NNS IN JJS IN PRP , DT NN IN NNS VBN IN RB VBG DT NN IN DT NNS IN PRP$ NN VBZ RB JJ , PRP MD VB IN DT RBS JJ NN IN DT , FW NN HYPH NN . CD IN DT JJS NNS WDT VBD RB IN DT NN IN DT NNP IN VBG DT NN IN PRP$ NNS VBZ PRP$ JJ NN IN DT JJS NNS IN DT NN IN DT NN . RB RB IN PRP$ JJ NNS VBD VBN CC VBD RB VBN IN NN WDT VBZ IN JJ NN . NNP VBZ DT NN . DT NNP NNP IN DT NNP NNP VBZ DT NN IN DT NN IN NN CC JJ NNS , CC DT NN IN JJ NN NNS IN DT NN , CC DT JJ JJ NN IN PRP$ NNS . DT NNP NNP NNP PRP VBZ VBN , RB IN NNP CC NNP , IN DT JJ NN IN NNP NNS IN NNP , CC VBZ VBN VBG NNS NN WDT VBD PRP NN HYPH NN . DT NNP IN NNP NNP VBZ DT NN IN VBN NNP NN , CC DT IN DT JJ NNS VBP VBN IN NN NN NN NN TO VB DT IN PRP TO VB . NNS , IN RB VBP VBN IN NN , NN , JJ NN CC JJ `` VBN '' NNS PRP VBZ VBN TO VB PRP IN . IN IN PRP$ JJ NN , DT NN IN NNP MD RB VB VBN IN DT JJ NN , CC DT NN IN PRP$ JJ NN MD VB JJ . NNP NNS POS NN IN DT NNP NNP -LRB- CD CD -RRB- : DT NNP NNP POS NN NNP NNP NNP IN DT JJ NN VBN IN DT NN IN NN , PRP VBZ RB JJ IN PRP VBP IN WRB DT NN VBZ VBN VBN TO VB JJ JJ CC JJ NNS IN CC DT NNP NNPS CC NNP . PRP VBD NNP NNP , DT NN IN NNP , WP VBD DT NN `` NN '' IN CD IN VBG IN NN MD VB DT NN IN WP PRP VBD VBD DT JJS NNS IN VBG JJ NNS . LS RB RB , JJ NNS CC JJ NNS -LRB- FW , NNP NNP NNP , NNP NNP , NNP NNP NNP , CC NNP NNP -RRB- VBD DT NN IN JJ NNS , IN DT NN IN NN , MD VB DT NN IN DT JJ NN IN JJ NNS IN JJ NN . IN RB DT NN VBD VBN IN DT NN IN JJ NN , PRP RB VBD IN DT JJ NNS IN NN HYPH VBN NN , VBN NN , CC NN . VB NN '' PRP MD VB VB RP DT NNP CC VB DT NNP NNP NNP NNP VBZ CD IN DT NNS IN NNS IN DT NNP . PRP RB VBZ IN DT NN IN JJ NN IN NN VBN IN JJ NN PRP VBZ JJ TO VB PRP IN , CC DT JJ NNS VBP TO VB PRP$ NNS WDT PRP VBD IN PRP$ NN , NN VBN NN NN . PRP MD VB VBG NNS , VB DT JJ NN CC VBG RB IN VBG WRB TO VB PRP$ JJ JJ JJ NN . VB JJR IN PRP RB . PRP MD RB VB IN DT JJ NNS TO VB DT NNP NNP VBN JJ NN POS NN IN NN , IN VBG NN NN IN DT JJ NN , IN VBG NNP NNP IN NN ."
713,764,conspiracy,"CD IN DT RBS JJ NNS IN NNP HYPH CD , DT JJ NN VBN IN DT JJ NN HYPH NN NN , VBZ WRB PRP VBZ DT RB JJ NNS CC RB VBZ NNS . NNS CC NNS RB VBP WRB DT NN VBZ VBG RB JJ JJ CC JJ NNS WP VBP VBN VBN IN PRP , CC PRP RB VBP RB VB WRB JJ JJ NNS VBP VBN RB CC CC VBP RP IN JJ NNS CC RB VBP . NNP NNP NNP , DT NN IN NN CC NN , VBZ DT NN MD VB VBN IN JJ NNS IN DT JJ NN NN NN . IN DT JJ NN IN JJ NN CC NN NNP NNP , NNP NNP VBD IN PRP$ NN , VBG , `` EX VBP VBN DT RB JJ NNS . . . IN DT NNPS , NNP , CC NNP NNP : PRP VBP VBN IN NNS WDT VBP VBN CC PRP$ NN NN NNS . IN DT NNPS , IN DT JJ NN NN IN NN NN NN NNS , NNS VBD CD NNS RBR JJ TO VB DT JJ NN IN NNP HYPH CD CC PRP VBD CD NNS RBR JJ TO VB JJ NN IN NNP HYPH CD . '' WRB PRP VBD IN DT NNP NN , PRP VBD , `` RB CD NN IN NNS WP VBD IN NNP HYPH CD VBD NN NN JJ , -LRB- CC -RRB- CC RB CD NN VBD NN NN JJ . '' PRP VBD IN DT RB VBZ RB VB IN PRP VBP JJ CC JJ IN NN NN NN MD VB PRP IN VBG DT NN CC MD VB VBN DT JJ NN NN IN NNP HYPH CD , CC DT JJ NNS MD VB NN IN WRB JJ JJ NNS MD VB VBN RB IN DT NN IN NNS VBP PRP RP IN NNS . `` DT CD NN IN DT NNP NN VBZ JJ NN NN NNS , '' PRP VBD , '' CC CD NN IN DT NN VBZ RB JJ . '' IN NN , DT JJS NN TO VB NN NN VBZ TO VB RB IN CD SYM CD NNS DT NN IN DT NN . PRP VBD , RB , `` DT NN VBZ , PRP VBP RB VB RB RB : RB RB RBR IN RB : CC RB IN DT NNS . '' NNP VBZ VBG NN NN NNS RB IN DT NN IN CD NNS IN CD NNS . PRP VBZ JJR TO VB DT IN DT JJ NN , RB , IN JJR NNS VBN IN NN NNS CC NNS VBP RB JJ CC DT NNS IN DT NNS MD VB RB JJR IN WP VBZ VBN IN DT NN . PRP MD VB DT JJ NN RB -LRB- NNP VBZ TO VB NN NN IN CD NNS RB -RRB- : VB RB TO TO VB DT NN IN NNP POS NN , VBN PRP$ NNP ."
714,774,conspiracy,"DT JJ NN IN NNP VBZ VBN RB IN PRP$ NN VBN NN . RB PRP VBD NNS NN WRB CD NNS -LRB- IN DT NN IN RB CD NNS -RRB- VBD IN NN . DT NN VBD RB JJ NN NNS . NNP VBD RP IN NN . PRP MD VB NNS IN PRP$ NN , CC DT NN VBZ , PRP VBP RB RB VB RP DT NN , PRP VBP PRP CC PRP$ JJ NN NN . PRP VBD DT NN IN NNS IN DT NN CC VBD VBG CC DT IN DT RB DT NN IN NNS VBD RP IN NNS . RB RB , IN CD VBP VBN VBG NN . IN DT NN IN JJR IN CD . PRP VBZ VBG VBN IN DT NN IN DT NN NN WDT VBZ VBG DT NNS . WP VBZ RB VBG VBN VBZ IN PDT DT JJ NNS VBD VBN RB IN PRP VBD . JJ NN JJ , PRP VBP VBN DT JJ NN IN DT NN NN RB . PRP VBP NN VBG NN IN DT NN CC VBG DT NNS WP VBP PRP VB IN DT JJ NNS . DT VBZ VB NN CD IN IN DT JJ NN . PRP VBZ DT JJ NN DT JJ NN MD VB ."
715,650,mainstream,"DT JJ NN -LRB- NN -RRB- NN VBZ VBN TO VB IN DT CD CC CD NN NNS NN VBZ VBP RBS JJ TO VB CC VB NN IN NNS IN DT VBG NN NN . NN NNS VBP RB VBG , RB DT NN NN VBZ VBN DT NN CC VBN IN VBN VBN IN WDT NN NNS VBP VBG NNS JJ , DT NN IN WDT DT NNS VBP VBG , CC WRB RB DT JJ NN POS NN VBZ IN DT NNS . JJR IN CD JJ NN NNS IN RB CD NNS VBP NN HYPH JJ NN IN NN . DT VBZ VBG CC VBG NNS IN NN NN NNS IN NNS . DT NNS VBP JJ NNS IN CD NNP NNP NNP -LRB- NNP -RRB- NNP NNPS IN NNP CC NNP IN NNP , WDT VBP VBN IN DT VBG NNS : RB DT NN , DT NNP NNP NNP -LRB- NNP -RRB- VBZ DT NN IN DT NNPS IN DT NNP NNP NNPS , JJ JJ NNS CC NNS IN JJ JJ NNS CC NNS . PRP VBP DT NNS IN NN , NN , CC JJ NNS , CC DT NN IN NN NNS CC VBP NNS IN DT NN IN DT NN NN . DT NNS VBP NN IN NNP IN NN IN DT VBG NNP NNP POS JJ NN NN CC IN NNP IN DT NNP NNP POS NN . WP VBZ JJ NN NNS IN NN IN NN NNS , CC RB DT NN VBZ PRP$ JJ NN IN WDT NNS MD VB VBN IN NN NNS VBN IN PRP$ NN . IN DT NNP NNPS , DT NNP CC NNP NNP -LRB- NNP -RRB- VBZ DT JJ NN IN NN NNS IN NN NNS TO VB VBN IN DT NNP NN IN NN IN NN NNS CC JJ NN NNS VBZ VBN CC VBN IN DT NN NN IN DT NNP IN NNP DT NN IN DT NNP NN IN WDT NNS TO VB IN DT JJ NN POS NN . WP VBP DT JJ NNS WDT VBP WDT NNS VBP VBN IN NN IN NN NN . DT NN NNS IN DT JJ NN NN VBP VBN DT NN VBN IN NN NNS VBG WDT NNS VBP VBG CC NNS IN WDT NNS VBP DT RBS JJ TO VB IN DT VBG NN . DT NN IN NN IN JJ NN NNS CC VBG NNS RB VBZ JJ . NN NNS MD VB JJ IN DT NN NNS VBN TO VB RBS RB IN DT JJ NN . DT JJ JJ NN IN DT NN IN WDT NNS TO VB IN DT NN NN VBZ IN CC RB EX VBZ DT JJ NN NN JJ , DT VBZ , DT NN WDT MD VB VBN IN NN NN CC WDT MD RB VB IN DT NNS JJ TO VB IN DT JJ NN . RB , NN NNS VBD VBN IN NNP TO VB VBN CC VBN IN NN NNS , CC RB DT NNP VBZ NN NNS TO VB VBN IN NNS , RB . RB IN WRB PRP VBP VBN , NN NNS MD VB VBN CC JJ IN NN TO VB IN NN IN DT JJ NN IN NN NN VBN TO VB NN . RB , DT JJ NN NN MD VB VBN CC VBN IN NN TO VB VBN IN DT JJ NN POS NN . WRB VBZ PRP RB JJ TO VB DT JJ NN NN IN NN NN . EX VBP DT NN IN NNS WDT MD VB VBG DT JJ NN NN IN NN NN VBG , VBG CC JJ NNS CC NNS IN NN . NNP JJ NNS RB VBP NN NN NNS TO VB VBN IN NN NNS CC NNS . NN , DT NN NN NNS VBP RB VBN IN NN NNS . RB , DT NN NNS , IN NN NNS , VBP RB IN NNS , VBG PRP JJ TO VB NN NN NNS . IN NNS IN NN , IN DT NNS JJ NN NNS MD RB VB CC VB IN RBR IN DT NN NN , VBG PRP JJ TO VB DT NN NN NN IN NN IN NN NN . DT MD VB NN NN NN RB JJ . WP VBZ NNP POS NN NN POS NN IN NN NN NN . IN CD IN CD NNP NNP NNPS , NNP POS NNP NN VBZ CC VBZ NNS IN NN NNS IN IN DT NN DT NN CC VBZ IN JJ NNP NNP NNPS CC NNP NNP NNPS IN DT JJ JJ NN NN NN NN IN DT NNP CC NNP NNPS . NNP VBZ DT JJ NN IN VBG CC VBG JJ NNS IN NN NNS IN PRP$ JJ NN NNS CC RB VBG NN NN NNS . DT NNP NN VBZ DT NN IN DT NNS IN JJ NNP NN NNS , JJ JJ NNS CC NNS IN JJ JJ NNS CC NNS CC RB VBZ IN NNS VBG WDT NNS MD VB VBN IN NN IN NN NNS . NNP RB VBZ NN IN NNP POS NN NN IN PRP$ NN NN CC VBZ TO VB NN NNS . WRB VBZ NNP VB IN DT NN NN VBZ IN DT VBG NN . NNP POS NN NN VBZ CC VBZ NN IN NN NN IN DT NNP NNPS DT NN . NN NNS IN VBG NN NNS VBP NNP TO VB WRB JJ DT NN RB VBZ IN NNS IN DT NN CC VBG NNS DT NN . JJ NN VBZ CD NN WDT MD VB DT NN IN DT NN NN POS NN TO VB DT JJ NN IN DT NN NNS VBG IN NNS . JJ NN RB MD VB NN HYPH VBG IN NN NN NN . NNP RB VBZ NNS TO VB DT NN IN DT JJ NN IN VBG NNS . IN JJR NN , VB NN NN : WRB RB VBZ DT NN NN NN . IN JJR NN IN NNP POS NN CC TO VB DT JJ NNS , VB NN NN CC NN . WP VBZ IN DT NN VBZ VBN VBN IN WDT NNS MD VB VBN IN DT JJ NN NN . RB RB IN DT NN VBZ VBN VBN IN WP NNS MD VB VBN IN DT NN , JJ NN NNS VBP DT NN IN VBG NN . IN NN , DT NNS MD VB VBG CD CC JJR NNS IN DT NN RB IN DT NN CC NN NN VBZ VBN VBN IN WP PRP VBP MD VB DT VBN NN NNS . DT VBZ NNS JJR NN TO VB NN IN DT NN , DT JJR NN DT NN VBZ TO VB NN , DT JJR DT NN IN NNS WDT MD VB VBN . WRB RB VBZ PRP VB TO VB JJ NN NN . PRP VBZ IN JJS CD NNS TO VB JJ NNS IN NN NN . IN NN TO VB VBN IN NN IN NN TO VB IN DT NN , NNS MD VB TO VB CD CC JJR IN DT NN NNS IN NNP VBN IN PRP$ JJS NN IN IN WP NNS VBP RBS JJ TO VB VBN IN DT NN . IN NN IN NN NN NN , VB WRB NN -LRB- NN -RRB- NNS VBP VBN ."
716,253,mainstream,"VBG IN DT NNP NNP NNP , DT NN NN NN VBZ DT `` NN VBN IN NN NNS , NNS IN NN NNS , CC JJ NN NNS -LRB- NNS VBN IN NN NNS -RRB- '' . DT NN NN NN MD VB DT NN POS NN NN TO VB CC VB NN NNS . IN JJ , NN NN NNS VBP DT NN IN NN NN . NN NN NNS VBP DT JJ NN IN JJ NNS VBP , IN VBG DT JJ NN TO VB NNS WDT VBP DT NNS IN DT NN . DT NN VBZ IN DT NNS IN JJ NNS VBP VBN IN NNS CC NNS VBN IN NN , IN DT NNS IN NN NN NNS VBP VBN IN NN NNS . IN NN NNS VBP NNS VBN IN NN NNS CC RB JJ NNS , NNS VBG NN NNS MD VB DT JJ NN TO VB NN NNS RB JJ NNS . NN HYPH JJ NN NNS VBP NNS IN NNS WDT VBP RB RB VBN IN JJ NNS CC VBP VBN IN NN NNS CC NNS VBG NN HYPH JJ NNS . NN HYPH VBG NNS -LRB- NNS -RRB- JJ IN JJ NNS VBP RP NNS IN DT NN , VB PRP IN NNS , CC VBP DT NNS IN NN HYPH NNS IN JJ NN JJ NNS . IN NNP HYPH NNS VBP DT NN IN JJ , DT JJ JJ NN VBZ VBN CC VBP NNS WDT VBP DT NNS . -LRB- CD -RRB- NN NNS MD VB NN HYPH VBN , NN , CC NN HYPH VBN , CC NN HYPH VBN -LRB- NN , NNP -RRB- . -LRB- CD -RRB- NN HYPH VBN NNS VBP NN NNS CC NN NN NNS . NN NNS IN DT NN VBP VBN TO VB DT JJS NN IN JJ NNS , CC DT NN VBZ JJ CC RB VBZ RB JJ NN NNS IN DT NN TO VB JJ . -LRB- CD -RRB- VBG DT NN IN VBN NN NN NNS WDT VBP DT NN POS NN MD VB DT NNS , CC DT NN VBZ RB TO VB JJ . NNP , WDT VBZ CD NN NN NNS , VBD NN CD JJ NNS . -LRB- CD -RRB- DT NN HYPH VBN NN NN VBZ JJ JJ NNS -LRB- JJ NNS VBN IN DT NN -RRB- IN WDT NN NNS VBP VBN . IN DT NN , DT NN HYPH VBG JJ NNS RB VBP NN HYPH NNS RB IN VBG IN NN IN DT NNS IN JJ NNS IN DT NN VBZ VBN . DT RBS VBN JJ NN NN VBZ NNP HYPH NNP -LRB- NNP -RRB- , WDT RB VBD NN IN CD NNS . DT NN IN JJ NN NNS MD VB VBN IN IN NN IN VBG DT NNS TO VB IN NN NNS CC VB IN NN HYPH NNS . -LRB- CD -RRB- NN HYPH VBN NNS RB VBP IN NN JJ HYPH NNS CC RB VBP DT NN -LRB- IN NN , NNP HYPH NNP -RRB- TO VB DT JJ NN CC VB NN . -LRB- CD -RRB- NNS IN DT NNS VBP NN NNS , JJ IN NNP CC NNP . RB , DT NN VBZ NNP NN IN DT NN IN IN NN NN . -LRB- CD -RRB- DT NN IN NN NN NN MD VB VBN IN VBG JJR NNS -LRB- `` JJ JJ NNS '' -RRB- CC VBN NN , WDT VBP RB VBN IN NNS IN NNS . -LRB- CD -RRB- NNP HYPH VBN NNS VBP VBN IN DT JJ NN -LRB- NN , NN -RRB- NN IN DT NN . DT NN VBZ RB VBN IN NNS CC DT VBG NN NN VBZ VBN IN NNS . NN IN DT NN VBZ RB JJ IN DT NN IN NN . -LRB- CD -RRB- JJ NNS RB VBP IN VBG DT NN IN DT NN . RB , NN NNS MD VB VBN TO VB JJ NNS IN NN VBZ IN DT NN VBZ JJ NN NNS . JJ JJ NNS VBP VBG DT NN IN VBG RBR CC VBG NN CC VBG NN IN NN . JJ NNS VBP IN VBG VBG NNS . IN NN NNS VBP RB VBN VBN TO VB JJ , PRP$ NN RB VBZ NN . CD NN TO RB VB NN NN VBZ IN VBG DT NN IN JJ NNS IN NN VBN IN VBG DT NN NN . IN NNS RB VBP NNS TO VB DT NN NN , NN NN NN VBZ RB VBN DT NN IN NN IN DT JJ NN TO VB VBN IN NNS . IN JJ NNS , VBN NNS MD VB RBR JJ , CC JJR NN TO VB DT NN IN RB JJ NNS VBZ VBN IN NNS VBG JJ NNS . -LRB- CD -RRB- DT NN NN VBZ RB CD NNS VBN IN DT NN `` NN NN '' . IN DT , CD VBP NN CD NNS . DT JJ NNP NNP NN -LRB- CD -RRB- IN NN HYPH VBN NNS VBD DT NNS IN JJR IN CD NNS WDT VBD VBN IN DT CD NNS VBG DT NN . -LRB- CD -RRB- DT NNS VBD JJ NNS -LRB- NNS IN DT NN -RRB- , NN -LRB- NN NN -RRB- , NN NN , NN CC NN NN , JJ NN , NN NN , JJ NN , NN NN , JJ NN , CC JJ NNS . DT NNS VBD NNS IN NN , NN -LRB- NN -RRB- , NN -LRB- NN -RRB- , CC NNP POS NN CD -LRB- NNP -RRB- . JJ NNS RB VBD `` VBN '' NNS IN CD SYM CD JJ NNS . DT VBZ , PRP VBP DT NN IN NNS IN DT NN POS NN WDT DT NN VBZ DT JJ NN IN . DT NNS IN DT NNS VBP IN DT NN NNS VBP JJ NN NNS CC VBP IN PRP VBP VBN NN NNS IN NNS VBN IN DT NNS . DT NN RB VBZ CD JJ NNS WDT VBD VBN IN DT JJ NN NN . DT NNS VBP VBG JJ NNS , NN , NN , NN , CC NN , JJ , NN , JJ , CC JJ NN NN NNS CC VBP NNS IN NN , NN -LRB- NN CD HYPH NN -RRB- , NN , CC CD NN NNS , NN CC NN . RB , DT NNP NN VBZ VBG VBN IN NNS IN NN IN NN IN DT JJ NN NN NN CC DT NN -LRB- NN -RRB- NN NN . DT VBG NN , VBG NN IN DT JJ NN VBZ DT NN IN DT NN VBN IN DT NN VBN IN NN CD JJ NNS IN DT IN CD JJ NNS : -LRB- CD -RRB- NFP NN NN NN NN IN DT JJ NN NNP NN IN NNP NNS DT NN VBZ JJ NN NN IN DT NNP NNP NNP NNP NN :"
717,1016,mainstream,"NN NNS VBD IN NNP TO VB NN IN NNS , NNS CC NNS IN NNP HYPH CD CC TO VB PRP IN DT NN , CC DT NNP NNPS VBD RB VB NN IN DT NN IN DT NNP NNP NNP -LRB- NNP -RRB- NN . JJ NNP NNP NNP , JJ NN NNP NNP CC NNP JJ NNP NNP NNP VBD IN DT WP VBD DT NN NN TO VB WP DT NNP VBD IN DT `` JJ NN '' TO VB DT NN . DT NN VBZ TO VB NN IN JJ CC JJ NNS , NNS CC NNS TO VB , VB CC VB NN HYPH CD , DT NN NN VBN VB DT JJ NN , CC VB JJ NN IN NNS IN JJ CC JJ . `` PRP VBP VBG DT JJ NN WDT PRP MD RB VB IN DT JJ NN , '' NNP NNP NNP NNP NNP NNP VBD IN PRP VBD DT JJ NN . `` NN VBZ VBN PRP IN RB WRB NNS VBP JJ PRP VBP RB VBN RB JJ IN DT . PRP MD RB VB DT TO VB . '' IN DT NNP NN NN NN IN CD , EX VBD NN IN NN IN NNS VBD RB JJ IN JJR NNS VBD JJ TO VB JJR . `` PRP MD VB JJ IN NNS WP VBP PRP VB PRP , '' VBD NNP NNP , NN IN DT JJ NN TO VB IN NN , NN CC NN . `` DT NNS IN NN MD VB VBN . RB JJ NNS VBD IN JJ NNS VBD VBN RB JJ . '' NNP NNP NNP NNP NNP NNP NNP VBD IN DT NN IN DT JJ NN NN IN NNP CD MD VB TO VB CD CD NNS -LRB- $ CD CD -RRB- TO VB RP NN IN NN , NN CC NN . `` DT VBZ DT JJ NN RB , CC JJR MD VB VBN IN DT NN , '' NNP NNP NNP VBD DT NN . NNS IN NNP , DT NNP NNP CC DT NNPS RB VBD DT NN , CC JJ JJ NNS VBD RB VB , VBG NNP , NNP CC NNP . DT NN IN DT NNP NN IN NNP VBD RBR VBN NNP IN DT NNP NNPS MD RB VB VBN . `` IN DT NNP NNPS VBD RB IN NN IN DT NN IN NN , EX MD VB DT NN IN PRP$ VBG NN TO VB IN JJ NN NNS , VBG DT JJ NN NN , '' PRP VBD IN NN . `` PRP VBP RB JJ IN DT NNP POS NN , VBN IN PRP$ JJ NNS VBD VB DT JJ NN , '' PRP RBR VBD . NNP NNP NNP NNP VBZ VBN DT NNP IN VBG JJ TO VB IN DT NN CC VBG `` NNP HYPH JJ '' CC VBD DT NN IN NN . NNP VBZ RB VBN DT NNP POS NN IN DT NN CC RB VBN IN VBG DT NN HYPH NN NN , IN DT NN VBZ IN DT NNS . NNP , NNP , NNP , CC NNP POS NNP NNP NNP NNP VBD IN DT VBG JJ NN IN NNP . NNP VBD DT NNP CC CD NNS TO VB IN DT NN , VBG : `` CC PRP VBP PRP MD VB TO VB IN DT JJ NN CC NNP CC DT NNP , IN DT VBZ IN VBG `` DT NN IN NNP HYPH CD VBZ DT JJ JJ NN CC EX MD VB DT NN IN NN TO VB DT NN '' . '' NNP VBD : `` DT VBZ DT JJ JJ NN , TO VB DT NN CC TO VB PRP IN DT NNS IN DT NN . '' NNP , NN IN DT NNP NNP , VBD IN DT NN , IN PRP$ RB JJ NNS IN NN , VBD `` RB JJ IN DT NNS IN DT NN CC VBZ IN NN IN NN '' . JJR IN CD CD NNS VBP VBN VBN IN NN HYPH CD CC RB CD VBP VBN IN PRP IN DT JJ NN VBD IN DT JJ JJ NN IN NNP RB JJ NN , VBG IN DT NNP NN . `` IN JJ NNS , NNS CC NNS VBP JJ , PRP VBP DT NN TO VB PRP RP RB IN DT NN IN DT NNS VBP JJ NN , '' VBD NNP NNP , NN IN DT NNP NNP , WDT VBD NNP POS RB JJS NN JJ NN . JJR IN CD JJ NN HYPH CD NNS VBP VBG VBN , VBG CD RB IN JJ NNS , VBD NNP NNP NNP , NN IN DT NNP NN NN , DT JJ HYPH JJ NN WDT VBZ NN NNS IN JJ NNS . `` PRP VBP TO VB IN EX VBP JJ NNS IN NN , PRP VBP VBG TO VB JJ NN TO VB CC VB NN NNS , '' PRP VBD DT NNP NN NN . NNP NNP , JJ JJ CC NN NN IN NNP NNP NNP -LRB- NNP -RRB- NNP NNP VBD DT NNS CC VBD IN JJ NNS . `` EX MD RB VB DT NN NN CC VBG IN IN DT NN , '' PRP VBD NNP ."
718,105,mainstream,"DT VBN JJ JJ NN WP VBD DT NN IN DT JJ NN VBZ VBN NNS VBP VBN NNS `` DT RBR JJ NN '' , IN PRP VBZ IN DT JJ NN VBG DT NN NN . NNP NNP VBD DT JJ JJ NN IN NNP IN NNP IN WDT PRP VBD DT NN VBD DT JJ NN IN NNS VBP VBN DT JJ NN IN DT NN . `` EX VBP CD NNS IN DT NN , '' PRP VBD DT NN IN DT NN NN . `` CD VBZ IN DT NNS NN VBZ PRP VBG NNS CC DT NN VBZ IN DT NNS NN VBZ RB VBG NN WDT VBZ CC IN JJ NNS CC DT NN HYPH VBN NNS . '' NNP NNP VBD DT CD NN VBG DT JJ NN IN DT NN NN CC NN . CD IN DT NN POS NNS VBP RB VBN DT NN POS NNS IN DT NN VBD IN PRP VBD IN JJ NNS IN NNP NNP RB VBD DT NN CC VBD TO VB DT NN POS NNS . DT NN VBD JJ CC JJ NNS IN NN WDT VBD IN PRP VBG VBN IN DT JJ JJ NN IN CD . PRP RBR VBD IN NNP , WRB PRP VBZ VBN TO VB PRP$ NNS CC VB NN IN DT NN NN IN JJ NNS IN DT NN ."
719,676,mainstream,"WP MD VB DT JJ NN IN NNP NNP . DT NNP VBZ JJ NN NNS IN NNS WP VBP DT IN DT VBG NNS : NFP PRP VBP JJ IN JJ NN NN IN DT NNS . NFP PRP VBP VBN VBN IN JJ TO VB IN DT JJ NN . NFP PRP VBP RB IN NNP NNP . NFP PRP VBP RB VB IN JJ NN NN IN NNP . IN PRP MD VB UH IN DT IN DT NNS , RB PRP MD VB JJ IN NNP HYPH VBN JJ NN NNS . PRP$ NN NN MD VB PRP VB RP IN PRP VBP JJ IN DT NN . VB RP JJR IN NN IN RB VBN NN NNS . NFP DT NN -LRB- DT VBN NN CC DT NN NN WDT VBZ VBN RB -RRB- NFP NN IN NNS CC NN IN NNS DT VBN NN RB VBZ NN HYPH RP NNS JJ IN NN NN NNS . DT NN HYPH RP NNS VBP PRP$ JJ NN VBZ RB IN PRP$ NN . IN NNS , DT VBN NN RB VBZ DT NN IN DT NNS , NNS CC NN NNS IN PRP$ NN NNS . NNS -LRB- JJ CD NNS CC JJR -RRB- VBP RB VB DT NNS VBN . DT NNP VBZ RB VB NN HYPH RP NNS IN NNS -LRB- JJ CD CC JJR -RRB- WP VBD PRP$ NN IN IN NNP NNP CC WP VBD IN PRP$ NN RB . NNS MD VB NNS VBN IN DT NNS IN PRP$ NN VBZ PRP IN CD NNP CD NNS IN CD NNS IN NN IN JJ IN JJ NN NN IN DT NNS WP VBP RB VBN IN VBG DT JJ NN MD VB NN NN IN CD NN CC DT NNS , WP VBZ RB VBN IN PRP$ NN . NNS IN CD NNS IN NN WP VBP VBN NN NN IN CD NN MD VB DT NN IN PRP$ JJ NN IN PRP$ NN VBZ PRP . NNS IN CD NNS IN NN WP VBP NN NN IN JJ NNS IN DT NNS MD VB VBN IN NN HYPH RP NNS IN DT NNS . NNS IN CD NNS IN NN WP VBP VBN NNP NN IN CD JJ NN CC VBD DT NN IN PRP$ JJ NN , VBN IN JJ NNS , JJ IN CD NNP CD , MD VB VBN IN NN HYPH RP NNS IN DT NNS . RB CD NN VBZ VBN IN NNS DT NN VBZ IN DT JJ NN MD VB NNS IN JJ NN IN PRP MD VB RBR RB . DT JJ NN IN NN VBZ JJ IN JJ NNS . IN RB VBG CD NN IN NN PRP VBP PRP MD VB RB JJ NNS IN JJ . NNS WP VBP VBN NN MD VB NNS VBN IN DT NNS IN PRP$ NN VBZ PRP NN MD VB JJ NN : WRB DT NN IN DT NN VBZ IN NN . IN DT VBZ , DT NN MD RB VB JJ TO VB DT NN -LRB- NN -RRB- VBN IN PRP VBD PRP -LRB- UH , IN DT JJ NN VBD -RRB- . RB NNS WP VBP VBN NN MD VB VBN TO VB CD NNS , IN PRP$ NN VBZ PRP . JJR IN $ CD CD VBZ VBN IN NNS CC VBN NN DT NN . WP VBZ JJ NN NNS CC WRB DT NNP VBZ CD NNS TO VB NN NNS . NFP DT NNP NNP NNP NNP -LRB- NNP -RRB- VBZ NNP , NNP , NNP , NNP IN NNP , NNP CC NNP . NFP DT NNP NNP NNP NNP -LRB- NNP -RRB- VBZ DT NN IN NNP NNP . DT NNS VBP DT NNS WRB NN IN JJ NNS VBZ NN . DT NNS MD VB JJ CC JJ NNS . IN PRP VBP IN DT JJ NN , DT NN IN NN IN DT NN IN DT NN NN , NN CC NN HYPH RP NNS MD VB VBN IN DT NNP NNP NNP NNP . DT NN NN VBZ DT NNS WDT DT NNP VBZ VBG , CC DT NN WDT DT NNP VBZ IN DT NN NN IN VBG DT NN . PRP VBZ NN IN WP MD VB DT NN CC JJ NN NNS . IN JJR NN , VB PRP$ JJ NN CC NN IN NNP NNPS . IN JJR NN IN DT NN CC IN JJ NNS , VB DT :"
720,65,mainstream,"DT NN -LRB- DT JJ NN NN -RRB- VBZ JJ IN DT NN CC RB PDT DT JJ NN . PRP VBZ JJR IN DT NN CC VBZ DT NN . DT NN VBZ DT VBN , `` JJ '' NN NN WDT MD VB DT NN . IN NNP -LRB- IN NN -RRB- VBZ JJ HYPH VBN , DT NNP IN DT JJ NNS IN PRP TO VB JJ HYPH VBN IN NN . PRP$ NN IN NN VBZ PRP$ NN TO VB NN NN . IN PRP VBZ DT NN IN PRP$ JJ , DT NN POS NN VBZ DT NN POS NN TO VB JJ NNS . VBN IN NNS IN DT NNS , NNS VBP NNS IN NNS , NNS CC NN NNS . PRP VBP RB VB JJ NN , CC PRP MD VB NN NN , WDT VBZ DT JJ NN IN NN IN DT NN NN DT NN -LRB- NN : NNP NNP -RRB- . NNS RB VBP IN NNS CC NN . DT VBN NN MD VB RP IN DT JJ NN , DT NN MD VB IN JJ NNS CC VB DT NN RB , CC NN NNS MD VB DT NN IN DT JJ NN . NNS -LRB- JJ NN NNS -RRB- VBP CC NN CC NN TO VB NN . RB JJ VBZ VBN IN PRP , CC PRP VBP VB IN DT NN VBZ DT JJ CC VBN NN IN DT RB JJ NN . WRB DT JJ NN VBZ DT NN , PRP VBZ JJ CC MD VB JJ RB JJ JJ NN NNS . DT RBS RB HYPH VBN NN VBN IN NNS VBZ JJ NN NN -LRB- DT JJ NN VBZ NNP HYPH NNP NN -RRB- . IN NNS VBP DT NN , PRP VBP DT JJ JJ NNS TO VB VBG IN JJ NNS . DT VBZ DT NNS CC RB VBZ DT NN TO VB VBN IN NNS . DT JJ NN NN VBZ WRB DT JJ NN IN JJ NN NN VBZ IN : NN NN NN -LRB- NN -RRB- . NNS RB VBP DT NN `` NN , '' DT JJ NN VBG DT JJ NN , IN NNS CC NNS . NNS MD VB DT JJ JJ NNS , IN PRP VBP RB JJ . CD NN , NN , VBZ VBN IN NN . DT NNS VBP IN NNS MD RB VB DT NN IN NNP POS NN -LRB- NN : NNP NNP -RRB- . EX VBZ DT NN IN DT NN HYPH VBN NN . PRP MD VB NNS IN NN CC IN VBG -LRB- IN NN VBZ -RRB- . NNS VBP JJ IN NN , NN CC NNS , IN PRP VBP RB JJ . DT JJS NN TO VB VBG NNS IN NNS CC NNS VBZ TO VB NN CC JJ NN NN IN VBG IN DT NN NN CC IN JJ NN . PRP$ NN RB VBD RP DT NN VBN `` DT NNP NNPS '' WDT VBZ DT NN NN VBN IN NNS VBN IN NNS -LRB- NN : NNP -RRB- . DT NN RB VBZ IN IN NNS VBP JJ , PRP VBP JJ . TO VB RP , NNS , NNS , CC NNS RB VB NN IN PRP VBP PRP$ NN -LRB- CC DT NN CC NN -RRB- . PRP DT VBP DT JJ NN : VBG RP DT NN NN DT NN DT NN MD VB RP DT NN : CC DT NN PRP VBP DT NN VBZ RB JJ IN DT ."
721,682,conspiracy,"VBN NNP NN NNP NNP VBD VBG JJR NN RB IN DT NNS VBG RP IN DT JJ NN IN PRP$ NN , NNP NNP , VBD TO VB PRP TO VB JJ IN PRP$ JJ NNS , DT NNP NNP , NNP NN VBZ VBN . IN DT JJ NN VBN `` NNP NNP NNP , '' WDT VBZ NNP NN IN NNP , NNS IN DT NNP NN TO VB DT NNS VBN IN NNP CC NNP IN DT NNS VBG RP IN DT NN , VBG DT NN WDT VBZ RB VBN IN DT NN IN NNP IN DT NN VBN NN WP VBD IN NN IN PRP$ NN POS JJ NNS . NNP VBZ VBN TO VB VBN PRP$ NN CD NNS IN DT NN IN PRP VBD IN NNP CD IN VBG PRP$ NN IN NNP NNP NNP , WRB PRP VBD NN IN DT NN , CC VBG CD NNS CC CD NNS . PRP RB VBD PRP$ JJ NN . NNP CC DT NNP NNP VBD NNP NNP IN JJ RB JJ NN CC JJ NNS IN NNP NNP PRP VBD IN PRP$ NN . DT CD HYPH NN HYPH JJ VBD VBN VBG JJR NN RB IN PRP$ NN POS $ CD NN IN DT JJ NNP NN IN DT NNS VBG RP DT NN , NNP NNS NNP NNP CC NNP NNP VBD . NNP POS JJ NN RB VBD VBG IN PRP VBD NNP NNP NNP IN DT NN IN CD TO VB IN DT JJ NN , WRB PRP VBD IN CC NNP IN VBG RB , RB RB . IN CD , NNP VBD RB VBN NN . IN CD CC CD , NNP VBD NNP IN JJ NN NNS TO VB NN . NNP VBD CD NNS , VBG DT NNP JJ NN NNP VBZ VBN TO VB VBN IN DT NN , IN DT JJ NN . PRP$ NNS VBP NNP VBD NN NN IN DT NN TO VB IN PRP$ VBN NN . NNS RB VBD NNS IN NNS NN IN JJ NN NNS IN DT NNP POS NN . NNS VBP NNP MD VB VBN VBN IN DT NN NNS PRP VBD IN DT NN , IN PRP VBD DT NNS IN PRP$ NNS RBR RB IN VBD JJ , NNP VBD . JJ NNP , DT NNP RB VBD IN NNP MD VB VBN IN PRP VBD IN JJ NN IN JJ JJ NN NNP NNP , VBN IN NN NNS IN NNP POS CD NN PRP VBD IN DT NNP POS NN . IN DT NNS IN DT NN , NNP VBD JJ NNS CC VBD NNP IN NN JJ VBG IN CD NN DT JJ NNP IN DT NN TO VB PRP RBR JJ . PRP$ NNS VBP NNP VBZ DT VBN JJ NN WDT NN . `` PRP VBZ VBN VBN IN DT NN IN NN NN CC NN CC DT JJ NN IN PRP VBD DT JJ NN , '' PRP$ NN NNP NNP VBD NNP . CC PRP VBD PRP$ NN '' VBD IN VBG IN NNP . '' NNP VBD VBN IN DT JJ NN IN JJ NN NN , DT RB JJ NN WDT VBD NNP VBD NN VBG IN JJ NNS , JJ NNS , CC VBG WRB PRP VBD IN NN . RBR , WRB PRP VBD IN JJ NN , NNP VBD RB VBN IN NNP POS , DT NN JJ IN NN WDT MD VB JJ NN JJ . -LRB- JJ NNS VBD IN NN NNS VBP RB VBN IN JJ NN . -RRB- DT NN IN NNP VBZ VBN IN WRB NNP VBD RB CD NNS JJ , PRP VBD RB VB TO VB VBN . IN NNS PRP$ NN VBD PRP , PRP VBD CC VBD JJ . `` PRP VBD JJ IN PRP , '' NNP NNP , NNP POS NN , VBD NNP . NNP NNP , WP VBD DT NN NN NNP VBD IN PRP VBD NNP NNP NNP , VBD NNP NNP MD VB `` NNS '' IN DT NN WRB PRP MD RB VB IN DT NN , RB VBG IN DT NN , JJ . NNP VBD NNP CC PRP$ JJR NN IN PRP$ NNP NN IN PRP$ JJ IN PRP CC PRP$ NN VBD IN CD . IN CD , DT NN RB VBD , CC NNP RB VBD RP NN IN PRP$ NN IN CD IN NNS WDT VBP JJ ."
722,832,conspiracy,"NFP JJ NN MD VB HYPH VB DT JJ NN NNS . DT NN IN DT JJ NN , DT NNP DT NNPS NNP IN CD , RB VBD IN DT JJ NN IN DT NN WRB DT NN VBZ JJ IN JJS NNS VBP JJ CC JJ : CC NN HYPH NN NNS VBP VBN TO VB RB JJR NNS VBN IN WRB JJ NNS NNS VBD TO VB RB DT NN RB . DT NN -LRB- CD -RRB- , VBN IN CD HYPH NN NNP NNP NNP NNP -LRB- NNP HYPH NNP . -RRB- , `` VBZ DT NNP NNP NNP NNP TO VB DT NNP IN NNP CC NNP NNPS IN VBG NNS IN JJ NNS IN DT NN IN JJ NN NN NNS IN DT NN -LRB- CC PDT PRP$ NNS -RRB- VBZ DT NN IN JJ JJ CC JJ NN TO VB VBN IN NN IN DT NNS IN DT NNP NNP IN NNP NNPS , '' VBG IN DT NNP IN NNP . IN JJ NNS , DT NNS VBZ DT NN NN IN NN HYPH JJ JJ NN NNS IN DT NN . CC IN DT NN POS NN VBZ `` DT NN IN NNS WP$ NN MD VB VBN IN NN IN DT NN IN DT NN VBG IN DT VBN NN IN JJ NN , '' DT JJR NN VBZ IN PDT DT NN VBZ RB IN DT NNS IN DT JJ JJ NN VBG IN DT VBN NN VBZ DT NN POS NN . DT NN VBZ RB JJ . DT JJ NN IN DT NN VBZ IN , IN JJS NNS , NNP RB VBZ DT `` JJ NN NN , '' IN WDT DT JJ NN VBZ VBN TO RB VB DT VBN NN . IN DT NN NN , DT NN VBZ : `` NNP VBZ DT NN TO VB DT NN RB IN DT VBG : NN CD , NN CD , NN CD : DT NNP MD VB NN TO VB CC VB NNS , NNS , NNS , CC NNS , TO VB DT NNS CC VB IN DT JJ NN CC JJ NN IN DT NNP NNPS , CC DT NNS , NNS CC NNS MD VB JJ IN DT NNP NNPS . '' PRP MD RB VB DT JJ NN IN DT NN VBZ PRP VBZ IN DT NNS `` JJ NN , '' IN DT NN JJ PRP$ NN MD VB PRP IN NN RB VBD DT JJ NN CC NN IN DT JJ NN , RB DT JJ , JJ JJ NN WDT RB VBZ IN DT JJ NN CC MD VB VBN RP '' IN DT NNPS RB , CC DT NNS RB . '' RB , IN NN NN , DT JJ NN , RB VBN IN NNP CD CC IN NNP CD VBN RP IN DT NNP IN NNP -LRB- IN DT NNP NNP CC NNP NNP -RRB- , VBD RB VBN IN DT . CC JJ NNP NNP NNP NNS MD VB IN NN IN DT NN CC VB JJ JJ DT JJ NN VBZ . IN DT NNS , DT NN RB VBZ IN JJ NNS , RB VBN . DT JJ NN HYPH NN NN MD VB DT NN RP , IN VBG NN CC VBG IN DT NN HYPH VBN , JJ NN MD VB VB DT NN NN . VB IN PRP RB MD . VB JJR . . . NNP NNP VBZ DT JJ NNP NNS CC VBZ NN IN NNP POS JJ NNP NNP NNP NNP , VBN TO VB NNP NNS IN VBG RB IN NNP TO VB JJ NNS , VBG JJ NN CC DT NN IN DT NN NN . PRP CC PRP$ NN NNP RB VB RB IN NN NNS ."
723,861,mainstream,"IN DT NN IN NNP , NNP NN , NNP NNP NNP , DT NN IN DT NNP NN NN , VBD VBN IN PRP$ NN . NNP VBD RB RB VB DT VBN NN IN NNP HYPH CD , CC DT NN POS NNP IN NNP NNP CC NNP NNP VBD TO VB VBN . VB NN VBN JJ . DT NN MD VB VBN TO VB RP NN IN WP DT NN VBD VBN IN NN . NNP POS NN VBD PRP PRP VBD VBG TO VB DT NN . `` PRP VBD RB VBG : `` IN CC WRB DT JJ NN VBZ : PRP MD VB DT NN , PRP RB VBP RB VB , '' '' NNP VBD . `` CC RB , CD NNS RBR , PRP VBD DT NN . '' DT NN WP VBD RB VBN VBG IN DT NNPS VBD VBN DT NN POS RB VBN NN NN . CD JJ NNS , CD NNS , CC DT NN VBD VBN VBN IN NNP POS NN . `` IN PRP$ NN NNS TO VB NNS , PRP VBD TO VB DT NN IN DT NN , '' NNP VBD PRP . DT NN , DT NN VBD , VBD VBN RB IN NNP IN JJ NNS IN PRP VBD VBN VBN . IN DT NN , PRP VBD VBN PDT DT NNS NNS RB VBP : VBN IN NN , VBD IN NNS , VBP NNS . NN WP VBD VBN JJR IN CD NNS IN DT NN IN DT NNS IN PRP VBD VBN PRP$ JJ NNS VBD VBN RB VBN . -LRB- `` RB '' VBD VBN IN IN DT NN IN CD NNS , CC RB RB CD NNS . -RRB- DT NN VBD RP IN DT NN IN CD HYPH CD NNS . IN NN , DT CD HYPH CD NNS VBD VBN VBN CC VBN TO VB PRP IN CD NNS . DT JJ NN VBD VBN IN CD JJR NNS , RB IN CD , CC RB IN DT NN . IN NNP , VBN NN NNS IN NNP VBD VBG IN DT NN IN CD , CD , RB DT CD DT NN . IN DT NN IN DT NN POS NN , DT VBD RB JJR IN DT NN IN WDT NNS IN DT NNP NNPS VBD VBG . DT NN IN NNS DT NN NN VBD VBG RP , RB , VBD VBG RB RBR RB . DT JJ NN MD VB VBN IN CD JJ NNS , CC CD HYPH CD , CC JJR . CD JJ NN VBD RB JJ IN PRP VBD JJ : VBG IN NNS , VBG DT NN , VBG NN NN : IN PRP$ NNS VBD JJ IN CD CD . DT VBD VBN IN NN . DT NN NN , RB , VBD VBG , IN PRP VBD CD HYPH CD NNS . PRP VBD IN NNS IN IN NN NNS IN DT NNP NN WDT VBD VBN IN NN IN NNS . TO VB NNS WP VBD VBN VBN , NN NNS VBD NN NNS CC NN HYPH NN NN . PRP VBD TO VB WP VBD VBG RB IN WP IN NNS CC IN NN NNS . CD NN WP VBD JJ VBD RB VBN DT NN . DT JJ NN PRP VBD VBG VBN NN IN IN EX VBD PRP$ NN . CC DT NN NN VBD DT NN CC VBD IN IN DT NN EX VBD VBN DT NN . `` IN DT NN , NNS VBD VBG , CC VBG IN DT JJ NNS , '' NNP VBD PRP . `` RB DT NN VBD VBN : DT IN PRP VBP IN NN . '' IN PRP VBD VBG IN NNP IN RB , PRP RB VBD DT NN : VB PRP IN NN . IN DT JJ NN , DT NN VBD RB VBG IN DT NN : IN DT NN NN , IN DT JJS NN IN DT NN . NNP RB VBD DT NN . RB DT JJ NNS IN NNS : NN NNS CC NN NNS , IN NN : VBD RB VBN VBN . RB NN IN NNP VBZ DT NN . CC CC , IN NNP , WRB PRP VBD TO VB IN NNP , DT NN NN VBD RB DT NN VBN TO VB . IN DT JJ NN , IN DT IN NNP , RB CD JJ NN NNS VBD VBN VBN . DT NN VBD RB RB VBN TO VB DT NN , PRP VBD , PRP VBD , RB VBD PRP . PRP VBD RB VBN TO VB IN NNP IN NNP , IN DT NN JJ IN DT NN . RB , DT NN VBD VBN RP . DT NNP NNP VBD VBG NNPS IN VBG , CC DT NNP NNPS VBD VBG NNPS . NNS VBD VBG VBN . EX VBD RB VB DT NN TO VB DT NN , IN PRP VBD IN PRP : WP IN PRP VBD IN NNP POS NN IN NNP HYPH CD . PRP VBD RB CC VBD IN PDT DT VBG DT NN VBD VBN TO VB DT NN VBG WRB PRP VBD TO VB IN CD NNS . PRP VBD IN DT NNP IN NNP NNPS IN DT NN IN DT NN . DT NN VBD RB : UH . PRP VBD DT NN CC NN RB . NNP , WDT VBZ CD CD CC CD HYPH CD CD NNS : RB PDT DT NN IN NNP : VBZ DT RB JJ HYPH NN NN . RB NN , RB RB , VBZ JJ IN NN JJ , CC IN CD NNS VBP TO VB WRB RB PRP$ NNS VBP VBN PRP MD VB DT NN NN VBN IN DT JJ NN NN VBN NN NNP . NNP VBD JJ TO VB RB JJ NNS IN , IN DT NN IN DT NN , NNP VBD PRP$ NN HYPH IN HYPH DT HYPH NN NNS IN IN NN IN DT NN . PRP VBD IN NN IN DT NN IN DT NN , NNP NNP , DT NN CC DT JJ NN . PRP VBD PRP IN PRP MD VB NNS RP . DT JJ NNS RBR , DT RB VBD DT UH , IN NNS . PRP MD VB TO VB DT `` VBN '' NN IN NNS . DT NN IN NNS VBD CD JJ HYPH VBN NNS CC VBD NNS IN WRB TO VB : CC , RB , RB VB : JJ NN NNS . PRP VBD RP DT NN HYPH CD NNS : `` NN IN DT JJ NN IN DT JJ NN NN , '' `` NN IN DT NN IN DT JJ NN IN IN NNS '' : IN JJ NNS IN WRB DT NN MD VB VBN . DT `` NN IN DT JJ NN IN DT NN '' VBD VBN , CC IN JJ NNS . -LRB- `` DT NN IN DT JJ NN MD VB VBN CC JJ IN DT NN RB IN PRP VBP RB DT NN . . . . DT NN MD RB VB DT NN , RB IN DT NN , CC RB VB DT NN VBN IN DT NN . '' -RRB- NNP VBD , IN DT NN , VBD NN IN DT NNP NNPS , IN IN JJ NNS IN IN NNP . DT NN PRP VBD , DT NNP , DT JJ NN IN NNP VBD RB JJ CC JJ IN DT NN . RB DT JJ NN NN VBD JJ . IN DT NN , PRP VBD CD NNS VBN , IN IN RB CD CD . PRP VBD RB IN DT NN VBD DT JJ NNS IN NN IN PRP . PRP VBD VBG TO VB PRP$ NN , DT JJ NN NN , CC VBD JJ IN PRP MD VB VBG DT JJ CD NNS IN PRP$ NN IN JJ NNS . DT IN HYPH NN NN , WDT RB VBD RB VBN VBN IN JJ NNS , VBD VBN IN NNS IN NNS IN DT NN . PRP VBD IN DT VBN NN : DT NN IN DT NN . CD IN DT NN NNS VBD PRP IN PRP CC RB DT IN PRP$ NNS , VBG DT NNS , VBD VBN VBN CD NNS POS NN , PRP VBD VBG RB JJ NNS . IN DT VBN NN , PRP VBD JJ TO VB VBG RB , IN DT JJ CD NNS , DT JJS PRP VBD VBN VBD IN DT NN NN . WRB PRP VBD IN NNP , NNP POS JJ NN , PRP VBD PRP$ JJ NN IN NN . IN DT JJ VBN NNS IN PRP , PRP VBD , VBD NN . CC PRP VBD RB CD NN , CC NNP VBD VBN DT NN POS NN NN . VBD PRP VBN IN DT NN HYPH JJ NN . PRP VBD IN PRP VBD . NN DT NN VBD NN CC NN ."
724,648,conspiracy,"DT NN IN NNS : DT NN `` MD '' VB VBG PRP$ NNS IN NNP , IN JJ -LRB- NN -RRB- -LRB- ADD -RRB- , CD NNS RB PRP MD RB RB VB NN -LRB- NN -RRB- -LRB- ADD -RRB- , CD NNS RB VBP PRP$ NNS RB VBN IN PRP$ NN NN . -LRB- NN -RRB- -LRB- ADD -RRB- NNS VBP VBG NNS WDT PRP VBP RB VBN RB . IN IN NNP -LRB- NN -RRB- -LRB- ADD -RRB- WP VBZ WRB NNP VBZ IN PRP . -LRB- NN -RRB- -LRB- ADD -RRB- NN IN NN NNPS VBN TO VB RB JJ -LRB- NN -RRB- -LRB- ADD -RRB- NN NN NN : PRP VBP JJ , MD PRP VB PRP$ NN . -LRB- NN -RRB- -LRB- ADD -RRB- VB DT NN IN WP DT NN VBZ PRP -LRB- NN -RRB- -LRB- ADD -RRB- WRB JJS NNPS VBP RP NNP -LRB- NN -RRB- -LRB- ADD -RRB- MD NNP NNP VB IN NNP IN NNP CD . -LRB- NN -RRB- -LRB- ADD -RRB- JJR JJ NN IN NNP : NNP VBN CD NNPS IN NNP NNPS -LRB- NN -RRB- -LRB- ADD -RRB- RB VBZ WRB DT NNP IN NNP RB JJ -LRB- NN -RRB- -LRB- ADD -RRB- WRB VBP JJ NNS RB JJ . -LRB- NN -RRB- -LRB- ADD -RRB- VB PRP$ NN IN DT CD NNS -LRB- NN -RRB- -LRB- ADD -RRB- VB RP CC VB TO VB IN DT NN -LRB- NN -RRB- -LRB- ADD -RRB- NNP NNP VBZ RB CD IN NNP POS NNP NNPS -LRB- NN -RRB- -LRB- ADD -RRB- JJ NNS : CD NNS TO VB IN -LRB- NN -RRB- -LRB- ADD -RRB- GW ADD PRP$ NNS CC VB NN . -LRB- NN -RRB- -LRB- ADD -RRB- NNP IN DT NN IN NNP NN . -LRB- NN -RRB- -LRB- ADD -RRB- DT NNP VBN TO VB DT NN IN DT NNP NNP NNP NNP -LRB- NN -RRB- -LRB- ADD -RRB- DT JJ NNP IN NNS IN NNP NNPS -LRB- NNP -RRB- -LRB- ADD -RRB- WRB JJR JJ HYPH NNPS MD NNP PRP -LRB- NN -RRB- -LRB- ADD -RRB- DT NNP VBZ VBN DT JJ NN IN NN -LRB- NN -RRB- -LRB- ADD -RRB- WRB VBD NNPS VB RB JJ HYPH JJ . -LRB- NN -RRB- -LRB- ADD -RRB- DT JJR NN : NN , NN , JJ NN CC JJ NN -LRB- NN -RRB- -LRB- ADD -RRB- NNP NNP NNP : WP PRP VBP RB VBG PRP -LRB- NN -RRB- -LRB- ADD -RRB- JJ NN VBZ NN WDT MD VB NN NN JJ IN PRP$ NNS -LRB- NN -RRB- -LRB- ADD -RRB- WRB VBP JJ NN NNS RB RB JJ . -LRB- NN -RRB- -LRB- ADD -RRB- NNS TO VB VBN CC VBN IN NN NNS IN NNS -LRB- NN -RRB- -LRB- ADD -RRB- WRB DT NNP VBZ RB VBG DT NNP -LRB- NN -RRB- -LRB- ADD -RRB- IN DT CD NNS IN DT NN IN CD VBP RB IN JJ NNS IN NNP -LRB- NN -RRB- -LRB- ADD -RRB-"
725,1074,mainstream,"IN NNP CD , NNP VBD IN NNP NNP MD VB DT NN IN DT JJ NN IN NN NN NN DT NNP . NN -LRB- CC RB HYPH VBG NN -RRB- NNP NNP VBD NNP : `` NNP VBZ PRP NN RB RB IN NN CC NN . PRP MD VB JJ CC JJ . PRP VBZ VBN IN PRP$ NN CC VBZ DT JJ NN IN NN . '' `` JJ '' . `` JJ '' . DT VBZ DT JJ NN IN VBG PRP . NNP , DT JJ VBN NNP NN , NN NN CC NNP NN , VBZ JJ , JJ CC JJ . PRP VBZ RB DT JJ RBS JJ NN NN IN DT VBN , RB JJ NN IN NN NNS MD VB NN . IN PRP$ NN VBZ PRP$ JJ NN IN NN VBD PRP$ NN NN , CC DT VBN NN IN CD . IN DT JJ VBZ RB RB DT JJ JJ NN . WRB MD NN VB IN DT NN IN CD NN IN DT NN NN . EX VBP JJ NN NNS WP VBP DT NNP IN JJ IN IN NN . PRP VBP RB CD IN PRP , PRP VBP VBN PRP IN `` VBG DT NN JJ IN JJ , JJ NN '' CC VBD DT JJ NN MD VB IN PRP$ JJ NN NNS . PRP VBZ VBN NN IN JJ NNS , CC PRP VBP PRP NN IN IN JJS VBG TO VB NNS CC NNS IN NN NN . CC VBG DT NN , RB IN CD IN DT NN , VBZ IN NN . CC IN DT NN RB RB IN NN , RB RB IN DT JJ NN IN NNP , TO VB NNP POS JJ NN IN PRP MD VB JJ HYPH JJ NN CC NNS VBZ JJ CC JJ . NN NN VBZ RB RB DT JJ , UH , UH , PRP , VBD RB NN . PRP VBZ VBG DT NN WDT VBZ RB JJ , VBN IN NN IN NN . CC NN IN NNS VBZ RB RB RB VB DT NNS WP$ NNS VBP NN CC RB JJ NNS , RB RB IN JJ NNS , IN VBG DT NN NN WDT PRP VBP RP TO VB DT JJR NN . DT NNP NNP NNP MD RB VB VBN IN DT NN VBD JJ , CC DT NN VBD IN NN IN DT NN . NNS VBP DT NN IN NN CC NN , DT NNP VBZ VBN NNS IN JJ NNS IN NNS CC NN NN NNS IN JJS IN NN IN NN NN . PRP$ JJ NN NN VBZ IN NNS , CC DT NNP VBZ RB VBN IN PRP , RB NNS . NNS VBP , VB PRP$ NN IN PRP$ NN , CC NNS POS NN . DT CD NNP IN NNP NN VBD IN RB DT NN IN NNS VBD `` DT NN '' IN NNS POS NNS IN NNS ."
726,635,mainstream,"NNP NNP NNP NNP VBZ DT NN : PRP VBZ RB JJ IN VBG DT JJ CD HYPH NN NN IN VBG DT JJ NN HYPH CD NN . PRP VBZ VBN IN JJ NNS MD VB JJ . CC IN DT , PRP VBZ NNP CC PRP$ NN NNP RB VB DT NN POS JJS NN IN VBG NN . `` PRP VBP IN EX VBP RB CD JJ NNS IN NN IN DT NN , CC VB PRP VB JJ , TO VB PRP IN NN , RB IN RB DT JJ CD NNS , VBZ RB WRB DT NN MD VB , '' NNP VBD IN DT NN NN IN NNS NNP . IN DT JJ NN NN MD RB VB NN TO VB RP TO VB JJ NNS , `` EX VBZ RB RB PRP , RB IN NN IN NNP , WDT MD VB IN NN '' TO VB DT JJ NN , NNP VBD . NNP CC NNP VBP RB CD IN DT NN POS JJS NN NNS . DT JJ NNS RB , PRP VBD NNS TO VB IN DT JJ NN WDT VBZ NNP POS NN NN . IN CD , NNP VBD DT NN NN IN PRP$ NNP NN IN DT NN NN NN . NNP POS NN NN VBZ RB DT NN IN PRP$ NNP NN NN , WDT DT NN VBD IN PRP$ NN IN NNP NNPS . DT CD NNS VBP TO VB NN IN DT JJ NN IN DT JJ NN IN CD CC VBP IN DT NN : RB IN DT NN NN NN : IN JJ HYPH NN CD DT JJS . VBG DT NN NN IN CD NNS VBZ RB JJ , DT NN NNS VBP . IN DT JJ NN IN NNS , NNP NNP NN NNP NNP VBD NNP VBD DT NN IN NN CC NN IN RB CD IN CD NNS CC VBD DT JJ NN IN VBG DT NN IN `` DT NN IN VBG CD NNS , IN DT NN . '' PRP VBD IN JJ JJ JJ NN NNS PRP VBP VBN RB CD NNS TO VB . JJ : DT NN POS HYPH NN IN CD NNS . NN HYPH CD NN NNS VBP RB JJ , NN VBZ NNP NNP RB VBZ RB DT CD NNS IN NNS DT NN . `` PRP VBZ PRP RB CD NNS TO VB DT VB , CC DT VBZ DT JJ NN IN PRP IN IN DT NN IN NN TO VB NN TO VB NN RB IN NN VBZ DT JJ NN , EX VBP RB JJ NNS WDT MD : VB IN DT NN , '' NNP VBD . IN RB , DT NN VBZ DT NN TO VB RB CD CD IN CD CD NNS , NNP VBD , CC PRP VBZ DT NN IN NN TO VB IN CD CD NNS IN DT NN IN DT NNP HYPH CD NN . IN DT JJ NN , NNP VBZ RB VBN DT NN IN NNP NNP TO VB DT NN NN . JJ NN NNS VBP RB IN NN , VBG NNP POS NNP CD NN WDT VBZ VBN JJS IN DT NN CC NNP POS NN WDT VBZ VBG RB IN NN IN NNP CC NNP POS NNP NNP . CC NNP VBZ NNP NNP VBZ DT JJ NN NN WDT MD VB IN NN , NNP VBD , IN DT NN IN RB CD CD IN CD CD NNS IN DT JJ NN IN CD . RB IN PDT DT NN NN , NNP VBD NNP VBZ CD NN IN PRP$ NN NNS RB VBG IN `` RB JJ NN '' TO VB NNS IN NNS , NN HYPH CD CC RB . NNP VBZ CD IN JJ NNS WDT VBZ VBN NN IN DT NN HYPH CD NN . DT VBZ JJ IN NNP : IN RB . IN DT JJ NN , NNS IN NNP VBD CD NN IN JJ NNS TO VB $ CD CD -LRB- $ CD CD -RRB- , CD NN RB IN NN NNS POS NNS . DT JJ NN VBD RB NN IN DT NN IN NNS CC NNS VBG NNS IN DT JJ NN NN . DT JJ NN IN NN MD VB VBG IN DT JJ NN IN DT NNS VBP VBN IN NNS VBP VBG NNS TO VB JJ NNS , NNP VBD . NNP HYPH VBN NN CC NN NN NNP VBD DT NN POS NN IN NN , IN NNS WDT JJR IN VBN TO VB $ CD CD -LRB- $ CD CD -RRB- IN DT JJ NN , VBG DT NNP POS NN IN CD NN . IN NNP VBZ RB DT NN , PRP MD VB DT JJR NN IN NNS IN DT NN , PRP MD RB VB PRP$ NNS POS NN IN NNP HYPH CD . IN NNP VBD , NNP VBZ DT JJ NN RBS VBN IN NN , RB IN EX VBZ VBN DT NN IN JJ NN NNS IN DT NN . IN DT JJ NN , NNP VBZ NNS TO VB IN DT JJ JJ HYPH NN NN IN IN JJR NN IN JJ NNS , VBN NNS IN NN NNS CC JJR NN NN IN NN NNS . DT NN VBZ PRP$ CD NNS HYPH IN HYPH NN NNS IN RB CD NN NN ."
727,1177,mainstream,"VB DT JJS NN IN NN CC RBR VBN RB IN PRP$ NN . VB RP RB . JJ NNS WP VBP RB VBG JJ NNS IN DT JJ NN NN MD VB IN PRP VBZ JJ IN DT NN , RB RB RB IN NNP , VBG IN DT JJ JJ NN IN DT JJ NN WDT VBZ VBG IN NNP NNP NNS IN PRP$ NN . NNP NNP , DT NN IN JJ NN NNP , VBD NNP NNP IN NNS MD VB IN DT NN VBZ IN `` NNP CC NNP . '' IN NNP , NNP VBD DT NN IN NNP NNP IN DT NN CC NN IN DT JJ NN , WDT VBZ VBG VBN IN DT NNP NNP CC NNP NNP NNP . DT NN VBD JJ JJ NNS RBR DT NN . `` DT NN IN NNP VBZ CD IN DT JJS IN DT NN . PRP VBP VBN RB RB , '' VBD NNP IN NNP NNP POS `` NNP NNP NNP . '' `` IN NNP , NNP PRP MD VB DT JJ NN RB IN DT NN CC NN IN DT NN CC PRP MD VB TO VB DT JJ JJR NNS , '' PRP VBD . `` CC IN NNP , NNP PRP MD VB DT RB JJ NN RB . '' `` NN VBZ RB JJ IN PRP VBP TO VB JJ NNS TO VB DT JJ NNS IN PRP MD VB , '' PRP VBD , RB VBD PRP VBZ `` JJ '' IN DT NN VBZ RB VBN NN IN JJ NNS VBP JJ . NNP NN VBZ IN NN IN VBG VBN RB IN NN `` DT VBZ DT JJ NN , IN PRP DT VBP , CC PRP VBD RB VBZ DT NN TO VB RB CC VB RP CC VB PRP$ JJS TO VB VB RP IN DT NN , '' PRP VBD . IN DT JJ NN IN NNP NNP , NNP '' MD VB JJ IN -LRB- DT -RRB- NN CC JJ NN CC NN IN DT NN , '' VBG IN DT NN NN IN DT NN . NNP VBD NNP NNP DT NN MD VB VBN IN DT NN IN DT NN IN DT NN . `` IN DT JJ NN , IN DT NN VBZ RB VB CC VBZ IN DT JJ NN IN DT NN , PRP MD VB DT JJ NN RB IN DT NN , '' PRP VBD . DT NN VBZ IN IN JJS CD NNP NNP NN VBD RBR DT NN IN , IN VBN JJ , DT NN MD VB JJ RB RB IN NNP . `` RB PRP VBP DT JJ NN IN NN IN DT NN IN PRP VBZ NN WDT PRP VBP VBN RB , '' NNP NNP , NN IN NN IN NNP NNP , VBD NNP NNP ."
728,710,mainstream,"DT NNP NNP NNP -LRB- NNP -RRB- VBZ DT JJ JJ NN NNS IN DT NNP NNP -LRB- NNP -RRB- WDT VBP NN , DT NN , MD VB VBG IN NNS WP VBP RB JJ IN NN HYPH CD . IN NNS IN NNS , DT NN VBD VBN TO VB NN IN RB CD NN , CC IN NNS VBG RB NN , NN VBD VBN IN RB CD NN , VBG IN JJ NNS VBN IN NNP . DT NN VBD RB VBN IN NNS RB JJ IN NN HYPH CD , CC VBD RB VBN IN NNS IN JJR NN . `` DT VBZ DT JJ NN TO VB VBN TO VB NN IN NNS IN NN HYPH CD VBG NN CC NN NN , '' VBD NNP NNP NNP NNP , NNP NN HYPH NNP . `` DT VBZ JJ NN CC PRP VBP DT NNP IN DT NNP , DT NNP IN NNP , CC DT JJ NNS CC NNS IN DT NNP WP VBP VBN IN DT VBG JJ NN . '' NNP VBZ DT NN WDT VBZ VBN VBN IN DT NNS TO VB NN IN DT NN IN NNS , VBG JJ NNS CC JJ NNS . PRP VBZ VBN VBN IN DT NNP NNP NNP IN NNP NNPS IN CD IN JJ NNS , CC VBZ RB IN HYPH NN CC RB JJ IN JJS NNS . DT NNS VBD JJ NNS IN DT NNS IN DT NN IN NNP , CC PRP VBP VBG RB IN DT JJ NN NN IN DT VBG NNS . WP MD VB DT JJ NN TO VB PRP$ JJ NN IN DT NN . WP JJ NN MD VB VBN TO VB WRB CC WRB DT NN MD VB VBN IN NN HYPH CD . NN POS NN VBZ RP DT NNP NNP CC NNP NNP NN , WDT VBD NN IN NNP IN NNP TO VB NN NNS IN NNP HYPH CD , WRB JJ NN IN DT NN IN NNS VBD VBN IN DT NN . DT NNS VBP DT NN IN JJ VBN NN NNS WDT VBP JJ NN . WP MD VB TO VB RB IN DT NNS TO RB VB NN NNS CC NNS TO VB NN HYPH CD VBG IN DT NN IN DT NN IN NN HYPH CD NNS NN ."
729,640,mainstream,"DT NN IN NNS WDT VBD IN NNP POS NNP JJ NN CC VBN IN CD JJ NNS VBZ WRB NN , JJ NNS CC JJ NN NNS MD VB JJ NNS . IN DT NNS , NNS VBD RB CD NNS DT NN CC VBD JJ JJR . IN CD , PRP VBD RB VBN IN DT NNP NNPS , NN IN RB JJ NN IN DT JJ NN . CC JJ NN , DT NNP VBD CD NNS IN NNS CC RB , JJR IN DT NN IN CD , JJR IN CD NNS VBP VBN VBN IN DT NNP NN . DT NNS MD VB JJ , CC PRP VBP DT NN IN DT JJ NN , IN JJR NNS VBP VBN IN DT NN IN DT JJ NN . DT NN VBZ VBN VBN IN JJ NNS WP VBP VBN NN IN DT JJ NN , RB RB VBN , WDT VBD DT NN -LRB- NNS , NNS , NN -RRB- NN MD VB VBN IN NN . WRB NN NNS VBP RB JJ : IN PRP RB VBP IN DT NNP IN DT NN : NN VBZ VBN IN WP VBZ VBN IN `` NN NN . '' PRP VBZ DT RBS JJ , VBG DT JJ NN IN NNS WP IN JJ NNS MD RB VB VBN , NNS RB JJ IN PRP$ JJ NNS , CC JJ NNS IN WP DT NN VBZ RB VB . CC WRB NNS RB VBP TO VB PRP$ NNS , VBG DT JJ NN IN DT NN IN DT NN , NN VBZ RP CC NNS VBP VBN IN NN . NN NNS VBP DT NN WRB PRP VBP PRP RB JJ IN NNS TO VB IN IN RB JJ NNS . DT NNS VBP NNS IN RB VBN JJ NNS . CC DT IN CD NNS , NNP CC NNP NNP , VBP NNS IN JJ NNS . CC CD NNS VBP NNS TO VB NNS IN JJ `` JJ '' NNS , DT NNS VBP JJ NNS RB RB IN PRP MD VB RB DT NN CC NN . IN NNP NNP , IN NN , NNS VBP RB VB DT NN WDT VBZ NN MD VB `` IN DT JJ NN IN DT NN POS JJ NNS . '' JJ NN NN , RB CD NNS VBD VBN JJ NNS , CD NNS RB JJ IN IN CD . JJ VBD VBN IN CD NNS , VBG NN NN IN JJ NNS . IN JJ NNS , NN NNS VBP VBN VBN IN NNS IN DT NN , IN NNP NNP , NNP , IN NNP , NNP , WRB DT NN IN NNS VBP VBN NNS . NNS MD RB VB PRP VBP VBG PRP$ NNS IN VBG RP , CC NNS VBP JJ IN NNS VBN IN NNS IN NNS IN JJ NN NNS . IN DT WP VBP DT NN , DT NN IN JJ NNS VBZ JJ . CD IN DT CD NNS IN NNS VBZ NN . RB CD IN DT CD MD VB NN , WDT MD VB DT NN JJ CC RB JJ . CC CD CC CD IN DT CD MD VB . NNS MD TO VB JJ TO VB RP IN RB VBN JJ CC JJ NNS , CC RB IN JJ NNS . NNS VBP JJ JJ NNS WDT VBP VBN JJ NNS . NNS IN JJ NNS VBP RB VB DT NN TO VB NNS IN NN . NNP NN POS JJ NNS VBP VBN IN PRP$ JJ NN , JJ IN DT NN NN . JJS NNS VBP VBN IN DT JJ NN : DT JJ NNP NN NN . TO VB JJR NNS , VB IN DT NN JJ NN CC VB RP IN DT JJ NN NN NN ."
730,390,mainstream,"WP VBZ DT NN . NN : WP JJS IN PRP VBP `` DT NN '' : VBZ DT JJ JJ NN IN DT NN , NN , CC NNS . PRP MD VB DT NN VB RB JJ . WRB MD NNPS VB DT NNP NNP . NN NN VBZ IN NNP IN NNP . PRP VBZ JJS TO VB DT NN NN RB RB IN DT NN IN JJ , RB IN DT NN IN NNP . DT VBZ DT NN DT NN TO VB NNS WDT VBP IN DT NN . CC VBG DT NN NN RBR IN DT NN VBZ JJR IN RB VBG PRP IN DT . WP MD VB DT NN NN . DT NNPS IN NNP NNP CC NNP -LRB- NNP -RRB- VBZ DT NN NN IN NN CD NNS IN NN CC JJR . CC PRP VBZ RB JJ IN DT IN JJR HYPH NN NNS VBP VBN TO VB NN NNS IN DT NN . PRP VBP : SYM DT NNS CD NNS IN CD NNS JJ , DT NNS WP VBP JJ , VBP VBG TO VB JJ , VBP RB VBN NN , CC VBP VBG IN NN NN , NN WP$ JJ NN VBZ VBN IN NNS CC NNS -LRB- IN NN NN -RRB- , NNS WP VBP IN JJ HYPH NN NN NNS , JJ IN NN NNS , DT NN CC NN IN JJ JJ NNS , JJ IN NN CC NN , NNS CC NNS WP VBP NN RB CC VBP IN NN IN VBG NN NN IN PRP VBP DT NN , NNS CC NN NNS IN NN IN DT JJ HYPH NN NN -LRB- IN NNS JJR IN CD NNS JJ , RB DT JJR IN CD NNS , CC DT IN JJ HYPH NN NNS -RRB- NNS JJR IN CD NNS RB VB DT NN . CC IN PRP$ NNS , JJ NNS , CC JJR NNS IN DT NN VBP PRP , WDT MD VB VB DT NN . DT VBZ JJ IN NNS VBP RBR IN NN IN JJ NNS IN DT NN . WRB VBZ DT NNP NN VBN . NFP NNS JJR IN CD NNS JJ MD VB CD NNS IN NN NN , VBN IN JJS CD NN RB , IN PRP VBP VBN JJR IN CD NNS IN NNP CD . DT VBZ NNS WP VBP VBG DT NN NN IN DT JJ NN . NFP DT JJR IN CD WP VBD IN JJS CD NNS IN NN NN -LRB- IN DT JJ CC JJ NNS -RRB- MD RB VB CD NN . NFP NNS JJR IN CD VBP RB CD NN IN DT NN . VB IN PRP$ NN IN WRB JJ NNS PRP$ NN VBZ . WP VBP DT NNS IN NN NNS . CD NNS IN NN NN VBP JJ IN DT CD HYPH CD NN NN . DT VBP IN CD NNS IN NN NN : NFP DT NN NN , WDT VBZ VBN IN DT NN , DT JJ NN , DT NN WDT VBZ VBN IN DT NNS IN DT NN , DT JJ NN NN VBD RB VBN IN NNS IN PRP VBD RB VB TO VB RB RB . DT JJR NN VBZ TO VB RB RB IN DT NN . RB CC NN MD VB VBN DT NN , VBG IN DT NN POS NN CC JJ NN . DT JJ NN VBZ RB IN JJ NNS NNS CD CD . NNS IN JJ NN NNS CC DT NN NNS -LRB- JJ IN NN -RRB- CC JJ NNS MD RB VB DT JJ NN NN . WRB VBZ DT NN NN VBN . IN DT NN NN VBZ RB CD NN JJ , PRP RB RB VBZ DT NN POS NNS IN VBG DT NN , WDT MD VB RB JJ . PRP RB MD VB NNS RBR JJ IN NN VBZ RB VB DT NN IN NN . RB IN PRP CC PRP$ NNS VBD DT NN NN JJ NN , DT MD RB VB PRP DT NN , IN NN NNS VBP . DT VBZ WRB DT NN VBZ VBN DT NN TO VB DT RBS JJ NNS IN DT NN . RB DT JJ NNS VBP VBN IN DT NN CD NN IN DT JJ . RB RB , PRP VBZ RB JJ TO VB DT JJ NN NN IN DT NN POS NN IN DT NN NN VBZ IN NN . WP VBP DT JJ NN NNS IN DT NN NN . RB VBN IN DT NN IN DT JJ NN , DT NN NN VBZ VBN NN NNS WDT MD RB VB NN TO VB DT NN . CC PRP MD VB JJ NN NNS IN : NFP NN , NN , CC NN IN DT NN NN DT JJ NN NN NN VBZ VBN JJ NN NNS . RB PRP MD VB JJ NN HYPH JJ NNS , VBG JJ NN , NN , NN , NN NNS , CC NN . RB RB , DT NN NN MD VB DT JJ JJ NN . WP VBZ IN NN NN . IN PRP$ NN VBZ DT NN NNS , VB IN PRP$ NN IN VBG CC NN CC NN CC TO VB RP DT JJ NN . DT JJ , JJ NN CC DT NN NN IN DT NN NN MD VB VB NN , IN MD VBG CC VBG DT NN . WP RB MD PRP VB . DT NNS MD VB DT NN IN VBG DT NN NN . VB IN PRP$ NN TO VB IN DT NN VBZ RB VBN IN PRP$ NN : NFP VBZ RB VBN DT JJ JJ NN IN DT NN NN IN DT NN , NNS IN DT NN NN VBD TO VB IN PRP$ NN IN IN DT NN NN VBD JJ IN PRP IN PRP VBZ VBN IN NNS . CC NN NNS RB VBP IN DT NN IN NN NN IN DT NN VBZ RB JJ IN PRP VBZ JJ RB IN NNS IN DT JJ NN NN . DT VBZ RB JJ IN DT JJ NN NN . RB , DT NN IN DT NN NN MD VB DT NN NN IN DT NN POS NN , RB IN DT NN , NN , CC JJ NN . IN PRP$ NN VBZ JJ CC VBZ DT NN , CC VBZ VBG , VB IN PRP$ NN IN IN TO VB DT NN NN . WRB MD PRP VB DT NN . SYM PRP VBP RB JJ IN DT NN MD VB VBN CC VBN NFP EX VBP NNS IN DT NN , JJ IN DT JJ NN CC JJ NN , CC IN PRP VBP JJ NNS"
731,1281,mainstream,"PRP VBP VBN DT NN IN NNS IN WRB PRP VBP NN . DT JJ NN WDT PRP VBD VBD VBG IN NN VBD RB RB RB DT NN NN IN DT NN WDT VBZ DT NN . RB RB DT NN VBZ WP VBZ VBG DT NN . DT NN NN VBZ VBG DT NN , NNS IN NN VBP VBG DT NN , NNS IN DT NNS IN PRP$ NNS VBP VBG DT NN . DT IN DT NNS : NN , NN , NNS : VBP RB JJ RB RB IN NNS NN . RB PRP VBD TO VB , UH , IN DT NN VBZ VBN IN DT NN , RB WP VBZ JJ IN DT NN . VBZ DT NN VBN CC VBZ PRP VBN . CC PRP VBP VBN TO VB DT NN VBZ VBN . CC EX VBP JJ NNS IN DT . DT RBS JJ NN VBZ EX VBP JJR CC JJR NNS , DT IN PRP VBN IN DT NN , IN JJ HYPH NN , JJ NNS IN DT JJ NN IN NNS IN NN . CD IN PRP VBZ DT NNS PRP VBP IN NN . DT NN WP VBZ DT NN MD VB TO VB NN NN , MD VB JJ , MD VB . PRP VBP IN RB IN NNS IN NNS . DT NN WP MD VB VBN RB IN IN NN MD VB VBN , CC RB PRP MD VB RB . DT NN VBZ NNS . DT NN IN NN CC NN VBZ DT NN NN , VBZ DT NNS , VBZ TO VB CC VB RB . PRP VBZ RB VB DT JJ JJ NN NN . PRP VBZ IN IN EX VBD DT NN , PRP VBD DT NN CC DT JJ NN VBD RB . PRP VBP RB VBN RP WRB DT IN DT NNS IN JJ NN IN DT NN MD VB VBN RBR JJ , IN EX VBP NNS WRB JJ NN VBZ VB DT JJ NN . CC VBG DT JJ NNS VB RB . CC RB , DT NNS WP VBP IN NN MD VB VBG PRP$ NNS NNS IN NNS PRP VBP IN WRB PRP VBD IN PRP VBD RB IN IN PRP , VBG IN PRP VBD VBG CC VBG . DT NN IN NNP NNP , `` NNP NNP , '' DT RB JJ NN IN PRP$ NN CC IN NNP NNP , WP VBZ DT RB JJ HYPH JJ CC JJ NN IN NN , WRB PRP$ NN , NNP : WRB PRP RB VBD PRP DT NN NN , PRP VBD VBG JJ HYPH NN NN CC PRP MD VB NNP CC NNP . CC PRP VBD RB RB VB PRP MD VB DT IN DT . RB PRP$ JJ NN VBD VBG , CC DT NN VBD RB VBG . RB IN DT NN VBZ VBG , PRP VBZ RB DT NN , PRP VBZ RB DT JJ NN . PRP VBZ NN IN NN CC NN WDT VBZ VBG VBN , CC DT NNS VBP RB ."
732,455,mainstream,"IN CD , NNP NNP , WP VBD RB IN DT NNP NNP IN NNP CC NNP NNPS IN NNP , NNP , VBD DT NN IN DT NNPS IN NNP NNP WDT VBD NN JJ : RB IN DT NN IN JJR NNS WP VBD DT JJ NN NN JJR IN VBN IN CD IN CD , EX VBD DT JJ NN IN DT NN NN . DT NN VBD CD IN DT JJ NNS IN WRB JJ NNS VBP RB VBN IN DT NN , DT NN JJ TO VB RP IN NNS RB VBP NN IN PRP$ NNS IN NN NNS . VBG DT JJ NN CC DT JJS JJ NNS , NNP NNP VBD IN NN RB VBZ RB CD IN CD NN IN DT NN NNS IN DT NN . CC JJR NNS VBD VBN IN DT NN NN VBD DT JJ NN POS NN IN VBG IN CD NN . `` PRP VBP RB VB TO VB DT JJ NN IN NN TO VB DT VBZ RB VB RP , '' VBD NNP NNP NNP NNP IN DT NNP NNP NNP IN NNP NNPS IN NNP , WP VBZ RB VBN DT NN IN DT NN NN IN DT JJ . NNP NNP IN RB VBD TO VB RP JJ NNS IN VBN CC JJ JJ NNS IN VBG JJ NNS , DT JJ NN WDT NNS VBP TO VB CC VB WP VBZ JJ IN PRP$ NNS . PRP CC JJ NNS VBD IN NNS IN NNS IN NN CC NN NN , IN NN , MD VB RB JJ , RB VBG DT NNS . WRB PRP VBD IN DT NNS , RB , DT NNS IN DT VBN CC JJ NNS VBD RB RBR VBN . DT NN VBD RB RBR JJ . PRP VBD NNP NNP NNP POS NN NN , IN DT NNP IN NNP , WDT VBD DT NN IN VBG DT NNS TO VB NNS . IN DT NN , NNP NNP -LRB- DT NN IN NNP NNP -RRB- CC CD JJ NNS VBD RB CD NNS VBG JJ NNS CC VBG NN HYPH NNS . PRP VBD IN NN HYPH JJ NNS VBD RBR JJ TO VB JJ NNS IN NNS IN NN NN CC NN RB IN PRP VBD IN DT NN RBR RB . CC WRB NNP NNP VBD IN NNS IN NN , NNS IN NN NN , IN NNS VBD NN NN CC NN , CC WDT NNS IN NNS PRP VBD , PRP VBD IN NN VBD JJ NN IN JJR NNS POS NN IN NN , DT RBS JJ NN IN DT NN . DT NN VBZ DT JJ NN . NNS VBP IN VBG DT NN NN TO VB CC VB IN JJ NNS . IN DT NN NN VBZ RP IN NN , JJR NNS VBP RB VB RB RB IN NNS IN JJR NNS ."
733,356,mainstream,"`` PRP VBP VBN IN JJ NNS , CC RB RB VBG PRP TO VB IN NN IN JJ , '' VBZ NNP . NNS VBP DT JJ JJ NN , CC PRP VBZ RB JJ IN JJ NNS IN PRP VBZ IN JJ NNS . VB IN WRB RB PRP MD VB TO VB CC VB IN DT JJ NN . DT VBZ DT NN IN NN PRP$ NN VBZ VBG , CC RB VBG , TO VB IN DT NN NN NN . DT VBZ IN NNS IN WDT NN NN NNS VBP RBR JJ CC RBR IN JJ NNS , IN WDT RB CD NNS IN DT NN VBP IN DT NN VBP . IN DT NN VBZ VBG CD JJ NN CC VBZ JJ IN PDT DT JJ NNS , JJ NNS VBP JJ . IN PRP VBP DT JJ NN IN DT NN , PRP MD RB VB WRB JJ NNS VBP VBG : NN PRP MD RB VB RP IN JJ NN . IN DT NNS , DT JJ NN IN NN VBZ DT JJ NN IN VBG VBN IN VBG VBN NN . DT NN VBZ VBN IN JJ NN NNS IN VBG NN HYPH VBN IN VBG IN JJ NNS WDT PRP MD RB VB . DT VBZ WRB DT JJ NN NN MD VB RBR VBG IN DT NN , NNP VBZ , IN PRP VBZ IN DT JJ NN : TO VB RB DT NN . IN NN , DT JJ NN IN NN NNS VBZ VBN DT NN IN NNS WP VBP JJ NN IN IN HYPH NN NNS , JJ IN DT IN NN WP MD VB VBN IN JJ NNS VBG . NNP NNP , DT NN IN DT NNP NNP HYPH VBN NN NN NNP NNP , RB VBD RP PRP VBZ JJ . RB JJ NN , PRP VBD VBG IN DT JJ NN IN VBG VBN NNS , VBG IN IN HYPH NN NNS , CC VBG DT JJ HYPH NN WDT VBZ JJ IN NN NNS . PRP VBZ DT NNS VBD `` DT JJ NN , DT NN IN NN . ''"
734,544,mainstream,"JJ NN NN NNP VBZ VBN RP IN DT NNP IN NNP TO VB CC VB DT NN IN NN , IN DT NN WDT MD VB IN JJ NN IN DT NN IN DT NN VBZ TO VB JJ . JJ NNS IN DT NN VBN IN DT NN POS NNP NNP CC NNP NNP NNP VBD NN HYPH CD NN JJ NN , IN NNS IN NNS JJ CD IN CD VBG IN CD NN NNS IN JJ NNP . `` IN NNP HYPH CD VBZ PRP$ NN IN DT NN , DT NN IN DT NN TO VB DT NN VBZ JJ , '' NNP NNP , JJ NN IN NNP NNP , NNP , , VBD IN DT NN IN NNP . VBG IN NNP NN , NNP VBD : `` PRP VBZ RB DT NN TO VB IN DT NN IN DT NN CC RB VBZ DT NN TO VB DT NN IN NNS . '' `` IN NNP , NNP PRP MD RB VB DT RB JJ NN IN DT NN IN NN IN NNS IN PRP$ JJ NN , '' PRP VBD . NNS IN NNP , WDT VBP RB CD NN IN DT NN IN NN , VBD RB CD NN IN JJ NN NN IN NNP . NNP NNP NNP NNP , NNP NNP IN NNP IN NNP NNP , VBD DT NN IN NNP IN DT `` JJ NN IN DT NN IN NNS '' IN `` JJ NNS '' TO VB . CC NNP VBD DT NNP POS NN NN IN DT NN VBZ TO VB JJ TO VB IN NN IN PRP VBZ VBN IN DT NNS . `` PRP RB VBP TO VB JJ IN DT NN IN DT NN MD VB JJ TO VB DT NN IN NN IN IN PRP VBZ IN NNS IN VBG NNS , IN NN , WRB DT NN VBZ RB JJ , '' PRP VBD . DT NNP NN NN IN DT NN NN NNP HYPH CD VBZ VBN IN CD , IN DT NN IN NNP VBD VBG NNS IN NN NNS CC DT JJR NN IN DT JJ NN . DT NNP HYPH NNP NNP NN VBZ DT RB VBN IN DT NNP NN VBD DT NNPS NNP CD NNS RB TO VB VB DT JJ NN NN . NNS IN DT NN VBP VBN TO VB VBN IN DT VBG NNS . PRP VBZ IN DT JJ NN TO VB DT NN IN DT NN , IN NNS VBG NNS TO VB JJ NN WRB PRP VBZ JJ . EX VBP CD NNS IN NN RB . IN NNP , DT JJ NNP JJ NN NN NNP NNP NNP VBD NNS VBN IN DT NN NN NN NN IN NNP NNPS NNP , IN DT JJ NN NN VBD `` RB JJ NN . '' NNP NNP VBD DT NNS VBP VBN TO VB IN DT RB HYPH IN HYPH NN NN IN DT NN IN DT NN , IN RB DT NNS IN NN CC NN VBG VBN . NNP NNP NNP NNP VBD PRP VBD `` RB JJ NN '' IN NNP NNP VBD VBN IN DT NN IN NNP TO VB RP PRP$ NN NN . `` DT NN VBZ JJ , CC DT NN MD VB , CC DT NN VBZ DT NNP DT JJS NN PRP MD IN DT NN WDT MD VB DT JJ NN . PRP VBP VBG JJS NNS IN JJ NN IN DT VBN : IN DT NN IN DT NN CC RB DT JJ NN ."
735,374,mainstream,"NNP VBZ DT NN IN DT NNS NN NN -RRB- CC -LRB- JJ . DT NN VBZ WRB NN , RB JJ CC VBN NN , VBZ RB CC RB , IN DT NN VBZ IN DT NN . NNS VBP RB JJ IN NNS CC NNS : VBG , RB RB RB , JJ NN NNS . DT NN , CC JJ NN IN JJ , VBP VBN PRP RB JJR IN NNS TO VB . DT NN NN VBD VBN IN JJ NNS NN NNP NNP IN DT NNP NNP NN IN NNP CD , CD IN DT JJ NN IN NNP DT NN . IN DT NN , NNP VBD IN DT NN VBD VBG DT NNP NN `` JJR TO VB CC VB . '' IN VBG JJ NN CC NN , NNS , NNP VBD , VBZ RB RB VB JJ NN , CC RB DT NN , NN , NNS , RB JJ NNS : RB RB IN IN DT NNS IN DT NN MD VB JJR IN DT NN PRP . WRB NNP VBD NN IN CD , PRP VBD DT NN IN JJ RB RB IN JJ NN , CC RB JJ NN NNS , JJ IN `` JJ NNS , NN NN , NNS , NNS CC NN . '' JJ MD PRP VB VBN WRB JJ JJ NN MD VB NNS IN DT NN . DT NN NN PRP VBD IN DT CD HYPH NNS IN DT VBN NN IN NN CC NN : RB VBN IN IN JJ NN IN NN : RB . DT NN VBD RB JJ CC JJ IN DT NN HYPH CD NN IN CD . IN DT NN , NNP NNP NNP -LRB- NNP -RRB- NN HYPH NNP NNP NNP NNP VBD IN DT NN IN NNP CD , CD : `` PRP VBP RB RB VBG DT NN , PRP VBP VBG DT NN . JJ NN VBZ RBR CC RBR RB IN DT NN , CC VBZ RB RB JJ . '' VBG NNP POS NN , NN IN NN VBD NNS IN NN IN NN NN IN PRP$ NNS CC RB JJR NNS IN DT NN IN JJ NN VBG NNP HYPH CD -LRB- JJ IN PRP$ NN CC NN -RRB- , WDT VBD VBN IN : CC IN : DT NNS IN NN CC NN ."
736,815,conspiracy,"RB VBN IN NNP NNPS IN NNP NNP IN CD NNP : VBN IN NNP NN NNS IN DT NN NNS WDT VBD CD NNS IN CD VBZ NNS VBG IN DT NN MD VB VBN VBN TO VB TO VB DT NN POS NN , DT NN WDT DT NNS VBP VBN DT NN IN DT VBN NN . DT NN NNS , VBN IN JJR IN CD NNS IN NNS WDT VBD DT NN IN DT NNP NNP VBD PRP$ NN CC VBD DT JJ NNP NN NNP NNP IN DT NN , VBZ JJ NNS IN NN CC NN IN NN NN IN CD IN DT CD NNS . DT NNS VBP VBN IN NNS WDT MD VB VBN TO VB DT NN , VBG DT JJ NNS TO VB RB IN PRP MD VB RB VBN IN DT VBN NNS , NNS VBP . DT NN IN DT NN HYPH NN JJ NN VBD NNS DT NN IN VBG NNS IN DT JJR IN CD JJ JJ NNS JJ IN DT NNS , WDT MD VB VBN JJ NN IN NNP CC VBN DT NN IN DT JJ NN . JJR IN DT JJ NN CC DT NNP NN NNS VBN IN JJ NNP VBP DT NN IN NN NNS VBD TO VB DT NNS IN NNS JJ IN JJ NN NNS . DT JJ NN IN DT NNP TO VB DT NN IN NN VBZ DT JJ NN IN DT NN VBZ RB IN DT NN . DT NNP NN IN DT NNS RB VBZ IN JJ JJ JJ NNS VBD VBN JJ CC VBG NNS VBD RB VBN RP WRB DT NNP VBD NNP DT NN RB IN PRP$ NNP CD , CD , NN . CD NN IN DT JJ NN VBD NNP IN DT JJ NNS CC DT JJ NNS MD VB DT JJ NN IN NN IN DT NN NN . DT JJ JJ NN NN NN , WP VBD VBN JJ RB IN DT NN IN NN , VBD DT NNP VBD VBN JJ NNS IN DT JJ NNS IN NN IN DT NN CC VBD IN PRP VBD RB VBN . RB , DT NN VBD IN PRP VBZ JJ IN NN NNS TO VB JJ NN CC NN IN PRP$ NNS IN DT `` JJ NN '' WDT VBZ RB VB DT NNS POS NN , DT NN VBD . TO VB IN DT NN , RB , DT NNP VBD TO VB PRP$ JJ NN NN NNS VBG IN NN VBD DT JJ CD NN IN DT NN IN DT NN IN DT NNP NNP NNP CC RB JJ IN CD NN IN DT NN IN DT NN VBN IN NNP NNP NNP NNP IN NNP , RB JJR IN DT JJ NN NN . NN : RB RB VBN IN NN NN IN DT : VBD VBN IN CD NN CC CD NN , RB , IN DT NNS . DT NNP NN VBD TO VB IN DT NN IN NN CC TO VB JJ NNS IN DT NN HYPH NN NN . JJ NNS CC JJ NNS IN NNP VBP IN PRP VBD DT NN NN WP RB VBD DT NN NN CC NNS TO VB DT NN HYPH VBN NN . `` EX VBZ DT NN IN DT JJ NN MD VB DT JJ NN IN VBG NN VBG NN CC NN , '' VBD NNP NNP , DT NNP HYPH VBN JJ NN IN DT NNS NN WP VBZ RB VBN DT NNP NN NNS . `` PRP VBZ DT JJ NN TO VB DT , JJ IN IN DT JJ NN . '' NNP NNP HYPH NNP , DT NN HYPH VBN NN NN WP VBZ JJ NN IN NNP NNP NNP , VBD PRP `` RB JJ '' IN DT NNS VBD CC NN : WDT MD VB JJ IN NN JJ IN NN IN NN NN : CC NN . `` PRP VBP CD NNS IN RB JJ NNS , '' NNP HYPH NNP VBD . `` DT VBZ PRP$ NN IN DT RB JJ NN IN PRP VBZ DT NN . '' DT NN HYPH NN NN VBD RB DT JJ NN VBN JJ IN CD IN DT JJS NNS IN NNP NN , DT NN WDT VBD DT NN IN DT NN NN IN NN NN . IN NNP , NNP VBD IN IN VBG RP IN NNP IN CD , DT NN VBD VBG IN DT NN IN DT JJ JJ JJ NN NNS VBD VBN IN DT NN WDT VBD VBN IN DT NNP CC IN NNP NNP NN NNP NNP , IN DT JJ NN NN VBD VBN PRP IN DT JJS NN IN NN . NNP NNS VBP PRP VBZ PDT DT JJ NN , IN PRP VBP JJ PRP VBD DT JJ NN IN NNP . DT RB VBN NN NN IN DT NNP NNP NNP NNP NNP IN NNP NNPS IN NNP NNP , NNP , NNP VBD IN NNS RB RB IN VBG IN PRP MD RB VB CD NNS IN JJ NN . IN VBG DT NN JJ NN , DT NNP NNP VBD IN DT JJ NN VBD VBN NNS IN NNP POS NN , CC NN JJ NNS VBD PRP TO VB JJ JJ NN WDT VBD PRP$ NN . IN DT NNS , NNS VBD NNP POS VBN NN TO VB NNS RB IN DT NN IN NN IN PRP$ NN WDT RB VBD DT VBN NN : NN WDT VBD VBN VBN IN JJ NNS . PRP RB VBD PRP$ NN IN DT VBG JJ NN IN NNS IN PRP$ NN IN DT JJ NN NN . RB , DT NNP RB VBD JJ NN IN NNP VBD DT NN CC IN PRP VBD VBG NNS RB VBN TO VB DT IN JJ NNS . CC IN PRP RB VBD JJ HYPH NN NNS IN NNP , NNP , TO VB PRP . DT NNP VBD NNP DT NN RB IN VBG $ CD CD TO VB DT NN VBN IN DT JJ NNP NN , NNP NNP , WP DT NN RB VBD VBN RBR IN PRP$ NN . NN VBZ CD IN DT JJS CC RBS VBN JJ NNS . IN VBN , JJ NN NNS VBP IN RB VBG , RB JJ NN WDT VBP JJ NN . DT VBG NNS VBP JJ IN NNS IN JJ . DT NNS , VBN RB NNS IN DT NNP CD NN NNS , RB RB VBD IN DT NNP NNP NNP , NNP CC NNP , CC RB IN NNP NNP NNP IN NNP NNP , NNP , CC IN NNP RB HYPH NNP . NNP NNP IN NNP NNP . CD NNS VBD , CD VBD VBN CC RB CD VBD VBN TO VB JJ NNS IN NNS . NNS VBG NN NNS VBD JJ NNS VBG DT NNS IN DT NNP NN NN CC DT JJ NNP NNP NN IN NNP . DT NNP VBD PRP$ NN POS NN IN CD NN NN IN DT NN NN IN NNS . NNP NNP JJ NNP NNP NNP VBD NNP NNP NNP NNP WRB JJ NN VBD IN DT NNP CC NNP NNS IN DT NN IN DT NNP NNP NNP IN NNP CD . DT NNP NNP VBD CD NNS RBR IN NN VBD RP CD NN IN DT NNP NN -LRB- IN VBG DT CD NN NN -RRB- CC IN `` DT JJ JJ NN VBD RB JJ '' IN DT NN NN . DT NN POS NNS IN NN VBD VBN RB VBD DT JJ NN IN NNP IN DT NN IN DT NNP NNP IN NNPS , WDT VBD DT NN POS NN NN . IN VBG DT NN IN NN VBD VBN VBN IN DT VBN NN , DT NN VBD JJ IN PRP$ NN IN DT NNP VBD VBN `` DT JJ NN '' IN NNS IN NN NN NNS IN DT NNP NNP NNPS CC PRP$ JJ NN . NNP : WDT VBD NN NNS , IN DT NNP : VBD RB DT NN RB JJ NN IN DT NNP NNP NNP NN IN DT NN POS NN VBD . NNP VBD PRP VBD RB VBN IN DT NN NNS , WRB PRP VBD RB JJ . DT NNP NNPS NNP IN NNP VBD DT JJ NN IN NNS CC VBD NNS IN JJ NN NNS , CC PRP MD RB VB IN PRP VBD RB CC IN DT NNS . NNP , DT NNP NN , VBZ IN DT NN NNS VBD JJ NN WDT VBD IN DT JJ NN CC VBD IN PRP MD VB DT NNS . DT NNP NNP IN NNPS NN VBD IN DT VBG NN IN DT NN MD VB VBN IN DT VBG NNS . IN VBG DT NN IN NN VBD VBN , DT NN VBD PRP `` MD VB RP DT JJ NN IN DT NN HYPH VBN NN , IN DT VBN NN TO VB NN '' IN DT NNP NNP NNP NN . NNP NNP NN NN NNP NNP , WP VBD DT NN POS NN IN DT NN NN , VBD IN DT NN NN IN `` EX VBD RB JJ NN IN DT NNS WDT MD VB IN DT JJ NN NN IN DT NN NN . '' PRP VBD PRP VBD JJ IN DT `` NN '' NNS IN NN VBD JJ . IN DT NNP POS CD HYPH NN NN , DT NNP IN NNP NNP VBD DT NN IN NNS IN DT NNP NNP NNP NNP IN NNP TO VB NN HYPH IN NNS IN VBG NNS TO VB WRB JJ NN MD VB RP RB IN DT JJ NN . PRP VBD JJ , IN DT , NN IN JJS NNS , RB JJR IN VBD IN DT NNP NNP NNP NN , VBD NNP NNP , CD IN DT CD NNS . PRP VBD DT NN NNS IN DT NNP POS NN NNS `` JJ . '' NNP NNP , NNP POS NN , VBD DT NN NN POS NN IN DT VBG NNS '' VBZ DT JJ NN , '' CC `` PRP MD VB RB JJ IN NN IN DT NN IN DT VBD VBN . '' PRP VBD IN JJ `` NN '' IN DT RB JJ NN NN MD `` VB DT NN NNS RB RB . '' IN DT NN IN DT RB VBN NN , `` NNP NNPS , '' NNP VBD IN DT NN '' MD VB RB VBN VBN IN DT JJ NN IN NNS '' TO VB JJ JJ NN NNS . DT NN , PRP VBD , MD RB VB `` JJ IN DT NN NN IN DT NN . '' RB CD JJ NN NNS VBP IN DT NN , CC DT RB JJR NN VBD JJ IN CD CC CD , IN DT NNS , VBD NNP NNP , DT NN NN IN CD NN , NNP NNP , IN NNP NNP , NNP . NNP NNP , DT NN IN DT NN NNS NN , NNP , IN NNP , NNP , VBD IN JJ NN NNS MD VB VBN TO VB NNS CC JJ NNS NN HYPH NN . PRP RB VBD IN DT NNS IN NN IN NN VBN IN DT NNP CC NNP NNS MD VB `` RB JJ '' IN DT NN VBN NN VBD VBN VBN IN DT NNS . NNP , DT JJ HYPH VBN CC HYPH VBN NN WP RB VBD IN NN NNS IN NN NNS , VBD PRP VBD JJ IN DT NN NN IN VBG NNS IN JJ CD IN DT NNP JJ NN VBD VBN DT NN NNS . PRP VBD PRP `` JJ '' IN DT JJ NNS VBP RB VBN VBN . `` NNP , DT RBS JJ NN IN DT NN , CC DT NNP VBP DT NN JJ IN PRP , '' PRP VBD . `` CC CC PRP VBP DT JJ NN IN RB RB VBG DT JJS JJ NN IN DT RBS JJ NN DT NNP NNS VBD RB VBN IN PRP$ NN . '' IN DT NN IN NNP POS NN CC DT JJ JJ NNS , NNP POS JJ NN , DT NNP NNP NNP , VBZ VBG DT NNP POS NN IN DT NN NN ."
737,1131,mainstream,"DT NN RB , IN NNP CD , CD , DT JJ NN VBD IN NNP NNP . IN CD NNS , JJ NNS IN NN VBD IN JJR IN CD NN . DT NN VBD JJR IN CD NNS IN NNP NNP NNP RB . IN DT NNP NNPS , NN VBD DT NNS IN RB CD NNS IN CD , VBG NNS RBR VBN . IN NNS VBD RB VBN DT NN NN , PRP VBD CD JJR NNS TO VB DT NN . DT NN VBD NN IN DT NNP IN JJR IN DT NN . NNS VBP CD IN DT RBS JJ JJ NN HYPH NN NNS . IN IN DT NN , DT RB HYPH VBG NN HYPH CD VBZ RB VBN RB PDT DT CD RB , CC VBZ VBN RB CD NNS . EX VBZ DT JJ NN IN DT NN TO VB PRP IN VBG CC VBG NNS JJR . CC JJ NN NN VBZ , IN NN , CD NNS . RB WRB MD NNS RB VB DT NN IN NNP HYPH NN CD . IN NNS , PRP VBP VBG TO VB NN IN NNS CC NN NNS . PRP VBP RB VBG JJ NN NNS IN NNP , CC VBP RB VBN DT JJ JJ NN HYPH VBN NN : IN CD NNS : TO VB DT JJ NN . JJ HYPH NN `` NNS '' IN DT VBP NN IN DT NNP NNP NNP NNP VBN IN DT NNP NNP NNP NNP IN DT NNP NNP IN NNP TO VB PRP VB CC VB JJ NN NNS IN JJ NNS , JJ IN NNP HYPH NNP HYPH CD . RB JJ NNS IN PRP VBP VBG IN VBG DT JJ NN IN NN IN NN HYPH CD . DT NN VBZ DT NN POS NN NN TO VB DT NN JJ NN VBN DT NN . NNP HYPH NNP HYPH CD , IN JJ NNS , VBZ VBN IN DT NN HYPH JJ NNS IN PRP$ NN . EX VBP CD NNS IN DT NN IN DT NNS : DT NN , NN CC NN , WDT VBP DT NN IN NN . DT NNP NN VBZ DT JJ NNS WDT VBP RP DT NN . CC NNS VBP RB VB PRP$ JJ NNS . RB , DT NN VBZ IN DT NN CC RB JJ JJ NN NNS IN VBG RP IN PRP IN PRP$ NN NN . IN RB , DT JJ NN VBZ NN IN DT NN NN POS NN NN NN , CC VBZ JJ NNS IN JJ NNS CC NN WDT RB VBP IN NNS IN JJ NNS TO VB DT NN . RB CD NN TO VB DT NN VBZ TO VB DT NN IN VBG DT NNS . NNS VBP DT IN VBG DT NN TO VB CC VB DT NN IN PRP MD VB JJ JJ NNS . DT NN VBZ RB DT JJ NN IN CD CC JJR JJ NNS IN DT NN : JJ IN DT NN , NN CC DT NN NN : WDT VBZ VBN IN DT NN TO VB DT JJ NN DT NN IN DT NN IN VBG NN . DT NN VBZ DT NN NN TO VB RP CC VB DT NN VBG DT JJ NNS IN DT JJ NN RB VBZ RP . RB , VBG NNS VBN IN JJ NNS VBZ RB IN NNS , JJ IN IN DT JJ NN NN , IN JJ NNS , JJ IN IN NN . NN HYPH VBN NNS VBP JJ NN IN JJ NNS IN NNS WDT MD VB PRP$ NN . VBG DT NNS CC VBG DT NNS IN RB JJ JJ NNS MD VB NNS . IN NN , IN DT IN JJ NNS , JJ IN NNP , NNP CC NNP , IN NN EX VBP DT JJ NNS . WRB TO VB DT JJ NN IN NN RB TO VB DT JJ NN RBR RB IN RB HYPH RB HYPH VBN , RB HYPH VBG NNS JJ IN NNP HYPH NNP HYPH CD , NNS IN NNP CC RB VBP VBG JJ NNS . IN CD NN , RB IN NNS , DT JJ NN IN NNS , VBN NN NNS , MD VB DT JJ NNS TO VB DT NN . RB IN DT JJ NNS WRB JJ NNS VBP VBN TO VB , DT NN NN VBZ DT JJ NN IN DT NN , WDT DT NN NN RB VBZ TO VB DT JJ NNS PRP . DT JJS NN IN DT NN NNS VBZ IN PRP MD VB DT NN IN VBG JJ JJ NNS , RB VBG NNS CC NNS TO VB CC VB RP DT NN NN . DT NN NNS RB VBP DT JJ NN IN DT NN , CC PRP VBP RB DT JJ JJ NN IN DT JJ NN WDT VBZ RB DT NN NN . IN DT NN VBN IN NN MD VB NN IN DT NN POS NNS , PRP VBP JJ TO VB . JJ NN NNS MD RB VB JJR IN DT VBN NN CC NN HYPH VBN NNS IN PRP VBP RB VB DT NN IN DT VBN NN VBG JJ , CC DT NN NN . DT NN NN IN NNP HYPH CD TO VB NN VBG DT NN , NN NN NNP NNP VBD IN NNP CD IN PRP VBD RB VBN DT JJ NN HYPH CD NN NN VBN NN SYM CD , JJ IN JJ NNS IN NNS . DT NN NN VBZ VBN IN DT NNP IN NNP NNP NNPS , IN NN IN DT NNP NNP IN NNP CC NNP NNPS . DT NN HYPH CD VBZ IN DT JJ NN IN DT NN HYPH NN HYPH CD NN NN . DT NN IN VBG NN TO VB DT JJ NN TO VB DT NNS CC VB DT JJ NNS VBZ RB JJ . NNS RB CD NNS RB VBD IN RB VBN NN VBZ VBN IN DT VBN NN . RB , NNP VBZ RB DT RB JJ NN , WDT VBD DT NN NNS IN VBG DT NN . DT NN HYPH CD NN VBG VBN NN VBZ JJ NNS TO VB DT NN CC VBZ PRP IN DT JJ NN VBG JJ NN NNS . IN VBG NN IN DT NN , NNS VBP RB VBG NN IN DT NN WDT MD VB VBN RB . IN DT NN DT NN VBZ DT NN NN WDT VBZ VBN TO VB DT NN . RB RB IN VBG DT NN DT NN IN NN NNS , NNS MD RB VB PRP DT NN NN IN NNS TO VB PRP$ JJ NNS IN NN HYPH VBG NN NNS . JJ NNS MD VB RB VBN IN VBG DT NNS IN DT NN . CC VBG JJ NNS IN NN RB VBZ NNS IN JJ NNS , JJ NN CC JJ NN NNS . DT NN IN JJ NN VBZ RB VBN VBN IN NNP NNP POS NN RB IN NNP . IN NN NNS , DT NN RB VBN IN DT NN IN NNP , DT JJ , NN HYPH VBN JJ JJ NN WDT VBZ JJ CC JJ JJ NN CC NN VBD VBN IN DT NN CC VBN IN NNS . DT NN VBD NN VBN NNS IN NN CC NN HYPH VBN NN , CC RB VBD JJ NNS IN NNS . DT NN VBN NN VBZ RB VBG JJ NNS . RB , JJ NNS IN NNP HYPH NNP HYPH CD VBP VBG VBN IN NNP HYPH CD NNS . DT JJ NNS IN DT RBS JJ NN NNS MD VB VBN IN NN . DT NN VBN NNS MD VB VBN TO VB NNS VBG JJ NN . IN EX VBP JJ JJ JJ NNS , DT IN DT VBP RB JJ . PRP$ JJS NN IN NNP HYPH CD RB VBZ NN CC NN IN DT NN . IN PRP VBP DT JJ NN IN NNP HYPH NN HYPH CD , JJ NN CC NN VBZ PRP$ JJS NN . -LRB- VB NNS IN NN CC DT JJS NN . VB RP IN PRP$ NN . -RRB-"
738,946,mainstream,"EX VBZ VBN DT JJ NN IN NNS IN NNS IN JJ NNP IN DT NN IN CD . DT NNP NNP NNP -LRB- NNP -RRB- VBZ VBN CD NNS IN DT NN IN CD NNP . DT VBZ RB CD NNS DT NN IN NNS VBN IN DT NNP IN CD , WRB EX VBD CD NN HYPH VBN NNS IN NNS , VBN IN CD IN CD . NNS VBZ DT JJ JJ NN WDT VBZ NN IN DT NNS . VBG IN DT NN , NNS RB VBZ JJ NNS CC CD NN IN NNS IN CD VBD IN DT CD HYPH CD HYPH NN NN NN . DT NN IN DT VBN -LRB- CD NN -RRB- VBD VBN CD NNS IN DT NN -LRB- NNS , NNS CC NN -RRB- NN . DT NNP NN VBD PRP VBD JJ WRB VBN NNS RB VBP NNS IN DT NN IN NNS , CC VBD IN DT WP VBP VBN CD NNS IN DT NN VBP DT CD NN NN IN NN IN DT NN CC VBN NNS . NNS IN DT NNP NNP JJ NN VBP VBN VBN IN JJ NNS IN NNS IN NNS . IN NNP , EX VBP VBN CD VBN NNS CC CD VBN NNS IN NNS IN NNP NNP NNP NNP NNP IN NNP , VBG IN PRP$ NN , NNP NNP . NNP NNP VBD NNS IN DT NN VBD VBN NN IN NNS , NNS CC NN . PRP VBD PRP VBD RB JJ IN DT NN IN NN IN DT CD VBN NNS , WDT PRP VBD VBN VBN IN IN NNS . `` EX VBZ VBN DT NN IN NN IN IN CC RB DT NNS VBP VBN . NNS VBP VBN VBN IN IN PRP$ NN VBZ NNS CC RB , '' PRP VBD . NNP NNP VBD IN PRP MD VB TO VB JJ NN IN NNS IN IN CC RB VBN NNS VBD VBN , RB IN VBG DT NN JJ NN . `` DT NNP NNP NNP VBZ JJ NNS IN NNS IN PRP , '' VBD NNP NNP . `` PRP VBZ DT `` NNS '' WDT VBP NNS , NNS CC DT NN , JJ . '' CD NN VBN IN DT NN , WP VBD RB TO VB VBN , VBD PRP VBD VBN IN JJ NNS IN DT NN VBD VBN VBN DT NN . `` PRP VBD DT VBD VBN VBN RP IN PRP VBD DT JJ NN IN DT NN NNS RB , RB PRP VBZ RB JJ TO VB EX VBP VBN JJ NNS , '' PRP VBD . `` NNS VBP TO VB VBN RB RB WP PRP VBP TO VB . '' DT NNP VBD PRP VBD VBN VBG RB IN DT NN IN DT NNP NNP NNP NN , WDT VBZ NNP , WRB EX VBD VBN JJ VBN NNS IN NNS IN NNP . DT NNP NN VBD EX VBD VBN DT JJ NN IN DT NN IN NNS VBN IN JJ NNS IN NNP CC DT NN IN DT NN , IN DT NN IN NNS IN NNS VBD `` RB VBN '' IN DT NNP NN VBD VBN IN NNS IN JJ NNP IN CD . IN NNP , EX VBD DT VBN NN IN NNS IN CD NNS IN NNP . WRB TO VB IN VBG DT NN . NNP NNP NNP , NN IN NN NN IN DT NNP NNP NNP , VBD VBG NNS VBP VBN CD NNS IN NN NN VBD DT JJS NN IN DT NN . DT NNP VBZ DT NN VBZ NN IN DT JJ NN NN NN . `` NN IN DT JJ NN IN NNS IN NNP NNP VBG DT JJ NN TO VB DT NNP NN , NNS IN NNS , NNS CC NN VBP VBN RB , '' PRP VBD . `` RB , IN DT NN IN NNS VBG DT NNS VBZ RB JJ , PRP VBP RB VBN RB CC IN DT NNS DT NN IN NNS VBZ VBG VBN . `` NNS MD VB CD NN IN NNP RB IN PRP$ JJ NN CC DT JJ NN IN CD NNS CC CD NNS IN NN . `` IN PRP VBP RB VBN PRP$ NNS VBN , VB PRP$ NN NN TO VB NNS IN PRP TO VB DT NN CC VB TO VB PRP CC DT IN PRP IN DT JJS NN . '' WP VBZ NNS CC WRB VBZ PRP VB . NNS VBZ DT JJ JJ NN WDT VBZ JJ NNS IN DT NN IN DT NN IN DT NNS . JJ NNS IN NNS MD VB NN , JJ NN CC DT JJ NN DT JJ NNS IN DT NN . JJS NNS RB VBP IN NNS IN DT JJ NNS IN DT JJ MD VB RBR JJ NNS . PRP VBZ VBN IN DT JJ NN IN NNS CC NN CC DT NN VBZ RBS JJ DT JJ NNS IN DT NNS VBP CC IN DT JJ NNS RB . DT NNP VBZ NN IN VBN NNS TO VB PRP$ NN IN DT NN MD VB VBN . DT NN RB VBZ NN IN NNS TO VB NN CC NN IN IN JJS CD NNS IN NNS RB VBP , CC TO : NFP RB VB PRP$ NNS IN NN CC NN NFP VB CC VB IN NNS WRB PRP VBP WRB VBZ NN IN DT NNP NN VBG . DT NN IN DT VBG NN IN DT NN NN IN JJ NNS VBZ RB JJ . DT JJ NN VBZ VBN NN IN IN DT NN IN VBN NN CC VBN HYPH RP NN NNP NNP . IN CD , PRP VBD DT NN WDT VBD DT NNP NN IN NN , VBG IN DT NN IN DT NN , IN NNS VBG IN RB CD NN IN DT JJ NNS CC DT NN IN CD NN IN CD . NNS RB VBN IN DT NN VBD VBN CC DT NN IN JJ NN IN JJ NN VBZ VBN IN JJ NNS . DT VBD NNP NNP CC NNP NNP NNP NNP NNP TO VB IN JJ NNS TO VB JJ NN NNS TO VB NN WDT VBD JJ NN IN NNS . MD PRP VB PRP IN PRP VBP VBN VBN . UH . NNS CC JJ NNS WP VBP RB VBN CD NNS IN DT NN NN VBP VBN `` RB JJ '' . VBG IN DT NNP , PRP VBZ RB JJ WRB VBN NNS RB VBP NNS , PRP MD VB IN PRP$ JJ NN VBD RB VB RB RB IN PRP MD VB IN DT NN , CC PRP$ JJ NN POS NN TO VB DT NN VBZ VBN IN NN . RB , NN NNS VBP JJR CC NNS VBP RBR JJ IN VBN NNS . DT NNS VBP DT NNS NN IN DT NN IN DT `` RBS JJ '' HYPH VBG CD NN IN VBN NNS IN NN , IN VBN IN DT NN NN WDT VBZ IN CD NN IN NNS . IN DT NN IN NNS IN VBN NNS VBZ , RB VB DT NNS IN VBG DT NN IN JJ NNS CC DT VBN IN WP DT NNP VBZ RB VBN JJ ."
739,713,mainstream,"NNS MD VB VBN IN VBG IN NN IN PRP VBP PRP$ NNS , NNP NNP NN VBD . DT NNP NNP VBD PRP VBZ VBG JJ NNS TO VB NNS JJ IN DT NN HYPH JJ NNS . PRP VBZ IN NN HYPH RP IN NNS VBN , VBG NNP TO VB PRP$ `` NNS HYPH JJ '' NN . VBG IN DT NN NN IN DT NNP NNP NN IN NNP , NNP NNP VBD NNS WP VBP RB VBN VBP DT NN IN PRP$ NNS . PRP VBD : `` RB WP PRP MD VB VBZ IN WRB PRP , DT NN , VBP NNS IN NNS RB PRP VBZ DT CD NN NN : PRP VBP VBN TO VB PRP$ NNS IN . `` RB PRP VBP EX VBZ DT RB JJ NN IN VBG JJ NNS IN NNS WRB PRP VBP IN NN , IN RB PRP VBP VBG JJ NNS IN NN . '' CC NNS MD VB VBN IN NNS WP VBP NNS . NNP NNP VBD DT NNS MD VB JJ IN JJ NNS IN PRP VBZ PRP$ JJ NNS : JJ IN NNP NNPS . CC PRP VBD JJS NNS WP RB VBP RB TO VB PRP$ NNS VBN NN VBG VBN IN IN NN . PRP VBD : `` RB PRP VBP VBN TO VB JJ DT NN MD VB , IN DT NNS WP MD RB VB VBN , DT MD VB RB JJ JJ NNS WP PRP MD VB TO VB IN NN . `` CC RB , DT NN IN NNS IN DT IN DT CD NNS VBZ JJ VBN IN DT CD CC CD NN NN RB WP VBP RB VB VBN . `` PRP VBD NN IN NN DT NN IN WRB PRP MD VB IN PRP . '' EX VBD CD IN DT JJ NN IN DT NN : RB CD IN DT IN CD , VBZ NNP NNP NNP . NN NNS VBD IN DT NNP IN RB VBN NN VBD DT NN -LRB- NNS , NNS CC NN -RRB- NN VBD VBN IN NN . NNP NNS VBZ IN DT NN IN NNS VBN IN NNP VBZ VBN IN DT JJ NN IN DT NN . NN NNS VBP VBN IN JJ JJ NNS . NNP NNP VBD RBR DT NN TO VB RP JJ NNS IN DT NNS : VBG IN RB VB JJ NNS . PRP VBP IN PRP$ NNS . VBP PRP VB DT NN IN DT NNP NNP NN NN . VB PRP IN NNP CC VB CD CD CD . PRP MD VB PRP IN CD CD CD . PRP VBP IN NNS RB . VB RB TO VB PRP ."
740,106,mainstream,"DT NN IN DT NN VBZ PRP RP IN JJ NNS : WP$ `` NN '' VBP PRP VBG IN . PRP VBZ JJ IN PRP IN NN NNS MD RB VB DT NN IN DT JJ NN , IN DT JJ NN , CC RB IN NN PRP . CC PRP VBZ JJ IN PRP VBP DT NN IN NN . DT MD VB JJ CC JJ IN DT NNS IN JJ NN VBP JJ IN RB DT JJ NN . NN CD : DT NN IN NN . DT JJ NN NN RB VBD : `` NNS VBP NNS : PRP$ NN VBZ TO VB , RB RB IN PRP MD , WP VBZ VBN VBN , IN DT NN IN JJ NN IN PRP$ NN VBZ PRP TO VB , RB TO RB VB IN WP VBZ VBN VBZ JJ '' . DT VBZ JJ . IN PRP VBP RB RB VBG DT NN , IN PRP VBP RB RB `` VBG DT NN '' , RB PRP VBP RB DT NN , DT NN , DT NN IN NNS . IN DT VBZ PRP$ NN IN NN , RB PRP$ NN NN VBZ DT NN . RB VBZ DT NN NN . DT NN IN NN VBD RP RB , WDT VBD TO VB DT NN IN WDT NN MD VB NN . PRP VBD DT JJ NN IN NN CC DT NN VBD RB VBN IN PRP$ NN IN JJ NN CC IN PRP$ NNS IN PRP$ NNS . PRP VBD DT JJ IN PRP$ NN , CC DT JJ NN IN NNS VBD TO VB RP IN DT IN DT . PRP RB VBD DT NNS CC NNS IN DT JJ NN . PRP RB VBD DT `` JJ HYPH NN '' NN VBN IN DT NN NN , VBG RP DT NN IN PRP VBD IN DT NN IN CD IN DT NNS , WP VBD RB DT NN IN DT NNP NNP IN NNP CC NNP NNP . NNS MD VB VBN RB IN DT DT NN RB , CC RB RB . DT NN IN RB RB VBZ RB VB , RB IN DT NN WRB NN MD VB PRP$ JJ NN . IN PRP MD RB VB JJ NN CC NN , RB NNS MD CC PRP MD VB PRP RP IN PRP$ NN IN NN . WP VBP PRP VB NNS MD VB RBR JJ TO VB . IN DT NN WRB NN VBZ RB IN NN , PRP MD VB JJ IN NNS VBD RB RB VB TO VB PRP JJ . WRB JJ NNS VBP PRP VBN DT NN , CC DT NN IN PRP . PRP VBZ RB JJ CC DT CD NNS VBP IN NN DT JJ NN NN . PRP VBZ `` NN VBD RP IN DT JJ NN CC RB IN VB PRP IN PRP VBZ DT NN CC RB , PRP VBP RB VBG TO VB PRP RB CC VBD DT JJ JJ NN TO VB NN IN DT NN IN DT NN WP VBD PRP . '' DT JJR NN : `` UH , VB RB VB DT NN . PRP RB VBP DT NN RP . '' DT NN IN DT NN VBZ IN PRP VBZ NNS IN DT NN TO VB WP NNS VBP RB VBN TO VB : VB DT NN . PRP VBZ IN RB IN RB VBG RP IN JJ NNS , VBG IN DT NN , VBG NN IN NNS , CC NN , VBG DT NNS WDT PRP VBP VBN VBN , PRP MD RB VB CD NN RP , VB WP PRP VBD , VB DT NN RP , VB WP PRP VBD CC RB VB PRP DT NN . NN CD : DT JJ NN IN PRP POS NN . JJ NNS VBP IN NNS IN DT JJ NN IN PRP VBP TO VB PRP JJ IN DT JJ NN RB RB IN DT JJ NN . JJ NNS , VBN IN NN CC RB NN , VBP NNS VBN IN NNS RB . VBG DT NN NN IN DT NN IN DT NN , CC DT `` MD '' IN DT NN IN DT JJ NN VBZ RB JJ TO VB DT NN . VBG DT NN IN NN IN DT NN VBZ JJ NN . NN CD : NN . JJ NN VBZ DT NN : PRP VBZ RB VB . DT NN PRP VBP VBZ JJ IN NN . DT RBS JJ NN IN DT : IN TO VB NN IN DT JJ NN : VBZ IN PRP$ NNS , DT NNS IN PRP$ NN CC DT NN IN PRP$ NN . IN PRP VBP TO VB DT NN IN NN JJ NN IN NN NNS , DT VBZ NN IN PRP$ NNS . DT JJ VBZ IN PRP VBP RB TO VB PRP . DT VBZ DT NN WRB DT NN IN `` NN '' VBZ DT NN IN DT JJ NN IN WP VBZ RB DT NN IN NN . VBG IN NNS TO VB DT NN PRP VBP TO VB VBZ JJ . PRP MD VB IN NNS VBG NNS PRP VBP VBP IN PRP MD RB VB NN JJ TO VB PRP . IN PRP$ JJS , PRP VBZ IN NNS VBG WP PRP$ NNS VBP IN PRP VBP RB VBN RP PRP$ NNS IN DT NN . DT VBZ RB IN VBG NN NNS . JJ NN VBZ VBN VBN IN JJ NN RB , UH , PRP VBP RB VBG IN NNS TO VB DT JJ NNP CC NNP TO VB RP . CC IN PRP VBP VB NN NNS , RB VB RB IN NN , VB RB IN NNS RB JJ , CC VB WRB DT NN RB VBZ . IN DT NN PRP VBP , NNP NNP VBD DT JJ NN IN NNP NNP IN DT RB JJ NN VBN IN CD NNP NNP IN WRB NNS VBP DT NN IN NNS CC NNS VBN NN HYPH NNS . DT NN VBZ CD IN DT JJ NN NNS WRB DT NN VBZ UH , CC RB RB IN DT JJ NN , PRP VBZ JJ IN DT VBZ RB DT NN WDT VBZ JJ NN . DT VBZ RB IN VBG PRP DT PRP IN VBG JJ NNS . DT JJ NN VBZ IN DT JJ NN VBZ RB VB TO VB DT JJ NN . IN PRP VBP RP JJ NNS TO VB IN DT NN , CC PRP DT VBP PRP VBZ JJ , RB DT VBZ JJ . PRP MD VB IN IN PRP VBP JJ NNS , RB IN DT NN HYPH VBG NNS , PRP MD VB IN WP DT JJ NNS VBP . CC RBS RB , DT VBZ RB IN VBG NNS IN JJ NNS , VBG JJ NNS , CC VBG RP IN NNP NNP . DT MD VB DT RB JJ NN IN JJ NN , DT NN IN -LRB- NNP RB -RRB- `` VBG DT NN '' . WRB VBG IN NN NN , RB IN WRB RB PRP VBP IN DT NN IN JJ NN , PRP RB VBP TO VB DT JJ NN IN PRP CC VB PRP RP VBN IN JJ JJ NNS . WRB VBG IN NN NN , PRP MD VB RP WRB NN MD VB NN NNS IN VBG IN DT NN IN WRB JJ NNS RB VBP DT NN ."
741,602,mainstream,"-LRB- WP PRP VBP TO VB TO VB DT NN : VB NNP NNP NN IN PRP$ NN . -RRB- JJ NNS CC NN NNS VBD VBN JJ NNS : VB RB VB DT NN IN NN IN PRP VBD RB VBN VBN IN NNS . RB , IN NNP NNP NNP POS JJS NN NN IN DT NN , DT NN IN NNP VBD DT NN , VBG IN CD NN VBG IN JJS CD JJ NNS IN DT NN . DT NN , IN NNP NNP NNP IN NNP , VBZ VBG NNS IN RB JJ NNS IN NNP NNP POS JJ JJ NNS VBP VBN , RB RB IN NNS IN NNS MD VB TO VB IN NNS VBD JJ NN IN NNS IN NNP CC NNP , WRB DT NN VBD VBG . NN NNS VBD PRP VBP VBN TO VB NN NNS IN JJ NNS IN IN NN IN DT RB VBN NN NN , IN NNS VBG NNS IN PRP$ NNS IN NN IN PRP VBP DT NN IN NN ."
742,887,mainstream,"IN JJ NNP , NNP NNP VBD DT JJ NNS IN PRP$ NN HYPH CD NN VBG NN NN . DT NN VBD VBG NNS IN JJ NNS CC VBD JJ , CC DT NN , IN NNS IN DT NN , VBZ IN NN IN DT JJ NN VBN IN NN HYPH JJ NN -LRB- NNP -RRB- . `` PRP VBZ JJ TO VB IN PRP -LRB- NNP -RRB- , '' VBZ NNP NNP , NN IN NNP IN NNP , WDT VBD PRP$ NNP HYPH CD NN NN IN NNP . CC `` PRP MD RB VB RB JJ . NNS VBP VBG . RB PRP VBP TO VB JJ RB . '' EX VBP VBG JJ NNS IN NNS VBG NNS IN NNP HYPH NNP HYPH CD MD VB IN DT NN IN VBG PRP . MD DT VB , DT JJ NNS MD VB JJ NN IN NNS CC JJ NN CC VB RP VBG NN RB IN VBG NN , IN DT RB VBN NN IN NN . NNP '' VBZ DT JJ NN , '' VBZ NN NNP NNP , DT JJ NN IN NNP NNP , WP VBZ JJ NN NNS . `` IN IN DT NN VBZ VBN , CC DT NN VBZ RB VBN DT VBZ NN VBG , DT MD VB JJR IN RB RB VBG DT NN IN DT . '' DT NN IN NN NN NN IN NNP HYPH NNP HYPH CD VBZ JJ . `` JJS NNS WP VBP IN PRP VBP DT JJ NN CC VBP RB VB JJ NN IN PRP IN NNS RB RB , '' VBZ NNP NNP , NN IN DT NNP NNP NNP . DT VBP NN NN IN DT NN NN , IN JJS RB RB . `` DT JJ NN -LRB- IN NNP -RRB- VBZ RB , '' VBZ NNP NNP , NN IN DT NNP NNP NNP . `` DT RBR JJ NN VBZ , WRB VBP PRP VB DT NN IN VBG RB . EX VBZ RB DT JJ NN . '' NNP VBD RB VBN IN CD IN NN NNP NNP , RB IN DT NNP IN NNP . NNP VBD NN , VBN IN CD JJ CC RB JJ NNS VBN IN `` NNS '' . NNP VBD IN NNS RB VBN IN CD NN VBD JJR IN VBN RB IN DT JJ NN IN IN RB RB VBN IN DT . PRP VBD NNS TO VB JJ IN DT NN . RB IN VBG DT NN , DT NNS VBD JJ NN IN NN NNS IN NN . IN PRP$ NN , NNP RB VBD : `` JJ NN RB VBZ DT JJ JJ `` NN '' IN DT JJ NN NN IN DT NN IN DT JJ JJ NN . '' NNP POS NN VBD RBR VBN JJ , RB RB IN NN , DT NN , CC IN JJ NNS , VBG NNS , IN NN NN NNS . DT NN VBZ PRP$ NN NN TO VB NN NNS CC VB NN NNS . CC PRP RB MD VB NN NNS , RB NNS . JJ NNS RB VBP CC VBP DT NN , CC IN VBG NN NN IN PRP$ NN CC IN VBG NN IN DT NN IN DT NN . CC IN NNS VBP TO VB DT IN PRP VBP RB IN DT NN , DT JJ NNS MD RB , VBG DT NNP NN IN DT NN IN DT NN , VB IN NN NN NN NNS CC VB DT NN IN DT NN NNS , IN JJS IN NN . IN RB , DT NNS VBP CC RB VBP TO RB VB NN IN VBG NNS CC NNS . JJ HYPH NN NNS WDT VBP DT NN IN VBG PRP VBP CD NN NN NNS VBP , CC , IN NN , MD RB VB NN , VBG NNS TO VB NNS . MD NNP HYPH NN HYPH CD VB NNS . `` PRP VBP RB VB , '' VBZ NNP NNP , DT NN NN IN DT NNP IN NNP . `` DT NNS VBP RB RB RB RB . '' DT NN MD VB NNS IN NN , CC DT VBZ RB RB VB IN IN NN JJ NN . `` IN NN NN NNS PRP MD VB RB DT NN VB DT , IN VBG DT JJ NNS , DT JJ NN IN NN , CC DT JJ NN . CC DT -LRB- VBZ -RRB- RB RB JJ , IN IN DT NN IN PRP VBZ RB JJ . '' DT NN IN DT NN HYPH CD NN MD VB NN CC VB NN '' VBZ RB JJ , '' VBZ NNP POS NNP . `` PRP VBZ DT NN , DT NN NN WDT VBZ VBN VBN . -LRB- CC -RRB- IN NNP PRP VBZ DT JJ JJ NN . '' IN DT JJ NN NN , CD NN IN NNS CC JJ NNS VBN IN NNP -LRB- JJ NN NN , DT NN NN IN DT NN NNP -RRB- VBD RP VBN , CC CD NNS VBD . RB CD NN IN DT NNS IN DT NN NN VBD NN . VBN NNS VBD JJ NNS IN JJ NNS , VBG NN IN DT JJ NN , IN DT NN CD -LRB- JJ -RRB- NN NN NN RB RB VBD . IN RB , DT NN NNS IN NNS , RB RB IN JJ NNS WRB VBN NNS VBD JJR NNS , VBP NNP IN NN . CC JJ NN VBZ VBG . `` PRP MD RB VB PRP VBD RB IN IN NNP , CC EX VBZ RB NN IN PRP VBD , '' VBZ NNP . `` EX VBP JJ JJ NNS IN DT JJ NN MD VB NN . '' IN NN NNS , DT NN NN VBZ RB JJ . NNS VBN IN NN NN IN NN NN VBD RB JJR IN JJ NNS CC VBD JJR JJ NNS , VBG NN . CC NNS VBN IN NNP HYPH NNP HYPH CD VBD RB VB VBN NN CC NN . IN NNS , JJ NNS IN NNS IN JJR NNS VBD RB VB NN . CD NNS IN DT RB VBN NNP HYPH NNP HYPH CD VBD JJ IN JJ NNS . DT NN NN IN DT NNP NN IN NNS VBD DT CD NNS IN NN NNS , CC IN NNP NN VBD RB HYPH VBN IN DT CD NN CD JJ NN . NNP NN NN NNP NNP , NN IN DT NNP CC NNP NNP IN DT NNP NNP , VBD DT RB JJ NN HYPH CD NN WDT NNP NNPS VBD IN JJ NNS IN JJ NNP . `` PRP VBP RB VB PRP -LRB- NNP -RRB- IN NN , PRP VBP RB VB PRP IN RB JJ JJ NNS WDT PRP VBP , '' VBZ NNP . `` PRP MD RB VB PRP RB , CC RB IN PRP VBP IN DT JJR NN IN NN , DT VBZ RB VBN VBN . '' CC NNP VBZ DT JJR NNP CC NNP NN NNS VBD RB VB IN IN NNS IN NNP . NNP VBZ DT NN IN JJ NNS -LRB- NNS -RRB- RB , IN JJS IN NN , IN NNS WDT VBP TO VB DT NN RB MD VB JJ NN IN NNS . JJ NNS VBP VBG IN JJ NNS IN CC NN HYPH CD NN CC NN . NNP , IN NN , VBZ VBG IN NNP , WDT VBZ VBN , VBN CC VBN NN HYPH VBG NNS IN NN NNS VBN IN NNS . NNP MD VB DT JJS NNS RB IN JJ NNS . NNP VBZ NN IN DT NNP NN . `` EX VBZ RB DT NN IN JJ JJ NN IN PRP RB , '' VBZ NNP POS NNP . RB , PRP VBZ , `` PRP MD VB DT . '' NNP POS NN MD VB IN NN IN VBG IN PRP$ JJ NNS MD VB NNS IN NNS , VBN IN NNS WP$ NN NN VBZ VBN VBN . -LRB- DT NN VBG NN MD RB VB NN NN NNS CC RB MD RB VB NN . DT VBZ WRB DT NNS VBP VBG NNS IN DT NNP NN VBN RP . -RRB- RB , `` DT NN NNS VBP RB JJ RB RB , PRP MD VB RB JJ TO VB IN -LRB- NNP -RRB- VBZ JJ CC JJ , '' NNP VBZ . IN NNS , DT NN VBZ RB JJ . `` PRP VBP RB VBG PRP IN DT RB VBG NN , '' VBZ NNP . JJ NN JJ NN NNS , RB JJ , MD VB DT NN NN , NNP VBZ . '' -LRB- CC -RRB- PRP MD VB RBR JJ IN DT IN IN DT NN WDT MD VB VBG JJ NN . '' NN NNS VBP RB JJ IN NN . `` PDT DT NNS VBP VBN VBG DT , NN VBZ IN DT JJ NN , NN VBZ DT JJ -LRB- NN HYPH CD -RRB- NN , '' VBZ NNP . NNP VBD RB IN DT NN IN VBG NN IN NNS , CC VBZ VBN IN DT JJ JJ NN NN IN PRP$ NN NN . CC NN NNS VBP VBG VBN '' IN DT JJ NN IN JJ NN , NN NNS JJ IN NN , '' VBZ NNP . VBN DT NN , DT NNP NNP CC NNP NNP CC NNP NNPS NNP MD VB JJ NN IN TO VB DT VB RB TO VB DT NN . NNP VBD DT NN CD , CD NN IN PRP$ NN , DT JJ NN NN HYPH NN HYPH CD NN NN NN NN NN IN DT NN HYPH VBN NN , IN JJ NNP . DT NN VBZ VBN IN JJ NNS : PRP$ NN NN NN RB VBN PRP$ NN CD NNS . DT NNP HYPH NNP HYPH CD NN '' VBZ RB JJ NN , '' NNP VBZ , VBG IN NNP CC JJ NN NNS MD VB IN IN NNS MD VB NN NN NN , CC VB DT NN , CC DT , WDT MD VB NN . CC NN . `` PRP VBZ TO VB PRP , '' NNP VBZ , CC PRP VBZ RP IN NNP VBZ RB DT JJ NN HYPH CD NN NN . `` PRP VBZ VBN IN NN NNS , '' PRP VBZ . `` PRP VBP DT NN RB VBZ TO VB PRP RB , VB DT NN NNS , VB PRP VBP RB VB NN , NN IN DT NN . PRP$ NN VBZ , PRP MD RB VB DT NN VB PRP IN VBG IN DT NN WDT MD VB NNS IN NNS . '' CC NNP NNP NNP , NN IN NNP , VBZ IN DT RBR JJ NN . NNP VBZ NN HYPH NN HYPH VBN NNS , VBG JJ NNS TO VB JJ NN NN NNS . DT NN VBD NNP HYPH NNP HYPH CD NNS WDT MD VB JJ IN NN NN NNS . DT MD VB DT NN IN DT NN . `` DT NN NNS CC VBP RB VB RB RB , IN PRP VBP IN DT -LRB- NN -RRB- NN VBZ JJ , CC DT NN MD VB DT JJ NN NN NN , '' VBZ NNP NNP . JJ NN NNS MD VB IN JJ NN NN CC `` PRP VBP RB VB VBG NNS , PRP VBP DT NN IN NNS WDT RB RB VBP NN . '' IN JJ NNS , NNP . VBG NN NN IN NNS VBZ RB VB NN IN NNS , NNP NNP VBZ RP , IN NNS VBP JJ JJ NN JJ -LRB- NNP -RRB- NNS , WDT VBZ NN NN CC DT JJ NN . JJ NN NNS VBP RB VBG DT JJ NN HYPH NN NN IN PRP$ NNS , IN RB DT NN HYPH JJ NN . JJ NN NNS VBP NN IN DT NN IN PRP MD VB VBN NNS , RB IN DT NN IN NN HYPH VBG NNS . CC TO VB NNP , NNP NNP RB VBZ IN VBG NNS JJ IN VBG JJ NN NNS , WDT JJS NN NNS VBP RB VBG . NNP NNS NNP NNPS CC NNP NNP VBP VBG JJ NN NN NN HYPH JJ NN HYPH CD NNS . IN RB , DT NN IN NNP VBZ JJ . `` IN DT NN , WP DT NN VBZ VBZ DT NN WDT VBZ JJ , '' VBZ NNP . `` PRP VBP DT NN MD VB , VBP PRP VB DT VBG NN , VBP PRP VB DT RB JJ NN HYPH NN NN IN DT NN . CC PRP VBP PRP MD VB TO VB RB IN DT NN RB RB IN PRP MD . ''"
743,320,mainstream,"NNP NNP , NNP , NN IN NN IN NNP NNP NNP IN NNP VBZ IN DT JJ NN NN VBZ JJ IN VBG NN EX VBZ RB RB JJ NN PRP MD VB IN VBG DT JJ NNS , VBG CD NNS IN NN , CC VBG PRP$ NNS JJR NNS IN PRP MD VB , VBG DT NN NN VBZ PRP PRP$ JJS NN IN VBG VBG JJ . CC RB RB IN DT NN NN VBZ VBG : WDT PRP VBZ : PRP VBZ RB RB JJ TO VB PRP$ NN . CC RB IN PRP RB VBD PRP$ NN NN RB IN DT NN WRB NNS VBP VBG VBN , PRP MD VB PRP VBG : MD PRP VB DT JJ NN NN . PRP VBP RB RB IN NN IN PRP$ NN : IN PRP VBD PRP JJ NNS RB , PRP VBZ JJ TO VB PRP$ NN VBZ VBN RP . VBG PRP VBP JJR IN CD NNS JJ , PRP VBZ RP PRP VBP RB VB DT JJ NN NN DT NN NN . DT JJ NN VBZ VBN RB IN NNS NNS CD NNS IN CD NNS WP VBP RB VBN VBN RB CC RB VBD CD NN IN DT NN , VBZ NNP NNP , NNP , NN IN NN IN NNP NNP NNP IN NNP . `` IN IN DT NN IN -LRB- PRP$ -RRB- JJ NN , PRP VBP RB VB RB IN DT JJ NN IN NN NN , '' PRP VBZ . `` IN DT JJ NN MD RB VB IN DT JJ JJ NN , PRP VBZ DT NN NN TO VB IN DT JJ NN , WDT RB VBZ IN DT JJ JJ NN . '' NNS CC JJR NNS , IN DT JJ NN , VBP RB VBN , NN IN PRP$ JJ NNS . `` RB , EX VBP DT NNS IN DT JJ NN NN TO VB JJR IN CD NN NN IN DT NN , '' VBZ NNP NNP , WP VBZ RB DT NN IN DT NNP NNP IN NNP . NNS WP VBP RB VBN DT NN NN IN DT NN RB MD RB VB IN DT JJ NN IN DT JJ NN . NNS WP VBP VB DT NNS IN DT JJ NN NN MD VB PRP$ JJ NN RB RB IN PRP VBZ JJ . DT JJ NN MD VB VBN IN JJS CD NNS RBR , VBG IN DT NNP . EX VBZ DT JJ NN IN DT NN IN DT NN NN MD VB IN DT NN IN DT NN NN , NNP NNP VBZ , CC `` IN DT NN , DT NN VBZ RB VB DT JJ NN IN DT NN , '' PRP VBZ , CC DT NN RB VBZ RB JJ RB TO VB VBG DT NN . JJ NN : VB VBN IN PRP VBD DT JJS NN PRP MD IN RB VBG CD NN : CC RB VB VBG DT NNS ."
744,947,mainstream,"DT `` NNP NNP NNPS NNP CD '' NN VBZ VBN VBN IN NNP POS NN . NNP HYPH CD NN NN VBZ VBG IN DT JJ NN , VBG DT RB VBN NN IN NN IN DT JJ NN NN NN . NN IN DT JJ NN MD VB VBN IN DT JJ NN VBN IN NN CC NNP CC RB VBZ VBG VBN IN NNP HYPH CD . DT NNP NNP NNPS NNP NN VBZ DT JJ NN NN IN RB CD NNS VBG IN VBG NNS VBN IN DT JJ NN HYPH CD NN CC DT JJ NN CC NN NNS . PRP VBZ NN NN CC NN NN IN DT JJ JJ NNS NN HYPH JJ , RB IN DT NNPS , NNP , DT NNP NNP CC NNP -LRB- NNP -RRB- , CC DT NNP HYPH NNP NN -LRB- NNP -RRB- . PRP VBZ JJ NNS IN DT NNS , DT JJ NNS RB RB IN NN CC JJ NN NN . IN NN , PRP VBZ RP NNS IN NNS CC NNS IN JJ NN NNS WP VBD IN VBG DT JJ NN IN NN NN NN . DT NNP NNP NNPS NNP NN VBZ TO RB VB DT NN IN DT JJ NN IN NN NN NN CC VB JJ NNS IN NN , NN NN CC NN . IN NN , PRP VBZ NNS NN IN NN NNS , JJ JJ NNS CC DT NN IN DT JJ NN . RB , DT NN VBZ RP NNS IN NN CC DT NN NN IN DT NN . JJ NN NNS VBN IN JJ JJ NN IN JJ NN NNS VBP VBN VBN RB RB . NFP NNS , NNS CC NN IN NNS VBN IN NN CD NNS NN SYM NNS TO VB RP IN SYM NNS , NNS CC NN IN NNS VBN IN NN NNS NN SYM NNS TO VB RP IN , NNS , NNS CC NN IN NNS VBN IN NN NNS NN SYM NNS TO VB RP IN IN JJR NN IN DT NN VB ADD NNP VBZ DT NN POS VBG NN IN JJ NN NN NNS CC NN NNS . PRP VBP PRP IN DT JJS NNS IN JJ CC JJ NNS , JJ NNS , DT JJ NNS , JJ NNS CC DT JJS NNS ."
745,421,mainstream,"NNP , NNP -LRB- NNP -RRB- : DT NNP NN NN VBD VBG DT NN NN NN IN NNS IN NNP IN NNP IN NNS IN VBG DT VBN NN DT NN . NNP NNP , MD VB CD NNS IN DT JJ NN IN DT NN VBG DT NN IN DT NN CC VBG IN NNS IN PRP$ NN , DT NN POS NN NN NNP NNP NNP VBD . RB DT CD JJ NNS IN DT NN VBP IN JJ NNS IN NN CC VBN TO VB , RB IN NNP , DT NNP CC NNP . PRP VBZ RB JJ IN DT MD VB JJ CC JJ . CC JJ VBP IN JJ NNS , CC VBP VBN IN JJ NNS , VBG DT NNS IN IN JJS CD NN MD VB . `` PRP VBP IN JJ NN NNS , VBG NN IN NN IN PRP MD VB JJ TO VB PRP VBZ VBG CC VB JJ TO VB VBG PRP IN DT NN IN DT NN , '' NNP VBD DT JJ NN NN IN NNP IN NNP POS NNS IN NNP . NN NN VBD DT NN VBZ JJ IN JJ NNS . NNP MD VB IN JJS CD CD NNS DT NN CC CD CD IN CD , PRP VBD . NN IN DT NN , VBN NNP HYPH NNP , VBD VBG VBN RP IN $ CD CD VBN IN NNP HYPH VBN NNP IN NNP NNP NNPS IN NNP , NNP VBD . DT NNS IN DT JJ NN IN JJ NNS IN NNP CC NNP VBP VBN TO VB VBN IN NNP , NNP VBD . NNS IN NNS IN JJ NNS MD RB VB VBN IN DT JJ NN . DT NN VBD IN CD NNS VBG VBN IN DT JJ NN IN NNP IN NNP , VBD NNP NNP , JJ NN NN IN JJ NN NNP NNP . JJS IN DT JJ NNS IN NN VBP TO VB DT NN NN TO VB DT `` NN '' NN WDT VBZ DT NN POS JJ NN , VBG DT NN TO VB IN PRP VBD VBN IN DT JJ NN . DT NNS VBP VBN VBG RB DT JJ NN IN DT NN , CC NNS VBP DT JJ NN TO VB DT NN HYPH VBG NN . RB JJ NN NNS VBP RBR JJ HYPH JJ , VBN IN JJ , JJ NN . NNP VBZ DT JJ NN IN DT NN , WP VBZ VBN DT JJ NN . NNP VBD JJ NN TO VB JJ NNS IN DT NN NN NN IN JJ NNS IN NN NNS IN DT NN . NNS VBD CC VBD DT NN , CC VBD PRP IN NN HYPH VBN NNS . `` DT NN PRP VBP DT NN VBZ PRP RB VBP DT NN , '' NNP VBD DT NNP NNP JJ NN . CC RB , `` PRP VBZ RB IN DT NN IN DT NN NN . '' PRP VBZ DT JJ NN WDT NNP VBD TO VB DT NN NN NN WDT RB VBD RB HYPH NN NN ."
746,181,conspiracy,"NFP NFP NFP NNP NN IN NNP NNP HYPH UH IN NNP HYPH NNP . NFP IN DT NN `` DT NNP '' PRP VBP VBN DT NN `` NNP CC NNP '' IN DT JJ NN RB , IN IN IN DT VBP DT JJ NNP NNP . IN IN RB , PRP VBP VBN IN DT JJ NN IN NN IN DT NN CC PRP VBZ RB RB JJ TO VB RB IN NNP NNP . DT NNP CC NNP NN MD VB RB RB JJ . RB , PRP VBD TO VB DT JJ NN , WDT PRP VBD NNP HYPH NNP . PRP VBZ RB CC VBG IN PRP VBP DT . NFP NFP IN NNP NNP , NNP CD , CD , -LRB- VBN RB : NNP , NNP CD , CD -RRB- NFP NFP NFP VBD NNP RB VB . DT NNP -LRB- CD -RRB- NFP PRP VBP TO VB DT NN IN DT NN VBN IN DT `` NNP NNP '' , WDT VBZ VBN RB IN DT NN , TO VB CC NNS IN DT NN . PRP VBP PRP TO VB DT NN NN , WDT VBZ VBG TO VB NN IN NNP POS NN , CC RB VB RP PRP$ JJ NN . NNP NNP , NNP NNP . NFP NFP VBN IN NNP NNP , JJ NN HYPH VBG IN NN DT NNP IN DT NNP NNP -LRB- CD -RRB- NFP EX VBZ NN IN VBN NN IN DT NN IN DT NNP , DT NNP CC NNP IN NN IN NNP . RB , JJ RB RBR JJ NNS CC JJ NNS IN NNP VBP VBG VBN . DT NN IN DT `` NN NN '' IN NNP . NNS IN NN HYPH JJ NNS CC DT NN IN NN IN NN NN . CD NN VBD DT NN POS JJ NN IN NNP `` JJ . '' DT NN VBZ WRB . NNP CC NNS VBP NNS IN VBG NN `` NN '' CC NN . NFP NFP NNP NNP NNP , VBG DT NNP IN NNP '' , -LRB- CD -RRB- NFP DT VBG JJ NN NN IN DT NNP NNP NNP NN , VBZ DT JJ NN IN PRP DT . IN CD NNP NNP NNP DT JJ NNP NNP , VBD VBN IN NNP NNP NNP NNP , DT NN IN NN CC VBD PRP IN DT JJ JJ NN . EX VBZ VBN DT NNP NN IN JJR RB PDT DT NN . DT NNP VBP VBN VBG NN IN JJ NN IN DT NN IN JJ NNS JJ IN DT NNP DT NN NN JJ NN . NFP NFP NNP NNP NNP NNP : JJ NN NN IN NNP NNP IN NNP NNS IN CD NNS NFP CD NNPS VBD VBN NN IN VBG TO VB DT NNS POS NN IN NNP NNP IN NNP NNP , NNP . VBG NNP NN NNS IN VBG NN POS NNS RB RB IN VBG JJ NN NNS PRP VBD NNP VBD VBN , DT CD VBD VBN IN DT NN IN DT NNP NNP NNP IN NNP NNP WRB NNP VBD VBN TO VB IN DT NNP NNP . NFP NFP NNP NNP , NNP CD , CD , DT NNP NNP NNP NNP -LRB- NNP NNP -RRB- IN NN IN DT NNP : DT NNP CC RB NNP NNP IN NNP NNP CC DT NNP IN DT NNP NNP NN NFP RB RB IN PRP$ NN , PRP VBP VBN NNPS , DT NNP , DT NNP , DT NNP , DT JJ NN VBN IN NNP CC NNPS , DT NNP NN , JJ NN IN DT JJ NN , DT NNP , DT NNP NN , DT `` NNP POS NN , CC RB RB DT JJ JJ NN WDT RB VBZ RP IN DT `` NN POS NN : IN CD RB JJ NN : PRP VBP RB RB VBN RP IN DT NN IN DT JJ NNP NN . RB RB , PRP VBP RB TO VB DT NN . NFP NFP IN NNP NNP , NNP CD , CD , -LRB- CD -RRB- NFP NN IN DT JJ NN VB CD JJ NNS . DT NN RB , RB CD VBD VBN . IN NNS , NNS VBP CD SYM DT NN IN NN VBN JJ IN DT NNP . DT NNP NN RB VBN IN NNS VBZ RB JJ NN NN IN PRP MD RB RB VB VBN JJ IN JJ JJ NNS TO VB IN DT CD NN NN . WRB VBZ DT VBG RP . NNS CC NN . NFP NFP VBN IN NNP , JJ NNS , NNS , DT NN , NNP CC DT NN -RRB- -LRB- CD -RRB- NFP NNP VBD IN DT NN IN DT NN VBD VBN CC VBD DT NNP TO VB NNS IN NNS IN PRP VBD DT NN IN IN DT NN WDT VBD PRP$ NNS . IN DT NNS VBP JJ , RB CC NNP CC DT NNP VBP IN NN IN DT NN . NNP NNS VBD TO VB DT VBN NNS VBN , VBG DT NN IN DT NN VB '' RB VBN IN VBG DT NNP , DT JJ NN CC DT NN , '' VBG IN DT NNS IN DT CD NN . NFP NFP VBN IN NNP , JJ NNS , NNS , DT NN , NNP CC DT NN -RRB- -LRB- CD -RRB- NFP DT JJ NN DT NN VBZ VBG , DT NN PRP , PRP VBZ VBG , DT JJ NN VBN IN DT NNS VBP VBN IN DT NN NNS CC NNS VBP VBN IN IN DT NN PRP VBP . RB PRP MD RB VB DT CC DT NN TO VB RB WRB PRP , PRP VBZ CC WP PRP$ , PRP$ NNS VBP . PRP RB VBP DT NN IN DT NN , IN IN PRP VBP WP PRP , PRP VBZ CC VBZ . DT NN PRP VBP WRB TO VB PRP , PRP . DT NN MD VB DT NN WP VBZ NN CC DT NN NN RB VBZ PRP DT JJ NN NN IN DT JJ NN . PRP VBZ RB RB JJ IN DT NN TO VB UH IN VBG PRP$ JJ NNS -RRB- . NFP NFP NNP NNP NNP , NNP CD , CD , JJ NNS , NNS , DT NN , NNP CC DT NN NFP -RRB- NNS : NNS CC NNS MD VB IN NN NFP JJ NNS VBP RB VBG JJ IN WP PRP VBP MD VB DT JJ NN IN DT JJ NN IN RB JJ IN CD NNS . `` DT MD VB JJR IN NNS VBP , '' VBD NNP NNP NNP , DT NN CC NN WP VBZ NN NNS VBG WP PRP VBZ DT NN IN VBG NNS , DT JJ NN WDT VBZ DT JJ NN IN JJ NN . NFP NFP NNP NNP NNP , NNP , NNP CD , CD , NNP CD , CD , NFP TO VB DT NN IN JJ NN WDT DT VBN NN RB VBZ , DT NN VBP JJ NN IN TO VB DT NN IN NN CC NN IN PRP$ NN CC PRP$ NN . RB , PRP VBP VBG TO VB PRP$ NN IN DT JJ JJ NN TO VB DT NN CC TO VB PRP$ NN . RB , NNP VBZ VBN TO VB DT NN IN DT NN IN JJ NNS : , NFP NNP NNP NNP , NNP CD , CD , JJ NNP IN NNP NNS NN IN NNP -LRB- CD -RRB- NFP NNP CC NN VBP VBN RP JJ NNS TO VB DT NN NN IN NNS CC DT JJ NN , NNP , NNP NNP POS JJ NN , VBZ VBN PRP JJ TO VB JJ NN IN NNP NNS VBG IN NNP . VB DT NN . UH . DT JJ NN IN DT NN . RB PRP$ NN , NFP IN NN NN , -LRB- CD -RRB- NFP CD JJ NNS RB , IN DT NNPS CC NNP NN , NNP VBD NN IN NNP NNP IN NN HYPH NN NNP NNP IN NN IN NN NNS . IN NN , NNP VBD CD IN DT RBS JJ NNS IN NNP IN DT JJ NN WDT VBD NNP POS NNPS CC NNP NN . NFP NFP NN NN , NNP NNP NFP DT NN NN VBD VBN IN JJ NNS IN DT NN IN NNS IN DT JJ NN VBN NNP NNP . NNS IN DT NN VBD VBN IN JJ NNPS VBG IN CD . DT NN IN JJ NNS VBZ RB RB DT CD , IN WDT PRP VBP VBN RB CD CD . PRP VBP RB VB DT NN IN DT NN NNS TO VB DT JJ NN . NFP NFP NNP NNP NNP , CD , NN IN DT NNP NNP NNP -RRB- NFP VBG IN NNP NNP , PRP VBD RB JJ TO VB IN WP VBD RB RB VBN IN `` NN VBZ IN NN CC NN MD VB PRP RB . '' RB , TO VB JJ NN , DT NNS CC NNS VBD VBN . PRP VBD IN EX MD VB JJ NNS IN PRP IN PRP$ NNS VBD RB VBN . IN CD , IN NNS IN VBG WP PRP VBD , NNP NNP VBD PRP$ NNS IN DT CD NN IN CD NNS . NFP NFP NNP NNP NNP , NNP CD , CD , NN IN DT NNP NNP NNP -RRB- DT NN IN NNP NNP NN IN JJ NNS CC DT NNP NN -LRB- CD -RRB- NFP NNP VBZ RB DT NN IN DT JJ NNP NN , CC VBZ VBN DT JJ NN IN PRP$ CD NNS IN NN TO VB PRP RB VBN TO VB IN NN DT JJ JJ NN IN DT IN PRP$ NNS . RB RB , JJ NN VBZ IN PRP$ NN VBD DT JJ NN CC PRP$ NN VBD , IN DT NN , NN JJ IN RB JJ . NFP NFP NN IN NNP NNP , DT NNP NNPS , DT NNP NNP , CC JJ NNP NFP `` NNP NNP POS IN HYPH NN VBZ RP IN NNP NNP VBN IN DT NN NFP IN DT NNS VBD VBG VBN NN , NNP NNP POS NN IN PRP$ NN JJ NN VBG `` NNP NNP : DT NNP NN '' VBD DT RBS VBN NNP NN IN DT NNP CC PRP$ CD NN , `` NNP IN DT NNP '' , IN WDT PRP VBD RB RB DT NNP NNP NN PRP VBP NN , VBD DT JJ RBS VBN NNP NN IN DT NNP . NFP NFP -LRB- VBN RB : NNP , NNP CD , CD -RRB- -LRB- -LRB- NNP NNP NNP : NN NNPS CC NN NNS VBN IN `` JJ NN '' , NNS NNP NFP `` EX VBP DT WP VBP TO VB NNS CC NNS IN JJ NNS IN DT NN IN VBG DT JJ NN CC PRP MD RB RB VB VBG TO VB JJ NNS , '' PRP VBD . `` NNS VBP TO VB VBN , VBN CC VBN IN , RB VBN IN DT NN IN JJ NN . VBN NN VBZ VBG NN IN DT JJ NNS PRP DT RB VBP IN DT NN IN DT JJ . '' , NFP WP VBP `` PRP DT NNS '' . DT JJ NN IN DT NNP NNP NFP NN IN NNP VBZ DT NNS IN DT NNP NNP . EX VBZ DT NN , RB , CC PRP VBD RB DT NN IN PRP , IN PRP VBD RB VB PRP . PRP VBD VBN IN DT JJ NN CC DT JJ NNS WP RB VBD DT NNS IN PRP VBD DT WP RB VBD PRP , CC DT NNP , WDT VBZ RB VB DT IN PRP . NFP NFP NNP NNP NNP , NNP CD , CD , NNP NNP VBN IN `` NNP NNP '' NNP NNP IN NNP NNP CC NNP NNP NFP NNP NNP VBZ RB VB DT JJ NN IN DT NNP NNP , PRP VBZ DT VBN NN WDT VBZ RB IN PRP$ NNS IN JJ NNS IN NNP NNP CC NNP NNP . DT NN IN WDT DT IN HYPH NN VBD VBN , TO VB DT JJ NN IN DT NNP NNP NNP , VBZ DT JJ NN IN WP VBZ RB VBG . NFP NFP -LRB- CD -RRB- NFP VB DT NN RB , WDT VBZ DT JJ HYPH NN NN NNP NNP VBD IN DT NN IN NNP CD , CD . PRP VBZ VBG DT JJ NN IN VBG PDT DT RBS JJ NN IN NNP NNP , CC PRP VBZ RB VBG DT NNS , IN IN RB NNS WP VBP RB VBN IN DT RB MD VB DT NN TO VB WP PRP VBZ RB IN . UH VB NNP CC DT NN IN VBG DT NN RP . VB CC VB DT VBG NNP NN CC VB PRP IN NNS CC NNS PRP VBP MD VB DT . PRP VBZ DT NN . NFP NFP NFP NNPS MD VB NN CC NN , CC RB RB TO VB DT JJ NN VBG DT NN DT NN TO VB IN DT NNS CC NN NNS VBG DT NN POS NNS . NN IN DT NN VBZ VBN IN CD CD NNS : VBN IN NN . DT JJ NN NN VBZ IN JJ JJ NNP NNS VBP VBG NNS JJ NN NNS IN PRP$ JJ NNS IN NNS IN DT VBG NN NN . NFP NFP NFP `` PRP VBP RBR VBN IN WP PRP VBP CC WP PRP VBP VBG , '' VBD NNP , RB CD , IN NNP , NNP . `` PRP VBP RB VB TO VB DT NN HYPH NNS IN PRP VBD TO VB . PRP VBP RB RBR VBN -LRB- CC VBP IN -RRB- PRP VBP RB VBN . '' NNS VBD NNP IN WRB PRP VBD NNS CD NNS IN PRP VBD DT NN , JJS VBD PRP VBD RB VBG CC VBG JJR IN IN DT NN . NFP NFP NFP DT NNP NNP NNP , IN NN IN NNP NNP NNP NNP , VBZ VBN DT NN NN TO VB NN NNS IN DT NNS IN CD NNS IN DT NNP NNP . DT NN MD VB VBN IN DT NN NN NN , CC MD VB VBN IN DT JJ NN VBN IN CD IN CD NN NNS . DT NNS MD RB VB VBN IN JJ NN NN -LRB- NN -RRB- NNS . NFP NFP NN IN DT NNP NNP NNP : WP PRP MD VB TO VB DT NNP CD NNP NNP NNP NNS IN RB RB , DT JJ NN VBZ VBN DT NN IN NNS VBG RB , DT NNP NNP NNS IN DT NNP NNP , IN NN . IN NNS MD VB IN DT NN IN JJ NNS , PRP VBP TO VB RB DT NNP TO VB DT NN IN DT JJ NN CC IN DT NN . NN IN DT NNP NNP NNP : DT JJ NN MD VB NN IN DT NN DT NN IN NNP , VBN `` NNP NNP '' IN DT NNP NNPS . PRP MD VB IN NNP IN DT NNP IN NNP , IN DT NNP IN DT NNP NNP , IN DT NNS IN DT JJ HYPH JJ NN IN NNP , NNP NNP : IN NNP , NNP : CC IN DT VBG NN IN JJ NNS CC NNS IN DT NN ."
747,592,mainstream,"EX VBP CD NN NNS VBG VBN IN DT NN IN VBG DT NN HYPH CD NN , IN IN NNP CD . CD IN DT VBP RB VBN PRP IN JJ NNS IN NNS , CC DT CD VBP IN DT JJ NN NN . DT NNS RB VBP IN CD JJ NNS IN NN NN NN WDT VBP VBG VBN . IN PRP RB VBZ RB VB NN , DT VBZ IN NN DT JJ NN IN VBG PRP$ NNS IN DT NN IN CD IN DT NNS MD VB RP . CC IN CC WRB DT JJ NN VBZ VBN , PRP RB VBP TO VB JJ IN PRP TO VB JJ NNS IN NNS RB IN DT NN . CC WRB RB DT MD VB , CC WP VBZ VBN , MD VB IN WDT NN VBZ VBN TO VB , IN JJ NNS VBP VBN IN JJ NNS . IN NNS IN NN IN NN VBG NN CC NN , DT NNP VBZ VBN IN DT JJ NN WRB PRP VBZ IN VBG JJ NN NNS . PRP VBZ VBG DT NN TO VB RP NN , VBG VBN JJR IN DT JJ NN IN VBG RB , VBG IN DT NN NN , NNP NNP . DT NNPS CD VBG NN NNS , VBG VBN IN DT NNP IN NNP CC NNP NNP NNP RB , DT VBP RB JJ NNS WDT VBD RB IN NN IN DT NN IN JJ NNS . NNP POS NN , NNP NNP HYPH CD , VBZ DT RB VBN NN NN IN DT `` NN '' TO VB DT JJ NN IN DT NN IN DT NN HYPH CD NN IN DT JJ NN . DT NN MD RB VB TO VB DT NN CC VB VBG NNS TO VB PRP . DT VBZ DT JJ NN DT NN RB VBD IN DT RB JJ NN NN , WDT VBD NN IN NN CC JJ HYPH NN JJ NN . RB NN NN VBZ NNS , CC JJ JJ NNS IN DT NNP NN NN VBP JJ , RB CD NNS IN DT JJ NN IN DT NN VBD VBN IN NN . DT VBZ NNS IN DT NN NN NN NN VBN IN NN IN NN IN DT NNP NNP HYPH NNP NNP NNP NNP NNP NNP -LRB- NNP NNP -RRB- , RB RB IN JJ HYPH NN NN NN NNS WDT VBP VBN DT NN TO VB IN JJ NN . JJ NN NNP VBZ VBN PRP MD VB , VB CC VB DT NN -LRB- IN PRP VBZ JJ -RRB- IN DT NN . CC TO VB DT , PRP MD VB TO VB DT NN TO VB RP NN IN RB VBG DT NN IN JJ JJ NNS . JJ NN NNS VBP JJ IN VBG NNS IN NN NNS IN NN , NNS CC NN . PRP VBP NNS IN NN TO VB RP NN IN NNS IN VBN NN , JJ IN IN DT JJ NN NN NN . CC PRP VBP IN JJ NNS , CC DT JJ NN IN DT JJ CC JJ NN NN MD VB IN DT NN RB RB VBN , RB VBG IN JJ NN CC NN NNS . NN NN VBZ JJ NN NNS VBG DT NN IN NN NNS WDT , IN NN , VBP DT RB HYPH VBN NN IN WDT DT NN VBZ VBN . CC PRP MD VB DT NN NN . DT NNS MD VB VBN IN JJ NNS TO VB NN IN DT NN . DT NNS MD VB PRP$ NN CC DT JJ HYPH NN NN IN JJ NN . CC EX VBZ NN IN JJ NN . IN PRP VBP DT JJ NN NNS IN DT NNP NN , IN DT NNS EX VBZ VBN DT NN IN NN TO VB VBG NN NNS CC NNS TO VB DT NN NN PRP VBZ RP . DT NN NN IN DT NNP NN MD VB IN VBG DT NN NN NN IN DT NN NN . `` NN NNS '' , RB JJ JJ NN -LRB- NN -RRB- NNS , MD RB VB VBN IN NNS TO VB DT NN NNS . DT NN NNS MD VB VBN IN NN IN DT NN , DT NN WDT RB VBZ DT JJ NNS TO VB NN NN . DT NNS MD RB VB VBN IN DT NN IN NNS TO VB CC VB DT JJ NN NN , VBG NN CC NN -LRB- VBG PRP RB RB IN NN TO VB JJ NNS -RRB- . RB , DT NN MD VB VBN IN DT JJ NN CC VBD JJ IN VBG PRP IN CD NN CC CD . RB , DT JJ NN IN DT NN MD VB RB , CC PRP VBZ DT NN IN DT JJ NN NN TO VB DT NN WDT VBZ JJ NN IN DT JJ NN . DT MD VB DT JJ NN NNP MD VB IN VBG DT NN HYPH VBN NNP NN IN NN JJ IN JJ NN . IN NN , PDT DT NNS MD RB VB IN NN IN DT NNP NN -LRB- CC RB DT IN DT JJ NN -RRB- VBZ VBN TO VB . JJ NN NNS , JJ IN DT VBG VBN IN NNP , MD VB DT RB JJ NN NN . IN DT JJ NNS , DT NN POS NN NNS MD VB TO VB IN JJ NN CC NN TO VB DT NN TO VB RB NNS IN NNS CC VB VBG NN IN JJ ."
748,1251,mainstream,"DT NN VBZ JJ JJ NN -LRB- NN -RRB- IN PRP VBZ IN DT NN NN HYPH CD NN IN DT JJ NN NN -LRB- NNP -RRB- IN NNP NNP NNP IN NNP CD , CD IN NNP NNP , NNP . JJ NN NNS VBP VBN NNP NNS TO VB DT NN NN JJ IN NN , RB RB DT WP MD VB PRP . `` PRP MD VB IN PRP TO VB DT NNS VBN IN DT JJ NNS WDT PRP VBP '' JJ IN NN NNS CC NN NNS , DT NN VBD . `` PRP$ NN IN DT JJ NN VBZ TO VB NN WP VBZ JJ , WP MD RB VB PRP CC NNS PRP VBZ PRP . '' DT NN VBZ RB VBG IN NNS , DT NN VBD . DT JJ NNS VBP VBN `` NN '' TO VB DT NN IN DT NN , DT NN VBD , VBG JJS VBP RB VBG NN HYPH JJ NNS . DT JJ WP VBZ `` JJ , WP MD VB DT NN CC VBZ DT NN , PRP MD VB PRP IN JJ , '' DT JJ NN NN VBD NNS IN DT NN NN NNP NN . DT NN NN MD VB VBN JJ IN NN IN NNPS WP MD VB PRP , DT NNP NN VBD NNP . DT NN VBZ VBN JJR IN CD CD NNPS CC VBN IN JJS CD IN DT JJ VBN NNP NN JJR IN CD NNS RB , VBG IN NN VBN IN NNP NNP NNP . NNP NNS CC NNS VBP JJ DT NN TO VB NNP HYPH CD MD VB JJ IN DT JJ NN IN CD . NNP NN NNS CC NNS VBP VBN RB HYPH VBG NN IN NN NN , VBG TO VB CD CD NNS IN DT JJ NN IN NNP . DT NN VBD DT NNP NN POS NN VBZ TO VB JJ NNS TO VB `` RB JJ NN IN JJ '' IN DT NN IN DT NN NN . IN IN DT NN , NNP NNS VBP VBG IN JJ NNS IN NN RB IN VBG RB MD VB IN JJ IN DT NN VBZ RP RB VBG JJ CC JJ . DT NNP NN VBZ VBN PRP$ NN IN VBG JJ NNS IN RB CD IN CD , DT NN VBD . DT NN VBD RB VB WDT NNS VBP VBN NN NN . RBR DT NN , NNP NNP NNP VBD IN DT NNP VBD RB VBN CD CD NN NN NNS WDT VBP `` JJ TO VB '' IN NNS VBP RP IN PRP VBZ JJ CC JJ . NNS VBP RB VBG IN JJ NNS IN DT NN , VBG WRB NN NNS VBP IN DT NN VBZ VBN . DT NNS , PRP VBP , MD VB JJ NNS IN NN NN , VBG WRB RB PRP MD VB VBN IN DT NN . DT JJS HYPH RB NN NN , IN NNS , VBD JJR IN CD NNS CC VBD VBN IN CD . NNP NNP NNP , NN IN DT NNP NNP IN NNP CC NNP NNPS CC DT NN IN NNP POS NN NN NN , VBD PRP VBZ IN DT `` NN '' IN DT JJ NN , VBG EX VBZ DT NN PRP MD RB VB JJ HYPH NN NN . IN NNP HYPH CD VBZ IN JJ NNS , `` PRP RB VBZ RB VBG TO VB DT JJ NN IN NN , '' NNP VBD IN DT NN IN NNP CD IN NNP NNP NNP NNP ."
749,998,mainstream,"NNS WP VBP DT NN NN , WDT VBZ IN DT JJ NN NN , MD VB DT RB JJ NN IN VBG DT JJ JJ NN VBN NN , DT JJ NN VBZ . RB , NNS VBP DT NNS IN DT NN VBP DT JJ NN . IN DT NN , NNS VBD NN VBN IN DT NN IN CD CD NNS IN NNP , DT RBS JJ NN NN VBN IN DT NNP NNPS , CC JJR IN CD NNS IN NNP , DT NN NN VBN IN NN IN DT NNP -LRB- DT NN NN VBZ VBN IN DT CD HYPH CC CD HYPH NN NN IN NNS NNS CD IN CD NNS . -RRB- -LRB- CD JJ NN NNS -RRB- DT NNS VBD IN IN DT CD NNS IN NN , DT NNP NN VBD VBN IN RB CD JJ NNS IN NN IN CD CD VBN NNS , CC CD NN IN CD NNS VBN , DT NN VBD . EX VBD RB JJ NNS VBN IN NNP TO RB VB IN DT NN VBD VBN IN DT VBN NN IN NN . NN VBZ DT NN IN WDT CD NN IN DT NN VBZ IN DT NN IN DT `` NN '' NN , VBG IN NN NN . DT JJ NN IN DT NN NN , VBN NNP , VBD VBN IN DT NN IN CD IN PRP VBD VBN IN DT VBN NN IN NN -LRB- RB CD IN CD NNS IN CD NNS VBN -RRB- . IN DT NNS , NNP CC NNP VBD VBN VBG JJ JJ NNS WDT VBD DT VBN NN IN NN VBN IN DT NNS . CC NN NNS VBD TO VB NNS IN NN , CC DT JJ JJ NNS VBP VBN DT VBN NN IN NN IN NN IN DT NNS . NN NN NNP NNP , IN NNP NNP NNP , VBD NNS MD VB JJ IN `` DT NNS IN PRP$ NN VBG DT NN VBZ JJ . '' NNP VBD DT NNPS IN NNP NNP CC NNP VBZ VBN DT JJS NN CC VBD IN DT NNS IN DT NN NN RB VBP DT NNS . DT CD NN VBD DT NN NN VBD CD NNP NNS IN VBG VBN IN NN IN CD . RB , NNP VBD IN NN , `` DT NN VBZ RB CD . '' NNS MD VB IN NNS IN JJ JJ NN IN PRP$ NNS IN DT JJ NN IN NN , NNP VBD . DT NN VBZ VBN RB -LRB- NNP CD -RRB- IN DT NNP NNP NNP IN NNP ."
750,149,mainstream,"DT JJ JJ NNS IN DT NN VBP NN NNS CC NN NNS WDT VBP DT JJ NN CC VBP NN IN DT JJ NNS IN DT NN -LRB- CD -RRB- . NN NNS VBP DT JJ NN TO VB RB JJ NN . JJ NN NNS -LRB- NNPS -RRB- VBP VBN DT NN TO VB NN JJ NNS IN DT NN NN IN DT NN NN -LRB- CD -RRB- . RB , JJ NNS VBD DT JJ NN TO VB DT NN CC NN IN NNS IN VBG DT JJ NNS IN DT JJ NN . IN IN NNP CD , CD , NNP POS JJ NN NN VBZ VBN DT NN IN CD NNS IN NN HYPH CD , CC NNP VBZ VBN CD NNS IN NN HYPH CD -LRB- NN CD -RRB- . IN DT , CD NNS VBP VBN TO VB NN NN , CC VBG NN NNS -LRB- NNS , JJ JJ NN NN , NNP POS NN HYPH NNS , JJ NN NN HYPH VBN NN NNS , CC JJ NN NNS -RRB- CC NN NNS -LRB- NN HYPH NN NN HYPH NN NNS , NN NN NN NNS -RRB- . NN IN DT JJ NNS VBN VBP VBN VBN . IN DT NNS , NN NN NN VBD CC VBZ RB JJ . NNS RB VBD JJ NNS IN DT NN IN DT NNS , CC DT NN VBD NN IN JJ NNS -LRB- CD -RRB- . NN NNS VBP NNS IN NNS IN NN HYPH NN CC JJ NN . PRP VBP RB JJ JJ HYPH NN NNS WDT MD VB IN JJ NNS IN RB VBG NNS VBG IN DT NN IN NN , NN , CC NN NNS -LRB- CD , CD -RRB- . NN NNS MD VB VBN IN DT NN IN JJ NN HYPH JJ NNS . NNS VBP JJ CC JJ HYPH JJ NNS , JJ IN NN IN JJ NN IN NN HYPH NNS CC NN IN NNS TO VB IN JJ NNS CC JJ NN NN NNS -LRB- CD -RRB- . RB , NNS MD VB DT NNS IN JJ NNS IN NN , NN , NN , NN , CC NN , CC RB VBG DT NN IN NN NN -LRB- CD , CD -RRB- . NNS VBP DT NNS IN NNS IN DT NN IN JJ NN NN CC JJ NN NN -LRB- CD -RRB- . DT JJ NN VBD IN NNS MD VB TO VB JJ NN NN CC NN HYPH NN VBN NN NN VBN IN NN -LRB- CD -RRB- . NNS VBP NNS CC IN NN NN CC JJ NN IN NN NNS , VBG IN NN -LRB- CD -RRB- . IN JJ NNS , DT NNS VBN IN VBN NNS VBP DT JJ NN IN JJ NNS -LRB- CD -RRB- . NN NNS VBP DT NN IN NN NN IN VBN NNS , CC RB VBG DT NN IN JJ NN -LRB- CD -RRB- . NNS MD VB TO VB CC JJ CC JJ JJ NNS -LRB- CD -RRB- . DT JJ NN IN DT NNS VBZ DT NN TO VB CC VB NN NNS . NNS VBP JJ NNS IN JJ NNS IN NN NNS , JJ IN NN NNS , NN NNS , NN JJ NN NNS , CC JJ NNS -LRB- CD -RRB- . NNS RB VBP NN HYPH JJ NNS -LRB- NNP -RRB- -LRB- CD -RRB- , JJ NN NNS WDT VBP DT JJ NNS IN NNS , NN , CC NN TO VB JJ JJ NNS IN DT VBG NNS . DT VBN NNS , IN NN , VBP TO VB NN NN -LRB- CD -RRB- . NNS MD VB DT NN IN NN IN NN NN CC NN NN VBN IN NN HYPH CD -LRB- CD -RRB- . DT JJ NN IN CD NNS IN JJ NN HYPH CD VBD DT JJ NN CC NN IN JJ NNS -LRB- CD -RRB- . NNS VBD DT NN IN NN NN , DT NN IN JJ NNS CC NNS -LRB- JJ IN NN CC NN -RRB- , CC DT NN IN JJ NN -LRB- NNP SYM CD -RRB- . IN DT NN , NN IN JJ NNS VBD VBN IN DT NN IN NN HYPH CD HYPH JJ NN NNS -LRB- CD -RRB- , WDT VBP NN -LRB- CD -RRB- CC NN . DT JJ , JJ , CC JJ NN NNS IN NNS , IN NN IN PRP$ JJ NNS , VBP NN IN DT NN IN NN HYPH CD -LRB- CD -RRB- . NNS MD VB NN , NN NN NN -LRB- NN -RRB- , NN NN NN -LRB- NN -RRB- , CC JJ JJ NN NN -LRB- NNP -RRB- , WDT VBP DT NN IN VBG VBN NN NN CC VBG NN , IN JJ JJ NN -LRB- NN -RRB- IN NNP -LRB- CD -RRB- . NN VBZ DT JJ NN IN NN NN , WDT VBZ VBN IN NNP . PRP VBZ IN NNPS VBP DT NN TO VB DT VBN NNS TO VB NN CC VB DT NN -LRB- CD -RRB- . RB , NN NN VBZ JJ NNS CC VB JJ NNS IN VBG NN NN CC NN . IN DT , NNPS MD VB DT NN NN RB JJ TO VB VBN IN DT NN IN NN HYPH CD NN -LRB- CD -RRB- . NNP NNS VBP JJ NN NNS IN DT NN IN NN IN NNS IN IN NNS -LRB- CD -RRB- . NNP NNS VBP IN DT NN IN JJ CC RB VBN NNS IN VBG NN HYPH VBN JJ NNS -LRB- NNS -RRB- . NNS VBP JJ NN NNS VBN IN JJ CC VBN NNS CC VB DT JJ NN NN IN VBG IN NN NN NNS -LRB- NNS -RRB- . WRB NNP NNS VBP VBN , VBG CC VBG NNS VBN IN JJ NN NN NNS VBP VBN TO VB DT NN NNS IN NN NNS -LRB- CD -RRB- . JJ NNS VBP DT RBS JJ NN IN NNP NN NN . DT NN IN NNP NNS IN JJ NNS VBZ VBN IN DT NN IN WDT NNS VBP DT JJ NN NN -LRB- NNP -RRB- . DT JJR NN IN NN NNS IN VBN NNS CC VBN JJ NNS VBP DT VBN NN NNS CC PRP$ JJ NNS IN DT NNS , IN DT JJ NN IN NNP VBZ RB VB JJ NN NN IN NNP NNS . NNS VBP TO VB JJ IN DT JJ NN IN NNP NNS . IN DT CD NN , JJ NNS VBP VBN TO VB NN NNS , CC IN DT JJ NN , NNP NNS MD VB NNS . RB , NNP NNS MD VB NN NN , WDT VBZ DT NN IN JJ JJ NN -LRB- CD -RRB- . RB , NNP NN NN VBZ VBG VBN IN DT NN IN JJ JJ CC JJ NNS CC RB VBZ DT VBN NN TO VB JJ NNS -LRB- CD -RRB- . IN NNS WP VBP DT NN IN JJ JJ NN , NN NN NN VBZ DT JJ NN IN NN IN DT NN NN POS NN . NN HYPH VBN NN NNS VBP RB VBN , RB JJ , CC JJ , VBG JJ NNS IN DT NN IN NNS CC NNS -LRB- CD -RRB- . NN NNS , IN NN IN JJ NN , MD VB DT NN IN JJ NNS IN NNS IN NN . JJR NNS VBP JJ TO VB DT NN IN NN NNS IN DT NN IN NN HYPH CD -LRB- CD -RRB- . NNS VBP NN HYPH VBN NNS -LRB- NNS -RRB- WDT VBP VBN IN DT JJ NN . PRP VBP JJ NNS IN NN HYPH NN NN -LRB- CD -RRB- . NNP HYPH VBN NNS -LRB- NNP HYPH NNP -RRB- VBP JJ JJ NNS IN NNS WDT VBP NN NN CC , RB , MD VB DT JJ NN IN NN NN . RB , PRP MD VB VBN IN JJ IN IN DT JJ NN IN JJ NNS -LRB- CD -RRB- . IN JJ NNS , JJ NNS VBP VBN VBN TO VB NNS TO VB NNS IN JJ NN NNS , CC RB , EX VBP VBN DT JJ NNS -LRB- CD -RRB- . NNS VBP JJR IN CD NN -LRB- CD -RRB- CC CD NNS -LRB- CD -RRB- , WDT VBP NNS IN CC JJ CC JJ NNS . DT VBN IN NNS VBP IN JJ NNS CC NN NNS , JJ IN NNP HYPH CD , NNP HYPH CD , NNP NN , CC NNP , WDT VBP IN DT NN IN NN NNS -LRB- CD -RRB- . NNS , NNP VBZ JJ NNS IN JJ NNS , VBG JJ NNS , JJ NNS , NN NNS , CC NN NN -LRB- CD -RRB- . NNP HYPH NNS HYPH VBN NN MD VB NN NN NN CC NN HYPH VBN NN IN NN JJ NNS -LRB- CD -RRB- . RB , PRP MD RB VB DT VBN NN NN NN -LRB- NNP -RRB- CC JJ NN -LRB- CD -RRB- . JJ NNS VBP RB VBN DT NN IN NNS TO VB NN NN CC NN IN DT JJ , JJ , CC RB JJ NN -LRB- CD -RRB- . NNS MD VB DT NN IN JJ JJ NN VBN IN NNS . NNP NNP FW FW . -LRB- CD -RRB- VBD IN NN HYPH VBN NNS VBG DT NN -LRB- NN -RRB- NNS IN NN HYPH NN MD VB JJ NNS IN VBG NNS . DT NNP NN VBZ CD IN CD JJ NNS IN NNP HYPH NNP WDT VBZ JJ NN IN DT NN NNS -LRB- CD -RRB- . RB , DT NN MD VB DT JJ NN IN NN NN IN NNP HYPH NNP . DT JJ NNS VBP NN HYPH VBN NNS IN JJ NN NNS . RB , DT NNS VBP JJ NNS IN DT JJ JJ NN IN PRP$ NN , WDT VBZ DT NN IN DT NN NN NN . RB , NNS MD VB DT JJ NN IN JJ NNS JJ IN DT WDT VBP DT NN IN NN NNS CC VBG NN NNS -LRB- CD -RRB- . RB , NNS IN NN HYPH NN NNS MD VB DT JJ NN IN NN HYPH CD ."
751,834,mainstream,"DT RBS JJ NN IN DT VBG JJ NN IN DT NN IN NNP , IN DT JJ CD HYPH NNS , VBZ TO VB VBN IN NNP CD , CD , IN DT NN IN NNP , IN NNP , IN NNP NNP , IN DT NN IN DT CD HYPH NN HYPH JJ NN WP VBD VBG IN NN CC DT NN . PRP RB VBP IN PRP VBD VBN IN NNP NN . DT NN VBZ DT NN WDT VBZ , RB , IN DT IN CC JJ NN IN DT NNS IN JJ NNP . DT NN VBZ DT JJ NN IN NNP , PRP MD VB DT NN IN NN NN , CC DT JJ NN WDT VBZ IN DT NN IN DT NN : RB DT NN NN , DT NN , CC DT NN ."
752,1102,mainstream,"VB RB VB VBG PRP$ NN IN NNS , IN PRP MD RB VB PRP , CC PRP MD RB VB PRP RB . IN NNP NNP NNP , DT NN IN NN CC NN IN DT NNP IN NNP , VBD IN NNP NNP , NN NNS RB VB IN NN , CC PRP VBP RB VB DT NN IN NNS JJ IN DT NNS WDT VBP DT NN -LRB- NN : NNP -RRB- . WRB VBZ DT NN VB IN . IN PRP VBD IN DT NN NN RB IN DT NNS , PRP MD VB IN EX VBD DT NN WRB NNS VBD NNS RB IN NNS VBG IN NN , NNS CC JJ JJ NNS , IN DT NN TO VB NN CC JJ JJ JJ NNS WDT RB VBD . CC IN PRP VBD NNS IN DT NNS , PRP RB MD VB VBN DT JJ JJR RB . CC DT NNS VBD RB VB NN TO VB IN VBG DT NN . `` IN PRP VBP NNS NN NNS CC NNS , PRP VBP JJR IN DT JJ NN , '' NNP VBD . EX VBP NN IN NNS RB TO VB NNS WRB PRP VBP RB VB PRP . PRP$ JJ NN MD VB DT NN IN PRP$ NN CC NN NN HYPH JJ , IN IN IN PRP VBP RB VB JJ IN DT NN WDT MD VB VBN IN DT NN IN NNS , PRP MD RB VB . RB , NNS MD VB DT JJ NN NNS , JJ IN NNS CC NN , CC RB CD IN DT CD NNS WP VBP PRP MD VB RP IN DT NN NN IN IN JJ NNS -LRB- NN : NNP -RRB- . EX VBZ DT NN , NNP , WDT VBZ VBN TO VB DT NN IN NN NNS , CC VBG IN DT CD NNP NNP NNP NN , PRP$ NN VBZ VBN DT NN IN NN -LRB- NN : NNP -RRB- . PRP VBD DT JJ NN WP VBD IN JJ NNS IN NN , WDT VBD JJ NNS IN DT NN POS NN CC NNS IN NNS CC NNS IN NNS . CC IN DT NN , PRP VBP RB VBN RB JJ , IN IN DT JJ , JJ NN IN DT NN NN NN IN PRP$ JJ NNS . PRP RB VBP VBG IN DT NN , CC PRP VBP VBN IN NNS IN VBG DT NN NN . IN VBG DT JJ NN CC DT NNP NN NN , RB , PRP RB VBP DT VBD DT JJ HYPH VBN NN , CC IN PRP MD RB VB PRP$ NN . IN NN , IN PRP VBP DT NN , PRP VBP VBG IN DT JJ NN TO VB PRP$ NN NN ."
753,1094,mainstream,"IN NNS VBP TO VB DT NN IN NNP HYPH CD , DT JJ CC JJ NN NN VBZ VBG IN PRP . NNS VBP VBG JJ NNS : PRP RB VBP IN NN NNS MD VB VBN TO VB NNS IN NNS , IN NN , CC RB VB IN DT NN WP VBD NN IN DT NNP NN NN VBD . IN NNP , DT VBD NNS IN JJ NNS IN NNS IN NNP TO VB IN DT NN . JJ NN , DT RB HYPH VBN NNP NN VBG JJ NN NNS IN DT NN CC VBG -LRB- IN NN -RRB- IN NNS MD `` VB NNS '' VBD JJR IN CD CD NNS . PRP VBZ RB VBN WRB JJ NNS MD RB VB DT NN HYPH CD NN : CC JJ NN IN NNS VBZ JJ . CC DT NNS VBG NN HYPH NN NNS VBP PRP VBP VBN IN DT NNS MD VB NNS TO VB NN NN IN DT JJ NN . JJ NN IN NNS VBZ RB VBN TO NN IN DT NN , VBZ NNP NNP , DT NN IN NNP NNP NNP IN NNP NNP , WP VBZ VBG DT NNS POS NNS . `` IN DT NN IN DT NNS , PRP VBZ RB IN NNP RB , '' PRP VBZ . NNS VBG NNS VBP JJ IN NN , CC PRP$ JJ HYPH NNS NN VBZ RB JJ CC RB HYPH VBG , DT NN IN NNP POS NN VBZ . IN DT NNP HYPH NNP HYPH CD NN VBD , NNP POS NN VBD VBG RP DT NN IN NNS IN NN , IN NNP . PRP VBD JJR IN CD NNS , VBN IN RB CD CD NNS . PRP$ NNS , VBN IN CD NNP , VBP IN NN NNS VBP JJR CC RBR JJ IN JJ NNS , CC VBP RBR RB VBN IN IN NNS IN JJ NNP NNS : JJ IN NN NNS IN NNS : WP$ NN IN NN VBZ JJ . IN NN , NNS WDT VBP DT NNS IN CC DT JJ NN IN NN VBP VBN IN DT NN WDT VBZ RB VBN IN DT `` JJ NN '' IN JJ NN , IN NNP VBZ PRP . IN NN NNS IN CD , NN NNS VBD JJR NNS IN VBD JJ NNS IN NNP , NNP POS NN VBZ . DT NN IN JJ NNS VBG NN NNS VBZ IN NN NNS MD VB DT NN IN CD NNS , PRP VBP . DT NN VBZ IN `` DT JJ NN VBP RB VBG IN PRP$ NN CC VBG IN DT JJ , CC RB VBG RP CC VBG JJ IN DT NNS WDT VBP RB RB IN DT JJ , '' VBZ NNP NNP , WP VBZ DT NNP NNP NNP , DT NN WDT VBZ JJ NN IN NNS , IN DT NNP NNP IN NNP CC NNP NNP . DT NN VBZ RB VBN IN NNP . IN CD NNP , NNP POS NN VBD DT NN IN DT JJ NN IN JJ NN IN NNP HYPH CD . DT NN , WDT VBZ RB RB VBN NN HYPH VBN , VBZ IN NNS VBP VBG IN JJ JJ HYPH NN NNS IN JJ NNS VBG NNP HYPH CD CC JJ NN NNS , JJ IN RB HYPH JJ NNS . VBG DT NN IN JJ NN MD VB VBG RB RB DT NN IN DT JJ NN , CC IN WRB PRP VBD DT NN , VBZ NNP NNP , NN IN JJ NN IN DT NNP NNP NNP IN NNP NNP . `` PRP VBP TO VB WP PRP VBZ IN DT NNS CC NN -LRB- IN NN -RRB- WDT VBZ NNS TO VB CC VB PRP IN NNS , '' PRP VBZ . NN NNS VBP DT JJ NN : NNS VBP CC VBP NNS . JJ NNS VBP JJ : IN VBG NNS IN NNS POS NN IN VBG JJ NNS CC VBG NNS IN NN NNS . CC DT NN NNS VBP VBN IN JJ JJR NNP NNS IN VBP DT IN DT JJR JJ NNS . NNP VBZ DT NNS VBP DT PRP$ NN VBZ VBN IN JJR NNS IN NN NNS IN NN NNS , WRB NNS MD RB VB PRP RB IN VBG JJ NNS . NN NNS VBP TO VB NNS IN VBN , JJ NNS , VBZ NNP , DT VBP VBN RB RB IN NN -LRB- `` NNS MD VB PRP . '' -RRB- , CC IN NNS IN DT NN -LRB- `` VBP PRP VB PRP$ NNS . '' -RRB- . DT JJ HYPH NN NN , RB , VBZ RB VBN VBG TO VB JJR NNS VBN , PRP VBZ : WDT MD VB IN DT NN IN PRP VBP RB VBG TO VB PRP$ NNS RP . `` DT NN VBZ TO VB RB JJ IN NNS WP VBP JJ , '' PRP VBZ . NN HYPH NN NNS VBP `` RB VBG IN NNS CC NNS '' . RB , JJS NNS VBP NNS , VBZ RP NNP , CC VBP JJ TO VB RB IN DT NN . RB , JJ NN NNS VBP VBN IN DT JJ CD NNS , NNP VBZ . CC PRP CC NNP VBP IN DT NN IN JJ NN IN DT NN HYPH CD NN MD VB DT NN IN PRP$ NN . `` PRP MD VB RB JJ CC JJ IN DT NN NN , '' VBZ NNP . `` RB , WRB PRP VBZ RP , NNS MD VB `` WRB MD PRP VB JJ DT NNS VBD VBN . '' '' DT NN IN DT NN MD RB VB TO VB RB VBN RP . IN EX VBZ RB JJR NN HYPH CD NNS IN RB , PRP VBZ VBG TO VB DT JJ NN , VBZ NNP . `` DT NN WDT VBZ VBG TO VB NNS POS NNS VBZ IN DT NN VBZ IN IN PRP VBP DT NN , PRP MD VB IN NN '' , PRP VBZ . DT NN VBZ VBN IN NN CC VBD RB VBN IN NNP CD CD . VB JJR IN DT NN NN IN JJ NNP RB , CC VB NN IN PRP$ JJ NN IN NNS RB ."
754,744,mainstream,"IN DT JJ NNS IN CD , NNS IN NN VBD RB JJ . NNP NNP , WP VBZ RB VBN DT VBN NN IN NNS CC NN , VBD VBN TO VB DT NNP NNP . PRP VBD IN JJ NN NNP NNP NNP , WP VBZ IN NNS VBN IN NNS MD VB DT NN IN JJ CC JJ NN NNS . NNP VBD TO VB PRP VBD VBN VBN TO VB DT NN IN NN NN . CC CD NNS RBR , DT JJ NN VBZ VBN VBN CC DT NN HYPH VBN NNP NNP VBZ VBN TO VB IN DT NN VBZ VBN VBN . NNP VBD NNP TO VB WRB NNS VBD . PRP MD RB VB IN NN IN NNP VB DT NN IN DT NN NN . PRP VBD IN PRP$ NNS : WDT VBP VBN IN DT NN IN DT JJ NN IN JJ JJ NNS : VBP VBN VBN CC VBN IN DT NN . RB VBZ NNP POS NN IN NNP . PRP VBZ VBN RB VBN , IN NN CC NN . DT NN PRP VBP TO VB PRP VBZ IN DT NN NN NN WDT PRP VBD VBN IN NNP IN PRP VBD VBG TO VB , IN PRP VBD IN RB NNP HYPH VB NNP . PRP VBZ VBN DT NN IN NNS RB , CC EX VBZ RB VBN DT JJ JJ NN . CC RB PRP VBP VBN VBG : WRB VBZ DT VB . PRP VBP VBN DT NNS RB IN DT NN NN NN , RB IN NNP . PRP VBP VBN IN DT NNP NNP IN JJ NNS IN NN NN CC VBD DT NN IN NN HYPH RP NNS . MD PRP VB PRP WP PRP VBD IN . UH , PRP VBP VBN IN JJ HYPH NN NNS IN DT NNP NNP . PRP VBP VBN NNS IN PRP IN NNP CC NNP NNP NNS CC NN NNS . JJ NN NNS , VBG -LRB- NNP NN -RRB- NNP NNP CC PRP$ NN , NNP NNP , PRP VBP . CC PRP VBD IN NNP NNP , WP VBZ IN DT NNP NNP IN NNP CC NNP NNPS . NNP NNP , WP VBZ IN DT NNP NNP IN NNP NNP NNPS . NNP NNP , IN DT NNP NNP NNP NNP NNP IN NNP NNP CC NNP NNP IN NNP . CC RB IN NNP PRP VBP VBN IN NNP NNP , DT NN IN -LRB- DT NNP IN NNP NNP CC NNP -RRB- CC DT JJ NNS RB . PRP MD RB VB NN IN DT NN , DT IN DT NNS WDT PRP VBP VBN IN . CC DT VBZ IN DT NN IN DT NN . UH . DT NNP NNP NNS CC DT NNP NNS VBD PRP . PRP VBD PRP IN PRP$ NN . IN `` PRP$ '' NN . WP VBZ PRP . RB PRP VBD PRP VBP VBN DT NNS IN NNP IN DT NN NN NN . RB RB IN DT NN . UH . VBP PRP VB DT NN VBZ JJ . CC VBP PRP VB PRP VBZ IN NN . PRP MD VB TO VB DT NNP NNP . PRP MD VB IN PRP VBZ VBN . PRP VBP VBN VBN IN DT NN VBZ RB JJ IN DT NN CC IN PRP VBZ PRP TO VB JJR NNS IN DT JJ NNS CC IN DT NNP NNP . IN PRP VBD , PRP VBP RB VBN IN NN IN DT NNP NNP IN DT NN . VBP PRP VB EX VBZ DT NN DT NN VBZ VBG RB CC RB IN PRP IN PRP . RB , PRP MD VB TO VB DT NNP NNP . VBP PRP VB TO VB IN NN NN NN IN DT . PRP VBP RB VBN VBG NNS IN DT . VBP PRP JJ IN RB RB EX VBZ RB VBN DT NN VBN RP TO VB WP PRP VBD PRP VBD VBG TO VB VBG IN NNP . DT NN VBD RB PRP$ NN . PRP VBD VBN TO VB DT NN CC PRP VBD IN IN DT NN VBD VBN IN PRP MD VB DT , PRP MD VB IN PRP . -LRB- CC -RRB- DT VBZ IN IN DT NNP NNP WRB PRP VBP TO VB DT NN . PRP VBD RB PRP$ NN . PRP VBP JJ IN DT NNS WDT VBP VBN TO VB NNS JJR CC TO VB DT JJ NN IN DT NN . TO VB DT NN IN IN NNS VBP JJ IN DT JJ NN IN NN NN CC NN NN WDT JJ NNS VBP JJ IN . PRP VBP TO , JJ IN NN NNS , PRP VBP TO VB NN JJ NN NN , IN DT JJ NN NN VBZ . PRP VBP TO VB JJ HYPH JJ NN NN . IN RB WRB PRP VBZ IN VBG NN CC NN IN NNS , DT NNS MD VB JJ . IN JJ NNS , PRP MD RB VB CC VBN IN NN CD CC CD . RB DT JJ NNS , WDT VBP NN IN NNS IN RB RB JJ IN CD NNS , VBP RB VBG TO VB DT NN IN NNS WDT DT NN CC DT NNS MD TO VB IN . DT NN NN NNS WDT VBP RB VBN VBD JJR IN CD NNS IN NN NN . DT VBZ IN IN DT NN VBZ DT NN IN DT JJ NN , PRP VBZ RB VBN . IN DT NN VBZ , PRP VBZ RB VBN . IN DT NN VBZ NN NNS CC NN CC NN , WDT VBP RB VB IN CD CC CD NNS CC VBP RB VBN CC NN , WDT RB VBZ RB VBN IN NN CD , DT NNS MD RB VB DT JJ IN VBG DT NN . IN NN VBD CD CC CD NNS RP IN DT NN , WRB VBP PRP VB WDT NN TO VB PRP IN . UH , DT NN IN DT NN , IN NN , VBZ JJ HYPH JJ NN NN . PRP VBP DT NN NN CC PRP VBP DT NN NN . NNP , DT VBZ VBN PDT DT NN . DT VBZ VBN PDT DT NN . NNS VBP VBN DT NN PDT DT NN . PRP VBP JJ IN DT . PRP VBZ RB VBN IN NNS . RB JJS IN DT NNS : CC PRP VBP DT VBZ JJ IN PRP , CC PRP VBZ JJ IN JJS NNS , IN NNS VBP PRP VBP IN NNS VBP VBG DT JJ NN IN JJ NN NN IN JJ NNS , VBG JJ JJ HYPH JJ NN NN . CC DT NN VBZ IN NNS VBP RB . CC DT NN IN DT VBZ PRP VBP VBN IN NNS . PRP VBP VBN DT NN IN NN NNS . CC PRP VBP JJ HYPH JJ NN VBN . UH , PRP VBP JJ IN DT . NFP CC IN DT NN , NN IN PRP VBP JJR IN DT JJ NNS IN JJ HYPH JJ NN NN , WDT MD RB VB PRP TO VB NNS IN NN WDT VBP RB VBN IN CD NNS . RB IN DT , IN JJS NNS , IN NN DT NNP NN , PRP VBP RB VB JJ NNS . MD PRP VB RB RB IN DT NNS WDT PRP VBD TO VB . -LRB- JJ -RRB- NN NN WDT VBZ RB JJ . RB WRB MD PRP VB IN , IN PRP VBP RB VB DT JJ NN , WRB MD PRP VB IN DT NN VBZ JJ . RB PRP VBD DT NNS PRP VBD TO VB PRP , CC IN DT NN NN WDT VBZ DT NN PRP VBZ . PRP VBP DT NNS , PRP VBP DT NNS CC VBP RB VB IN PRP VBP . PRP VBD VBG , IN DT NN IN PRP VBD IN DT NN IN NNP CC PRP VBD PRP TO VB DT NN NN NN , DT JJ NNP NNS VBP VBN VBN . DT IN PRP VBP IN DT NN IN VBG NNS . PRP VBD VBG IN DT VBZ JJ IN PRP . UH , PRP VBP NNS WDT VBP JJ TO VB IN DT NN . CC WP VBP JJ IN DT NN NN , WP VBP JJ IN DT JJ JJ NN WDT VBZ RB VBN , JJ IN NNP , WDT VBZ IN JJ : RB NN CC NN IN NNS : VBP TO VB VBN . CC IN PRP VBD , PRP VBP VBN VBG NNS IN DT NNS TO VB PRP TO VB DT NN IN NN . PRP VBD VB TO VB PRP RB RB IN PRP VBD DT NNS VBG DT NN IN NNP NNP . PRP$ NN VBZ VBG DT NNS IN DT NNP IN NNS WP VBP VBN IN DT NN VBP RB JJ . VBN DT , PRP VBD VBG IN PRP VBD DT NNS IN VBG IN PRP , IN PRP VBP RB VBN IN DT NN . PRP VBP RB VB NNP NNP POS JJ NNS , CC PRP MD RB VB PRP . PRP MD VB IN NNP NNP POS NN VBZ RB VBG CD NNS IN PRP$ NN IN JJ NNS , CC DT NN IN JJ JJ NNS . CC PRP VBP VBN RB IN DT . CC PRP VBP NNS VBP IN PRP$ NN VBZ JJ CC IN PRP$ NN IN NN NN CC JJ NN CC NN NN VBZ RB DT NN IN NNP NNP POS JJ NNS . VBP PRP VBN PRP$ NN VBN IN PRP . VBP PRP VBN DT NN TO VB DT NNS IN PRP . UH , IN PRP$ JJ NN IN PRP , PRP VBD DT NN . CC PRP VBZ PRP$ NN . CC PRP VBZ VBN PRP$ NN IN JJ NNS . NFP PRP VBP RB VB EX VBZ DT NN IN PRP CC IN DT NN IN DT NN WDT PRP VBP VBN IN -LRB- NNP NN -RRB- NNP NNP CC PRP VBP VBN IN VBG RB IN -LRB- DT -RRB- NNP -LRB- NN -RRB- . . IN NNP NNP VBD PRP TO VB IN DT NN IN NN CC IN NNS CC IN JJ NN , PRP MD VB PRP . MD PRP RB VB : CC PRP VBP DT MD VB PRP$ JJ NN : PRP VBP VBN NN DT NN IN NNS . NNP -LRB- DT NN HYPH VBN NN -RRB- VBZ RB IN JJS NNS VBN IN NNS IN DT NN . CC IN NN VBZ RB VBN IN NN NNS IN DT NNP NNPS IN CD , PRP VBP . PRP VBP , NNS VBP RB VBN IN IN PRP VBZ VBN VBN RP , NN NNS VBP VBN , WDT MD VB IN EX VBZ RB DT NN , CC DT VBZ WP JJS NNS VBP . CC WRB VBP PRP VB VBG IN NN WRB NNS VBP RB VBG VBN IN PRP IN NN NNS . DT VBZ DT NN NN NN . DT RB RB VBZ RB JJ . NN VBD VBN IN IN CD JJ NNS , NN , NNP , CC NN NN IN CD . CC DT JJ NN PRP VBD , NNP VBD NN NNS IN JJ NNS CC IN NNS CD NNS IN NN CC IN DT NN IN NN . CC IN JJS IN DT JJ CD NNS , RB DT IN DT NN NNS -LRB- JJ -RRB- . NFP IN CD , RB DT MD VB , PRP VBP , CD NNS , JJS NN NNS VBD VBN IN NN NNS IN NN . NNP VBZ RB IN -LRB- NN NN VBN IN -RRB- JJ NNS . PRP VBZ RB IN NN WDT VBZ VBN IN DT NN RB CC PRP VBD RB IN NNP , DT JJ VBN NN . UH , RB VBP DT NNS . CC DT NNS VBP DT NN . PRP VBP IN CD , EX VBD CD CD NNS IN NN NNS VBN IN DT NN . CC PRP VBP JJR IN CD CD VBD NN HYPH JJ . RB CD NN VBD JJ , JJ NNS IN NN . RB VB NNS IN DT NN VBZ TO VB . VB NNS VBZ JJR IN CD NN . PRP VBP CD NNS , WDT VBZ CD NNS JJ NN CC RB CD NNS WP NNP POS JJ NN NNS VBP . NFP RB NN , IN DT JJ CD CC CD NNS , DT NN VBZ VBN VBN IN CD CD . WDT NN VBZ VBN VBN IN CD CD . PRP VBP DT NN EX VBD CD , RB CD CD NN NNS VBN CC CD CD IN DT , CC DT NN , VBD VBN IN NN . CC WRB PRP VBP DT NN VBP PRP VBG IN CD SYM CD . CC VBP PRP VBG IN DT VBG . CD . DT VBZ DT JJ NN NN RB RB . NN VBZ CD NNS RBR JJ , JJ , IN NN . WRB MD PRP VB DT IN DT JJ NN CC JJ NNS . PRP VBZ JJ . EX VBZ VBN DT NNP IN NNP NN . UH , UH . UH , NNP POS CD NN VBD RB VB NN . DT JJ NN WDT NNP VBD VBZ PRP VBD IN DT NN IN JJ NNS WDT VBD VBN RB VBN IN NNP CC VBN IN , CC PRP RB VBD IN CD NN , WDT VBD NN . RB DT IN DT JJ NNS WDT VBP VBN TO VB VBN IN NN , VBG NN , NN , NNS , NN NNS , NN NN : NN IN DT VBP RB VBN VBN ."
755,636,mainstream,"IN NNS , NNS VBP NNS . CC NN NNS , IN DT IN NNS , MD RB VB DT NN TO VB PRP JJ . DT JJS NN TO VB IN NN IN NNS IN PRP$ NN CC NN VBZ TO VB DT NNS IN DT NN PRP VBP . NNS VBP PRP$ NN POS NNS MD VB RP IN CD NNS : NN NN NNS CC JJ NNS . NN NN NNS VBP DT VBN IN DT NN , IN JJ NNS MD VB VBN VBN IN PRP$ NN POS NN . IN NN , PRP$ NN MD VB JJ JJ NNS IN PRP$ NN CC NN VBZ RB RB CC VBN RB . JJ NNS MD VB VBN IN NNS RB JJ IN CD NNS JJ , RB VB IN PRP$ NN IN VBG RP DT JJS NN NN IN PRP$ NN CC NN , NN CC NN ."
756,80,mainstream,"TO VB DT NN IN NN CC DT NN IN JJ NN VBN IN NNS VBN IN DT JJ CD NNS IN NN . PRP VBD NNS IN DT NN HYPH NN NN VBN IN CD VBN NN NNS -LRB- NNPS -RRB- IN CD NNS IN NN NN NN -LRB- NNP -RRB- CC CD NN NNS VBN IN NN NN , NN , CC NN . IN NN IN DT JJR NN IN NN , PRP RB VBD JJ NN CC NN IN NN . NN NNS VBD VBN IN VBN IN HYPH NN NNS . NN IN JJ NN HYPH VBG NNS CC NNS IN NNS VBD VBN IN VBG DT NN NN IN DT NN VBN , IN VBN IN NN NNS CC JJ NNS . JJ JJ NNS VBD VBN IN NN NNS CC JJ NNS . JJ JJ NN VBD VBN TO VB NNS IN NN NNS CC NN IN NNS IN VBN NN NNS . DT NNP -LRB- CD NN NN -RRB- IN NN VBN IN DT CD HYPH NN NN IN JJ NN NN VBD CD -LRB- CD -RRB- IN JJ NN IN NN CD NNS , CD -LRB- CD -RRB- IN JJ NN IN NN CD NNS , CC CD -LRB- CD -RRB- IN JJ NN IN NN CD NNS . RB , DT VBN NN VBD VBN IN JJ NN CC NN IN NN . IN DT NN IN NN NNS , VBG NN IN NN HYPH VBG NNS CC NNS IN NNS IN DT JJ CD NNS IN NN VBD RB JJ IN DT NN IN VBG DT NN ."
757,1077,mainstream,"DT NNP IN NNP IN DT NNP VBZ VBN JJ NNS IN PRP$ NNP HYPH CD NN NN IN DT JJ JJ NN VBG CD NNS . DT JJ NNS IN DT NN , RB IN JJ NNS , VBZ VBN VBN IN DT NN NN NNP , VBN NNP . VBG IN DT NN , DT NNS VBN IN DT JJ NN IN DT NN VBD NNS IN DT NN IN CD NNS IN DT NNS VBD NNS IN CD NNS , JJ IN VBG VBN IN JJ NN NNS . VBG NN IN DT NN , DT NN NN VBD VBN NN IN DT NNS CC VBD DT NN IN NN . RB , DT NN VBD VBN TO VB RB VBG IN DT NN . NNP NNP IN NNP CC NNP NNP NN NN NNP NNP VBD IN DT NN NNS VBD `` JJ NN '' . NNP VBD VBN IN VBG : `` PRP VBZ CD IN DT NNS TO VB VBN IN DT NNP NN CC PRP VBZ VBN PRP RB . '' DT NN RB VBD IN DT NN IN NN HYPH VBN NN , WRB DT NN VBZ DT NN JJR , VBD JJ . NNP VBD : `` DT VBD DT JJ JJ NN IN DT NN IN NNP HYPH NNP HYPH CD CC VBG DT NN IN PRP IN DT NN VBZ RB JJ . '' JJ NN , DT NNP IN NNP VBD DT NN IN NNP TO VB CC VB PRP$ NNP HYPH CD NN NN , DT JJ NN NN IN NN IN NNP NNP CC NNP NNP NNP IN DT NN . NNS IN DT JJ NN VBP VBN JJ NN , IN NNS TO VB JJ HYPH NN NNS IN DT NN IN DT NN . IN NN IN DT NN , NNP MD VB RP DT NN CC JJ NN CC NN IN DT NN ."
758,695,mainstream,"NNP VBZ VBN NN IN DT JJ NN IN JJ NNS , CC DT NNP HYPH CD NN VBZ WRB NNP MD VB DT NN IN JJ IN DT NN TO VB DT NN . NNP VBZ VBG CD JJ VBG NNS IN DT NN : VBG NNS IN DT NN IN VBG JJ NN NNS , CC VBG JJ NNS VB NNS IN NNS IN JJ NN NNS IN DT JJ NN . IN DT JJ JJ NNS , NNS IN DT NNP NNP IN NNP , NNP NNP , CC RB VBP VBN NN NNS , VBN NN NNS CC NN NNS , CC VBN PRP RB IN DT JJ JJ NN ."
759,242,mainstream,"VB CC VB , NN , DT JJ NN VBZ IN DT NN . PRP MD VB IN DT JJ NN VBZ RB RB CC DT NN IN NNS VBZ VBN IN DT NNP NN . IN IN PRP , PRP VBP VBG IN NNS CC VBG TO VB WP TO VB RB . EX VBZ DT NN IN NNS , RB . TO VB PRP , PRP VBP VBG DT NN IN NN . UH VB JJ TO VB PRP . IN RB , RB VBP DT NNS IN NN TO VB PRP IN PRP$ JJ NN , JJ IN PRP VBZ . VBP DT VBZ RB CC VBP IN NN . . NNP NNP , NN IN NN IN NNP NNP NNP NNP , VBZ IN $ CD CC $ CD CD NN IN JJ NNS IN NNS VBG NN JJ IN DT NN NN : NNS WDT MD VB RB IN NN HYPH IN HYPH NN NNS , NNP NNS . JJ IN DT NNS IN WDT NNP CC PRP$ NN VBP NN : VBG NNP NNP -LRB- NNP -RRB- , NNP NNP -LRB- NNP -RRB- , NNP NNP NNP -LRB- NNP -RRB- , CC NNP CC NNP -LRB- NNP -RRB- : VBP VBN RB VBN IN CC VBN IN DT NN IN DT NNP NNP NNP , VBN IN NNP ."
760,1027,mainstream,"JJR IN DT CD NNP HYPH CD NNS VBP IN NN , IN JJ IN PRP RB VBG VBN IN NNS CC JJ JJR TO VB JJ NNS RB . CC WP VBP PRP RB VB IN DT JJ NNS CC WRB MD PRP VB JJ IN PRP . JJ , IN NN , VBZ RB VB PRP VBP VBG PRP , CC PRP VBZ VB PRP MD VB JJ , TO RB VB WP PRP VBP , WP PRP VBP RB VB , CC WDT NN PRP MD VB IN RB JJ NNS CC NNS . RB , WP VBP RB PRP VB . PRP VBP RB VB IN PRP VBP JJ . DT JJ NN NNS VBZ JJ IN DT NN RB RB IN PRP VBP JJ , IN DT NNS VBP VBN NN NNS VBG NN IN VBG DT NNS . DT VBZ DT NN IN PRP VBP VBG RB VBG NNS IN CD IN CD CD NNS CC JJR . CD JJ NN MD VB IN JJ NNS CC VBN CC VBN . PRP VBP RB VB IN PRP MD VB NN IN NN . UH , PRP VBP NNS IN JJ NNS CC PRP VBZ RB JJ IN DT NNS VBP VBN . NNS IN NNS IN DT RB JJ NN IN JJ NNS -LRB- NNS -RRB- VBZ JJ IN CD NN IN NN -LRB- DT NN NN WDT VBZ DT NN NN NN IN NN HYPH NN SYM CD -RRB- . NN VBD TO VB DT IN DT NNS IN NN IN DT NN CC VBD JJR DT NN IN NN IN NN HYPH VBN NN IN DT NN . JJ NNS VBD VBN IN JJ NN CC NN NNS . NN IN DT NN NN IN DT NN IN NN IN NN VBZ JJ IN NNP HYPH NNP HYPH CD VBZ RB VB JJ NN IN DT NNS . DT NN TO VB NNS IN JJ NN VBZ DT NN IN NNS MD VB RB JJ NN , DT VBZ , PRP MD VB NN NN CC RB NN IN DT JJ NN , DT JJ NN IN WDT DT NN VBZ DT JJ NN . MD JJ JJ NN VB NN HYPH NN HYPH CD NN . DT NN IN NNP HYPH NNP HYPH CD IN NNS VBZ DT NN . JJS NNS VBN IN NNP HYPH NNP HYPH CD VBP JJ NNS . DT MD VB DT NN CC JJ HYPH JJ NNS . JJ VBP NN NN . NN NN VBZ RB DT NN IN RBR JJ JJ NNS , IN VBN IN DT CD CC JJR , CC IN DT RB JJR NN IN DT NN HYPH CD NN NN IN DT NNS IN NNS IN VBN IN NNS . JJ NNS VBD DT NN IN DT NN IN NN HYPH CD IN NN CD NN NN IN NN . DT VBZ RB JJ NN VBZ VBN IN NNS POS NNS , JJ IN WP VBD VBN IN DT VBN NNS . PRP RB VBP DT NN IN NN NN IN NNS VBZ RB VB IN DT VBP VBN DT NN HYPH VBG NNS IN NN HYPH NN HYPH CD NN . DT JJ NN , NN NNP NNP HYPH NNPS -LRB- NNP -RRB- , VBZ RB VBN TO VB DT JJ NN IN NN HYPH NN HYPH CD IN NNS NNS CD IN CD . NNP VBZ VBN IN VBN NN IN DT JJ NN , NN IN DT NN -LRB- NN -RRB- CC NNS -LRB- NN IN DT NNS -RRB- . NN NNS , RB JJ IN RB JJ NNP HYPH CD NNS , MD RB VB IN NNS . NNS VBP PRP IN RB JJ NNS WDT VBP DT NN MD RB VB VBN NNS -LRB- CC NNS -RRB- IN NN CC NN . DT VBZ PDT DT JJR NN TO VB RB IN NNP HYPH CD NNS . DT NN TO NN MD VB JJ JJR NNS IN VBZ DT NN PRP . JJ NN CC JJ NNS IN DT NN"
761,239,mainstream,"RB CD NN NNS IN NNP HYPH CD VBP IN JJ NN IN NNS IN DT NN . CC MD DT JJ NN NN VB DT NN PRP VBP VBN RB VBG IN NNP HYPH NNP HYPH CD , WDT VBZ RB VBN RB CD CD NNS CC VBN RB CD NNS IN DT NNP . NNS IN DT NNP HYPH VBN NNP NNP NNP VBP RB VBG NN CC NN TO VB JJ NNS TO VB DT NN HYPH JJ NN IN NN IN NNP HYPH CD . VBZ DT JJ NN CC JJ NN . IN PRP VBP RB VB : CC RB VBP RB VB : DT MD VB DT JJ NN . IN DT JJ JJS , PRP VBZ DT NN IN NN . NN VBN IN NNP NNP NNP , VBN IN DT JJ JJ NN NN , VBD IN DT NN IN DT NN HYPH VBG CC VBG NN NN IN DT NN . NN , RB NN , VBZ DT RB JJ NN VBN IN DT NN . PRP VBZ DT JJ JJ NN CC MD VB IN JJ NN CC RB NN IN DT NN IN NNS . IN DT VBN , CD SYM CD NN VBP WRB PRP$ JJ NNS VBP RP . NN IN DT NN NN , DT JJ NN VBZ RB RB VBN : VBG IN DT NNP NNP NNP -LRB- NNP -RRB- , NNS VBP VBN IN CD IN CD IN CD IN CD . NN , RB , VBZ DT NN IN DT NNS . CD JJ NN NNS VBP : DT JJ NN NN -LRB- NN -RRB- VBZ VBN IN NNS RB , CC VBZ RB RBR VBN IN DT NNP WDT VBD DT VBG NN IN CD . DT VBN NN NN -LRB- NNP -RRB- VBD RB VBN IN CD CC VBZ VBN VBN IN DT NNP IN CD , VBG IN DT NNP . WRB MD DT NNP NN VB IN NNP CD . RB VBZ DT NN . DT JJ NN NN : DT VBN NN IN DT JJ NN : VBZ VBN TO VB DT JJ JJ NN IN DT JJ NN . IN DT NN , DT NN MD VB NNS JJ IN DT NN , JJ IN DT JJ NN , NNP HYPH NNP HYPH CD . NNS VBP IN DT JJ JJ NN MD VB DT NN IN NNS IN WDT DT NN VBD RB RB VBN TO VB IN . EX VBP NNS IN VBG VBN NNS , VBG IN DT NNS . `` DT NN IN VBG VBG NNS CC NNS WDT RB VBP NN IN DT NN NN VBZ IN EX VBZ DT NN NN IN NN , '' VBZ NNP NNP , NNP , NNP , JJ NN IN DT NNP NNPS NNP , NNP NNP NNP . JJ JJ NN NNS , RB , VBP VBG NN IN DT NN IN DT JJ NN . DT NN IN NNP MD VB NN IN NNP HYPH CD VBZ JJ IN JJS : NNS WDT MD VB TO VB VBN IN NN NNS , VBG IN NNS . `` NN VBZ RB VBG VBN RP IN NN IN NNP IN JJS NNS RB , '' VBZ NNP NNP , NNP , NNP , NNP , NNP , NNP IN DT NNP NNP IN NNP NNP , NNP NNP IN NNP . `` PRP VBP NN VBZ JJ VBG CC DT VBZ TO VB VBN IN DT NN IN VBG JJ NNS . '' `` PRP VBP IN DT NN IN NNP IN DT NNP , RB IN JJ HYPH JJ NNS , '' VBZ NNP NNP , NNP , NNP IN DT NNP IN NNP NNP NNPS , NNP NNP NNPS POS NNP . `` RB NNS IN FW , CC JJR NNS IN DT NN , RB IN DT NN VBZ IN DT JJ HYPH JJ NN . '' -LRB- PRP VBP VBN JJ NN RB -RRB- . JJ NNS WDT RB VBP NN , VBZ NNP NNP , VBP RB VB JJ NNS IN NNS , IN NN CC JJ JJ NNS . CC IN NN , IN IN DT NNS , PRP VBP TO VB PRP JJ IN DT NN PRP VBP VBG . `` PRP RB VBP DT NN IN NNS IN NN , '' VBZ NNP NNP . `` CC IN EX VBZ NN , WRB RB MD DT VB VB . NN NN NNS MD VB VB DT NN . DT NNS IN NNS MD RB VB DT NN IN NN NN IN NNS CC RB PRP MD VB VBN NN NNS IN PRP MD VB VBN RB IN NN IN NNS . '' IN DT NN , PRP$ NN VBZ TO VB NNS JJ CC RB JJ IN JJ . NNS , VBG NNS , VB DT JJ NN IN DT NN . RB , RB RB JJ IN JJ NN VBZ DT NN IN JJ NN . TO VB NNS , PRP RB VBP IN PRP$ JJ NN NN , NNP NNP , NNP , NN IN DT NNP NNP IN NNP NNP , NNP NNP : `` NNS IN JJ NN NN MD VB DT NN IN RB VBG NNP HYPH CD VBP JJ , CC RB RB VBN IN DT NN IN NN WDT MD VB JJ IN PRP JJ . '' NNP NNP VBD VBN IN NNP NNP POS JJ NN IN NN . `` PRP VBZ RB RB JJ TO VB IN NN VBZ DT NN IN JJ , JJ HYPH NN NN NN , '' VBD DT NN IN NN . PRP VBZ JJ VBG : CC DT MD VB JJ IN PRP : IN PRP MD NFP RB NFP VB DT NN IN NNP HYPH CD . JJ NN CC JJ NN IN DT NN VBP RB JJ . CC VB , PRP VBP RB VBN DT NN IN DT NN . UH , NNS VBP VBN NNS IN NNS , NN , NN , NN , NN , NN NN CC NN , FW . RB , DT NNS VBP RB VBN IN DT IN DT NN : NN , NN CC DT JJ NN IN PRP . IN NNS VBP RB -LRB- NN VBN . -RRB- VBG IN JJ NN NNS , DT NN IN PRP VBP TO RB VB IN DT JJ NN . JJ NNS IN NN NNS , JJ NN , NN HYPH NN , JJ NN , NN NN CC NN MD RB VB DT `` JJ JJ '' IN NN , NN , NN , NN NNS , NN NNS CC NNS . DT VBZ DT JJ NN TO VB NN IN JJ CC JJ , IN PRP VBP JJR NNS , DT NN CC DT NN VBZ IN DT RBR JJ NN . DT NN VBZ IN DT IN PRP ."
762,816,conspiracy,"NNP NNP IN JJS NNP VBZ PRP TO VB NN CD IN PRP$ `` NNP RB '' NN NN , DT NN IN DT NNS IN DT NNS CC PRP$ JJ NN NN WDT VBZ VBG VBN IN DT JJ NN . NN PRP VBP IN DT NNP POS NNS IN DT NN CC WP JJ NNS IN DT VBG NN VBP VBN IN PRP . VB DT NN IN NNP , NNP , NNP , NNP CC VB DT NN WRB VBZ DT JJ NN VBG IN NN . CD NN NN CC CD CD IN IN NN : DT NNP RB VBD DT JJ NN IN JJ NN IN DT NN VBZ TO VB DT $ CD CD NNP IN DT NNS"
763,351,mainstream,"NNP VBZ `` NNP NNP NNP , '' VBZ NNP MD VB NN NN IN NNP VBG PRP IN DT JJ NN TO VB DT JJ NN IN NNP NNP CD , NNP NNP IN NNP VBD NNP NNP NNP , DT NN NN NN VBN IN VBG DT NN NN IN DT NN IN DT NN . `` NNP NNP NNP , DT VBZ JJ CC PRP VBZ RB , '' NNP VBD IN DT NNP NNP NNP NNP . `` DT JJ JJ CC JJ , JJ NN IN NN PRP$ NN VBZ VBN IN DT NNP NNP . '' PRP$ NN VBZ TO VB VBG CC RB VB CC VB DT VBN NN NN RB RB IN JJ . `` PRP MD VB TO VB IN PRP MD VB PRP JJ IN DT NN IN DT NN , '' NNP VBD . `` PRP VBP PRP VBP VBG TO VB DT RB JJ NNS VBG RP RB RB . '' NN NN : TO VB DT NN NN , MD PRP RB VB NNS IN DT NN IN DT NN . DT NN VBD JJ IN NNS CC VBD DT NN VBZ VBG RB CD NN NNS IN RB IN DT NN CC VBZ VBN JJR IN CD VBN TO VB DT RBS JJ . NNS VBP VBG TO VB DT NN RB RBR . `` PRP VBP DT RB JJ NNS TO VB VBN , '' NNP VBD . DT NN VBZ VBG NN CC NNS TO RB VB NNS IN DT NN NNS , '' VBG RP IN NN , NN , JJ NN , '' DT NNP VBD . NNP VBD DT NNP NNPS MD VB IN VBG DT IN DT JJ NN NNS IN PRP VBP VBN . VBN IN `` IN NN '' NN , DT NN MD VB IN DT JJ NNS , JJ NN CC JJ NN NNS , IN DT NN IN VBG DT JJ NN . `` DT VBZ PRP RBR VB RP IN DT JJ NN , '' NNP VBD . JJ JJ NNS MD VB DT NNP NNPS TO VB NN JJ RB RB IN DT JJ NN VBZ VBN RP IN IN JJ CC JJ IN JJ NNS . DT NN MD VB VBN TO VB VB NNS . `` PRP VBP VBG JJ IN IN WRB PRP VBP DT JJ NN WDT PRP VBP DT NN , PRP VBP DT NN , PRP VBP WP PRP VBP , PRP VBP JJ TO VB , IN VBN IN VBG NNS , '' NNP VBD . NNP VBD DT NN CC NN CC VBD , `` PRP MD VB VBG NNS IN PRP VBP DT RB . '' IN PRP$ NN HYPH IN HYPH NN : NNS IN DT VBG IN DT NN : VB RB VB NN . VB DT NN . VB RB RB HYPH VB . DT NN VBZ RP NN IN DT NNP NNPS IN NNP , DT NNPS IN NNP NNP CC NNP , DT NNP CC NNP NNP CC JJ NNS . DT NN RB VBZ DT NNS IN DT NNP IN NNP CC NNP NNPS RB IN DT NNP IN NNP . IN DT NN NN , NNP VBD IN DT NN NN NN CC JJ JJ NN NNP NNP . PRP VBD VBN NNP PRP MD VB DT NN . NNP VBD NN IN DT NNS NN IN JJ NNP , DT JJ JJ JJ NN VBN IN NNP . PRP VBZ RB DT NN IN NNP NNP , DT NNP HYPH NN NN NN NN . IN NN , CD HYPH NN NNP NNP NNP NNP MD VB IN DT JJ NN NN VBG NNS . NNP VBZ DT JJ NN IN NNP NNP NNP NNP IN NNP , NNP . DT JJ NN MD VB RP DT JJS IN JJ NN CC NN , DT JJ NNS IN DT NNP NNPS NN CC DT NN CC NN IN DT NNP NNPS NN , NNP VBD . DT NNP VBZ VBG IN PRP$ NNS CC JJ NNS IN DT NN . RB , NNP VBD , DT NNP MD VB IN NNP , IN JJ NNS IN DT NN IN DT NN WRB DT NN VBD MD RB VB VBN IN NN IN DT NNP NNPS . `` PRP VBP DT NN , WP VBZ PRP , PRP VBP VBG TO VB IN PRP , PRP VBP VBG TO VB IN PRP , '' NNP VBD , VBG DT NNP VBZ VBN IN DT NN NN POS JJ NN . `` WP VBZ PRP VBZ VBG TO VB RB JJ TO VB PRP . '' IN NN TO VB DT NN JJ IN DT JJ JJ NN IN NNP , DT NNP CC NNP NNP VBP DT NN NN NN . JJ NNS VBP JJ JJ NNS TO VB VBN IN DT JJ NN NN , IN DT NN IN DT VBN NN WDT MD RB VB NN . `` PRP VBP VBG IN DT RB VBN NN CC PRP MD RB VB , DT IN PRP$ JJ NNS JJ TO VB NN JJ IN DT JJ JJ NN IN NNP , '' NNP IN NNP CC NNP NNPS NNP NNP VBD IN DT NN NN . IN DT NN , NNS VBN IN NN NN VBP RB VBN VBN IN NNS IN JJ NNS IN JJ TO VB . `` EX VBZ RB VBN DT NN NN NN IN DT NN RB IN PRP VBZ IN CC JJ DT NN WDT VBZ VBN IN JJ NNS , '' VBD NNP NNP , WP VBZ DT JJ NN NN IN DT NNP IN NNP NNPS . JJ NNS VBP RB VBN , VBD NNP NNP HYPH NNP , NN NN IN DT NNP NNP NNP NNP IN NNP NNP NNP NNP IN NNP NNP . CC , PRP VBD : `` PRP RB VBP TO VB IN NNS VBP VBN RB CC IN DT JJ NN IN TO RB VB DT VBG NNS CC NN IN NN TO VB NNS JJ CC VB NN . DT NN VBZ VBG NN IN NNS WDT MD VB VBG NNS . '' NNP VBD RB IN DT NN VBZ RB VBN , DT NNP NNPS MD VB . PRP VBD DT NN MD VB IN PRP$ JJ IN DT NN , IN VBG PRP MD VB NNP RB . `` PRP MD VB RB IN DT NN , PRP MD VB RB , '' PRP VBD . `` NN CC DT NN , PRP VBP RB . '' PRP VBP RB IN DT RB . VB RP IN PRP$ NN RB , RB NN IN DT JJS NN HYPH IN , NN HYPH NN CC JJ NNS ."
764,1046,conspiracy,"IN DT JJ NN DT NNP VBN JJ NN NN NNP VBZ VBN DT VBN NN IN DT NN CC NN NNS IN DT NN , NN NNS . DT NN VBZ IN CD JJ NNS , CD IN WDT VBP IN DT NN IN DT NN CC CD WDT VBP DT NN IN DT NNS . RB MD PRP VB DT NN IN DT JJ NN CC VB WRB PRP VBD IN DT NN . PRP VBP PRP PRP$ RB JJ VBG IN . DT NNS NN VBD TO `` VB DT NN , NN , CC JJ HYPH CC JJ JJ NNS VBN IN DT JJ NN , VBG NNS , NN , NNS NNS -LRB- NN -RRB- , CC JJ NN IN NN NN CC NN NN -LRB- NN -RRB- , CC NN NN VBG NNS , NN , NNS , CC NN NNS -LRB- NN -RRB- , VBN IN NNS JJ IN IN CD NNS . -LRB- CD -RRB- RB VBZ DT JJ JJ NN IN PRP$ NN -LRB- CD -RRB- VBG DT NN :"
765,685,mainstream,"NNP VBZ NNS IN JJ NN NN , VBZ NN HYPH CD NN IN DT NN IN CD NNP : NNP NNP NNP IN NNP VBD PRP VBZ EX MD VB DT NN IN DT NN JJ IN DT NN IN DT NN , CC RB VBD IN NNS CC NNS VBD DT NN IN NN , DT RBS JJ NN IN NN . `` DT VBP DT NNS , DT JJS , DT JJS , DT RBS JJ RB , CC PRP VBP VBN RP IN DT NN NN . PRP VBP VBN RP IN : CC DT NN , CC , IN PRP VBP , EX VBZ JJ NNS CC RB JJ NNS VBN . CC DT JJ IN NN , '' NNP VBD IN DT NNP NNP NNP NNP . DT NN VBD VBG NNS IN PRP VBD DT JJ NN IN NN , VBN IN NNS IN JJ NNS IN NN NN CC NN IN DT NN IN DT NN IN NNP NNP IN DT NNS IN DT NN NN . PRP VBD IN IN DT NN IN DT NN , PRP VBZ EX MD VB DT `` RB JJ '' NN IN NN , IN IN JJ NNS CC DT NN . NNP VBD IN RB IN DT NN , `` PRP VBZ RB . '' `` PRP VBP VBG JJ NN . PRP VBP IN DT JJ NNS , NNS RB , RB RB . PRP VBP JJ NN IN PRP$ NNS . CC PRP VBP VBN RP IN JJ JJ NNS CC NNS IN DT NNS , '' NNP VBD . NNP VBD DT JJ NNS IN VBG DT NN IN NN , RB VBG `` DT JJ IN NN . '' `` NNP VBD DT NN NN CC RB NNS VBP DT NN IN DT NN , '' NNP VBD . `` PRP VBZ DT JJ NN . '' EX VBZ DT NN IN NN , CC EX VBP NNS CC JJ NNS . JJ NN NN , CC NN , VBZ DT NN RB VBN RB RB IN NN NN IN DT NN IN DT NN TO VB VBG NN . EX VBP RB JJ NN NNS JJ IN VBG DT NN IN VBG IN DT WP VBP NN HYPH JJ , VBG PRP RBR JJ IN PRP TO VB NNS CC VB PRP RP IN NNS . NNP VBZ RB VBN IN NN IN JJ NN NNS . RB CD NNPS VBD DT NN NN IN CD , VBG IN NNP NNS . RB CD NNS WP VBD NNP VBD DT NN , DT NNP VBD , IN DT NN . IN PRP$ CD NN IN DT NN NN , NNP VBD IN PRP MD VB NN NN IN CD , DT NN WDT NNP NNP NNP VBD `` JJ CC JJ . '' NNP RB VBD DT NNP NN IN NNP IN VBG DT NN IN DT NN IN DT NN IN DT NN . DT NNP VBD PRP$ JJ NNP NN IN NNP . WP VBZ NN . : RB VBN NNS IN NNP CC NNP DT NN NN CC NNP NNS VBD IN EX VBZ DT NN CC NN NN RB JJ , CC IN DT NN IN NN MD VB JJ IN JJ . `` NN NN : EX VBZ DT NN NN . IN NN , NNP , DT NN WDT VBZ RB JJ IN VBG NN , MD VB RB JJ : CC DT NNP NN POS NN WDT VBZ VBN TO VB DT NN IN NNS IN JJ NNS VBZ IN HYPH IN HYPH NN NN NNS , '' VBD NNP NNP NNP , NNP HYPH NNP ."
766,1187,mainstream,"DT NNP NN VBZ VBN CD NNS , VBG NNP NNP , NNP NNP CC NNP NNP , IN DT RBS JJ NNS TO VB DT NN IN DT JJ NN , DT NNP NNP NNP VBD IN NNP , VBG JJ NNS . DT JJ NNS VBP NNP CC NNP CC NNP CC NNP NNP , VBG IN DT NN . DT VBN NNS MD VB NN IN JJ NN NNS , VB IN VBG JJ NNS , CC JJ CC JJ NN , DT NN VBD . EX VBZ DT VBN NN IN NN HYPH CD , DT JJ NN VBN IN DT JJ NN . DT NN VBD RB VB JJ NNS IN JJ NN NNP , NNP NNP CC NNP NNPS NNP , IN DT JJR IN CD NNS IN NN RB . DT NN IN DT NN MD VB VBN IN DT NNP NNP IN DT JJ JJ NNS , DT NN VBD . DT NNP NNP VBD RB RB VB IN DT NN IN NN . `` PRP MD VB IN NN WDT VBZ NN HYPH VBG , '' DT NNP NNP IN NNP CC NNP NNPS NN VBD . DT NNS IN DT NN VBP DT JJS RB IN VBG DT NN CC VBP JJ NN NN . `` PRP VBP RB VBN NN RB IN NNP IN IN PRP$ NN VBZ CC VBZ RB IN NNP NNP CC RB RB VB RBR , '' DT NN IN NNP VBD . DT NN VBZ RB VBG IN CD NNS NNS TO VB IN NN HYPH CD . CD IN PRP , IN NN IN NNP POS NNP , VBZ VBN JJ NN IN DT NNP NNP NNP CC NNP NNP -LRB- NNP -RRB- . `` PRP$ VBG NN IN NNP IN DT JJ CC NN CD NNS IN PRP$ JJ NN NN VBZ IN NN . PRP VBP IN NNP MD VB TO VB PRP$ NN IN PRP VBZ IN NN , '' DT NN VBD . DT NNP NNPS VBZ VBG JJ JJ NNS VBG CD IN CD NNS IN NN , IN DT NN IN VBG DT JJ NN IN DT NN IN DT NN . TO VB DT NN , DT NN VBZ TO VB JJ NN IN NNP . DT JJ CD NNS TO VB JJ NNS MD RB VB IN NNP CC DT NNP , NNP NNP NN , DT NN IN DT NNP NNPS IN NNP , NNP NNP NNP , VBD NNP IN DT NN JJ NN . PRP VBD PRP VBD NN NNS IN NNP CC NNP TO RB VB DT NN NN . NNP NNP NNP , NN IN DT NNP NNP IN NNP CC NNP NNPS , VBD IN NNP IN PRP VBD TO VB `` DT NN CD CD NNS '' IN DT NN IN CD , VBG IN DT NNP NN ."
767,212,conspiracy,"IN NN IN DT JJ NN IN NNP , WDT VBZ IN NNP CD SYM NN , PRP VBP VBN VBG IN NN NN WDT VBZ DT `` NN '' IN NN NN NNS WDT VBP RB VBN IN NN . WP PRP VBP VBG DT `` NN NN NN '' VBZ IN DT NN -LRB- JJ NNS -RRB- , NN NNS -LRB- JJ NNS -RRB- CC NNS -LRB- JJ NNS -RRB- . IN NN , PRP VBP VBN TO VB CC RB VB JJS JJ NNS VBG NN . DT VBZ WRB EX VBZ DT JJ NN IN VBG JJ NN , CC VBG JJ JJ NN CC RB VBG NN TO VB NN WDT MD VB NNS . DT NNS VBP CD NN IN VBG NN : PRP VBP VBG TO VB NNS IN JJ NNS . CC NNS , NN CC NNS VBP DT NN IN JJ NN CC NN WDT PRP VBP VBG TO VB PRP$ NN . PRP VBP VBN DT IN DT NN HYPH VB NN VBN RB . PRP VBZ DT NN DT NN VBZ VBN IN DT DT HYPH VBG NN CC NN IN DT NN IN DT NNP NN . DT VBZ DT NN IN NN IN NN WDT VBZ VBN VBN IN JJ NNS IN NNS . VB DT NN IN DT NN RB , CC VB RB , IN IN DT NN . IN NN VBZ RB VB RP IN PRP$ NNS , PRP MD VB VBN . TO VB DT JJ NN IN DT NN NN NN , VB IN NNP IN DT JJ NN IN NNP CD SYM NN . PRP VBP VBG DT RB CD HYPH NN NN IN PDT DT , VBG DT JJ NNS IN NN CC WRB DT JJ NN IN VBN JJ NNS MD VB DT NN NN . IN PRP MD VB IN DT NN RB , NN VBZ DT NN NN IN PDT DT . NNP NNP , NNP NNP CC NNP NNP VBP RB VBG TO VB DT JJ NN IN PRP$ NN . PRP VBP IN , NN , VBG NNP IN DT NN HYPH JJ NN . NNS VBP VBN PRP VBP RB VB NNS RB RBR , CC PRP$ JJ NN MD VB DT JJ JJ `` NN '' NN IN DT NNS , VBN IN DT JJ NN IN DT NN NN `` VB NN '' TO VB NNS IN NNS . DT VBZ WRB PRP VBP RB VBG JJ NN NN NNS TO VB CC VB RP NN WP VBZ JJ NN , NN NN CC NN NN , IN NN TO VB DT NN IN DT NN CC JJ NN WDT MD VB VB DT NN IN NNS . PRP VBP TO VB DT NN JJ IN NNS TO VB DT JJ `` NN '' IN NN . PRP MD RB VB NN JJ TO VB RB , PRP VBP . NNS MD VB DT JJ NN VBN IN DT NN . DT VBZ DT JJ NN PRP MD VB JJ NN IN DT NN NN NNS . PRP VBP TO VB PRP `` NNS '' CC VB NNS IN PRP VBP RB VB DT NN , PRP MD RB VB VBN TO VB IN NN . JJ NN VBZ RB NN IN DT NN IN NN , IN NN , IN PRP VBP VBG DT NNS CC NNS WDT VBP TO VB JJ NN NNS WDT MD VB VB NN IN DT VBG NN . IN NN , NNP NNP , NNP NNP CC NNP NNP VBP RB VBN JJ NNS IN NN , CC PRP VBP VBN IN DT JJ HYPH VBN NN IN NN , VBG -LRB- IN JJS -RRB- CD JJ NNS TO VB DT JJ NN : JJ NNS , JJ NNS CC JJ NNS . IN NN , PRP VBP RB VBG NN NNS -LRB- JJ NN NNS , NNS -RRB- , NN NNS -LRB- VBN NN NN -RRB- CC JJ NNS -LRB- JJ NN IN NN NNS TO VB DT JJ NN IN NN NNS -RRB- RB . IN DT JJ NN , PRP MD VB VBN IN DT NN NN VBZ VBG RB VBN IN NN TO VB JJ NN CC NN . NNP NNS MD VB NN NNS CC NN NN `` NN '' NNS IN DT NN , CC RB RB IN DT NN NN VBZ JJ , PRP MD VB VBN TO VB PRP$ `` NN NNS '' TO VB DT NN NN NN . NN NN , IN JJ NNS , VBZ VBG VBN TO VB JJ NNS IN DT NN . WRB PRP VBP JJ RB , PRP MD RB VB RP TO VB VBN IN NN IN NN IN DT JJ NNS . -LRB- CC DT NNS VBP DT . -RRB- DT JJ NN VBZ VBN : CC MD PRP VB IN NN . NN VBZ RB IN DT NN . CC EX VBZ RB JJ NN VBG NN IN DT JJ NN , IN NNS IN NNS IN DT NN VBP VBG TO VB PRP VBP RB VBG VBN IN `` NN NN '' NNS VBN IN PRP IN JJ , JJ , JJ `` NNS '' WP VBP TO VB DT JJ NNS WDT MD VB JJ NN CC VB PRP DT VB RB IN JJ NN -LRB- NNS IN NN , NN NN , NN NN , NN NN CC RB RB -RRB- . RB PRP MD VB DT JJ NN IN JJ NN TO RB VB NN IN DT NN : PRP VBP DT NN , NNP . PRP VBD VBN IN DT NN , DT NN IN PRP$ NN . CC IN PRP VBP TO VB PRP$ NN , PRP MD VB TO VB DT JJ NNS , NNS , NN CC NNS IN DT NNS . DT VBZ DT NN , DT NNS , DT NNS CC DT JJR NN IN VBN NN NN WDT VBZ PRP JJ CC VBN RP . VB PRP$ NNP . VB RP DT NNS . VB RP DT NN NN NN . VB VBG NN , NN HYPH VBN VBN NN ."
768,1159,mainstream,"VBG NN NNS TO VB DT JJ NN HYPH CD NN VBZ VBG TO VB DT JJ NN , RB IN EX VBP NNS IN NNS IN JJ NNS VBG IN PRP VBZ JJ CC JJ . PRP VBZ VBG TO VB JJR RB IN EX VBZ DT NN IN PRP TO VB DT NNS CC DT NN IN DT NN . IN DT IN NN , PRP MD VB CD JJ NN NNS IN NNP NNP NNP , NNP NNP POS NN TO VB DT JJ NN IN JJ , JJ NN CC NN NNS TO VB DT NN IN NN HYPH CD IN DT NN IN DT NN . VBG IN NN NNS , NNP VBZ VBN NNP NNP , DT JJ NN IN JJ JJ NN NNP , IN IN DT JJ NNP NN , NNP NNP NNP , TO VB DT NN . NNP RB VBZ DT NN CC NNS IN PDT DT NN . PRP VBZ DT NN IN JJ NN CC NN CC VBD DT NN NN NN IN NNP , WRB PRP VBD IN CD NNS . CC PRP VBZ RB DT NN NN WP VBZ IN DT NN IN JJ NN NNS , VBG DT IN CD NN NNS , NNP CC NNP . NNP RB VBZ TO VB RP IN DT NNS TO VB IN NNP NNP , CC DT MD RB VB DT NN VBN RB VBN IN , CC VBN IN , DT JJ NN . VBG PRP IN NN IN DT NN VBZ NN IN NN NNS TO VB NNS IN DT JJ NN NN WDT MD VB VBN TO RB VB DT NN IN DT NN . CD IN DT RBS JJ NNS VBN IN RB HYPH VBN NNS VBZ IN NNS VBP NNS VBN IN JJ JJ NNS , VBN IN DT JJ NN , TO VB NN IN NNS WDT VBP JJR NN IN JJ . DT NNS VBP VBN RB VBN , CC NNS VBP IN NNS VBP JJ CC JJ . PRP VBZ RB RB VBN IN NNS VBP VBN JJ NNS IN NNS IN NN CC NN IN NN . RB , DT NN VBN IN NNS VBZ TO VB CC VB NN IN RB HYPH VBG , IN JJ , NNS . DT NN NNS VBP VBN JJ NN , RB , VBG VB RP NNS IN NN NNS CC VBG IN DT JJ NN IN NNS IN DT NNP CC JJ NNS . CC NN VB PRP IN NN VBZ JJ IN DT NN HYPH CD NN PRP . IN NNS VBP VBN VBG NNS IN JJ JJ NNS JJ IN NN CC NN IN NNS , PRP VBP RB RB JJ CC RB VBP NNS PRP VBP VBN TO VB . DT NN TO VB DT NN IN NN IN DT NNS VBD VBN NNS . DT NNS IN DT NN VBD VBN TO VB JJ , CC RB IN PRP VBD VBN VBN RP IN DT JJ NN NN . DT JJ NNS VBD CD NNS IN NN , VBG CD NNS , VBG NNS RBR VBN CC RB VBG DT NN IN DT NN IN JJ NNS . DT NN VBD IN RB JJR NN IN NNS , CC PRP MD VB IN DT JJ NN IN VBG NN NN VBZ IN NNS . CC DT NNS WDT DT NNP NNP VBZ VBG DT NN NNP NNP NNP , RB NNP NNP NNPS , CC VBG TO VB CD CD NNS IN NNP VBP IN DT NN VBZ VBG DT JJ NN RB IN VBG DT JJ NN TO VB DT NN IN DT NN ."
769,1129,mainstream,"RB NN IN NNPS VBP PRP MD VB DT NN HYPH CD NN , NN HYPH NNP NN VBZ RB RB NN IN NNPS VBP PRP MD VB DT NN HYPH CD NN IN DT NNS VBG RB TO VB CD NN , VBG IN DT JJ NN IN DT NNP NNP HYPH NNP NNP IN NNP NNPS NNP . DT VBZ RB JJ VBG DT NN VBG IN DT JJ NN IN DT NN IN DT NN WDT VBZ VBN DT NN IN PRP VBD IN NNP RB JJ NN . CC JJR NNS MD RB VB RP PRP$ NNS : DT NN , VBN NNP , VBD CD NN RB VBD RB JJ IN PRP MD VB VBN . DT CD IN CD VBD PRP MD VB . NN NNS RB VBP IN DT NN IN NN VBZ IN NNP NNP NNP POS NN IN DT CD CD HYPH NN NN IN NNP VBP . RB NN CC NN MD VB : CC DT JJ NN VBZ DT NN VBZ RB JJ . `` PRP VBZ RB JJR TO VB CC VB , '' VBD NNP NNP NNP , DT JJ NN NN IN NNP NNP NNP NNP . `` DT JJ VBZ JJ CC DT VBZ WRB PRP VBP IN DT IN DT NNS , PRP VBP VBG TO VB DT JJ NN NN TO VB DT NN , '' PRP VBD . NN JJ NNS : NN NNS VBN TO VB , NN IN NNPS RB JJ PRP VBP NN , NNP NNS IN CD IN NNPS WP VBP PRP MD RB VB VBN , CD IN CD VBP IN NN . `` PRP VBP RB DT NN , '' VBD NNP NNP , CD , IN NNP NNP , NNP . CC `` TO VB DT NN HYPH CD NN IN DT NN CC CD , VBZ PRP TO VB IN PRP MD RB VB RB VBN IN IN NN NNS . '' NNP NNP NNP , WP VBZ DT NNP NNPS IN NNP , VBZ NN VBZ DT JJ NN . DT NNP VBZ VBG DT NN NN IN VBG DT VBG NNP HYPH CD NN NNS IN NNS IN NNS IN NNS , TO VB IN PRP VBP CC IN PRP VBP JJ . `` PRP MD RB VB NNS TO VB IN PRP VBP VBG NNS , IN DT MD VB DT JJ NN . PRP VBP DT VBZ DT NN TO VB TO VB NNS , CC RB TO VB NN , '' NNP VBD DT NNP RBR DT NN . `` RB DT JJS NN WDT MD VB VBZ IN PRP VBP IN DT NN WDT VBZ RP TO VB JJ NN NNS , '' NNP VBD . IN DT WP VBP DT NN , DT NNP HYPH NNP NN VBD VBG PRP , PRP$ NN CC DT NN VBP DT JJ NNS . `` PRP VBP RB VBG TO VB PRP , '' VBD NNP NNP , CD , IN NNP , NNP . `` IN DT NN WP VBZ NN IN PRP$ NN , PRP VBP , PRP VBZ JJ IN PRP TO VB VBN RB RB IN PRP VBZ JJ TO RBR VB PRP$ NN . '' NN : CD IN CD JJ IN VBG NN HYPH CD IN NN NN CC RB CD IN CD IN DT WP MD VB VBN VB NN MD RB VB RB IN JJ IN DT NN . DT NN NN IN PRP$ NN POS NN NN , NNP VBZ IN NN IN NN VBG IN JJ NNS , CC VBD DT IN PRP$ NNS RB VBP VBG RB IN NN TO VB IN HYPH DT HYPH NN NN . DT JJ NN VBZ RBS JJ IN JJR NNS CC NNS IN DT NN WP VBP JJ NN NNS JJ IN NN CC NN NN . DT NN VBD CD NN IN NNS CD CC JJR VBP PRP MD VB VBN , VBN IN CD NN WP VBP JJR . CC NN NNS VBP JJ CC JJ NNPS VBP RBR JJ IN NN HYPH CD , IN IN JJ NN IN NN NN CC JJ NNS . CC DT NN VBD RB CD NN IN JJ NNPS CC CD NN IN NNPS MD VB DT NN VBN IN CD NN IN NNS . IN NNS WP VBP RB VB DT NN , RB CD IN CD VBP PRP VBP JJ IN VBG NN HYPH CD IN DT NN . CC JJS IN DT VBG NN NNS VBP RB VB DT NN PRP , VBG PRP MD VB NN . CC CD IN CD WP VBP RB VB DT NN VBP RB VB VBG RB JJ IN DT NN . JJR IN CD CD NNS RB VBP VBN VBN VBN IN DT NN , CC JJR IN CD NNS VBP VBN VBN , VBG RB CD IN DT NNP , VBG IN DT NN VBN IN NNP NNP NNP . NNS VBP DT JJ NN VBZ RB JJR . CC IN JJS NNS WP VBP NNP HYPH CD VBP JJ NNS CC VBP , NNS RB VBP VBG DT NN NNS IN RB JJ NNS IN RB VBG NN : IN NN NNS IN NN CC NN NN IN DT JJS NN , DT NN HYPH VBG JJ NN IN NNS . WDT DT JJ NNS VBP IN WRB RB PRP VBZ , NN NNS VBP DT JJ NN VBZ JJR IN DT JJ NN . CC DT NN VBZ DT NN MD VB RB RBR JJ IN DT JJ NN NN . RB , RB DT CD NN HYPH CD NN NNS VBP IN JJ NNS IN NN CC VBN TO VB . JJ NNS VBP VBG CD IN DT JJS NNS RB RB , TO VB DT NNP NNP HYPH VBN VBN IN CD NNS . IN PDT DT NNS IN DT NNP NN POS NNP NNP NNP , RB CD NN IN NNPS VBP DT NN TO VB JJ IN DT NN IN NN POS NN , DT NN VBD . JJS VBP RB JJ NN VBZ RBR JJ . JJ NNS VBN IN WRB DT NN VBZ DT NN VBP VBN IN NN IN DT NN , RB . JJR IN NN IN NNPS VBP DT NN JJ IN NN , VBN IN RB DT NN IN NNPS . IN CD NN IN NNPS MD VB DT NN , RB CD NN IN NNPS VBP DT JJ . `` EX VBZ RB DT JJ NN IN NN IN VBG DT NN , '' VBD NNP NNP , WP VBZ NNP POS JJ NN NN . `` EX VBZ DT NN IN NN TO VB IN NNPS IN DT NN CC DT NN IN DT NN . '' DT NNP HYPH NNP NN IN CD NNS VBD VBN NNP CD SYM CD VBG DT NN VBN IN NNP POS NN HYPH VBN NNP NNP , WDT VBZ VBN TO VB JJ IN DT NNP NN . DT NN IN NN NN IN DT NNS VBZ CC CC RB CD NN NNS . NNS VBP IN NNP NNS IN NNP NNP NN : RB VBZ WP PRP VBP RBR : NNP VBZ IN PRP MD VB NN IN RB VBG JJ"
770,873,mainstream,"NNP CD : DT NN VBZ VBN RB VBN TO VB NN IN DT VBN NN , IN IN DT JJ JJ NN IN NNP HYPH CD . PRP RB VBZ NNP POS JJ NN IN DT NN IN DT NNP HYPH CD NN NN . DT NN VBD RB VB IN DT JJ NN . NNP CD : VBN IN JJ NN IN NNP NNP . NNP VBZ IN DT JJ NN NNP HYPH NNP HYPH CD VBD VBN VBP VBN VBN IN JJ CC NN NNS . DT NNS IN DT JJ HYPH JJ NN NN : VBN IN DT NNP NNP IN NNP : VBP IN DT NN POS NN NN VBZ NNS WDT VBP TO VB RB VBN . IN PRP$ NN , DT JJ NN NNP NNP CC JJ NN NNP NNP VBP TO VB VBN `` VBN NNS VBN IN DT NNP HYPH NNP HYPH CD NN NN '' WDT VBZ WRB DT NN VBZ IN NNS IN DT JJ NN . NNS , RB , VBP IN JJ NNS VBP RB IN JJ NNS . NNP NNP NNP , WP VBD NN IN NNP IN CD IN CD , VBD DT NNP NNP IN NNP CC NNP POS NN VBZ IN DT NN MD VB VBN IN DT NNP NNP IN NNP . PRP VBD IN PRP VBD PRP JJ TO VB VBN VBN RB , CC IN NNP VBD RB VBN TO VB RP DT NN . RB , NN NNS IN NNP POS NNP VBD DT NN IN `` NN CC NN , '' VBG IN DT NNP IN NNP . NNP VBD RB VBN IN DT NNP NNP IN DT NNP NNP IN VBG `` JJ NN . '' IN DT NN VBD NN IN DT NNP NNPS , JJ NNS IN DT NNP NN VBP VBN NNS IN DT NN VBD IN DT NN NN IN NNP . RB , JJ NN NNS VBP VBN DT JJS VBN NNS IN DT NN IN DT NN NN IN DT NN . NN IN DT NNP NNP IN NNP VBP RB VBN JJ NN NN IN JJ NNS VBD `` JJ NN '' CC IN DT NN VBD RB VBN NNP HYPH NNP HYPH CD IN NNS IN NNS IN DT RB JJ NN HYPH JJ NN VBD VBN IN PRP IN NNP . NNP CC NNP POS NN VBZ DT JJ JJ NN IN IN DT NN NN VBD IN NNP , EX VBZ DT NN IN PRP VBD VBN RB VBN . DT NN IN DT JJ CD NNP HYPH CD NNS VBN IN JJ NN DT NNP VBD IN IN CD NNS , EX VBD VBN JJ NN IN DT NNP NN , IN RB IN DT JJ VBN NN . DT NNP NNP NNP VBZ RB VBN NN IN DT VBG IN CC VBG JJ NNS , TO VB NN HYPH JJ NN IN VBG NNS . DT NN POS NNS RB VBP DT NN IN NN IN DT NN IN PRP$ NN , VBZ PRP VBD RB RB VBN IN NNS . RB , EX VBP VBN JJ VBN NNS VBG NN CC NN IN NNP HYPH NNP HYPH CD NNS . NNP VBD JJ NN NNP IN DT NN VBZ NNS WDT VBP RB IN NN , DT NN , CC VBP RB VBN VBN IN NN . PRP VBD IN NNP CC DT NNP NNPS VBP VBN IN JJ NNS IN NN NN IN `` NN IN NN '' NNS , IN WDT DT NN CC NN IN JJ NN NNS MD VB VBN IN NN TO VB PRP RBR . NNP NNP , NN NN IN DT NNP IN NNP , VBZ CD IN DT NNS VBG PRP$ NN IN NNP . PRP VBZ IN WP NNP VBD IN IN `` VBN NNS '' MD VB DT NN IN DT RBR JJ NN , CC DT VBZ RB JJ IN NN : `` NNS MD VB VBN IN JJ NNS VBG NNS IN NN -LRB- VBG `` NN NN '' -RRB- , NN , CC JJ JJ NNS -LRB- NN , NN , NN -RRB- . '' NNP RB VBZ IN NNP POS NN VBD DT JJ NN IN DT NN IN RB VBN NNS . JJ VBG NNS IN DT JJ NN CC NN IN DT NN VBP VBN NNS IN DT NN VBD JJ . NNP NNP , NN IN NNP NNP NNP IN NNP CC NNP NNPS , VBZ VBN EX VBZ DT JJ NN IN DT NNS , IN VBG NNS IN DT NNP NNP NNP CC NNP NNP NNP RB VBD DT NNS . DT NNP VBD IN DT NN VBD RB VBN IN JJ JJ NNS , VBG `` NNP '' CC `` NNP IN NNP , '' WDT VBZ PRP VBD DT NN JJ IN NN . NNP VBD DT JJ NN VBD DT NN NN IN DT NN NN , CC IN PRP VBP RB VBN DT NN . PRP VBD DT JJ NN IN JJR NNS IN DT NN IN DT NN MD VB VBN RB . DT NN VBN IN DT NNP NNP IN NNP VBZ DT NN IN DT NN IN NNP HYPH CD , DT NN NN IN NNP HYPH CD WDT VBZ RB IN JJ JJ NN . NNP VBZ DT JJ NN IN NNP , DT JJ NN IN DT NN . UH , NNP HYPH CD NNP VBD RB VBN . RB VBZ DT NN WDT VBZ DT NN -LRB- NNP -RRB- DT NNP NNP NNP HYPH CD VBN IN DT NNP NNP NNS IN DT NNP NNP -LRB- NNP -RRB-"
771,951,mainstream,"DT NNP POS JJ VBN NN HYPH NN NN VBZ NN NN TO VB `` NNS IN NNS '' IN NNS TO VB IN NN IN DT NN IN JJ NN . NNS IN DT NNP NNP CC NNP NNP , DT RB HYPH IN HYPH NN NN NN , VBN IN DT NN , VBD RB VBN RP IN CD TO VB NNP POS NN NN CC NN NN . DT NN VBD RB JJ IN NN IN CD CC DT NN VBD RB HYPH VBN IN NNS JJ NN IN VBG NNS IN NNP POS JJ NN TO VB NNS . NNP NNP , JJ NN IN NNP , VBD : `` CD NNS RB NNS VBD RB CC PRP RB VBP PRP IN DT NN IN VBG TO VB CC DT NN IN DT NN , VB PRP$ NN CC RB VB RB VBN IN DT NN IN DT NN HYPH CD NN . `` PRP VBP VBN VBG IN WRB PRP MD VB CC VB WP RB VBZ NNS RP IN DT NN IN NNS . ''"
772,413,conspiracy,"NN CD : NNP NNP JJ NN IN NNP NNP NNP UH RB IN NNP NNP NNP NNP : DT NN NN IN NNP NNP CC NNP NNP WDT VBZ DT IN DT RBS JJ NNS IN JJ NN NN NN . DT NN : VB DT NN IN NNP , NNP , NNP , NN CC VB DT NN NN NN CD : NNP NNP VBZ TO VB DT NN ADD NNS VBN TO NN NNS IN DT NNP IN NNP ADD PRP RB VBD EX VBZ DT NN IN VBG NNS ADD NN NN CD : NNP NNP VBZ NNPS IN `` NNP NNPS '' IN NN IN NNS ADD PRP MD VB VB PRP$ JJ CC JJ NN IN VBG ADD CC ADD VBP PRP ."
773,506,mainstream,"NNP NNP NNP , WP VBD VB NN NNS IN NNS JJ IN NNP , NNP CC NNP , VBZ DT NNS VBN IN VBG NN IN DT NN . WRB PRP VBD IN DT NNP NNP IN DT NN HYPH NN , PRP VBD VBN IN NNP , CC EX VBZ CD NN PRP VBP RB . PRP VBD RB RB CD NNS JJ , VBD IN DT NN IN DT JJ NN IN DT NN , CC VBD IN DT NN IN DT JJ NN NN . PRP$ NN VBD VBN IN DT JJ NN NN -LRB- NNP -RRB- , WDT PRP VBD VBN IN DT NN . IN PRP VBD , PRP VBD VBN TO VB PRP$ NN IN JJ CC JJ JJ NNS . RB JJR : DT NN MD VB VBN VBN . NNP VBD DT JJ CC JJ NN NN CC VBD RB RB TO RB VB PDT PRP$ NNS , CC DT NN VBD VBN VBN . DT JJ NN VBD PRP WP PRP$ NN CC NN , NNP NNP NNP , VBD PRP IN PRP VBD IN DT NN IN NN NN , `` NNS VBP RB VB NNS , NN VBZ NNS . '' PRP MD VB , NNP NNP VBZ VBN RB VB JJR IN CD NNS , VBG DT NNP NN VBN IN DT NNP . VBG NNS VBZ DT JJ NN VBN IN DT NNS IN NN , NN CC NN , CC NN . NN NNS VBP VBN , CC NNS RB VBN IN DT NN . NNS RB VBP DT NN IN DT NN IN NNS CC , IN NNS VBP JJ , JJ NNS VBG NNS VBP . PRP MD VB NNS TO VB DT NN , CC NN WDT VBZ RB IN DT NN MD RB VB RB RB IN NNS . PRP VBP TO VB DT JJ , JJ , JJ NN IN NN IN PRP VBP NN VBP IN NN NNS IN DT NNP HYPH CD NN . DT NNP NNP CC NNP NNP VBZ CC VBZ IN DT NN NN VBZ JJ IN NN IN NNS . IN DT NN VBZ VB DT NNS IN NN NNS , JJ IN PRP$ NN VBZ IN WRB DT NN VBZ VBN , CC IN DT NN VBZ JJ . NN IN NN -LRB- NNS IN NNS IN NNS -RRB- VBZ JJ IN PRP VBZ RB JJ TO VB DT NN VBZ JJ CC VBZ JJ NN , PRP VBP DT NN IN NN TO VB JJ DT NN VBZ JJ , CC NNS VBP RB VBN . DT JJ NN MD VB IN IN CD NNS , RB RBR , CC MD VB IN IN DT CD NNP NNS , RB JJR . RB IN NNS IN DT JJ NN NN PRP VBZ JJ TO VB DT NN IN NN IN DT NN . PRP VBD JJ NNS IN VBG NN NNS IN NNP , NNP HYPH NNP , CC NNP , CC IN DT JJ NN VBN IN DT NNS , IN PRP$ JJ NN , CC IN JJ NN IN NNS CC DT JJ NN , RB CD IN DT NNS -LRB- NNP -RRB- VBZ VBN VBN . DT NNP NNP NNP -LRB- NNP -RRB- VBZ TO VB JJ NN NN NNS IN VBG NN CC NN , VBG NNS IN PRP$ `` NN NN NN . '' IN DT JJ CC VBG NN , JJ NN NNS RB VBP DT NN RB IN NNS VBP CC DT NN VBZ CC , RB , NNS VBP RP CC VBP RP IN NNS CC NN VBZ RP . PRP VBZ JJ WRB DT NNP POS NN CC NN MD VB IN DT NNP VBZ NNS CC VBZ PRP$ NNS CC NN IN NNP . JJ NNS IN JJ NN NNS VBP RB VBN IN PRP$ NN NN IN PRP MD VB DT NNS IN VBN NN . NNS VBP JJ NNS WRB VBG TO VB DT JJ NN NNS VBN IN VBG NNS JJ IN JJ NN . RB JJ JJ NNS IN JJ JJ NNS CC IN HYPH NN NNS VBP JJ NN NNS IN VBG NN NN NNS . PRP VBP VBN TO VB NN CC JJ NNS IN JJ NNS TO VB JJ NN NNS , RB VBG JJ NNS CC DT NN IN NNS IN JJ JJ NNS . VBG JJ JJ NNS , WRB VBZ DT NNP NN VBG TO VB PRP$ NNP HYPH CD NN NN NN , NNP NNP NNP . VBN IN DT NNP NN NNS IN NNP , NNP , CC NNP , JJ NNS IN DT NN VBP NN FW , RB IN DT NNS IN NN CC NN . DT NNP HYPH CD NN NN , RB , VBZ TO VB JJ NNS IN DT NNS IN VBG NN NNS . IN NN , VBG DT NNP IN NNP TO VB , VB , CC VB NNS MD VB DT JJ NN IN JJ NNS . DT JJ NN VBZ DT VBN NN IN DT JJ NN IN DT JJ HYPH JJ NNS WDT VBP VBN DT NNP HYPH CD NN NN NN . NNP NNP NNP VBZ IN DT JJ NN MD VB IN DT NN NN NNS CC DT JJ NNS MD RB , `` : VB IN PRP$ JJ NNS . '' DT JJ JJ NN IN JJ HYPH JJ NNS IN NN NN VBP PRP RB VBN IN DT NN IN DT JJ CC JJ NN HYPH CD NN . PRP$ NNS VBP VBN CC JJ , RB , VBN DT JJ NNS IN JJ HYPH JJ NN , NN NN , CC NN VBG DT NN IN VBG JJ NN NNS CC NN NNS . IN IN DT JJ CC JJ NN , DT NN VBZ IN DT RB JJ NNS . EX VBZ DT NN DT JJ NN VBZ JJ RB JJ NN NNS , CC PRP VBD PRP$ NN TO VB IN JJ IN PRP IN PRP$ NNP NN CC PRP VBP TO VB RB NN . CC NN NN VBZ JJ NNS VBG RB CC VBZ JJ NN , RB RB IN NN NNS -LRB- DT VBZ JJ RB -RRB- , CC IN NNP CC DT JJ CC JJ NNS . VBG NN IN DT NNS VBZ VBN JJ IN DT NN IN DT NN NN CC NNS IN DT NN CC DT JJ NN VBP JJ IN JJ JJ NNS . NNP NNP , NNP POS JJ NN NN , VBD RB VBN VBG NNP MD RB VBG NN NN -LRB- RB IN PRP VBD VBN IN NNP NN IN DT NN IN NN -RRB- IN PRP$ NN VBD NN CC PRP , `` : VBD RB VB TO : VB DT NN VBG IN DT NNP NN . '' DT NN VBZ VBN IN VBG DT NNP CC PRP$ NNS . DT JJ NN VBZ RB IN JJ NN , CC RB NNS IN NNS . VBG NNS IN NNS IN JJ HYPH NN NNS VBZ DT JJ NN IN DT NN NN NNS CC IN NN VBZ RB VBN , IN VBZ DT JJ NN . IN DT NNS , JJ IN IN NNP POS NNP CC NNP POS NN NNS , NNS VBP IN NN NNS IN NN EX MD VB JJ NNS , CC DT NNS VBP DT NN . WRB MD NN VB DT NNS CC NNS IN VBG DT NNP HYPH CD NN , IN VBG JJ JJ NN CC NN IN DT NN . WRB VBZ PRP VB WP VBZ DT NN NN . IN PRP VBP WRB DT NN MD RB VB VBN CC IN WP , RB VBG DT NN . IN NN NNS VBP VBN TO VB NNP CC RB JJ NNS , NN MD VB RP IN VBG DT JJ NNP HYPH CD NN NN , RB DT JJS NN NN , , WDT VBZ NNS MD VB VBN IN DT NN CC NN MD VB VBN IN DT JJ NN TO VB PRP$ NN . EX VBZ RB DT NN IN WP MD VB DT JJ NN -LRB- NN -RRB- VBN IN DT NN . NN NNS VBP JJ NNS IN NN NNS CC NN IN NN CC NN NNS . NNS IN NNP VBP RB VBG NN IN NN CC JJ JJ NN CC NNS . JJR IN DT JJ NNS VBP TO RB VB NNS IN NNP NN , IN DT NNP HYPH NNP NNP , TO VB NN POS JJ NNS IN NN VBN VBG NNP NN NNS . DT NN MD VB , DT VBP RB , IN IN NNP NNS VBP VBG DT NN NN , DT NNP MD VB VBN DT JJ NN IN PRP$ NN , JJ IN JJ NN NN CC , CC NN . CC DT NN IN `` NNP RB , '' VBZ RB VBG RB . NNP NNP , DT NN IN JJ NN NN NNP NNP , VBD RB VBN IN DT JJ NN WRB PRP VBD DT NNP MD VB VBN IN JJ NNP HYPH CD NN NN IN IN PRP$ JJ NN . NNS IN JJ JJ NNS , NNS , CC NN VBD DT NN TO VB DT NN IN NN NN CC DT NN , VBN IN NNP NNP NNP NNP , NNP NN HYPH NNP , VBD IN , `` NNS , NN NNS , NNS , CC DT JJ NN MD VB RB CC VB IN DT NNS IN NN CC NN MD VB NN . '' IN DT NN VBZ JJ , NN CC NN NNS MD VB TO VB VBN CC NNS CC NNS VBN RB IN DT NNP NN VBZ VBN RP IN DT JJ NN . DT NNS VBP NNS IN NNS IN NNS DT NN . DT JJ NN VBZ DT NNS IN DT JJ NN CC IN DT JJ NN IN JJ NN NN CC NN NNS , WRB MD PRP VB VBN . JJ NNS VBP IN DT NN NN NN IN NNS CC NNS IN PRP VBZ DT JJ NN TO VB IN JJ NN . CC JJ VBP , CC VBP , DT VBN JJ NN NN TO VB DT NN IN NN . PRP$ NN VBZ PRP JJ NN IN VBG DT JJ CC JJ NN HYPH CD NN VBZ JJ . DT JJ NN IN NN IN , CC IN , NNP NN NNS CC NN VBZ JJ IN DT NN MD VB RB , RB RB VB RB RB , CC DT VBZ RB JJR IN NN NN . JJ NN PRP VBD VBN IN DT NN VBD CD NNS PRP VBZ VBP DT JJS NN IN VBG DT JJ CC JJ NN HYPH CD NN , VBG NNP , NNP , NNP CC NNP , NNP , CC NNP . CC JJ NNS VBP IN WRB DT NN IN DT NN NNS MD VB TO VB RB JJ RB RB TO RB RB VB DT NN IN DT NN CC TO VB NNS VBN IN NN . JJ NN CC JJ NNS IN DT NN"
774,343,mainstream,"IN DT NN VBZ VBN IN NN NNS , DT JJ NN MD VB DT NN IN DT NN WDT VBD VBN . MD PRP VB DT NNP NN CC DT NNP NNP NNP -LRB- NNP -RRB- NN IN DT JJ NN CC JJ NN IN NN . DT NNS MD VB VBN CC RB IN DT JJ NN VBD VBN IN DT NN . IN DT JJ NN VBN VBD DT NN , RB DT NNP NNP NNP NN MD RB VB VBN IN NN NNS . WRB MD PRP VB PRP$ NNS IN NN NNS . TO VB VBG RB PRP MD VB TO VB DT NN NN NN -LRB- NN -RRB- NN . NNS MD VB VBN RB IN NN VBZ VBN VBN IN DT NN NN . DT RBS JJ NNS WDT VBP VBN RB VBP `` JJ NNS '' WDT VBP VBN JJR IN CD NNS IN DT NN IN NN . WP VBZ DT NN CC NN NN NN . DT NNP CC NNP NN NN VBZ DT NN CC NN NNS IN DT JJ NN IN NNS NN IN NNS CC NN NNS . PRP VBZ DT NN IN DT JJ NN . DT NN NN VBZ DT NN WDT VBZ NN NN NN . NNS VBG IN DT NN IN DT NN NN MD VB TO VB VBN RB IN DT NN NN . WRB RB MD PRP VB IN PRP$ NN NN TO VB VBN . NNS VBN RB MD VB VBN RB RBR IN CD NN NNS IN DT NN IN NN IN NN NNS . NNS VBN RB MD VB VBN RB RBR IN CD NN NNS IN DT NN IN NN IN NN NNS . IN DT NN VBZ RB VBN CC RB VBN , DT NN NN MD VB VBN IN DT NN IN NN IN DT VBN NN . WP MD PRP VB IN NN NNS VBZ VBN PRP$ NN CC DT JJ NN VBZ VBN VBN . EX MD VB CD JJ NNS IN DT JJ NN VBG VBN . IN DT NNS , DT NN MD VB VBN . DT NN NN NN VBZ IN EX VBZ NN JJ IN DT NN IN DT NN . DT NNS IN DT NN VBD DT NNS IN DT NN MD VB IN DT NN IN JJ NNS . IN DT NNS , VB IN DT `` VBN JJ NN '' NN CC `` NN NN '' CC , CC VB DT NN NNP IN CD CD CD IN JJ NN . DT NNS IN DT NN NN VBP VBN IN NNS . WP VBP DT NNS VB . IN DT NN NN WDT VBZ VBN IN CC DT `` VBN JJ NN '' NN CC `` NN VBN NN NN -LRB- NN -RRB- VBZ RB JJ , UH VB IN NN NNS -LRB- NNP , CD NN -RRB- , DT NN VBG DT NN IN JJ NN NNS , DT JJ NN IN WP DT NN VBZ CC WP VBZ TO VB VBN TO VB DT NN . IN JJR NN VBZ VBN , VB DT NN NN IN CD CD CD . PRP VBP RB VB DT `` NNS '' WDT NN NNS NN VBP IN IN DT NN . WP VBP DT NN . DT NN VBZ DT NN IN DT NN VBD VBN . DT VBN NN , NN , CD NNS , VBZ VBN TO VB WRB DT NN VBZ IN DT NNP NN NN . VB IN DT NN RB IN DT NN NN WDT NN NNS NN VBP IN CC DT NN WDT VBZ RBS JJ WP DT NN MD VB IN PRP$ NN . PRP VBP RB VB DT NN NN NNS WDT NN NNS NN VBP IN IN DT NN . WP VBP DT NN . DT NN NN NN VBZ IN CD NNS . NFP NN -LRB- DT NN NN IN DT NN VBG VBN -RRB- DT NN RB VBZ DT JJ JJ NN NNS WDT VBP JJ IN VBG IN NN NNS . DT NN MD VB IN CD CC CD IN VBN RB . VB IN NN NNS MD RB VB IN JJ NNS . IN PRP VBP RB VB DT JJ NN NNS IN PRP$ NN , UH VB PRP$ NN NN IN NN IN VBG DT JJ NN TO VB . WRB MD NN NNS IN DT NN NN NN -LRB- WRB DT JJ NN VBZ CD : NN NN NN -RRB- VB VBN . NN NNS MD VB VBN VBG NN CD -LRB- NN -RRB- . WP VBZ DT JJ NN . DT JJ NN VBZ DT JJ NN WDT MD VB VBN RB IN DT JJ NN NN IN , IN DT JJ NN DT NN NN MD RB VB VBN . VBP NN NNS VBN IN DT NN IN DT NN NN . DT NN NN NN MD VB IN JJS CD NN IN JJ NN NNS . RB , CD NN IN DT NNS VBP RB VB TO VB NN NNS VBN IN PRP VBP CC NN IN NN CC NN . RB PRP VBZ JJ IN PRP VBP DT NN TO VB DT NN POS NN NN CC VB DT IN PRP$ NN . WRB VBP PRP VB DT NN WRB DT NN NN VBZ VBN DT NN . DT NN NN , NN NN , NN NN CC NN IN DT NN NN MD VB VBN IN NN IN DT NN NN CC NN IN DT NN . WRB VBP PRP VB NN IN NNS WDT VBP RB CD NNS JJ . VBN NN MD VB VBN IN DT NN , NN NN IN DT NN NN . DT NN MD VB PRP$ NNP JJ TO VB DT NN CC IN JJS NNS DT NN MD VB DT NNS TO VB VBN RB IN PRP IN DT JJ NN VBG WRB DT NNS VBD RB VBN IN DT JJ NN . IN NN VBZ VBN , DT NN NN MD VB VBN IN NN NNS IN DT NNS . IN PRP VBP JJ NN NNS , MD PRP VB NN IN PRP$ NNP TO VB RB IN DT VBN NN IN NN CC VBP PRP VB TO VB NN DT NN PRP VBP NNS . DT MD VB IN DT NN NN . DT MD VB PRP TO VB NN DT NN CC NNS MD VB PRP DT NN IN DT JJ NN IN NN . NN NNS MD VB DT NN IN DT NN . IN PRP VBP DT NN IN JJR IN CD NN IN DT JJ NN , MD PRP VB DT JJ NN IN DT NN . UH . CD NN RB MD VB VBN IN NN -LRB- FW , IN CD CC JJR NNS VBN IN DT JJ NN -RRB- . RB , RB CD NNP MD VB VBN WRB NN NN VBZ VBN IN DT NN IN DT JJ NN IN DT JJ NN . DT NN IN DT VBZ WRB NN NN VBZ VBN IN NN NN . VB IN DT NN RB TO VB WDT NNS TO VB VBN IN DT NNS WDT VBD VBN IN DT JJ NN . MD PRP VB NNS WRB DT NN NN VBZ VBN DT NN . UH . DT JJ NN NN CC NN NN MD VB VBN IN DT NNP NNP NNP IN DT NNP NNP . DT NN NN CC NN NN MD RB VB DT IN DT NN CC MD VB IN DT NN IN DT NN VBZ PRP$ JJ NN . IN PRP$ NN VBZ CC PRP VBP IN DT JJ NN VBD VBN , UH VB PRP$ NN NN IN NN . IN DT NN VBZ DT JJ NN NN IN NN IN DT NN NN NN IN DT JJ NN , VBP PRP VBN IN DT JJ NN . UH . DT NNP -LRB- JJ NN -RRB- CC NNP IN NN CD -LRB- AFX NN NN -RRB- MD VB VBN IN IN PRP VBP DT JJ NN . VBG IN NNS WP VBP VBN VBG NN JJ NNS VBP JJ TO VB DT NN NN IN NNS VBN WRB NNS VBP VBN VBG NN NN . DT VBN NN NN NN NNS NN CC NN NN NN NN NN MD VB VBN IN NN NNPS WP MD VB NN IN NN IN DT NN . VB DT VBN JJ NN NNS IN : NN NNS , NN NNS , NN NN CD , NNP , CD . DT NN NN WDT JJS VBZ DT NN IN NN VBZ CD HYPH NN . DT NN NN MD VB VBN IN NN NNS IN DT NN WDT VBZ RB VBN IN DT NNP NNP NNP NNP . VB DT NN IN VBG DT NN NN NN -LRB- NN , CD -RRB- . WRB RB VBZ DT NNP NNP NNP VBN . DT NNP NNP NNP VBZ VBN DT CD NNS IN DT NN IN NNS VBN IN DT NNP NNP NNP NNP -LRB- NNP -RRB- CC JJ NN IN DT NNP IN NNP . DT NNS VBP VBN IN DT NN NN . WRB MD PRP VB JJR JJ NN IN NN . WP VBP DT NNS IN DT JJ NN -LRB- NN -RRB- NN . IN DT NN , EX VBP DT NN NNS IN DT NN . WRB VBP PRP VB PRP$ JJ NN NNS . PRP VBP VBN IN IN NN NNS : WRB VBP PRP VB JJR . NN NNS VBP JJ JJ IN VBG CD CD CD . PRP MD VB TO VB PRP$ NN NN ."
775,1218,mainstream,"NN NNP NNP VBD IN NNP DT NN TO VB NN IN DT JJ HYPH NN NN IN PRP , VBG IN WP PRP VBZ `` JJR '' NNS . PRP VBD VBG TO VB DT NNS IN PRP$ NN IN DT RB VBN NNP NN VBG NNS IN DT NNS VBG NNS IN DT NN , VBG RB JJ NNS . IN PRP$ NN , NNP VBD DT NN IN NNS IN NNS JJ IN `` DT CD NNS VBZ DT NN IN NN NNS . MD PRP VB PRP . VB JJ NNS , DT JJ NN . '' IN IN NNS IN JJ NNS . IN PRP VBZ RP , CD IN DT NNS VBD NNP NNP , WP$ NN RB VBD RB VB NNP NN TO VB DT NN IN PRP$ NN IN PRP$ NNS IN NNS CC VBD RB RB JJ IN PRP VBG VBN RB . -LRB- NN , CD : NNP VBZ VBN IN DT NNP NN IN NNP . -RRB- NNP VBZ TO VB IN DT WP VBP IN NNS VBP NN . IN JJ NN VBZ IN NNS VBP RB VBN IN NN , NNP VBZ VBN IN PRP$ NN IN NNP NNP NNP NNP , CC VBN IN PRP$ NNS IN DT JJ NN IN NNP POS VBG DT JJ NN . CC NNP POS NNS VBD JJR IN VB NN IN PRP$ NN IN NNS VBP `` NNS '' CC VBP NN , CD IN NNP POS NNS . IN IN NNP POS NN IN NNP POS NN CC DT VBG NN VBG RP IN PRP , PRP VBZ RB RB VBN NN IN DT JJ NN WDT VBZ VBN VBN IN VBN IN NN : JJ NN . -LRB- NN : IN IN PRP$ NN IN DT `` NN NN '' JJ NNS RB , PRP VBD RB JJ IN NNP CC PRP$ NN IN DT NN PRP VBD VBN . -RRB- DT NN VBZ PRP$ NN IN DT NN -LRB- NN -RRB- HYPH IN NNS WDT VBP IN DT NN , IN JJ IN NN , WDT RB VBP , CC VBP . PRP VBZ IN CD NN NNS WDT VBP IN DT NN IN DT JJ NNS IN JJ NNS . `` JJ '' VBZ RB DT NN IN PRP VBP RB NN : PRP$ NNS VBP RB JJ , RB IN DT JJ JJ NN . IN DT NNS MD VB JJ , RB DT NN VBZ VBN IN NN , JJ NN , CC HYPH NN . IN NN , RB DT NN IN NN IN NNS WP VBP JJ NN MD RB VB VBN IN NN . DT NN VBZ VBN IN NNS , CC EX VBP NNS WDT VBN NNS IN NN NNS MD VB JJ IN CC DT NNS CC DT JJ NN NNS IN NN . PRP VBZ JJ IN NNP NNP , IN PRP$ NN TO VB DT VBN NN IN NNS CC NN , RB VBD NN IN CD IN DT JJ NNS WDT VBP VBN RB VBN IN NN . DT NNS , RB , JJ IN NNP NNP , VBD RB RB IN DT NN CC VBP VBN VBG DT JJ RBR RB TO VB NN IN JJ NN . DT NNS IN NNP VBP VBN IN NNP MD VB NN IN PRP$ NN IN NNP POS NN IN VBG IN DT NNP NNP NNP . PRP MD RB VB CD NN TO VB IN VBG DT NN IN DT JJ NN IN PRP$ CC PRP$ NN POS NN ."
776,1072,mainstream,"NN , RB VBN NN , VBZ DT JJ NN WDT VBZ CD IN DT RBS JJ JJ NNS IN DT NN . DT NN VBZ VBN IN NNS WDT VBP JJ IN DT JJ NN , RB RB IN DT JJ JJ NN . IN CD CC CD , DT JJ NN IN NNS VBN IN CD NN CC DT NN VBN IN DT NN VBD CD NN , VBG IN DT NN VBN IN DT NN DT NNP . JJR IN CD NNS RB , NNS VBD RB VBN RP IN DT NNP NNPS , NN IN NNS . CC RB , DT NN VBZ VBN DT NN . RB , DT NN IN NNS VBZ VBN CD NN IN IN NN NN . JJR IN CD NNS IN NNS VBD VBN IN DT NNP IN NNP CD CC NNP CD , CD , VBG IN NNP NNP NNP , DT JJ JJ NNS NN IN DT NNP IN NNP NNP NNP IN NNP . DT VBZ RB IN CD NNS IN DT JJ NN IN CD CC RB IN CD NNS IN DT JJ NN IN CD , VBG IN DT NNPS IN NNP NNP CC NNP -LRB- NNP -RRB- . WRB JJ VBZ PRP . NN VBZ VBN IN NN NN , DT NN IN DT NN NN . VBG IN DT NNP , DT NNS NN VBZ IN DT NN CC NN NN IN DT VBN NN . WRB DT NN VBN IN DT NN VBZ , NNS CC VBZ , DT NN VBZ JJ CC MD VB IN JJ NNS . `` DT NN MD VB IN DT NN IN JJ NNS IN NN , '' NNP VBD NNP NNP . `` PRP MD VB DT NNS RB IN VBG IN DT NN WRB DT NN IN NNS VBZ VBN , RB IN IN CD NNS IN DT NN VBZ VBN . '' RB , DT NN VBZ RB JJ : CD NN IN NNS WP VBP RB VBN IN NNS MD VB VBN IN PRP VBP NN IN NN WP VBZ DT NN . `` DT NN IN PRP VBZ VBN RB RB VBZ IN DT NN IN NNS , DT NN , RB VBZ JJ NNS IN NN VBZ JJ , '' VBD NNP NNP NNP , DT JJ JJ NN NN IN NNP NNP NNP NNP NNP . RB , VBN NNS MD VB DT NN IN JJ NNS IN VBG PRP VBP JJ . DT JJ NN VBZ RB CD NNS RB CC CD NNS IN DT NN VBZ . DT NN IN NNS VBZ JJ TO VB IN CD CC CD JJ NNS , VBG IN DT CD NN VBN IN DT NN NNP NNP NNPS . JJS NNS IN NNS VBP DT NN IN NN , JJ NN , JJ NNS , JJ NN CC JJ JJ IN JJ NNS IN DT NN , VBD NNP NNP NNP NNP , DT NN IN JJ NNS IN NNP NNP NNP POS NNP NNP NNP IN NNP IN NNP . IN DT NN VBZ , DT JJ JJ NN MD VB . DT NN RB VBZ IN JJ , JJ , JJ NNS IN DT NN . TO VB IN NNS , DT NN MD VB DT NN IN NN NNS , JJ IN NNS IN IN DT NN CC DT NN NN . IN DT NN VBZ DT NN , PRP MD VB DT NN NN TO VB NN , VBG IN DT NNP NNP . RB DT NNS VBP NN IN DT NN . `` DT VBZ DT NN WRB NNS VBP JJ : NNS JJ IN NN NN -LRB- JJ NN NN -RRB- , NN CC NN , NN , NN CC JJ NN , '' NNP VBD NNP NNP . `` IN DT NNP NNPS , CD IN CD IN DT CD VBN NNS MD VB IN -LRB- NNS -RRB- NNS : WDT VBZ JJR IN IN DT NNP NNP , WRB RB JJ IN CD IN CD IN CD VBN NNS VBP IN NNS CC PRP$ NNS . '' JJ NNS VBP RB RBR JJ IN DT NN . VBG IN DT NNP NNP , NNS VBZ CD NNS DT NN , RBS IN DT NN IN CD . JJ NNS CC DT IN DT VBN JJ NN VBP RB IN NN IN JJ NNS . EX VBZ DT JJ NN IN VBG NNS . RB , NNS VBP DT NNS . `` DT VBZ PRP VBP , VBP NN , NNS -LRB- FW , NN -RRB- IN NN CC NN NN , NN NN IN NNS IN JJ NN NN , '' NNP VBD . IN RB VBN IN DT NNP NNPS IN DT NN IN NNS , DT NNS VBP VBN NNP , DT JJ NN , TO VB JJ NN VBN IN NNS , NNP VBD . TO VB DT WP VBP VBN VBN IN DT NN CC VBP RB VBN VBN , DT NN MD VB DT NN HYPH NN NN . IN VBN IN CD NNS IN NN , DT NN MD VB DT NNS . RB IN PRP VBZ RB VB DT NN , DT VBN NN MD RB VB DT JJ NN IN DT NNS , VBG IN DT NNP NNP . DT NN TO VB IN HYPH NN NNS VBZ TO VB PRP IN JJ NN NN -LRB- NNS CC NNS VBN IN DT NN IN NNS IN NNS NN -RRB- IN CD NNS IN NN IN DT NN . IN DT NN , DT NN MD VB NNS CC VB DT NN RBR JJ . IN JJ NNS , VBG IN DT NNS VBZ NN IN NN IN DT NNS VBP . PRP VBZ JJ IN NNS TO VB NN IN NNS TO VB NNS VBN IN NNS . PRP MD RB VB JJ TO VB DT NN TO VB NN CC TO VB RP JJ NNS WDT MD VB JJ NNS , VBG IN DT NNP NNP . IN DT NN VBZ VBN PRP$ NN , DT NN MD VB JJ IN DT NN . RB , DT NN NN MD VB RB VBN IN IN IN CD NNS IN VBG IN DT NNS , VBG IN JJR . IN DT NN , NNS MD VB RBR JJ IN JJ JJ CC JJ NNS , WDT MD VB JJR NNS IN DT JJ NNS NN . DT JJS NN TO VB NNS VBZ IN NN . DT NNP VBZ CD NNS IN DT NN : DT JJ IN DT IN CD CC CD NNS IN NN CC DT JJ IN NNS IN CD CC CD NNS IN NN . DT NN VBZ CD NN JJ IN DT WP VBP CC NNS CC RB CD NN JJ IN DT VBG CD . VBG DT JJ NNS RB RB VBZ DT NN VBG DT NN , PRP RB VBZ DT WP MD VB VBN : DT JJ IN NNS IN DT NN , DT IN DT VBN JJ NN CC DT RB JJ TO VB DT NN . `` NNS VBP CD IN DT RBS JJ NNS PRP VBP TO VB JJ NN CC VB NNS IN DT NN , '' VBD NNP NNP NNP , DT JJ NN NN CC NN IN DT NNP NNP NNP NNP NNP NNP IN NNP NNP . RB CD NN IN DT NNP NN VBZ VBN IN NNS , VBG IN NNP , IN EX VBP NNS IN NNS WP VBP CC VBP NNS . DT NNS IN JJ NNS VBP PRP JJ TO VB DT NN IN NNS , PRP VBD . `` DT NNS NNS IN DT NNP VBP CC IN DT VBG JJ NN VBN IN NNS CC IN DT JJ NNP NN VBG IN DT JJ NN IN DT NN NN , '' NNP VBD . DT NN VBZ RB VBN IN NNS IN DT NN WP VBP JJ . JJS NN NNS VBP IN NNS IN NNS IN JJ NNS , VBG IN DT NNP . IN CD , DT NNP VBD IN NNS VBD RB VBN IN DT NN . CC IN RB , DT NN VBZ VBN VBG DT NN , RB IN IN NNS . `` DT NN NN VBZ DT JJ NN IN DT NN CC PRP VBP JJ CC VBP DT NN IN JJ NN NN , '' NNP VBD . NNS VBP VBN IN NN RB IN DT NN IN DT NNS , PRP VBD . JJ NN IN NNS VBZ RB VBN IN JJ NNS CC DT JJ NN IN NNS VBP RB VBN IN NN , IN JJ NNS , VBG IN DT NNP CC NNP NNP , DT NN IN DT NN POS JJS NN NNS WDT VBZ TO VB NNS CC NN . IN DT NNS NN NN IN CD , DT VBN CD IN CD CD NNS IN DT NNP VBD DT NNS IN NN , IN CD IN CD VBG IN NNS , VBG IN DT NNP . NN IN DT NN VBD IN DT JJR IN CD NN NN IN NNS NNS IN DT NNP DT NN IN NN VBZ VBN IN EX VBZ DT NN IN NNS CC NN CC VBZ RB VBN DT NN IN DT NNS NN . `` VB PRP CC PRP$ VBN NNS IN VBG JJ IN PRP VBP RB IN NN IN DT NNS NN , '' NNP VBD . `` NN , VBG NN , VBZ RB JJR IN NN . '' NFP VB NNS IN RB VBN NNS IN NNS , IN DT NNP NNP NNP IN NNP NNP . NFP VB JJR IN DT NNS NN IN DT NNP NNP IN NNP CC NNP NNPS . NFP VB IN DT NNP NNP NNP POS NN IN DT NNS NN CC PRP$ NN TO VB NNS ."
777,396,mainstream,"NN NN NNP VBD NNP IN PRP VBD VBN NNS IN IN JJS CD CD NNS IN DT IN HYPH CC HYPH JJ NN HYPH CD NN VBG VBN IN NNP NNP CC IN PRP MD VB VBG PRP IN NNP . DT NN VBD PRP VBD RB VBN JJR IN $ CD CD IN NN IN DT NNP NNP NNP NNP CC NNP NNP , DT NN IN DT NNP NN NN , TO VB DT NN NN . DT JJ NN VBZ CD IN JJ JJ NN HYPH NNS VBG TO VB DT NN IN DT NN , WDT VBZ VBN JJR IN CD NNS CC VBN DT JJ NN . IN RB IN DT JJ NN , DT NNP NN VBZ VBN CD IN DT NN POS JJS HYPH VBG JJ NNS TO VB DT NN IN DT NN . DT CD CD IN DT CD CD NNS VBP VBN TO VB IN DT NNP , WRB DT NNP IN NNP CC NNP NNPS VBD PRP VBD VBG IN NNP TO VB DT JJ NNS JJ RB RB IN NNP . DT NN VBZ NN IN NNP NNP POS NNP NNP NNP NN , WDT VBZ TO RB VB RP NN NN IN DT NNP . NNP VBD RBR DT NN IN PRP VBD VBG DT NN NN TO VB IN IN CD CD NNS IN DT NN , IN EX VBZ RB DT NN IN DT NN MD VB JJ . DT NNP NN VBD DT JJ NN IN JJ NN IN JJ NNS IN JJ NNP . RBR DT NN , DT NN VBD JJ NNS MD RB VB JJ IN NNP , WRB RBR JJ NNS MD VB . DT JJ NN HYPH NN IN DT JJ NN NN NN VBZ NNP NN NNP , WDT VBD DT JJ NNS RBR DT NN , VBG IN PRP$ NN VBD RB HYPH VBN IN JJ NNS CC VBD TO VB DT `` VBG NNS '' VBN TO VB DT NN . DT NNP NN VBZ VBN IN RB VBG JJ NN , NN , WDT RB VBZ DT JJ NN NN IN NN . DT NNP NN VBZ RB . PRP VBZ DT VBN NN IN DT JJ JJ NN WDT VBZ NNS IN NNS CC VBZ DT JJ NN IN DT NN WDT VBZ NN HYPH CD . IN NN , DT NN POS NNS VBP NNS WDT VBP DT JJ NN TO VB DT NN IN PRP VBZ TO VB DT NN . PRP$ NN NN MD VB DT NN CD JJ NN IN CD NNS , RB RB IN DT JJ NN . NN NNS VBP VBN VBG TO VB RP IN DT JJ NN , VBG NNS WDT RB VBP NNS IN NNS . EX VBZ DT NN IN DT NN , VBG DT NNP NN , MD VB JJ . NNP NNP , NNP JJ NN , VBD : `` PRP VBP RB JJ TO VB VBG IN NNP NNP TO VB PRP$ JJ NN IN DT NN WDT MD VB VBN IN DT JJ NN . '' NN VBZ VBN VBG IN RB HYPH VBN NN NN : DT NN IN NN NNS VBG NN IN PRP$ JJ NNS WDT VBZ DT JJS NNS TO VB DT JJS NN NNS . DT $ CD HYPH CD NNP NN IN NNP VBZ DT $ CD CD DT JJ NN VBD NNP PRP MD VB IN DT NNP NN IN NN IN DT NN TO `` VB IN IN CD CD NNS JJ IN NNP IN NNS IN DT NNP '' CC IN IN CD CD NNS RB . `` PRP MD VB DT NNP MD VB DT JJ NN TO VB NN IN DT NN , MD PRP VB JJ , '' PRP VBD IN DT NN . CC IN NNP , NNP VBD PRP VBD RB VBG IN JJ NNS JJ IN DT NNP NNP NNP '' IN DT JJ NN CC NN IN DT NN IN DT NN . '' DT NNP VBZ VBN DT NN TO VB NN NN IN DT NNS IN VBG JJ NN NNS . NNP VBD PRP VBD RB VBG IN JJ NN NNS VBG DT NNP NNP IN NNP CC VBD IN PRP MD VB DT JJ NN `` RB JJ IN DT NN IN DT JJ NN . '' NN NNS VBP RB VBN IN JJR IN CD JJ NN MD VB JJ IN NN TO VB DT JJ NN VBN IN DT NN . NFP DT NNP NNP NNP CD . DT NNS VBN . NNP CC NNP NNP VBP NNS IN DT NNP NNP NNP . RB TO VB VBN , VBN CC VBN IN DT NN ."
778,1052,conspiracy,"NNP VBZ DT NN CC NN IN NNP . DT NN POS NN VBZ `` VBG DT NN TO VB PRP DT JJ NN IN WP VBZ RB VBG RP . '' DT NN MD VB DT NN IN DT NN , PRP$ JJ NNS CC VB IN DT NN NN . NNP VBZ CC NNP CC NNP , JJ CC NNP . IN VBG CC VBG DT NN , NNP VBD RB CD NNS IN DT NN CC JJ NN . PRP VBD IN NNP NNP CC NNP NNP NNP IN RB CD NNS . RBS RB , NNP VBD IN NNP IN NNS JJ IN NNP NNP NNP , NNP NNP CC JJ NNP NN NNS ."
779,958,mainstream,"NNP NNP VBZ CD NN CC PRP VBP JJ PRP VBZ RB JJ . PRP VBP JJ PRP VBZ JJ NNS CC , NN IN RB VBG NN IN NNP NNP POS NNS , MD RB VB CC VB DT JJ NN . RB , PRP$ NNS VBP RB VBG IN PRP . RB , IN PRP MD VB , IN NNP NNP CC NNP NNP VBP RB HYPH JJ NNS WP VBP NNS IN NNS RB IN PRP$ JJ JJ JJ NN , CC : MD DT JJ NN VB : IN NNP NNP VBZ RB VBN PRP IN DT NN , CC PRP VBP RB VB PRP$ NNS VBG NN . RB , NNP VBZ RB VBN PRP VBZ RB DT NN . DT VBZ IN PRP VBD PRP$ JJ NN NN TO VB DT JJ NNP NN NN , RB : RB IN NN IN JJ NN : VBD PRP IN DT JJ NN , VBG PRP `` VBD RB IN NNS '' , CC VBD NNS TO VB `` VBN JJ NNS IN PRP$ NNS '' . RB , VBZ NNP DT NN CC VBZ RB PRP . UH , VB PRP VB IN DT NNS . LS . DT NN PRP VBZ VBG , NNP CD , VBZ TO VB NNS VBG JJ NNS IN NNS IN NN HYPH RP IN DT NN HYPH VBN NN . LS . VBG IN NN IN PRP$ NN IN DT NNP NN NN , PRP VBD NNS `` JJ CC JJ '' . IN NNP NNP VBZ IN JJ , JJ CC NNP POS NNP : RB CC JJ CC JJ RB : PRP VBZ JJ . IN , IN NNP NNP , NNP NNP CC NNP NNP , PRP VBZ VBG PRP$ RB HYPH VBG NN TO VB IN VBG NNS . WDT , VBG IN VBG JJ NNS , VBZ RB VBG IN DT JJ NN . NNS IN NNS IN JJ NNS VBP VBG IN DT NN . PRP VBP JJ NNS , CC DT NN IN NNS PRP VBP JJ NNS NNS IN NNS , NNS CC NN NNS . DT NNP VBD DT CD NN NN NN IN NNS NNS IN CD CC CD . RB , NNP NN NNS -LRB- CD NN NN -RRB- VBP RB RB IN DT NN VBN JJ IN DT NNP NNP NNP TO VB DT NN IN NN -LRB- CD NN NN -RRB- . DT NNP NNP NNP VBZ `` NN NN '' IN DT JJ NN NN IN NN . VBG `` NN NNS '' , DT NNP VBZ VBG VBG NNS JJ IN JJ NN HYPH JJ NNS . CC , VBG DT JJ NN WDT VBZ NNS NNS MD VB IN DT JJ JJ NNS , NNS VBP VBN DT NN RB IN `` JJ NNS VBG NNS VBP JJ '' . CC DT VBZ WP NNS IN NNP VBP VBG : IN NNS VBP JJ NNS , CC VBP NN , CC IN `` JJ NN '' VBZ DT JJR NN . DT MD VB JJ IN NN WP MD RB VB PDT DT NNS CC -LRB- RB RB -RRB- RB VBZ RB VB TO VB PRP$ NN VBG NN NN IN DT NN PRP VBP RB RB VB . IN EX VBZ CD NN TO VB PRP$ NNS -LRB- JJ NN , RB IN DT JJ NN WDT VBZ NNS IN IN CD NNS JJ , VBZ RB RB RB VB -RRB- RB VBZ NN IN NNS POS NNS IN NN . VB NN CC PRP VBP IN NNS CC `` JJ NN '' . CC PDT DT JJ NN IN NN NN CC WRB PRP VBZ PRP IN NN : WDT VBZ WRB JJR NNS VBP JJR NN IN DT : VBZ VBN IN DT NN . PRP VBZ PRP VBZ NN , CC DT NN IN DT NN , DT VBZ VBG PRP$ NNS JJ . DT NN VBZ , PRP VBZ VBG NNS POS NNS JJ , RB . IN DT VBN NNS IN NNS IN DT NNP , JJS IN PRP VBD IN JJ NNS . CC JJ VBD NN NN . IN VBG IN NNP POS NN NN , NNP NNP VBZ VBG PRP$ JJ NN POS NN . IN NNP NNP IN NNP NNP -LRB- CD IN DT NN POS NNS -RRB- VBD RP IN DT NNP NNP , DT NN MD RB RB VB NNS WP VBP JJ NNS IN VBG PRP : `` IN NN , DT NNS WP RB VBP JJ NNS RB VBP NN JJ TO VB VBN . JJ NN MD VB VBG IN JJ NNS . DT NNP NN , MD RB VB NN IN DT NN IN WRB TO VB DT JJ NN . '' DT VBZ WRB PRP VBP RB VB PRP$ NNS TO VB IN PRP$ NN . RB IN PRP MD VB NNS : PRP$ NNS VBP VBN : IN PRP MD VB NN . CC EX VBZ RB JJ IN DT VBG RB IN PRP VBZ ."
780,1287,mainstream,"JJ NNS VBP PRP VBP VBN DT JJ NN WDT MD VB NN . DT NNS VBP PRP VBP TO VB PRP$ NN IN NNS IN DT NN IN NN NNS IN NNS . NFP VB PRP$ NN JJ NN IN DT JJS NN CC NNS NNS VBD DT NNS IN DT NN CC VBD PRP VBD JJ TO VB NNS WDT MD VB DT NN IN VBG JJ NNS . NNP NNP , JJ NN IN NNP NNP WDT VBZ IN DT NN , VBD : `` RB RB IN PRP VBP PRP VBP DT JJ IN DT NN RB RB TO VB VBN DT NN IN DT NN IN DT NN . '' RB , JJ NNS VBP VBN PRP MD VB VBN IN NN IN DT JJ NNS IN NN VBD RB VBN DT JJ NN IN NNS . NNS IN NNP NNP VBP RB VBG RP NNS IN NNS IN DT NNP CC VBP TO VB NNS IN NNS JJ IN JJ NN . JJ NN , DT NN VBD DT NN IN JJ NN NNP IN DT JJ NN HYPH IN IN DT NN IN NN NN . DT NN VBZ VBN TO VB CD CD NNS DT NN IN DT NNS VBP JJ . PRP VBZ IN NNP NNP NNP NNP NN VBD IN EX VBZ DT NN DT NN HYPH CD NN MD VB VBN . NNP NNP VBD NNP NNP : `` IN DT NN MD VB VBN RB PRP VBP TO VB TO VB DT NN TO VB IN DT NN . `` RB DT VBZ VBG DT NNS RP CC VBG PRP RP IN , IN NN , NN HYPH NN NN CC RB VBG DT NN IN DT NN IN NN CC JJ NN NNS . '' DT JJ NNS VBD DT JJ NN IN CD JJ NN NNS IN NNS IN NNP NNP IN NNP . DT IN DT NNS VBD NN VBN , WDT VBP VBG DT JJ NN IN VBN JJ NN IN DT NN IN DT NN . DT NN VBZ IN DT NN VBZ RB VBN RP IN DT VBN CC VBN NN IN PRP MD VB VBN IN DT JJ NN IN DT NN , IN VBG JJ NNS . PRP VBZ IN DT JJ NN IN PRP MD IN DT NN VBD VBN IN DT JJ NN IN PRP VBZ DT JJ NN , DT NN POS JJ NN NN . DT NNS VBD IN DT NN NN VBD DT `` JJ NN NN '' IN DT NN IN CD NNS . CC CD IN DT JJS NNS VBD VBN IN DT NNS TO VB IN DT JJ JJ NN , VBG IN DT NN . NNS VBD RB VBN IN DT NN IN DT NNS CC VBD IN JJ NNS , WDT VBD VBN IN DT JJ NN . DT NNS VBD IN PRP VBD JJ TO VB DT NN CC RB VB NN HYPH NN HYPH CD , DT NN WDT VBZ NNP HYPH CD HYPH IN NN IN CC VBG JJ NNS . NNP NNP VBD JJ NN NN NNP : `` DT VBZ DT RBS JJ NN IN NN IN DT NN NN VBN IN NNP . `` VBG IN NNP NNP , RB RB IN PRP VBP PRP VBP DT JJ IN DT NN RB RB TO VB VBN DT NN IN DT NN IN DT NN . `` PRP VBP DT TO VB IN NNS RB . '' PRP VBD IN JJ NNS VBP VBN `` IN DT NN '' . CC JJ NN NNS VBP IN IN DT NN POS NNS , WDT VBP RB VBN VBN RB JJ , VBP JJ , PRP VBP DT `` JJ NN TO VB '' . CC NNP NNP NNP , WP VBZ IN JJ NN CC NNS IN DT NNP IN NNP , VBD NNP : `` PRP VBZ PRP VBP VBN NNS IN DT NNS , VBN IN DT NN , VBN JJ NNS IN NNS , VBN DT NN IN CC IN DT NNS CC WP PRP VBP VBG VBZ IN DT NNS VBD DT NN IN VBG DT JJ NNS . `` NNS VBP DT VBZ VBG TO VB . CC PRP VBZ DT JJ NN TO VB DT VBZ WP MD VB IN DT NN IN NN -LRB- IN DT NN -RRB- . '' PRP VBD IN DT JJ NN VBD VBN DT NN NN , CC RB DT NN PRP . NNP NNP NNP , IN NNP NNP POS NNP NNP , VBD : `` PRP VBP DT NN TO VB IN PRP VBP IN JJ NNS , PRP VBP RB IN DT JJ NN IN JJS NNS . '' IN JJS CD NNS VBP VBG JJ NN TO VB PRP$ NN IN VBG NNP HYPH CD , VBG IN DT NNP NNP NNP . CD IN WDT VBZ NNP , DT NN VBN IN NNS IN NNP NNP , IN JJ NNS VBG JJ JJ NN . DT IN NNP NNP NNP VBZ VBN TO VB VBN IN NNS DT NN . RB , RB CD JJ NNS VBP VBN VBN IN VBG IN JJ NNS , VBG DT NN IN DT JJ NNS ."
781,1208,mainstream,"NNS VBP IN DT NN NN IN DT NN NN . PRP VBP DT NN TO VB NN IN VBG PRP IN NN NNS . WRB JJ NNS JJ IN NNS CC NNS VBP DT NN , NN NNS VBN NNS VBP IN VBG NNS , WDT VBP NN NNS . DT NNS VBP DT NN VBN IN DT NN CC VBP IN JJ NN . VBG IN DT NNPS IN NNP NNP CC NNP -LRB- NNP -RRB- , DT JJ NN MD VB NNS IN NNS DT NN , VBG NN RB RB IN NNS RB RB VBP PRP VBD VBN IN DT NN . RB , DT JJ NN DT NN VBZ DT JJ NN , PRP MD VB JJ NNS TO VB RP DT NN NN . IN RB JJ NNS IN DT NN NN CC NN NN NN , DT JJ NNS VBZ RB JJ . DT NN MD VB CC VB DT NN IN DT NN NN MD VB RB . -LRB- MD PRP VB DT NN RB IN CD NN . -RRB- DT VBZ WRB NNS VBP RP . VBG IN DT NNP POS NNP IN NNP NNP NNP NNP , NNS VBP VBN IN JJ CC VBN NNS . PRP MD VB DT NN , CC DT NN NN RB VBZ PRP IN DT NN CC VBZ NNS IN NN . IN DT NN VBZ VBN , JJ IN DT NNS MD VB RP , CC NN NNS VBN NN NNS VBP IN DT NN . WRB DT NN VBZ DT NN RB , DT NN NNS VBP NNS RB CC VBP IN DT NN IN PRP VBZ RB JJ . NNS RB VBP IN DT NN NN . DT NNS MD VB VBN , CC IN PRP VBP RB JJ , CC IN PRP$ JJ NNS VBP RB JJ , VBG IN DT NNP . CC IN NN IN PRP VBZ VBN , JJ NNS VBP VBN IN NN VBN NN NN . IN JJ NNS , PRP VBP JJ TO RB VB IN NN IN DT NN , IN PRP RB MD RB VB JJ . WRB PRP VBZ IN NNS , RB PRP MD VB TO VB DT NN . NFP VBZ PRP JJR TO VB IN NN NN ."
782,1080,mainstream,"NNP JJ NN NNS IN NNP VBD CD JJ NNS IN NNS , VBG DT JJ NN NNS VBN IN DT NN RB RB IN CD , JJS IN PRP VBN IN DT NN WDT VBD IN NNP IN NNP . CC DT JJS NN IN DT NNP NNP IN NNP NNP VBZ RB CD NN VBN IN DT NN IN NNP NNP NNP , WRB NNS VBD NNS RBR DT NN IN DT VBN IN NN VBD NNP NNP NNP NNP NNP IN CD NNS IN JJ . DT VBN , JJR IN CD NNS IN DT NNP NNPS VBP RB VBN VBN IN DT NN . VBG IN DT NNP NN NN , CD IN DT CD NNS WP VBD NNS IN DT NN VBD VBN TO VB VBN VBN IN VBG NNP . DT JJ CD VBD NNS IN DT NNS IN DT NN CC NN NN . DT NN NN NN VBD CD JJ NNS VBD DT JJ NN NN CC VBD VBN VBN IN DT NNP NN . DT JJ NNP NN NN VBZ VBN DT NN IN DT NN MD RB VB VBN , IN DT NN IN DT JJ NN IN NN VBD VBN IN DT NN IN NN IN DT NNPS . DT JJ NN VBZ VBN VBN IN IN JJS CD NNS CC CD JJ NNP NNS IN DT JJ CD NNS . DT NNP NN IN NNP VBZ NNS IN NNS DT NN , JJ IN PRP IN RB . DT NNS NN VBZ VBN DT NN IN DT RB HYPH VBN NN NN , IN WDT NNS IN JJ NN NNS IN NNS WDT VBP VBN IN RB VBN NN VBG DT NN IN NN VBP VBN DT JJ NN IN NNS TO VB NNS IN PRP$ NNS . NN VBD VBN VBN IN DT NNP NNPS IN CD IN NNS IN JJ NN NN NNS . CC IN CD , DT NN VBD PRP$ JJS NN IN NNS IN CD NNS . RBR DT NN , NNP NNS VBD VB NN VBG NNS TO VB DT NN NNS IN DT NN VBZ VBN TO VB IN NN IN IN DT VBG JJ NN . IN VBN , NNP MD VB RB CD JJ NNS IN JJ JJ NNS ."
783,1185,mainstream,"DT VBN JJ NNP CC NNP NNPS NN VBD NNP IN NNP IN DT NNP NN POS NN IN DT NN NN VBZ RB RB JJ : CC IN EX VBZ `` DT NN '' TO VB VB CC VB CD . NNS IN DT NN TO VB JJ IN CD IN CD NNS VBP IN `` NN VBZ RB , '' DT NN , NNP NNP NNP , VBD DT NNP NNP CC NNP NN IN NN , VBG , `` PRP VBP RB VBN NN VB RB . '' NNP RB VBD PRP VBD VBN DT NN IN NNS IN JJ JJ NN , CC PRP VBD NNP NNP NNP CC JJ NNS IN VBG VBN DT NN RB IN : IN , PRP VBD , JJ NNS . `` PRP VBP NNPS VBP TO VB VBN DT NN , '' NNP VBD . `` PRP VBD RB VB NNS . PRP VBD RB VB NNS . PRP VBD RB VB PRP IN JJ NN CC VBG DT NN IN PRP MD VB IN NNP CC NNP . PDT DT NNS , PDT DT JJ NNS , IN DT JJ NN MD VB VBN DT NN IN RB VBG DT NN CC VBG JJR NNS . '' IN VBG DT NN , NNP VBD NNS IN RB IN PRP MD VB JJ , EX VBZ DT NN IN JJ NN . `` IN PRP MD VB DT NN DT NN CC NN , RB RB RB JJ NN , WRB DT NN VBZ JJ , EX VBZ DT CD NN WDT MD VB JJ IN PRP$ NN CC IN DT NN . PRP VBZ VBG TO VB JJ NNS , '' NNP VBD . `` PRP VBP TO VB DT NN CC NN IN NN RB TO VB JJ IN PRP MD RB RB VB DT NN , VB PRP , VB PRP , CC VB PRP IN DT JJ CC JJ NN . `` PRP VBP RB VB DT RB , CC PRP VBZ DT JJ NN , '' PRP VBD . NNP VBD NNP NNP IN NNP IN `` PRP VBP PRP MD VB DT NN IN DT NN IN DT NN , '' CC PRP VBD IN DT NN MD VB VB PRP . `` PRP$ NN VBZ VBG VBN RB IN DT NN IN DT NN PRP MD VB PRP IN DT NN IN NNS RB RB , '' PRP VBD . NNP VBD IN PRP VBD JJ NNS IN DT NN IN NN NNS IN DT JJ NN IN NNP , WDT VBD VB IN DT NN IN JJ NN IN NN NN NNS . IN DT NN , PRP VBD , `` NNS VBD JJ , CC PRP VBP NNS VBD VBN . '' `` RB RB DT , PRP VBD VBN TO VB DT NNS IN JJ NNS IN DT JJ NN NNS , RB RB PRP$ NNS CC NNS IN DT NNS NN VBP VBG NN HYPH VBN NNS IN JJ NNS WDT VBP RB VBG DT JJ NN WDT DT NNP HYPH JJ NN NN MD VB PRP , '' PRP VBD . NNP RB VBD IN DT NN VBZ TO VB DT JJ , RB HYPH VBN JJ NN NN VBG IN DT NN . IN CD , PRP VBD , DT NN NN MD VB IN DT JJ NN RBR DT NN TO VB `` DT JJS NN IN JJ NN . '' `` PRP$ NN IN NN VBZ VBG , '' NNP VBD IN PRP$ VBG NNS . `` IN PRP VBP TO VB DT JJ VBN NN , VBN IN NN , PRP VBP DT NN MD VB RB JJR CC VB VBN , VBG JJ NN CC NNS . '' NNP CC NNP NNPS NNP NNP NNP , WP NNP VBZ VBD PRP$ NNS IN DT NN POS NN , VBD NNP POS NN VBZ JJ . `` NN PRP VBZ VBG IN VBD VBN . NN PRP VBD IN VBD VBN , '' NNP VBD NNS IN DT NNP NNP NNP NNP . `` DT JJ NN . '' NNP VBD IN NNP , WP VBD PRP VBD VBN DT IN NNP POS NN . `` PRP VBZ IN DT JJ , JJ NN WP , RB , VBG IN DT NNS , VBD RB VB DT RB JJ NN , '' NNP VBD . VB DT NNP NNP NN IN JJ NN CC NNS IN DT NN NN NNP , WP IN JJ NN VBD NN JJ NN IN NN CC JJ NNS IN NN CC NN , RB RB IN NN IN DT NNP NNP NNP CC NNP NNP , VBZ IN PRP VBD VBN IN IN DT JJ NN NN NN IN VBG RB IN `` NNS TO VB RB JJ NNS VBN IN DT IN JJ NNS . '' PRP VBZ VBN DT NN NN IN NNP VBG TO VB PRP$ NN IN DT NNP NNPS IN NNP CC VB PRP$ JJ NN RB . DT NN VBD IN DT NN NNP NN IN PRP `` RB VBZ IN DT NNS CC NNS '' IN NNP POS NN , WDT PRP VBD VBZ VBN IN CD HYPH VBN NNS CC NN . NNP VBD NNP IN DT `` JJ NN '' IN NNP RB IN PRP$ NN . `` PRP VBP RB VB DT RB HYPH VBN NN NNP NNP , RB VBD PRP CC RB VBD IN PRP , CC IN PRP PRP VBZ DT JJ NN , RB VBN CC VBN IN NNS PRP VBD IN CC WP , IN PRP$ NN , MD RB RBR VB VBG IN PRP$ NN . '' NNP VBD NNP NN . NN -LRB- NNP CD , CD , CD NN -RRB- : DT NN NN IN DT JJR NN IN DT NN VBD DT NN IN WDT NNP NNP NNP VBD . PRP VBD IN DT NNP NNP CC NNP NN IN NN , RB DT JJ NNP CC NNP NNP ."
784,247,mainstream,"NNP : DT NN IN NNS IN NNS IN NNP POS NN HYPH CD NN VBD DT NN IN PRP MD RB VB DT NN IN RBR JJ NN , CC IN CD NN MD VB NN IN DT JJ NN , VBG IN JJ NNS VBN NNP . JJ NNS IN DT NN IN NN : DT JJ NN IN DT JJ NN WDT VBZ NN HYPH CD : VBZ NNS IN DT NN IN NN MD VB DT JJ NN IN VBG RBR JJ NN WRB DT VBN NN VBZ RBR VBN IN DT NN , RB IN NNS WP VBP RB VB DT RB JJ JJ NN . NNS VBP VBN DT NN IN DT NN TO VB IN NNS MD VB RB VBN IN NNS IN JJ NNS . IN DT NNS VBN IN DT NNP NNP NNPS IN NNP CC NNP NNP -LRB- NNP -RRB- CC NNP VBD DT NN , DT NNS VBP RB RB VB DT NN . `` DT VBZ DT JJS NN IN JJ NN , '' VBD NNP NNP NNP , DT NN CC NN NN IN DT NNP NNP WP VBZ VBN DT NN , WDT VBZ RB TO VB NN NN . NNP VBD DT NN VBD JJ CC JJ CC IN DT NNS IN NNS VBN VBD JJ . DT NNS VBD PRP VBP VBN DT NN IN DT JJ HYPH NN NN . NNP POS NN VBZ IN NN NN IN JJ NNS . NNP VBD NNP IN PRP VBZ TO VB JJ HYPH NN NNS VBG CD NNS IN NNP . IN DT NN NNS , NNS VBD CD CC CD NNS IN DT NN IN NNS IN NNP POS NN , VBG NNS VBN RB JJ RB TO VB DT JJ NN NN . NNS RB VBD DT NNS IN DT NN . JJ NNS VBP `` JJ JJ '' NN NNS VBP RB VB WP VBZ VBN IN NN HYPH VBN VBN JJ NN , DT NN IN RBR JJ NN IN DT NNS . `` JJ NNS VBD RB JJ NNS IN VBN NN VBG -LRB- NN -RRB- , '' NNP NNP NNP IN DT NNP NNP NNP IN NNP CC NNS VBD IN DT NN , VBN IN DT NNP NN . JJR NN VBD DT NN VBZ NN NNS TO VB DT NN IN VBG NNS . DT NN RB VBD TO VB IN NN IN DT NN IN DT NNS CC NNS IN NN IN JJ NNS , DT NN VBD . PRP VBD DT NNS WDT VBD RB CD NN IN NN IN DT NN CD NNS RBR VBD `` RB VBN IN NN JJ NN , '' VBG DT JJ NN VBD DT NN IN VBG IN DT NNS . `` IN JJ NN , PRP VBZ JJ IN VBG VBG NN NN IN NNS , '' NNP NNP NNP , DT NN IN NNP NNP IN NNP , VBD IN DT NN . PRP VBD RB VBN DT NN IN NN . NNP , WP VBD RB VBN IN DT NN , VBD DT NN VBZ RP `` JJ NNS '' WDT MD VB NNS VB DT NN . `` DT NNS , JJ IN PRP VBP VBN , VBP JJ NNS WDT VBP JJ . NFP DT VBZ TO VB VBN CC PRP VBZ TO VB NN HYPH VBN , '' PRP VBD ."
785,758,mainstream,"NNP , NNP . -LRB- NNP -RRB- : DT NNP NNP IN NNP VBZ VBG TO VB DT NN POS NN NNS IN VBG $ CD IN NNS VBG DT NN IN NNS . DT NN NN VBD RP DT NN JJ NN VBG IN DT NN NN TO `` VB CC VB NN NN '' VBG NNS . DT NN VBZ VBG TO VB $ CD IN NN NNS CC $ CD IN NN NN NNS VBG DT NNP CC VBG IN NNP CD . IN NNP VBZ TO VB JJR NN NNS IN DT JJ JJ NN , DT NN VBZ JJ IN DT NN IN NNS WP VBP VBN PRP$ VBN NNS . JJ NN , DT NN VBD DT JJ NN VBG NNS '' VBP RB VB NN '' CC VBP `` VB NNS '' IN NN IN DT NNP NN WP VBD IN NN NNS MD VB NN ."
786,457,mainstream,"NNP NNP POS VBN CD HYPH NN NN TO VB DT NNP NN IN NN VBZ VBN VBN IN DT JJ JJ NN : PRP VBZ JJ TO VB DT NN . IN PRP VBP TO VB IN NNP VBZ , PRP MD VB DT NN TO VB PRP , CC NNS MD VB JJ IN VBG PRP$ NN IN DT JJ NN . IN , RB , PRP VBP TO VB IN PRP VBZ RB VB , PRP VBZ RB VB WRB JJ NNS PRP VBP RP NNS VBG IN PRP VBZ RB , EX VBZ RB DT NN IN DT NN MD VB PRP$ NN IN DT . IN NNP VBD PRP$ JJ NN IN DT NN NN TO VB PRP$ CD NN IN DT NNP , NNS IN NNS VBD TO VB PRP$ NNS : IN NN . DT NN RB VBD NN CC VBZ VBN VBN IN CD NNS RB . DT NN IN DT NN NN NN VBD VBG NN IN NNS VBZ CD IN DT RBS JJ IN NN . NNS VBG IN TO VB PRP$ NNS VB TO VB DT NN IN NN . IN VBN , DT NN VBZ RB JJ TO VB . IN DT NN NNP VBZ VBN PRP IN DT NN IN NN IN DT NNS VBN IN PRP IN JJ NNS VBG IN DT NN IN PRP$ NN POS NN . PRP$ NN IN PRP MD VB VBN IN NN NN VBN IN NNS POS JJS NNS IN DT NN IN VBG NNS POS VBG NN NNS IN RB JJ NNS . IN DT NN PRP VBD TO VB VBN IN DT NN TO VB NNS . IN DT NN IN PRP VBN IN DT NNP IN CD , PRP VBD : `` IN PRP VBP JJ , PRP MD VB DT JJ NN IN PRP MD VB VBN DT NN . CC PRP VBP TO VB DT NNS PRP$ NNS VBD IN PRP . PRP$ NN VBZ TO VB PRP$ NNS . PRP VBZ DT JJ NN IN PRP . '' CC PRP$ NN TO VB DT JJ JJ NN VBD RP TO VB DT NN . PRP VBD VBN IN PRP VBD NNS IN DT NNP NNP NNP -LRB- IN PRP$ NNS WP VBD VBG DT NN NNS -RRB- IN WP DT NNP VBD DT `` JJ NN IN NN '' , VBD TO VB NNS IN DT NN DT NNS VBD VBN CC , RBS RB IN DT , VBD JJ CC JJ NNS IN JJ NNS WDT VBD IN DT NN IN PRP CC RB IN PRP$ NN . PRP VBD DT JJ NN IN CD WRB DT NNP VBD DT JJ NN IN PRP$ CD NN -LRB- PRP VBD RB VBN IN CD IN DT NNP NNP NNP NN -RRB- . PRP VBD DT JJ NN IN CD , WRB PRP VBD VBN JJ IN JJ JJ NN IN DT NNP CC VBN RP DT JJ NN . CC PRP VBZ JJ . DT NNP NN VBZ VBN JJ IN DT NNP IN CD , CC DT NNP VBD PRP VBD VBN NNS JJR IN DT NN RB . DT VBD DT NNS VBG IN DT NN MD VB VBN VBN IN RB , CC EX VBD JJ CC DT NN IN JJ NN . CC IN CD DT NN IN JJ NNP WDT VBD IN NNP RB VBD TO VB JJR IN CD NNS . DT NNP NNP NNP VBD IN DT NN IN NN NNS WRB JJR IN CD NN NN IN NNS VBD RB VBN VBD JJR IN VBN IN CD CC CD . NN VBZ PRP$ NNS . DT NN IN JJ NN VBZ VBN IN NNS WP VBD RP IN JJ JJ CC JJ NNS . VB IN NN CC NN : DT NN WDT VBD NNS TO VB IN DT RB VBN NNS IN DT NN NN . CC DT JJ CC JJ NNS VBP RB VBN IN DT WP VBD PRP VBD IN IN NN CC WP$ NNS RBR VBD . DT NN IN NNP VBZ IN IN DT NN IN NNS VBD TO VB PRP NN , NNS VBD TO VB RB . DT JJ JJ NN VBZ EX VBZ DT NN NN IN DT NN NN . PRP$ NN VBZ VBN VBN , PRP VBD PRP$ NN IN DT NNP , PRP$ NN TO VB NN VBD VBN CC PRP$ NN VBZ IN NNS . CC RB PRP VBP HYPH VBZ NNP : CC DT NN : VBG PRP$ JJ NNS ."
787,249,mainstream,"IN DT JJ JJ NN , EX VBP DT JJ NNS IN NN HYPH CD NNS IN NNP NNP . PRP VBZ IN CD . CC DT NN IN VBN CC JJ NNS VBZ CD . EX VBZ CD JJ VBN NN CC DT NN VBZ RB CD CC EX VBP RB CD VBG JJ NNS IN NN SYM CD . EX VBP DT JJ NNS TO VB . CC , RB , EX VBZ NN IN NN IN NNP HYPH CD VBG DT NN IN DT NN IN NNP NNP . NN , PRP$ NNS VBD CD NNS . RB PRP$ JJ NN IN NNS VBN IN NN IN NNP NNP VBZ CD . RB DT NN IN DT NNP NNP NNP NN , EX VBP RB CD NNS IN DT , DT NN IN CD IN NN . RB TO VB NNS , IN RB NN , WDT VBZ PRP$ IN HYPH IN HYPH NN NN NNS IN DT NNP IN NNP VBZ RB JJ IN CC PRP CC IN PRP CC PRP$ JJR NNS . RB PRP VBP TO VB TO VB DT NN . EX VBP RB RB CD NN NNS JJ IN NNS IN NNP NNP , VBG DT JJ NNP NNP NN NN CC DT VBP DT NNS WDT VBP IN DT NNP NNP NN NN . PRP VBP VBG DT NN NN VBN NN IN NN NN CC JJ NN . PRP VBZ PRP IN NN IN NN IN DT VBN NN NN , IN JJ JJ NNS , CC IN NN IN NN IN JJ JJ NN IN JJ NNS . PRP VBP RB JJ TO VB JJ TO VB DT NN IN PRP$ NN JJ NN RB PRP VBZ JJ IN PRP$ JJ NN CC PRP VBZ VBN IN PRP VBZ VBN IN PRP$ NN . PRP VBP VBN IN DT NN IN NN CC NN IN NNS IN DT NN . RB , IN DT JJ NN , RB IN NN NN CD , PRP RB VBD , CC PRP MD RB VB , EX VBD JJ NNS RB NN CC VBG TO VB DT JJ NN CC JJ NN TO VB DT NN IN VBG RB . IN JJR NN IN DT NNS , PRP VBP TO VB , PRP VBD CC JJ CC RB JJ . RB EX VBZ RB JJR NN IN DT NN IN NN NN CD , CC PRP MD VB NNS TO RB VB CC VB IN DT JJ NN IN PRP$ NNS . PRP VBP PRP VBZ VBG RBR JJ IN JJR CC JJR NNS , RB DT NNS , CC IN PRP MD VB DT JJ NN CC VB PRP IN PRP$ NN , RB IN JJ NNS , IN PRP VBZ NN , NN CC IN DT NNS , DT MD VB PRP VB RB IN NN . WP PRP MD VB VBZ PRP$ JJ NNS VBG JJR NN IN NN CC NN TO VB PRP JJR . PRP VBP DT NNS IN VBG DT . PRP RB VBP NNS TO VB DT JJS IN DT . RB PRP MD VB , VB TO VB , IN PRP VBP VBN , IN DT NNP IN NNP , IN DT NNS IN NN CC NN WRB EX VBZ NN HYPH CD CC RB . NN : MD PRP VB JJ IN DT NN VBG IN NN CD RBR IN DT NN RB . NNP NNP NNP : DT NN PRP VBP VBN , CC DT VBD DT NN IN DT NN NN , CC PRP$ NN IN NNP VBD IN RB IN DT TO VB DT NN NN RP IN CD CC RB HYPH NN RP IN CD CC RB VB IN JJ NN NN CD IN DT NN IN CD NNS IN VBG IN NN NN CD . CC PRP VBP RB JJ IN DT NNP NNP VBD IN NNP PRP MD VB VBG DT NN NN NN NN HYPH NN NN NNS IN NNP CD . DT JJ NN VBZ IN NN . NN : WP WRB VBP PRP VB TO VB IN NN NN CD IN RB RB . NNP NNP NNP : DT JJ NN VBZ PRP VBP TO VB JJ IN DT JJ NN IN NNS VBZ PRP$ NN NNS VBP JJ CC JJ RB IN VB IN DT JJ NN IN DT NN IN NNP CC , CC JJR NNS VBG IN DT NN . NN : VBP PRP VBN NNP NNP DT NN VBD PRP MD VB IN NN CD RB CC VB DT NNP HYPH NNP NN VBN . MD DT VB DT JJ NN IN DT NN . NNP NNP NNP : PRP MD VB IN DT NNP NNP NNP POS NNS . WP PRP MD VB VBZ IN PRP VBP VBG RB IN WDT NN NN CD MD VB IN . CC RB RB , CC RB VBN RB RB IN DT NN NN , NNS , JJ NNS CC IN NN PRP$ NNS IN NNP , IN WP MD VB TO VB IN NN TO VB DT NNP HYPH NNP NN , DT JJ NN VBZ WDT MD VB DT NNS VBP NN IN DT NN . NN : DT MD VB DT DT NN RB , IN NN , NN , JJ NN . NNP NNP NNP : IN PRP VBP , PRP VBZ NN RB IN NN CC PRP MD VB NNS IN NNS IN DT NNS IN DT NNP HYPH NNP NN MD VB RB . PRP$ NN VBZ TO VB RB JJ NN IN WP VBZ TO VB IN NN CC IN NNS IN DT NN IN NNS IN DT NN CC RB IN DT NN CC IN NNS TO VB VB JJ EX VBD DT NN IN NN IN DT NNS IN NNS . NN : PRP VBP IN DT NN HYPH NN VBZ VBN VBN . VBZ DT DT NN . WRB VBD DT NN VBN . NNP NNP NNP : EX VBD DT NN IN DT JJ NN CC NN DT NN IN NNS RB , WDT VBZ DT NN IN PRP$ NN . PRP VBP VBN IN JJ NN IN PRP$ JJ JJ NN NNS , VBG PRP$ JJ JJ JJ NN . EX VBZ RB DT JJ NN IN DT IN DT NNS CC DT NN IN DT NN VBZ RB IN PRP$ JJ NN , WDT VBZ RB TO CC VB CC VB JJ NN IN NNS , VBZ DT JJ NN IN DT NN IN NN . CC PRP VBP RB VBG , VBG DT . PRP MD VB DT VBN NN JJ IN DT JJ NN CC CD . NN : VBP PRP VBN PRP$ NN IN VBG NNS IN NNS IN JJ NN . NNP NNP NNP : UH , PRP VBP RB . DT NN IN NNS VBZ TO VB VBN IN DT NN IN DT NN PRP VBP IN RB RB , NN NN CD VBG TO VB NN CD IN DT JJ JJ NN IN HYPH DT HYPH NN IN DT JJ NNS CC DT NN IN NN NN . DT VBZ DT NN WDT MD VB NNS JJ IN IN JJ NN . NN : DT VBP PRP MD VB TO VB JJ NNS WP VBP TO VB IN DT NNP IN NNP POS NNP NNP TO VB JJ TO VB DT NN . VBP PRP VB PRP VBZ JJ TO VB DT NNS VB RB IN PRP VBP VBG TO VB IN NNS . NNP NNP NNP : DT VBZ DT NN IN NN IN NN , NNS VBP VBG , PRP VBP VBN IN PRP , VBN IN PRP$ NN NNS . DT JJ NN VBZ , DT NN VBG IN DT NN , EX VBZ VBN NN IN DT JJ NNS IN JJ NNS WP VBP VBN RB IN DT JJ JJ NNS IN DT JJ NNS NN , NN WP VBZ IN DT NN VBZ TO VB RB IN DT NN WDT VBZ IN DT CD HYPH NN NN CC VBN NN , IN IN RB JJ NNS PRP MD VB RB JJ DT NN VBZ JJ . UH , DT VBZ VB RP DT NN IN JJ NNS VBG IN DT NN CC PRP MD VB TO VB JJ IN PDT DT NNS VBD IN NN TO VB RB RB . NN : WDT NN NN MD DT NN VB TO VB IN IN PRP TO VB JJ TO VB DT NNP HYPH NNP NN . NNP NNP NNP : PRP VBP DT VBZ VB IN DT NNS VBG DT NNS VBP JJ TO VB VBN IN DT JJ NN . PRP VBP PRP VBD DT IN NNP , PRP VBZ RB JJ IN PRP VBG IN NN NN CD CC JJ IN NN HYPH NNS IN DT NNS VBG IN PRP . NN : VBG RB IN VBG NNS RB IN DT NN , MD PRP RB VB PRP VBP IN NNS IN NNP CC NNP CC MD PRP VB DT NN PRP MD NN HYPH VB IN NN IN PRP VBD RB . NNP NNP NNP : IN DT NN IN NN , IN DT NN VBZ RB JJ IN PRP TO VB DT NN IN IN DT NN , PRP VBP VBG DT NN IN PRP VBZ , CC , NN CC VBN NN IN CD IN DT NNS WDT VBP JJ IN NNP CC NNP . NN : VBZ VBZ DT DT JJ NN , VBZ DT DT JJ NN EX VBZ VBN DT HYPH CD IN NN IN NNP HYPH CD IN DT NN NN VBD . NNP NNP NNP : PRP VBP PRP VBZ , RB , UH , PRP VBP VBN DT NN IN NNS IN NN . RB DT JJ NN CC PRP VBP DT VBZ DT JJ NN IN DT NN IN NNS PRP VBP RB VBN NN IN NN . DT VBZ DT JJ NN TO VB IN . NN : NN PRP VBD DT NN IN NNS PRP VBD RP IN . VBP PRP VB RP IN PRP DT . WRB JJ VBP PRP VBN RP IN IN NNS IN DT NN NN . NNP NNP NNP : DT NNS IN NN NN PRP VBP RB VB HYPH RP IN . PRP VBP VBN RP IN NNP NNP CC PRP VBP JJ IN JJ JJ NNS . DT RB JJ NN PRP VBP RP IN VBP IN NNS IN RB JJ NNS , IN EX VBD DT NNS IN NNP WP VBD TO VB DT RB HYPH VBN `` NN '' NN RB IN NNP . CC CD PRP VBD NN WP VBZ RB TO VB NN HYPH NN NNS . DT NNS IN JJ NNS VBP RB NN PRP VBP RP IN . RB , PRP VBP TO VB IN DT RB JJ JJ NN NNS IN NN IN NN RB . PRP , NN JJ . PRP VBP DT CD HYPH NN NN NN . NN : VBP PRP VB WRB JJ VBP VBN VBN RP IN . NNP NNP NNP : IN DT JJ NN . NN : IN DT . NNP NNP NNP : PRP VBP VBN RP IN IN DT NN . PRP MD VB DT VBP NNS WP VBP RB VB TO VB DT CD HYPH NN NN , VBG PRP VBP VBN DT NN IN NNS . IN DT NN IN DT JJ NN , PRP VBZ RB IN CD CC CD CC NN NNP VBZ DT NN WP MD VB DT JJ NNS RB . NN : IN DT NN IN VBG JJR NNS IN , DT IN DT NNS WDT DT NNS VBP VBG RB RB IN VBG WRB PRP VBP RB . NNP NNP NNP : RB IN DT NN IN NN . CC DT VBZ NN PRP VBP VBG IN . PRP MD VB TO VB NN IN DT NN NNS IN DT HYPH IN DT NN , WRB PRP VBP VBG IN HYPH JJ , IN DT NN IN WRB PRP VBP VBG IN CC VB JJ PRP VBD VBG DT JJ JJ JJ NN NNS PRP VBP IN NN RB . PRP VBZ NN PRP VBP VBG IN DT NN . NN : VBZ DT NN PRP MD VB IN IN NN IN RB VBG DT NN CC NN NN CC NN IN PRP VBP VBN TO NN HYPH VB CC , CC NN IN PRP$ NN IN NN IN VBG IN NNP NNP CC RB PRP MD VB RB IN PRP$ NN . NNP NNP NNP : UH , DT VBZ RB DT NN . DT NN , PRP VBP VBG DT NNS VB DT , VBZ VBG NN IN NNS VBP IN PRP$ NN NN IN DT JJ NN . CC DT VBP NNS . CC IN DT NN IN NN , PRP VBP RB VBG DT IN DT NNS CC PRP VBP NNS IN DT NN . NN : VB IN DT NN POS NN IN NN NNS RB VBZ RB UH , MD PRP VB WDT NNS VBP VBN IN NN IN NN . NNP NNP NNP : UH , PRP VBP RB VB WDT NNS VBP VBN DT CC PRP MD VB DT NN . NN : PRP MD VB VBN NNS VBG JJ NNS IN DT NN , NN NN . VBZ DT VB DT NN IN NNS VBG DT NNS . NNP NNP NNP : PRP VBP RB VBG NNS IN VBG PRP . IN PRP VBP VBG TO VB DT NN CC NN VBG , VB WRB TO VB DT RB . PRP VBZ PRP RB RBR JJ TO VB JJ NN NN . IN DT VBZ WRB DT NN IN VBG NN NNS MD VB , IN VBG JJ NNS CC RB VBG DT NN . PRP VBP VBN NNS WRB NN NN NN MD VB VBN VBN IN HYPH IN JJR IN CD NN PRP VBP PRP VBZ IN VBN NNS RB IN PRP VBD VBG JJ NN . PRP MD VB DT NN IN NNS VBG JJ NN NN IN VBG DT NN VBG CC RB . NN : VBP PRP JJ IN WRB NN NNS VBP IN . PRP VBZ VBN RP IN DT JJ NN IN NNS . VBZ DT TO VB VBN . NNP NNP NNP : RB IN DT , PRP RB VBP DT NN IN DT NN CC DT VBZ TO VB RP IN DT NNP CC NNP NNS . PRP VBZ VBG RP RB , PRP VBP , NN . PRP VBD CD NNS VBN NN . UH , PRP MD VB TO VB DT NNS VB RP IN , IN CD NNS . RB IN DT , IN DT JJ NN IN NNS PRP VBP VBN VBG IN NNS IN NNS . PRP VBP TO VB DT , CC DT VBZ IN DT JJ NN IN DT NN WDT VBZ VBG . NN WP VBZ DT NN NN IN PRP$ NN , WDT VBZ RB JJ RB . CC RB , PRP VBD VBG DT NN IN NN TO VB CC VB IN EX VBD DT VBN NN RB RB IN DT NN . RB IN PRP VBZ JJ PRP RB , PRP MD VB VBG DT NN IN DT NN IN DT NN IN DT VBZ DT NN WRB PRP MD VB DT JJS NN . EX VBZ DT RB JJ NN VBG VBN IN IN WDT CD PRP VBZ VBN IN NN CC VBN MD VB IN NN IN CD NNP . PRP VBZ VBG NNS CC VBG IN DT NN IN DT NN IN JJR NN RB . NN : IN IN PRP$ NN IN VBG NN HYPH CD , VBZ PRP VBG TO VB PRP$ NNS IN EX VBZ DT NN VBN RB , MD PRP VB PRP$ NNS IN VBG DT NN IN PRP VBP DT NN IN VBN IN VBG RB CC VBZ RB VB PRP RB RB IN JJ NNS . NNP NNP NNP : PRP MD RB VB RB . PRP VBZ RB DT JJ NN RP , IN DT NN . RB , IN PRP MD VB VBN IN DT NN NN WDT VBD VBN RBR IN DT NN PRP VBP DT NN IN NNS IN DT NN RB TO VB JJ IN PRP VBP NN IN DT NN RB RB IN PRP VBZ JJ , CC RB VBG IN VBG JJ IN PRP MD VB PRP$ NN . NN : VBG IN WP PRP VBD VBG RB , JJ NN IN DT NNS , VBZ DT VB PRP MD VB JJR NNS VBG IN DT NNS . NNP NNP NNP : UH , RB IN IN PRP VBP VBG JJR NNS VBG IN DT NNS WP PRP VBP VBG IN VBZ IN PRP RB VBP NN VBG IN DT NN IN DT NN IN PRP$ NN NN . CC RB , PRP VBZ IN NN IN NNS WP VBP VBG IN DT NN , CC IN NNS CC NNS , CC IN DT NN NNS . RB DT MD VB WRB DT NN IN PRP$ JJ NN MD VB . NN : RB IN NNS , WRB VBZ DT NN VB IN DT NN . NNP NNP NNP : EX VBP DT NN IN NNS IN JJ NN VBP IN IN JJ NN CC IN JJ JJ NNS IN DT JJ NN VBZ JJ VBG IN DT NN IN IN DT NNS VBP DT JJ NNS IN DT NN IN NN . CC PRP VBZ RB CD IN DT NNS WDT VBZ IN JJ NN . NN : CD NN IN PRP$ NNS NN . DT NNP NNPS VBP VBN VBN IN DT NN IN JJ NN . VBP PRP VB DT NN MD VB JJ IN DT NN , CC VBP PRP VB DT NNPS MD VB RB IN EX VBZ RB DT NN CC PRP VBP VBG TO VB NNS IN NNS RB . NNP NNP NNP : PRP VBP VBN TO VB JJS NNS CC PRP VBP RB VB PRP MD VB DT NN NNS IN DT JJ NN . PRP VBP JJ . UH . VBP PRP RB RB , NN ."
788,446,mainstream,"DT NNP IN NNP NNP -LRB- NNP -RRB- VBZ DT NN NN IN DT NNP CC NNP NNP -LRB- NNP -RRB- . PRP$ NNS VBP JJ HYPH VBG NNS CC NNS IN JJ NNS IN NN IN RB IN DT NN . RB VBP NNS CC NNS IN NN NNS CC PRP$ NNS IN JJ NNS IN DT NNP HYPH CD NN . DT NNS CC NNS VBN RB VBP DT IN DT NNS CC VBP RB RB VB DT IN DT NNP NNPS NNP . DT NNS CC NN VBN MD RB VB IN NNP NNPS NN CC VBP RB VB DT NN IN DT NN RB IN DT NN IN DT NNP . NN NN CC NN IN NNP DT NN VBZ NN IN NNS IN DT NN CC NNS IN JJ NNS IN DT NN HYPH CD NN CC DT NNS CC NNS PRP VBZ IN NN NN CC NN . VB DT JJ NN RB : ADD NNP NNP NNP CC NNP NNP : VBG NNS CC DT NNP NN VBN IN NNP NNP IN CD NNP CD VB DT NN RB : ADD NNP NNP CC NNP NNP HYPH NNP : VBG RP IN DT NNP NNP : DT NN IN JJ CC NN NN IN DT NN HYPH CD NNS VBN IN NNP NNP IN CD NNP CD VB DT NN RB : ADD NNP NNP CC NNP NNP : DT JJR JJ HYPH NN NNS VBN IN NNP NNP IN CD NNP CD VB DT NN RB : ADD NNP NNP -LRB- IN NNP IN NN IN DT NNP NNP IN NNP NNP CC NNP -RRB- : NNP , NN CC NN , DT NNP NNP NNP IN NNP POS NN VB DT NN RB : ADD VB DT NN IN NNP RB : ADD NNP NNP : DT NN IN DT NN NN NN IN NN NNP IN CD NNP CD IN DT RB JJ NN HYPH CD NN VBZ DT JJS NN IN DT NNS TO VB CC VB PRP$ NNS , VBG CC VBG PRP MD VB JJ RP HYPH JJ NNS CC DT JJ NN IN WRB PRP VBP IN NN . VB DT NN RB : ADD NNP NNP : NNS IN DT NN : NNS IN NNP CD NNP NN VB IN DT NN RB : ADD NNP NNP HYPH NNP : DT NN MD RB VB DT NN IN NN MD VB PRP VBN IN NNP NNP NNPS , NNP CD RB DT NN VBZ NN IN JJ NNS IN DT JJ JJ NN IN DT NN IN NN HYPH CD . CC , VBG DT JJ NN MD RB VB DT NN IN DT NN IN NNS MD VB TO VB IN PRP$ NN , NN CC NN CC VB PRP VBZ JJ CC JJ IN DT , VBZ NNP NNP HYPH NNP , NNP IN NNP NNPS IN DT NNP NNP CC NNP IN DT NNP NNP IN NNP NNP . VB DT NN RB : ADD NNP NNP NNP : VBG NN : NNP POS NN IN DT NN HYPH CD NN VBN IN NNP NNP , NNP NNP IN CD NNP CD VB DT NN RB : ADD NNP NNP HYPH NNP , NNP NNP HYPH NNP , NNP NNP HYPH NNP , NNP NNP HYPH NNP : JJ NN IN NNP HYPH CD CC NNS IN NNP NNP VB DT NN RB : ADD NNP NNP NNP : DT NN IN JJ NN VBN IN NNP NNP IN NNP NNP NNPS -LRB- NNP -RRB- IN CD NNP CD DT NN IN JJ NN VBD RB JJ IN DT NNS IN DT NNP HYPH CD CC DT NNP NNP NNS JJ NN IN NNP NNP IN NN , JJ JJ NN VBZ IN JJ NN IN DT JJ JJ NNS WDT DT VBN NNS : RB DT NNP : VBZ VBN IN NN . DT JJ NNS MD VB VBG CC VBG NNS , IN WDT NN VBZ JJ . VB DT JJ NN RB : ADD `` NNS POS NN '' IN NN MD VB JJ , NNS VBP VBN IN NNP NNP IN CD NNP CD DT NN IN NNP HYPH CD MD VB NN HYPH JJ , VBN IN NN CC VBN JJ IN DT NN IN NNS RB , CD JJ NNS CC JJR IN CD JJ NNS , VBG CD JJ NN NNS , VBP VBN IN DT JJ NN . VB DT NN RB : ADD VBG IN DT NNS POS NN IN NNP HYPH CD , NNP NN CD NNP CD , NNPS VBP NNP NNP , NNP NNP , NNP NNP HYPH NNP , NNP NNP , NNP NNP VB DT JJ NN RB : ADD NNP NNP CC NNP NNP : WRB TO VB DT NN HYPH CD NN IN DT VBN IN NNP NNP IN CD NNP CD JJ NN NNS , JJ NN NN , CC DT JJ , RB JJ NN MD VB JJ IN VBG NNS IN NN HYPH CD . CC VBG IN DT NN VBZ VBN RB VBZ RB RB JJ JJ NN , CC RB DT RB JJ NN IN NN . VB DT JJ NN RB : ADD NNP NNP : NN CD CC NN NN : PRP MD VB IN DT NNS VBN IN NNP NNPS NNP NNP IN CD NNP CD VB DT NN RB : ADD NNP NNP NNP CC NNP NNP : NNP HYPH CD CC DT NNP NN VBN IN NNP NNP IN CD NNP CD IN NNS IN VBG NNP HYPH JJ NNS , RB PRP VBZ RB JJ IN DT NNP HYPH CD NN VBZ VBN NNS JJR . CC IN DT NNS VBP DT JJ HYPH JJ NN IN PRP$ JJ NNS , PRP MD VB IN NN VBZ DT JJS NN RB . VB JJ NN RB : ADD NNP NNP CC NNP NNP : `` NNP NN '' : NNP POS JJ NN TO VB NNP VBN IN DT NNP NN IN CD NNP CD VB DT NN RB : ADD NNP NNP CC NNP NNP NNP : DT NNP HYPH CD NN : WRB VBN VBP DT JJS VBN NNS . VBN IN NNP NNP NNPS IN CD NNP CD VB DT NN RB : ADD NN : NNP , CD CC JJ NN VBN IN DT NNP NNP NNP NNP NNPS IN NNP NNPS IN DT NNP NNP . VBN IN NNP NNP HYPH NNP , IN DT NN IN NNP NNP , NNP NNP , NNP NNP , NNP NNP CC NNP NNP NNP , NNP CD , CD SYM CD NN NNP NN RB : ADD NNP NNP VBZ DT NNP IN NNP CC NNP NNP IN NNP NNP NNP IN DT JJ NN NNP NNP , DT JJ NN IN VBG JJ NNS IN JJ NNS IN JJ CC NNP NNP . JJ NN VBZ VBN TO VB NNS IN DT NN IN JJ NNS , VBG TO VB DT RB VBN , JJ CC RB JJ NN IN DT NN NN IN DT NNP HYPH CD NNS , RB RB IN DT NNS CC NNS NNS IN DT NN VBP TO VB PRP . DT NN VBZ NNP , NNP , NNP , NNP , NNP , NNP , CC NNP , IN NNP VBZ VBN IN DT NN NN . ADD NNP NNP : DT NN IN NNP HYPH CD IN NNP POS NN CC NN VBN IN NNP IN NNP NNP NNP NNP NNP -LRB- NNP -RRB- IN CD NNP CD DT NNP HYPH CD NN VBZ PRP$ JJ CC JJ NN IN DT NN CC VBZ DT JJ JJ NN IN PRP$ NN . IN NNP , DT VBZ DT NN NN WP$ NN MD VB VBN IN NNS TO VB . VB JJ NN RB : ADD NNP NNP : NNP HYPH CD IN NNP : DT NNS IN NN NNS VBN IN NNP IN NNP NNP IN NNP IN CD NNP CD NN , NN CC NN VBP JJ NNS VBG IN DT JJ NNS IN NN HYPH CD IN DT JJ NNS . NNS IN JJ NN NNS , NN NN CC JJ JJ NNS VBP DT RB JJR IN DT JJ NN CC JJ NN . NNP HYPH CD VBZ DT JJ NN NN IN NNP . VB JJ NN RB : ADD NNP NNP CC NNP NNP NNP : JJS VBN NNS VBG NN , CD : NN CC NN VBN IN NNP HYPH NNP NNP NNP CD DT VBG JJ NN IN JJ NN NNS MD VB JJ IN DT NNPS , VBG PRP RBR RB IN PRP$ NN IN DT NNP NNP NNPS -LRB- NNPS -RRB- . RB , JJ NN NN IN DT NN IN NN CC NN IN DT JJ NN MD VB DT NN IN DT NN IN NN RB RB IN VB DT NN IN DT NN . VB JJ NN RB : ADD NNP NNP : NN IN DT NNS IN DT NNP HYPH CD NN CD NNP CD VBN IN DT JJ NN , DT NN VBZ DT JJ NN IN VBG DT NNS IN DT NN HYPH CD NN . PRP VBZ DT NN IN DT NN IN NN IN NN , RB RB IN IN NNS VBG NNS IN NNS CC VBG JJ NN TO VB JJ NNS RB . VB DT NN RB : ADD NN IN DT NN IN DT JJ HYPH NN NNP NNP -LRB- NNP -RRB- JJ NN , CD CD NNP CD NNP HYPH CD VBZ DT JJ NN IN DT NN IN JJ NN , IN DT NN IN DT NN VBZ RB RB JJ IN DT RBS JJ NN CC NN VBZ , CC IN IN DT NN IN JJ NN , PRP VBP VBG NN NNS IN JJ NNS : JJ , JJ CC JJ . VB DT JJ NN RB : ADD NN : DT JJ JJ NN IN DT NN , CD NN VBN IN NNP NNP CC NNP . VBN IN NNP NNP , IN DT NN IN NNP NNP , NNP NNP , NNP NNP , NNP NNP , NNP NNP NNP NNP , NNP CD , CD IN CD NN NNP NN : ADD NNP NNP NNP , NNP NNP NNP , CC NNP NNP NNP : `` VBG DT NNP HYPH CD NN NN IN DT NNPS '' CD NNP CD DT NNP HYPH CD NN VBZ RB DT JJ NN WDT VBZ RB VBN IN JJR CC RBR JJ JJ CC JJ NN IN DT JJ NN IN CD SYM CD . DT JJ CC JJ NN VBZ VBN WDT VBZ DT NN CC VBZ DT JJ NN RB IN DT NN TO VB DT NNPS CC DT NNP NNP NN . DT NN MD VB DT NN IN DT JJ NN NNS IN DT NNP NNP NNP -LRB- NNP -RRB- CC DT NNP NNP . VB DT JJ NN HYPH NN RB : ADD NNP NNP NNP CC NNP NNP : `` DT NNP CC NNP NNP IN NNP NNP : CD NNS '' VBN IN NNPS RB IN CD NNP CD IN NNS VBP DT NN , JJ NNS VBP JJ TO VB IN JJ NNS . VB DT JJ NN RB : ADD NNP NNP HYPH NNP , NNP NNP CC NNP NNP NNP : `` VBG NN NNS TO VB NNP HYPH CD '' VBN IN NNP NNP IN CD NNP CD CC JJ CC VBG NNS RB VBP JJ HYPH NN NN TO VB VB JJ NN CC NNS IN DT JJ NN . RB , JJR IN CD NN NNS IN DT NN MD VB DT JJ NN IN VBG JJ NN , VBG NN , CC NN JJ NN VB DT JJ NN RB : ADD NNP NNP : `` PRP VBP RB IN DT RB . RBR IN PRP VBP '' CD NNP CD DT RBS JJ NN DT NN VBZ VBG IN DT NN HYPH IN HYPH DT HYPH NN NN VBZ WRB JJ PRP NNS VBP . PRP VBP IN DT JJ NN IN DT NNS , CC VBP JJ RB IN NN VBZ VBN IN JJ NNS . PRP VBP DT JJ JJ NN NN IN JJR NNS CC NNS RB IN DT NN IN PRP$ JJ NN . VB JJ NN RB : ADD NNP NNP : `` NNP POS NNP NNP '' VBN IN NNP NNP IN CD NNP CD IN DT CD JJ NN , PRP VBD DT JJ NN WP VBZ WRB NNS VBP DT NN IN JJ NN , RB IN VBG DT NN IN DT JJ CC JJ NN . RB IN DT RB RBR JJ NN VBZ JJ , PRP MD RB VB DT JJ NN . VB DT JJ NN RB : ADD NNP NNP : `` NNS CC DT NNP IN NNP NNP CC DT NNP : NNP CC NNP '' VBN IN NNP IN NNP , NNP CD NN DT NN VBZ DT NN NN IN NN CC VBZ DT VBG NNS IN DT NNP HYPH CD NN IN NNS IN DT NN . DT NN VBZ JJ IN NN -LRB- NNP CC NNP -RRB- IN DT NN : ADD NNP NNP , NNP NNP NNP CC CD JJ NNS : `` NNP HYPH CD , DT NN MD VB RBR '' DT JJ NN IN DT NNP NN VBN IN NNP NNP NNP IN CD NNP CD VB DT JJ NN RB : ADD NNP NNP NNP , NNP NNP NNP CC NNP NNP : `` NNP JJ NNP NNPS : DT JJ NN IN VBG DT NNP HYPH CD JJ NN IN VBG NNS '' VBN IN NNP IN CD NNP CD JJ NN , DT NNS VBD RB DT NN IN DT JJ NN IN DT NNP POS JJ NN NNS -LRB- NNS -RRB- IN DT JJ NN TO VB DT JJ NN IN DT JJ NN IN DT NN NN . RB PRP VBP NNS NNS VBP VBN IN DT NN . VB DT JJ NN RB : ADD NNP NNP CC NNP NNP : `` MD NNP VB DT NNP NNP RB IN NNP NNP . '' VBN IN NNPS NNP IN CD NNP CD NNP VBD VB DT NN IN DT JJS IN DT CD HYPH CD JJ NN . CC RB , PRP$ NN IN NNP NNP VBZ VBN IN NN . VB DT JJ NN RB : ADD NNP NNP NNP , NNP NNP CC NNP NNP : `` PRP VBZ NN IN DT JJ NN IN DT NNP POS JJ NN NNPS '' VBN IN DT NNP NNP POS NNP , CD NNP CD DT NN NNS IN DT NNP NNP NNP -LRB- NNP -RRB- MD VB DT NN NN RB RB IN JJ CC VB IN DT JJ NN IN IN JJS $ CD IN JJ NN , IN DT NN IN JJ JJ NN NNS -LRB- NNS -RRB- . VB DT JJ NN RB : NNP NNP NNP : `` DT NNP HYPH CD NN VBZ DT NN TO VB NN RB '' VBN IN DT NNP IN CD NNP CD NNP CD VBZ DT JJ NN WDT VBZ DT NN IN NN CC NN IN DT RB JJ CC VBN NN , CC PRP RB MD RB VB DT JJ . VB DT JJ NN RB : ADD NNP NNP : `` DT VBZ WP DT JJ NN VBZ IN '' VBN IN NNP NNP , CD NNP CD DT VBZ WP DT JJ NN IN NNS VBZ IN : DT NN IN JJ , JJ CC JJ NNS WDT VBP DT NN IN NNS CC NNS TO VB , VB CC VBP . VB DT JJ NN RB ADD CC ADD NNP NNP NNP : `` FW FW FW FW FW FW '' -LRB- IN NNP -RRB- VBN IN NNP NNP , CD NNP CD NNP POS NN IN DT NN MD VB TO VB DT JJ NN TO VB NN NNS . VB DT JJ NN RB : ADD NNP NNP : `` DT NN IN DT NNP CC DT NN IN JJ NN '' CD NNP CD VB DT JJ NN RB : ADD NNP NNP : `` DT NN IN NNP NNP '' CD NNP CD VB DT JJ NN RB : ADD"
789,1147,conspiracy,"NNS IN DT NNP NNP VBD DT NNP NNP NNP -LRB- NNP -RRB- TO VB DT CD HYPH NN NN NN IN DT NNS CC NNS IN VBG DT NN IN JJ JJ NNS IN DT NN NN NN . NN NNS VBP VBG JJ NN NNP NNP NNP NNS VBP IN DT NN NN VBN IN NNP NNP , NN IN DT JJ NN NN VBN NNP . IN JJ NN , NN NNS VBD DT JJ VBN NN IN DT JJ JJ NN VBG PRP$ VBN JJ NN , VBN IN DT JJ NN IN IN NNP CC RB DT NN HYPH IN IN NNS IN NN IN DT JJ NN . NNS VBD IN DT NN NN IN WRB DT VBN NN IN NN NN VBG IN DT NNS NNS VBD PRP$ NN IN DT NN . IN DT JJ NN IN JJ NN VBZ RB JJ TO VB JJ , PRP RB VBZ . IN DT NN HYPH VBN NN IN DT VBG NN NN , DT NNS IN DT NN HYPH VBN NN CC NNS IN DT NNP NN VBP VBG VBN IN DT NN IN JJ JJ NNS VBG NNP NNP . RB RB , DT NN IN PRP$ JJ HYPH JJ NN IN NNP VBZ VBN NN . PRP VBZ RB JJ IN NNS TO VB DT NNS NN NN IN NN JJR IN DT NN . DT JJR NN IN DT JJ NNS IN DT NN NN VBZ DT JJ NN IN DT JJ NN NN IN NNS . DT JJ NNS IN JJ NN -LRB- NN -RRB- NN VBP RB JJ IN DT JJ NN NNS , IN DT JJ NN NN NNS VBD RB RB JJ TO VB DT NNS IN NNS CC NNS . IN DT NNS DT NN VBP , DT NNS VBZ NN IN NN NN : DT NN NN IN NNP VBZ RB IN CD NN . IN JJS , PRP VBZ JJR IN PDT DT , CC JJS IN DT NNS RB VBD IN NN IN NNS RB RB NN . IN NNP VBD JJR IN CD NNS DT NN , IN DT NN DT NNS IN RB IN DT NN CD NNS IN NNP , RB NNS , VBD IN NN IN DT JJ NN IN VBG DT NNS IN DT JJ NN . DT NN IN NNP HYPH VBN NNS RB VBD DT NN IN JJ JJ NNS IN NNP TO VB NN NNS IN DT NNP CD NN NN IN NNS IN DT NNPS IN NNP NNP -LRB- NNP -RRB- IN NNP , NNP . DT JJ NNS VBG IN VBG JJ NNS VBP : NFP NNP NNP , NN IN NNP NNP NNP IN NNP NNP , DT JJ JJ HYPH NN NN IN DT NNP IN NNP NNPS . IN NNP NN NN , NNP VBD NN IN CD IN PRP$ RB JJ NN IN DT NN NN IN IN DT NNP NNP NN NN . IN NN VBZ JJ NNS IN JJ JJ JJ NN , DT NN VBD DT VBN NN IN DT NNS NNP NNP NNP NN VBG DT NN IN DT NNP NN IN NNP NN . IN NNP NN , DT JJ NN VBD VBN IN DT JJ NN IN VBN NNP NNP WRB DT NNP NNP VBD PRP DT NN IN JJ NNP IN DT NNP NNP -LRB- NNP -RRB- . RB PRP$ NN IN JJ NN IN CD POS NN MD VB VBN NN . NNP NNP NNP . NFP NNP NNP , DT JJ NN IN JJ NN IN NNP NNP CC NN IN DT NNP NNP . DT JJ NN VBD VBN IN DT NN IN NNP NNP NNP , DT NNP HYPH VBN JJ NN WP IN DT JJ JJ NN VBD DT NN NN IN NNP . IN CD , NNP VBD DT JJ NN CC VBD RB VBN IN DT NN IN NN IN PRP$ JJ JJ NN . RB RB IN DT NNP CC NNP NNP NNP , NNP NNP VBZ NN NN NN IN DT VBG NN , VBG NNP . NFP NNP NNP NNP NNP , DT JJ NN IN NN NN IN NNP , VBZ DT NN IN DT NNP NNP IN NNP , JJ NNP NN , CC NN IN NNP . PRP$ NN IN NNP NNP CD MD VB JJ IN DT NN IN PRP VBZ IN JJ NNS CC PRP$ NNS VBD RB JJ JJ NNS . WDT DT JJ NNS IN DT NNS IN NN , DT NNP JJ HYPH NN NN VBZ RB JJ . DT NN NN IN NN -LRB- NN -RRB- NN NN CC NN -LRB- JJ JJ HYPH NN NNS IN NN NN -RRB- VBZ JJ NNS WDT VBP DT NN NN IN NN , VBG JJ NN . JJ NN IN NN NN VBZ NN NNS NN WDT MD RB VB JJ NN IN DT NNS CC NN NN . `` VBN IN NN , VB IN NN VBZ DT NN . IN DT JJ NN NNS , EX VBP RB CD JJ NNS IN VBG JJ NNS : HYPH RB , DT NN HYPH VBG NNS MD VB DT NN NN TO VB IN JJR NN , JJ IN WRB NNS VBD NN IN NN IN NN HYPH NN NNS . DT JJ NN RBR JJ IN NNP MD VB RP DT JJ JJ NN . NFP JJ , CD IN DT CD NNS IN DT NNP NN NN VBD VBN RB IN NNS , DT NN WDT VBZ RB VB DT JJ NN NN CC NN NN NNS IN NNS , CC NN IN JJ NNS VBZ CD IN DT JJ NN HYPH VBG NNS IN NN . NFP RB , DT NN IN NN NN MD VB DT JJ NN IN NN IN VBN JJ NNS CC NN NNS WP , IN DT NN , MD VB NNS . IN NN , NNS VBP RB VB CC RB VB JJ . DT NNP NN VBZ DT NN TO VB WRB NNS VBP JJ . NN JJ NN CC NN HYPH NN NNS VBP JJ NNS IN JJ NNS IN JJ NN NN . IN JJ NNS CC JJ NN IN JJ NNS , DT NN NN MD RB VB IN DT JJ NN IN DT NN IN DT NN . VBN IN NN CC VBN IN DT JJ NN , DT JJ NNS IN NNP VBP VBG JJ NN IN NNS , RB NNS IN JJ NNS RB . IN DT NN , DT NN IN NNS IN JJ NNS -LRB- NNP -RRB- WDT RB VBD DT CD JJ NNS VBP VBN IN PRP$ NNP NNP NNP CD . DT JJ NN NNS -LRB- NNP -RRB- IN NN HYPH VBN NN IN DT NNP NNP CC PRP$ JJ NNS VBG NNP , VBP RB VB IN DT NNS CC RB IN DT NNP . JJ NNS , IN VBN IN NN NNS IN JJ NN , VBP RB VBN IN DT CD HYPH NN NN NN CC VBP VBN IN NN IN DT NN IN NN . DT NNP NNP NN VBZ RB RB DT NN IN JJ NN , IN DT NN NNS MD VB VBN IN DT NNP NNPS NNP . IN DT RBR JJ NN IN VBN NN NNS IN DT JJR NNS IN DT NN , NN NN NNS VBP RB JJ . DT NNPS NN VBZ IN JJ NN NNS IN DT VBG NN MD RB VB VBN TO VB JJ NNS IN PRP$ JJ NN IN DT JJ NN CC RB MD VB PRP$ JJ NNS RB . DT NNP NN VBZ DT NN IN DT JJ NN CC JJ NNS . NNP NNS IN NNP VBD RB IN NNP NN . IN JJ NNS , DT NNP NN NN VBZ VBN IN DT NN NN IN NN HYPH VBN NNS RB IN DT NN IN JJ NNS IN DT JJ NNS IN JJ NN . DT NN IN DT NN CD HYPH NN NN IN NNS VBD VBN IN NNP NN NN NNP HYPH NNP NNP , WP VBD DT NNP IN NNP NNP IN PRP$ NN . JJS NN NN VBZ DT JJ NN VBG NN NNS IN NN NNS IN DT JJ NN . NNP NNP , DT NN NN IN NNP , VBZ DT JJ NN IN JJ NN NN NN , WDT VBZ VBN IN NNS CC JJ RB IN DT JJ JJ NNS . IN PRP$ NN IN NN IN DT NNP NNP NNP NNP IN DT NNP NN , NNP VBD DT JJ NN IN NNS IN NN HYPH NN IN JJ NNS CC DT NN IN JJ NN , RB IN DT JJ NNS VBD JJ IN VBG DT NN IN JJ NNP , IN NN IN RB VBN CC JJ NN NN . DT VBN NNS IN NN VBP VBG IN JJ NNS CC NN IN NNS IN NNS WP VBP NN HYPH VBN NN RB IN JJ NN . NNP POS VB IN DT NN IN NN VBD CC DT NN IN NN CC DT NN IN NNP . PRP$ NN VBD IN IN DT JJ JJ HYPH JJ NN IN DT NN . NN IN JJ NN VBZ NN . IN DT NN , DT NN VBZ VBN , RB VBG DT JJ NN WDT VBZ DT NN IN NN IN DT JJ NNS , DT NN HYPH VBG NN IN NN NN . IN DT CD VBN JJ NNS VBP DT JJ NN VBZ RB VB DT NN -LRB- NN -RRB- IN NN NN , IN DT NNS IN VBG DT JJ NN VBP RB JJR IN DT JJ NN NN IN NNP NNP NNP , VBN IN VBN NN , JJ NNS , NN NNS CC JJ NN NNS , IN IN DT JJ NN IN NN HYPH VBN JJ NNP . IN NN IN DT NNS IN NNP , NNP , NN NN IN DT NNP JJ NN RB VBP NN IN NN HYPH VBN NNS CC VBP DT NN IN NN HYPH NN NN CC RB NN NNS TO VB DT JJ NN . DT NN DT NN NN NN VBZ RB JJ . RB IN DT JJ CC JJ NN , WP VBZ RB VBN IN NNP NNP VBZ DT JJ NN IN JJ HYPH NN JJ NN NN , VBG JJ NN NNS , NN NNS , JJ NN NNS , NN HYPH VBG NNS CC JJ NN NNS . VBN DT JJ NN IN DT NN RB VBN IN NN CC NN JJ NNS MD RB VB IN DT JJ NNS IN DT NN NN . NN HYPH VBN NNS IN DT NN NN VBP VBN DT JJ JJ HYPH NN NN RB IN DT JJ NNS IN NN VBN IN JJ NN NNS , DT NNS CC NNS WDT VBP IN NN NNS , CC DT NN IN JJ NNS CC NN NNS . DT NN , IN JJ , VBZ JJ IN JJ HYPH JJ NN IN NN IN DT NN IN JJ NNS . PRP VBZ JJ , RB , WRB NNS IN NNP NNP -LRB- NNP -RRB- VBG RB VBN IN DT NN IN NNP , NNP , VBD NN RB IN NN IN DT JJ CD NN IN NNP . RB RBR JJ VBZ WRB DT NN NN IN DT JJ -LRB- JJ -RRB- NNP NNP NNP HYPH NNP NN CC RB NNP , WDT VBZ IN JJ JJ NNP . WRB MD NNP VB VBN IN DT NNP NN IN CD NNS IN NN CC NN IN NNP NNP IN VBG DT NN IN NN CC RB DT NN IN DT JJ NN . DT JJ NN VBZ IN DT JJ NN VBD IN DT JJ CC JJ NN , CC IN DT NN NN CC IN DT JJ NN IN NN . DT JJ NN MD VB VBN IN NN IN PRP$ JJ NN MD VB DT NN IN VBN NN NN CC DT NN HYPH VBN NN IN NN HYPH JJ NNP NNP . DT NNS RB VBP IN IN DT NN CC RB IN PRP . VBG IN DT JJ NN IN NN IN NNP NNS IN NNP , DT CD NN VBZ DT NN IN NN . IN DT VBN NN NN VBZ VBN NN , PRP MD VB DT NN HYPH VBN NN WDT VBD NN IN NNP . IN VBG NN NN , NN VBZ TO VB VBN . DT NN IN NNP NNP VBG NNP NNP CD VBD RB VBN IN DT NN IN DT JJ NN IN JJ NN VBN NNP NNP , DT NN IN DT NNP NNP IN NNP . DT JJ NN IN DT NNP NN VBD VBN IN NNP IN DT NN IN NNPS NN IN VBG NNS . NNS JJ NN , RB , VBD VBN RB IN DT JJ CD NNS IN DT NN IN JJ NN CC DT NN IN DT JJ NN . DT JJ JJ NN IN JJ NNS IN NNP VBZ VBG IN CD NNS , VBG NNP IN PRP$ JJ JJ NN : DT NNP CC DT NNPS NNP NNP : DT NNP NN RB IN DT NNP CC NNP NN , CC NNPS CD HYPH NN JJ NN . IN JJ JJ NNS CC DT VBG JJ NN , NNP VBZ VBG IN DT NN JJ HYPH NN NN IN VBG PRP$ JJ , JJ CC NN NNS TO VB NN JJ NNS CC DT JJR NN . DT JJ NN NN VBZ IN NNPS IN NNP IN PRP$ NN NNS CC JJ JJ HYPH NN NNS VBZ VBG DT JJ NN IN NN JJ IN JJ NN . RB , PRP VBZ JJ TO VB IN DT WP VBP DT NNS VBP DT JJ NNS WP MD RB VB DT NN NN . NNP NNP NN IN DT NN IN NNP HYPH VBG NNP . CD JJ NN IN DT NN NN VBZ IN NNP , IN PRP$ JJ NN IN JJ JJ NNS , VBZ RB VBN DT JJ NN IN NN NN . NNP VB DT NNP , RB IN PDT PRP$ NNS CC PDT PRP$ NNS MD VB DT NNP NNP RB RB . DT NNPS VBD RB VB JJ NN NNS CC VB NN IN NNS TO VB NNS IN NNS . DT JJ NNS IN NN NNS VBD VBN RP IN PRP$ JJ NNS IN NNP NNP . DT NNP IN NNP -LRB- NNP -RRB- NNS NN VBD VBN IN NNP IN NNP , NNP , DT NN RBR VBN IN PRP$ NN IN IN NN CC NN . RB , DT NNP NNP CC NNP NNP -LRB- NNP -RRB- VBD CD JJ NN NNS IN JJ NN , WDT VBD RB IN CD . IN PRP$ NNS , DT NNP NNP NNP -LRB- NNP -RRB- RB VBD CC VBD NNS , NN CC RB NNS IN NNS CC NNS . JJ NN NNS VBD NN HYPH VBN RB IN DT CD NN IN NN . IN DT JJ NNS , NNP NNP NNS VBD DT JJ NN , DT NN HYPH VBN NN IN NNP NN NNS IN NNP , NNP . IN NN IN DT NNP NNP NNP NNP , DT NNP VBD NN NNS IN JJ NN NNS WP VBD NN NNS , DT JJ CC RB JJ . JJ NNS IN JJ NNS VBD VBN IN DT NNP CC NNP NNS , VBN RB IN NNP NNP CC NNP . CD NNS IN DT NNP NNPS NNP , DT NNP VBD VBN CC PRP$ NN NNS VBD VBN IN DT NNP NNP IN NNP NNP NNP . DT NN HYPH VBN NN NN VBD VBN IN DT NNP NNP CC NNP -LRB- NNP -RRB- , WDT VBD DT NN NN CC JJ NN NNS CC IN NN IN JJ NN NNS IN NNS CC NNS . NNP NN VBD VBN CC VBN IN JJ CC JJ NN NNS IN NN NNS , VBN IN JJ NNS IN NNPS NNP , NNP CC NNP . JJ NN IN NN NNS VBZ DT JJ NNS IN JJ NNS IN VBG NNS WDT MD RB VB NNS IN NNS CC NNS . IN IN NNS IN NN NN IN DT RB VBN NNP NNP , NNP VBD NNP NN NN IN NNS IN DT NNP NNP NNP IN DT NNP NNP NNP IN NNP IN NNP . NNS CC NNS IN DT NNP CC NNP NNS IN DT NNP IN NNP VBD DT JJ NNS . IN NN , JJ NN VBZ VBN IN JJ NN IN DT NNP NN , IN VBG DT NN NNS IN JJ NNS . IN NNS IN NN , DT NNP NN IN NNP NNS IN NN NNS VBD VBN IN CD CC CD , IN DT NNS VBN IN NNP . DT NN IN JJ NN NNS IN NNP IN NNS VBD RB JJ IN DT JJ NN NN WDT VBD IN NNP IN NNP . DT NN IN JJ NNS VBZ WRB CD VBG NNS VBD VBN IN NNP IN NN IN VBG DT NN IN DT NNP , WRB EX VBP JJ JJ NNS IN DT VBN JJ NNS , JJ IN DT NNP HYPH VBN NNP NNP NNP IN NNP , NNP , CC NNP NNP CC NNPS IN NNP , NNP . DT NNP NNP NNP CC JJ NNPS RB VBP IN HYPH JJ JJ NNS IN DT NN . DT NNP HYPH VBN NNS MD VB VBN DT NN NN NN IN JJ NN NN CC TO VB VBG JJ JJ NNS , IN NNP NNP CC NNP . DT JJ JJ NN IN VBG NN NNS IN NNP NN VBZ JJ NN NN IN DT NNP , WDT VBZ VBG IN DT JJ NNS IN DT NNP NNP . DT NN IN DT CD NN NNS IN NNP NNP VBP VBN DT JJ NN IN NN IN JJ NN . RB IN PRP$ RB JJ NN HYPH VBN NNP NN , DT NNP NNP IN NNP CC NNP NNPS VBZ VBN JJ JJ NN IN DT JJ NN NN IN DT NN NN . DT JJ NN IN DT VBN NN IN NNP , IN IN DT JJ NN IN NNP CC NNP NNP IN DT NNP , MD RB RB VB NNP TO VBZ PRP$ JJ NN IN DT RB DT JJ HYPH NN NN IN DT JJ NN . PRP VBZ JJ IN DT NNP NN IN NNP MD VB VBN IN PRP$ JJ NN IN JJ NNS , NNP NN NNS , NNP NNS CC JJ NN NN . DT JJ JJ NN IN VBG JJ NN , VBN NN NN HYPH NN CC JJ NN IN DT JJ NN IN DT NNP VBZ DT RB JJ NN , IN RB DT JJ NN . NNP NNP , DT NNP HYPH VBN NN NN , VBD DT JJ HYPH NN NN IN JJ NNS IN JJ NNS IN DT NN CC JJ NN NNS IN NNP NNP CC NNP NNP ."
790,1202,conspiracy,"NNS WP VBP VBN PRP$ NNS RB , VBP DT RBS JJ IN PRP$ NN NN . PRP VBP NNS WP VBP VBN VBN VBN CC IN DT NN TO VB IN IN DT NN IN PRP$ NNS . JJ CC JJ , PRP VBP RB VBG RB DT JJ NNS TO VB RB IN NN . PRP VBP JJ . DT VBZ RB VBN DT NN IN DT NNPS VBG IN NNP IN DT JJ CD NNS . VBN IN DT CD NN NNS IN DT NN , RB CD NNPS NN VBP RB VB DT NN IN DT VBN NN . DT NNS IN NNP NNP , DT NN IN DT NNP NNP NNP NN NN , VBZ DT NNS IN JJ NNS IN NNP IN JJ NN : `` -LRB- CD -RRB- NN VBZ NN RB IN PRP VBP IN NN NNS '' , PRP VBZ . PRP$ JJ NN VBZ DT JJ NN IN NN WP VBZ RB RB VBN IN WP PRP MD VB IN TO VB `` DT JJ NN . '' `` PRP VBP RB VB DT NN . PRP VBP NNS RB '' , PRP VBZ . NNP NNP , DT JJ NN , VBZ RB CD IN DT NNS IN RB HYPH VBN NNS IN DT NN WP VBP RB RB VBN TO VB RB IN DT NN NN IN NNP . EX VBP NNS , NNS CC NNS WP , IN PDT DT NN PRP VBD IN PRP$ NNS , VBD JJ TO VB NNS TO VB PRP$ NN POS NNS IN NNP CC RB . RB , PRP MD VB PRP$ NNS RB RB WRB JJ PRP VBP . NNP NNP POS NN IN PRP$ NN VBZ JJ : `` PRP VBP VBN IN VBG , RB PRP VBP RB VB IN DT JJ RB . '' IN DT CD HYPH CD NNS IN NN , JJ NNS VBP VBN CC VBN IN DT NNS IN DT NN IN NN IN PRP$ JJ CC JJ NNS CC NNS . DT NN HYPH VBN NN , IN JJ NNS CC NNS VBN IN NN IN CD DT , VBZ DT NN IN DT JJ NNS VBG IN DT NNS . RB VBN , DT NNS VBP RB IN VBG IN DT JJ NNS IN DT NNS . NNS VBP JJ NN , DT NN IN NN , JJ NN CC JJ NN NN VBP DT JJ NN NN . RB , IN DT NNS IN NN MD VB JJ NN NN IN DT NN , DT NN VBZ VBN DT NN IN JJ NNS IN DT NNS . DT NN RB VBZ NN IN JJ NNS WDT VBZ DT JJ NN IN DT NNS . DT JJ NNS IN NN NNS , IN WP DT NN IN VBG VBN IN JJ NNS VBZ RB JJ IN NNP , RB VB RP IN JJ NNS , VBG PRP$ NNS RB . JJ NN IN NNS RB VBZ IN DT NN DT NNS VBP VBN VBG IN DT NNS . IN WP VBZ VBN VBN IN DT CD NNS CC VBZ RB VBN IN DT NNS IN JJ JJ JJ NNS NNS , PRP VBZ DT JJ NN IN DT JJ NNS VBP JJ IN VBG DT JJ , JJ , JJ , JJ , JJ CC JJ NNS CC NNS IN JJ NNS , IN PRP$ NN IN NN VBZ VBN IN JJ NNS CC DT VBN JJ CC JJ NN . JJ NNS VBN IN DT NNS VBN IN NNS IN NNP MD VB VBN IN JJ NNS . VBG DT NN IN JJ JJ JJ NNS NNS , NNS CC NNS , NNP VBZ VBN TO VB PRP$ JJ CC JJ NNS VBN IN DT NNS . RB , IN DT NN IN JJ NN CC NN TO VB VBN IN NN , DT JJ CC JJ JJ NN MD VB VBN IN DT NN IN DT NN CC NN IN DT NN . DT JJ NN MD RB VB IN , IN NN JJ , RB DT NN IN NN , NN CC NN MD VB CC VB PRP$ NN . IN PDT DT VBN NN , PRP MD VB NN IN NN , NN IN NN , CC NN IN DT JJ NNS IN DT NN IN DT NN IN DT . RB , NNP VBZ RB VBN IN JJ NNS , IN VBZ DT JJ NNP NNP . DT NN IN DT RB JJ JJ NNS IN JJ NN VBZ VBN DT NN IN DT JJ NN RB VBN IN DT JJ NNS IN DT NN . DT VBZ WRB NN IN DT NNS POS NN IN NN RB VBZ IN DT NN IN DT JJ NNS IN DT JJ NN IN NN . JJ TO VB NN IN NNS IN JJ NNS CC NNPS VBZ DT NN NNS , CC RB VBZ NNS CC NNS CC VBZ DT JJ CC JJ NN IN NN . DT NNS VBP JJ CC MD VB RB VBN IN DT JJ NN . RB , PRP VBZ JJ IN NNP VBZ IN IN DT NN CC VBZ DT JJ NN IN PRP$ JJ . RB , NNP MD VB DT JJ NN IN VBN JJ NNS VBG DT IN PRP$ NN IN JJ NN . RB VBG JJ JJ NNS MD VB NNP JJ IN PRP$ NN IN VBG VBN DT NN IN JJ JJ NN , NN , CC NN . JJ NNS MD RB VB , VB , CC VB DT JJ NN IN CC DT NNS CC DT JJ NN IN DT NN . NN CC NN IN DT NNS IN NN , MD RB VB DT NNS IN NNP , IN JJ NNS MD RB VB RB IN NN , VBG DT NN NNS CC NN IN DT NN IN DT NN . RB PRP MD RB VB VBN IN NNPS CC DT JJ NNS VBP CD NNS VBG DT JJ NN . VBG NNS , PRP VBP RB VBN CC VBP DT JJ NN . PRP MD VB IN DT JJ NNS IN NN , NN , NN , NN CC NN . IN DT JJ NN IN DT NNS VBG IN DT NNS IN NNP , DT NN MD VB VBG IN DT VBN NNS RB IN VBG DT NNS . IN DT JJ NNS IN DT NN VBP VBN RB , PRP MD VB JJ TO VB DT JJ NN VBN IN DT NN IN NN ."
791,288,mainstream,"PRP$ JJ NN NN VBZ PRP RP IN NN IN DT JJ NN IN NN NNS . PRP VBZ RB JJ IN PRP$ NN VB IN PRP$ NN POS NN IN DT JJ CC JJ NN IN DT NN . VB JJ TO VB PRP$ NN CC NN IN DT NN NNS WDT MD VB IN PRP$ NN VBZ VBN DT NN . IN PRP$ NN VBZ DT NN NN , NNS , CC DT JJ NN IN VBG DT NN , VB PRP$ NN POS NN RB RB . VB PRP$ NN POS NN IN DT JJ NNS PRP$ NN VBZ VBN , RB IN DT NNS VBD NN IN DT NN . DT NN MD VB VBN TO VB DT NN IN NNS . VB JJ PRP$ NN VBZ IN PRP$ NN VBZ JJ IN NN NN . CD IN DT VBN NNS IN DT NN VBZ JJ JJ NN NN . DT MD VB DT JJ NN IN NNS WP VBP JJ IN NN . DT NN MD VB NN -LRB- NN NN -RRB- IN DT JJ NNS . DT NN MD VB IN PRP$ NN MD VB DT NN . DT NN MD RB VB DT JJ NN . IN PRP$ NN VBP DT NN , NN , NN , NN NN , CC NN NN , PRP MD VB NN TO VB DT NN . VB JJ TO VB PRP$ NN POS NN IN DT JJ NN NNS WDT VBP IN PRP$ NN VBZ DT NN . DT MD VB NN , NNS , DT JJ NN , NN WDT MD RB VB , CC JJ NN CC NN WRB DT NN VBD VBN ."
792,1083,mainstream,"NNS MD VB VBN JJ NNS TO VB PRP$ NNS VBN IN NNP NNS TO VB VBN NN . NNP NNP NNP NNP VBD DT JJ NN TO VB NN HYPH RP IN DT NN NN IN DT `` VBG '' NN IN NNS NNS . IN DT NN NNS MD VB NN NNS IN PRP$ NN VBG PRP WDT NNS PRP$ IN NNS VBP . CC DT JJ NN NN , VBN TO VB NNS POS NN , MD VB VBN IN NNS CC NNS MD VB JJ NNS IN DT JJ NN . NNS VBP VBN IN DT VBG NN HYPH NN NN IN DT NNP NN , WDT VBZ VBN CD NNS VBG IN RB RB CD NN NN IN NNS . CC EX VBZ DT JJ NN HYPH NN IN DT NN NN , IN RB CD NN NN IN NNS VBG VBN RB IN PRP$ NNS IN DT JJ NN . NNP NNP VBD : `` NNS VBP NNS , CC VBG NNS VBP RB VBN VBZ CD IN DT RBS JJ NNS DT NN MD VB . RB PRP MD VB DT JJ NN NN NN , TO VB JJ RB JJ NNS IN JJ VBP VBN . '' PRP RB VBD NNP NN NNP NNP IN VBG VBN DT JJ NN IN CD VBG IN DT NN IN DT NN IN NN CC NN . NNS VBD NNP NNP POS NN : CC VBD PRP VBZ TO VB VBN RP IN `` JJ NN '' IN DT NN . NNP NNP , WP VBD NNP IN NN NNP NNP IN NNP NNP NNP NN TO VB JJR NNP NN , VBD RB VBN DT NN IN VBG NNS IN NN IN NNS VBD TO VB PRP VBN . PRP VBZ VBN TO VB DT JJ `` NN NN '' IN DT JJ CD NNS IN DT NNP NN TO VB DT NNP VB PRP$ NNS JJ NN . NFP VBD DT NN . VB DT NNP IN CD CD CD CC NNP IN CD CC NN ADD"
793,441,mainstream,"NNP : NNP HYPH VB NNP NNP VBZ VBG RB VBN NNS TO VB NNS IN NN , NN IN DT JJ NN TO VB VBG DT NN IN NN NN : DT NN WDT VBD NN NN NNS . NNP NNP NNP NNP VBD IN NNP IN NNP NNP IN NNP NNP IN NNP , CC VBD NNS IN PRP VBD VBN TO VB DT NN , WDT NN PRP VBZ . `` NNP HYPH VB NNP VBZ DT NNS IN DT JJ NN NNS CC PRP VBZ NNS IN PRP , '' NNP VBD , VBG IN `` PRP MD TO VB VBG DT NN . '' IN NNS , EX VBZ NN VBN TO NN . `` NNS VBP VBN NN IN DT NN IN PRP$ NN IN NNS CC VBP DT RBS JJ JJ NN IN PRP$ NN , '' NNP NNP NNP CC NNP NNP IN DT NNP NNP IN NNP VBD IN DT NN NNP . NNS VBP VBN RP DT NN IN NNS CC NN . CC NNP , DT NN IN DT JJ NNP NN NN CC NN , VBZ RB VBN IN NNS VBG DT JJ NN MD VB NN , CC VBZ VBN IN NNS TO RBR RB VB IN IN NN NNS . NNP RB VBZ VBN NN NN , IN NNP CC IN CD IN DT JJ NNS WRB PRP VBD IN NN VBZ VBN `` RB IN IN NN . '' IN DT NN PRP VBD RP TO VB , `` PRP VBP RB IN NN IN NNS , CC PRP VBP JJR NNS IN DT JJR NN IN NN . '' DT NNP NN VBD RB NNP IN IN PRP `` VBD '' PRP$ NN IN NNP , PRP VBD RB RB VBN DT NN . `` DT NN HYPH NN VBZ VBG DT NN IN VBG DT NN IN NN , WDT VBZ RB JJ NNS , RB DT NNS VBP VBN VBN IN DT NN , '' VBD NNP NNP . DT VBP NNS VBN IN JJ NN CC VBN IN NN NN IN NNS WP VBP PRP$ NN JJ . NN VBZ NNS IN NNS IN DT NN DT NN . IN JJ NN NNS MD VB IN NN IN NN VBZ : IN DT CD NN NN WDT VBD IN NNP , JJ WP VBD JJ VBD JJ . VBN JJ NNS IN DT NNP CC RB VBP VBN DT NN IN NNS IN NN CC DT IN NN VBP NN . DT NN VBZ VBN VBN IN JJ NN NNS , IN PRP VBZ IN DT NN NNS , EX VBP NN HYPH JJ NNS . `` DT NN VBZ VBN . NNP VBZ DT JJ NN , '' VBD NNP NNP NNP , DT NN NN IN NNP POS NNP IN NNP CC DT NN IN NN NNS . `` PRP VBZ JJ . PRP VBP IN DT NN HYPH VB DT NN NN . '' IN NN , NN VBZ VBN NNS IN NNS VBP RB JJ NNS IN RB . `` VBG NNS RB VBZ DT NN IN NN IN NN , '' VBD NNP CC NNP IN DT NNS POS NN . PRP VBZ RB RB NNS WP VBP , PRP VBD : JJ NN VBZ DT NN IN NN WDT RB VBZ DT NN CC NNS IN JJ JJ NNS . PRP VBZ RB JJ WP NNP VBD IN DT `` NN IN NN NN CC JJ NN '' MD VB . RB , EX VBZ DT NNP NNP NNP NNP WDT VBZ DT NN IN NN NN CC JJ NNS , IN NN IN NN CC NN IN NNS IN DT NNP CC NNP NNP CC DT NNPS IN NNP NNP CC NNP . DT NNP NNP IN NNP VBD TO VB IN DT VBG NNP NN '' TO VB DT JJ JJ NN VBG DT NN IN NNS . ''"
794,1310,mainstream,"DT NN VBZ NNS IN NNS IN DT JJ JJ NN IN NNP IN NNP CD , CD IN NNP NNP NNP . NN NNS VBD DT CD NNS NNS JJ NN , DT NNPS IN NNP NNP CC NNP VBD NNP , VBG DT NN IN CD IN CD , RB DT JJS NN IN DT NN IN CD . DT NNP VBD PRP VBZ RB VBN NNS IN CD NNS DT NN . IN DT JJ NN VBD TO VB , DT NN VBZ TO VB VBG RP : IN DT NN MD VB TO VB IN DT NN VBZ IN PRP MD RB VB DT NN VBZ VBG , DT NN VBD . CD IN DT CD JJ NNS VBD VBN IN NNP NNP , WRB NN NNS VBP VBN CD JJ NNS IN DT NN . IN NNP NNP NNP , CD JJ NNS VBD VBN . IN JJ NNP NNP , CD JJ NNS VBD VBN , DT NNP VBD . NN NNS VBP DT JJ NN IN NNS : IN VBG IN CD IN DT NN VBD VBN VBN IN DT NNP : IN DT VBG NN IN NNS WP VBP TO VB PRP$ NNS . NN VBZ RB JJ CC JJ IN DT NN IN NNS , NNS CC NN . JJR NNS VBP VBG TO VB PRP$ NNS , RB VBN IN JJ NN WDT NNS VBP NN . DT NN VBZ RB CC RB IN NNS WP VBP RB VBN , VBG NNS IN JJ NNS IN NNS WP VBP RB VBN RB JJ . NN VBZ IN DT NN , JJ NN , NN , JJ NNS CC JJ NN . PRP RB VBZ DT NN . DT NNS VBP JJ NNS , JJ IN NN CC NN NN . NNS JJR IN CD CC NNS JJR IN CD VBP RBR JJ TO VB NNS , DT NNP VBZ . DT NN VBZ RB JJ IN JJ NNS . JJ NNS MD VB RP DT NN IN VBG CC VB PRP RB IN DT NNP , WRB PRP MD VB PRP IN JJ JJ NNS ."
795,152,mainstream,"NNS VBP RB RB NNP NNP POS NN . DT NN CC NN IN DT NNP IN NNP POS NNP NNP IN NNP NNP , NNP VBZ JJ NNS : NN , RB , DT NN IN NN HYPH VBN NNS WDT VBP IN NNS IN NNS IN NNS CC VBP JJ NNS CC NNS . CC IN JJ NNP , NNP CC PRP$ NNS MD VB WP VBD VBG . NNS VBD VBG IN NNP , NNP , DT NNS VBG IN IN JJ NN NNS IN NNP VBD JJ . IN RB CD NNS , VBG DT JJ NN VBD VBG TO VB NN POS NN , VBG NNP NNP . RB WP MD DT NN RB VB . `` PRP VBD TO VB DT RB JJ NNS . PRP MD RB VB DT CD NN WDT VBD VBG TO VB DT NN , '' PRP VBZ . `` PRP VBD EX VBD DT NN IN NNS WDT VBD DT NN IN NN . . PRP VBD IN NN IN DT VBD VBN : DT NN IN NNS WDT MD VB , CC NN WDT PRP VBD VBD VB . '' RB NNP CC PRP$ NNS VBD IN VBG DT JJ NN IN DT NN NN . DT NN NN IN VBG JJ NNS NN VBZ DT JJ HYPH VBN , VBN VBN NN , WDT VBZ DT NN IN DT NN VBN IN DT NN NN . CC JJ NNS VBP , NNP VBD IN IN DT NNS , NNS VBD DT NN IN JJ NNS IN VBG NN NNS IN DT JJ IN DT NN IN VBN NN NN NN . NNP POS NN VBD PRP MD VB DT JJ NN RB , VBG DT NN HYPH CD NNS TO VB NNP HYPH CD . IN RB CD NNS , DT NN VBD RP DT JJ NN IN NNP HYPH CD NN NN , CC `` NN '' IN JJ . IN CD NNS IN DT NNP , PRP VBD VBG NNS VBG IN NNP HYPH CD , WP VBD TO VB RB VBN TO VB CD IN JJ NNS : DT NN NNS NN CC NN , DT JJ NN NN , DT JJ JJ NN NN , CC DT NN CC JJ NN . PRP MD RBR VB DT JJ VBN NN . NNS MD RB VB VBN TO VB DT NN IN NN : NN IN DT NNS . DT JJ NN NN NN MD VB NN IN WP MD VB JJR , WP VBD RP IN DT NN , CC WP VBD . IN CD IN DT NNS VBD RB JJ CC RB JJ , RB NNP MD RB VB NNS IN PRP VBD JJ NNS . EX VBZ , RB , DT NN : JJ , JJ HYPH IN HYPH JJ NNS RB VB RP IN DT RB JJ NN NN . `` PRP VBZ VB JJ NNS , IN DT NNS PRP VBP VBP VBN IN WRB JJ PRP VBP DT NNS VBP VBG TO VB , '' NNP VBZ . NN , CD NNS IN DT JJ NN VBD VBN , PRP$ NN VBZ RB CD NNS IN PDT DT NNS IN DT NN , IN RB CD JJR VBG RP DT NN . `` PRP VBP DT NN IN DT IN DT NNS VBP JJ , DT NN IN DT , '' PRP VBZ . `` PRP DT VBP DT JJ NN . NN VBZ JJ TO VB RB JJ . '' RB , DT NN IN NN NN VBZ VBN `` JJ , '' DT NN WDT JJ NNS VBP MD VB DT NN IN DT NN IN NNS CC NNS IN NNP HYPH CD . DT NNP NNP NNP VBZ VBN DT JJ NN JJ IN NN , IN VBZ JJ NNP . DT NNP NNP NNP IN NNP CC NNP NNPS VBZ VBG CD RP RB , VBG IN DT NN NN CC DT NN , IN NNS TO VB JJ NNS IN PRP VBP JJ . PRP VBP VBG IN NNS RB . DT NN VBZ RB JJ NNS TO VB , CC DT RB HYPH JJ NN IN VBG PRP . IN JJS CD JJ NNS VBP IN DT NN IN NNS , CC CD NN NNS VBP IN JJ CC JJ NNS . -LRB- CD VBP IN JJ HYPH NN JJ NN NNS -RRB- . CC DT VBG NN VBZ DT NN TO VB CC VB DT NNS WDT VBP , UH , RB . DT VBZ WRB NN NN VBZ RP . JJ JJ CC JJ NNS MD VB DT NN IN NNS RB IN NNS . DT NN IN NNS RB , DT NNS CC NNS JJ IN VBG JJ NNS VBN CC VBN VBD IN PRP VBD RB VBG JJ NN IN DT NN IN NN CC NN NNS CC JJ NNS VBD IN DT NN . PRP VBD RB RB TO VB DT NNS CC VB JJ NNS TO VB PRP RB , CC RB IN PRP VBD DT NNS JJ TO VB PDT DT , CD NN IN DT NN NNS VBD . CD JJ NN VBD DT NN IN VBG DT JJ NN IN DT NN HYPH VBG NN IN RB IN $ CD CD . RB NNS VBD VBG RP IN NNS IN DT NN NN WDT MD VB NNS RP , CC IN JJS VB DT NN IN DT NN . JJ CC JJ NNS VBD CD IN DT NNS : NNS WDT MD RB VB RP NN CC NN , CC IN NNS VBG IN JJR NN . PRP VBP NNS IN NNS . NNS MD VB RP CC VB NNS IN DT NN , IN NN VBZ VBG . DT `` NN NN '' VBZ NNS IN NNS IN DT VBN NN NN . DT `` NN NN '' MD VB CC VB , VBG JJ NNS CC JJ NNS . DT NN VBZ RP ."
796,184,mainstream,"NNP NNP -LRB- NNP -RRB- VBZ VBN DT JJ NN VBN IN VBG DT NN , NN CC NN IN NNP HYPH CD NNS . NNP VBZ VBN TO VB NN HYPH RP DT NN CC NN IN JJ CC JJ NNS IN DT NN IN CD IN CD NNS , CC IN JJ RBR . DT MD VB DT JJ NN IN JJ NNS CC NN HYPH NN IN NN NN . DT NN VBZ IN DT JJ NN IN DT NNP NNP -LRB- NNP -RRB- . CD JJ JJ NN VBZ RB VBN VBN IN DT NN IN NNP NNP NNP -LRB- NNP -RRB- IN NNP , NNP , NNP CC DT NNPS . JJ NN , NNP VBD DT NN IN NNP HYPH VBN JJ NN NNP IN DT NN IN IN IN CD CD NNS IN DT NNP HYPH CD NN , VBN IN DT NNP IN NNP , IN DT NN IN DT NN . NNP NNP IN NNP CC NNP NNP NNP NNP VBD : `` VBG RB MD VB PRP$ NNS IN VBG NN IN DT JJ CC JJ NN IN DT NN PRP VBP CC RB RB IN JJ . `` PRP MD VB JJ CC JJ NN IN DT IN DT NNP CC RB , RB VBG DT JJS NN IN VBG DT JJ NN NN IN DT NNP HYPH CD NN . '' RB , DT JJ NN VBZ TO VB DT NN , NN CC NN IN NNP HYPH CD NNS , VB JJ NN IN NNP NNPS IN VBG JJ NN . IN NN , DT NNP VBZ TO VB NN NN NNS IN NN NNS IN VBG DT NN IN DT NNP CC VB JJ NNS IN PRP$ NNP NNPS . TO VB DT NN TO VB DT VBN NN IN NN NNS IN DT JJ NN , NNP VBZ TO VB NN IN DT JJ NNS IN NNS NNS . DT JJ NN MD RB VB VBN JJ TO VB DT NN CC NN IN NNS . DT VBZ DT VBN NN NN , NN IN NN CC NN , CC JJ NN IN NNS IN NNP HYPH CD NNS CC NNS IN RB VBN NNS ."
797,1205,mainstream,"NNPS VBP DT NN TO VB VBN IN DT NN IN NNS IN NNS IN PRP$ NN IN RB JJ NNS IN JJ NNS , RB NNS . RB RB , NNS IN CD NNS VBP VBG IN DT NN IN DT NN , WDT VBD VBN VBN IN DT NNP NNPS IN CD . IN RB CD NNS RB VBN CC NNS IN JJR NNS MD VB , CD MD RB VB DT RBS VBN NNS IN NNS IN NNS . CC PRP VBZ RB RB NNS . IN NNP , NN NNS IN NNP VBD CD JJ NNS IN NN NN , DT NN IN VBN TO VB DT NN IN DT JJ : JJR IN RB RB JJ NNS IN DT NN JJ NN . DT NN VBZ RB RB DT JJ NN . DT NNP NNP NNP VBZ DT CD NN NN IN DT NNS IN NNS NNS IN DT NN DT NN VBN IN DT JJ CD NNS IN CD . JJR IN CD NNS VBP RB VBG IN NNS DT NN . DT NNP , DT NN NN IN DT NNP NNPS , VBZ VBN NN NN IN CD IN DT JJ CD NNS IN JJ NN IN CD . JJS NNS IN JJ NNS VBP IN JJ NNS , IN NNS VBP VBN RB TO VB , VBP VBN NN , VBP NN VBG NNS , CC DT NNS VBD RB JJ TO VB DT NNS . DT JJ NNS VBP VBN IN DT VBG NN CC NN IN NNS : VBN IN NN NNS . NNP NNP NNP NNP NNP CC NNP POS NN CC NNP POS NN : VBZ NN IN DT NN TO VB DT NNS VBN IN VBG DT NN IN JJ JJ NNS . PRP VBZ VBN TO VB JJ NN IN JJ NN CC VBZ JJ IN VBG NN IN DT NN IN NNS . PRP VBP NNP . PRP VBZ CD IN DT JJ NNS IN DT NN . PRP$ NN TO VB RP DT NNP NNP CC PRP$ JJ NN IN JJ NNS WP VBP VBN PRP$ NNS CC JJ NNS VBZ RB VBN DT NNS IN JJ NNPS . PRP VBP IN PRP IN PRP$ JJ NN TO VB PRP$ NN . RB , IN NNS PRP VBZ JJ . CC PRP$ CC NNS POS VB IN NNS VBZ VBG JJ NNS . DT NN IN JJ NN NNS RB RB VBZ IN JJ NNS VBP RBR JJ IN DT NNS IN DT NNS , IN PRP VBP VBN JJ RB TO VB RB VBN DT NNS CC PRP$ JJ NN . CC DT VBZ RB NN , PRP VBZ DT NN IN VBN NN NNS IN JJ NNS . PRP VBP RB VB NNS NNS TO VB PRP IN DT NN IN NN . PRP VBZ JJ IN NNS MD VB NNS IN NNS CC NN NN NNS VBG PRP$ NNS . PRP VBP TO VB JJ TO VB NNS WDT VBP NN IN DT NN CC NN IN NNS IN VBG NNS . DT NN VBZ IN NNS MD VB NN NNS . RB , DT JJ NN NNS IN NNS IN DT NN RB VBP DT JJ NN NNS , WDT , WRB PRP VBP VB , VBP RB JJ , RB JJ , CC JJR IN VBN IN DT JJ NN IN JJ NNS . DT NN VBZ IN NNS VBP DT CD CD IN CD CD NNS DT NN , CC VBP DT NN TO VB DT CD CD NNS DT NN IN JJR NN NN , VBG IN DT NNP . NN , WDT VBD NN IN NNS IN NNS , VBZ VBN VBN IN NNS . IN IN NNS , DT NNS IN NN VBP VBN VBN IN DT NNP NNPS IN CD . CC NNS JJ IN NNP , IN JJ JJ NN -LRB- NN -RRB- NN NNS , VBP IN NN TO VB JJ NN , DT JJ NN IN NNS IN DT NN , IN DT JJ NN . DT VBZ DT JJ NN PRP VBP WDT VBZ NN . RB RB WP PRP MD VB VBN IN JJ NN , EX VBZ DT JJ NN IN NNS IN NNS IN NN VBP DT JJ NN NN . CC JJ NNS IN JJ NNS IN JJ NNS VBP VBN IN EX VBZ DT NN IN NN CC NNS . IN NNS CC JJ NNS , PRP VBP IN DT JJ NN IN NNS CC JJ NN NNS IN NNS IN DT NNP CC DT NNP IN NNP CC NNP NNPS , IN IN DT NNP NNPS IN NNP , DT NNPS IN NNP NNP CC NNP CC DT NNP CC NNP NNP . PRP$ JJ NNS VBP DT NN , NN CC NN IN JJ CC JJ NNS IN CD NNS , VBG NNS , NNS , NN , NN , NN , NN , NN , NN CC NN . DT NN CC NN IN NNS VBP VBN RP IN DT JJ JJ NN , VBG DT NNP NNP NNP , DT NNP NNP IN NNP , DT NNP NNP NNP NNP CC NNS IN NNS . CC PRP VBP JJ IN DT NN IN PRP$ NN IN NNS IN JJ NN CC NNS IN NN NNS TO VB NN HYPH VBG NNS IN DT JJS CC RBS JJ NNS IN NNP CC DT NN , WRB NNS VBP DT RBS JJ TO VB PRP$ JJ NN IN NNS . IN DT NN , NNP VBZ DT NN IN DT NNP NN . IN CD , NNP NNP NNP NNP VBD DT CD CD NNPS , VBG RB CD CD NNS , WP VBD RB VBN VBN IN NN TO VB DT NNP NN , WDT PRP VBD `` DT JJ NN . '' IN DT JJ NN , PRP VBD DT JJ NN VBG DT NNP NNP IN NNP NNP , WDT VBZ VBN NNS IN NNS IN DT JJ NNS IN NN IN NN NNS IN VBG NNS . NNP NNP VBD DT NN NN VB IN CD TO , IN DT NNS IN DT NNP NN , `` VB RB RB IN JJ DT NN IN DT NN , RB IN DT NN NNS , IN JJ NN NN . '' IN DT NN IN NNP DT NN , NNP VBD : `` EX VBZ RB RBR DT NN WRB JJ NNS MD VB IN NN , NN , NN NN , CC NN : PRP VBP VBG DT JJ NNS TO VB IN DT JJ NN NN TO VB RP DT CD NNS . '' IN VBG IN NN NN , NNP NNP NNP VBD NN NN NNS TO VB JJ JJ NNS IN JJR NN NN , VBG IN DT NN IN NN NN NNS , WDT PRP$ NN NNP NNP VBD IN PRP$ JJ NN IN DT NNP . NN NN NNS VBP VBN IN DT JJ NNS IN NN NNS IN JJR IN CD NNS IN JJ NNP , IN JJ NNS CC IN JJ JJ NNS TO VB PRP$ RBS JJ NNS . NNP NNP VBD JJ NNS IN NN IN DT NNP NNP NNP , VBD RP DT NN IN DT NNP NNP NNP IN CD , CC VBD JJ JJ NNS TO VB DT NN IN NNS IN JJ NNS IN NN NN NNS . DT WP VBP CC VBP NNS , CC VBP NNS TO VB RB , VBP PRP CC NNS , RB NNS , IN NN . PRP VBZ IN PDT PRP$ NNS TO VB JJ IN NNS VBP DT NN IN DT NN IN JJ , JJ CC JJ NNS . NN MD VB DT NNS CC NN IN NNS , CC VB IN DT NN CC NN IN DT NNS WDT VBP PRP JJ . TO VB RB VBZ RB JJR NN IN CD IN JJ NN POS JJS NNS ."
798,1228,mainstream,"PRP$ NNS VBP VBG IN NN -LRB- NNP SYM CD -RRB- . PRP VBP TO VB JJ PRP VBP JJ NN : CC PRP VBP PRP TO VB PRP IN PRP . RB VBZ WRB TO VB IN PRP . VB RP WP PRP$ NN RB VBZ VB NNS VBN IN PRP$ NN POS NN NN . IN JJR NNS , PRP MD VB , `` WP VBP PRP VBG IN NN . WDT NNS VBP PRP VB . '' IN JJR NNS , PRP MD VB , `` VBP PRP VB NNS IN DT JJ NN WDT VBZ VBG RB . '' DT VBZ PRP DT NN TO VB WRB JJ NNS VBP : CC TO VB RP IN PRP VBP VBG DT JJ NN . VB PRP$ NN POS NN . DT NNS MD VB TO VB NN VBG . CC IN PRP$ NNS VBP RB VB JJ CC VBP RB VB DT NN IN NNS , DT VBZ JJ . VB IN VBG PRP$ NN VB JJ , CC VB JJ . VB RB VB JJR NN IN PRP$ NN VBZ JJ IN . IN NN , IN NNS VBP IN NNS VBG , VB PRP$ NNS . CC IN DT NN VBZ RB VB RP , EX VBZ DT NN TO VB PRP . IN PRP$ NN VBZ IN NN CC PRP VBP RB VB DT NN , VB RB . VB DT NN IN DT NN TO VB RP RB . VB DT NNPS IN NNP NNP CC NNP -LRB- NNP -RRB- NN IN IN HYPH IN HYPH NN , JJ NN IN NN -LRB- NN SYM CD -RRB- . DT NN , PRP VBP DT NNS CC NNS VBP RB VB NNS IN NNS CC JJ JJ NN . VB RB CC RB . VB IN JJS NNS WP VBP JJ VBP IN PRP VBP DT NN CC DT NN . NNS VBP RP IN PRP WRB NNS VBP . RB WRB PRP VBP IN NN CC DT NN , VB DT JJ NN CC VB RB TO VB JJ . VB NNS NN TO VB PRP$ NNS . PRP VBZ JJ IN NNS TO VB , `` MD PRP VB JJ . MD DT VB IN PRP . '' VB PRP$ NN VB IN NNS VBP RB VB TO VB RB JJ IN NNS . VB PRP VB PRP MD RB VB IN PRP IN NNS CC TO VB IN WP VBZ PRP . VB WRB PRP VBP NN . VB JJ IN WRB PRP$ NNS VBP NN CC NN , RB JJR NNS WP VBP RB . VB PRP IN NN HYPH JJ NN IN PRP VBP RB VB RP VBG NN NNS CC NNS WDT VBP PRP CC VBP JJ NN . VB PRP$ NN JJ NNS TO VB TO VB IN NN . VB NNS WDT VBG NNS IN NN CC VBG PRP$ NNS RB CC RB MD VB PRP VB JJ CC RB . VB IN JJ NN NN RB VBZ VB NNS IN VBG IN NNS . VB DT JJ NN NN CC VB PRP$ NNS VB PRP VBG PRP$ NNS RB . VB IN PDT DT NNS WDT VBP VBG TO VB NNS JJ CC JJ . JJ NNS MD VB VBN TO VB IN NNS CC NNS VBP VBN TO VB NNS WP VBP JJ . JJR NNS MD VB VBN TO VB IN NNS VBP VBG TO VB DT NN . DT NNS RB VBP NNS VB NNS IN PRP$ JJ NN . VB NN NNS IN NN . IN PRP VBP , VB IN NN IN DT NN VBZ RB JJ , IN WP PRP MD VB . VB DT NN IN PRP$ NNS IN PRP MD VB WP PRP VBP . NNS CC NNS RB VBP JJR IN NN CC NNS IN PRP . IN NN , IN NNS VBP IN JJR NNS VBP RBR JJ TO VB RB JJ , PRP MD VB IN PRP$ NNS . VBG PRP VB CC NN NN IN JJR NNS MD VB PRP VB VBN IN VBN NNS . VB PRP$ NNS VB IN PRP VBZ JJ TO VB VBN RP IN NNS . NN VBZ . VBG DT NNS CC VBG IN JJ NNS VBP CC NN VBZ RB IN NN MD VB NNS VB NN . VB DT NN NN VB VBG RP IN PRP$ NN . VB VBG IN NN IN DT NN TO VB NNS VB IN PRP$ NNS , IN WRB DT NN NN VBZ NN . VB IN JJ NNS IN PRP$ NNS RB . PRP VBZ JJ TO VB PRP VB IN NNS PRP VBP IN . VB NNS : WP VBP PRP VB IN DT NNS . WRB VBP PRP VB DT NNS VB . JJ NNS RB VB NN IN NN NNS ."
799,128,conspiracy,"NNP VBD TO VB NNP NNP IN NN NN NN , CC PRP VBD DT JJ NN PRP VBZ IN RB RB WRB CD JJ JJ NNS VBD VBG IN NNS CC NN , WRB DT CD HYPH NN '' NN '' CC DT CD HYPH NN JJ NNS MD VB VBN IN DT NN NN NNS IN DT JJ NN , RB NNS RB . EX VBD DT NN IN JJ NNS , RB , CC DT NN VBD PRP$ CC PRP$ NN , IN JJ . CC CD NN VBD IN DT JJ NN , CC PRP RB VBZ TO VB DT RBS JJ IN DT IN PRP : NNP NNP . DT NNP VBD CD IN PRP$ JJS NNS IN DT NNP JJ NN VBN IN NNP . IN NNP NN CC NN NNP NNP , DT NNP NNP , VBD IN DT NN , DT NN NN POS NN NNS VBD TO VB CC VB NNP IN DT `` NN '' NN IN PRP$ NN IN NNS CC NN . IN JJ NN NNS VBP JJ , DT JJ NNP NN VBZ RB VBN IN VBG NN IN DT NNP POS JJ NN HYPH NN IN NNS VBG NNS IN NN IN JJ HYPH NNPS . CC IN NN DT JJ NN : VBG NNP , CC DT NNP VBP VBN IN JJ NNS TO VB DT NN , VB DT NN CC VB VBG IN NNS VBP DT NNS IN NN RB . CC IN PDT DT JJ NNS , NNP VBZ DT JJ NN WP VBZ RB VBN JJ NN IN DT JJ CC RB JJ NN NN VBN IN JJ NNS IN DT JJ JJ NN WDT VBZ VBN IN NNP NNP NN NNS . IN DT NN , PRP VBD JJ IN NNP VBD VBG TO VB NNP IN DT NN . NNP VBD VBN DT NN WDT VBD VBN IN DT IN DT JJ JJ NN WDT VBZ , RB , IN NNS VBP DT NN RB CC IN IN JJ PRP MD RB RB VB VBN IN JJR NNS IN NNS . VB JJR NN IN DT IN VBG VBN : VB DT JJ NN NN IN PRP$ JJ NNS . VB JJ NN , NN NN NNS , NNS , NNS CC JJR . VB PDT DT JJ NN IN NNP , NNP , NNP CC NNP . VB PRP$ JJ NN CC NNS RB IN DT NN . VB RB . DT NN IN DT JJ NNP NN RB VBD PRP IN VBG RB RB JJ TO VB DT NNS RB IN NN NN , CC IN PRP VBD DT JJ NNS RB RB . CC WRB NNP VBD DT NN , NNP POS NN VBD DT NN IN NN CC RB JJ . VBG IN PRP VBZ IN NN IN NNS IN NN , PRP RB VBD , `` CC PRP VBP JJR NNS IN DT JJR NN IN NN . '' IN DT NN IN VBN NNS CC NNS , NNP VBZ RB JJ IN DT JJ NNS VBN IN DT NNPS IN NNP NNP CC NNP , RB RB IN DT NN NN WDT PRP VBZ . PRP RB VBD RP TO VB DT NN IN NNS CC NN : NN VBZ VBN DT NN . IN PRP VBP DT NN IN , CC PRP VBP VBN PRP , CC PRP VBP VBN PRP , CC PRP VBD PRP$ NNS VBN NN IN , IN DT JJ NN IN NN , IN DT CD CC CD NN NN IN NN , JJ JJ NN , CC PRP VBP DT JJ JJ NN , CC PRP VBP : PRP VBP , PRP VBZ RB IN PRP VBZ VBN IN DT NN , RB IN DT NN , CC PRP VBP VBN RB JJ NNS , NNS WDT VBP IN PRP , RB DT JJ NN , CD HYPH NNS HYPH JJ , CD HYPH CC , DT HYPH NN HYPH NNS HYPH JJ , DT NN , DT JJ NN VBD TO VB DT NN , CC VBD RB , CC DT NN RBR VBD DT JJ NN , VBD RB , RB JJ , RB VBZ JJ . : PRP VBP IN NN IN NNS -LRB- CC -RRB- VBP PRP IN DT JJR NN IN NN , JJ NN , CC RB IN JJ NNS . PRP VBP PRP VBP VBG TO VB : PRP VBP PRP VBP VBG TO VB DT JJ NN IN NN . VBG NNP POS NN NNP VBD IN CD IN CD JJ NNS IN DT JJ JJ NN HYPH NN NN NNP NNP NNP : IN DT JJ NN IN VBG PRP TO VB NNP IN PRP$ NN . CC IN VBG PRP$ JJ NN IN NNS , NNP VBD VB DT : `` PRP VBP RB VBG NN RB JJ IN RB JJ DT NN IN NN . '' RB EX VBD CD NNP JJ NNS IN DT JJ NN : IN PRP VBP RB JJ NNS RB RB CC IN RB JJ NNS . RB , RB IN NN , DT NNP NNS VBD IN DT JJ NN IN DT JJ NN , NNP NNP NNP , NNP HYPH NNP , CC PRP RB , VBD WP DT NNP CC NNP VBD : PRP VBP RB IN NNS , CC PRP VBP RB IN NN . PRP VBP JJ IN WRB PRP VBP VBN RP . PRP MD TO VB DT NN TO VB RP DT NNS DT JJ NN . VB PDT DT JJ NN DT NN NN CC RB IN NNP . NN ."
800,1076,mainstream,"`` PRP VBP JJ NN TO VB IN DT NN , RB , VBZ NN '' , NNP HYPH NNP NNP NNP VBD IN DT NN NN IN DT NNP NNP NNP , VBN TO VB CC VB JJ NNS IN NN HYPH CD HYPH JJ NNS CC TO VB JJ NN NNS CC NNS IN JJ JJ NNS . NNP HYPH CD , DT JJS JJ NN NN IN DT NN , VBZ VBN NNS IN DT NN IN DT JJ NN . IN `` DT RBS JJ JJ NN NN IN NN '' , NNP NNP VBD DT `` VBG NN '' IN NNS , IN VBG NNS IN NNS IN NNS DT NN , VBG NN CC VBG NNS IN NNS IN NNS , NN CC NN . PRP VBD IN DT NN HYPH CD NN MD VB VBN IN `` DT JJ JJ NN : DT NN POS NN '' . DT NNP NN VBD DT `` JJ NN '' IN NNP , DT NN NN , CC PRP$ NNS IN VBG NNS IN DT NNS CC NN NNS IN DT NN TO VB NNS . `` DT NNP NNPS VBZ JJ TO VB NN IN DT NN IN JJ NN NN '' , PRP VBD , VBG PRP$ NN IN VBG NN IN DT JJ NN , '' IN EX VBZ RB JJ NN TO VB '' . IN DT NN IN CD CD NNS VBG PRP$ JJ NN IN NNS CC CD HYPH IN HYPH CD VBG VBN DT NNS IN DT , NNP NNP VBD RP IN IN DT NN IN NN HYPH CD , `` PRP$ NN VBZ RB RBR JJ '' . PRP VBD DT NN IN VBN NN NNS CC VBG NNS IN JJ NN NN . DT NNP HYPH NNP VBD IN CD JJ NNS , VBG IN VBG JJ NNS TO VB VBG NNS , `` RB IN NNP HYPH CD VBZ '' . RB , PRP VBD IN NN HYPH NN NNS VBP VBN TO VB DT NN IN JJ JJ NN NNS . CC RB , WRB DT NN HYPH CD NN VBZ VB JJ , IN PRP VBZ NN . `` NN VBP DT NNS '' , VBD DT NNP NN , `` DT VBZ WRB DT RB VBN NN MD VB JJ TO VB PRP VBP TO VB IN DT NNP NNP NNPS -LRB- NNP -RRB- '' . VBN IN DT NNP NNP , NNS IN IN DT NN VBD PRP$ JJS NN IN DT NN , IN DT NN IN , CC NN IN , DT JJ NN `` NNS VBP , CC CD NN NN IN DT NN POS NNS VBP VBN VBN IN JJ NN '' , VBD NNP NNP NNP NNP NNP . `` IN DT NN IN DT JJ NN PRP VBZ RB VBN RBR JJ TO VB NN TO VB IN NN NNS CC VB IN NNS TO VB NNS '' . DT NNP IN NNP , NNP NNP NNP NNP , VBD VBN JJ NN `` RB RB DT JJ CC JJ NN , PRP VBZ RB IN DT NN IN DT JJ JJ NN . PRP VBZ PRP$ NN IN DT JJ NN TO VB JJ DT RBS JJ VBP RB VBN IN '' . NNP POS NNP , NNP NNP NNP HYPH NNP , VBD IN PRP VBD `` JJ '' RB TO VB DT NN TO VB DT NN IN VBG JJ JJ NNS CC `` TO VB JJ NNS TO VB NN NNS IN NN HYPH JJ NNS '' . NNP NNP , NNP HYPH NNP NNP , VBD DT NN IN NNS IN VBG IN PRP$ NN VBD VBN JJ NN IN CD NN NN IN CD , IN CD NN NN NN , VBG RP IN '' IN CD , CD CD NNS VBP VBN VBN IN DT NN IN JJ NN IN IN DT NN IN DT NN NN '' . NN NNP NNP VBD NNP POS VBN NN , VBG , `` PRP VBP TO VB DT NN IN JJR IN CD CD JJ NNS TO VB DT JJ NN . PRP VBP VBG RB CD CD JJ NNS : RB RB DT NN . '' JJ NNP NNP NNP NNP VBD : `` RB , PRP VBP VBN DT NNP CC RB VBZ DT NN PRP VBP VBN VBG IN : PRP VBP VBN DT JJ $ CD CD IN NNP POS JJ NN IN DT JJ CD NNS '' ."
801,280,mainstream,"PRP$ NN IN NN , DT NN NNS VBD IN VBN NNS IN JJ NNS TO VB DT NNP POS NN NN IN JJ NNP , DT NN VBN IN JJ NNS IN CD NNS . DT JJ NN , RB IN DT JJ NN , VBD IN DT NN , JJ . NNP NNP , DT JJ HYPH VBN NN VBN IN PRP$ JJ NNS IN NNS IN JJ NNS , VBZ DT NNP POS NN IN DT `` JJ NN . '' DT NN MD VB IN DT VBG NN , IN JJ NNS VBG JJ NNS WP VBD TO VB , PRP VBZ , IN DT JJ NN NN PRP VBP IN PRP$ NN TO VB RP NNS . CC PRP VBD DT JJ NN IN DT NN , RB , DT NN TO VB IN WP NNP VBZ `` JJ NN , '' WDT VBZ TO VB VBG DT JJ NN . DT NNS VBD IN IN DT NN , VBD DT NNS IN CD NNS IN NN CC VBD DT IN PRP CD NNS IN DT NN NN . IN CD , DT RB CD HYPH NN HYPH JJ NNP , VBG DT NNP NN IN PRP$ NN CC RB DT NN NN IN PRP$ VBN NN , VBD NNS IN NNP , DT NNP NNP IN NNP , NNP CC NNP IN , CD NNS IN DT NN , PRP VBD NNS IN NNS IN NNS IN DT VBN NN TO VB DT NN IN NN IN CD . PRP VBD CD NNS RB IN NNP , DT JJ NN , VBD VBG NNS VBN IN RB NN CC NN : VBN NNS , NN NNS , JJ NNS . PRP VBZ PRP MD RB VB DT NN IN NNP , DT NNP NNP NNP -LRB- NNP -RRB- CC NNS IN DT NN NN NN TO VB PRP , CC RB VBD DT JJ NN WDT , IN JJ IN DT NN POS NNS , VBZ RB JJ . `` PRP VBZ VBN RB JJ IN PRP TO VB IN DT NN WDT MD VB IN NN , TO VB DT NN IN NN , '' PRP VBZ . PRP$ NN NNS : VBG IN NNS , NN NNS CC IN DT NN NN , NNP VBN CC VBD VB NN IN DT NN NN , WDT VBZ RB VBN $ CD CD CC MD VB DT $ CD CD , $ CD CD IN WDT VBZ RB TO VB VBN . VBG RP NN MD VB RBR JJ IN NN NNS RB VBD , VB NNS IN DT NN , CC DT NN RB RB VBZ VBN JJ . IN CD , CD NNS IN DT JJ NN IN DT NNP NNPS , DT NNP VBD DT NN IN VBG NN : IN DT NN RB , DT CD NNS IN CD NNS VBD DT VBG JJ NN . IN CD , DT JJ NN IN WDT JJ NNS VBP JJ , JJ NN IN DT JJ NN VBD VBN VB DT NN IN JJR IN CD NN , IN JJR IN CD NNS RB IN CD NNS : NNP , NNP , NNP , NNP , NNP , NNP , NNP , NNP , NNP CC NNP . JJ NN NN VBZ IN JJ RB IN JJ , RB VBN NNS CC NN HYPH VBN NNS . CC NN NNS VBP VBN NNS . IN NNP , VBG NNS VBP VBN VBG TO VB NNS IN NNS . IN NNP , NNS VBP VBN NNS TO VB NNS . VBG IN DT NN POS NN , DT NN MD VB VBN IN DT NN IN JJS CD JJ NNS TO VB JJ NN . TO VB DT NN IN DT NN , NN NNS VBP , CD CD NN NNS CC NNS MD VB TO VB DT CD NNS . DT NN VBZ TO VB RB NN JJ IN NN RB , RB VBG DT NN IN PRP$ JJ VBN NN . PRP RB VBZ IN JJ NN IN NN VBN IN JJ NN IN DT VBN NN . VBN , DT NN VBZ DT NNS IN JJS NNS . CC IN RB CD IN CD , RB NNS , PRP VBZ DT JJ JJ NN , VBG JJ NN WDT MD VB DT NNS , NNS CC NN NNS . RB CD NN IN NN NNS VBP . IN DT NNP NNPS , DT NN VBD IN CD , IN CD NNS VBN DT NN , VBN IN JJ IN DT VBN NN IN NN NNS CC VBD JJ NN NNS . NNS VBN DT NN : RB DT JJ , VBN HYPH NN NN VBN IN CD IN NNP NNP NNP , RB DT JJ NN , VBN IN CD IN NNP NNP NNP . NN POS NN NN VBZ IN DT JJ NN IN PRP VBZ JJ NN , VBZ JJ TO VB CC VBZ JJ , RB RB CD NNS DT NN VBN IN $ CD IN DT VBN NN . CC , RB , DT JJ NN , WDT VBZ CD NNS IN VBN NN NN , VBZ DT NN IN DT NN NN : DT VBN NN MD VB IN DT JJ NN IN DT RBR JJ NN CC VBN IN NNS , VBG NN . -LRB- IN DT NN , NNS IN DT NNP NNPS VBP RB DT JJ , NNP NN . -RRB- NNP NNP `` NNP '' NNP , DT NNP NNP NNP JJ NN NN WP VBD DT JJ NN TO VB NN , VBZ DT NN IN NN NNS VBN IN DT JJ NN VBZ CD IN JJ NNS IN VBG DT NN RB MD VB JJ , PRP RB VBZ IN NNS IN NN NNS MD VB DT NN IN NNS , RB VBG PRP IN DT NN NN VBZ . NNP , WP VBZ DT `` JJ NN VBN IN DT NNS TO VB NN , '' RB VBZ IN VBG DT NN NN CC VBG RB IN `` VBG '' DT NN . IN NN , NNP , WP VBZ DT NNP NNP IN NN , VBZ IN DT NNS VBN IN VBG NN RB MD VB RBR VBN IN NN , NN CC NN , WDT VBP RB RBR JJ IN NN IN DT VBG NN . NNS IN NN NN VBP IN NNS VBN IN DT JJ NN VBP RB JJ , IN RB CD VBN RB IN CD , VBG IN JJR IN CD NNS IN NN : IN NNS , DT NN VBZ RB IN TO VB DT NN CC , RB , WRB TO VB RP DT JJ NN IN NN NNS VBP . RB , PRP VBP , DT NN IN VBG NN IN DT NNP NNP -LRB- IN CD -RRB- , IN DT NNP VBG NNP -LRB- CD -RRB- CC IN NNP -LRB- CD -RRB- VBZ IN DT JJ MD VB VBN IN DT NN IN DT NN . NNP POS `` JJ '' NN , VBZ NNP IN NNP NN NN NNP NNP NNP , VBZ `` JJ CC VBG IN PDT DT NNS VBG TO VB DT NN DT NN . '' TO VB RP RB , VBZ NNP NNP NNP , NN IN JJ NN IN DT NNPS IN NNP NNP CC NNP , MD VB IN `` VBG NN IN DT NNS IN NN . '' NNP , IN PRP$ NN , VBZ PRP VBZ JJ TO VB RP `` RB JJ IN DT NN IN VBG . '' PRP VBZ PRP VBZ DT NN , CC PRP VBZ PRP IN DT NNS , NNS CC NNS WP , IN PRP VBZ PRP IN PRP$ JJ HYPH VBN NNP , `` VBP DT NNS IN DT JJ NN IN DT NN . ''"
802,1245,conspiracy,"NNP NNP NNP VBZ RB VBN RP IN DT NNS IN NNS , CC VBZ VBN PRP VBZ IN NNS VBP NN VBG IN DT NN NN VBZ JJ , NNP VBD `` PRP MD RB VB RBR . PRP VBP VBN NNS WRB PRP VBP DT RB JJ NN , CC PRP VBP IN DT NNS CC DT NN RBR DT NN VBZ RB RBR JJ . '' `` PRP VBP VBN TO VB RB JJ IN DT NN , '' NNP VBD RP TO VB . `` PRP VBP , PRP VBP DT NN : CC PRP VBZ DT NN WDT DT NNS VBP IN : CC DT VBZ DT NNS . PRP RB VBD NN IN DT . DT VBZ RB DT NN . PRP VBZ RB , RB RB IN DT JJ CD NNS . PRP VBZ RB RB IN DT JJ CD NNS . CC , PRP VBP , WRB PRP VBP DT JJ NN WDT VBZ IN CD NNS IN DT NN POS NN CC PRP VBP PRP IN JJ , JJ JJ NNS : PRP VBP RB IN NNS , CC PRP VBP WRB PRP VBP DT IN DT NNS RB CC RB CD NNS RBR DT NN VBZ RB JJ RB NNS IN JJ NNS VBP VBN . PRP RB : PRP VBP VBN NNS . '' LS . NNP NN VBZ NNP NNP VBZ JJ IN NNS CC NN IN DT NN IN NNS CC NNS IN DT JJ JJ NNS , DT JJ NN VBZ VBN IN PRP RB VBZ IN EX VBZ DT NN IN `` JJ '' NNS CC NN . PRP VBZ VBN IN VBG NNS IN JJR NNS IN NN MD VB NN NNS IN NNP NNS . IN VBG VBN IN DT JJ NN IN DT JJ NN IN PRP$ NNS , NNP NN NNP NNP NNP VBZ VBN NNP POS NNS : RB , IN DT NN IN NNS CC NN VBZ JJ . NNP NNP NNP IN NNP VBD VB DT NN IN DT NNP IN NNP NNP -LRB- NNP -RRB- . PRP RB VBD DT NN IN DT NNP NN VBN IN NNP NN NNP NNP NNP . IN DT NN , NNP NNP VBD IN VBG NNS IN DT NN WDT VBD IN NN NNS VBD JJR IN JJ JJ NNS WP VBD DT NN NN IN DT NN IN CD . -LRB- CD `` RB IN DT NN NN , NNS VBG NNS IN PRP$ NNS POS NN VBP TO VB DT JJS NN JJ IN PRP . PRP MD VB JJ TO VB IN JJ NNS TO VB PRP DT NN . IN DT NNS , PRP VBP DT VBG NN IN DT NNP NN , '' NNP VBD . -LRB- CD PRP RB VBD TO VB DT NN VBN IN NNP NNP . DT NN VBD IN DT CD NN VBN IN DT NNP NNP . DT NN VBD IN PRP CC PRP$ NNS RB VBD NNS IN DT NN WDT VBD IN JJ JJ NNP HYPH VBN NNS IN DT NN IN CD VBD DT CD NN VBN NN IN NN . VBG IN DT NN , DT NNP VBD DT NN IN NNS TO VB IN PRP MD VB DT NN . DT NNS VBD TO VB PRP$ NNS . RB , NNP NNP VBD NN NNS CC JJ NNS IN DT VBN NNS IN JJ NNS . -LRB- CD -RRB- `` NNP NNP , PRP VBP PRP VBZ PRP$ NN TO VB IN DT NNS WDT NNP NNP VBP RB VBN . RB PRP MD VB PRP IN NNS IN NNP CC DT NNP NNS IN NN . VBG DT NN IN DT NN POS NNS RB RB IN DT NN IN DT NNP , DT NN CC DT JJ NN VBZ VBN , '' NNP VBD . -LRB- CD -RRB- IN DT NN VBZ IN NNS , DT JJ NN VBZ TO VB DT NNS . RB , PRP VBP TO VB NNP NNP IN DT NN IN VBG IN EX VBZ DT NN IN NNS CC NN . DT JJ NN VBZ DT NN CC VBZ DT NN . NNP VBZ RB VBN RP IN DT NN NN IN DT JJ NN POS NN IN PRP$ NNS . IN CD , PRP VBD IN DT JJ NN NN NNP NNP POS NN VBG : `` PRP VBP VBN NNS WDT VBD RB JJ NNS , VBG DT CD NN , NN JJ , JJ IN DT NN , CC PRP VBP IN DT NN CC VBP DT NN IN DT JJ NN , IN NN IN CD NN , CC PRP VBP RP IN JJ NN . '' -LRB- CD -RRB- IN NN , NNP VBD IN DT NNP NNP NN NN IN CD : `` PRP VBP VBN NNS WRB PRP VBP DT RB JJ NN , CC PRP VBP IN DT NNS CC DT NN RBR DT NN VBZ RB RBR JJ . '' -LRB- CD -RRB- NNP VBD JJ NNS IN DT NN IN NNS IN CD , IN DT NNP NN VBD IN NN NNS IN NNP NNS VBD VBN IN CD NN IN DT JJ CD NNS . -LRB- CD -RRB- DT NNP NN WDT VBD IN NNP POS NNS VBD RB RB VB WP VBD DT NN IN NN NNS . VBN NNP NNP POS JJ NN , RB , PRP VBZ JJ TO VB IN IN JJS CD NN ."
803,1279,mainstream,"DT NN IN JJ NN NNS IN DT NNP IN NNP CC DT NNP HYPH VBN JJ NN VBZ VBG VBN IN CD NN IN DT `` NN NN '' IN JJ NNS . NNP POS NNP NNP NNPS VBZ VBG IN NN IN DT NNP CC NNP NNP NNP HYPH NNP NNP NNP -LRB- NNP HYPH NNP -RRB- TO VB CC VB DT NN HYPH VBN NN IN DT JJ NN HYPH CD NN . `` PRP VBZ RB IN PRP$ JJ NN NNS RB RB , '' VBD NNP NNP NNP , DT JJ NN IN NNP HYPH NNP , IN NNP . `` PRP VBP DT RBR JJ NN VBZ VBG IN DT NN NN NN IN NNP TO VB IN PRP$ NNS IN VBG NN MD VB JJ IN NN HYPH CD , CC RB RB VB CD IN NN HYPH CD , CC JJ JJ NNS . '' NNP , NNP VBZ RB VBN CD NN NN NNS , IN NN CC NN . DT NN VBZ DT JJ NN IN DT NN TO VB DT NN NN IN NN NN . RB , NNS VBN IN NN VBP VBN VBG JJ CC JJ NN CC DT VBZ WP PRP VBD VBN VBG IN NN NN . NNP VBZ NNP HYPH NNP VBZ VBN NNP IN DT NN NN RB . DT JJR NN NNS EX VBP , DT JJR NNS MD VB VBN , NNP VBD . JJ NNS MD VB IN JJ NN NNS CC VB JJ NN IN NN , IN NN . `` WP NN VBZ TO VB VBZ RB RB DT VBP DT NN NNS , '' NNP VBD . `` PRP VBP RB , RB JJ NN NNS : CC DT NN RB VBZ WP DT JJ NN NN MD VB , WDT PRP MD VB DT JJS NN CC WDT PRP MD VB RP TO VB DT NN . '' VBN NN HYPH NNP POS NN IN NNS IN NNS IN NN , NNP VBZ DT NN MD VB VBN . NNP POS NN MD VB DT NN POS NN IN DT JJR NN . IN NN CC NN VBZ NNS , PRP VBZ DT NN TO VB DT JJ NN IN NN NN . `` NNS VBP TO VB UH RB , RB JJ NNS IN NNS , RB IN PRP VBP PRP TO VB NN , PRP MD VB PRP RB RB CC RB CC RB RB , '' VBD NNP NNP , NN IN NNP CC DT NN IN NNP POS JJ NN NN . NNP VBD PRP VBD VBG RP RB CD NN CC VBD IN NNS VBP NN HYPH VBN , IN DT NNP NN MD VB VBN TO VB DT NN . PRP RB VBD RP IN NNP HYPH NNP . `` DT NN VBZ NN , IN PRP VBP , CC DT NN IN NN , '' NNP VBD . JJ IN DT NN VBN IN NNP HYPH NNP VBZ VBN TO VB VBN CC JJ IN JJ NN IN JJ HYPH JJ NNP , WRB PRP MD VB VBN PRP RP IN NNS , NNP VBD ."
804,662,mainstream,"DT NN , DT JJ NNS IN DT JJ NN IN DT JJ NN HYPH CD NN VBD VBN NNS , VBG DT JJ NN IN DT JJ NN TO VB DT NN . NNP NNP NNP NNP NNP IN NNP VBD DT NN HYPH CD NN IN JJ NN CC VBD VBG DT NNS IN NNP . DT JJ NN TO VB DT NN IN DT JJ NN VBD CD HYPH NN HYPH JJ NNP NNP , DT NNS NN IN DT JJ NN NN , VBG IN DT NNP NNP . `` PRP DT VBP RB JJ . DT VBZ DT JJ NN IN PRP TO VB NN , '' NNP VBD , VBG IN PRP$ CD NNS `` VBP PRP VBZ JJ '' IN PRP VBZ VBG NN IN DT NN . RB , CD NNS , NNS CD IN CD , MD VB CD NNS DT NN IN DT NN IN RB CD NNS , VBG IN DT NNP NNP NNPS IN NNP -LRB- NNP -RRB- . DT NNP NNP IN NNP CC NNP NNPS -LRB- NNP -RRB- , NN IN DT NNP , VBZ VBG DT NN . DT NN VBZ VBN NNP HYPH CD CC VBD VBN IN NNP , CC NNP , NNP , DT NNP , NNP HYPH VBN NN NN . `` VBG DT JJ CC JJ NN TO VB NN IN NN HYPH NNP HYPH CD VBZ DT JJ JJ NN NN , '' NNP NN NNP NNP VBD . `` DT NN CD NN , VBN IN NN NN , VBZ DT JJ JJ NN IN VBG DT NN . '' JJ JJ NN HYPH CD NNS VBP VBG VBN IN DT NN , VBG IN DT NNP NNP NNP NNP IN NNP . IN NNP POS `` NNP NNP NNP , '' NNP NNP VBD IN NNS RB TO VB JJR IN DT JJ NNS . NNP NNP NNP , DT NN IN DT NNP NNP NNP NNP IN NNP , VBZ VBG DT JJ NN WDT MD VB DT NN IN VBG IN DT NN POS NN . `` IN PRP MD RB VB IN PRP$ NN NNS , PRP MD VB DT NN , '' NNP VBD . RB , DT NN IN DT NN NN MD VB CD IN CD NNS TO VB , NNP VBZ . RB , NNP NNP NNP NNP HYPH NNP VBZ VBG IN DT NN WDT NNS WP RB VBP DT NN MD VB . `` WP PRP VBP VBG TO VB RB VBZ DT JJ NN WDT MD VB DT NN CC RB VB PRP IN DT NN IN PRP VBP RB RB VB PRP IN DT NN IN DT NN , '' PRP VBD NNP . NNP HYPH NNP VBZ DT VBG NN VBN IN NNP MD VB IN DT JJ NN RB RB . `` PRP VBZ JJ IN DT JJ NN IN NNS CC IN DT JJ NNS VBP IN PRP VBZ VBN RB PRP MD VB JJ IN JJR NN IN NNS , '' PRP VBD . PRP VBZ RB RB VBN VBN JJ CC MD VB VBN IN DT NN NN . NNP HYPH CD , DT NN VBN IN DT NN , VBZ VBN IN JJR IN CD NNS IN DT NNP NNPS , VBG IN NNP NNP NNP NNP NNP . RB , DT NN NN VBZ RB CD , IN DT RBS JJ NNS RB VBG IN NNP CC NNP . NNP NNP NNP , DT JJ NN IN DT NNP NNP NNP IN NNP NNP , VBD NNP IN DT JJ NN IN DT NN NN WDT `` IN DT NNS PRP VBP RB VBG VBN IN DT NNP NNPS . ''"
805,339,conspiracy,"NNP VBZ VBN NNP IN VBG DT NN IN NN NN NNP NNP RB VBG NN CC NN . NNP VBD PRP MD VB DT NN NN NNS VBG NN CC NN IN DT NN TO VB DT VBG NN NN IN NNP HYPH CD . IN NNP , DT JJ HYPH VBN NN IN NNP VBD VBN IN NNP CC DT NNP NNP NNP NN , IN JJR IN CD JJ NNS VBG IN NNP RB . NNP VBD DT NN RB IN DT NN VBD , IN DT NN VBD IN NNP NNP POS NNP IN NNP . RB IN NNP NNP VBD NNP , DT NN VBD VBN IN VBG NN NNS . NNP VBD DT NN IN NNS VBG IN DT NN NN , IN VBN , MD VB `` NN NNS '' WDT MD VB NNS TO VB VBN . DT JJ NN VBD IN DT NN NN VBD DT `` NN '' CC DT NN TO VB DT NN IN NNS . IN DT JJ NN IN NNP NNS IN JJ NNS IN NN , NNP VBD : `` IN PRP VBP IN DT NN CC IN NNP VBZ CC VBZ WRB PRP VBP TO VB PRP , JJ NN IN PRP VBP PRP , PRP VBZ RB . '' NNP VBD PRP VBZ VBN IN VBG NN WDT MD VB IN JJ NN CC VBZ CD NN WDT VBZ NN IN PRP$ NN . IN DT NN , PRP VBD : `` IN JJ NNP , PRP VBP VBN DT NN IN NN IN NNP HYPH CD WDT MD VB IN JJ HYPH NN NN . `` DT VBZ NNS WDT VBP JJ NNS IN NNS , NNS , DT NN IN JJ NNS CC DT NN CC NN IN DT NN ."
806,655,conspiracy,"DT NNP HYPH CD NN RB JJ NN NN . CC DT JJ NNS VBD VBN IN NNP CC EX VBD RB DT NN . DT VBG NN IN NNP NNP NNP VBD RB VBN IN NNP NNP IN NNP CD , CD , VBG DT JJ NNS IN DT NN VBN IN NNP NNP IN JJ NNS IN NNP IN NNP CD . DT NN VBZ IN DT JJ NN VBN IN NN CC NN NN . RB , NNS IN NNS IN NNS NNP VBP IN NN . WP VBZ DT JJ NN IN DT NN IN DT NN HYPH CD NN . DT JJ NN IN DT JJ NN NN NN VBZ DT NNP IN NNP NNP NNPS -LRB- NNP -RRB- DT NN VBN CC VBN IN DT NNP NNP NNP -LRB- NNP -RRB- CC DT NNP CC NNP NNP NNP . VB DT NN : DT NN IN DT CD NNP NN VBD VBN IN DT NNP NNP NNP NNP -LRB- NNP -RRB- DT NN JJ IN DT JJ NN IN DT NNP IN DT NNP NNP NNP NNP -LRB- NNP CD -RRB- IN DT NN WRB DT NN IN `` VBN NNS '' NNP -LRB- IN NNP -RRB- VBD CD -LRB- VBG CD IN DT NNP -RRB- . DT NN VBD VBN IN DT NNP IN NNP CD . CC CD NNS RBR , RB VBN IN DT NN , DT JJ NNS VBG JJ NNS VBD VBN IN NNP IN NNP CD . NNP VBZ VBG DT `` NN '' NN IN DT NN NN DT NN IN WDT VBZ DT `` JJ NN NN '' , IN NN IN DT JJ NN IN `` NNS '' . PRP VBD NN IN PRP$ VBG NN IN NNP CC DT NNP IN NNP -LRB- NNP -RRB- . IN NN , NNP VBD -LRB- NNP CD -RRB- PRP$ NN IN NNP , NNP CC DT NNP NNP NNP IN NNP CC NNP NNPS -LRB- NNP -RRB- VBN IN NNP NNP NNP , WP VBZ VBN JJ IN VBG DT NN CC NN NN IN NNP : `` CD NNS JJR IN JJ NN '' . VBG IN DT NN IN DT NN VBG IN NNP POS NN -LRB- WDT VBZ RB VBN VBN -RRB- : NNP VBZ VBG RB IN JJ JJ NNS . DT NNP NNP IN DT NN VBZ VBN TO VB DT NN HYPH CD NN IN DT NNP . IN NNP NN , DT NN VBG DT NNP POS JJ NN IN DT JJ JJ NN NN CC NNP POS NN TO VB NN NN IN NNP , NNP VBD PRP$ NN IN NNP NNP , DT JJ HYPH VBN JJ NN . DT JJ NNS RBR , IN JJ NNP , NNP '' VBD IN JJ NN NN NNP MD VB PRP$ JJ NNS : NNS WDT VBP DT NN IN NNS : TO VB VBN IN DT NN '' . -LRB- DT NN VBD RB VBN IN NNP CD -RRB- EX VBP JJ `` JJ NNS IN DT NN '' IN `` NNS IN NN NNS IN DT NN VBG TO VB DT NN IN NN HYPH CD '' . IN NN DT NNP CC DT NNP VBP RB VBG IN DT NN NNS IN NN IN JJ JJ NNS , IN DT NNP NNP `` VBG IN IN $ CD CD IN JJ NN IN DT NNP NN '' IN PRP VBD VBN IN NNP `` VBD VBG TO VB JJ NN IN DT NN HYPH CD NN PRP VBZ VBG '' , IN DT NNS IN NNP VBN IN NNP NNP NNP . DT NN VBD RB VBN CD HYPH NNP IN NNP CC DT NN : RB DT JJ NN IN DT VBN IN DT NNP HYPH NNP HYPH NNP NNP NN CD VBG IN DT NN NN NN VBN IN NNP IN JJ NNP CD . DT NN CD NNP NNP NN VBD DT NN IN DT JJ NN IN NN IN NNS IN NNS -LRB- IN DT NNP CD NN -RRB- IN DT CD NN . DT NN VBD DT NN IN WDT DT JJ NN IN DT NN MD VB VBN . `` IN DT JJ NNS IN DT NN , DT JJ NN IN NNS -LRB- IN DT NN -RRB- VBZ RB , VBG DT NN . CC IN DT NNS CC NNS VBP , DT JJ CC JJ NNS VBP RB JJ . '' NNP -LRB- IN NN IN NNP HYPH NNP , WDT VBD DT NN NN -RRB- VBZ RB VBG DT JJ NN IN DT JJ NN -LRB- JJ . -RRB- NN NN IN NN IN NN NNS , NNP NNP , NN NNS RB RB IN NN NNS . DT VBG NN IN NNP VBD VBN RB CD NNS JJ IN DT JJ NN IN DT NN IN NNP CD . `` PRP VBP VBG NNS IN DT JJ NN IN JJ NNS '' . CC JJ IN DT NNS VBZ : WP VBZ DT NN TO VB RB JJ NNS IN NN IN DT NN NN WDT VBZ RB JJ IN WP NNS VBP TO VB RB JJ MD VB DT NN , IN PRP VBZ RB RB RB . . '' -LRB- NNP NNP , NNP NN IN NN IN ADD -RRB- . . DT JJ NN VBZ TO VB DT JJ NN . IN NN , NNP VBD IN DT NN TO VB DT NN VBN RB RB JJ IN DT NN CC NN IN DT NN -LRB- NNP CD -RRB- CC JJ NNS JJ IN DT NNP CD NN NN . WP VBZ VBG IN JJ NN VBZ IN DT NNS JJ IN DT NNP CD NN NN IN NNP NNP . DT NN VBZ WRB TO VB NNS IN NN NNS IN DT NN IN DT NN MD VB . DT NNP VBN NN NNS VBD RB VBN PRP$ NNS RB IN NN IN DT JJ JJ NN NN -LRB- NNP NN -RRB- . NNP NNP VBN IN NNP VBZ CD IN JJ NNS VBN CC VBN IN NNP . NNP VBD IN NNP NN DT NN IN `` DT JJ NN NN HYPH CD NN , VBN IN NN SYM CD '' . `` DT JJ NN IN DT NN VBZ RB VBN VBN IN NNP NN NNS IN DT NNP NNP IN NNP CC NNP NNPS -LRB- NNP -RRB- '' VBN IN NNP NNP NNP . IN NNP NNP RB VBD IN DT JJ JJ NNS MD VB IN JJ NNP , NNS VBG JJ NNS VBD IN NNP IN NNP : -LRB- VB IN NN DT NN VBD RB VBN IN NNP CD -RRB- NNS IN NNP VBD DT JJ NN IN DT JJ NN IN DT NN IN DT JJ NN NN NNP : VBG RP DT JJ NN IN NN RB IN DT NN VBZ . NFP DT IN DT NN POS RB VBN JJ NNS , NNS CD IN CD , MD VB JJR NNS IN NNS TO VB WRB JJ DT NNS MD VB . NNS MD VB IN DT NN NNS CC VB NN NNS TO VB IN DT NN VBZ VBG RP DT NN NN , VBG IN VBG NNS IN DT NNP RBR VBN IN VBN NNS . `` PRP VBP RB VB IN DT NN MD VB DT JJ NN , CC IN PRP MD VB JJ . DT VBZ WRB PRP VBP VBG DT NN , '' NNP VBD . `` PRP VBZ RB IN DT NN WRB PRP MD VB JJ CC JJ TO VB PRP IN DT JJ NN . '' -LRB- NNP NN JJ -RRB- IN NNP VBD DT NN IN DT JJ NN IN DT NNP NNP NNP NNP , DT JJ CC JJ NN VBD JJ . PRP VBZ VBN DT NNP NNP , WDT , VBG IN NNP NNP VBZ `` DT JJ NN NN WDT VBZ VBN NN IN DT NN IN JJ NN '' . `` DT NN VBZ VBG NN NN CC NN NNS TO VB NNS IN DT JJ CC JJ RB HYPH VBN JJ NN '' . -LRB- NNP NNP , NNP CD -RRB- DT NNP NNPS IN NNP VBP NNP , DT NNP NNP CC DT NNP NNP IN NNPS CC NNP -LRB- NNP -RRB- IN NNS . PRP VBZ JJ VBG DT NN : DT NNP NNP VBD PRP$ NN IN NNP NNP , VBN `` VBG IN DT JJ NN NNP '' , IN NNP CD , RB CD NN JJ IN NN NN NN VBN NN CD IN NNP NNP IN NNP . VBZ PRP RB DT NN IN NN VBZ VBG VBN RP IN DT NN IN WP DT NNP VBZ DT NN . : CC VBZ DT NN VBN TO `` VB RP '' DT JJ JJ NNS IN NN . -LRB- NNP NNP , NNP CD -RRB- NN VBZ NN IN DT `` NNP NNP '' NN WDT , IN VBN , MD VB RP DT NNS IN WP DT NNS VBP VBN IN DT JJ NN NN VBG IN NN DT JJ NNS IN JJ CD NNS NNP . IN DT NNP IN DT NNP DT NN NN MD VB IN DT NN IN DT NN . MD DT NNS IN DT JJ CC JJ NN VB NNS TO VB VBN . TO VB DT NNP NNP , DT NN NN MD VB . DT NN MD VB VBN . DT VBP PRP$ `` NNS '' , WDT MD VB VBN CC VBN . DT JJ NNS VBG NNP MD VB DT NN NN IN DT NNP -LRB- WDT PRP VBP -RRB- , DT JJ NN IN DT JJ NN IN RB JJ NNS IN JJ NNS . RB , PRP MD VB TO VB NN CC NN IN DT NNS IN DT NN , WRB PRP MD RB VB VBN -LRB- IN DT NN -RRB- , WDT VBZ RB DT NN IN NN IN NNS CC NNS IN JJ NNS VBG DT NNP . IN JJ NNS , NN VBZ VBG VBN TO VB NNS IN CC NNP CC NNP NNP . NNP NNP VBZ JJ IN VBG NN IN WRB NNP HYPH CD MD VB VBN . DT NN VBZ JJ . PRP VBZ RB VBG DT NN . VB DT CD NNP NN NN NN WRB NNP POS NNP IN NNS IN NNP CC NNP VBD DT NNP NN IN DT CD JJ NN NN IN VBG DT NN IN DT NN VBD RBR JJ . -LRB- NNP : VB NN NN NN JJ : NNP NNS -RRB- VBN IN JJ CC JJ NNS , DT NNP NN NNP VBD IN NN WDT : `` RB JJ IN CD CD NNS MD VB VBN IN DT JJ CD NNS : RB CD HYPH NN IN DT NN NN . '' -LRB- NNP NNP NNP IN VBN IN DT JJ NN , NNP CD -RRB- . PRP VBD DT JJ NN IN NNP NNP VBN IN DT NNP POS NN HYPH NNP NNP NNP . IN DT JJ NN PRP VBD IN : `` NN NNS MD VB CD CD NN NN NNS IN NN IN DT JJS HYPH NN NN '' , NNP NNP , NNP HYPH NNP , NNP NNP NNP -LRB- NNP -RRB- , VBN IN NNP , CD NNP CD -RRB- . `` NN NN MD VB RP IN CD NN IN NNPS IN DT JJ CD NNS CC RB JJ IN JJ CD CD MD VB IN DT NN NN CC JJ NNS VBP RB JJ . '' -LRB- NNP NNP IN NNP NNP , NNP NNP , CD NNP CD -RRB- . EX VBD DT NN VBG CD CD NNS . NNS IN NNS IN NN NN NN VBD VBN VBN IN JJ NNS IN NNP NNP . NNS IN NN NNS VBD RB VBN : DT JJ NN IN NNP NNP , DT NN NN IN JJ NNS . EX VBD DT NN IN WP VBD IN DT JJ NN . JJ NNS VBD IN DT NNP NNP VBD `` NNP '' DT NNP NNP IN DT NNP IN NNP -LRB- NNP -RRB- , DT JJ NNS NN , VBZ RB VBG DT NNP POS NNS IN VBG DT NN . RB , DT NN IN PRP$ JJ NN NN , NN NNP NNP , VBZ VBN DT `` JJ NN '' VBZ `` CD IN DT JJS NN NNS IN DT NN . '' -LRB- NNP NNP , NNP , NNP CD , CD -RRB- NNP HYPH CD VBZ NNP NNP NNP RB VB VBN RP RB . PRP VBP RB IN DT NNP , PRP VBP NN TO VB . EX VBP JJ NNS TO VB VBN IN DT CD NNP NN DT NNP HYPH CD NN VBZ RB RBR JJ CC JJ IN DT CD NN . DT NNP HYPH CD NN VBZ VBN DT NN CC DT NN IN VBG DT NNS IN JJ NNS , VBG JJ NNS IN DT NNP NN . JJ IN JJ NN . CC PRP VBZ JJ IN PRP VBP RB CC IN NN IN DT WP VBP NNS IN DT NN . NNS POS NNS VBP IN DT NN CC PRP$ NN NN VBZ VBN VBN . WDT NN IN JJ JJ NN VBZ PRP IN DT NN IN DT NN . MD PRP VB DT NNP NNP NNP -LRB- NNP -RRB- CC DT JJ JJ NN NNS IN PRP . DT NN VBZ JJ . MD PRP VB DT JJ NNS IN DT JJ NN JJ NN NN . MD PRP VB DT JJ NN WDT VBZ VBN DT NN NN . NN VBZ DT NNS CC NNS . MD PRP VB PRP$ `` JJ '' NNS . PRP$ JJ NN VBZ VBN VBN . DT VBZ DT NN IN `` JJ NN '' IN NN ."
807,348,mainstream,"DT NN IN NNP VBZ VBN IN NNS MD VB VBN IN CD JJ NNS IN PRP MD VB IN NN HYPH VBN NNS . NNP NNP NNP NNP VBD DT NN IN NNS IN NN IN DT `` NN IN JJ NNS '' . NNP VBZ VBN RB CD NNS RB JJ NNS NNS RB RB DT NN IN IN DT IN CD . IN NNS VBP RB VBN IN DT NN IN CD , DT NN VBG NN , PRP$ NNS MD VB VBN . NN NNS IN DT NN NNS IN JJ NNS , RB VBN IN CD VBN NN , VBP VBN IN DT NN , VBG DT NNS TO VB NN . IN NNP , DT NN IN CD HYPH NN HYPH NNS VBN IN NNS VBZ VBN IN JJR IN CD NN IN IN CD NN . DT VBZ RB JJ IN DT NNP NNP NNP POS VBN NN IN CD NN CC JJR . NN VBZ RB JJ CC MD VB IN NN . NFP DT JJ NN VBN IN DT NNP NN `` DT NN IN JJ NNS IN DT NNS CC DT NN IN JJ NNS , RB IN JJ NNS , VBZ VBN IN DT NN IN NN , '' NNP NNP VBD DT NN NN IN NNP . DT CD NNS NNS MD VB VBN IN VBP : `` PRP VBP VBG DT RB JJ NN IN DT NN , '' VBD NNP NNP NNP NNP . IN JJ NNS DT JJ NN IN NNS IN NNS , VBN DT `` FW NN '' NN , VBZ VBN NNS IN VBG RP IN NNS IN VBG VBN NNS . DT JJ HYPH VBN NN IN NNP NNP VBD IN JJ IN DT NN CC DT NNS IN NN VBP VBN TO VB , VBG IN JJ NN NNS IN RB JJ NNS VBP JJ IN JJ NNS . NNP NNP VBD VBN IN DT NNP JJ NN IN RB VBG EX VBD DT NN IN DT NNS , NNS CC NN NN -LRB- NN -RRB- CC NN CC NN NN IN NNS . PRP VBD DT NN VBN IN DT NNS IN RB CD NNS , CC DT JJ NN IN VBZ VBN JJ TO VB PRP$ NNS ."
808,127,mainstream,"DT JJ NN NN VBZ DT JJ NN . DT NN RB VBZ TO VB CC VB JJ NNS , NNS CC DT NN . IN PRP , DT NN IN DT NN VBZ JJ . NNS CC NNS IN DT NN VBP VBG NNS TO VB IN RB RB VBP PRP VB DT NN HYPH VBG NNS CC IN PRP VBP PRP VBP RB JJ CC JJ . DT NN , NN CC NN MD VB VBN RB . DT NNP NNP CC PRP$ NNS VBP VBG DT JJ NN NN VBG IN NNP CD NNP CD WRB PRP VBP TO VB $ CD CD IN JJ NN TO VB HYPH VB DT JJ NN ."
809,1298,mainstream,"CD IN DT NN NNS IN NNS VBZ IN NN NN NNS RB VBP NN HYPH NNS . IN DT NN , EX VBZ DT NN NN IN VBG DT JJ NN IN NNS IN DT JJ NN . DT NNS VBN IN VBG DT NN MD RB VB VBN TO VB JJ NNS CC NNS . DT VBZ RB VB IN DT JJ NN IN NNS MD RB VB VBN IN VBG CC RB VBG IN NN NNS CC NNP HYPH CD NNS . PRP VBZ , RB , VB IN NNS VBP VBN JJ IN JJ JJ NNS IN NNS . NNS MD VB IN DT NN IN WDT NN MD VB TO VB RP NNP HYPH CD NNS . DT NN NN NN VBZ IN DT NN , DT NN , CC DT NN , VBZ JJ . IN DT NN IN NN IN NN NN , NN NNS MD VB DT JJ NN IN NNS . IN JJ NNS , RB VBG DT NN HYPH NN NN TO VB DT NN IN NN , CC IN DT JJ NN CC NN VBZ NN RB IN DT VBG NN IN NN , VBZ RB JJ . CC , IN DT NN DT NN NN NN VBZ VBN TO VB JJ NN IN NN HYPH NN . RB , NNS VBP TO VB IN DT JJ NN CC NN VBZ NN HYPH JJ . IN DT NN , NNS VBP NN IN HYPH NN VBN NN NN -LRB- NN -RRB- NNS . CC , DT JJ NN HYPH IN HYPH NN NN IN DT JJ NN , RB IN DT NN VBZ RB NN HYPH JJ , VBZ IN JJR VBZ VBG VBN TO VB JJR NN . DT NNS RB VBN TO VB DT VBG NN VBP JJ TO VB DT JJ NN . CC , DT NN IN VBG DT JJ NN VBZ JJ IN EX VBG JJ NNS TO VB PRP$ NN . RB , NN NN VBZ IN DT JJ NNS WDT DT NN POS NN CC NN VBP IN NN IN CD NN IN DT NN NN , JJ NN , CC IN DT JJ NN NN , VBG IN NN DT JJ NN IN NNS IN NNS CC IN NNS IN DT NN NN . IN VBG NNS TO VB DT JJ NN , DT NNP CC NNP NNP -LRB- NNP -RRB- VBZ IN JJ NN CC NNS NNS VBP VBG VBN IN `` JJ NNS IN NNP HYPH CD JJ NN . '' IN DT NN , DT NN VBD `` PRP VBZ JJ IN PRP MD RB VB JJ TO VB PRP$ JJ NN NN IN VBG NN NNS . '' NNP NNP , NNP IN DT NNP IN NNP NNP CC NNP IN NNP , VBZ RB VBN PRP$ NN IN NNP NNS . PRP VBZ CD NN VBN IN NN NNS CC NNP HYPH CD NNS . DT VBZ JJ VBN DT NN IN DT NNP HYPH CD NN . RB , NNS MD VB VBN JJ IN DT NN NNS IN DT NNS IN NN NNS . IN NNS VBG IN JJ NNS , PRP MD VB RB JJ TO VB NNS TO VB NNP HYPH CD JJ NN IN DT VBN NNS . IN NN , DT VBZ RB RB DT NN CC NN NN . VB DT NNP NNP POS NNP NNP NNP VBZ IN PRP$ NN IN DT NN IN NN POS NN . IN DT NN IN DT NN VBZ `` RB JJ '' EX MD VB DT JJ NN NN . IN NN , WRB DT VBN NN IN DT VBN NN , IN DT NNP IN NNP NNPS CC DT NN NN NN , `` VBZ '' IN CD NN , PRP MD VB NNS IN RB IN DT NN . RB , IN DT JJ NN VBZ $ CD CD JJR IN DT NN WDT VBZ DT JJ NN IN NN , DT VBZ $ CD CD JJR WDT MD VB VBN IN JJ NNS WDT MD VB NNS POS NN . DT JJ NN IN VBG RP NN NN NNS VBZ NN NN , CC NNS JJ , IN VBG NNS IN CD NN RB IN DT . IN VBG TO VB RP DT NN IN CD NN , NN NNS VBP JJ NNS TO VB DT JJ NNS . NN NN NNS VBP JJ DT NNS CC NNS WP VBP RP , DT WP VBP DT NN NN IN NN NNS IN NN IN CD NN NN RB IN DT . CC , DT NNS CC NNS MD VB VBG IN NN HYPH CD NNS CC NNS . JJ NN CC JJ NNS IN DT NN"
810,739,mainstream,"DT NN VBZ VBN IN IN DT NN NN VBZ JJ , CD CD NNS MD VB JJ RB RB IN NNP IN DT NNP . NN NNP NNP NNP VBD IN DT JJ NN IN DT NN VBD VBN VBN IN DT NN CC NN IN DT NN RB VBG VBN IN NNP NNP . NNP NNP NNP , WP VBZ NN IN DT NNP NNP NNP NNS , VBD IN NNP NNP IN DT NN IN PRP$ NN VBG JJ IN NNP . PRP VBD : `` PRP VBP EX MD RB VB DT NN VBG IN DT NN WDT VBZ RBR JJ IN DT NNS . `` DT VBZ NN NN IN DT NN , EX VBP JJ JJ NNS VBG IN JJ NNS IN NN . `` PRP VBP JJ IN DT NNP TO VB VBN JJ NN NNS IN NN CC IN NN NN . `` DT VBZ VBG RP IN NNS IN VBG VBG NNS VBG VBN IN DT NNP . '' VB JJR : WP VBZ `` JJ POS NN NN NN , CC VBZ NN PRP VBD : `` NNP NNP NNP IN NNP VBZ RB CD IN DT RBS JJ VBG IN IN NNP . `` RB DT VBZ RB JJ , CC PRP VBP IN PRP RB VBP IN DT JJ NNS CC VBP IN DT NN VBZ RB VBG NNS VBG JJ , PRP VBP DT JJ NN RB IN RB VBG DT NN WDT VBZ VBG TO VB NN IN NNS IN PRP$ JJ , VB JJ IN DT NN IN DT NN . `` VB IN EX VBP JJR IN CD CD NNS IN DT NN WP VBP TO VB VBN TO VB JJ IN PRP MD VB DT NN IN NN . `` RB PRP VBZ DT JJ NN CC PRP VBP VB PRP MD VB JJ NN . '' DT NN VBZ VBN JJ NNS IN VBG DT NN IN DT NNP . RB , NNP NNP VBD EX VBP DT NNS : `` IN NN IN DT JJ NNS IN PRP$ NNS , PRP VBZ JJ PRP MD RB VB DT JJ NN NN . `` RB PRP RB VBP TO VB IN JJ NN NNS CC NNS IN DT WP VBP DT NN . '' LS NN NNP NN : NNP VBZ IN NN IN NN NN -LRB- NNP -RRB- NNP VBD IN NN VBZ JJ NN IN NNP NN NN -LRB- NN -RRB- `` NN MD VB IN PRP IN NNS '' NN VBZ IN JJ NN -LRB- NN -RRB- DT MD VB IN DT NNP MD VB DT JJ TO VB NN IN DT NN . NNP NNP VBD DT JJ NN : `` DT VBZ IN IN DT NN VBZ JJ , NNP MD VB TO VB CD CD NNS JJ IN NNP IN DT NNP . `` DT VBZ NN IN DT NN IN RB CD CD NNS IN NN . DT NNP MD VB JJ TO VB NN . `` PRP MD RB VB IN IN NN IN VBG NNS RB IN DT NNP , PRP VBP JJ TO VB DT NN JJ IN VBG NNS IN DT JJS JJ NN . '' RB , DT VBP VBN DT NN VBG VBN VBZ TO VB DT NN IN DT NN ."
811,751,mainstream,"NNP VBZ VBN NNS TO VB $ CD CD TO VB PRP$ NN NN CC NN NNS IN NNP , IN NN IN DT NN POS JJ NN . DT NN MD VB DT JJ NN NN CC NN NN IN DT NN . NNP NNP NNP -LRB- NNP -RRB- , DT NN IN NNP NNP NNP , MD VB DT JJS NN NN NNS . DT NN MD VB DT NN IN $ CD CD IN CD NNS CC VBZ VBN TO VB CD JJ NNS . DT NN MD VB DT NN POS NN NN , NNP NNP , TO VB NN NNS IN NN IN JJ NN NNS , VBD NNP . NNP VBZ DT JJ NN IN DT JJ NN WDT VBZ JJ RB JJ NN NNS , VBG DT JJ NN IN CD IN CD NNS . DT NN MD VB VB DT NN IN DT JJ NN VBG IN JJ NN NNS . DT NN MD RB VB $ CD CD TO VB DT NN CC NN -LRB- NN -RRB- NN VBN IN VBG NNS IN NNP IN DT NNP NNP NN IN NNP HYPH NNP NNP . DT NN MD VB VBN NNS IN DT NN IN NNS IN VBG NNS CC NN NNS , VBN TO VB IN DT NN NN IN JJ NN CC JJ CC JJ NN . NNP NNP NNP NNP VBD : `` IN VBG IN DT JJ JJ NN CC DT NN NN , NNP VBZ NNP IN DT NN IN PRP$ NN , VBG TO VB NNP DT NN HYPH NN NN IN NN IN NN NN CC NN . `` NNP VBZ DT JJ NN NN IN NNP , IN NNP , CC RB . PRP VBZ PRP$ NN TO VB PRP$ NNS CC NN IN DT JJ NN , CC RB TO VB IN VBG IN JJ NNS . '' DT NN POS NN VBZ NN TO VB NNS , NNS CC NNS IN NN , JJ NNS CC JJ NNS . PRP VBZ CD NNS IN NNP , VBG CD JJ NNS CC VBZ RB CD NNS . IN NNP , NNP VBD IN NNP -LRB- NNP -RRB- TO VB DT NN IN NNP HYPH CD ."
812,1123,mainstream,"CD IN DT JJS NNS DT NN VBZ VBZ WRB TO VB NNS IN VBG DT NN IN NN NNS . NNP NNP , DT NNP NNP HYPH VBG NN WP VBZ VBN IN DT JJ NN IN DT NNP NNP , VBZ VBN VBG RB NNS TO VB DT JJ NN IN DT NN CC TO VB IN DT NN IN JJ JJ NN IN DT NNP PRP$ JJ NN VBZ TO VB JJ NNS IN DT NN IN DT NN , VBG JJR IN PRP TO VB IN PRP$ JJ NNS RB . CC NN VBZ RB JJ IN WRB PRP VBZ TO VB , CC PRP MD VB VBG DT JJ NN JJ IN DT NNP NNP . PRP RB VBD IN NN IN NNP , WP VBZ DT NN IN NNP IN PRP$ NN , WDT VBZ VBN VBN IN NN CC NN , PRP RB VBD WRB NNPS MD VB JJ IN JJ NN NN , DT NN IN NNS TO VB NNS , CC WDT NNS NNS VBP VBN IN DT NN . IN DT NN RB , PRP VBD DT NNP HYPH NNP IN DT NNP NNP NNP WDT VBD , `` TO VB PRP$ NN IN NN , PRP VBP TO VB IN DT NN IN NNS IN DT VBN NN WDT VBZ DT NN IN DT NN CC RB VBZ JJS NNS VB RB IN NN CC VB PRP$ JJ NNS . '' VBP PRP RB JJ IN DT NN . CC , IN RB , VBZ PRP$ NN IN NN IN NN . PRP VBP RB RB JJR , UH . PRP VBP VBN RB JJ NN , CC PRP VBP PRP VBP VBG DT NNS RB . EX VBZ DT NN IN VBG `` RB VBZ NN WDT VBZ JJ '' CC `` RB VBZ NN WDT VBZ JJ , CC PRP VBZ RB JJ PRP VBP TO VB VBG PRP CC VBG DT NN RB RB . '' CC DT VBZ WP PRP VBP VBG TO VB IN DT NN IN DT NN JJR IN DT NNP NNP MD VB IN JJ NN WDT MD VB RB HYPH VBG NN IN DT NN . RB PRP VBP PRP VBP TO VB IN NN TO VB CC VB CC DT NN NN CC DT JJ NN , CC PRP VBP RB JJ IN PRP VBP RB VBN DT NN IN NN RB . CC PRP MD VB PRP IN PRP VBP RB VBN IN DT NN IN NNP TO VB CD HYPH CD CD NNS IN NN IN DT NN HYPH CD NN . -LRB- DT NN VBZ NN IN NN CD . -RRB- DT VBD RB WP JJS NNS VBD VBG DT JJ NNS RB , CC PRP VBD . WP VBZ PRP$ JJS NN IN DT NN RB RB . EX VBD DT NN WDT VBD VBN IN DT NNP NNP NNP , VBG IN NN NNS CC RB VBG IN DT NN NNS IN JJ NN CC JJ NN . PRP$ NN VBD IN PRP VBD VBG TO VB IN DT NN NN IN CD NN NN , RB DT VBD DT JJ HYPH NN NN IN PRP VBP VBN IN DT JJ NN WDT VBZ JJR IN DT NNP NNP . JJ NNS VBP VBN IN JJ NNS TO VB IN DT . PRP$ NN VBZ IN VBG JJR IN RB NN JJ , CC JJR IN DT IN DT JJ NNS . NN VBZ IN NN VBZ JJ , CC WRB VBZ PRP RB JJ IN DT NN WDT PRP VBP VBN RB . DT NN IN VBG DT JJ NN VBZ TO VB DT NN IN NN MD VB JJ IN PRP VBP IN NN CC VB NN . RB PRP VBZ RB IN VBG NN . DT NN IN NN VBZ IN PRP VBZ JJ TO VB CC PRP VBZ RB VB NNS DT NN JJ NN NN VBZ . PRP VBZ RB JJ IN JJ CC JJ , JJ NN DT NN JJ NN NN VBZ . PRP VBZ RB VB DT JJ NN WDT VBG JJ NN NN VBZ . PRP VBZ RB RB DT RB JJ , JJ HYPH TO HYPH VB NN : IN TO VB DT NN , PRP VBP TO VB DT JJ NN IN DT NNS WP VBP JJ IN DT NN , CC RB PRP VBP JJ . DT VBZ RB DT PRP VBZ IN . RB PRP VBD TO VB CC VB DT RB JJ NN IN VBG DT NN , IN PRP VBP DT VBZ JJ IN VBG NN . IN NN , VB IN PRP VBG RB IN PRP$ NN . PRP VBZ RB RB VB WP DT NN VBZ CC DT NN VBZ PRP MD VB . PRP VBP RB VB TO VB RB IN DT NN POS NN IN NNP NNP NNP IN PRP VBP IN PRP MD VB PRP DT JJ JJ NN , CC PRP VBZ RB VB PRP TO VB IN PRP$ NN IN PRP MD VB PRP IN PRP VBP VBN DT JJ JJ NN . RB PRP VBP PRP VBZ JJ TO VB DT NN IN NNS , CC PRP VBP PRP VBZ RB JJ TO VB NNS IN DT VBZ NN PRP MD VB IN RB RB IN PRP VBZ TO VB DT NN . VB PRP VBZ JJR IN CD HYPH CD NNS TO VB IN DT NN . IN PRP VBZ JJR IN CD SYM CD NNS , PRP MD VB VBG CC VBG VBN IN PRP VBP IN DT NN CC DT NN MD VB VBN . DT IN PRP VBZ DT NN IN DT . PRP RB VBP IN NN VBZ RB JJ IN NN NNS , IN NN , IN VBG DT NN , IN PRP VBP NN RB JJ IN NN VBZ IN PRP VBZ VBG TO VB , NN VBZ IN PRP VBP VBG TO VB PRP IN PRP VBZ RB JJ . NN RB VBZ , `` UH , UH , DT VBZ DT NN . PRP VBP VBG TO VB IN PRP . '' CC RB PRP VBP . DT IN DT JJ NNS WDT VBP VBN RP VBP VBN RBR IN NNS IN NN NN CC JJ NN . VBZ PRP$ NN IN DT NN WDT PRP PRP VBP VBN IN NN NNS , CC VBZ PRP JJR IN PRP VBP IN NNS CC IN DT NNS MD VB JJ IN NNS , WDT MD RB VB PRP$ NN TO VB PRP IN NN CC VB DT JJ NN RB WRB PRP VBP . PRP VBP RB JJ IN DT NN NNS , IN PRP VBZ NN IN , UH , `` VBN IN WP . '' PRP VBP PRP VBP VBN JJ NNS IN NN RB RB . DT VBZ RB VB IN PRP TO VB PRP RB JJR . CC PRP VBD VBG IN JJ NNS IN NN IN DT NN , CC DT NN MD VB IN DT : `` PRP VBP JJR NN . '' JJ NNS VBD , `` UH , PRP VBD PRP . '' `` PRP VBP NNS CC JJ NN . '' `` UH , UH . '' `` CC RB PRP VBP TO VB DT JJ NN NN . '' CC RB , DT IN RB RB , DT JJ NN VBZ VBN RP IN NN HYPH NN CC NN CC DT NNS IN NNS . DT NN NN VBD `` JJ NN NN , '' PRP VBD DT NN . RB PRP RB VBP RB VB WRB PRP VBP NN VBN IN DT NN IN NN PRP VBP RB RB WRB PRP VBZ RB JJ NNS IN RB JJ NNS . NN VBZ VBN RP CC VBZ RB RB WRB PRP VBZ TO VB . MD RB DT NN VB JJ TO VB RB NN , VBG VBG DT NN IN NN , TO VB RP NN , IN DT NN PRP VBZ MD VB DT NN NN IN DT NN VBN IN DT NN VBG RB . PRP VBP PRP VBP PRP$ NN IN WRB DT VBZ RB RB VB DT NN . CC DT NNS VBP , `` UH , WP VBP PRP IN DT NN VB , WP VBZ PRP$ NN VBG IN DT NN WDT MD VB DT NN IN DT NNS . '' CC PRP$ NN VBZ , `` VB , PRP VBP DT NN IN NN TO VB IN , RB RB , DT NN VBZ VBG PRP , IN DT NN IN NN , IN HYPH IN HYPH DT HYPH NN , CD CD CD NNS IN NN . RB , IN PRP MD VB RP IN DT NN WDT VBZ PRP IN CD IN CD CD DT NN , PRP VBP RB RB . CC RB VB RB VB IN IN PRP MD VB TO VB DT NN VBN IN DT NN . PRP MD RB VB PRP . VB PRP RB VB IN PRP MD VB IN NN IN DT NN , RB VB DT NN IN NN PRP VBP , CC IN PRP MD VB IN NN WRB DT VBZ CC WRB PRP MD VB ."
813,101,mainstream,"`` RB IN NNS IN NNS NN `` RB IN NN NNS NN NN NN CD : DT NNP NNP NNP NNPS VBN IN DT NN VBP JJ NN NN NNS CC VBP DT JJ NN NN NNS IN JJ NN . NN NNS VBP DT IN NNP NN NNS WDT VBP VBN IN DT NN IN NNS IN NN NNS WDT VBP NNP NN JJ NN NNS -LRB- FW , NN NN NNS , JJ JJ NN NN NNS , CC JJ JJ CC JJ NNP NNS -RRB- . JJ NNS CC JJ NNS MD RB VB NNS IN NNP NNS . JJ NN NNS VBP DT VBN IN NN NNS RB IN NNP . DT NNS VBG DT JJ NN NNS MD VB VBN IN DT NNS . NN CD : DT NNP NN NN VBZ RB VB DT JJ RB VBN NN NNS JJ IN NNS IN DT NNP NNPS . DT NN NN VBZ RB DT NN NNS JJ IN NNP NNS . NFP NN NN NN NN IN DT NN , PRP MD VB IN DT IN DT NNS VBN IN DT NNP . DT NN NN VBZ NNS IN DT NN NN -LRB- NN NNS -RRB- . IN IN CD SYM CD SYM CD , DT NNP NNP NNP NNP RB VBZ DT NN NN CC NN NN IN DT NN . NN : DT NN RB VBZ NNS IN DT CD HYPH CD NNP NNP . NN : DT NN RB VBZ NNS IN DT CD HYPH CD NNP NN ."
814,381,mainstream,"VBP PRP IN PRP$ NNS . PRP VBP VBN NNS IN NNS IN PRP . PRP MD VB TO VB PRP$ NNS IN DT NN IN DT NN . PRP VBP DT JJ RB JJ NN . RB PRP VBZ IN NNS TO VB DT JJ NN IN DT NN . PRP VBP NNS TO VB NN . PRP VBP CD PRP . CC PRP VBP RB IN NN . PRP VBP NNS IN NN TO VB RP DT NNS , CC IN DT NN EX VBZ DT NN IN NN NNS VBP JJ IN DT NN . NN VBZ DT JJ NN . PRP MD VB PDT DT NN TO VB IN IN PRP$ JJ NN IN VBG DT NN . VB NN . PRP MD VB TO VB IN EX MD VB DT JJ NN HYPH NN IN DT NNS NNS RB . EX MD VB JJ NNS IN WDT NNS DT NNS VBD CC VBD RB VB . RB , DT JJ JJ NN IN NN , NN , NNS , NN IN NNS , FW . DT JJ NN NN VBG PRP$ JJ NN NN . DT NN IN DT NNS , DT NN IN JJ NN CC DT JJ NNS CC NN WP VBP VBN VBN DT NN CC DT WP VBP RB IN DT WP VBP VBN , VBD JJ IN NNS . PRP VBP TO VB DT JJ , JJ NN TO VB IN DT NN VBZ RB IN IN DT NN IN NN , DT JJ NN IN VBG DT NNP VBD DT NN RBR IN NN , CC IN DT NN VBD RB DT `` NN NN '' IN DT NN CC NN CC RB RB VBG IN DT NN IN NN VBZ `` VBG '' DT JJ NNS IN NNS IN DT JJ NN CC NN . NNP NNP NNP , NNP NNP PRP VBP DT CD NN JJ WP VBZ VBN DT NN NN RB IN DT NN CC VBD VBN IN PRP$ NN IN PRP VBZ JJ NN NN , PRP$ NN VBZ JJ NN IN DT RB DT NNS . NNP NNP NNP IN RB DT NN IN NNP PRP VBP DT NN . RB DT NN VBD RB RB IN JJ NNS -LRB- CC RB VBN IN NNS IN NN -RRB- CC RB IN DT NN . IN DT NNP NN VBD , EX VBZ DT NN IN NN VBZ RBR JJ IN NN IN NNP , IN JJ NNS , CC DT VBZ VBN VBN IN NNS IN NNS IN NNS . `` IN '' , CC PRP VBZ DT RB JJ JJ '' IN '' , EX VBZ DT NN IN NN CC NN , NNP IN DT RB JJ NN IN DT NN VBZ PRP RB JJ IN DT NNS IN NNS VBN IN NN IN DT JJ NN IN DT NNS CC NNS IN NN . PRP MD RB VB TO VB DT NN IN VBG DT NN IN NN , CC MD VB DT NN WDT DT NNS IN DT NNS MD VB IN NN , CC PRP VBZ RB VB NN TO VB DT NN CC VB DT JJ NN -LRB- VBG IN NNS VBP PRP VB NNS IN DT NN , WDT NNS MD RB VB , VBZ -RRB- . RB , DT NN VBD IN DT NN `` NN '' , WRB PDT DT NN PRP PRP VBD VBD RB IN DT NNP NNP , NN NN , RB IN DT VBN NNP NNP . RB , NNP NNP VBD RB JJ VBG RB IN DT NN VBG PRP$ NN IN DT NN NN RB IN DT JJ NN . PRP$ NN -LRB- DT NN NN -RRB- CC PRP VBP RB IN VBN JJ CC JJ NN IN PRP$ NNS , NNS , NNS IN DT NN . NNP NNP NNP NNP NNP PRP$ NN CC PRP VBD NNS VBG IN DT NN . PRP VBP RB NNS , IN DT JJ NN IN JJ JJ NN . PRP VBD IN IN DT NN VBD JJ , DT NNS VBN VBD RB JJ IN PRP TO VB DT NN . PRP VBD RB RB TO VB DT JJ NNS IN DT NNP NN IN NN . IN DT NN , PRP VBD TO VB IN DT NN IN NNP WDT VBZ JJ NNS IN DT VBN NN NN . DT VBD PRP CD NNS , CD NNS CC RB $ CD , CC DT NN IN NN VBD JJ PRP . PRP VBD JJ , PRP MD VB PRP . IN DT NN IN NN NN CC JJ NN , DT NN VBZ TO VB DT JJ NNS TO VB VBN . VB NNS DT JJ NN CC PRP MD VB PRP . NNS VBP NN . NNP NNP NNP PRP VBD PRP$ RB JJ NN IN NNP NN . PRP$ NN VBZ RB VBN PRP$ NN , PRP VBD JJ TO VB RB . PRP VBP VBG JJ NNS . RB PRP VBP RB RBR JJ IN PRP$ NN VBZ DT JJ NN . WP PRP MD VB TO VB VBZ WRB NNP NNP VBZ JJ TO RB VB WRB PRP$ NNS VBP VBN VBN CC IN PRP VBZ DT NNP . NNP NNP PRP VBD RB VB PRP$ NN VBN DT NN IN NNP RB , PRP RB VBD CD JJ NN CC DT VBZ NNS IN NNS WP VBP NN , NN NNS VBP IN JJR NN IN PRP VBP DT JJ NN . PRP VBP RB `` VB '' DT JJ NN CC PRP VBP RB VB TO VB PRP$ NN IN NN IN VBG DT NNS IN NNS . RB , PRP MD VB TO VB JJR IN PRP$ JJ `` NNS '' . IN DT NN , DT VBZ VBG CD JJ NNS . WP MD DT VB IN PRP$ NN . MD PRP VB DT IN DT NNS DT JJ NN . VBZ DT DT JJR NN . UH MD PRP VB PRP JJR IN JJ NNS . NNP NNP PRP VBP JJ . PRP$ CD NN JJ JJ NN VBZ VBN VBN IN PRP$ JJ NN NN . VBP PRP VB PRP CC RB VBP IN PRP VBZ JJ , CC VBP PRP VB DT NN IN JJ NNS . PRP$ NNS POS NN VBZ JJ CC NN MD CC MD RB VB DT VBG NN , CC WRB VBG IN PRP$ NN PRP VBP VBN IN DT JJ NNS VBP DT NN . WRB . NNS VBP VBG IN PRP$ NNS CC VBG RB IN NNS . RB DT NNS MD VB IN DT NN NN CC IN JJS VB JJ NNS IN DT JJ NN VBZ VBN VBN . CD JJ NN , PDT DT NNS IN PRP$ NN WDT VBD VBN , CC IN NNS CC VBN NN VBD NNS . VBZ DT NN . NNP NNP NNP PRP$ JJ NN VBZ NN . PRP VBD VBN IN NNS , NN VBZ DT JJ JJ NN . DT VBZ VBN IN DT NN HYPH IN IN NN CD CC CD IN NNS , CC PRP RB VBP EX VBP RB CD NNS IN NN . RB CD NN NN , CD NN JJ , CD NN NN NN -LRB- VBG NNS -RRB- , CD NN NN IN NN CC NN . NNP NNP NNP IN VBG DT NN JJ NNS MD RB VB JJ IN IN WP TO VB . JJ IN DT NNP CD IN CD NN NN VBD VBN JJ NNS IN DT NN IN JJ NN IN DT NN , DT NN VBP DT JJ NN VBZ RB JJ DT VBZ RB VB IN JJ CC WRB MD DT NN VB VBN RB . RB DT VBZ RB IN VBG NN PRP$ JJ NN DT NN VBD RP CC VBD VBG DT JJ NN IN DT WP VBP PRP RB RB MD DT JJ NN VB . PRP$ NN TO VB VBG IN NNS NN CC VB DT RB . NNP NNP NNP NNP NNP WRB CD NNS RB VBD PRP VB NNS IN NNS IN NNS CC NN IN NN PRP RB VBP DT CD NN JJ NN WP VBZ VBN JJ . PRP RB VBP NNS IN NNS WDT VBP JJ CC NN WP VBP VBN NNS VBZ DT RB VB PRP NN . JJ NN NNP NNP NNP NNP NNP PRP VBP PRP MD VB DT NN WRB PRP VBP EX VBZ DT NN . PRP VBP DT JJ NN WP VBD DT JJ NN RB IN DT NNP NN . DT VBD IN DT NN IN RB CD NNS . PRP VBD JJ NN IN DT NN VBG DT NN NN IN PRP$ JJR NN IN DT JJ NN . PRP VBZ IN PDT DT NNS WP POS NN CC NNS VBP VBN VBN VB DT NN CC DT NN NNS IN NN NN NNS . DT NN MD VB IN DT JJ NN CC VB DT NNP NN . NNP NNP DT NN IN NN WDT NNS MD VB IN NNS VBZ RB JJ . IN CD , CD , NNS VBD IN CC RB TO VB PRP$ NNS TO VB DT JJ NN VBG DT NN NN NN . JJ NNS VBD RB TO VB DT NN CC PRP$ NNS VBD RB VBN . WP VBD DT NN RB VB . WDT NNS VBD VBN . NNP NNP NNP WRB MD NN VB NNP NNP POS NNS . RB WRB VBD DT NN IN DT NN IN NN NN IN DT CD NN JJ RB VB IN DT NN . PRP VBP PRP VBD VBN IN DT NNS NN IN DT NN IN DT NN , WDT PRP RB MD RB VB . NNP DT JJ NN RB VBZ IN DT JJ NN VBZ VBG VBN IN DT JJ NN . PRP VBZ DT JJ NN VBG JJ NNS VBG DT JJ RP IN DT JJ NN IN DT NN . IN DT NN IN DT JJ NN IN DT NN , RB DT JJ NN VBZ TO VB NNS DT NN IN NN CC JJ NNS . NNP NNP NNP PRP VBP DT CD NN JJ NN CC VBP RB VB TO VB JJ NN IN PRP$ NN . PRP VBZ RB VBN DT NNP NN , CC PRP VBP NNS MD VB TO VB PRP VBN IN DT JJ NN IN DT NNS . RB MD PRP VB PRP , WP IN NNP MD VB JJ TO VB PRP . VBP PRP , IN PDT DT NN VBZ VBG RP , DT NNS MD VB DT NN . NNP NNP PRP$ NN VBD TO VB IN NNP NN IN NN TO VB JJ TO VB PRP$ CD CC DT NN NN JJ NN NNP IN NNS . PRP VBD RB JJ , JJ CC JJ IN DT NN VBD TO VB IN DT NN TO VB PRP$ CC PRP$ NN IN NN IN NN . IN DT NN EX VBZ RB DT NN , IN EX VBZ RB DT JJS NN VBG DT NN , IN PRP MD VB VBN TO VB DT NN CC WRB VBP DT NN VB RP PRP$ NN , VBZ DT RB DT NN NN RB VBN IN NNP NNP . NNP NNP NNP VBG IN NN PRP VBP VBN DT NN IN DT NN IN JJ NNS . PRP VBP CD NNS WP VBP VBN DT JJ NN CC PRP VBP VBN TO VB DT JJ NN IN PRP VBP IN DT VBZ WRB DT NNS MD VB . NN POS NN VBZ TO VB IN NNS VBP VBN WRB DT JJ NN IN NNS VBZ DT NN . PRP MD VB TO VB DT NNS IN DT JJ NN CC VBP PRP$ NNS VBN IN DT JJ NN IN PRP$ JJS NN , RB CD VBD RB VBN IN DT JJ NN . NNP NNP NNP NNP PDT DT NN IN DT NN IN NN VBZ IN NNS VBP RB JJ IN NNS WDT VBP NNS , WRB DT NN VBZ JJ , CC WRB EX VBZ TO VB NN CC NN RP . WDT DT NNS CC NNS IN DT NN , EX VBZ RB JJ NN IN DT NN IN NN MD VB DT NNS IN NN . DT NN MD VB TO VB NN NN , RB TO VB DT NN CC VB NN IN DT NN . WRB RB RB VB DT JJ NNS JJ , IN JJ NNS CC IN JJ NNS , CC VB NN NN HYPH NN RB IN VBG TO VB DT VBG NN TO VB NNP . NNP NNP NNP PRP VBP RB VBN PRP$ NN IN DT NN NN , CC PRP VBZ IN CD JJ NN MD RB RB VB NN IN JJ NN . DT NN MD TO VB JJ TO VB RB CD NN CC DT JJ IN DT NN VBZ IN DT NN NN CC JJ NN . IN PRP VBD VBN TO VB DT NN PRP MD RB VB IN IN NN TO VB WRB . PDT DT JJS , NNP NNP NNP NNP NNP IN VBG PRP$ NN NN IN CD IN DT NNP NNS PRP VBZ VBN PRP$ NN RP IN PRP$ CD NN JJ NN MD RB VB VBG DT NN NN CC PRP VBP VB TO VB IN DT JJ NNS VBP JJ CC IN RB WRB MD PRP VB WP VBZ DT JJ NNS . NNP NNP NNP PRP$ JJS NNS IN DT NNS CC JJ NNS VBD JJ TO VB DT NNS RB . PRP VBD RB JJ IN DT NN IN NNS IN NNS VBN IN DT NN IN IN NNS . WRB PRP$ NN VBD VBN IN CD DT NN VBD VBN VBN RB . PRP VBD PRP MD RB VB DT NN IN JJ NNS IN DT NN CC RB PRP VBD RB VB DT JJ NN . IN NNP VBZ RB VBG IN DT NN IN NN , RB MD DT NN JJ NNS VB PRP , WP VBZ . NNP NNP NNP , NNP IN PRP VBD IN DT NN VBD DT NN IN JJ NNS CC PRP VBP JJ IN PRP VBP RB VB TO VB DT NN IN IN CC RB TO VB PRP$ NN -LRB- WP VBZ RB VBN PRP$ NN -RRB- , PRP VBP VB IN DT NN VBD IN DT JJ NN HYPH NNS IN DT NN . IN DT NN , PRP VBD TO VB DT NNS IN DT NNS VBG NN NNS IN MD VB DT JJ CC VBG NN IN DT NN . NNP NNP NNP , NNP NNP PRP$ CD NN JJ JJ NNS VBP JJ TO VB NNP JJ NNP . PRP VBD VBN CD NNS RB , CC NNP -LRB- NN CD -RRB- VBZ VBN CD NNS IN DT NN VBG VBG NN . PRP RB VBD DT NN IN DT NN IN NN , CC VBZ VBN JJ NNS , VBG DT JJ NN . PRP VBZ VBG DT NN NN NN TO VB IN JJ NN NN , CC VBZ TO VB NN IN DT NN IN NNS . NNP -LRB- NN CD -RRB- VBZ VBN RB RB IN IN DT NN NN IN PRP VBD CD NNS JJ . PRP VBP RB RB JJ IN NNP VBG NNP NN IN DT NN IN DT NNS VBN IN DT NN IN NNS IN NN NN , CC DT NN IN NNS WP VBP VBN NN MD VB RBR JJ IN NNS . MD PRP VB DT NN . NNP NNP NNP PRP VBP DT NN IN DT CD NN JJ WP VBD DT NN NN CC VBG JJ IN PRP$ JJ , CC VBG VBN DT NNP NN DT NN , PRP VBP RB CD NN , VBZ PRP JJ TO VB DT CD NNS RB IN NNP . IN RB , CC PRP VBP PRP VBZ RB JJ , MD PRP VB JJ TO VB RP WRB IN DT NNP PRP MD VB DT CD NNS RB . DT NN VBD JJ NN IN PRP$ NN , CC DT IN PRP$ NN , IN PRP MD RB VB IN DT NNP TO VB DT NNS RB IN PRP$ JJ NN . DT VBZ RB RB DT NN WDT IN IN CC RB TO VB CC RB IN CC RB TO VB IN NN IN NNP CC IN NN IN CD JJ NNS . PRP VBP IN DT NN VBZ RB JJ IN DT NN TO VB DT JJ JJR NN IN VBG DT NN CC RB RB RB IN VBG NNP NNP . IN PRP VBP VB DT NN IN IN DT NNS IN JJ NNS , PRP MD RB VB VBG PRP . VBP PRP . NNP NNP NNP NNP , NNP PRP VBD IN PRP$ NNS TO VB DT NNP . PRP$ NN VBD NNS IN CD NNS IN VBG DT NN . DT VBD PRP$ NN . CC PRP MD RB VB RP DT NN IN PRP VBZ RB VBN CD IN DT NNS . CC PRP MD VB PRP VB JJ NNS IN DT JJ CD . CC PRP VBP RB VBN PRP . WRB . NNP NNP PRP VBP DT CD NN JJ NN , CC PRP VBP RB VBN PRP$ JJ NN IN PRP$ NNP NN , IN IN DT RB VBN JJ NN IN PRP$ NN . PRP VBP VBN NN IN DT NNS VBG VBN RB , CC IN NN NNS CC NN NNS MD RB VB DT `` NN POS '' NN CC NN . IN EX VBZ RB DT NN , CC IN DT NNP NN VBD IN DT JJ NN IN JJ NNS VBD DT NN NN IN PRP$ NNS , WP VBZ DT NN IN DT JJ JJ NN VBG VBN . PRP VBP DT NN POS NN IN PRP VBZ PRP$ NN TO VB DT JJ NN IN DT NN NN , CC PRP MD VB WRB PRP VBP RB VB DT RBR JJ NN IN NNS TO VB DT NNS VBN RB . EX VBZ TO VB DT NN IN NN IN DT NN IN DT NN CC NN IN DT JJ NNS VBG VBN . RB IN DT JJR NN IN VBG , VBG NNS , NNS , FW IN IN DT JJR NN IN NNS , WP VBP DT JJ NNS WDT PRP MD VB VBG . NNP NNP NNP , NNP PRP VBP VBN IN DT NN POS NN TO VB NNS NN IN VBG TO VB DT JJ NN IN NNS JJ . DT VBZ WP VBZ VBG DT NN IN JJ NN NN HYPH NN , RB NNS . UH VB PRP IN NN IN WRB PRP MD VB DT JJ NN IN NNS IN . PRP MD RB RB VB PRP$ NNS VBN , IN MD NNS IN JJ NNS . PRP VBP RB VBN TO VB . NNP NNP NNP NNP IN DT NN VBZ JJ , RB WRB VBZ DT NN IN NN VBN CC IN PRP MD VB DT NNP NN IN VBG PRP VBZ RB JJ RB PRP MD RB VB JJ TO VB DT NN IN WP VBZ VBN DT NN , CC IN JJS VB IN PRP . NNP NNP NNP PRP$ CD NN JJ NN VBZ VBN DT NN CC PRP VBP JJ IN VBG PRP VB DT NN NN VBP EX NNS IN IN EX VBZ RB DT NN JJ NN RB RB DT NN NN VBZ RB JJ . NNP NNP NNP PRP$ NN VBZ JJ -LRB- VBN CD WRB PRP VBD CD NNS JJ -RRB- . RB JJ NN IN NNP WRB JJ JJ NN , NN NN . WRB MD NNS VB VBN IN NN NNS JJ IN NN . PRP VBP IN DT NNP . PRP$ NN MD VB VBN JJ IN NN RB IN VBG VBN IN PRP VBD JJ -LRB- NN NN VBN DT JJ IN NN . RB , NN VBZ JJ NN , VBN DT NN IN PRP$ NN VBD VBN , CC PRP VBP DT IN JJ NN . DT VBD RB VBN IN PRP$ NN VBD CD RB DT NN VBN IN RB . PRP VBD DT JJ NN IN CD NNS JJ WDT VBD TO VB PRP IN NN . MD PDT DT VB VBN VBN IN NN JJ IN PRP$ NN VBG VBN . RB VBZ NNS MD VB DT JJ NN WDT DT NN VBD IN DT NN , RB RB VBG DT JJ NN MD VB JJ NNS . NNP NNP NNP NNP PRP VBP RB VBN IN NNS VBG WRB JJ PRP$ NNS VBD IN DT NNP , CC WRB PRP VBD . DT MD VB VBN PRP VBG WP VBD IN PRP$ NN . WRB VBP DT NN VBG TO VB IN DT NNS , RB IN VBG PRP RB CC RB RB , `` EX VBZ DT NN '' . DT NN VBD CD NNS VBD VBG JJ NN , PRP VBP JJ CC EX VBP IN JJS CD NNS DT NN . PRP MD DT VB JJ . NNP NNP DT NN VBD RB JJ CC JJ . RB , EX VBZ RB DT NN IN NNP WDT VBZ IN NNS IN NN RB VBP JJ JJ NNS . PRP$ JJ NN VBZ NN , CC DT NN IN NN . EX VBZ DT JJ NN WDT MD VB DT NN NNS , NN CC NN . PRP VBP JJ NNS IN NNS IN NN VBP IN EX VBZ DT NN WDT VBZ DT JJ NN NN . IN NN , DT NN VBZ VBN JJ CC JJ HYPH IN NN JJS NNS VBP DT NN IN NN . PRP VBP IN NNS MD VB VBN DT NN IN JJR NN VBZ VBN RP . NN NNS MD RB VB TO VB , IN NNS PRP RB VBP PRP$ NNS TO VB VBN WRB PRP VBP DT NNS CC NNS . PRP VBZ RB JJ TO VB IN DT `` DT CC NN '' NN . PRP$ JJ NNS VBP `` JJ NN '' NNS HYPH NN IN NN , NN NNS IN DT NN , CC PRP RB VBP DT JJ NN IN DT NN CC DT NN . DT VBZ RB DT JJ CC JJ NN IN DT NN . NNP NNP VBG NNP PRP VBP VBN DT NNP NN IN PRP VBD CC RB VBD IN PRP VBD VBN CC DT JJ NN NN JJ IN NNP CC CC , IN DT , PRP RB VBP NN . PRP VBP NNS IN NNS WP VBP VBN NN IN DT NN NNS IN DT CC PRP VBP JJ IN DT NNS IN NN VBP JJ . WRB VBP DT JJ NNS IN NNP NNPS CC NNP JJ IN DT NNP . IN PRP VBP DT VBZ PRP JJR NN CC PRP VBP IN RB VBG PRP$ NN VBZ DT NN . NNP NNP NNP PRP$ CD NN JJ VBZ VBG IN DT NN IN NNP IN NN , IN NN , IN IN DT NN NN . IN DT NN PRP VBD VBN IN EX VBZ DT NN IN NNS IN JJ VBG NNS , NN NN VBP IN JJR NN IN VBG NN . PRP$ NN RB VBZ DT NN NN , WDT VBD VBN , PRP VBP RB RB JJ IN WP PRP MD VB . VBZ EX DT NN IN DT NN IN NN VBZ NNS VB JJR NN . NNP NNP NNP PRP VBP VBN IN EX VBZ DT NN IN NNP VBZ NN . RB DT NNS VBN DT NN VB NN . RB NN WP VBZ VBZ NN CC CC PRP VBP IN EX VBZ DT NN IN IN JJ NNS IN NN DT NN VBZ VBN VBN . RB IN DT NN VBZ RB VBN VBN RB IN NNP VBZ RB VB IN EX VBZ DT NN . DT NN MD VB VBG NNS DT NN IN JJ NNS IN JJR NN VBZ VBN VBN TO VB IN EX VBZ DT NN RB . RB DT NN IN NN NN VBZ JJR IN NN . RB , NNP NNP , IN VBG TO VB IN NNP VBZ VBN VBN IN NNP , VBZ VBN DT JJ NN TO VB NNS IN DT JJ NN , DT VBZ IN NN IN NNP VBZ VBN DT CD NNS IN RB CC RB JJ NNS . NNP NNP NNP NNP PRP$ NN VBD DT NNP IN CD NNS , IN NNS IN DT NN VBD . PRP VBD JJ CC VBZ RB TO VB VBN DT JJ NNS . RB PRP VBD VBG DT NN NN . PRP VBZ RB CD . PRP VBP RB VBN IN DT NN IN DT NN IN DT NN CC MD VB TO VB WDT JJ NNS RB VBP IN DT . VBZ PRP RB VB PRP . MD PRP VB IN JJ NN NNS CC MD PRP RB VB JJ IN DT `` JJ NN '' NN . VBZ EX DT NN IN VBG RP IN PRP VBZ RB JJ . JJ NNS IN NNS IN DT NN CC DT NN JJR MD VB IN DT NN . NNP NNP NNP NNP PRP VBZ DT JJ JJ IN NNP NNP TO VB DT JJ NN IN DT JJ RB JJ NNS JJ IN PRP$ JJ NN IN VBG JJ NNS IN DT NNS PRP VBD WDT RB MD RB VB JJ IN NN IN NNP . PRP VBP JJ IN NNS IN DT VBN NN MD RB VB NNS IN DT JJ NN WDT MD CC -LRB- CC MD RB IN NN -RRB- VB JJ . NNP NNP NNP PRP MD RB VB TO VB DT JJ NNS IN NNP CC NN TO VB PRP VB IN DT NN IN DT JJ NNS . LS -RRB- WRB JJ NNS VBP VBN VBN IN NNP . LS -RRB- WRB JJ RB NNP JJ NN NNS VBP EX VBN . LS -RRB- WRB VBZ DT NN NN VB IN NN NNS . LS -RRB- WP VBZ DT NN IN PRP$ NNS VBG NNS IN PRP VBP RB VB DT NN . DT NN MD VB DT JJ NN IN VBG VBG JJ NNS CC TO NN VBZ VBN VBG . WRB VBP DT NNS VBN CC WRB MD PRP VB TO VB PRP RP . NNP NNP NNP IN DT NNP NN NN VBZ IN DT NN IN NNS , RB WRB VBZ DT NN RB VB IN DT NN POS NN IN VBG DT JJ NN NN . PRP , IN NNS , MD VB DT NN IN JJ NNS . NNP NNP NNP , NNP PRP VBZ IN VBG VBN IN DT NN CC DT JJ JJ NN , PRP$ CD NN JJ NN VBZ JJ TO VB PRP$ NNP IN CD NNS NN CC PRP RB VBP RB VBN IN DT NN . PRP RB VBP IN DT NNS IN DT JJ NNS VBP RB VBN RB VBN IN DT , CC IN IN NN DT RB MD VB VBN RB , CC RB DT NNS JJ NN MD VB VBN NNP NNP NNP , NNP PRP VBP DT CD NN JJ NN VBN IN NN PRP VBZ RB VBN IN DT NN NN . IN PRP VBD PRP$ JJ NN PRP VBD RB JJ IN PRP VBD RB JJ RB . PRP VBP RB JJ IN WP TO VB RB PRP$ NN VBZ JJ , CC VBP RB VBN PRP IN PRP . WRB RB VBZ DT JJ NNP NN RB VB IN , VBZ DT NN DT JJ NN . IN JJ NNS VBP JJ RB RB IN PRP VBP TO VB IN PRP , RB WRB IN NN VBP PRP VB PRP . VBG VBN DT NN PRP VBP RB VB RB RBR VBN , RB RBR JJ IN IN WP VBZ DT JJS NN TO VB TO VB PRP$ NN . IN DT NNS IN NNS IN DT NNS DT VBZ VBG DT JJ NN . NNP NNP NNP WRB VBP NNS WP VBP DT JJ NNS VBN TO VB JJ . RB DT JJ NN IN DT VBG DT NN NN VBZ IN DT NNS VBP VBN CD NN CC DT , DT NN MD VB IN JJR NN . NNP NNP NNP PRP VBP DT NN JJ CD NNS CD NNS , WP VBD NNP IN DT NN IN CD NNS , RB IN DT JJ NNS . PRP RB VBP DT NN JJ CD NNS WP VBZ RB RB VBN NNP . WP MD DT NNS VB IN PRP$ NN RB VBG DT VBN NN NN . VBP JJ NNS JJ . RB , WP VBP DT NNS IN VBG PRP$ NN VBN IN JJ NNS . VBP JJ NNS JJ IN DT IN NNS , NNS CC NN . RB , VBD EX DT NN IN NN POS NN IN DT JJ NNS NN RB VBZ NNS IN NN CC , CC NN NNS . NNP CC NNP NNP NNP PRP VBP DT JJ NN VBG PRP$ JJ NN . PRP VBD DT RBR JJ NNS IN WP VBD TO VB PRP$ NN IN NN IN PRP VBD VBG CD , FW IN PRP$ NN , CC PRP MD RB VB RB JJ IN EX VBD RB JJR NNS . RB , IN EX VBZ NN IN NNP , PRP MD VB IN DT NN IN DT JJ NN CC NN NN TO VB JJ NNS RB IN VB JJ NNS VB RB TO VB PRP CC RB VB NNS . DT JJ JJ NN VBZ JJ PRP TO VB DT NN IN NN CC JJ NN WDT NN VBZ . PRP VBZ VBN DT JJ NN TO VB WP CC WP PRP$ NN VBZ , CC RB NN MD VB DT , CC UH HYPH PRP MD VB TO IN NN IN DT JJ JJ NN NN , CC MD NN VB TO VB IN WP MD VB IN PRP$ NN IN PRP VBP VBN , IN NN VBZ JJ IN VBG RB . NNP NNP NNP IN DT JJ NN , CC VBG VBN PRP$ NN IN DT NNP NN , VBP DT NN , CC VBP DT NN VBG TO VB IN DT NNP NN VBD , MD PRP VB CD NNS IN DT NN IN NN TO VB IN EX VBZ DT NN . RB , WRB VBZ DT NN VB TO VB IN NNS TO VB VBN IN DT JJ NN TO VB IN PRP VBZ JJ , MD PRP RB VB RB IN JJ NNS IN PRP VBZ VBN TO VB JJ RB IN VBG RP IN DT NN IN PRP VBZ VBN CC NN , VBZ DT RB NN , CC VBZ PRP JJR TO VB DT DT IN CD RB IN CD JJ NNS . NNP NNP NNP IN DT NN IN CD NNS IN DT NN IN CD , PRP VBP VBN DT NN IN NNP RB RB . PRP VBP RB RB VBN DT CD NN IN DT JJ NNS NN , CC MD VB TO VB DT JJ IN DT JJS CC PRP$ IN CC JJ NN . DT NN VBP VBG PRP RB JJ TO VB DT JJ NNS , WDT VBZ JJR NNS IN NN , RB DT RB JJ TO VB JJ TO VB DT RB JJ JJ NNS . PRP VBZ IN PRP$ NN IN DT NNS RB JJ NN VBZ NNS RBR JJ . PRP VBP DT NN IN IN PRP VBP JJ IN VBG PRP$ JJ NN RP CC MD VB VBN IN NNS -LRB- VBG PRP$ NNS -RRB- . RB IN PRP VBP VBN TO VB PRP$ NNS IN NNS IN CD , CC CD NNS . PRP MD VB VBN TO VB PRP IN DT NN IN NNS IN DT NN IN CD CC CD NNS . DT NN IN PRP VBP IN NN IN DT JJ CD NNS VBZ JJ VBG IN NN IN IN PRP$ VBG NN PRP VBP RB VB NNP NN IN CD NNS . -LRB- DT NN IN DT JJ CD NNS . -RRB- PRP MD VB DT NN VBG PRP IN IN DT NN IN VBG IN PRP$ NN , CC DT JJ NNS VBN IN NN CC VBG PRP , RB VB DT NN RBR JJ . NNP NNP NNP IN DT NN NN PRP VBP VBN DT NN RB RB . PRP VBP VBN JJ NNS VBG IN NNS NNS CC VBG DT NNP IN NNP NN IN PRP . CC , RB RB JJ NNS VBP JJ IN DT NN IN VBG PRP$ NNS IN JJ NN NNS , IN DT WRB JJ NNS VBP NNS VBN DT NN VBP TO VB NNS . IN DT NN EX VBZ DT NN , DT NN VBZ DT NN CC VBZ NNS . PRP RB VBP IN DT JJ NNP $ CD CD NN VBZ RB VBN DT JJ NNS IN DT CC IN DT JJ NN IN DT NNS VBZ , `` UH PRP MD VB DT MD RB PRP . '' DT NN VBZ RB VBN IN DT VBG NNS IN DT . RB RB DT NN NN MD VB DT . JJ NNS RB VBP RB VB DT RB JJ NN NNS IN VBG DT VBN NNS CC RB DT NNP NNP NN VBZ VBN DT NN . PRP VBP DT NN PRP , CC PRP$ NNS VBP RB IN PRP$ NNS CC PRP VBP RB RB VBN TO VB IN DT NN , CC PRP VBP VB DT NN CC NN IN DT NNS WDT PRP VBP IN . UH PRP VBP VB TO VB JJ JJ NN CC DT NN VBZ VBG TO VB CC VB CC DT NNP IN NNP VBP RB VBG . PRP VBP RB VB DT NNS CC PRP VBP VBN IN DT NN DT NN . PRP VBP IN PRP VBP DT NN VBG TO VB PRP NN IN DT NNP CC IN DT NN PRP VBP VBG DT NN , IN PRP MD VB DT NN IN PRP CC PRP VBP TO VB DT NNP POS NN . PRP RB VBP IN DT NNS , NNS WP VBP DT NNS MD VB IN PRP WRB PRP VBP TO VB DT NNS . NNP NNP NNP , NNP PRP$ NN NNP VBZ JJ -LRB- PRP RB LS -RRB- NNP PRP$ NN VBZ CD NNS JJ . WRB IN DT NNS NN VBZ DT NN RB VBN IN DT NN IN JJ NNS CC DT JJ NN MD VBG IN DT JJ NN NN VB RB JJR , IN VBN IN NNP NNP NN . PRP VBP DT NNS VBG IN DT NN NN IN NNP NNP NNP , PRP$ NN CC NN VBZ DT NN IN JJ NN VBG IN NNS . NNP VBZ JJ , CC IN NN CC NNS WP VBZ DT JJS NN TO VB PRP IN DT . VBG PRP$ NN CC PRP$ NN PRP MD RB VB IN NNS VBZ DT JJR NN IN NNS PRP$ PRP$ JJ NN . WRB VBZ DT JJ NN JJR . NNP NNP NNP PRP VBP JJ IN DT NNP VBZ JJ IN VBG NNS IN DT NNS WDT VBP PRP IN RB CD NN IN DT JJ NNS . RB IN NNP VBZ RB VB IN DT NN IN DT JJ NN , IN VBG DT NN DT JJ NN IN DT NN POS JJ NN NN VBZ VBN IN IN DT NN CC DT NN IN DT NN POS JJ CC JJ NN TO VB RP NN NNS VBZ JJR . RB RB IN DT VBP JJ NNS CC RB JJ IN DT NN NN , WDT NN IN NNS VBP PRP VBG IN . MD PRP RB VB DT NN TO VB IN NN VBZ RB IN DT NN RB RB IN JJ JJ NNS . NNP NNP NNP NNP PRP MD VB VBN JJ IN DT NN VBD VBN IN DT NN IN WDT NN VBD VBN . RB DT NN IN NNP NNP IN PRP$ NNS NN CC VB DT NN IN NNP MD VB VBN JJ . LS NN NNP NN VBZ VBN TO VB DT JJ NN IN DT NN NN NN IN JJ NN . DT IN PRP$ NNS VBP VBN NNS CC RB VBN NNS CC VBP JJ . DT NN NN POS NN IN NNS NN NN VBZ VBN . DT NNP NNS NN VBD VBG NNS IN CD NN JJ NNS IN PRP VBD TO VB WDT NN DT NN VBD IN PRP$ VBG JJ NN . DT VBD IN DT JJ CD NNS . PRP VBZ IN PRP VBP JJ TO VB CC MD RB VB VBG NNS IN VBG RB . NNP NNP PRP$ NN VBZ CD NN JJ JJ NNS , CD IN WP VBZ IN DT NN IN VBG VBN IN DT NN NN . PRP VBP IN EX MD VB DT NN IN DT NN IN NN CC DT NN VBN IN NN . PRP VBD PRP$ JJ NNP NN IN IN NN CD CC VBP JJ TO VB DT NNP NN RB . PRP VBP JJ IN PRP MD VB IN NN IN VBG NN . VBZ PRP IN DT VBN NN . IN NN IN DT , CC IN DT NN NN : LS . VBZ EX NN IN VBG DT NNP NNS RB VBZ RB JJ IN DT JJ NN . CC CD . VBZ PRP DT NN IN DT NN WDT VBZ TO VB DT NN VBZ DT NNS NN . IN DT NN , PRP MD VB TO VB IN , VBG IN DT NN NNS , PRP VBD IN PRP IN PRP VBD DT NN IN DT NN IN NNP NNP VBG DT NN IN PRP$ NN TO VB DT NN IN DT NN IN NN . PRP VBP RB VB IN DT NN RB VB NN IN JJ , IN NN IN DT NNS . PRP RB VBP IN DT RB JJ `` PRP VBP JJS '' NN IN DT JJ NN VBZ DT NN IN NN CC NN WDT JJ NNS VBP VBG IN NN IN DT NN NN . NNP NNP NNP PRP$ CD NN JJ VBD DT NNP NN IN CD NNS JJ . IN DT NN IN CD NNS PRP VBD DT NN IN PRP$ NN CC NN . RB PRP VBZ CD NNS IN NN CC IN NNS IN NN CC JJ NNS PRP MD VB NN JJ IN DT NN NN . PRP VBP DT CD NN JJ IN DT NN NN , CC PRP VBP VBN CC VBP RB VB DT JJ NNS IN PRP$ CD NN JJ . NNP NNP NNP PRP$ NN VBZ DT JJ NN JJ CD NNS . WRB PRP$ NN VBZ VBN IN JJ NNS IN JJ NNS EX VBZ TO VB DT NN IN IN PRP$ NNS VBP DT VBN NN NNS CC DT NN IN NNS IN PRP VBD DT NN NN . RB PRP MD VB DT NN IN NNS MD VB VBN IN NNS IN PRP VBP VBN DT NN NN . NNP NNP NNP"
815,174,mainstream,"NNS IN NNP VBP VBN DT `` JJ NN '' WDT MD VB DT NN NN IN DT NN POS NN . IN DT JJ NN , CD NN IN NNS WP VBD DT JJ NN IN DT NN CD JJ NN VBD PRP VBD PRP IN DT JJ NN NN . DT NN HYPH RP NN VBZ DT NNS IN DT NN . DT NN VBZ CD NNS -LRB- RB CD NNS -RRB- JJ CC VBZ VBN IN DT NN NN . DT NNS VBP WRB DT NN VBZ VBN IN DT NN . -LRB- JJ NN : JJ NN VBZ NN NNP IN JJ NNS -RRB- DT RBR VBN NN VBZ DT CD JJ NNS IN DT NN . JJ NN NN NNP NNP NNP , DT JJ HYPH NN NN CC NN NN IN NN IN NNP NNP NNP IN NNP IN NNP -LRB- JJ -RRB- , VBZ DT NN NN IN DT NN NN POS JJ NN . TO VB DT NN , DT NN VBZ PRP IN DT NN IN PRP$ NN CC VBZ RP IN PRP$ NN IN PRP VBP DT NN . DT NN VBZ IN JJ NN VBD VBN IN DT NNS TO VB DT NN CC VB TO VB . IN CD NNS , DT NN MD VB VBN CC VBN RB . NNP NNP , DT NN IN JJ CC JJ NN IN DT NNP NNP IN NNP CC DT JJ NN IN DT NN , VBD DT NN NN IN PRP$ NN . NNP VBZ DT NN NN IN DT NN WRB PRP VBD VBN ."
816,1107,mainstream,"DT JJS NNS TO VB NNS IN DT NNS IN NNS MD VB TO VB PRP NNS IN DT NN IN NNS CC TO VB PRP VB DT NN IN DT NN VBN IN DT NN WP$ NN VBD VBN , VBG IN DT JJ NN . DT NNS VBP RBR JJ IN VBG NNS NN VBG JJ NN WDT VBZ EX VBZ DT NN IN NNS CC DT VBN NN IN NN IN NNS , DT NNS VBD . DT NNS VBD IN VBG NNS POS NN IN DT NNS VBN IN RB VBG VBN IN VBG PRP DT NNS IN JJ NNS CC VBG PRP VB DT NN VBN NN IN PRP$ NN POS NN VBD PRP$ NNS , VBG PRP TO VB RBR RB IN NNS , NN NN NNP NNP , DT NN NN IN DT NNP IN NNP , VBD IN DT NN . DT VBD JJ IN RB `` DT RBS JJ NNS IN DT NN , '' NNP VBD . EX VBD CD NNS IN NNS IN DT NNP NNPS IN CD , VBG IN DT NN . DT VBZ JJ DT NN VBN IN CD . CC RB IN CD , NNS VBD IN DT NN VBD VBN VBN IN DT NNP , VBG IN DT NN . -LRB- CD JJ NN NNS -RRB- `` DT NN IN NNS VBZ VBN VBN IN DT NN IN DT NN IN NNS VBG TO VB PRP$ NNS , '' DT NNS VBD IN PRP$ NN . CD NN IN NNS VBP RB VB PRP$ NNS VBZ DT JJ NN IN DT NN WDT VBZ IN NNS , NNS CC NN -LRB- DT NN NN -RRB- VBZ VBN IN DT VBN NN IN NN . NNS VBP VBN VBG IN JJ NNS TO VB NNS WP VBP DT JJ NN IN DT NNS IN NNS . IN DT JJ NN , DT NNS VBD CD NNS NNS TO VB PRP$ NNS IN JJ RB JJ NNS , VBG PRP$ NNS IN NNS CC PRP$ NN TO VB PRP$ NNS . RB , DT NNS IN DT NN VBD VBN IN CD IN CD NNS . NNS IN DT JJ NN VBD IN NN HYPH VBN NNS WDT VBD DT NN NN IN NN . NNS IN DT JJ NN VBD DT NN VBN IN DT NN VBG PRP$ NN POS NN IN NNS , CC RB VBD IN NNS IN NNS IN NNS , NNS CC NN . PRP RB VBD CD NNS IN WRB PRP VBZ JJ TO VB NNS . NNS IN DT JJ NN , WDT VBD DT NN NN , VBD VBN TO VB IN DT NN RB JJ IN NNS . RB , DT NNS RB VBD DT NNS POS NNS IN NN CC PRP$ NNS TO VB PRP$ NNS IN DT NN . DT NNS VBD IN DT NN WDT VBD VBG NNS DT NNS IN DT NNS VBD DT NN WDT VBD DT JJS NN IN DT NNS WP VBD RB DT RBS JJ IN NNS , NNP VBD . IN NN , VBG NNS DT JJ NN IN EX VBZ DT NN IN NNS CC NN VBD RB VB DT NNS POS NNS IN NN , DT NNS VBD . DT NN DT NN IN NN VBZ RB VB VBZ JJ IN VBG TO VB NN IN PRP$ CC PRP$ NNS VBP JJ VBZ RB DT JJS JJ NN , NNP VBD . DT NN VBZ IN `` RB IN VBG RP IN DT NN IN DT NN IN NNS CC NN , '' NNS MD VB TO VB NNS IN , JJ IN IN PRP VBP IN DT NN , PRP MD RB VB IN EX VBP JJ NNS IN RB VBG NNS VBN , NNP VBD NNP NNP . `` DT NN -LRB- IN DT NN -RRB- VBD TO VB PRP$ NN IN DT NNS , RB IN VBG TO VB PRP$ JJ NNS IN EX VBZ DT NN WRB EX VBZ RB , '' NNP VBD . DT JJ NN VBD VBN NN -LRB- NNP CD -RRB- IN DT NNP NNPS IN DT NNP NNP IN NNPS . SYM CD JJ NNS WDT RB MD RB VB RB SYM IN NNS : CD NNS WDT MD RB VB NN NN CD NNP , DT NN NN . DT NNS VBN . DT NN MD RB VB VBN , VBN , VBN CC VBN ."
817,532,conspiracy,"NFP NN TO VB RB IN JJ NNS IN NNS . EX VBZ DT NN RB TO VB IN DT NN WP VBZ JJ NN VB NNS IN DT NN IN NN . IN NN CC JJ NNS , JJ NN NNS VBP IN DT NN , VBG NNS CC VBG PRP RB JJ IN NNS TO VB RP CC RB VB PRP$ NNS VB JJ NNS . NNP VBZ RB IN PRP$ NN IN VBG JJ CC JJ NNS IN NNS IN DT WP VBP JJ NN . DT NN NNP RB VBD NNP CD , VBN IN NN NNP NNP NNP -LRB- NNP -RRB- , DT NN . IN DT NN VBZ DT NNP NN CC VBZ VBN IN NNP NNP NNP , NNP MD VB NNP CC NNP NNP , DT JJ JJ NNS WDT VBP RB VB JJ CC JJ NNS . NNP NN NNS VBD DT NN IN DT NN NN . DT VBN NN IN NNS VBZ VBN IN CD , CC NNS WP VBD IN DT JJ NN VBP VBN IN . JJR IN CD NNS WP VBP VBN DT NNS IN JJ NN MD RB VB TO VB PRP$ NNS IN PRP VBP JJ NN . CC RB CD JJ NNS WP NN VBP RB RB VBN MD VB JJ TO VB JJ NNS IN DT NN VBZ RB RB VB PRP IN DT NN . DT NN VBN IN NNP CD IN NNP NNP NNP -LRB- NNP HYPH NNP -RRB- , VBN DT `` NNP DT NNPS NNP IN CD , '' MD VB NNS VBG JJ NNS TO VB NNS IN DT JJ NN . NNP POS NN MD VB DT JJ NN TO VB NN IN NNS IN NN IN NN . DT NN VBZ PRP RB JJ , IN RB JJ , IN DT NN TO VB DT NN VBN IN DT JJ NN . IN DT NN NN IN DT VBN NN , NN CD -LRB- LS -RRB- VBZ DT NN TO VB DT NN POS NN '' MD VB JJ '' IN DT NN CC CD -LRB- NNP -RRB- VBZ DT NN '' VBG -LRB- IN DT NN IN DT NN IN NN IN DT NN NN IN DT NN POS NN -RRB- WDT DT NN POS NN VBZ IN DT VBN NN IN JJ NN . '' RB IN DT JJ NN VBD DT NN JJ TO VB IN DT JJ NN MD `` VB '' DT NN POS NN , DT NN VBZ PRP JJ IN DT NN NN VBZ DT NN TO VB IN DT NN POS NN '' VBZ IN DT VBN NN IN JJ NN . '' PRP VBZ JJ IN NN CD -LRB- NNP -RRB- VBZ VBN TO VB NNS WP VBP VB NN NN . JJ NN VBG DT NN POS NN VB DT NN NN VBN IN JJ NN . CC , EX VBP DT NNS VBN IN JJ CC JJ NNS . IN PRP VBP JJ RB TO VB WRB PRP VBD DT JJ NNS CC RB JJ NN VBD VBN IN PRP , PRP RB VBP RB JJ IN DT JJ NN IN DT NN , WDT VBZ NN NN CC NNS IN JJ HYPH NN NN . DT CD JJ NN VBD NN CC JJ NN NN NN VBG NN NN , VBG `` NN NNS '' TO VB NNS IN NN NNS . JJ IN DT NN , DT NN NN MD VB VBN IN DT JJ NN CC NN NN NN . IN NN NN , DT NN IN NNS VBZ JJ . DT NNS VBP VBN , CC JJ NN VBZ VBN , IN IN JJ NNS . NN NNS VBP VBN RB $ CD CD IN NNS IN DT NN WDT VBZ VBN IN NNS VBN IN DT NN IN NNS . DT MD VB DT DT NN . NNP NNP VBZ IN JJ NN NN , NN IN JJ NN NNS . IN DT NN IN NNS , NNS VBP VBN IN JJ NNS IN NN , CC , TO VB PRP RP , DT NN NNS CC JJ NNS VBP VBN IN DT `` JJ '' NN WRB NNS VBP VBN IN DT NN IN NNS VBN IN NN NNS . VBZ PRP DT NN DT NN IN NNS VBN IN NNPS VBZ VBN , VBG DT NN IN IN NNS CC JJ TO VB NN IN NN . NNS IN NN VBP JJ IN NN CC JJ IN NNS WDT VBP JJ TO VB . NNS MD VB JJ CC VBN NNS CC NN , NNS CC `` JJ NNS '' JJ IN NN , NN , NN CD , NN CC JJ NNS . PRP VBP VBN IN NNS , VBG DT NN , VBG NN HYPH VBN NNS IN DT NN IN DT NN IN VBG RB MD VB CD IN VBG DT VBN NN . CD NN VBZ NNP NNP NNP , DT NN -LRB- NN NN -RRB- WP VBD NNS VBG NN NN IN VBG NNS IN DT NN NN . RB , PRP$ NNS VBD JJ IN PRP$ NN . NNP NNP RB VBD : `` EX VBP DT JJ NNS , EX VBP RB VBN JJ NNS , CC RB MD EX VB DT JJ NN . '' DT NN WRB , NNP NNP VBZ , VBZ `` DT JJ NN IN NN VBZ DT JJ NN IN DT JJ NN . '' NNP NNP RB VBD WRB EX VBZ `` DT JJ NN IN DT NN , '' VBG PRP VBZ RB IN IN PRP$ NNS VBP IN NN IN JJ CC VBN NNS CC NN CC JJ NNS TO VB NN , VB JJ VB RP NN . NNS IN NN HYPH NN NN , NNS CC JJ NN VBP IN NNS , VBG IN NNP NNP . CC VBP RB NNS VBN JJ NNS . NN NNS VBD DT NN CC VBD , IN JJ NNS , DT NN IN NNS VBD NN VBZ JJ . NNP NNP VBZ IN NN CC NN NNS , IN NN , VBD VBN IN DT JJ NN NNS VBD VBG JJR NN , NN CC NN NNS CC IN NN CC NN VBD RB IN JJ NN . DT JJ NNS VBP JJ NNS CC JJ NN WDT MD RBR VB DT NN IN DT CC JJ NN HYPH JJ NNS . JJ VBZ IN NN . NNP NNP VBD : `` JJ IN JJS NNS , DT NN HYPH NN NN VBZ DT JJ JJ NN NN NN IN DT NN WRB DT JJ , JJ NN IN NN VBD DT NNP NN NNS CC VBD NNS IN NNS CC PRP$ NNS . DT VBD DT NNS WDT VBD RB JJ IN DT NN IN NN IN CD IN CD . CC EX VBZ DT RBR JJ NN IN DT `` NN '' IN NN IN DT NNS . IN CD , DT RB JJ NN IN NN NNS VBD VBN TO `` VB '' DT NN IN JJ NNS IN `` NN POS NN VBD DT NN IN PRP$ NNS IN DT . . . . RB PRP VBZ VBN IN DT JJ NN IN JJ NNS MD VB NN , CC JJ NNS IN DT NN VBP DT NN . '' RB JJ NNS JJ IN NNP NNP NNP NNP VB IN DT JJ NN IN NN NNS WP VBP PRP$ NN IN DT NNS IN NNS . NNP NNP VBD JJ NNS VBP DT NN IN DT JJ NN CC VBP PRP IN VBG JJ NNS IN NN NNS IN NNS VBP NN IN NN , CC PRP VBZ RB VBG TO VB NNS IN NN TO VB JJR NNS CC RB DT RBS JJ JJ NN MD VB PRP$ NN . NNP NNP VBZ DT JJ NN IN DT NN NN CC VBZ DT NN NN NN JJ , VBG IN DT NNP IN NNP NNP CC NNP VBZ RB VB DT NN IN DT NN IN EX VBP DT NNS VBG DT NN IN VBG DT NN RB , CC IN DT NN NN VBZ RB DT JJ NN WDT VBZ JJ CC VBZ NNP HYPH NNP NNP . PRP VBD DT NN VBZ `` DT JJ NN TO VB IN '' IN PRP VBZ VBN DT NN , IN NNS IN NN CC NNS WDT VBP VBN RB IN NN . NNP NNP VBZ DT NN IN VBG NNS IN NNS IN DT NN MD VB JJ NNS DT NN , VBG JJ NNS MD VB VBN IN NNS . VB , NNP NNP VBZ NN . IN JJ NNS , DT NN NN IN NNS VBP JJ CC JJ CC DT NNS VBP NN VBZ DT JJ NN . RB , RB , VBZ DT NN IN DT JJ NN NN . DT JJ NNS NN VBZ DT JJ NN CC VBZ VBN TO VB . `` JJ JJ NNS VBP IN NNS WP VBP DT JJ NN NN MD VB DT NN CC VBP NNS IN NNS CC RB NNS RB . RB , NNS WP VBP PRP$ NNS MD RB VB NNS IN NN , '' VBD NNP NNP , DT NN WP VBD DT NN `` DT NNP NNP . '' `` NN NN CC NN TO VB IN JJ NN NNS MD VB NN VBP VBN IN DT NN IN NNS IN JJ NN IN CC VBN CC JJ NNS , '' VBD NNP NNP , `` NNP MD VB NNS WP VBP NNS TO VB PRP$ NNS IN DT NNS VBN IN NNS IN DT WP VBP VBN RB VBN . '' EX VBP VBN JJ NNS IN JJ JJ NNS IN JJ JJ NNS . RB , CD NNS IN NNS IN NN CD VBP VBN CC CD NNS IN CD JJ NNS IN NN CD , VBG IN DT NNP NNP NNP NNP . VBN NN NNS VBP JJ NN , NN NNS , JJ VBN NN , NN , NN , NN NN , NN CC JJ JJ NNS , VBG IN DT NNP . NFP MD JJ NN VB IN NN VB . SYM NN DT JJ NN IN PRP$ NNS CC NNS SYM NN NNS VB NN NNS TO VB IN NN IN NNS NFP RB VBZ WRB NNS MD VB JJ IN NNP NNP NNP NNP VBZ DT NN IN NNP NNP , RB VBN IN VBN NN NN NN CC JJ NN NN NNP NNP CC PRP$ NN , NNP . TO VB DT JJ NN IN NNP NN NN : DT JJ NN VBN IN RB HYPH VBN CC JJ JJ NN NN : UH VB NNP , NN NN CD , NNP , NNP CD CC VB CD . RB VBN MD VB DT NN IN DT JJ HYPH JJ NN NNS NNP VBZ ."
818,1170,mainstream,"DT NN IN DT NN HYPH CD NN VBZ VBN VBN IN JJ NNS IN DT NN , CC PRP VBZ RB VBN JJ NNS CC DT NN WDT VBZ VBN PRP . PRP VBP VBG VBN IN AFX NN NNS JJ IN NN , JJ NN , NN , CC : IN NN HYPH NN NNS : NNS CC JJ JJ NN . PRP VBP RB VBG IN DT NN IN CD . CC WP VBP PRP VB IN DT NN . CC RBR RB , WP IN DT NN VBZ . DT NN VBZ VBN JJS IN PRP$ NN NN IN VBG DT NN CC JJ NNS . DT NN VBZ JJ , CC PRP MD VB VBN IN NN IN WRB TO VB CC VB DT JJ NNS WDT VBP DT JJ NNS WDT VBP RB RB . NNS RB VBP IN JJ NNS JJ IN IN DT NN MD VB NN NNS , IN PRP MD VB CD , CD CC CD NNS RB , CC IN PRP MD VB PRP$ NNS IN NN CC NN . PRP VBP DT NNS RB . VB JJR : NNS VBP RB VB NN : NNS MD VB VBN TO VB JJ NNS IN DT NN NN , JJ NN NNS VBP DT NN IN RB CD NN IN JJ NNS . CC PRP VBP RB JJR NN IN NN NN CC NN . IN DT NN HYPH CD NN , NNS IN NNS VBP RB VBN VBN IN NN NNS IN DT NN TO VB NNS CC NN JJ NN NNS . NNS IN JJ NNS IN NNS CC NNS VBP IN NN , CC PRP MD VB RB DT NN IN NNS IN JJ NN NNS , CC DT NNS IN WRB TO VB DT NN IN PRP . IN VBG PRP$ NN IN DT NN . PRP DT VBP DT JJ JJ NN TO VB DT NN CC NN NN IN NNP HYPH CD VBZ JJ . CC JJ NNS , VBG NNP NNP , WP VBD NNP POS NN NN , VBP PRP MD RB VB JJ CC JJ . IN DT JJ NN CC NN VBZ RB VB , PRP MD VB DT NN NN WDT VBZ RB JJ NN NNS . DT VBZ WRB PRP VBP JJ HYPH NN NN TO VB RP WDT NNS VBP CC WRB TO VB PRP RB RB IN JJ . PRP MD VB NN NN , NNS CC JJ NN VBP JJ NNS CC VBP RB VB NN . IN NN , JJ NN NNS VBP RB RB JJ . PRP VBZ NN TO VB RB RB DT `` JJ NNS '' IN DT NN -LRB- VBG PRP$ NNS , IN NN -RRB- , CC RB WRB JJ VBZ VBN , WRB TO VB NNS VB CC VB VBG PRP , CC WRB TO VB DT NNS IN NNS . VBG CC VBG DT JJ AFX NN NN VBZ RB JJ IN VBG DT NN CC DT NN , CC PRP MD VB RB RB JJ . TO VB CD NN , EX VBZ VBN DT NN NNP DT NN TO VB NN TO VB NN NNS . CC WDT NN IN NN , CC WP MD PRP VB VBN IN . WP MD VB NNS : NNS WP VBP JJ , NNS WP VBP VBG IN NNS WP VBP JJ , CC NN . CC WRB CC WRB . EX VBZ JJ NN IN DT JJ NNS . VBG PRP$ NNS RB VBZ JJ . CC WRB RB . RB DT NN , CD NNS DT NN , CC IN JJ NN NNS . WP VBZ DT JJS NN TO VB NNS TO VB PRP$ NNS RB . IN NNS VBP RB VB JJ NN , VBZ NN NN VB JJR IN NN CC NN . VBZ VBG NNS CC VBG NN NN RBR JJ IN VBG RB DT IN PRP . DT VBP RB VBP DT IN DT NNS WDT PRP VBP RB VB IN JJ NN NNS . PRP RB VBD PDT DT VBN VBN NNS IN JJ NNS TO VB DT NN IN JJ NNS , VBG NNS JJ IN NNS , NN NN , NN NN , JJ NN , NN , CC DT NN IN DT . PRP VBD DT JJ CC JJ NN IN NNS , JJ IN JJ NN CC JJ NN NN , CC IN DT NNS IN NNS , DT JJ NNS . JJ JJ NN NNS TO VB VBP DT VBN NN , JJ IN NN , NN , NN NN NN , CC NNS -LRB- IN NN , DT NN HYPH NN HYPH CD NN '' VBZ '' RB RBR RB IN NN IN JJ JJ NNS -RRB- . VBP DT IN DT NNS PRP VBP VBG RB JJ . RB . DT NN VBZ PRP VBP RB VB WDT NNS . PRP VBP TO VB DT RB IN PRP VBP RB VBG NN , NN , CC NNS IN NNS WDT VBP RB VB . IN DT NN WRB PRP VBP TO VB JJ NN NN IN DT JJ NN , JJ CC JJ NNS RB VBZ NN CC VBZ VBG NN NN RB RBR . WP IN DT JJ NN . IN DT JJ NN HYPH CD NN VBZ VBN , PRP VBP IN IN DT NNS IN RB . CC WP VBZ WRB DT JJ NN CC NN VBZ . NNS VBP NN HYPH JJ , RB JJ NN DT JJ NN VBZ PRP , PRP MD RB VB IN DT JJ NN . RB , WP PRP VBP RB IN JJ NN NNS MD VB VBN TO VB PRP IN JJ NNS , IN PRP VBP RB IN DT JJ NN CC NN . PRP VBP VBN NNS TO VB AFX NN NNS IN JJ NNS IN DT JJ NN , RB IN DT NNP NNP NNP NNP -LRB- NNP -RRB- NN IN CD CC DT NNP NN NN IN CD . RB , DT NNS IN JJ NNS VBD RB VBN CC PRP RB VBP PRP RB VBG IN NNS . VB JJR : NN VBZ VB : WRB JJ HYPH NN NN VBZ DT NN IN JJ NN WP IN NN IN NN NN . TO VB IN DT NN CC NN NN , DT NN WRB DT NN VBZ RB VB , PRP VBP TO VB VBN NNS IN NN NNS TO VB DT NN IN JJ NNS . DT JJ NN VBZ VBG PRP IN DT JJ NN TO RB VB NNS TO VB JJ IN DT NNS IN DT NN IN JJ NN NNS . VBG PDT PRP$ NN , NNS , CC NNS IN NN CC NN NN MD VB RP TO VB DT JJ CC JJ NN IN CC NN CC JJ NNS . DT NNS MD VB VBN RB RB IN DT NN , CC RB IN JJ NNS ."
819,876,conspiracy,"NNP NNP , DT NNP IN NNP IN NNP , NNP VBD IN DT NNP NNP , NNP CD NNP VBD IN JJ NN VBZ RB VB IN DT NN IN RB CC IN DT NN IN NNS WP VBP RBR VBN VBG IN PRP$ JJ NN CC VBG PRP IN DT JJ NN . IN DT , PRP VBP VBG IN VBG DT NNS IN VBN NNP NN IN NNP -LRB- DT NN IN NN VBN IN NNP NN -RRB- CC NNP , IN NNS IN `` NN '' , `` TO VB '' CC `` TO VB '' , IN DT NN IN VBG PRP TO VB PRP$ JJ NNS CC NNS CC VB PRP$ NNS . RB , IN DT NN , NNP CD VBZ NN JJ IN DT NN , NN IN NN CD : PRP RB VBD DT NN , IN PRP VBD IN DT NNP NNP NNP -LRB- NNP -RRB- . PRP VBP VBN NNS , IN JJ , VBP RB VB IN DT NN RB . RB NNS MD VB VBN TO VB CC VB , NN IN PRP CC PRP$ NNS , IN NN CC NN . CC , IN IN DT `` JJS '' NNS , DT NN MD VB VBN RB IN NNS . PRP VBP RP PRP$ NN CC VBP IN PRP VBD IN PRP . VB FW NN -LRB- NN CC NN -RRB- . PRP VBZ PRP$ NNS WP MD VB JJR , WP VBP `` VBN NNS '' , IN DT NN IN DT RB HYPH VBN `` NN IN PRP$ NNS '' CC IN NN -LRB- JJ NN IN NNS IN NN NN -RRB- . IN DT NN , DT NN IN NN MD VB VBN RB IN DT NN TO VB PRP VBN IN NN , TO VB PRP VBN IN NN : JJ NN CC IN JJ NN . PDT DT IN NN IN DT NN HYPH NN CC DT NN . DT TO VB DT NNS IN DT JJ NN WP$ NN NN VBZ DT NN IN NN , NN RB VBN IN DT NNP , WP$ JJ NN VBZ DT RB HYPH VBN `` NN CC NN IN DT NN '' NNP NNP . PRP DT VBP PRP , RB . NNP NNP , RB IN CD , VBD DT NN , VBN IN NNP CD IN DT `` NNP CD '' , RB IN NNP -LRB- NNP -RRB- . IN NNS , NNP VBZ VBN VBG IN NN NN CC JJ NN NNS IN JJ NNS , VBG TO VB DT NN IN NN , NN CC NN . NNPS VBD , PRP VBP RB IN PRP$ NN : IN PRP$ NNS , NNPS VBD TO VB NNS IN NNS IN NNP . NNPS VBD DT NN NN WDT VBD CD NNS IN NNP CC RB NN IN NNP , NNP VBZ JJR NNS IN DT NN PRP . CC PRP VBZ DT JJ IN NNS VBN IN NNP CC `` RB VBN '' IN JJ NNS . PDT DT IN PRP VBZ RB VBG IN VBG DT NN NN IN NN NN CC NN NNS IN NNS IN VBG PRP$ JJ NN . IN NN , NNPS RB VBZ NN IN JJ NNS WDT VBP NN NNS IN DT NNP . IN DT NN EX VBZ DT JJ JJ NN IN JJ NN : NNP , RB IN NNP VBP NNS IN DT NNP NNP , NNP , CC IN DT RB HYPH VBN NN WDT PRP VBP CD NNP DT CD NNS IN DT NNS IN NNP -LRB- JJ NN NN . PRP VBZ RB VBG IN NNP -RRB- . NNP CC NNP VBP NNS IN JJ NNS TO VB JJ NNS , VBG NN IN PRP$ NN IN NN CC PRP$ NN . NNP NNS , IN DT JJ NNP WDT VBZ NN IN DT JJ NNP , CC NNP NNPS , IN NNP , WDT VBP RB IN NN CC VBP PRP$ JJ NN NNS IN NN IN DT JJ NNP NN IN JJ NN , WDT VBZ TO VB JJ NN TO VB DT JJ NN IN JJ NN . DT VBZ DT NN IN DT NN IN NNS VBN IN NNP IN NNP . NNP , IN CD , VBD DT CC CD NN IN NNP NNP NNP . IN DT NNP NNP NN EX VBP DT NNS IN NNP , IN DT NNP NNP , WP IN PRP$ CD HYPH NNS NNS , VBD CD NNS , NN , IN DT JJ NN , VBZ PRP$ NNS IN DT NNP NN IN PRP VBZ , VBG RB IN DT NN . DT NN VBZ JJ . RB RB . IN DT NN EX VBZ RB NNP , IN NNP CC JJ JJR . DT JJ NN IN DT NNP NNP IN NNP MD VB IN CD CD NNS , IN WDT CD CD NNS MD VB VBN IN NNP NNP , DT NN IN NNP NNP . PRP VBP RB DT NN IN DT CD CD NNP NN IN DT NNP TO VB DT NN IN NN : NNS WDT MD VB VBN IN PRP VBD RB . DT NN , IN NN IN NN , WDT VBZ DT JJ NN IN VBG RB JJ . DT NN IN NN , DT JJ NN , WDT VBZ PRP$ NNS , PRP$ NN CC PRP$ NN IN DT NN . DT JJ NN IN DT IN DT VBZ JJ NN . JJ NN IN JJ NNS , VBN IN NN NNS CC NNS , VBG NN CC JJ NN . PDT DT NN IN NNS , NN VBN IN JJ NNS . IN PRP VBP RP DT NNP NN IN JJ NN , NNS CC NN , JJ NN CC NN , VBN IN JJ NN : VBN IN PRP$ `` NNP HYPH NNP '' IN DT NNP WP VBZ JJ JJ NN IN DT NN . PRP , IN DT NNS , MD VB DT NNS IN NN IN DT NN WDT PRP MD RB VB JJ TO VB DT IN PRP . PRP VBP PRP , NNP , TO VB DT NN CC VB DT NN IN PRP$ NNP NNP : JJ NNP NNP NNP , JJ NN PRP VBP DT NN NN IN DT NN NNP NNP VB PRP RB IN DT NNP NNP NNP IN NNS IN NN . IN PRP MD RB VB DT , VB PRP WRB PRP MD VB PRP , DT `` NN NN '' WP VBZ NNS IN DT NN ."
820,330,mainstream,"VB PDT DT JJS NN IN NN CC RBR VBN RB IN PRP$ NN . VB RP RB . IN NNP CD IN NNP NNP , NNP , DT JJ NN VBD IN CD NNS IN DT JJ NN IN `` NN '' NN . WRB CD JJR NNS VBD PRP CC CD VBD JJ , DT JJ NN VBD -LRB- VBN IN NNS IN DT NN IN DT CD JJ NN , WDT VBD RB CD CD RB -RRB- CC DT NN IN DT NN VBD . DT JJ NN VBD TO VB NN IN JJ NNS . IN NNP DT NN VBD JJ , CC IN NNP , JJR IN CD CD NNS VBD VBN VBN . IN NNP , JJ NN NNS VBD , CC IN NNP , JJR IN CD NNS IN NNP HYPH NNP NN VBD VBN VBN -LRB- VBN IN DT NN -RRB- IN CD NNS , CC DT NN RB VBD . WP VBD RB VBD NNS IN NNS IN NNS . RB IN RB , DT JJ NN VBZ VBN JJ TO VB JJ NN IN NN NN NN . CC DT JJ NN CC NN NN NN VBN IN NN IN NNP NNP IN CD , VBZ NN NNS IN JJ NN IN DT VBN JJ NN NN . PRP VBD VBN IN DT NN IN DT NNP NN NN NN IN DT NN IN CD . CC RB , WRB DT JJ CC RB JJ JJ NN VBZ VBN DT NNP NN TO VB RP CC VB NN IN DT NN . DT VBZ DT JJ NN CC DT JJ NN IN NN NN -LRB- DT JJ NN VBN IN NNP CC NNP NNPS NNP NNP NNP CC NNP IN NNP NNP NNP NNP -RRB- WDT MD VB VBN RB RB WDT NN IN DT JJ NN PRP VBP IN . NNP NNP NNP VBZ DT JJ , DT NN HYPH VBN NN TO NN NN , NN CC JJ HYPH NN NN IN DT NN IN NNP CD . PRP VBZ RB RB JJ CC JJ NN , PRP VBZ RB JJ , NN IN PRP$ JJS . NNS IN NNS IN NN NN NNS CC JJ NNS IN RB NNS IN NNS VBP TO VB VBN IN DT NN VBZ , IN DT NN RB VBG JJ NN CC VBG DT NN . DT NN NN VBZ RB JJ IN PRP VBZ VBG VBN IN DT NNP NNP IN NNP , WRB PRP VBD DT NN IN DT NNPS TO VB DT JJ NN . PRP VBD IN NNP IN NNP NNP NNP IN NNP NNP NNP DT NN . PRP VBD RBR JJ IN PRP VBP RB VBN PRP . PRP VBD IN VBG DT NN , VBG DT NN CC VBG NN IN DT VBG NN IN IN IN DT NN DT NN NN VBZ PRP IN NNS , NN MD VB RB VBN RP TO VB PRP . DT NN , IN DT NN VBD IN NNP NN , MD VB TO VB DT JJ NN IN DT NN IN DT NN . `` PRP VBP TO VB DT JJ NN IN DT IN NN , DT IN NN , IN DT , '' NNP VBD IN PRP . `` NNS , NNS CC NNS . NN VBZ RB DT NN RB . DT NN VBZ DT NN CC NN TO VB DT JJ NN IN NNS CC NNS . PRP VBP , DT JJ NN IN NN CC NN NN VBZ VBZ PRP VBP PRP , PRP VBP DT JJ NN , RB PRP VBP DT JJ NN , RB PRP VBP DT JJ NN , RB IN PRP VBZ PRP VB UH , RB PRP MD VB VBG JJ NN IN NN , CC RB DT VBZ RB NNS CC NNS CC NNS . VB RB TO VB RP IN PRP$ NN NN `` PRP , DT NNP NN , MD RB VB RP DT NN . RB : PRP VBP VBN DT NN IN JJ NNS . PRP VBP VBN DT IN PRP VBN IN DT NN , DT NN , DT NN NN , DT NN NN IN DT NN , CC NN IN IN PRP VBP IN DT VBZ NN WDT RB VBZ VBG TO VB . CC PRP VBP IN DT . `` WP PRP VBP RB VBG TO VB VBZ VB IN NN IN DT JJ NN . RB IN PRP MD VB RP . CC DT VBZ PRP MD VB RP IN NN NN NN WDT PRP VBP RB VB . CC RB VB PRP . IN PRP VBP VBG TO VB DT NNS IN NNS RB RB RB . RB IN IN PRP VBP DT NN PRP VBP VBG TO VB JJ TO VB NN RB RB . '' DT IN DT NN NNS VBP JJ NNS IN JJ NN IN NNS VBP IN DT JJR RBR VBN HYPH CC HYPH JJ VBN JJ NN . IN DT NNS DT NN VBZ JJ CC NN IN JJ NNS VBZ RB VBN VBN IN JJ IN DT NNS . VB RB TO VB DT NNP NN NN IN VBN IN DT CD NN NN NN , IN CD PRP VBP DT JJ NN WDT VBZ RB VBN JJR IN CD NNPS CC VBZ , RB , RB VBG TO VB RB . IN IN DT NNP NNP , PRP$ NN VBZ , RB RB , DT NNP NN MD VB PDT DT NNS CC VB . DT VBZ WDT NN VBZ VBN IN , TO VB DT NN CC VB DT NN CC , IN PRP VBP , TO VB JJ IN PRP$ NNS . VB RB TO VB JJR IN NNP . NNP NNP"
821,1181,mainstream,"DT JJ NN IN VBG NNS IN NN , VBN IN NNP , MD VB TO VB JJ IN DT CD CD NNS WP VBP DT NN IN PRP VBP RB VBN VBN . NNS VBP VBN DT NN NN HYPH VBN IN NNS IN JJ NNS , TO VB NNS IN VBG IN NN NN . DT MD VB IN JJR CC JJR JJ NN NNS , RB IN JJ NNS . DT JJ NN VBN NNP NNP VBD VBN DT $ CD NN NN NN TO VB VB DT NN IN NN . `` PRP VBZ DT JJ NN IN DT NN IN WDT JJ NNS VBP VBN IN NN CC VBN IN NNS IN NNS , '' VBD NNP NNP , DT NN POS JJ NN , WP VBZ VBN VBG IN JJ NN NNS IN CD NNS CC VBZ DT NN IN NNS . NNP NNP , NN IN NN IN NNP NNP POS NNP IN NNP CC NNP IN NNP , VBD : `` EX VBZ DT JJ NN IN NN IN DT . `` NNS VBP JJ CC DT NN IN NN VBZ VBN IN VBG TO VB PRP JJ . NN WDT MD VB PRP IN JJ NNS VBZ JJ NN . `` EX VBP NNS CC NNS WDT MD VB IN JJ TO VB JJ JJ NNS CC VB RP TO VB JJ NNS . IN PRP VBZ , DT MD VB CD IN DT . '' CD HYPH CD CD IN DT CD CD NNS VBN DT NN VBP RB VBN IN NN , NN CC NN NN NN , VBG IN DT NNP NNP NNP . IN CD , RB CD CD VBD IN NNS WDT MD VB VBN VBN IN NNS . DT JJ HYPH NN NN IN VBG NNS IN JJ NNS IN NN IN NN VBZ DT NN IN IN $ CD CD IN NN . VBG DT NN IN DT RBS JJ NNS VBZ RB $ CD , RB VBG DT NN TO VB MD VB RB TO VB DT CD CD NNS . DT JJ NN VBZ DT NN VBN IN NNS IN JJ NNS , JJ IN DT NN NN , DT NN WDT MD VB IN JJ NNS IN NNP JJ NNS . PRP VBZ VBN IN DT JJ NNS MD VB IN DT VBN NN IN IN DT NN . DT NN NN VBG DT NN VBZ VBN TO VB NN CC RB VBZ . DT VBZ DT NN POS NNS IN IN PRP PRP MD RB VB . DT NN VBZ JJ NNS IN NN HYPH JJ VBN NN VBG NN IN DT JJ NN . DT NN VBZ RB VBN IN DT NN WRB VBN . IN NN , IN IN NN IN DT NNS VBP VBN DT NN IN IN JJ CC VBN NN NN . `` IN PRP VBZ RP IN DT JJ NN , DT VBZ DT JJ NN , '' VBD NNP NNP IN NNP NNP . `` RB JJ IN DT NN POS NNS VBP RB VBN , RB IN DT NNS VBP RB JJ , CC IN PRP VBZ RB JJ TO VB CC VB PRP . '' PRP VBD : `` PRP VBP VBN NNS IN NNS WDT VBP VBN VBN TO VB JJ IN CD NNS IN CD NN , CC DT NN NN VBZ VBN IN JJS RB JJ IN DT JJ NNS . '' DT JJ NN PRP$ NN VBZ VBN WDT VBZ JJ IN DT NN VBZ JJ NN . DT NN VBZ VBN VBN IN CD JJ NNS CC IN NN NNS . NN POS NN MD VB VBN TO VB IN NNP NNP , DT JJ NN , TO VB DT CD HYPH IN HYPH CD NN IN NNS . PRP VBZ VBN JJ NNS IN NNS MD VB IN CD NNS . NNP NNP , DT NNP IN NNP IN NNP NNP , VBD : `` DT JJ CC JJ NN IN NNS VBZ VBN NNS IN DT NNP IN NNS JJ IN NNS , NN , NN , NN NN CC NN , CC VBN NNS NN IN NN . `` PRP VBP TO VB DT DT NN IN NNS CC PRP$ NNS IN DT VBG NN . `` DT JJ JJ NN VBZ NNS TO VB VBN IN JJ NNS CC IN JJ NNS , CC MD VB JJR NNS IN RB RB MD VB NN IN NN HYPH VBG NNS . ''"
822,746,conspiracy,"IN DT NN NN NN IN DT JJ NN IN JJ NNS , PRP VBP RB IN DT NNS IN DT JJ NN IN NN . PRP VBZ RB RB DT RB JJ IN NN WDT VBP TO VB IN DT NN IN NN PRP VBP PRP VBG RP , JJ IN DT NN MD VB VBN IN DT RB RB RB JJ NN . DT NN NN NN `` NNP , IN NNP HYPH RP IN NNP '' VBZ DT RB VBN NN IN DT JJ NN HYPH NN IN NN NNS . VBZ NN NNP NNP VBN DT JJ NN IN NN IN VBG DT NN IN DT NNP NNP NNP -LRB- RB IN PRP VBZ DT JJ NN -RRB- . CC VBD PRP VBN IN DT IN NN . WP TO PRP VB . DT WP VBP TO VB IN DT IN NN MD VB NNS , CC EX VBZ DT JJ NN RB . PRP MD DT VB RB IN CD . NNP VBD RB VBN IN NN NNS IN NNP `` NNP '' WP RB VBD PRP$ JJS TO RB VB DT JJ NN RB RB IN DT NN POS NN , NNP NNP . NNP NNP VBZ DT RB JJ NN IN DT RB JJ NN . PRP VBP VBN DT NN IN VBG IN PRP RB DT JJ CD NNS IN DT NNP NNP NN NN IN NNP NNP WRB PRP VBD RB VBG . `` IN PRP$ NN , PRP VBD NN IN DT NNP NNP NNP POS NN TO VB DT JJ NN IN NNP : IN NNP HYPH IN IN NNP , '' VBD NNP NNP CC NNP NNP -LRB- DT NN CC NN , RB -RRB- . `` NNP NNP NNP POS JJ NN IN DT NN VBD NNP IN DT CD NN NN IN NNP NNP CC NNP NNP , DT NN WP VBZ VBN RB CC IN NN IN DT NNP NNP -LRB- NNP NNP -RRB- CC WP$ NN VBZ VBN DT NNS WDT VBP NN IN DT NNP . PRP MD VB IN CC VB DT JJ CC JJ NN IN DT RB JJ NN NN . NNP VBZ RB VBG DT NNS IN NN TO VB DT JJ NN IN `` NNP '' IN NNP NNP . PRP VBP DT TO VB IN DT JJ NN IN DT NN CC TO VB IN DT NN . VBG DT JJ NN NN MD RB VB TO VB DT NN NN NN , DT JJ NNS VBP , IN NN , IN DT NNS . RB VBZ DT CD NN NN IN DT MD VB NN NN . RB VBZ WRB PRP VBP WP PRP VBP VBN IN CC WRB PRP VBP RB , UH VB IN DT NN TO VB `` NN '' IN DT NNS , UH VB PRP IN DT NN TO VB CC VB NN NN , VB PRP$ NN VBN IN PRP MD RB VB DT NN . NNP MD VB RB VBN , RB RB IN DT NN VBZ JJ , DT NNS VBP VBN JJ , CC NN IN DT NN VBZ RB VBN IN NNP CC DT NN POS NN IN DT NN RB IN DT JJ NN ."
823,948,mainstream,"NNP NNP VBD IN DT NNP NNP NNP NNP IN NNP NNP , NNP DT JJ NNP HYPH CD NN : IN NNP , VBG NNS IN PRP VBD IN DT NN NN . PRP VBD PRP JJ NNS VBG NNS IN DT NNP NNP NN NN NN . `` PRP MD VB , `` MD PRP VB TO VB PRP VB DT NN . '' '' VBZ NNP , JJ NN IN JJ NNS IN NNP POS NNP IN NNP NNP . `` PRP VBD RB RB VB TO VB NN . DT NN VBD RB VBN . '' IN NNS : CC IN VBG JJR IN CD NN NNS IN NNS : DT NN VBD VBN JJR IN CD NNS WP VBD VBN IN NNP HYPH CD CC VBD VBN IN NN IN NN WP VBD DT NN , VBZ NNP NNP , NN IN DT NN . IN NNS POS NN NNS , PRP CC PRP$ NN VBD JJR IN DT CD JJ NNS WDT `` VBN , '' CC VBN , NNP HYPH NNP HYPH CD , DT NN WDT VBZ NN HYPH CD , IN DT NN NN . DT NN VBZ CD IN DT VBG NN VBG DT NN VBZ NNS IN DT JJ NN . DT NNS VBP IN NNS VBN IN DT NNS MD VB DT JJ NN . CC NNS VBP IN JJ NNS MD VB JJ NNS IN PRP MD VB VBN IN NNP HYPH CD . PRP$ NN RB VBZ NNS TO VB PRP VB NNS . JJ NNS VBP IN IN VBG NNS IN NNS WP VBP VBN IN NN HYPH CD CC RB RB VBG PRP , PRP MD VB NNS WDT MD VB NNS CC NN NN IN DT NN . DT IN DT JJ NNS VBP RB VBG DT JJ NN IN VBN NNS TO VB RP DT NN IN DT WP VBP RB VBN DT JJ NN . -LRB- NNS VBN IN DT RB HYPH VBN JJ NNS VBP JJ IN JJ NN NNS , WDT VBP RB VBN NNS RB . IN DT JJ , NN VBZ VBN IN NNS WP VBP VBN IN NN HYPH CD CC VBN RB IN DT WP VBP VBN . DT NN VBZ RB RB IN IN JJ NN VBZ RB JJ IN DT NN . -RRB- JJ NN VBZ DT NN IN NN NNS : EX VBP NNS IN NN HYPH VBN NNS VBN IN JJ NNS IN DT NNP CC NNP , VBG IN DT NNP NNP , DT JJ NN WDT VBZ NN IN DT NNS . DT NNS VBP RBS RB VBN TO VB NN CC NN NN , CC DT JJ VBP VBN VBN IN JJ JJ NNS . RB , EX VBZ DT NN NN WDT VBZ JJ NN NN IN NNS . CC DT RBR JJ NN WDT MD VB NNS IN NNP VBZ RB IN NN IN DT NNP NNP CC NNP NNP . DT NN , VBN NNP HYPH NNP , VBZ IN CD NNS CC VBD VBN IN DT NN IN DT NNP NN WDT VBD IN CD IN DT NNP NNP IN DT NNP . DT NN VBD IN NNP HYPH NNP VBD NN NNS . DT NN VBD VBN IN DT NNP , NNP VBN NN NN NNP NNP , WDT VBZ RB VBG IN DT NN NN IN NN HYPH CD . NNP NNP , JJ NN IN NN IN JJ NNS CC JJ NN NNS IN NNP , CC PRP$ NNS VBD VBG NNS IN NNP HYPH CD IN NNP , WRB DT JJ NN IN DT NN VBD VBN . VBG NNS IN RB VBN NNS : WDT VBP VBG JJ NNS : CC NNS , NNP VBZ VBN DT NN NN WDT VBZ VBN TO VB JJ NNS RB RB IN NNP , PRP VBZ . -LRB- IN NN , NNP VBZ NNP POS NNS MD VB JJ NNS IN NNP CC NNP . -RRB- RB NNP NNP NNS VBP VBN NNS IN RB DT CD IN DT JJS NNS IN DT NNP TO VB VBN IN , CC TO VB IN , NNP HYPH CD , VBZ NNP NNP , NN NN IN DT NNP NNP NNP , WP VBZ VBG DT NN IN NNP NNP , DT NN POS NN . IN DT JJ NN , NNP , NNP CC PRP$ NNS VBD PRP VBD RB CD JJ NNS IN DT JJ NN . DT NNS VBP RB VBG IN JJ NNS , VBG DT NNP , NNP NN NNP . DT IN DT NNS VBP VBG TO VB JJ NNS IN NNS VBG DT NNS RB RB IN DT NN , NNP VBZ . NFP DT NNS IN NNP , NNP CC NNP VBP RB CD IN NNS IN DT JJ NN : VBG NNS WDT MD VB VB NN HYPH CD . IN DT NNPS , NNP NNP NNP NN NNP NNP CC DT NN IN NNS IN NNP NNP CC NNP NNP VBP VBN CD NN , VBN CD , WDT VBZ NNP HYPH NNP HYPH CD CC MD VB `` VBN IN JJ NN , '' PRP VBZ . NNP NNP NNP NNP VBZ VBN NN NNS IN DT NN NN IN DT NN NN HYPH CD , WDT PRP VBZ TO VB IN DT NN . NNP NNP , NNP , VBN NNP CC JJ JJ NNS VBP RB VBG IN NN HYPH CD NN NNS . RB DT RBS JJ NNS VBP JJ TO VB JJ RB RB DT NN , RB . JJ NNS IN NNS VBP JJR CC JJR IN DT IN JJ NNS , CC DT NNP MD RB VB DT NN RB IN `` NN VBZ DT JJ NN RB RB , '' NNP VBZ . RB RB , JJ NN VBZ VBN TO VB IN JJS CD NNS RB , PRP VBZ . DT NN NN VBZ IN DT RBS JJ NNS IN WRB DT NN MD VB JJ . IN NNP CD DT NNP , NNP . JJ NN NNP VBD NNS IN DT JJ NN IN DT NN HYPH CD NN IN DT NN NN . DT NN PRP NN -LRB- DT JJ JJ NN WDT VBZ IN NN -RRB- VBD IN CD NNS VBD NNS IN DT NN , NNP VBZ . DT NN VBZ RB TO VB DT NN NNS , RB , CC DT NNS VBP NN . NNP POS NN VBZ CD IN JJR IN CD RB IN NN . DT NNS : VBG DT NN POS JJ JJ NN NNP NNP : VBP DT NN MD VB JJ IN JJ NN RBR DT NN CC IN JJ CD . `` IN PRP VBP DT NN , EX VBZ RB RB VBG TO VB DT JJ NN IN DT NNS RB , '' VBZ NNP NNP , DT NN CC JJ NN NN IN DT NNP NNP IN NNP IN NNP NNP . CC NNP NNP , DT NN WP VBZ VBG DT NNP NNP POS JJ NN NN IN NNP HYPH CD , VBZ NN NNS MD VB DT JJ NN IN DT NN VBZ JJ . `` IN PRP VBP CC VBP VBN RB , -LRB- JJ NNS -RRB- MD VB DT NN IN DT NN IN NNS IN DT NN , '' PRP VBZ . DT NNS VBP RB VBN IN NN NNS MD RB VB DT NN TO VB NN NNS . `` DT NN WDT VBZ VBN VBZ DT NN , '' NNP VBZ . `` CC PRP MD VB IN PDT DT NNS VBP VBN IN -LRB- VBG -RRB- NNS WDT PRP VBP . '' DT JJ NN CC JJ NN NN IN NNS VBP IN JJ NN , RB , PRP VBZ . `` EX VBP DT JJ NNS IN -LRB- NN NN NN -RRB- , '' NNP VBZ , IN DT NN VBZ RB IN IN DT NN . `` PRP VBP NN VBZ VBG RP IN DT NN . '' DT NN VBZ DT NN IN NN NNS VBP RBS RB VBN RB . PRP MD VB JJ TO VB NN HYPH CD NNS IN VBG PRP IN DT NN , IN IN DT NN NN . CC NNP NNP , DT NN CC NN IN DT NNP IN NNP , NNP , VBZ IN JJ JJ HYPH NN NNS MD RB VB DT NN IN NN TO VB JJ NNS IN CC NN IN DT JJ NN . `` DT VBP TO VB RB JJ NNS , '' PRP VBZ . IN NNS MD VB IN DT CD HYPH NN IN HYPH IN HYPH NN NN NN IN JJS NNS , NN NNS MD VB NNS IN NNS , NNP VBZ . DT NNS VBP RB VB NN NNS MD VB IN DT NN IN NNP HYPH CD . CC DT NNS MD VB TO VB PRP$ NNS , DT NNS VBP . `` PRP VBP -LRB- NNS -RRB- MD VB JJ IN WRB PRP VBP CC RB VBP NN IN DT NN , '' NNP VBZ . `` PRP VBP PRP VBZ RB JJ TO VB , `` IN -LRB- NNS -RRB- , PRP MD VB -LRB- DT -RRB- NN NN WDT VBZ , CC NN MD VB PRP . '' DT VBZ JJ . '' VB JJR IN DT NN NN IN JJ NNP RB . CC VB NN IN PRP$ JJ NN IN NNS RB . NFP NN POS NN -LRB- CD -RRB- : DT NN VBD VBN IN VBG IN NNP NNP POS NN . DT NN VBZ PRP$ NNS IN DT NN NN IN JJ NNS IN NN NNS PRP VBZ VBG IN NNP CC JJ NNS ."
824,170,conspiracy,"NNP NNP NNP JJ NN NNP NNP VBD IN DT NN IN DT NN VBZ DT JJ NN IN DT JJ NN TO RB VB DT NN TO VB DT NN IN DT JJ NN . RB IN NN PRP VBD VBG IN WRB PRP RB VBP DT NN HYPH CD NN , VBN IN DT NNP NNPS IN CD IN NNP NNP CD NN NNS , IN PRP MD VB JJ TO RB VB DT NN PRP VBP IN DT NN NN , UH VB PRP TO RB VB PRP$ JJ NN . DT JJ NNS WDT VBP IN DT JJ NN VBG DT JJ NN NNS IN DT NNP NNP NNP VBP RB VBG IN PDT DT NN CC NN TO VB DT VBG NN HYPH CD NN JJ . DT JJ NN IN DT NN IN DT NN VBZ PRP NNP NNP , JJ NNP JJ NN NN , VBG IN JJ NN IN DT NN IN NNS MD VB `` VBN '' TO VB DT VBG NN HYPH CD NN . PRP VBZ DT RB HYPH RB VBZ CD NN TO VB PRP$ NN . `` CD . '' , PRP VBP IN PRP , DT NN WDT MD VB RB . RB PRP VBP IN DT NN NN WDT VBD VBN TO VB IN DT NNP HYPH NNP NNP IN CD VBD RB IN DT NNS RB RB IN CD . VBG DT NN , RB . `` UH FW . , NNP , NNP . '' . NNP NNP : NNP VBZ JJ TO `` VB DT NN IN PRP$ NN '' IN NNP : `` VB PRP VB PRP RB RB , PRP VBP DT JJ NN TO VB DT NN CC VB DT NN , RB IN PRP VBP . PRP VBP DT NN RB TO VB VBN , PRP VBP DT NN RB TO VB DT NN , PRP VBP DT NN TO VB RP PRP$ NN , '' PRP VBD . DT NN , NNP NNP , VBD , VBG IN DT JJ JJ NN VBD VBG IN IN DT NN VBZ `` PRP VBP TO VB VBN , PRP VBP TO VB VBN . '' `` WRB VBZ DT IN DT NN . '' NNP VBD IN PRP$ NN NN , `` NNP DT NNP , '' WDT VBD VBN NNP IN NNP . NNP VBD IN IN DT NN VBZ VBN IN DT JJ NN WDT VBZ RB JJ , PRP MD VB NN . NNP VBD IN EX VBP `` NNS IN NNS IN NNS '' IN WDT NNS VBP VBN IN NN IN `` JJ NNS TO VB DT NN IN JJ NNS . '' DT NNP NN : WP VBD NNP NNP IN PRP$ NNP NN NN : VBD VBG IN DT NN NN NN NN VBN IN NN IN DT JJ NN . DT NNP NNP VBZ VBN DT NN POS `` NN NN '' : VBG `` NN '' IN NN CC NN RB IN NN NN RB : WDT VBZ DT NN NN TO VB NN NNS , VBG NN CC NN NNS , TO VB JJ NN . IN NNP , IN DT NN IN DT NN IN DT JJ NN , DT NN NNP VBD JJ NNS IN DT NN CD JJ NN IN PRP$ JJ NN HYPH CD NN , VBG DT CD HYPH NN NN IN DT NNP . VB JJR NNP NNP : `` PRP VBP DT NN TO VB TO VB VBN '' NNP NNP : `` PRP VBP DT NN TO VB TO VB VBN '' . VB IN CD '' PRP MD VB TO VB IN DT JJ NN VBZ VBN IN NNP CD , PRP VBP PRP VBZ VBN CC PRP MD VB PRP , CC PRP MD VB IN IN DT NNP NNP IN DT NNP NNPS IN PRP$ NNS CC PRP MD RB VB PRP '' RB DT NN VBZ VBZ PRP$ JJ NN NN IN DT VBG NN IN NN IN DT JJ NNS IN DT NNP IN DT NNP , WRB TO VB : VB RB TO VB PRP$ NN NN WRB PRP VBP IN DT NN NN , PRP VBP VBG PRP TO VB WP DT NN VBD PRP TO VB . DT NN PRP VBP RP VBZ RB IN DT JJ JJ NNS IN DT NN . WRB NNS VBP IN NNS , PRP VBP PRP RP IN DT NN . WRB NNS VBP RP CC VBP WRB JJ PRP MD VB NN NNS CC MD VB PRP , PRP VBP PRP DT NN IN DT NN IN PRP IN CC DT NNS CC DT NN , RB RB WRB PRP VBP IN DT NN . RB PDT DT NN IN NNP NNP . PRP RB VBD PRP$ JJ NN NNP NN IN NNP NNS RB , NN IN PRP$ JJ NNS . PDT DT VBZ JJ IN PRP VBP IN PRP , PRP VBP PRP , CC PRP VBP IN PRP MD VB VBG . CC WP PRP VBP , VB RB VB NN . NN VBZ JJ CC PRP VBP PRP$ NN RB RB . IN DT CD IN DT CD SYM NNS IN PRP$ JJ NN NN VBD $ CD , PRP MD VB PRP$ NN RB . IN DT CD IN PRP$ CD SYM NNS IN NNP VBD $ CD DT , PRP MD VB CD NN IN PRP$ NN . DT JJ VBZ IN PRP$ CD NNS IN NNP . CC RB , JJ MD RB VB , RB PRP VBP DT NNS WP MD CC WP MD VB TO VB JJ . RB JJ IN JJ . `` VBG IN DT VBN NN , CC DT JJ NN IN DT JJ NNP CC PRP$ NNP NNP NNP , '' NNP CD -LRB- NNP -RRB- NFP WRB TO VB : VB RB TO VB PRP$ NN NN"
825,60,mainstream,"DT NNP NN VBZ DT JJ NN NN . JJ NNS VBP DT NN NNS IN DT . IN DT WDT VBP , DT NN NNS VBP TO VB JJ CC JJ HYPH VBN . DT RBS JJ NN NN VBN IN DT NN NN WRB PRP VBZ VBN IN JJ NNS VBZ DT JJ NN -LRB- NN -RRB- . PRP VBZ JJ TO VB NN IN NN TO VB DT NN IN DT NN . NNS VBD IN WRB DT NNP VBD VBN IN NNS IN NN , JJR IN NN IN PRP VBD NN . DT NN VBZ IN CD NNS IN NN , CC VBZ RB RB VBN IN CD NNS . DT NN VBZ IN PRP$ NN VBZ VBG IN DT NN , IN RB VBG DT NN VBZ RB VB PRP VBZ RB VBN . JJ JJ NN NNS IN DT NN NN VBP : NFP NN , NN CC NN IN DT NN NN PRP VBZ VBN IN PRP VBP PRP$ NN JJ NN TO VB DT NN IN NN IN NN . VBG NN VBZ DT NNS IN PRP$ NN VBG NN IN JJR IN DT NN . RB PDT DT NNS VBP JJ . PRP$ NN MD VB PRP JJR NN IN NN IN PRP$ NN NN . PRP MD RB VB VBN DT NN IN NNS IN NN , WDT VBZ NNS IN WDT NN TO VB PRP$ NN . PRP VBZ DT JJ NN TO VB DT JJ NN IN NN IN DT CD HYPH NN NN NN . PRP MD VB PRP IN PRP$ JJ NN CC NN . IN PRP$ NN VBD VBN IN CD NNS , PRP MD VB NN VBN IN PRP VBG IN PRP$ NN , RB IN VBG DT NN IN NN NN VBN IN DT NN CC JJ NN PRP VBP VBN IN DT NN . VB DT NNP NN TO VB RP WRB TO VB NN TO VB CC VB NN IN NN NN . IN JJ NNS , NNS MD VB DT JJ NN IN DT NNP NN RB IN DT NN . DT MD VB DT NN IN DT NN CC NN WDT VBZ NN CC DT IN PRP$ NN . IN RB JJ NNS , PRP MD VB DT JJ JJ NN -LRB- JJ NN -RRB- IN DT JJ NNS IN DT NN . DT MD VB NN NNS CC NN . PRP VBZ RB JJ IN DT NN , CC DT NN CC NN VBG DT NN MD VB VBN VBN IN WRB TO VB DT NNS . VBN DT NN VBZ NN RB , PRP MD VB DT JJ NN . PRP MD VB JJR IN DT NN NNS IN DT NN NN IN DT NN NN NN IN NNP -LRB- NN , CD -RRB- . WP TO VB IN PRP$ NN VBZ JJ IN DT NNP NN IN IN DT NNS , DT JJ NNS MD VB NN NNS , JJ IN VBG JJ CC VBN , VBG , VBG DT NN JJ CC RB RB , IN IN JJ DT VBP JJ CC JJ HYPH VBN . DT NN IN NNS MD RB VB DT NNS IN DT . VB DT NN IN PRP$ NN IN WRB TO VB JJ NN TO VB NN IN NN . IN PRP$ NN VBZ JJ IN DT NN IN NN CC PRP VBP JJ IN PRP$ NN , VB PRP$ NNS CC VB IN PRP$ NN CC VB NNP CD . RB VB NNS WDT VBP NN IN DT NN . VB JJ NNS IN WRB TO VB RP DT NN IN DT NN . VB RP WRB TO VB IN PRP$ NN VBZ DT NN VB RP WRB TO VB PRP$ NN POS NN VBG DT NN IN DT NNP NN IN DT NNP , DT NN IN NNS VBZ VBN IN DT NNP NNP NNP IN DT NNPS CC NNP NNPS NNP NNP CC DT NNP IN NNP IN NNPS . NNS IN NN CC NN NN VBP VBN IN DT NNP NNP NNP TO VB DT NN IN NNS IN NN . JJS NNS IN NNS VBN IN DT NNP NNP NNP VBP VBN JJ , JJ IN NNS , NN , NN , CC NN CC VBG WRB DT NN VBD VBN . VB RP WRB TO VB DT NN NN NN"
826,530,conspiracy,"IN NN IN JJ NNS , PRP VBP VBG NN CD IN DT NN , WRB TO VB DT NNP -LRB- CC WP TO VB IN PRP -RRB- . VB RB IN NN NNS CC NN NN NN IN DT NN CC VB , VB DT NN IN DT NN CC NNS RB : VB DT NN IN NNP , NNP , NNP , NNP CC VB DT NN RB IN PRP RB VBD DT CD NNP NNP NNP NN IN NNP NNP NNP CD , RB , RB , MD PRP VB TO VB DT CD NN IN DT NNP CC NNP NNP NNP IN NN IN PRP$ NNS IN DT JJ CD NNS . PRP VBP VBG IN DT NNP NNP NN TO VB PRP VB NN CC NNS IN PDT DT NN . DT VBZ DT JJ NN NN IN NNP CC NNP NNP , PRP$ NN , VBN NNS CC NNS IN DT NNP , NNP , NNP , FW , CC DT NN IN JJ NN CC NN NN . NNP NN NNS VBP VBN TO VB RP IN DT NN CC VB DT JJ NN CC NNS IN DT NNS NN RB . RB DT NNP NN NN RB . VB RP NN CC VB DT NN ."
827,1142,conspiracy,"NNP POS JJ NN NN NN , NNP NNP VBZ VBN IN DT JJ NN TO VB VBN TO VB IN DT JJ NNP NNP . DT JJ NNP JJ NN , WP VBD IN DT NN IN DT JJ NNS TO VB DT NN IN DT JJ HYPH NN IN DT NNS IN CD , VBD EX VBD DT NN IN DT NN VBG NN NNS , NN NNS CC DT NNS IN DT JJ NNS WDT MD VB JJ NNS TO VB DT NN . NNP VBD , `` DT VBZ RB NN WDT MD VB VBN IN IN CD NN . EX VBZ TO VB DT VBN JJ NN . '' NNP VBD PRP$ VBN JJ NN MD VB DT NN IN CD NNS . EX MD VB TO VB DT VBN NN TO VB DT NN , CC TO VB NN , NN CC VB NN . DT NN VBZ , RB WRB JJ MD DT JJ NN VB ."
828,1103,mainstream,"NNP , NNP , NNP NNP NNP , NNP NNP NNP , NNP NNP , NNP NNP , CC NNP NNP NNP . CD . `` NN CC NN IN NN NN CC NN TO VB IN JJ NNP : DT JJ NN . '' NNP CD CD -LRB- CD -RRB- : CD . ADD . ADD NNS : PRP VBD DT NN CC NN IN JJ NN , NN CC NN NN , CC NN CC NN TO VB IN JJ JJ -LRB- NNP -RRB- NNS . PRP RB VBD NNS WDT VBP DT CD NNP NNP NN NNS TO VB JJ NN NN . NNS : PRP VBD DT JJ NN IN NN HYPH VBN NNS IN DT NN CC NN IN JJ NN , NN CC NN NN , CC NN CC NN TO VB . NNS IN NN HYPH NN HYPH NN -LRB- NN -RRB- NN NN IN NNP NNS IN CD SYM CD VBD VBN IN DT NNP NNP NNP NN . NNS : DT NN VBD JJ NNS IN NN CC NN IN NN NN CC JJ NNS IN NN CC NN IN JJ NN , NN CC NN NN . PRP VBD RB CD NNS TO VB VBN DT CD NNP NNP NNS IN VBG NN IN NN NN : LS -RRB- DT NN TO VB JJ NN NNS IN RB JJR IN CD NN IN DT NN NN NN IN DT JJ NN NN , CC LS -RRB- VBG RB CD NN NN IN NN NN RB . IN CD IN CD DT NNP NNS , IN DT NN IN NNP CC NNP , VBP VBN CC VBN NN NN IN CD NN CC RB . NN : EX VBZ DT JJ NN IN JJR NN TO VB DT NN IN NN , NN NN , CC JJ NN , RB IN JJ NNS , -LRB- NNS , NNS CC NN NNS -RRB- , TO VB JJ NNS IN NN CC NN IN NN NN IN JJ NN IN NN NN NNS . EX VBZ NN IN JJS NNP NNS TO VB RP JJ NN NN IN IN DT NNP NNP NN NNS IN VBG NN IN DT NN . IN NNS WDT VBP VBN CD NN NN NN , NN NNS VBP TO VB VBN RP TO VB DT JJS NN CC NNS IN VBG NN NNS IN NNS CC RB TO VB IN NNP NN NN ."
829,802,conspiracy,"WRB EX VBZ NN CC NN : EX VBZ JJR NN . PRP JJ NN NNS : VB NN . `` DT JJR DT NN , DT JJR DT NN PRP VBZ VBG . DT NN VBZ WP NNS VBP JJ TO VB . '' -LRB- DT NNP , NNP NNP -RRB- DT VBN NN , NNP -LRB- NN -RRB- , VBZ VBN DT NNS IN DT `` NNS IN DT NN . '' PRP VBZ VBN VBG IN VBN NNS RB IN DT NN . PRP VBZ DT JJ NN IN JJ NN IN DT NNP . DT NN , NNP NNP , VBZ IN PRP CC PRP$ NNP NNS VBD CC VBD CC VBD JJ NNS , IN NN TO VB DT NNP NN DT JJ NN CC VB PRP VBD DT NN IN NN : WRB PRP VBD VB DT NN . DT VBZ DT NN CC NN CC NN IN DT JJ NN . CC EX VBZ JJR . EX VBP JJ NNS VBG DT NN IN DT NN -LRB- NNS , NNS , NN -RRB- NN . RB , DT NNS NN IN DT NN CC PRP$ NN . PRP$ NNS VBP NNP NNP NNP CC NNP NNP NNP . PRP VBP JJ NNS IN NNP . PRP VBP NNS . PRP VBP VBN VBG NNS IN DT NN , WDT VBZ DT NNP NN CC VBZ PRP IN DT JJ NN . IN CD , DT NNS VBD DT NN IN NNP . DT NN VBZ RP IN NN -LRB- `` NNP NNP IN NNP FW FW FW NNP CC NN , '' NN NN CD HYPH NN -RRB- . DT NNP NNP VBZ IN DT NNS IN DT NN -LRB- `` NNP VBZ DT VBG TO VB IN PRP$ NN NN NNS , '' CD , VBN : CD -RRB- : `` VBG IN DT NNS POS NN NNS , NNP POS NN VBD RB HYPH VBG : PRP `` VBD TO VB IN PRP$ NNS NN VBD RB RB JJ IN NNP VBD , -LRB- LS -RRB- VBD JJ NN NNS , -LRB- LS -RRB- VBN NN NN , -LRB- LS -RRB- VBD JJ NN NNS , -LRB- LS -RRB- VBN NN NNS , -LRB- LS -RRB- VBD TO RB VB CC VB DT VBN NN IN PRP$ NNS NN , -LRB- LS -RRB- RB VBN IN DT NN NN IN NNS NN MD VB RB JJ IN VBN IN DT NN , -LRB- LS -RRB- RB VBD DT NN IN NNS VBN IN DT NNP , -LRB- LS -RRB- RB VBN NN IN DT NNS IN DT NNP NN -LRB- IN DT NNP NN -RRB- NN , -LRB- LS -RRB- VBN IN DT NN CC NN VBN RB IN DT NN IN RB VBG DT NNP NN IN NNS NN , -LRB- LS -RRB- VBN , VBN , CC RB VBD PRP$ NNS NN , CC -LRB- LS -RRB- VBN IN DT JJ NNS VBN RB TO VB DT VBN NN IN DT NN DT NN VBD VBG . '' DT NNS POS NNS VBP JJ NNS IN WRB NNP VBD , IN NN TO VB DT JJ NN IN DT NNS NN IN DT NNP NN VBD CD NN JJ . IN NN , NNP VBD NN NNS IN NN NNS : VBG DT VBD JJ NNS VBG DT JJ NN IN JJ NN IN DT NN . PRP MD VB VBN IN DT RB HYPH VBG NN IN NN VBZ NNS IN WDT NNP NNP NNP VBD DT NN IN NNP NNS . WRB VBZ DT VB . IN NNP , IN VBG PRP$ JJ HYPH VBG NN IN NNP , VBD DT NN IN DT NNP NNPS IN NNP NNP . CC IN PRP VBD DT NN IN DT NNP , IN CD , NNP NNP , DT NNP NN VBN IN NNP , VBD NNP IN PRP VBD `` JJ '' NNS IN DT NNP NN , CC DT NNS VBD DT NN IN DT NNP . NNP VBD RB VBG IN DT NN POS NN IN NN . NNP VBD NNP . PRP MD VB PRP VBD RP . IN VBG DT NNP , PRP VBD NN IN NNS IN NNP , DT NN WDT VBZ DT NNP NN , VBZ DT NN IN PRP , CC VBZ PRP IN DT NNP . : RB WRB NNS , NNS , NN NNS , CC JJ `` NNS '' VBP WRB , IN NNP , DT JJ NN NN MD VB VBN RB VBN NNS , PRP VBP VBG PRP . RB IN DT -LRB- JJ -RRB- JJ NN IN WRB NNS VBP CC WP PRP VBP , DT NNS NN IN DT NNP VBZ DT NN . PRP VBZ VBN DT JJ NN IN DT JJ NN . CC RB CD NNP NNS VBP VBG DT NN IN NN . DT NNP NNP NNP VBZ NN TO VB IN DT NN . CC VBZ DT NNP NNP . IN DT JJ NN , EX VBP JJ NNS RB . IN DT NN RB VBD DT NN , IN JJ NNS , DT NN MD VB NNP NNP NNP , JJ NN IN DT NNP , NN IN NNP NNS , VBG VBN IN DT NNS IN DT NN NN . DT MD RB VB . IN PRP VBP , IN DT NN VBZ RP , EX VBZ DT NN TO VB DT NN IN DT NN , CC VB PRP , VB RB . DT NN IN DT NN VBZ VBN DT NN WDT VBZ DT NN IN NN NNS IN ."
830,69,conspiracy,"JJ NN NNS IN NNP NNP RB VBP IN NNP NN VBZ NNS EX VBZ DT RB JJ NN VBG IN DT NN VBG DT JJ NN , IN NN NNS IN NNP NNP RB VBD IN NNP CC NNP POS NN NN NN IN NNS , NNS , CC NN VBD DT JJ NN IN DT NN NN IN DT NN WDT JJ NNS VBD JJ TO VB IN DT JJ . WRB `` JJ CD '' IN DT NN IN NNP RB VBD NNS , PRP VBD VBN VBN IN JJ NN NN WDT DT JJ JJ NN VBD IN DT NN VBD RB VBN IN NNP . CC IN PRP VBZ RP , DT NN VBD VBN IN NN : CC PRP RB VBP IN JJ NNS VBN IN NNP VBD DT NN TO VB NNS . NNS VBN IN JJ NN NNS , WP RB VBD RB JJ IN WP PRP VBD , VBD IN JJ NN VBD JJ IN DT NN IN VBG VBN IN NN : DT NN HYPH NN NN RB VBG DT JJ NN IN NNP VBZ CD NN JJ CC JJ RB . PRP VBZ JJ TO VB IN , IN DT NN NNS VBD VBN , JJ NN NNS IN NNP NNP VBD JJ VBG RP JJ NN CC NN IN DT NN IN DT JJ NN NN . CC IN DT NN VBD RP , PRP RB VBD JJ , CC RB VBD RB RB IN TO VB IN NN VBD RB VBN : IN JJ NNS , RB VB RB , NNS . `` RB , -LRB- DT NNP IN NNP CC NNP NNPS -RRB- VBZ VBG JJ JJ NN NNS , '' VBZ DT NN VBN IN NNP IN PRP VBD VBN IN NNP POS NNP NN VBD VBN DT NN IN NNS . `` EX VBZ DT JJ NNS VBN TO VB VBG IN DT NN . '' IN JJR NN IN WRB NNS IN NNP VBP JJ CC JJ , VB JJ TO VB RP NNP . JJ NN VBZ NN IN NN CC NNS : JJ NNS VBN TO VB DT JJ WP VBZ RB JJ IN DT NN IN JJ NN NNS IN NNP NNP VBZ IN PRP RB VBZ CD IN DT JJ NNS VBN IN NNS IN NN IN NN : DT NN IN PRP VBZ JJ IN NNS TO VB DT NNS PRP RB VBP . DT NN RB VBZ DT NN IN JJ NN VBZ JJ TO VB DT `` NN NN '' JJ TO VB NNS RB JJ TO VB VBN IN VBG VBN . IN PRP MD RB VB , VBG VBN VBZ RB DT NN IN DT JJ NNS WP MD RB VB VBN , IN VBG VBN MD VB DT NN TO VB , CC RB RB VB , JJ NNS IN NNS : RB RB IN VB NN . NNS VBP , JJS NNPS MD RB VB RB IN DT NN IN NNP NNP IN DT NN IN NNP NNS VBP NNS RB VBZ DT JJ HYPH CC HYPH JJ NN NNS IN DT JJ NN . CC PRP MD RB VB PRP$ JJS RB IN NNP NNP TO VB DT NNS VBN IN RB JJ NNS IN JJ WP MD RB VB : CC RB MD PRP IN VBG NNS IN DT IN PRP$ NNS CC NNS . `` IN VBG NNS IN CD NNS , VBG DT NN IN RB CD JJ NNS VBN IN NN HYPH VBN JJ NNS , WP VBZ VBN IN `` NN '' VBZ NN JJR IN NNS VBN IN NN , NN NNS WP$ JJ NN VBZ VBG PRP$ NNS NNS IN NN , '' VBD CD NN IN NNP NNP NNP . `` IN DT JJ NN VBP NNS VB DT JJ NN WRB NN CC NN VBZ . PRP$ NNP , WP VBP VBN CC VBN IN IN DT NN NNS , VBP DT NNS TO VB IN DT NN . PRP VBP DT NNS WP VBD DT NN VBG NN NNS IN NN . VB IN DT CC VB PRP VB RP , '' DT JJ NN VBD . TO VB JJR IN DT NNS CC NN IN DT NN POS JJ NN NNS , VB JJ TO VB RP NNS ."
831,373,mainstream,"DT NN IN `` JJ NN JJ NN '' VBZ TO VB IN DT JJ NN IN NNS VBG PRP$ NN NN , NNP POS JJ NN VBZ VBN . NNP NNP NNP NNP VBD NNS WP VBP DT NNS VBN RB IN NN NNS `` VBP RB JJ '' , CC VBD PRP TO VB DT NNS . RB CD NN IN NNS IN NNP VBP CD NNS IN , CC IN DT NN NN IN CD NN , NNP NNP VBD DT NN VBD `` RB JJ JJ '' . NNS VBG DT RB HYPH VBN NNS IN DT NNS IN NNS JJ IN NNP CC NNP VBZ CD NN WRB NNS VBD RB VBG PRP$ NNS TO VB VBN , NNP NNP VBD . IN DT `` JJ NN '' VBG VBN VBZ DT CD NN IN JJ NN NNP NNP WDT RB VBD DT NNP NN IN NN . PRP VBZ RB VBN RB VBN ."
832,194,conspiracy,"IN NN VBZ TO VB IN NNS PRP VBP RB VBN PRP TO VB VBG IN , RB JJ NNS , DT JJ NN VBZ VBN RP IN NNPS CD NNP NNP WDT VBD PRP IN IN WP VBZ IN NNS CC NN . IN PRP VBP DT JJ NN , VB PRP . IN DT NN VBN RBR DT NN , DT NN VBD IN DT JJ NNS , VBG DT NNP IN NNP NNP POS JJ NN TO VB DT VBG NN . `` WP RB VBZ NNP CC WP VBZ PRP VB TO VB IN NNS . TO VB DT , PRP MD RB VB IN NNS VBP VBN DT NN , '' DT NN VBZ . PRP RB VBP NNP NNP NNP IN WRB DT NN VBZ VBN . DT NN VBZ VBN IN DT NN NN JJ IN DT NN , CC NN CC NN NNS . JJS NNS VBP RB JJ , JJ NNS CC NNS IN NNS . JJ NNS VBP VBN VBG JJ NN NN . : PRP VBZ JJ , CC RB JJ , TO VB DT JJ NN IN VBG NNS JJ IN DT NN , CC DT IN DT NNS IN DT VBN NN MD VB JJ . RB , IN NNS , `` DT NN VBZ DT NN . '' IN DT VBN NN MD VB RB VBN IN DT NN , NNS MD VB NN NN , NN , CC NN IN VBG IN DT NN NN VBZ RB DT JJ IN NN . DT NN NNS VBN TO VB NNS MD VB JJ IN RB JJ NNS IN DT NN NN . JJ NN NNS MD RB VB DT NN IN DT VBN NN CC , RBS RB , DT NN PRP VBZ IN DT NN . '' DT NN RB VBZ RP TO VB WP VBZ `` JJ NN NN , '' CC NN . IN NN , DT NN VBZ NN IN DT NN IN JJS NNS VBP DT NN IN IN WRB NNP VBZ VBN . CC , DT NNP NNP VBZ DT NN . `` JJ NN NN , VBG RB IN NNPS IN CD JJ NNS WDT VBP VBN IN DT NN NN TO VB JJ JJ NNS WDT VBP IN NN IN NN , NN , NN , CC NN . IN DT NN IN DT NNS VBZ DT NN , DT JJ NN IN NN NNS VBZ TO VB , VB , CC VB NNS . IN PRP VBZ RB JJ TO VB DT NN IN NN IN DT NN IN NNS , VBG DT JJ NN IN DT NN NN MD VB VBN IN VBG DT NN IN DT NN . VB DT NN IN DT JJ NN VBZ RB CD NNS -LRB- CD NNS -RRB- IN NN . RB , DT JJ NN NN MD VB JJ NNS IN NN . RB , NN NN NN VBZ VBN PRP JJ TO VB CD NN CC DT JJ NN IN NN , VBG NNS TO VB PRP$ NN NN , VB PRP$ NNS , VB PRP IN RB JJ NNS , CC VB DT VBN NN IN DT NN NN . '' RB , WP VBZ DT VB WRB PRP VBZ VBN IN DT NN IN NNS . SYM NNP RB VBN CD NN : VBZ PRP MD VB `` NN '' IN NNS NFP NN NN VBZ JJ NN NNS IN DT NNS NNS CD IN CD : VB CC VB RB VB IN NN NNS CD NN NNP VBD DT JJ NN IN PRP$ JJ NNS , CC DT IN PRP MD VB VBN , IN IN DT NNS PRP VBP VBN IN IN DT NNP NN . RB VBZ WRB PRP MD VB TO VB PRP$ NN . RB PRP VBP IN IN NN , IN VBN RB , `` NN NNS IN CD JJ NNS WDT VBP VBN IN DT NN NN TO VB JJ JJ NNS '' . RB DT VBZ PRP VBP VBG JJ NN IN DT NN IN NNS CC VBN NNS CC RB VBG PRP RB IN PRP$ NNS IN DT NNS IN PRP MD VB PRP TO VB DT NN VBN TO VB PRP IN DT NN . VBD PRP VB IN JJS IN DT IN NN CC JJ NN VBP IN DT NN IN PRP$ NNS TO VB VBN IN IN PRP VBP NN CC IN PRP$ NNS . NFP IN JJS CD JJ NN VBZ TO VB NNS RB IN `` JJ '' CC `` JJ '' NNS RB RB VBZ DT RB JJ CC RB JJ , CC EX VBZ NNS IN NNS TO VB VBN IN PRP IN IN DT JJ NN VBG IN DT JJ NN NN NN . CD IN DT NNS RB VBG PDT DT NN IN DT VBZ NN JJ IN NNP POS NNP NNP . SYM NNP POS NNP NNP VBG NNP NNS WP VBP TO VB NNS IN NN TO VB DT NN SYM NN NN HYPH VBN NN NNS NNS IN NN `` JJ NN '' : MD VB CD CD IN IN DT NN RB , VB IN DT JJ NN PRP VBD IN NNP CD IN NN IN NN NN CC NNS CC NN . `` RB , PRP VBP VBN NN , '' NNPS VBD . `` DT NN NN VBZ CD CD NNS . DT VBZ VBN RP IN RB CD CD . RB , IN PRP VBP DT RB JJ NN IN JJ NNS , NN NN , JJ NN NNS , PRP MD VB DT IN , RB , CD CC CD NN . '' RB , VBZ RB NNPS VBG IN CC VBG NNS TO VB CC TO RB VB CD CC CD NN IN DT NN . WRB RB VBP PRP CC NN RB VBN TO VB PDT DT NN . DT NN RB VBZ PRP IN NNPS VBZ JJ IN VBG JJ NN IN DT JJ NN NN . NN : PRP IN NN IN NN -LRB- NNP -RRB- VBP PRP NN WDT VBZ RB VBN IN DT JJ NN , CC RB MD VB JJ . DT NNS , NNS , NNS , CC , CC NN PRP VBP VBP RB RB VBN , VBN , VBN , CC VBN TO IN VB IN NNP , PRP$ NN NN , NNS , DT WP VBP IN NNP , CC DT WP VBP PRP$ NN . RB , PRP VBP RB JJ . UH VB NN . VB JJ NN , PRP$ JJ NN CC PRP$ JJ NN IN NNP , NNP CC JJ NNPS TO VB PRP VB WP VBZ JJ CC WP VBZ RB . IN VBG NN CC VBG NN , PRP VBZ PRP$ NN TO VB NN CC NN IN JJR NNS TO VB PRP IN NN IN DT NN IN DT NN NN ."
833,1308,conspiracy,"NNS VBP JJ NN IN DT NN VBG VBN IN DT NNP NNP NNP IN NN VB IN NNS IN DT NN : NNP NNP NNP IN DT NNP VB JJ TO VB DT NNS IN DT NN RB . VB DT NN NN IN PRP$ NN NNS IN IN PRP$ NNS VBP RB VBN IN DT JJ NNPS RB . NN NN NN . NNS VBP VBG JJ CC RB JJ IN DT JJ NN IN DT NN IN PRP$ JJ JJ NN NNS CC NNS . UH , DT NN MD RB VB DT NNS IN DT NN IN PRP VBP : CC VB IN DT JJ NNS IN DT NN VBP RP IN DT NNP VBP VBN VBG DT NN IN PRP . VBN IN NN : DT NN IN DT NN . VB JJ NN IN DT IN DT IN NN . JJ NN VBZ VBG CC VBG , CC NNS VBP VBG TO VB IN PRP$ NN VBZ PRP IN DT NN NN CC VBZ RB VB PRP IN JJ NN . WRB VBZ RB PRP VBG RP DT NNP NNP CC PRP$ NN TO VB NNP NNP IN DT NN NN IN NNP NNS JJ JJ NNS . VBZ NNP VBG IN DT NN . NN VBZ RB VBN IN DT JJ NN NN , NNS . IN PRP VBP TO VB IN PRP$ NN CC JJ NNS , VB PRP$ NNS IN DT NNS . PRP VBZ JJ NN . VB PRP WRB PRP VBZ TO VB DT JJ NN IN DT NNP . WP VBZ IN DT NN . DT NNP NNP MD VB VBG DT NN CC NN IN NN IN DT NNP MD VB DT NN : VBG DT JJ NN . RB RB DT VBZ DT NN , NN NN . DT NN VBG NNS IN NN NN . CC DT NN VBZ NNP : DT JJS NN NN IN DT NN , IN NNS RB , VBG DT NNS IN RB CD NN NNS , NNS , NNS , NN NNS , IN NN DT JJ NN IN DT NN IN JJ NN CC NN NNS . NNP : VBG TO VB RB `` JJ '' : MD VB DT NNS CC VB DT JJ NNS IN NN IN DT NNP . NNP , VBN IN CD IN NNP NNP , MD RB VB RB JJ IN NNP , CC PRP VBZ DT JJ NN IN NNP NNP , IN IN NNP CC NNP NNP , CC IN $ CD CD IN NNS , JJR IN NNP NNP , NNP NNP CC NNP NNP VBN . RB , NNP VBZ DT JJ NN NN -LRB- NNP -RRB- IN DT NNP CC DT NNP . DT NN POS JJS NN NN : CC UH , PRP VBZ RB JJ . JJ IN DT NNS NNP NNP CC JJ NN NN NNP NNP IN DT NNP NNP NNP VBZ PRP DT NNS RB . VB DT NNS IN DT , RB PRP$ JJ NNS . NNS NN IN NNP NNP , NNP , NNP , NNP , NNP , CC NNP NNP . NNP NNP , NN , NNP NNP , PRP VBZ NNP NNP WP VBZ VBN IN DT NNP VBP PRP$ NNS JJ NN VBP PRP RB JJ . VB JJ PRP$ NN NN VBZ IN NNP NN CC WRB PRP VBZ VBN IN DT JJ NNP NN . DT NNP NNP NNP VBZ NN CC NN TO VB DT NN IN IN DT NNP NNP CC PRP$ JJ NNP MD VB RP DT NN . UH VB IN EX VBP NNS IN DT NN WDT MD CC MD RB VB PRP$ JJ NNS . NN NN NN : NNP VBD RB VB PRP TO VB PRP$ JJ NN NN WDT VBD VBN IN PRP$ NNS IN CD . RB VBZ JJ NN , IN DT NN WDT VBD RB IN DT NN . RB , RB IN NNP , NNP NNP NNP VBZ PRP$ JJ , NNP NNS IN DT NNP NNP . NNS VBP VBG TO VB DT NN NN NNS WDT JJ NNS VBP TO VB DT NNS CC NNS IN JJ NNS . JJ NN IN DT NN . EX MD VB NN WDT MD VB PRP VB NNS IN NN . VBP PRP VB IN PRP VBP VBN VBN IN DT NNP NNP IN NNP IN DT JJ JJ NNS . NN NNS VBP RB JJ NN NNS IN PRP$ JJ NN NN . IN NN VBZ RP DT IN DT JJ NNS CC NNS IN DT NNS MD VB PRP$ JJ NN , CC DT NN NN VBZ PRP JJR CC JJR IN JJ NN . WRB PRP RB VBD DT NNP NNP IN NNP , PRP VBD JJ NN NN NNS WDT VBD PRP WRB TO VB JJ NN NNS , WP RB VBD DT NNP NN , CC WRB JJ NN NN CC JJ NN NNS VBD IN DT NNP NNP NNP NNP NN . DT IN DT JJ NN NN NNS VBP IN PRP$ NN CC VBP RB JJ NN IN PRP VBP VBN IN NN CC NNS , RB JJ NN NNS CC NN . IN VBG RP PRP$ NN IN NN WDT DT NN NN VBD RB VBG , PRP VBD VBG NNP NNP NNPS TO VB DT IN PRP VB IN NNS IN JJ NN CC NN . PRP VBD TO VB NN IN IN PRP$ NN : NN IN NN , VBG DT NN IN PRP$ JJ NN . PRP VBD JJ NN NNS IN RB DT NN IN PRP VBD JJ TO VB DT NNP NNP `` NN '' IN DT JJ NN WDT VBD PRP$ JJ NN NNS WDT MD VB IN DT NN IN NN NNS CC NNS IN DT JJ , CC IN DT WP VBP , PRP VBP JJ NNS IN WRB TO VB DT JJ NN IN JJ NN . RB , PRP VBP RB VBN VBN IN PRP$ JJ NNS . PRP VBP VBN VBN CC VBN . PRP VBP RB VBG RP , JJR IN RB , IN DT NN IN JJ JJ NN WDT VBZ JJ NN TO VB NN IN VBG NN NN . NNP NNS VBP DT NN IN DT NN . VB DT NNS RB : RB , PRP MD VB VBN IN DT NN POS NN NN . DT JJ NN IN PRP$ NN PRP VBZ RB JJ TO VB NNS CC JJ NNS CC RB RB VB TO VB NN IN PRP . CC WP VBZ VBN VBZ IN PRP MD RB VB RP IN DT NN , VB PRP , CC VB PRP . PRP VBP VBG RBR CC RBR RB IN DT WDT VBZ VBN IN DT JJ NNS , IN PRP VBP TO VB IN DT NN IN DT NNS IN DT NNS CC NNS IN NNS , IN PRP VBP RB VB TO VB IN PRP VBZ RB IN DT JJS NN TO VB `` JJ JJ NNS CC NNS , '' CC TO VB IN PRP IN EX VBZ DT NN TO VB RB RB IN DT NNS CC VB PRP . IN PRP VBP DT , PRP MD RB RB VB DT NN , CC RB DT NNP RB . PRP VBZ DT NN IN NNS , IN DT JJ NNS CC NNS IN NNS , WDT VBP PRP RB IN DT NNP . PRP VBZ DT JJ NN IN PRP$ NN , IN NNS VBP JJ IN JJ NNS . DT NN VBZ VBG IN DT NN POS NNP NNP NN . UH IN PRP . PRP MD VB IN DT NNS IN PRP VBZ : CC VB IN DT NNP VBZ VBG NNP IN DT NN PRP VBZ . IN PRP VBP PRP$ NNS IN NNP , VB PRP VB RB IN DT JJ NN IN PRP$ NN . DT JJ NN VBG PRP CC MD NNP VB DT JJ NNS IN DT NN IN DT NNP NNP NNP WRB PRP VBP DT NNP NNP CC DT JJ NN IN PRP$ NNS IN NN . NNP VBN IN JJS JJ NN VBZ NNP IN `` VBG '' NN NN , VBZ $ CD CD IN NNS RB VB -LRB- VB RB VB -RRB- IN VBG DT VBG : LS . VBZ DT NN VB NN HYPH CD IN PRP -LRB- PRP DT VBP , DT VBP VBN NN NNS CC JJ NN -RRB- . IN PRP VBZ , PRP VBP DT NN TO VB . LS . VB IN EX VBZ DT NN IN DT `` JJ NN '' -LRB- DT JJ NN VBN IN JJ NNS CC NNS VBG IN DT JJ -RRB- IN DT NN -LRB- PRP DT VBP -RRB- . WRB DT NN VBZ `` UH PRP VBZ '' , DT VBZ PRP$ NN IN IN NN NN JJ NN . VB NNS VB VBN DT JJ NNP -LRB- WDT VBZ TO VB DT NN -RRB- CC PRP MD VB PRP . DT VBZ WRB PRP MD RB CC RB VB PRP$ VBN VBN NN NNS . DT VBZ VBG DT NNS IN DT NNP , MD RB VB JJ IN NNP . RB RB IN DT JJ NN WP VBP VBG DT JJ NN VBG NNP NNP IN DT JJS NN NN IN DT NN IN DT NN . WRB VBP RB PRP VBG IN DT NN IN NNP NNP CC NNP NNP NNP . PRP VBP VBN JJ IN NNP -LRB- NNP HYPH NNP NNP NNP . -RRB- CC DT JJ NNS IN NN NN WRB PRP MD RB VB DT JJ : DT JJ NN NN IN NNP NNP NNP . RB , NNP VBZ TO VB PRP$ NNS IN DT JJ NN IN DT NN NN IN JJR NNP HYPH NNP NN . VBG DT JJ NN NNP : IN VBN IN CD DT NN IN NNP NNP VBZ RB JJ IN VBG JJ NN . RB VBZ DT NN IN NN NNP NNP , NNP NNP POS NN , VBG TO VB DT NNP HYPH NNP NN RB IN VBG IN DT JJ NN : DT NNP NNP CC DT JJ NN VBN NNP NNP . NNP NN VBD IN NNS IN JJ NNS IN JJ NN IN NNP NN"
834,862,mainstream,"DT NNPS VBD DT NNPS IN NNP JJ NN -LRB- NNP CD -RRB- , VBG DT CD HYPH IN , RB HYPH IN HYPH NN NN IN NN TO VB NN CC NN IN DT NN . DT CD HYPH NN NN VBD JJ IN VBG , IN DT NNS VBG TO VB VBN RP IN DT NN NN . VBG DT NN HYPH RB NN IN DT RB JJ NN , DT NN VBD IN DT NN IN NNS IN PRP$ CD NN CC JJ NN POS `` DT NNPS VB IN NNP '' , VBG `` NNP NNP -LRB- NNP NNP NNP -RRB- '' , `` NNP NNP '' CC `` IN PRP VBP '' . NN NNP JJ VBD DT NN IN DT NN IN DT NN VBG DT NN IN DT NN , VBG IN `` IN NNS IN DT , NNS IN DT NNPS MD RB VB . WDT , JJ IN DT NNS POS NNS , VBZ DT JJ NN '' . DT NN RB VBD IN JJ NN NN `` NNP NNP '' , IN VBG RP DT NN IN `` NNP '' . DT NNPS : WDT VBZ RB VBN NN IN DT NNS IN NNP , NNPS IN NNP , NNP NNP NNPS CC DT NNPS : VBZ RB VBG DT JJ NN IN DT JJ JJ NN IN NN NNS . IN NNP , NNP NNP RB VBD DT RB HYPH IN HYPH NN NN IN DT NN TO VB VB PRP$ NN . VBG IN DT NN , NNP : WP , IN NN NNP NNP , VBZ IN NNP : VBD PRP$ NNS IN DT NN CC PRP$ NN , VBG IN , `` DT VBZ DT JJ NN IN RB . PRP VBZ VBN RB JJ NN CC RB JJ NNS VBP VBN IN RB . IN PRP VBD RB IN DT NN IN DT , WRB PRP VBZ CD NNS IN DT NN IN PRP$ NN , RB PRP MD RB VB VBN JJ TO VB RP CC VB NNS CC VB IN NN CC VB NNS IN DT JJ NN . EX VBP NNS IN DT NNPS IN DT NN CC DT NN EX MD VB NN WP VBZ VBN RB WDT VBZ VBN RP IN JJR NNS . PRP VBP DT NN IN DT JJ NN RB IN DT NN . '' DT NN RB VBD DT RB JJ NN , VBG DT NN NNS RB IN PRP$ NN NN . `` PRP VBD RB JJ CC VBD RB JJ NNS RB , '' PRP VBD . `` PRP$ NN NN VBD CC PRP$ NN VBD VBN CD NNS IN PRP VBD VBG RP IN VBG NNS RP IN DT NN . PRP VBD TO VB RP IN DT NN . PRP VBZ JJ TO VB RB CC VB , PRP VBZ IN DT NN . '' `` DT NN '' `` NNP NNP -LRB- NNP NNP NNP -RRB- '' `` NNP NNP '' `` DT NN IN NN '' `` NN '' `` JJ NN '' `` IN PRP$ NN '' `` NNP NNP '' `` NN NN HYPH RP NN '' `` DT IN NNP '' `` NNP '' `` VB PRP RP '' `` PRP RB VBD '' `` IN PRP NNP '' `` NNP NNP '' `` NNP '' DT NNPS VBP VBN TO VB IN DT NNP NN NN DT NNP , VBG DT JJS NN IN PRP$ NN IN NNP POS NNP NNP IN NNP CD ."
835,470,conspiracy,"DT JJ CC JJ NN NNS VBP RB VBG IN NN . NNP NNP NNP VBZ DT NN IN DT NN TO VB NN IN DT NNS VBN IN JJ NN IN DT JJ NN NN VBG VBN IN NNS . IN DT JJ JJ JJ NN NN IN NNP NNP -LRB- VBN CC VBN IN NNP -RRB- , NNP NNP VBD DT RB VBN CC RB JJ JJ NN TO RB VB DT NN NN IN DT NN IN PRP$ NNS , CC PRP . PRP VBP TO VB PRP$ RBS JJ NN IN NNP NNP IN PRP$ JJ NN IN DT JJR NN . IN DT NN IN DT JJ JJ NN VBP RB VBN IN VBG PRP$ NNS IN DT NN IN NN , DT NNS VBP VBN DT NN TO VB DT NN . NNP MD VB RB VBN , RB RB IN DT NN VBZ JJ , DT NNS VBP VBN JJ , CC NN IN DT NN VBZ RB VBN IN NNP CC DT NN POS NN IN DT NN RB IN DT JJ NN ."
836,865,mainstream,"NNP NNP RB VBD IN DT JJ NN IN NNP POS NNP NNP NNP IN NNP CC MD VB VBG CD NN DT NN NNP NNP NNP VBG TO VB IN DT NNP IN NNP NNP : `` PRP VBD TO VB '' NNP POS NN , NNP NNP , VBZ RB VBG IN PRP$ JJ NN TO VB VB DT JJ NN NN , PRP$ NN VBD IN JJ NNS . NNP , WP VBD IN DT NN IN CD NNS IN PRP$ JJ NN , RB VBD IN DT JJ NN IN NNP POS NNP NNP NNP IN NNP CC MD VB VBG CD NN DT NN . `` JJ IN PRP$ NN CC NNS VBP VBG IN DT NN NN . PRP VBD TO VB RP RB IN DT JJ NN , '' PRP$ NN VBD JJ NN NNP . VBG IN DT NNP NNP , NNP , CD , MD VB VBG VB VBN NN NNS IN DT NN . NNS IN NNP VBP VBN NNS WP VBP PRP VBP VBN VBN TO NN CC VB DT JJ NN RB IN VB IN NN CC VBP VBG NNS . NNP VBD NN CC VBD IN DT JJ NN IN NNP NNS IN JJ NNS IN VBG IN DT JJ NN IN CD . IN CD , PRP VBD DT JJ NN TO VB NNS CC VBD PRP$ NN VBN IN NNP POS JJ NN DT JJ NN , NNP NNP VBD . NNP , WP VBD RP IN CD , VBZ NNP POS JJ CC DT NN POS JJ RB HYPH JJ NN IN NN . -LRB- PRP$ JJ NN VBZ NNP , JJ IN JJ NN . -RRB- NNP VBZ IN DT NN HYPH IN HYPH NN NN IN IN DT NN NN , VBG NNS IN JJ NNS MD RB VB PRP$ NN WRB JJ , JJ IN NN NN , TO VB JJ NNS , VB NN IN NN CC IN `` JJ '' NN , NNP VBD . RBR JJ NN , DT NNPS IN NNP NNP CC NNP VBD DT NN CD NN NN : PRP$ JJS NN NN : IN NNS IN NNS , VBG NNP . DT NNP VBD IN NN WP VBD VBN IN DT NNS TO VB RB , VB PRP$ NN CC VB JJ NN IN CD NNS . VBG IN DT NNP NNP NNP NN , NNP VBD IN JJS CD VBN NNS IN NN CC CD NNS IN IN NNP . RB , EX VBD RB CD CD VBN NNS CC IN JJS CD NNS . IN NN IN DT NN NN RB VBZ , NNP VBZ VBN IN VBG DT RBS JJ NNS IN PRP$ NN . DT IN DT NN IN DT NN MD VB VBN IN NN . IN DT JJS IN NNP SYM CD , NNS VBP VBN TO VB JJ NNS IN NNP , NNP , CC JJ JJ NN NNS . TO VB VB NNS CC NNS IN DT JJ NNS IN NN HYPH VBG JJ NNS , VB IN JJ NN RB ."
837,63,mainstream,"CD NNP CD : TO VB DT NN CC TO VB DT NN , NNP VBZ CD CD IN JJ NNS DT NNP NNP VBZ VBN IN PRP VBZ VBN CD NNS IN RB $ CD CD , IN DT NNP NNP NNP NNP NNP , MD VB IN VBG NNS : NN NNS , VBG JJ HYPH NN NN NN NN NN NNS , CC DT NN NN TO VB JJ NNS IN NN . RB $ CD CD MD VB VBN IN DT CD NNS VBN TO VB IN DT NN NN IN NNP , IN NN IN DT NN IN JJR CC JJR NN NN NNS VBN IN NN NNS . CD NNP CD , NN JJ NN : `` JJ NN : VB IN PRP$ NN '' NN HYPH RP IN NN IN NNP NNP DT NNP NNP NN VBD NN HYPH VBN IN CD NNP CC VBZ RB RB VBN $ CD CD IN JJ NN IN JJ NN NN , NNS CC NN . IN DT NN IN DT JJ NN , NNP NNP NNP NNP VBD : `` DT NN VBZ TO VB CC VB DT NN RB CC IN DT . DT JJ NN VBZ IN DT VBZ RB VBG . PRP VBP VB DT JJ NN `` JJ NN : VB IN PRP$ NN '' CC DT NN VBZ IN NNP NNP . IN DT JJ NN , NNS MD VB PRP$ NNS VBN CC VB IN PRP$ JJ NN IN DT NN . IN CD NNP , PRP MD VB DT JJ NN NN WRB NNS , NNS CC NNS MD VB NNS IN JJ NNS . '' CD NNP CD , NNP POS NN : JJ $ CD CD NN NN IN NNP VBN TO VB CC VB IN DT JJ NN TO VB HYPH VB DT JJ NN , VB NNS , NNS CC NNS , DT NNP NNP VBZ VBG DT JJ $ CD CD NN NN WDT VBZ VBN IN VBG DT JJ NN IN DT JJ , JJ CC VBN NNP NN TO VB DT RBR JJ , JJ , JJ CC JJ NNP . NN NNP NNP NNP NNP NNP VBD : `` NNP POS JJ NN MD VB DT NNS IN NN . DT NNS MD RB RB VB DT JJ NNS IN DT JJ CD NNS , CC MD RB VB IN PRP$ NN VBZ NN JJ , JJ , JJ CC DT JJ JJ NN IN DT NN . DT VBZ IN DT IN PRP . PRP VBZ RB JJR IN DT IN PRP . DT VBZ NNP POS NN . '' CD NNP CD , $ CD CD VBN IN NN NNS CC NNS DT NN VBD CD JJ HYPH NN NN NNS VBN IN VBG NNS CC NNS IN DT NN , IN DT JJ HYPH NN NN IN NNS VBN IN NNP IN DT NNP NNPS NNP -LRB- NNP -RRB- , DT JJ HYPH JJ NN . DT NN VBD DT NNP CD RB HYPH VBN NN IN $ CD CD IN $ CD CD , IN $ CD CD MD VB VBN IN DT JJ NN , NNP NNPS NNP VBN NNS CC JJ NNS , VBG DT JJ NN IN $ CD CD . DT VBN NNS VBP NN IN DT JJ JJ NN IN DT NN NN WDT DT NNP VBZ VBG IN DT NN IN DT NN . IN VBG NN IN NNP CD CC VBG IN DT JJ NN , DT NN VBZ JJ TO VB DT JJR NN IN JJ HYPH NN NNS CC VB RP DT NN IN NN NNS CC NNS , JJ NNS JJ TO VB DT JJ NN . CD NNP CD : JJ NN IN NN : NNP NNS VBN IN NNP NNP CC NNP VBG JJ NNS IN NNP , NNP CC NNP , JJ NNS IN NNS VBP VBG VBN IN NNP NNP CC NNP IN NNP : DT JJ JJ NN IN JJ NN TO VB NNS VBN IN DT NN NN . DT JJ NN IN CD CD JJ NNS VBD VBN IN CD NNP NNPS CC DT NNP TO VB NN NNS IN NN IN CD NNP . JJ JJ NNS IN CD CD NNS MD RB VB VBN IN DT VBG CD NNS IN DT NN NN NN . NNP CC NNP , VB DT NNP NN CC VBP RB JJ IN VBG DT NN , IN DT NN VBZ CD NN IN NN IN DT NNS CC JJ NN . JJR NN RB . CD NNP CD , VBG DT NN NN : NNP NNP VBZ RP PRP$ NN IN DT NNP NNPS DT NNP NNP VBZ VBN RB $ CD CD IN NNP JJ NN IN DT JJ NNPS : VBG DT JJ NN CC JJ NNS IN DT NN NN , CC DT JJ NN . IN NN IN PRP$ NN RB IN DT NNP HYPH NNP NNPS POS NNS NN IN CD NNP CD , DT NN VBZ RB VBN JJR HYPH NN NN : DT JJ CC NN NN : TO VB VBN IN DT NN . NNP NNP NNP NNP VBD : `` PRP VBP DT JJ NN TO VB IN DT NN PRP$ NNS IN DT NNP NNPS , IN PRP$ NN RB VBZ IN NNP NNP . DT NNP VBZ VBG DT JJ JJ NN , VBG DT JJ NN . RB PRP MD VB DT NN CC VB '' . CD NNP CD , NNP NNP TO VB DT JJ NN NN IN DT VBN NNP JJ HYPH NN NN IN PRP$ NN JJ NNS VBD DT NNP NNP IN VBG DT JJ NN IN DT NN VBG DT NN IN CD NNP . DT JJ JJ NN MD RB VB IN NN CC DT JJ NN , RB VBN IN DT NN NN , VBZ DT NN HYPH VBN CC DT VBN NN WDT MD VB DT NN IN NNS IN DT NN . DT NN IN DT NNS MD VB IN VBG NNS CC JJ NN , VBG DT NNP POS NN CC NN , DT IN VBG JJ NNS IN DT NNP NNP NNP CC DT JJ NN . JJ NNS IN DT NNP POS JJ NN MD RB VB VBN . `` DT JJ NNP JJ HYPH NN NN , PRP$ JJ CD HYPH NN NN , VBZ TO VB IN DT JJ NNS , NN HYPH NN NN . PRP VBP TO VB PRP$ NN TO VB JJ TO VB DT JJ NN IN DT JJ NNP NNP , '' VBD NNP NNP NNP NNP . DT JJ NN VBZ IN VBG DT JJ NN , NNS MD VB JJ HYPH VBN IN DT JJ NNS CC PRP MD VB JJ TO VB DT JJ NN IN NNS CC NNS . TO RB VB JJ NN CC NN NNS VBG DT NN IN DT NN , DT NNP NNP VBZ VBN JJ NNS . DT NN VBZ TO VB JJ NN NN IN NN CC NN NNS , NN IN DT NN IN NN NN NNS TO VB NN NNS , CC JJ NN IN NNP NN NNS TO VB DT NNS IN JJ NNS . IN NN , DT NN NN MD VB VBN TO RB VB NN NN CC DT NN CC NNS NN MD VB VBN TO VB NNS IN DT NN . JJ NNS CC NNS MD RB VB JJ IN DT NN IN JJ CD NNS . NN NN NNS MD VB VBN RB TO VB JJ NNS . DT NN VBZ TO VB DT NNS VBN IN DT NN IN NNP . CD NNP SYM CD , NNP NNP NNP NNP : `` DT JJ NN MD VB DT NN IN NNP POS NN '' IN NNP POS JJ NN VBG RB IN $ CD CD : DT RBS JJ NN IN DT NN , JJR VBZ VBN , NNP NNP NNP NNP VBD IN DT NNP NNP . DT NNP NN MD VB DT NN IN NNP POS NN , VBG DT NN IN DT RBR JJ CC JJ NNP . NNS IN JJ HYPH NN NN , NNS , JJ NN , JJ NN CC NN NN MD VB RBR JJ IN RB . VBG DT JJ NN JJ VBZ VBN VBG IN DT NN IN JJ NN , DT NN IN NNS , VBG NNS CC VBG NN TO VB DT NN . NNP NNP NNP NNP VBD IN DT JJ NN IN DT NNP NNP : `` IN PRP DT VBP RP IN NNP NN : IN NN , NN CC NN : PRP VBP IN NN NNP POS NN MD VB JJR IN RB RB . '' CD NNP CD SYM $ CD CD IN DT NNP NN TO VB DT NN NN TO RB VB NN NNS IN NNP NNS , DT NNP NNP VBD TO VB DT NNP POS NN NN NN : DT NN WDT DT NNP RB VBD IN CD NNP . DT $ CD CD NN MD VB DT NN IN JJ NN , DT NN IN NNS IN NNS IN JJ NN , CC IN DT NN IN NN CC NN NNS . DT NN MD VB VBN RB IN JJ NNP NNS , IN NN DT NNP JJ NN , WDT VBZ VBG CD CD IN NN IN DT RB VBN NN IN $ CD CD , TO VB DT NN IN JJ NN IN DT NNP . PRP MD RB VB JJ IN NNS , NNS CC NNP NNPS TO VB NNS CC NN NN . DT NN VBD TO VB NNS IN JJ NNS IN CD NN TO VB NNS TO VB IN DT NN IN JJ JJ NNS CC VBG NNS CC NNS RB VBN IN JJ NNS , RB CC VBG NNS . DT NNP RB VBD TO RB VB NNS NNS CC NN IN DT NN IN JJ NNS CC JJ NN IN JJ NNS . IN VBG DT NN IN NNS , NNS , NNS CC JJ JJ NN IN DT NNS IN IN IN CD NN JJR , DT NN MD RB VB DT NN IN DT JJ NNS CC VB DT IN NN . NN NNP NNP NNP NNP NNP , VBD : `` PRP VBP VBG IN DT NNS TO VB DT NNS VBG IN PRP$ NN TO VB IN PRP$ NN NNS VBP WP PRP VBP TO VB NNS . '' CD NNP , NN NN : NN VBZ DT NN TO VB NNS CC NNS TO RB VB NNS CC VB DT NN NNS WDT VBP IN DT NNP NN , DT NN VBD DT JJ NN VBN JJ HYPH NN VBG NN NNS IN NN . TO VB VB NNS CC NN NNS , NNP MD VB JJ NN IN IN IN $ CD CD IN NNP NNPS , IN DT NN IN NNS VBN IN JJ NNS . PRP RB VBD TO VB DT JJ JJ NNS IN DT NN IN DT NN . NNS CC NNS MD RB VB NN , IN MD DT RBS VBN IN NN . DT NNP NNP IN NNP NNP JJ $ CD CD MD VB IN DT NNS IN NNP NNPS POS NN NNS . DT JJ NN IN DT NNP NN VBZ DT NN JJ IN NN , NN CC NN . IN NN POS NN , DT NN VBZ RB DT ."
838,70,mainstream,"JJ NN NNS VBP VBN VBN IN JJ NNS IN NN NN NN IN JJ NNS . NN NNS POS NN IN NNS VBZ JJ IN PRP$ NN , CC JJ JJ NN VBZ NN IN NN . PRP VBD TO VB DT NN IN NN NN IN NNP IN JJ NN NN CC NN IN DT JJ NN NN . PRP VBD DT NN HYPH VBN JJ NN NN IN DT NNS VBN IN NNP IN CD IN CD -LRB- NNP SYM CD -RRB- , JJ CD SYM CD . DT NN NN VBD NN NN NN -LRB- JJ NN -RRB- , IN VBN IN DT JJ JJ NN NN IN CD IN CD , WRB NN NN VBD RB JJ IN NNS IN JJ NN NNS IN NNP . NNS WDT VBD CD JJ NN NNS IN NN VBD NN NN VBG DT NN IN JJ NNS IN DT JJ NN -LRB- CD -RRB- , DT JJ NN NN IN NN NN -LRB- CD -RRB- , JJ JJ NN NN -LRB- CD -RRB- , CC DT JJ NN NN IN DT NN POS NN CC NN -LRB- CD -RRB- . IN DT NN IN DT JJ NN NN , NN NN NN VBD IN CD NN -LRB- CD NN NN CD NN CD NN -RRB- IN NN NN . IN DT NN IN JJ JJ NN NN , NN VBD RB RBR IN CD NN -LRB- CD NN CD NN CD NN -RRB- IN NN NN . IN DT NN NN , NNP NN NN VBD IN PRP$ NN NN -LRB- CD NN , CD NN CD NN CD NN -RRB- IN IN NN TO VB HYPH RP NNS . IN DT NN , DT VBN CD JJR NNS VBD DT NN IN IN NN VBD RB VBN . DT NN IN NNP VBZ CD IN DT JJ NNS TO VB WRB DT NN VBD IN JJ NN NN IN NN NN CC DT VBG NN IN NN IN JJ NNS ."
839,306,conspiracy,"IN NN HYPH VBG JJ NNS IN VBG DT NNP NN -LRB- NNP SYM CD -RRB- NN CC RB VBG CD , NNP NNP VBZ TO VB RB VBN IN DT NN CC VBD DT NN TO VB RB IN `` NNP NNP NNP , '' WDT VBZ TO VB DT NNP NN IN NN IN NN POS NN . VBG IN NNS , NNP VBZ RB VBN NNP NNP , DT JJ NN IN NN NN NNP -LRB- NNP -RRB- CC JJ NN , TO VB RP DT NN TO VB DT NN IN DT NN IN DT NNP NN -LRB- NNP SYM CD -RRB- . IN PRP MD RB VB CD SYM CD NNS TO VB DT JJ NN , DT NNP NN CC NNP NNP VBP TO VB CD IN JJR IN DT NN . RB IN NNP VBZ VBN VBN JJ IN VBG JJ NNS IN NN IN NN IN JJ NNS , NNP RB VBZ RB VB IN DT CC VBZ IN CD IN DT NN POS JJ NNS VBZ DT JJ NN IN VBG DT NNP NN -LRB- NNP HYPH CD -RRB- NN VBN RB RB IN JJ . IN JJ , NNP POS NNP NNP NNP NN MD VB TO VB CD CD NNS IN DT JJ NN IN DT NNP NN -LRB- NNP SYM CD -RRB- IN DT NN IN CD . DT , NNP VBZ VBN , MD VB DT NN IN DT JJ NN WDT PRP VBZ VBG IN DT NN TO VB VB , RB IN DT CD NN . VB RB IN DT NNP NNP NNP IN NNP NNP , DT NNP NNP , VBZ IN DT NNP NNP NN TO VB NN IN DT NN IN VBG NN , IN NN IN JJ NN : DT NNP NN MD RB VB TO VB DT NN NN VBN IN NN VBZ IN DT NN IN PRP VBZ RB RB IN DT VBG NNP NNP POS NN NN NN , NNP NNP NNP VBZ RB VBN IN DT NN NN POS JJ VBN NN TO VB IN DT NN IN DT JJ NN IN DT NNP NN -LRB- NNP SYM CD -RRB- . NNP NNP JJ NN NNP NNP : WP VBD RB VBN IN DT JJ NNS CC RB VBZ DT JJ NN , IN DT NN : VBZ RB VBG DT JJ NN CC NN IN DT JJ NN . JJ NNS IN DT NNP IN NNP -LRB- NNP -RRB- CC DT NNP IN NNP CC NNP NNPS -LRB- NNP -RRB- VBP RB VBG IN PRP$ NN HYPH NN NN . NNP NNP VBZ RB RB IN NN IN DT NN NN , IN PRP VBZ VBN IN PRP VBZ DT NN MD RB RB VB JJ IN DT NN IN DT JJ JJ NN , WDT VBZ WRB DT NNP NN VBZ VBG TO VB CD VBN . `` DT NN IN VBG NNS JJ CC DT NN TO VB NN IN NNS IN DT NN NN MD VB NN WDT MD VB DT NN IN DT NN RB RB , '' NNP RB VBD , `` RB IN DT JJ NN PRP VBP VBG , '' PRP VBD . NNP RB VBD NNP NNP NNP IN PRP$ NNP NNP NNP NN , DT JJ NN WP MD VB IN DT JJ NN NN -LRB- NNP -RRB- IN DT NN . `` PRP VBP PRP VBP VBG TO VB DT NN IN DT NN IN DT NN , CC PRP VBP NN MD VB NN RB RB IN PRP VBP VBN RP DT NN , '' NNP VBD DT NN IN VBG TO VB NNP CD DT JJ NN , VBG IN PRP$ NN VBZ VBG TO VB DT NN JJR IN DT NN VBZ RB VBN VBN RB . `` PRP VBP PRP VBP VBG TO VB DT NN , CC PRP VBP VBG TO JJ HYPH VB PRP IN PRP VBP RB VBN RB , IN PRP VBP RP IN DT NN , '' NNP VBD RB VBN RB IN NNP WRB RB VBG NNP NNP NNP . DT NN VBD VBN IN NNP , NNP NN , CD IN CD NN CC VBZ VBN IN NNP NNP PRP , NN NNP , NNP NNP NNP . PRP MD VB DT NNS IN DT NN IN DT NN CD NN ."
840,829,mainstream,"DT JJ NN , RB VBN IN DT CD HYPH IN HYPH CD CC DT NNP , NNP NN , VBZ VBN TO VB NN IN CD JJ NNS : NN , NN CC NN . PRP VBZ DT JJ NN VBN IN DT NN IN DT JJ NN . VB JJR IN NNS IN JJ NNS . WP MD VB DT CD HYPH NN HYPH CD NN . DT CD HYPH IN HYPH CD NN NN VBZ JJ IN DT NNP IN DT JJ NNS JJ CD , IN NN IN DT JJ NN NN . PRP VBZ RB VBN IN JJ NN -LRB- IN NN NN CD -RRB- IN DT JJ NN IN DT NNP NN . NNS MD VB VBN DT NN IN PRP$ NN POS NN RB IN DT NNS VBP VBN TO VB IN PRP$ CC PRP$ NN POS NN . NNS WP VBP NN VBN MD RB VB VBN DT NN , VBN PRP VBP IN DT JJ NN NN NN . VB NNS IN DT JJ NNS NNS VBP IN DT CD HYPH IN HYPH CD NN NN NN . WRB JJ VBZ DT CD HYPH IN HYPH CD NN NN . DT CD HYPH IN HYPH CD NN NN VBZ DT RB JJ NN . IN IN DT NNS , DT NNS MD VB JJ NN NNS , JJ IN NN , NN CC NN WRB DT NN VBZ VBN . RB DT JJ JJ NN VBZ , CC PRP RB VBZ IN DT JJ NNS . DT NN NN IN DT CD HYPH IN HYPH CD NN NN NN VBN IN DT NNP VBZ NNP . VB JJR IN DT JJ NN NNS IN DT CD HYPH IN HYPH CD NN ."
841,111,mainstream,"JJ NNS VBP VBN VBN IN DT NNP NNP NNP NNP IN DT NN POS NNP CC NNP NNPS . VBG DT JJ NN IN DT NNP NN IN NNP , PRP VBP VBG RP RB RB TO VB PRP$ JJ NN NN NNS JJR IN RB . CC RB RB DT NNPS , NNP CC NNP NNP VBP VBN TO VB NNS RP JJ CC JJ . IN PRP VBP RB , VB JJ TO VB DT RBS JJ NN PRP MD VB IN IN DT NNS TO VB , CC DT JJS MD VB DT NN JJ NN . VB CC VB PRP$ NNS IN NN NN CC NN NN . CC IN PRP VBP VBN TO VB PRP$ JJ NN , VB JJ TO VB RP IN PRP$ VBN NN WRB PRP MD VB JJ TO VB , VB CC VB NNS VBN IN DT NNP NN CC VB IN NNP NNS VBN IN DT NNS PRP . DT NNP CC NNP NNS VBP NN DT NN -LRB- NNP CD SYM CD -RRB- IN NNP NNP POS NNP IN NNP CC NNP NNP IN NNP . DT JJ NN HYPH NN VBN RB RB IN DT NNP NNP NNP NNP VBZ : NNP NNP , NNP NNP NN NNP NNP DT NNP VBZ DT NN NNP CC NNP NNP DT NNPS DT NNS NNP NNP NNP , NNP NNP NNS DT NN NN VBN RB IN NNPS DT NN NNP NNS IN NN NN NN IN NNS TO DT VB DT JJ NNP CC NNP NNPS NN , VB RP DT JJ NN IN NNP , WDT VBZ IN NNS RB CC JJ RB ."
842,528,conspiracy,"DT NNP NNP NN MD VB CC VB NNP NNP IN NN . NNP NNP VBD RP DT NN CC JJ NNS . PRP VBZ VBN DT NN IN NNS IN NNS CC NNS IN DT NNP NNPS . NNPS , PRP MD VB DT NN . DT NNP NNP NN MD VB CC VB NNP NNP IN NN . NNP VBZ JJ HYPH NN VB TO VB IN NN IN NN NNP NN , CD , NNP VBZ NNP IN JJ NN , NNP , NN NN NNS IN DT NN `` NNP NN , CD NNP VBZ VBN . DT NNP , NN NN NNS VBP NNS IN NN VBG VBN . NNP VBZ `` VBG IN NNP . '' UH DT VBZ NNP NNP JJ NNP NN NNP NNP POS NNP IN NNP WP VBD VBN IN NNP NNP NN . PRP VBZ RB DT NN IN NNP , CC NNP VBZ IN NNP IN PRP MD VB PRP VBG IN NNP IN PRP VBZ PRP$ NNS RB . DT NN IN NNP NNP VBD VBG IN `` NNP '' NNP JJ IN DT JJ NN IN DT JJ NN NN MD RB VB DT JJ NNS . IN NN DT NN VBD , DT NNS VBP . IN DT NN IN DT NN DT RBR JJ NN VBZ IN WP VBD VBG NNP NNP POS NN CC WRB . NNP NNP VBD JJ NN IN IN NNP NNP . VBG WRB DT VBD VBN VBZ DT JJ NNP `` NNP NNP NNP '' TO VB . RB , DT NN VBZ VB DT NN PRP VBP RB VBN . NNP NNP VBD RB VB DT `` JJ NN '' TO VB IN PRP , CC RB DT NNP , NNP `` JJ NN '' VBZ TO VB VBN PRP . RB NNP NNP CC NNP NNP VBP VBG WP VBZ JJS JJ NN TO VB PRP$ NNP JJ NN NN `` VB NNP '' -LRB- NNS IN NNS CD , CD , WRB NNP VBD JJ NN NNP CC VBN NN IN JJ NNS NNP : `` WRB VBP RB PRP VB PRP IN WRB RB PRP VBD IN '' : CD NNS RB . DT VBZ DT NNP NN NN IN PRP$ NNS . NNP NNP NNS NN NN WDT MD VB NN NNS IN CD CD NNPS NN , NNP NNP NNP . JJ NN IN PRP$ NN . DT NN VBZ VBG VBN IN NN NNS . VB PRP . VB RB VB IN NNP NN NNP NNP , VBN RB IN NN `` NNP NNP POS , RB VBD NNP NNP . NNS NNP NNP NNP NNP TO NN NN IN JJ NN IN NNS JJ NN IN DT NN IN NNP NNPS"
843,1200,conspiracy,"NNP , NNP : IN JJS CD NNS VBD JJ IN NN NN IN NNP VBG DT NN IN DT NN IN NN IN JJ NN , NNP NNP VBD IN NNP . DT NNP NNP IN NNP , NNP VBD DT NN IN JJ NN WRB PRP VBD VBN IN JJ NNS VBD JJ IN VBG DT NN NN . DT NN IN DT VBN NNS VBD NN IN NN IN DT NN CC VBD DT NN IN NNS IN JJ NNS VBD JJ IN NN NN . DT NNS VBD RP DT NN NN IN DT NN CC VBD DT NN IN NN . DT NN NN RB VBD IN DT NN NN . DT NN NN VBD IN DT NNS WP VBD VBN IN DT NN VBG IN NNS CC NN VBP IN JJ NN . RB , DT NN IN DT NNP NNP NNP CD NNP VBD IN DT NNS VBD DT JJ NNS IN VBG VBN NN NNS . IN DT NNP VBZ VBG IN DT NNS , `` DT JJ NN TO VB JJ NNS IN NNS IN CD NNS IN NN '' VBZ IN NN . CD : NN : RB CD NNS RB VBD JJ IN NNP NN IN NNP NN CD : NN TO VB RB VBN , IN NNS IN JJ NN"
844,1124,conspiracy,"DT NNS IN DT NN VBP RB VBG RB RP IN NN , RB IN `` NNS . '' CC DT VBZ RB VB NNP , WDT VBZ VBG VBN RB IN NNP NNP NNP , WP VBZ VBN IN DT NNP NNP MD `` RB -LRB- VB -RRB- VBG RB IN JJ '' IN EX VBZ DT NN IN DT NNP NN -LRB- NNP SYM CD -RRB- . IN NNP , IN JJ VBP PRP , VBZ `` VBG '' NN NNS , NN NNS , CC DT JJ JJ JJ NN NNS TO VB VBG RB RP IN JJ NNS , NNS , NN HYPH IN NNS , CC JJ JJ NNS IN DT NN '' MD VB NN IN DT JJR NN CD NN '' WDT MD RB VB IN DT NN IN DT NNP NN -LRB- NNP SYM CD -RRB- VBZ VBN IN NN . `` DT NN IN NNP -LRB- NNP CD -RRB- VBZ RB VB NNS , VBN NN IN NNS , NN NNS CC NNS , '' NN IN NNP POS NN VBZ . `` IN DT NNP VBD JJ NN , DT NN VBZ VBG IN NN NNS CC DT NNP NN NN TO VB WRB JJS CC RB TO VB , '' DT NN VBZ . `` DT VBZ TO VB DT NN : DT NNP CD NN VBZ RB VB RP DT NN . '' IN JJ NNS IN NNP VBP RB VBN TO VB DT NNS RB RBR , NNP , WP VBZ VBG IN NNP NNP TO VB DT `` NN IN NN NNS , '' VBZ VBN IN PRP `` MD VB TO VB RBR JJ NNS IN NN VBN IN PRP$ JJ NNS '' : UH , WP DT JJ NN . WRB VBN IN WRB PRP VBZ VBG TO VB DT NN IN JJ NNS WDT VBP VBG PRP$ NNS RB RP CC VBG TO VB JJR NN CC NNS IN VBN NN CC JJ NN , NNP VBD IN DT NN RB VBZ TO VB DT NN . DT VBZ IN NNPS MD RB VB VBN TO VB VBN IN DT NNP NN -LRB- NNP SYM CD -RRB- IN PRP VBP TO RB VB RB IN NN CC VB IN DT NN IN NN . `` PRP VBP RB VBG RB IN JJ , '' NNP VBD IN DT JJ NN NN , VBG TO VB DT NN IN NN . `` PRP VBZ DT JJ JJ IN NNS CC NNS , IN PRP VBP IN NN CC DT NN . '' VB RB IN DT NNP NNP NNP IN NNP NNP , DT NNP NNP , VBZ IN DT NN IN DT NNS , CC DT NN IN DT NNS : DT NN NN MD RB VB , RB MD NNP VB `` VBN '' RB . IN DT NN IN DT RB HYPH VBN NN IN DT NNP NN -LRB- NNP SYM CD -RRB- MD RB RB RB RB VB CC VB IN JJ NN NNS , EX VBZ RB DT RB JJ NN IN EX MD RB VB DT NNP NN -LRB- NNP SYM CD -RRB- NN NN . VBG IN NNP NNP , DT NNP NNP POS NNP NNP NNP , EX VBP DT NNS IN DT NN IN DT NNP NN -LRB- NNP SYM CD -RRB- MD RB VB RB VBN , IN WDT NN NNP MD RB VB NNP , RB VBG PRP `` VBN '' RB . PRP VBP `` TO VB JJ IN PRP VBP RB VB IN PRP VBP VBG TO VB DT NN IN DT NN IN PRP VBP VBN IN , VB PRP VB NN , WDT IN PRP VBP PRP PRP VBP VBN IN NN , '' NNP VBZ VBN IN VBG . `` PRP MD VB NN . '' RB IN NNP POS NN , WDT VBZ DT JJ NN , IN DT NN , JJ NNS IN NNP VBP VBG RB RP RB . DT IN NNP NNP IN NNP NNP , NNS VBP VBG NNS , NNS VBP VBG NNS , CC NNS VBP VBG , JJ NN VB VBN , TO VB RP DT NNP NNP IN NNP . `` JJ NN POS NNP NNS MD VB NN VBN IN WP MD VB WRB DT NNS VBP DT NN , '' VBD CD NNP NNP NN IN DT NN NN IN NNP . `` PRP VBP PRP DT NN IN DT NN VBZ RB . NNP VBZ RB RB JJ . '' DT NN VBD VBN IN NNP , NNP NN , CD IN CD NN CC VBZ VBN IN NNP NNP PRP , NN NN , NNP . PRP MD VB DT NNS IN DT NN IN DT NN CD NN ."
845,968,mainstream,"WRB NNP NNP VBZ DT NN , PRP VBZ JJ NNS IN PRP IN VBG DT JJ NN IN DT NN TO VB DT JJ NNS IN NNS VBN IN DT NN . DT JJ JJ NNS , RB , RB VBP JJ WRB VBN IN JJR NNS IN NNS . LS RB , DT NN NNS IN NNP NNP CD VBP DT JJ NN IN VBG DT NN . LS DT NN NN NN -LRB- NNP -RRB- NN , RB VBN IN DT NN HYPH IN JJ NN , VBZ JJ IN JJ NN IN DT NN . LS PRP$ JJ NN NN VBZ DT NN IN CD JJ NN NNS VBG RB TO VB DT JJ NN . NNP NN VBZ DT VBN NN NN NN IN DT NN IN NNP NN LS IN DT JJ NN , DT NN VBZ VBN VBN IN JJ NN NN IN NNP NN IN VBG JJ NNS . DT NN VBD VBN TO VB DT NN IN NN NN . JJ NNS IN JJ NNS , NNS , CC NNPS VBD VBN IN DT NN . DT NN VBZ TO VB NN IN JJ NNS . CD IN DT NN IN DT NNS , DT NN VBZ JJ IN VBG DT JJ JJ CC JJ JJ NN IN JJ NNS . CD PRP VBD DT NNS TO VB DT JJ NN NN . PRP VBP RB , DT VBN NN NN NN IN NNP NN NN NN IN JJ NN IN NN CC IN NN NN . EX VBZ DT JJ NN IN DT NN IN JJ CC JJ NNS IN NNP NN CD IN IN DT JJ NN IN NNS . DT NN IN DT NN IN JJ NNS VBZ DT NN VBG NN . RB , DT JJ NN VBN IN IN NN NN VBZ VBN JJ CC MD VB DT NN IN DT NN IN NN . DT NN IN DT JJ NN IN DT JJ JJ NN IN VBG JJ CC JJ NNS MD VB RB VBN TO VB JJ NNS . DT NN IN NNS CC NNS IN NN VBZ DT JJ NN IN PRP VBZ DT NNS IN NN , NN , CC NN . LS RB , EX VBZ DT VBG NN IN DT NN IN NNS IN NN NN IN VBG JJ JJ NNP -LRB- NNP -RRB- , NN NNP -LRB- NNP -RRB- , CC NNP NNS IN NN JJ NNS IN NNS . DT NNS MD VB CC JJ NN , CC VBG NNS IN NN NN CD JJ IN JJ NN NN . RBR RB , NNP VBG JJ NN VBZ JJ IN VBG NN NN CD NN IN PRP VBZ NN JJ . RB , NNS IN NNS IN DT NN VBP VBN PRP$ NNS IN IN DT JJ JJ JJ NN NN CD -LRB- NNP NN -RRB- CC CD CD CD -LRB- NNP , CD NNP CD -RRB- NNS VBP VBN IN DT JJ NN . DT JJ NN NN NN VBD IN NNP NN IN NNP IN NNP CD CC VBD DT NN . CD , CD NNP NNP VBZ IN DT NN NNP CC DT NN NNPS WDT VBZ JJ IN NNS . LS DT NNP NN VBZ VBN IN CD NNS IN DT NN IN PRP$ JJ NNS , VBG NN , NN , NN , CC NN NN NNS . LS DT NNP NNP VBZ DT VBN JJ NN NN , NN NN IN DT NN IN CD NN . DT CD JJ NN IN NN NN NN -LRB- NN -RRB- -LRB- NN NN : NN -RRB- VBD VBN IN NNP . NNP VBD VBN IN DT NN CC DT JJ NN NN NN VBD VBN IN DT NN IN NN NNS . CD NN IN NN NN CC NN NNS IN NNP CC DT NN NN VBD VBN VBG DT NN NN . CD NNP VBD VBN IN NN CC NN IN NN NNS . DT NN NN NN VBD JJ VBN IN DT NN NN . DT NNP NNP NNP NNP -LRB- NNP -RRB- VBD VBN IN NN NN . CD DT NNP VBD VBN TO VB JJ NN IN DT JJ NN NN NN . CD RB , DT VBN NN NN VBD VBN IN DT NN CD NN NN NN IN VBG DT NNP NN . CD DT JJ NN IN DT NN NN VBD VBN IN VBG NNP , CD WDT VBZ NN IN DT NN NN CC NN NNS IN NN NN . NN NN VBD VBN IN NNP . CD DT JJ JJ NN NN IN DT VBN NN VBD VBN IN DT NNP NN CD IN VBG NN NN . DT NN NN IN VBN JJ NN VBD VBN RP IN NNP CC JJ NNP . CD NN VBZ IN DT JJ CC JJ NN IN DT NN . RB , NNP POS JJ NN NN NN NNP CD VBD VBN . JJ NNS VBG DT NN NN NN , JJ NN , JJ NN , NN NN , JJ NN , JJ NN IN NN -LRB- NN -RRB- NNS , VBN NN , NN NN , CC JJ NN VBD VBN . DT NN VBN NN NN VBD VBN TO VB JJ NN , VBN NNS , CC NN NNS IN DT NN VB . CD DT NNP NN VBD VBN IN NN NN IN DT NN NN . DT NNP CC NNP NNS VBN IN DT NN NN NN IN NN NN VBD VBN IN DT JJ NN NN . DT NN NN VBZ IN NNS IN DT NNP , JJ NN CC NN NNS VBN IN DT JJ IN NNP CC NNP NNS . CD NNP CC NNP VBD VBN TO VB NN IN JJ NN . CD , CD JJ NN NN IN VBN NNS VBD VBN IN DT NN NN NN IN NNP . CD DT NN CC PRP$ NNP NNS VBD VBN , RB , JJ JJ NNS CC JJ NNS IN DT NN VBD VBN . DT NNP NNP NN NN VBD RB VBN IN DT NN IN DT NN NN . CD DT NN NN IN NNS VBD VBN IN DT NN NN NN NNS IN DT NN HYPH NN CD VBN IN DT NN NN . RB CD NN VBN NNS VBD VBN . DT NN IN DT VBN NN , NNP , CC NNP NNS VBD VBN IN DT NNP NN NN CD IN PDT DT NN NNS . DT NN VBD VBN IN NNP . CD DT NNP NN VBD VBN IN NN NN IN NNS . CD JJ NNP NN NN VBN RP IN VBG CD JJ NN NNS IN DT NNP NN . DT NN NN VBD VBN IN NNP JJ NN NN , CD NNP CD NN NN , NNP CC NNP CD NN , NNP CD NN , NNP CC NNP CD NN NN , CC NNP CC NNP CD NN NN NN NNS IN NNP , WDT VBP DT NN IN JJ NNS IN DT NN NN IN DT NNP NN , VBG IN DT NN , VBG JJ , VBG IN DT JJ NN CC VBG IN DT NN NN , RB . NN JJ JJ CC JJ NNP NNS VBD VBN IN VBG DT NNP NN IN NN NN . CD NNP NNS VBD VBN IN VBG DT NNP NN NN IN NNP . CD PRP VBZ DT NNP NN CD NNS VBG NNP , NNP , CC NNP . CD DT NN IN CD NN VBZ DT JJ NN NN IN DT NN NN CC NNP NN . LS RB , JJ NNS VBD VBN . DT VBN NN NNS VBD VBN IN DT NN -LRB- NNP -RRB- NN NN TO VB IN DT NNP NN NN NNS VBD DT NN TO VB NNP IN . CD DT NNP NN CD VBD VBN TO VB NNP NNS . DT NN NN IN NN NN VBD VBN IN CD CC PDT DT NNS VBD VBN IN DT NN IN DT NN NN . IN DT NN IN DT VBN NN , DT NN IN DT JJS NNS VBD VBN . DT JJ NN NN POS NNS VBD RB VBN IN DT NNP NN NN IN DT NNP NNP NNP -LRB- NNP -RRB- . CD DT VBN NN NN NN VBD VBN TO VB DT NN NNS IN JJ NN NNS -LRB- NN -RRB- . IN JJR NN IN DT VBN NNS , NNS VBG DT NN NN JJR IN CD NNS VBD VBN . CD DT NN NN NN IN NNP VBD VBN TO VB DT NN IN DT NNS . CD DT NN NN -LRB- JJ NN -RRB- NN NN IN NN HYPH NN -LRB- NN NN NN -RRB- VBD VBN IN DT NNP NN . DT NN IN CD NN NN NN NNS IN NNP NN VBD VBN IN DT NNP NN IN CD NNP CD -LRB- VBG NN NN CD -RRB- . DT NNP VBN NN NN VBD VBN TO VB DT VBN NNS IN NN NN . DT CD NNS VBN VBD VBN IN JJ NNS IN DT NN : DT VBN NNS CC PRP$ NN NNS VBP VBN IN DT VBG NN NN CD . RB , DT JJ NN NN IN NN NN NN NNS VBD VBN RP IN NNP . NNP VBN NN IN NNS VBZ TO VB NN IN IN JJ NN IN JJ NNS MD RB VB DT NN IN DT NN NN NN . IN NN , NNP VBN NN VBZ TO VB JJ NN . NNS VBG JJ JJ NNS VBD VBN IN DT NNS IN DT RBS NN , IN VBN IN DT NNP NN NN . DT VBN JJ NNS IN DT NN NN , NN NN , NN NN , NN NN , CC NN NN VBP VBN IN DT JJ NN IN NNP CD . RB , DT NN -LRB- NN , -LRB- CD -RRB- IN DT JJ NNS IN NN NNS VBD RB VBN IN NNP . DT NN IN NN IN DT NNS IN DT NNP NNS VBD RB JJ IN DT NN NNS . DT NN WDT VBZ JJ NNS VBZ VBN TO VB DT JJ NN NN , JJ IN VBG NN , NN , CC NN . DT JJ NN IN CD NN NN NN NNS IN NN NN VBN IN DT NNP NN VBD VBN TO VB DT NN IN DT VBN NNS . DT VBN NNS VBD VBN TO VB CD NN VBN . RB , DT NNS VBP JJ , JJ , JJ , CC JJ IN NN . DT NN , NN , CC NN IN JJ JJ NNS NNP NNS IN NN CD NN NN NN VBG IN NNP NNS NN IN NN NN IN DT NN NN -LRB- CD IN DT VBN CD NN NNS , DT NNP NN , NNP VBD VBN TO VB DT JJS VBN NN CC NN CC PRP VBD IN RB CD NN NN NNS . RB , DT NNP NN VBN TO VB DT JJ VBN NN CC VBD NN IN CD NNP NNS . DT NN NNP VBD VBN TO VB DT JJ NN IN JJ NNS IN JJ NN NN RB IN DT JJ NNS . RB , NNP VBZ DT JJ JJ NN CC VBZ JJ NN . DT NNS IN DT JJR NN -LRB- NN -LRB- CD -RRB- IN NNP NNS VBD VBN IN NN . DT RB VBN CD NNP -LRB- JJ NNS -RRB- NNS VBD JJ , JJ , JJ , CC VBD NNS IN JJ NN NNS -LRB- NNP CD -RRB- . DT NN IN DT NN NN VBD CD NN IN DT VBN NNS . DT VBN NNP NNS VBD VBN IN DT NNP NN NN TO VB IN DT NNP NN NN NNS VBD DT NN TO VB NN , JJ NNS , VBG IN DT NNS VBP DT NN TO VB NN . DT NN NNP VBD VBN TO VB NNP CC VB DT JJ NN IN JJ NN NNS IN DT VBN NNS . DT NN , NN , CC NN IN JJ NN NNS NNP NNS IN NN NN NN NN NN VBG IN NNP NNS DT JJ JJ NNP NNS MD VB IN NN NNS IN NNP JJ NN NN , NN NN NN , NNP NN , NNP CC NNP NN NN , CC NNP CC NNP NN NN NN NNS IN NNP -LRB- NNP NNP -RRB- . CD NNS VBN IN DT NNP JJ NN NN NN VBD VBN NNS IN DT NNP NN NN NN CC DT NNS RB VBD DT NN NN IN DT JJ CD NN NNS -LRB- NN NNP -RRB- . DT JJ NNS VBD VBN IN VBG DT CD JJ -LRB- NN -RRB- NN IN DT NN NN NN IN NN NN . NNP VBZ DT NN IN DT NN NN , WDT VBZ DT NN NN -LRB- NN -RRB- NN VBD IN DT NN NN . CD DT NNS VBD DT JJ NN IN DT NN . DT JJS NN IN DT JJ NN VBD VBN IN CD NN -LRB- NN NN : CD -RRB- . DT NNS VBN IN JJ NNS , PRP$ NN , NN CC NNS VBP VBN IN NNP NNP . DT JJ NNS IN DT VBN JJ NN NNS CC JJ NNS VBD RB JJ NN JJ NNS . DT VBN NN IN DT NN NN VBZ VBN IN DT VBN NNS IN DT NN NN NN NN NN . EX VBD JJ JJ NNS VBN IN NNP CC NNP NNS . DT JJ NNS IN NNP CC NNP NNS VBD CD , CD , CD , CD , CC DT JJ NNS IN NNP CC NN NNS VBN CD , CD , CD , CC CD . NNP CC NNP NNS VBD RB VBN IN DT JJ NN NN NNS , NNS , VBG DT NN IN NN NN IN NN NNS IN CC NNP NN NN CC NN NNS , WDT VBZ , CD -LRB- NNP -RRB- , CD -LRB- NNP -RRB- , CC CD NN -LRB- NNP -RRB- -LRB- NNS CD CC CD -RRB- . DT VBN NN -LRB- CD , CD , CD , CC CD -RRB- CC NN -LRB- CD , CD , CD , CC CD -RRB- NNS VBG VBG JJ NN JJ NN NNS , NNP JJ NNS RB RB IN NNP HYPH VBG NNS IN JJ CC JJ NN , CC MD VB VBN IN RB IN NN CC IN NN NNS . DT NNS VBP VBN IN DT NN IN JJ NNS IN JJ JJ NNS . RB , DT NNP VBN NN NN IN DT NN VBZ DT NN IN DT VBN NN IN NN NN CD IN CD . DT JJ NNS VBP IN DT VBN NN IN NN NN . DT NNS IN DT JJ NN VBP IN DT VBN NNS VBP JJ NNS IN VBG DT NN NN , WDT MD VB DT JJ JJ NN IN NN . JJ JJ NNS VBP DT JJ NN IN NNP CC PRP$ NN IN NNP NNS VBZ VBN IN NN NNS . RB , TO VB JJ NNS IN JJ NNS IN DT NN , DT NNP NN IN NNP NNS VBZ TO VB VBN IN DT JJ NNS IN DT NN IN DT NNS . DT JJ NN NN VBD VBN IN DT JJ NN NNS CC NN NNS IN CD VBN JJ NNS IN DT NN . IN DT NN IN DT JJ NN , DT NN NNS MD VB IN DT JJ NN NNS TO VB DT JJR NN NN . IN DT NN , DT NN NN IN DT VBN NN IN DT VBN NNP CC NN NNS IN DT NN NN VBD VBN TO VB CD NN IN DT NN IN DT NN CC VBD IN NN NNS IN NNP -LRB- CD NN -RRB- , NNP NNP -LRB- CD NN -RRB- , NNP NNP -LRB- CD NN -RRB- , CC NNP NNP -LRB- CD NN -RRB- . DT VBN NN -LRB- CD , CD , CD , CC CD -RRB- CC NN -LRB- CD , CD , CD , CC CD -RRB- NNS VBD VBN IN DT NN NN NN IN NN NN CC VBN IN DT JJ NN NN . PRP$ JJ NN NN VBD IN NNS IN DT NNP , JJ NN CC NN NNS VBN IN DT JJ IN NNS . CD DT NN NN , NN -LRB- NN NN : NN -RRB- , NN : NN VBD VBN IN DT NN IN DT NNP , VBN IN DT NN NN IN DT NNP NN , CC JJ NN CC NN VBN IN DT JJ IN NNP NNPS VBP JJ NNS IN DT JJ NN NN WDT VBP JJ CC JJ NNS IN DT NN NN . CD DT JJ NN NN IN CD NN NN NNS VBD VBN . DT NN VBD VBN IN VBG DT NN NN . DT CD NN NN NN VBZ IN DT NN NN POS NN VBZ JJ CC JJ TO VB NN CC NNP NNS . NNP , NNP , CC NNP NNS VBD DT NN NN IN JJ , NNP VBD DT JJ NN IN CD WDT VBZ IN DT NN NN , VBG DT NN NN VBZ RB VB DT NN IN JJ NN CC NN . PRP VBZ JJ IN JJ NN . CD DT JJ NN IN DT NN NN VBD VBN TO VB RB CD NN . DT JJ NN VBD VBN TO VB CD VBG DT RB JJ NN . DT JJ NN IN RB VBN NNS VBD CD CC IN IN RB VBN NN VBD CD . DT VBN NN NN VBD CD NNS IN JJ NNS , IN NN , IN JJR IN CD NNS IN NN , IN NN CC JJR IN CD NNS IN NN NN , IN NN . DT NN NN VBD VBN TO VB CD NN NN NN CD , IN CD NNS VBN IN NN . DT NN NN VBD CD . DT NN NN VBD VBN IN SYM CD , RB RB VBG PRP$ JJ NN CC RB VBG DT NN IN NNS RB IN DT NN . CD DT NN IN DT JJ NN VBD VBN TO VB CD CC DT VBN NN IN DT JJ NN VBD DT VBN NN VBD JJ IN NN . DT JJ NN NN VBD DT NN IN CD NN NN , CD NN VBN NN , CD NN NN NN , CC CD NN VBN NN . IN PRP$ NN NN , DT JJ NN NN NN IN DT NN NN VBD VBN IN VBG PRP$ NN NN . DT JJ NN IN DT NN NN NN VBD VBN IN NNP NN -LRB- NNP NNP -RRB- . RB , TO VB DT JJ NN NN NN IN NN NN , DT NN NN NN VBD RB VBN IN DT NN NN VBG NNP . NN IN VBN JJ NNS VBD VBN IN NNP NN , NNP NN , CC NNP NNP NN CC DT JJS JJ NN VBD VBN . DT VBD IN DT NN IN DT NN IN NNS IN DT VBN NN -LRB- NNP CD -RRB- . IN NN , CD NN IN NNS VBD VBN IN VBN NN , IN IN DT VBN NN , DT NNS IN DT VBN NN VBD CD NN , CD NN NN VBD VBN IN DT VBN NN , CC CD NN IN JJ NNS . CD CD , NN IN JJ NN VBN IN NNP . NNP , NNP NN IN JJ NN IN NNP NN . NN NNS VBN IN NN NN IN IN NN VBN IN NN IN IN DT CD NNS , CD JJ NNP NNS VBD VBN IN VBG DT JJ NN NN IN DT NN VB . NNS CD CC CD , RB CD IN CD NN NNS RB VBD VBN IN DT JJS NN NN -LRB- CD -RRB- . JJ NNS , DT VBZ , CD CC CD VBD RB VBN IN DT JJ NN NN -LRB- CD -RRB- . DT VBN NN NN VBZ IN DT VBN NN NN VBZ JJ IN DT NN CC JJ IN NN -LRB- NNP CD -RRB- . CD JJ NNS IN JJ NNS IN DT NN NN NN VBG DT NNS VBN IN JJ NNS WDT MD VB IN JJ NN IN DT NN NN . DT JJ NNS VBP VBN IN DT JJ NN , CC DT NN IN DT NN VBZ VBN IN NNS RB , PRP$ JJ NN NN VBZ IN CC NNP CC NNP NNS WDT MD VB DT NN TO VB NN JJ RB RB IN JJ NN . JJ NN CC NN NN IN DT VBN NN NN IN DT NN NN VBD VBN IN DT NN NN NN NN . DT NNS VBD VBN IN IN DT JJ NN NN NN -LRB- JJ -RRB- . DT NN JJ NN -LRB- NNP -RRB- -RRB- CD VBZ VBN JJ CC JJ NN NN -LRB- NN -RRB- NN IN CD NN IN CD NN , CC NN NN NN -LRB- NN -RRB- -LRB- CD NN VBP DT JJ NNS IN DT NN NN TO VB JJ NN NN IN DT NN CD NNS IN DT NNS VBP JJ IN NN CC NN IN JJ NN CC RB IN NN . DT NNP IN PRP$ VBN JJ NN -LRB- NN -RRB- NN VBD CD , DT JJ NN NN VBD CD NN CC DT CD NN NN VBD DT JJ NN NN IN DT JJ NN NN NN -LRB- JJ -RRB- . RBR , TO VB DT NN IN NN NN NN NN , NNP CC NNP NN NNS VBD VBN . DT VBN NN VBD JJ IN IN DT VBN NN NNS IN DT NN CC VBN IN JJ -LRB- NNP CD -RRB- . DT NN VBD CD NN NNS IN NN . IN NN NN IN VBN NN NN IN NN NN NN VBG DT NN IN NN IN JJ VBN IN NNP CC NNP NN NNS IN DT NN VBZ VBN IN JJ NNS DT VBN NN VBZ CC NNP CC NNP NNS , VBZ JJ NNS CC NN IN JJ CC JJ NNS . DT NN VBN VBN NN IN JJ NN NNS VBP VBN TO VB DT JJR NN IN DT JJ -LRB- NN -RRB- NN NN CC VB JJ NN IN DT NNP CD NN . RB , DT NN VBZ JJ NN IN NN ."
846,679,mainstream,"NNP NNP VBZ VBG DT NNP NN IN NNS IN JJ NNS . DT NN VBZ DT VBG DT NN , NNS VBG RP PRP$ NN , CC RB NNS VBG PRP$ NNS IN DT NN IN NNP NNS NN . CC IN PRP VBP IN DT CD IN CD NNS IN DT NNP IN DT JJ NN NN , IN PRP VBP DT NN IN NNS POS NN , CC IN PRP VBP DT JJ NN , RB PRP MD VB NNP IN RBR JJ IN VBG CC JJ . RB , EX VBZ PRP$ NN TO VB JJ NN IN DT NN . VBG , PRP$ JJ JJ NN , PRP VBZ VBN IN VB NNP POS JJ NN , VBG DT NN POS NN RB TO VB NNS IN NNP NNP IN DT CD NNP NN `` NN . '' PRP VBD RP IN DT NNS RBR , VBG IN DT NN IN `` EX VBZ NN JJ '' IN NNP , VBG IN DT NNP RB VBZ RB RB JJ IN NN IN PRP$ NNS VBP RB VB IN DT NNP . IN NN , DT NN VBD IN NN IN DT NNS WDT VBD NNP POS NN . NNP RB VBZ TO VB IN JJ NN , RB IN NNS CC JJ JJ NNS , VBZ NNS , VBG IN DT NNP NN NN NNS : CC RB EX VBZ PRP$ NN IN NN . CD NNS RB , NNP VBD RB VBN IN NNS VBP NN : CC IN JJS , NNS IN VBN VBG IN DT VBN NN . PRP VBD IN CD , PRP VBD IN DT NN , TO VB PRP$ NN VBN `` CD NN IN DT NN '' IN WP PRP VBD IN `` DT RB JJ NN . '' PRP RB VBD IN PRP$ `` NN VBZ DT NNS '' VBP JJ IN NN . NNP VBD TO VB VBN IN DT NN IN DT NN VBZ DT CD CC JJR NNS IN RB , RB IN DT NN HYPH VBN NN IN DT NN IN PRP , VBN PRP$ NNS IN DT CD NN NN : CD NNS RBR , PRP RB VBZ TO VB VBN IN DT NNS VBP `` JJ '' CC IN NNS VBG VBN IN JJ NN VBP VBG VBN IN NNS . RB VBZ DT NN NN IN NNS NNS CD IN CD NNS . RB VBZ DT NN NN IN NNS . RB VBZ WRB NNS VBP VBN IN DT NNS , RB VBG RB JJR IN DT NNS WDT VBP DT NN NN IN RB VBG JJ . PRP MD VB IN DT NN NN NN WDT DT NN VBZ RB VB `` VBN IN CD CC CD NNS '' IN CD NN . DT NN VBZ VBN TO VB DT NN IN DT NN IN DT NN WRB DT NN VBZ RBS IN NN IN NNS . IN NN IN PRP$ NN POS VBN , RB VBG , CC JJ NN NN NN , CD NNS RBR , NNP POS `` NN '' IN NN CC NNS VBZ VBN JJ IN NN IN JJ NN VBG PRP . IN DT NN IN DT CD NN NN , JJ NN VBG NNS IN NNS VBZ DT NN IN DT CD . CC RB JJ NN , NNP VBD IN NNP , RB , TO VB NNS TO VB RP NNS . WRB . NN , IN NN . RB , PRP VBZ RB JJ IN DT RB HYPH VBN NN IN NN : `` VBG PRP RP '' : IN PRP VBZ VBN TO VB PRP NN IN PRP$ JJ NN . WRB . TO VB DT NNP PRP : NNP . IN PRP VBD JJ IN PRP$ JJ NN CC VBD DT NN NN , DT NN MD VB VBN NN IN NNS WP VBP JJ IN PRP$ NN IN JJS NN IN NN HYPH JJ NN . CC , RB , JJR NNS VBG NNS IN JJ NN NNS . VBN DT JJ NNS CC NNS CC PRP$ NN IN NN NNS , PRP VBZ RB DT NN IN NNP PRP VBZ VBN IN DT VBG NN IN PDT DT NN IN DT WP VBP RB VBN PRP . IN PRP VBP VBN RB , VBG DT JJ NN VBZ DT JJ , JJ NN CC RB CD TO VB RB , IN PRP VBP DT NN IN NNP NNP CC NNP NNP PRP ."
847,1255,mainstream,"NN `` VBD '' IN NNP IN CD , IN CD JJ NNS VBN IN DT NN , VBG IN NNS VBN IN DT JJ NN IN DT NNP NNP NNP -LRB- NNP -RRB- IN NNP . DT NNS VBZ DT JJ NN IN NNS VBN IN DT JJ NN . DT NN VBD CD NNS IN NNP IN CD . `` DT JJ NN VBN IN NNS IN NNP VBZ PRP IN JJ NNS CC NNS , RB IN WRB PRP VBP , VBP IN NN IN VBG DT NN CC VBG PRP IN NNS WP MD RB VB JJ TO VB VBN , '' VBD NNP NNP NNP IN NNP , NNP NNP . VB JJR : NN NNS '' VBP NN NNS '' IN NNP DT NNS CC NNS VBP DT `` NN PRP RB MD VB , '' PRP VBD . IN JJ NNS , JJ NNS VBP VBN DT NN IN NN NNS IN IN VBN NNS IN NNS CC NN . NNS IN DT RB HYPH VBN JJ NN RB VBP DT NN IN NNS IN VBG JJ NNS . VBG IN DT JJS NNP NNS , NNP VBD DT JJS NN IN NNS NNS IN CD JJ NNS . PRP VBD VBN IN CD IN NNP CC CD IN NNP . NNP CC NNP VBD RB IN DT JJ CD . JJ NN , NNP VBD PRP VBD VBG IN DT NN `` NN '' CC VBD IN RB CD NN IN PRP$ IN CD HYPH NN HYPH NNS VBP VBN IN DT NN . NNS IN NNP , VBG NNP CC NNP , VBD JJ NNS TO VB NN NNS IN NNS . NN NNS IN JJ JJ NNS VBP JJ TO VB CC VB NN NNS IN NNP . `` NN IN CC NNS CC NN VBZ DT NN NN WDT DT JJ NNS VBP RB VBN IN , '' NNP NNP VBD . `` DT JJ HYPH NN NN MD VB PRP IN PRP$ NN TO VB DT NN WDT VBZ PRP$ NNS IN DT NNS RB CC IN DT . '' NNP POS NNS VBP RP DT NN IN DT NNS JJ NN CC NN NN NN . PRP MD VB RP TO VB PRP RB RB ."
848,552,mainstream,"DT NNP NNP VBZ VBN DT JJ NN HYPH NN NN VBN IN DT `` NNP NNP IN NNP '' TO VB JJ NNS , NNS CC NNS . RB , DT NN VBZ VBN TO VB DT NN IN NNS , IN NN DT NN IN IN DT VBG NN MD VB VBN JJ IN DT JJ IN NN IN DT NNS , IN MD VB DT NN . IN NN IN DT : LS . MD DT NN VB IN DT NNS , NNS CC NNS VBN IN DT NN NN MD VB NN HYPH JJ CC RB JJ IN DT NNS JJ IN NN . LS . WDT NNS VBP VBN VBN IN DT NN , RB IN NN NNS CC NNS , TO VB DT NN , VBG DT NNS IN DT NN IN JJ NN NNS CC NNS IN JJ NNS VBN , IN IN TO VB IN JJ DT NN IN JJ NN . LS . WRB MD DT NNS VBN VB VBN CC VBN CC WRB MD DT VBG NNS VB VBN ."
849,419,mainstream,"NN MD RB VB VBN IN CD NN IN DT IN VBN RP . NNS VBP DT JJ NN , DT JJ NN , CC DT RBS JJ NN IN DT , DT NN . IN NNS MD VB JJ , DT NN RB VBZ RP IN RB CD IN CD NNS . CC IN JJ NNS , NNS MD VB IN NNS JJ IN NNS IN DT NN CC JJ NN . DT NNP NN VBZ VBN IN NN IN DT NNP NN NN NN . CD NN VBZ RB VBN IN DT NN WRB PRP VBP CD IN CD NNS JJ , CC DT NN VBZ WRB DT NN VBZ CD NNS CC CD NNS . CC IN DT JJ NN , RB VBN , VBD DT NNP NN IN NN , JJ NNS VBP VBN IN VBG PRP$ NNS VBN . RB MD PRP$ NN VB DT NN NN . NN NN NNP NNP VBD PRP$ NN IN DT NN . PRP VBD : `` RB VBG DT NN NN MD VB JJ NNS . NN MD VB IN NN , PRP MD VB RP IN NN , CC PRP MD VB IN PRP . `` NNS VBZ NN CC NN MD VB JJ NN IN JJ NNS . '' NNP NNP , WP VBZ RB VBG IN DT NN POS RB JJ NN , VBD EX VBZ VBN DT `` NN RP '' IN RB NN IN NNS VBG VBN . RB NN MD VB VBN IN JJ JJ NNS , CC JJ VBP RB VB IN DT NN IN DT NN . DT JJR NN IN NNS VBG VBN VBZ DT NN IN NNS . NNP NNP VBD : `` IN NNS RB RB WP MD RB VB VBN , DT NNS MD VB NN HYPH VBG CC RB JJ . `` EX VBZ TO VB DT NN , CD NN NN CC RB , WDT VBP VBN TO VB JJ DT NN VBZ IN NN ."
850,164,mainstream,"NFP NN VBZ VBG JJR NNS , DT NNS VBN , NNP NFP NNS VBP RP JJS NNS IN DT RB JJ NN NFP WP VBZ NNS IN NN VBP VBG RB NFP VBZ NN IN NNS , NN RB TO VB NNP , NNP CD -LRB- NNP -RRB- , NN VBD RB CD CD NNS IN CD CC VBD CD , RB NNS , IN JJ NNS IN DT JJ NN VBD DT NN IN DT NN , DT NNP NNP NNP VBD IN NNP . IN NNS VBN IN PRP$ NN NN IN `` DT NN '' , DT NNP VBD JJS IN JJ NN POS NNS NNS VBD IN NNS IN CD NNS JJ WP VBD RB VBN VBN . `` DT NN IN DT NN VBZ IN DT NN HYPH JJ NN IN NN VBZ RB DT NN CC DT JJ NN TO VB DT NN POS RBS JJ NNS , '' VBD DT NNP POS NN NN NNP NNP NNP . DT NN IN CD VBZ RB JJR , DT NNP VBD , IN JJ NNS IN IN NNP VBG DT CD HYPH NN NN VBN IN DT JJ NN IN CD . DT NNP NNPS VBZ RB VBN PRP$ JJS NN IN NNS NNS IN CD NNS IN CD , IN CD NNS IN NNP , NNP , DT NNP NNP , NNP CC NNP : VBD PRP$ NN `` NNS HYPH JJ '' NN IN CD IN VBG JJ NNS . DT JJ NN IN NNS IN NNP NNP NN IN NNP VBZ VBN JJR IN CD NNS CC VBN JJR IN CD , RB NNS CC NNS , IN DT NN VBN IN DT JJ NN NN . RB , NNS NN NNS VBP VBN IN RB DT NN , DT NNP VBD . PRP CC DT NNP NNS POS NN VBP IN IN CD , RB CD NN IN NNS VBD DT JJ NN IN NN NN IN PRP$ NN POS JJ NN NNS , CC JJR IN CD NN VBD DT JJ NN VBN TO RB VB PRP IN NN NN . NN VBZ CD IN DT RBS JJ VBN NNS , RBR RB IN NNP , NN CC NN . PRP MD VB IN DT NN CC IN NNS IN JJ NNS IN DT JJ NN VBZ VBN CC VBN HYPH VBG NN RB VBN IN NN . IN DT JJR NNS , NN NNS VBP VBN VBN IN DT NNS VBG PRP IN WP PRP VBP VBP JJ CC JJ NNS . NN IN NN CC VBN NNS IN NNS IN NN RB VBP NN NN CC VBP DT NNS TO VB VBG PRP$ NNS . NN VBN IN NNP VBD IN NNS NN RB RB VBZ DT NN IN NN CC JJ NNS VBG NN , NN NN , NN CC NN , CC MD RB VB DT NN POS NN NN IN NNS CC NNS , VBG DT WP VBP NNS JJ IN JJ JJ NNS JJ IN NN CC JJ NN . DT NNP NNS VBD EX VBD DT VBN CD NNS IN NNS CC CD JJ NNS RB IN CD . DT VBZ IN CD NNS CC CD NNS IN CD . IN CD , NNS VBD JJS IN NNP , NNP NNP IN NNP , NNP , NNP CC NNP , DT NNP VBD , IN DT CD NNS VBG IN RB NN IN JJ NNS . NNP NNP , DT NN IN DT NNP NNPS IN NNP NNP CC NNP , VBD DT NNS VBD VBG : `` IN VBG NNS NN NN PRP VBP VBG TO VB TO VB DT JJ NNS . PRP MD VB DT NN RB . ''"
851,1036,mainstream,"NN IN DT JJ NNS IN NN VBZ JJ NN NN , NN , CC JJ NN . IN NN VBZ , JJ NN IN DT NNS MD VB VBN TO VB NNS . IN NN NN VBZ , NNS VBP VBN . VBG MD VB JJ NNS JJ IN DT JJ NN NN , WDT VBZ NN IN DT NN POS NNS IN DT JJ NN VBN IN DT NN . NNS VBP RB VBN DT `` NN NNS '' WDT VBD NN PDT DT JJ NN IN DT JJ NN . RB VBN IN NN NNS , NN NNS VBD JJ NN NNS WDT VBD DT NN CC DT JJ NN -LRB- IN IN DT NN -RRB- IN DT NN VBG VBN IN DT NN . IN DT NN IN DT VBN NN , NN NN IN DT NN VBD RB VBN CC VBN , VBG DT VBN NN POS NNS TO VB CC VB . EX VBP CD NNS IN NN NN : DT VBN NN NN -LRB- NNP -RRB- , RB VBN IN DT NNP NN IN PRP$ NN , NNP NNP : CC DT JJ NN NN -LRB- NNP -RRB- , CC NNP NN , VBN IN PRP$ NN , NNP NNP . NNP , VBN IN VBN , CC VBN , NN NNS CD , CD , CC CD , VBD DT JJ NN TO VB DT NN IN NN NNS IN DT NNS . PRP VBZ VBN IN NN CC VBZ IN DT NN , WRB PRP VBZ DT NN IN NNS IN JJ , CC `` JJ '' -LRB- IN VBN IN NN HYPH NN -RRB- , NN . NN VBZ VBN IN JJ CC VBN , CC VBN , NN . EX VBP CD NNS IN NN : NN -LRB- NNP -RRB- , WDT VBZ DT CD NNS IN JJ VBN NNS , NN -LRB- NN -RRB- , WDT VBZ CD IN DT CD NNS , CC NN -LRB- NN -RRB- , WDT VBZ CD IN DT CD NNS . RB , JJ NN VBZ JJ IN DT CD NNS -LRB- NN , NN , CC NN -RRB- , JJ NN VBZ JJ IN NN CC NN , CC JJ NNS VBP JJ IN DT JJ NN . DT NN IN NNS VBZ PRP$ NN , JJ IN DT JJ NN IN NN , WDT VBZ JJ RB IN NN , VBZ NN IN NN CD IN RB CD IN CD NN IN NNS , IN DT JJ NN IN NN VBZ NN IN NN CD IN RB CD IN CD NN IN NNS . DT JJ NN VBD VBN IN DT JJ NNS , RB IN NNP VBD IN IN NN . DT NN VBN IN CD VBD IN IN NNP NNP VBD DT NN RBS JJ IN VBG DT NN IN NNS RB . DT NN VBD VBN IN NN NNS IN NN HYPH JJ NNS , IN DT NN IN PRP MD VB NN IN DT NN . NN VBZ VBN IN NNS IN DT NN . IN DT NN VBZ VBN , DT VBN NN VBZ IN DT JJ NN CC NN NNS CC VBZ DT NN IN NNS IN JJ NN . PRP VBZ RB VBN IN DT VBN NN POS NNS , RB RB VBG JJ NNS IN DT JJ HYPH JJ NN . NNP VBD DT JJ NN IN PRP VBD VBN IN DT JJ NNS . CC NNP CC NNP VBP VBN CD NNS , RB IN DT JJ JJ NNS IN DT NN POS NN CC RB RB RB IN DT `` NN '' WRB DT NN VBZ NN NN . IN DT CD NNS , NN IN NN VBZ RB RB VBN . JJ NN VBD VBN IN CD NNS IN NNS , IN PRP VBD VBN TO VB NN NNS JJ IN DT IN NN CC NN . IN JJ NNS , NN MD VB NN IN NN HYPH VBN NNS -LRB- NNS -RRB- , WDT VBP VBN NNS IN DT JJ VBN NN VBN IN DT NN . EX VBP JJ JJ NNS IN NNS , VBG VBG NN HYPH VBN NNS -LRB- NNS -RRB- , WDT VBP NN CC VBP IN NNS WDT VBP JJ NN NN NNS . NNP VBZ RB VBN VBN TO VB JJ NNS IN WP VBZ VBN IN NN HYPH VBN NN NN -LRB- NN -RRB- IN CC NN NNS CC PRP$ NNS . JJ NNS VBP RB IN DT CD CD CC JJR NNS IN NN . NNP VBZ TO VB VBN IN DT NN NN IN VBN NN , RB VBG DT NN RB IN DT JJ NN WDT RB VBZ DT JJ NN . NNP VBZ RBR JJ TO VB IN NNS WP$ JJ NNS VBP JJ . IN IN DT NN , NNP VBD VBN IN NN NNS IN DT NNP NNPS IN CD IN NN IN NN . RB , NNP : RB NNP , WDT VBD VBN TO VB CD NNS RBR JJ IN NNS IN JJ NN NNS , CC NN , WDT VBD VBN IN JJ NNS IN NN NNS : VBD TO VB VBN IN NNS JJ IN NNP CC NNP ."
852,200,conspiracy,"VBN IN NNP NNP NNP . IN DT JJ NN , NNS VBP VBN PRP$ NN IN NN CC , IN PRP VBP RB RBR JJ , NNS IN PRP$ NN IN JJ NN VBP VBN RB JJ CC JJ . IN NNS IN DT NN IN JJ NN CC JJ NNS , NN NN CC NN VBZ JJ , NN JJ VBZ JJ , NNS WP VBP VBN IN NNS VBP JJ CC DT WP VBP JJ VBP RB JJ . EX VBZ VBG JJ NN IN DT CD VBN NNS IN DT NNS . JJ NNS WDT NNP VBZ DT NN IN NNS VBN IN JJ JJ NNS , NNS , CC NNS IN IN DT NN WDT VBP DT JJ NN , JJ NN CC NN VBG DT , IN IN HYPH NN NNS , WP VBP DT JJ NN IN NNS WP VBP CC VBP JJ NNS . DT NN VBZ WRB DT NN IN NN VBZ VBG JJ NN CC JJ NN . IN VBG NN , NN , NNS , CC NN NN , DT NNS RB VBP DT NNS IN VBG NNS , CC VBP DT NNS IN WDT NNS VBP NNS IN NN . `` NNS IN DT JJ NNS WP VBD DT NN . DT WP VBP RP IN DT JJ NNS IN JJ NNS CC NN RB VBP RB IN PRP$ NN . JJ NNS DT NNP VBZ DT JJ CC RB VBN NN WDT VBZ IN DT JJ NN NNS VBP IN VBG NN , VBG JJ NN NN , CC VBG NN NN . DT NN WDT VBZ RB VB PRP$ NNS VBZ RB VB DT NN . IN PRP VBP IN PRP$ NN CC DT NN IN PRP$ NNS , DT NN VBZ DT MD VB . '' : NNP NNP NNP , NNP , NNP , NNP NNP , NNP NNP IN DT NNP , NNP NNP , NNP , NNP `` VBP PRP TO VB IN VBG IN JJ NNS CC NNS . CC VBP PRP VBG VBN IN NNS CC NNS WDT VBP DT NN VBZ IN NN NNS TO VB IN DT JJ NN CC NN VBZ JJ , RB IN IN NN TO VB PRP VBZ JJ . DT NN NNS IN DT NN VBP WRB NNS VBP PRP , PRP$ NNS , CC PRP$ NNS TO VB NNS IN DT NN IN PRP$ NN CC NN . '' : NNP NNP NNP , NNP , NN , NNP IN NNP CC NNP NNP , NNP IN NNP NNP , NNP IN NNP , NNP `` DT JJ NN VBZ NNS IN VBN NN CC NN IN JJ NNS IN JJ NN IN JJ CC JJ JJ NN . DT NN MD VB IN JJR NN IN JJ CC JJ NN CC IN DT JJ NN IN JJ JJ NN HYPH VBN NNS . '' : NNP NNP , NNP , RB NN IN NNP NNPS NNP -LRB- NNP -RRB- CC NN NNP IN NNP NNP , NNP NNP IN NNP NNP NNPS -LRB- NNP -RRB- `` DT JJ CC JJ NN VBZ DT JJ NN IN NN IN DT RB HYPH VBN `` NN NN NNS '' WDT VBP PRP$ JJ NNS . JJ , JJ , CC JJ NN IN PRP CC PRP$ NNS . '' : NNP NNP CC NNP NNP , NNS IN DT NNP NNP `` DT NN VBZ PRP DT JJ NN RB IN DT NN IN DT NN IN JJ NNS . '' : NNP NNP NNP , NN NN IN DT NNP NNP IN NNP IN DT NNP NNP IN NNPS , NNP IN NNP NNP NNP IN NNP NNP NNP , NNP IN NNP NNP NNP IN NNP NNP CC NNP NNP `` DT NN IN JJ NN TO `` VB JJ NN '' IN DT JJ NNS IN PRP$ NNS IN DT NNS IN DT NN CC NNS VBZ VBN VBN IN NN . JJ NNS IN NNP VBZ PRP$ NN JJR TO VB DT NN IN JJ NNS WDT VBP DT NNS WDT NNS MD VB TO VB PRP$ NNS , VBG VBN NN , NN CC JJ NN , CC JJ NN NNS WDT VBP IN DT NN IN DT `` NN VBZ '' NN . '' : NNP NNP , VBN JJ NN NN , NNP , CC VBG JJ , NNP IN NNP , NNP CC NNPS , NNP NNP , NNP"
853,900,mainstream,"NNS VBP NNS IN JJ NNS . DT VBZ PRP IN PRP$ JJ NNS VBP RB VBG , CC VBZ PRP IN VBG JJ NNS . TO VB PRP$ NN POS JJ NNS , VB IN PRP$ NN CC NN NN . DT NN VBN RB VBZ DT JJ NN IN NNS IN NNS . DT VBN NNS VBP VBN IN DT NNP NNP NNP -LRB- NNP -RRB- , CC NN CC NN NNS . JJ NNS VBP JJ IN DT JJ NN , CC IN DT NN IN JJ CC JJ NN . PRP MD RB VB JJ NNS RB IN DT NN . NNS JJ CD NNS JJ CC RB DT VBG JJ NNS VBP JJ IN DT NN IN NNS JJ CD NNS CC RB : VB DT NN NN IN JJR NN . JJ CC NNP NNP NNP NNS VBP JJ JJ NNS IN DT NN VBG JJ NNP CC NN NNP -LRB- NNP , NNP NNP , NNP NNP CC NNP NNP -RRB- . VB NNS IN JJ CC NNP NNP NNP NNS . NNS IN JJ JJ NN NNS WDT VBP PRP$ NN IN NN MD VB JJ JJ NNS IN DT NN . VB NNS IN NNS IN JJ NN NNS . VB DT NN NN NN RB . DT NNS JJ CD IN CD NNS MD VB DT VBN JJ NN NNS . VB DT NN NN CC VB IN PRP$ NN IN PRP$ NN VBZ RB VBN PDT DT VBN NNS . NNS JJ JJR IN CD NNS JJ VB DT VBN NNS JJ IN DT NN . DT VBZ IN PRP VBD RB VB DT NNS IN NN . DT VBZ VBN NN HYPH RP NN . VB DT NN NN NN RB . DT NNS JJ CD IN CD NNS MD VB DT VBN JJ NN NNS . VB DT NN NN CC VB IN PRP$ NN IN PRP$ NN VBZ RB VBN PDT DT VBN NNS . NNS JJ JJR IN CD NNS JJ VB DT VBN NNS JJ IN DT NN . DT VBZ IN PRP VBD RB VB DT NNS IN NN . DT VBZ VBN NN HYPH RP NN . DT NN NN IN NN HYPH NN HYPH NN NN -LRB- NN -RRB- VBZ VBN IN CD IN CD NN NNS . DT NN VBZ DT JJ NN IN DT NN WDT PRP VBP VBN RB . PRP `` VBZ '' DT NN NN . PRP VBZ JJ CC VBN IN NN NN NNS . VB PRP$ NN CC NN NN NN IN NNS . NNP -LRB- JJ NN -RRB- VBZ DT JJ RB VBN NN WDT VBZ CC NNS CC NNS . PRP MD VB JJ NNS CC DT NNS IN NN . PRP VBZ JJ IN NN . NN NN VBZ DT NN IN CD NNS IN DT NN NN TO VB NN . DT NN NN VBZ JJ IN NNS JJ CD IN SYM CD NNS IN NN NN NNS . NNS WP VBP RB VB DT NN IN NN VBP JJ IN CD JJ NN RP NNS IN IN CD NNS IN NN . VB PRP$ NN CC NN NN NN IN NNS . VB DT NNP NN NN NN IN NN IN VBG DT NN NN . NN NN VBZ DT RB JJ NN WDT MD VB JJ NN , NN IN NNS , NN NN CC NN . EX VBP CD JJ NNS IN JJ NN : NN , NN , NNP , NNP CC NNP . DT JJ NNP NN VBZ VBN JJ IN DT NNP NNP NNP -LRB- NNP -RRB- IN NNS JJ RB CD IN CD NNS IN NN VBN NN NNS . NNS JJ CD IN CD NNS WP VBP RB VB DT NN IN NN MD VB DT JJ NN RP NN IN NNS CC JJ NN NNS . VB DT NNP NN NN IN NN IN VBG DT JJ NN . VB DT NN NN NN RB . VBG PRP$ NN VBN IN NN NNS CC NNS MD VB DT NN NN VBG NN IN PRP$ NN TO VB DT NN IN NN . NN NNS VBP CC VBN IN NN CC , IN DT NNS , VBN IN PRP . PRP VBP NN IN DT NN VBG VBN IN PRP$ NN IN NN . VBN NN NNS MD VB VBN IN DT NN NN , PRP$ NN POS NN CC DT NN NN . PRP VBZ JJ IN PRP$ NN VBZ NN IN NN NNS . DT NNS VBP JJ NNS IN DT NN NN . NNS RB VBP DT NNS IN NN NNS IN PRP$ NNS CC IN PRP$ NNS . VB PRP$ NN CC PRP$ NN CC NN NN NN TO VB NNS IN NN IN PRP$ NN POS NN . DT JJR NNS MD VB RB JJ IN DT NN IN VBG DT NN IN NN . PRP VBZ JJ TO VB IN NNS RB IN DT NN IN NN . VB WRB DT JJ NN RB MD VB PRP IN DT NN IN NN . DT JJ NNS IN VBG JJR NNS IN NN HYPH VBN NN VBP : SYM VB PRP VBP VBG RB IN DT NN , VBG JJ PRP VBP DT NN CC NN VB IN PRP VBP VBG JJ CC JJ . NN MD VB DT JJ NN IN JJ NNS . NN NN DT NN VBZ VBN IN NN JJ CD NNS CC JJR . JJ NN NN VBZ JJ IN DT NN IN DT NNS JJ CD NNS IN JJR IN CD NNS . RB , JJ NN NN VBZ JJ IN DT NN IN NNS JJ CD NNS JJ CC JJR IN JJ NNS WDT VBZ PRP RBR JJ TO VB JJ NN . DT NNS VBP : VB IN PRP$ NN IN PRP VBP PRP$ NN VBZ DT JJ NN WDT VBZ PRP RBR JJ TO VB NN . DT NNS CC NNS MD VB JJ NN NNS IN JJR NNS IN NN IN NN CC NN NN NNS . VB PRP$ NN CC NN NN NN IN NNS . VB DT NN NN NN NN IN NN IN VBG DT NN NN ."
854,159,mainstream,"IN DT NN WDT VBZ RB VBG IN DT NN MD VB DT NN NN CC VB IN NN POS NN VBZ RB JJ : CC JJ NNS VBP PRP VBZ RB RB TO VB WRB DT JJ NN MD VB IN JJR NN . NNS IN NNS VBP IN DT NN NN , CC RB CD VBP NNS . CD VBP VBN TO VB JJ NNS IN NNS , IN NNS VBP RBR JJ , JJ , CC VBN TO VB VBN IN NNS IN NNS CC NNS . NN NNS VBP VBN DT JJ NN NNP HYPH NNP HYPH CD CC PRP$ NN NN HYPH CD . DT NN IN NN MD VB RP DT NN VBZ JJ . RBR DT NN , NNP NNP NNP NNP VBD IN NNP POS NNS TO VB DT NN , VBG PRP MD VB JJ , `` RB IN DT NN VBZ TO VB . '' NNS WDT VBP NN CC JJR NN NNS VBP VB TO VB IN JJR NNS IN DT NNS IN NNS VBP WP NNS VBP IN IN `` NN '' : RB NNP POS NNS VBP DT JJ NN . CC PRP VBZ RB JJ IN NNP HYPH NNP HYPH CD MD VB DT JJ NN . DT RB VBG DT NN VBP PRP$ NN VBZ RB JJ TO VB WRB DT NN MD VB IN VBG NN . -LRB- VB WRB NN VBZ IN NN , NNP CC JJ NNS . -RRB- `` PRP VBP PRP MD VB NN , CC PRP VBZ JJ TO VB , '' VBZ NNP NNP , DT NN IN DT NNP IN NNP , WRB DT NN VBZ VBG RB VBN . IN IN NNP NN , JJR IN CD NN NNS VBD VBN VBN IN CD JJ NNS , IN NNS VBG DT NN VBZ JJ TO VB VBG . RB , WP VBP PRP VB IN NNS . IN DT RBS JJ NN , PRP MD VB IN NN CC NNS IN DT NN IN NNS CC NNS . PRP VBP IN NN IN NN IN JJ NN , CC PRP MD RB VB IN JJ NNS CC IN DT NN IN DT JJ NN POS JJ NNS . RB IN DT JJ NN , JJ NNS MD VB DT NN TO VB . DT NN IN NN NN , IN NN , VBZ RP DT NNS CC NNS , VBG DT NN RBR JJ CC RBR JJ TO RB VB DT NN . -LRB- IN PRP$ NN VBZ VBN , DT VBZ WP NN VBZ . -RRB- NN IN WRB DT NNS VBP JJ VBZ VBN RB VBN IN DT WDT VBP DT NN , DT NN RB VBN IN NN NNS . `` NN NN '' RB VBZ IN NNP IN NNP CC NNP . NNS VBP DT NN IN NNS IN WRB DT VBZ . DT VBP PRP VBZ JJR NNS : TO VB DT JJ NN , NNS VBP RB , WRB JJ HYPH IN HYPH JJ NN VBZ RBR JJ . TO VB WRB JJ NNS VBP DT NN IN NN NNS IN NN , NNS VBP VBN IN WRB DT NN VBZ IN JJ NN CC NN NNS . CC RB JJ NN VBZ IN JJ , JJ NN MD RB VB NNS VB JJ IN DT NN CC VB RBR IN PRP VBP JJ . CD IN DT JJ NNS TO VB WRB JJ NNS VBP JJ NN VBD VBN IN CD , CC PRP VBD IN WRB NN VBD IN NN NNS VBN IN DT NN . JJ NNS CC IN JJ JJ NN VBD DT NN NN , CC IN RB JJ NN NNS , DT NN VBD VBG RB . JJR NN VBZ JJR NN , WDT VBZ JJ NNS IN VBG RB RB IN PRP MD IN JJ NN . IN JJ NNS , DT JJ JJ NNS IN DT NN CC NN VBP JJR NN IN PRP VBP VBN . RB RB JJ TO VB JJ , PRP VBP IN DT NN . NNS IN DT NN VBP JJ NNS , IN DT JJ NNS VBP JJR NNS IN NN IN JJ NN , WRB NNS RB VBP RB . NNS VBP IN JJ NN , WDT RB VBZ IN NN , MD VB DT NN IN DT NN IN PRP$ NN , WDT PRP$ NN VBZ TO VB CC VB JJ NNS IN NNS CC NN . JJ , JJ NN MD VB DT RB JJ NN JJR CC RBR JJ IN VBG DT NN . NNP NNP , NN IN DT NNP NNP POS NNP IN NNP CC NNP , VBZ VBN VBG DT JJ NN . PRP VBZ NN , WDT VBZ RBR JJ IN NN , MD RB VB VB RP NNS WDT VBP VBN VBN IN NNS . NN : WP VBP DT NNS CC NNS IN NNS . `` NN NN VBZ RP JJ NN . PRP RB VBZ -LRB- NNS -RRB- . IN PRP VBP RB , PRP VBZ RB JJR IN RB RB IN IN DT NN NN , '' PRP VBZ . NN NN VBZ RB JJ IN VBG NN CC NNS PRP VBZ RB VBN IN NNS TO VB NN ."
855,1232,conspiracy,"DT JJ NNS RB , NNP NNP RB VBD IN DT JJ NN IN DT NNP NN -LRB- NNP SYM CD -RRB- MD RB VB JJ '' IN DT NN IN DT NN '' IN NN IN `` NNP NNP NNP . '' CC DT NN VBZ RB VBN PRP$ NN CC VBZ RB VBG IN DT NNP NN -LRB- NNP HYPH CD -RRB- MD `` VB RB IN NN . '' RB IN PRP RB VBZ RB IN CD IN CD NNS TO VB DT JJ NN , DT NNP NN VBD VBN RB JJ IN VBG CD IN DT NN IN DT NN IN NN TO VB DT JJ JJ NN . NNP PRP RB VBD IN PRP VBZ `` VBG RB RB '' TO VB DT NNP NN -LRB- NNP HYPH CD -RRB- NN VBP IN NN RB RB IN JJ , RB IN DT VBN NN VBZ JJ NNS POS NNS IN NN . `` PRP VBP VBG NN NNS , '' NNP VBZ VBN IN VBG IN DT NN . `` PRP VBP RB RB VB DT JJ NN , '' PRP RB VBD , VBG IN PRP VBZ `` JJ NNS VBP , PRP VBP , JJ , '' VBG JJ NN NNP CC NNP IN NN . NNP NNP NNP , DT JJ NN IN DT NNP NNP IN NNP CC NNP NNPS -LRB- NNP -RRB- , VBZ RB VBN IN NNP POS NNS , VBG IN PRP VBZ JJ `` TO VB DT NN IN NNS IN DT , '' VBG IN DT VBN CD HYPH NN VBN NN IN DT NN IN DT JJ NN IN DT NNP NN -LRB- NNP SYM CD -RRB- . `` CC , PRP VBP , PRP VBP RB VB TO IN HYPH VB , '' NNP VBD IN DT NN IN NNP NNP . `` PRP MD RB VB TO VB WRB PRP VBZ . '' RB RB IN DT DT VBD , RB , NNP NNP VBD NNS CC VBD TO VB DT NN DT JJ NN IN WP PRP VBD VBN JJ . IN VBG IN NNS , NNP VBD IN JJ NNS CC NNS WDT VBP `` VBN '' IN NNS VBD RB VBN IN PRP , CC VBD IN DT JJ MD VB IN DT NNP NN -LRB- NNP SYM CD -RRB- . `` PRP VBZ VBG TO VB RB , '' NNP VBD RB . `` CC PRP VBP RB VBG TO VB PRP RB , RB , IN DT NN IN NN . PRP VBP RB VBN RP RB , '' PRP VBD , VBG IN JJ NNS CC NNS IN DT NN . `` PRP VBP , RB . IN NN JJ , PRP VBP . '' WP VBZ NNP POS JJ NN IN NNS CC NN . NN IN DT NN IN NNP VBZ NN JJ , CC PRP VBZ VBN NN IN NN IN DT NNS IN PRP$ JJ NNS , RB VBN RB NNS RB IN CD DT . IN DT JJ NN , DT VBP IN NNP VBZ VBG DT NN IN JJ NN WRB PRP RB VBZ JJ NNS TO VB RP WP VBZ WP IN PRP$ NN . RB IN PRP VBD NN , NNP RB VBD IN PRP `` RB '' VBZ NNS TO VB VBN IN NN , WDT VBZ IN PRP VBZ RB VB DT NN POS NN NN . IN DT VBN , NNP POS RB HYPH VBN NN IN DT VBN NNP NN -LRB- NNP HYPH CD -RRB- NN IN NN POS NN MD RB VB DT NN TO VB PRP$ NNS IN VBG PRP$ JJ NNS . IN DT JJ NN , PRP MD VB IN NNP RB VBZ RB VB WRB TO VB DT NN CC VBZ IN DT JJ NN IN NN WRB PRP VBZ IN PRP$ NN IN DT VBN NN . VBZ NNP RB IN NNS , CC VBD PRP VBG JJ NN IN PRP IN NN NNS NNS IN PRP VBD TO VB IN NN . IN IN DT NN , NNP POS RBS JJ VBN NN VBZ IN DT NN IN DT NNP NN -LRB- NNP SYM CD -RRB- MD RB VB VBN IN DT NN VBZ VBG TO VB IN JJ DT JJ NN . CC DT VBZ DT NN PRP VBP PRP VBZ IN VBG RB . DT NN VBD VBN IN NNP , NNP NN , CD IN CD NN CC VBZ VBN IN NNP NNP , NNP , NNP . PRP MD VB DT NNS IN DT NN IN DT NN CD NN ."
856,707,mainstream,"VB PDT DT JJS NN IN NN CC RBR VBN RB IN PRP$ NN . VB RP RB . JJ : DT NNP HYPH VBN JJ NN VBZ TO VB VBN DT NN WDT MD VB DT JJ NN IN DT NN CC VB PRP IN IN DT NN POS NN IN CD NNS , NNP NNP VBZ RB VBN . RBR NNP , NNP NNP MD VB PRP$ NN IN DT NNP HYPH CD NN , WDT DT NNP NNP NN VBD MD VB `` CD NN NN '' IN NN HYPH CD , VBG IN DT NN MD VB JJ NNS IN DT NN VBZ DT NN . `` PRP VBP TO VB EX VBZ DT NN . EX VBZ DT NN WDT VBZ CD NN , '' NNP NNP NNP , NN CC NN IN NNP NNP , VBD NNP NNP . `` IN PRP VBP DT VBG NN IN PRP$ NN , PRP VBP RB VB DT JJ NN . PRP MD VB RP DT NN IN NN . '' DT NN NN CC JJ NNS VBP VBN VBG TO VB JJ NNS CC NN NNS IN DT NN IN NN HYPH CD HYPH JJ NNS VBZ VBN TO VB CD IN NNP CD . JJ JJ NNS VBP VBG TO VB NNS , JJ IN PRP MD VB DT NN CC JJ NN IN JJR NN IN PRP MD VB TO VB DT NN . NN NNS VBP VBN VBN IN DT JJ CD NNS IN DT NN TO VB RP NNS , CC PRP$ NN VBZ VBN VBN NNS . VBG DT JJ NN CC JJ NN NN IN NN HYPH CD MD VB NNS . `` NNS VBP VBG NN NN IN NNS WP VBP VBN IN NNP HYPH CD CC VBG PRP IN DT WP VBP RB JJ . DT NN VBZ JJ IN NNS , CC DT NN VBZ DT NN , '' JJ NNP CC NNP NNP NNP NNP NNP VBD IN DT JJ NNP NNP NNP NN HYPH NN . `` DT NN : EX VBZ RB JJ NN IN VBN NNS TO VB RB . '' DT JJ NNS VBP IN IN NN NN VBZ NN , EX VBP NNS IN WRB RB DT NNS MD VB IN VBG DT NN IN DT VBN NN . `` NNS , IN JJ , VBP VBN RB JJ IN VBG NN -LRB- NNS -RRB- RB IN PRP VBP VBN DT JJ NN IN NN , '' NNP NNP , DT NN IN NN CC JJ NNS IN DT NNP NNP NNP NNP IN NNP NNP , VBD IN DT JJ NN . `` EX VBP NNS IN WRB JJ PRP MD VB CC IN WRB RB . '' NNS IN NNP NNP VBP PRP VBP VBN DT NN IN DT JJ NN . NN VBZ NNS JJ NNS VBN TO VB NNS IN DT NN IN PRP$ NNS , NNP VBD CC VBD NNS IN NNS PRP VBP VBN IN DT JJ NN . PRP VBP DT VBD PRP JJ TO VB NNS IN JJ NN NNS WDT MD RB VB PRP IN DT NN NNS IN DT NN . PRP VBD IN DT CD IN DT NNS VBD DT NN TO VB DT NN NNS IN VBG PRP IN DT JJ NN NN , WDT VBZ DT NN DT NN RB VBZ TO VB JJ NNS . IN JJR NN , DT NNS IN NNP VBD IN EX VBD CD JJ NN WDT VBD TO VB CD NN JJ IN VBG NN HYPH CD IN VBG NN NNS : NNP SYM CD . `` WRB DT NN VBZ DT NN IN VBG DT JJ NN , DT NN MD VB , '' NNP NNP VBD . `` IN PRP MD RB VB IN DT NN , PRP MD RB VB . RB PRP VBZ IN IN PRP VBP DT NN IN VBG DT NN , DT NN RB VBZ RP . DT NN VBZ RP DT NN . '' `` DT VBZ PRP$ NNS IN DT NN . PRP VBZ IN DT NN CC VBZ PRP IN IN DT NN . '' NNP NNP VBD RP IN DT NN MD VB VBN IN JJ NN IN EX VBP DT NN NNS , CC IN PRP MD VB RBR JJ IN DT NN WDT MD VB VBN . `` DT VBZ DT JJS NN , '' PRP VBD . `` DT NN IN VBG DT NN VBZ TO VB DT VBG NN . RB , IN PRP RB VBP CD , PRP VBP RB VB IN DT NN TO VB CD IN DT NN . PRP VBP RB VBN PRP . PRP VBP VBG RP DT NN . '' PRP VBD RB VBN NNP VBD VBN IN NNP NNP HYPH VBN NN NN NN NNP NNP TO VB DT NN NN . VBN NNP , DT NN MD VB VBN IN CD JJ NNS CC , VBG NNP NN , MD VB VBN IN DT JJ NN IN NNS VBG IN NN CC DT WP VBP VBN VBN IN NNP HYPH CD . NNP NNS VBD IN NNP HYPH CD MD RB VB DT JJ NN IN DT NN . PRP VBP RB VBG TO VB DT NN IN DT NN HYPH JJ NN IN IN PRP$ JJ NN , VBG IN DT NN VBN IN NNP NNP . PRP VBD IN PRP MD VB IN IN CD NNS IN NN CC VBP VBG TO VB NNS IN NNS JJR TO VB VBN NNS . NNP NNP NNP , JJ NN NN IN NNP , VBD IN VBG NN NNS MD VB RBR JJ IN RB VBG DT NN . IN DT NN NN MD VB IN IN CD NNS , JJ JJ NN MD VB JJ IN RB JJR NN CC IN DT RB JJR NN NN . PRP VBZ RP , RB , IN DT JJ NN IN DT NNP CC NNP NNP MD VB VBN TO VB DT NN NN JJ IN NNS . VB RB IN DT NNP NN NN `` RB RB IN PRP VBZ VBN , DT NN VBZ RB JJ IN DT NN , '' NNP NNP VBD IN NNP NNP . `` IN DT NN IN NN , DT NN VBZ IN DT NN . RB , IN PRP VBD VBN -LRB- IN DT NNP -RRB- NN , NN WP VBZ DT NN MD VB RB IN NN CC VB DT NN IN VBG NN HYPH CD . ''"
857,307,mainstream,"DT NN WP VBD PRP$ JJ NN IN NNP VBD DT NN VBG PRP VBD VBN `` JJ '' IN NNS CC MD VB VBN NNS . DT NN , NNP NNP , MD VB VBN NNS VBN , DT NNP NNP NNP POS NNP VBD . NNP NNP VBD NN IN PRP$ NNS CC PRP$ NN VBD JJ . NNS VBP VBG IN DT RB HYPH VBN NN VBD NNS IN IN NN NNS MD VB NNS VBN IN NNS . NNP NNP RB VBD IN PRP VBD VBN JJ IN NN IN PRP$ JJ NN IN NN . `` PRP VBD RB JJ IN WP PRP VBD CC PRP VBD DT JJ NN PRP VBD IN DT NN NN . PRP VBD DT CC RB DT , '' NNP NNP NNP NNP NNP NNP VBD NNP NN , VBG IN DT NN VBD `` JJ '' . `` DT JJS NN VBZ NNS WP VBP IN DT NN PRP$ NNS VBP VBN WRB PRP VBP RB , '' NNP NNP VBD DT NNP NNP NNP . NFP WP VBP NNS , WRB VBP PRP VB CC WRB VBP NNS JJ . SYM NNP NN WP VBD NNS IN NN VBZ IN NN SYM NN , DT NN WDT VBD IN DT NN JJ NNS IN NNP NNP VBP RB VBG VBN TO VB IN DT NN IN PRP$ NN NNS . NN NNS MD VB IN NNS VBP VBN DT NNS , CC RB DT , VBG IN DT NNP NNPS IN NNP NNP CC NNP . NNP NNP , WP VBD IN NNP JJ NN , VBD RB VBN IN PRP$ NN IN NNP , IN JJR IN CD NNS CC DT CD HYPH NN NN IN DT NN NN NN . JJ NNS VBP VBN PRP VBG DT JJS NNS , VBG PRP VBD RB VBN PRP VB JJ NNS , CC NNS VBP PRP VBD PRP VB NNS . `` PRP$ NNS CC PRP VBP PRP RB RB . PRP VBZ IN NN IN PRP$ NN , '' CD NN , WP VBD PRP VBD VBN VBG PRP$ NNS IN NNP NNP IN CD NNS , VBD IN NNP , DT NNP NNP VBD . PRP VBD RB VBN TO VB NNS WRB NNS VBD JJ TO VB CC VB RP IN NNS POS NN IN HYPH IN HYPH NNS , DT NNP VBD ."
858,62,conspiracy,"SYM CD NN NN VBZ DT NN IN NNP NNP NNP POS NN . NFP VBZ NN RB JJ IN NNP . IN NNP CD , NN VBD IN DT CD HYPH NN HYPH JJ JJ NN VBZ VBN VBG DT RB JJ , VBN NN IN DT NN -LRB- NN -RRB- NN IN JJS IN PRP$ NN IN DT NN IN NN NN NNS PRP VBD . DT NN VBZ DT JJ JJ NN , VBG DT NN IN PRP$ JJ NN TO VB NNS IN PRP$ NN . JJR IN CD NN NNS IN PRP$ NN VBD VBN CC , RB , DT NN NN VBD RBR JJ CC JJ IN NN . IN CD NNS , CD NNS CC CD NNS IN NN , DT NN VBD VBN VBN CD NNS IN JJ NN NN NN NN CC DT NN NN IN NN CD . NN NN VBZ DT JJ JJ NN IN `` NN , '' VBG DT NN VBD DT `` JJR '' JJ NN NN , WDT VBD VBN IN DT NNP NNPS IN CD CC IN DT NNP NNP IN CD . RB , DT NN NN VBZ TO VB IN DT NN IN DT JJ NN NN NN VBD VBN RB IN PRP VBD VBN IN DT NNP CC NNP . IN NNP CD , CD , NNP CC NNP NNP IN NNP NN VBD : `` JJ NN NNS IN NN , IN NN , MD IN DT NN VB DT NN PRP VBZ VBN TO VB . DT JJ NN NNS IN NNS CC NNS MD VB JJ NN NNS IN NN . DT IN DT NNS VBP IN IN DT JJ NN IN VBG JJ NN IN NN . '' DT JJ NN VBZ IN DT JJ NN NN VBZ RB VBN IN VBG NNS . DT NN VBN VBZ IN DT NN VBZ RB RB RBR JJ IN JJ NNS . VB DT NN IN DT NN IN `` JJ '' NNS VBG JJ VBN NNS IN NNP . PRP MD VB DT JJ NN VBD JJ TO VB DT JJ NN IN NN VBZ RB VBN , CC WRB DT NNS IN NN CC NN IN DT JJ JJ NNS VBP VBN IN DT NN HYPH VBG NN , DT JJ NN IN NNS , VB JJ DT JJ NN , VBZ VBN . DT NN RB VBZ DT NN IN NNP , WDT VBD IN NNS WP VBD DT NN NN VBD RB RB VBN IN NNS CC RB VBD NNS . VBD DT JJ NN CC JJ , JJ NNS VB NNS IN NN . PRP VBZ RB JJ TO VB IN NN NN VBZ NN VBN IN VBG DT NNS IN NNS IN JJ . UH , CC VB RB VB NN NN VBZ JJ NNS JJ NNS CC VBZ IN JJ NN TO VB DT NN WDT PRP VBP `` VBN '' NNS WRB , IN NN , PRP VBP RB . IN NN , NN VBZ VBN VBN JJ NNS JJ IN JJ NN . NNP NNP NNP , NN IN NNP NNPS CC DT JJ NN IN NN , VBZ IN NNP NNP NNP IN NNP NNP VBD IN PRP$ NN IN NNP NN VBN IN CD , `` NNS RB JJ IN CD NNS JJ MD VB JJ NN , CC VBP VBN RB VBN CC VBP JJ IN DT NN TO VB . PRP$ NNS IN NNP NNP NN CC PRP VBP IN CC VBP NNS IN JJ NNS DT NN . '' RB , NN NNS VBP IN NNS RB JJ IN CD NNS JJ VBP PRP$ JJ NN NN , CC , VBP , WP VBZ VBN VBN IN CD IN DT NNP VBZ DT VBN JJ NN NN NN , RB DT VBN JJ JJ NN NN . NNP NNP VBZ , `` VBZ DT NN VB DT NN EX VBP NNS IN NNS IN NN WDT VBZ RB VBN JJ NN WDT MD RB VB VBN VBN NN CC VBZ RB VBG NNS RB JJ IN DT JJ NN IN DT NN NN . '' JJ NN VBZ CD NNS IN DT NNP IN CD JJ NNS IN NN . NNP NNP VBZ IN DT NNS IN JJ NN VBP RB JJ IN NN IN JJ IN DT NN IN DT JJ NN NN IN CD , JJ NN NNS MD VB VBN VBN IN VBG NN . IN EX VBP JJ NNS IN DT NN NN NN , CD JJ NN VBZ DT NN IN NNP NNP NNP WP VBD DT JJ JJ NNP NN IN DT NNS . NNP POS NN VBD NNS IN DT NN VBD DT CD `` JJ '' NN NN NNS IN PRP$ NNS , CC CC NN VBD DT VBN NN . IN NN , DT NNP NN VBD RB VBN . DT NNP NN NN RB VBZ WP VBZ JJ `` NN NN '' : DT VBZ , WRB JJ NNS VBP VBN IN JJ NNS -LRB- RB VBN IN DT NN -RRB- PRP$ JJ JJ NNS VBP NNS IN NNS . DT NNP NN VBD JJ HYPH NN JJ NNS JJ IN NNS CC NNS . PRP VBD RB VB VBN NNS CC VBD RB VBN IN NN -LRB- FW -RRB- CC JJ JJ NNS WDT VBP `` JJ '' NN . NNP VBD IN DT NNP RB VBD NNS IN NN , NN CC NNS . RB NNP NNP NNP NNP , NN IN DT JJ NN NN , VBD VBN IN DT NN IN IN JJ NNS , IN VBN NN CC NNS , NN VBD IN DT NN IN IN JJ NNS EX VBD JJ NNS . NNP NNP VBD PRP DT NN : `` IN NNP VBD RB VBN IN DT JJ CC JJ NNS IN DT NN VBG JJ , PRP VBD TO VB DT NN IN NN IN RB VBN NNS . VBG WP VBD IN DT NN CC JJ NN CC WRB RB DT NN IN NN IN VBN NNS VBZ DT NN IN VBG NN . '' NNP NNP RB VBD DT JJ NN IN NN , NN , NN NNS RB IN NN NN , NNS CC JJ NNS CC NN IN JJ NN NNS IN JJ NNS RB VBN IN `` NNS '' CC NNS IN DT JJ NN IN DT NN , WDT RB VBD NN VBD VBN RP IN NNS . DT JJ NN NN IN CD VBD CD NNS , VBG IN CD NNS . JJ NNS VBD RB VBN IN WP VBD DT NN IN DT JJ NN NN VBN IN NNPS . NNP VBZ IN `` NNP NNP . NNP VBD DT NN IN CD VBG DT NN IN DT RB JJ NN HYPH VBN NN IN NN `` VBD '' IN DT NNP NNS -LRB- IN DT JJ NNS -RRB- , VBG DT JJS NN IN NNP NN . RB RB WP MD VB VBN IN DT NN VBZ JJ . '' MD WP VBD CD NNS RB VB DT NN IN NN . DT NN IN DT NN HYPH VBN NN VBG DT NN WDT MD RB VB VBN IN DT NN IN NN NN MD VB DT NN TO VB DT JJ JJ NN . JJ NNPS MD VB IN IN JJ NNS VBZ RB DT NN , PRP MD RB VB IN JJ NNS IN DT NN NN VBZ . RB , PRP MD RB VB IN NN DT NN HYPH JJ NNS IN NNS WP VBP NNS RB VBP PRP VB VBN IN NNS . VBG DT JJ NN NN VBZ JJ IN VBG CD NNS IN JJ NN DT JJ NNS , RB IN CD IN CD NN . PRP VBP TO VB WRB IN DT . PRP RB VBP TO VB JJR IN WRB JJ NN VBZ JJ NN . NNS IN JJ NNS , RB VBN NNS -LRB- NNS -RRB- , NNS CC NNS CC VBN NNS , NN NN NNS CC JJ CC JJ NN NN VBP RB DT JJ NNS WDT VBP VBN . NNP NNP VBZ DT NN IN NNP NNP , RB VBN IN VBN NN NN NN CC JJ NN NN NNP NNP CC PRP$ NN , NNP . TO VB DT JJ NN IN NNP NN NN : DT JJ NN VBN IN RB HYPH VBN CC JJ JJ NN NN : UH VB NNP , NN NN CD , NNP , NNP CD CC VB CD . RB VBN MD VB DT NN IN DT JJ HYPH JJ NN NNS NNP VBZ ."
859,1195,mainstream,"DT JJ NN NN VBZ VBG JJ NN IN DT NN IN NN IN NNS JJ IN NNS , NN CC NN , DT NNP NNP NNP -LRB- NNP -RRB- VBD NNP . DT CD CD NNS IN NNS IN DT NN IN CD VBP IN NN , VBG IN DT NN IN DT NNP CC NNS . DT NN , WDT VBD VBN IN NNP , DT NNP NNP NNP CC NNP , VBD IN JJR IN NN IN DT CD NNS WRB NN NNS VBD JJ , VBD JJ , JJ CC JJ NNS IN NNS IN DT NNS IN NNP CC NNP . VB DT JJS NN NNS IN PRP$ VBG NNS `` NN IN NN NNS IN DT NN HYPH CD NN VBZ TO VB NNS IN NN IN NN HYPH JJ NNS IN NNS , '' NNP NN HYPH NNP NNP NNP NNP VBD IN DT NN . `` PRP MD RB VB DT NNS IN NN NNS WDT RB VBP CC MD VB TO VB NNS RB , '' NNP VBD IN NNP . NNP VBD EX VBD VBN JJ NNS IN NN NNS IN IN DT JJ NN CC DT JJ NN IN NNS WDT VBD IN PRP . JJR IN CD IN NNP POS CD NNS VBP VBN PRP$ NNS , IN DT VBP NN CC NN NN . NNS VBD IN CD NNS TO VB NNS IN NN VBD VBN VBN IN NN IN CD NNS , JJS IN WDT VBD IN NNP . NN NNS VBP VBN VBN IN DT JJ NN IN CD NNS . NNS VBP JJ NNS IN DT NNS IN DT NN IN CD . DT NNP RB VBD DT JJ NN IN NN NN NNS IN NNP . VBG RP NN VBZ JJR IN CD NN IN NNS TO VB VBN . IN JJS CD NNS IN NNP VBP VBN NN NNS DT NN . DT NN IN CD NNP , NNP POS NNS VBP RP DT NN IN DT NNS JJ NN CC NN NN NN . VB RP TO VB PRP RB RB ."
860,1180,conspiracy,"JJ VBP IN HYPH DT HYPH NN -LRB- NN -RRB- NNS IN JJ IN PRP VBP RB VB DT NN . NN MD VB RB IN DT NN . NN , IN NN , -LRB- RB VBN IN NN CC VBN IN DT NN NN NN IN NNS -RRB- VBZ RB CD IN DT RBR JJ NNS PRP MD VB PRP$ NNS IN . IN NNS VBG NN VBZ DT VBG NN IN JJ NN NN IN DT NNP JJS NNS VBP RB VB RB IN VBG DT NNS . NN VBZ RB VBN IN DT JJ NN IN NNS VBN TO VB NN , NN CC JJ NNS , RB RB IN IN NN NN NNS VBN IN NN CC NN . LS CC , JJS NNS VBP JJR IN CD IN DT IN HYPH DT HYPH NN NNS , WDT MD RB VB IN NN . IN PRP VBD RB VBN IN DT JJ NN IN NN , IN CD NNS VBD VBG RP , VBG CD NNS IN DT NN NN DT NN , RB IN IN NNP VBG NN CC NN NN . LS DT JJ NN VBZ IN RB RB IN CD NNS RB VBD IN `` JJ NN NN VBZ IN JJ NN NN . '' LS RB RB DT , NNS RB VBD IN JJ NNS VBD IN NNS IN NN NNS , NNS CC NN NNS . IN DT NN , NNS IN JJ NN NNS IN CD VBD IN NN VBD IN DT VBN CD NN NN NNS CC CD NNS RB . DT JJ JJ NN NN IN NN NN VBD CD . DT NN IN NNS VBP RB VBN NN NN IN NN IN JJ NNS IN DT NN , VBG PRP$ NN IN VBG NN NNS , NN CC NN . NN NN VBN IN NN IN NN IN CD , DT NN IN DT NN NNP NNP VBD IN `` NN NNS VBP IN NN VBZ DT NN NN , CC JJ JJ NNS IN NN MD VB JJ NN NN . '' DT VBZ DT JJ NN , VBG JJ JJ NNS VBP JJ TO VB IN DT NN NN NN IN DT NN IN PRP$ NN . VBG IN DT CD NN , NN IN NN IN NN VBD VBN IN DT CD NN VBN NN IN PRP$ NN VBG VBN IN JJ NN , DT JJ NN IN NN NN NN NN -LRB- NN -RRB- . PRP$ NNS VBD RB CD NN RBR JJ TO VB VBN NN NN IN DT NN PRP VBD CD NNS JJ . DT JJS NNS VBD VBN IN NNS WP VBD NN IN JJR IN DT JJ NN , CC DT JJR DT NN IN NN , DT RBR JJ PRP$ NN VBD TO VB JJ NNS . IN VBN IN NNP IN DT NN : CD JJ NNS VBD VBN IN CD . DT NN , CD RB VBN IN NNP NNP , VBD NN IN NN IN CD CC CD NNS IN NN VBD VBN IN DT CD NN JJR NN IN NN NNS CC DT CD NN JJR NN IN NN NNS IN DT NN . WRB DT NN VBD NN IN CD NNS IN NN , DT NN RB VBD DT CD NN JJR NN IN VBG JJ NNS CC DT CD NN JJR NN IN `` JJ NNS . '' NNP IN NNP NNP JJ CC JJ NNP IN NNP DT NN VBN IN NNP CD , CD , IN NNP NNP RB VBZ DT NN IN NN NN CC NN , IN RB VBG DT VBN NN IN NN NN NN -LRB- NNP -RRB- . VBG IN DT NNS CD VBN IN NNS IN NNS IN DT JJS NN NN -LRB- JJ NN , VBN IN NN NN NNS IN NN -RRB- , NNS IN DT IN DT JJ NN VBD DT CD NN JJR NN IN VBG VBN IN NN , CC DT CD NN JJR NN IN DT NN NN IN DT NN PRP VBD RB CD NNS JJ -LRB- JJ NN CD NNS -RRB- . DT IN DT JJS -LRB- JJ JJ -RRB- NN NN VBD DT CD NN JJR NN IN NN CC DT CD NN JJR NN IN NN . IN VBN IN DT NNS CD PRP$ NNS `` VB JJ NNS VBG DT NN IN JJ CC JJ NN NN CC NN JJ NN . '' JJR NN IN VBG NN IN NN IN NN IN DT NNS RB VBN , DT NN IN NNS VBP RB VBN DT JJ NN IN NN NN IN NN CC JJ NNS IN DT NNS . IN PRP : SYM CD NN CD VBN IN DT NNP NNP IN NNP VBD `` NNS VBN IN -LRB- NN -RRB- IN JJR IN CD NNS IN NN VBD JJR JJ NN NN , NN , VBG NN , VBG NN CC JJR NN NNS '' IN JJ NNS IN NN CD . NN IN NN VBD RB VBN IN DT JJ NNS . NFP DT CD JJ NN CD VBN IN DT NNP NNP IN NNP VBD NNS IN CC NNS WP$ NNS VBD NN IN NN VBD CD NN RBR JJ TO VB IN NN NNS IN NN CD . NNS VBD RB RBR JJ TO VB NN . IN VBN IN DT NNS : RB IN DT JJR NN IN JJ NNS , NNS VBP RB VBN : NFP NN IN NN IN NN MD VB PRP$ NN IN NN CC JJ NNS CD SYM VBG DT NN IN JJR IN CD NNS IN NN , RB IN DT JJ CC JJ NN , RB VBZ DT NN IN JJ NNS IN NN SYM VBG NN IN DT JJ NN VBZ PRP$ NN IN NN NN NN IN NN RB VBN IN NN DT NN IN NN IN NN MD RB VB IN NNS . IN NN , DT VBP DT VBN NN IN NN PRP VBP VBG NN NNS MD IN NN VB IN IN DT JJ NN IN NN IN DT NNS VBP VBN : RB DT NNS CD IN PRP$ NN , PRP VBZ JJ TO VB JJ NNS DT JJ NN , CC NN NN MD RB VB NNS JJR . DT JJ JJ NN VBN IN CD VBD `` NN NN IN NNS HYPH NNS HYPH NN NN VBD VBN IN JJ NN . '' NNS IN DT NN HYPH NN NN VBP IN NNS VBG IN , IN DT JJ NNS , WRB DT NN NN VBD PRP$ RB JJ NN , NNS VBD RB RB VBG VBN IN DT NN NN , CC NNS VBD RB VBN TO VB VBG NN RB IN NN , IN NN VBD VBN VBN IN NNP POS NN . CD DT CD NN RB VBZ `` DT NN IN NN IN NNS CC JJ NNS MD VB RB RBR RB VBN IN NN IN PRP$ NN IN NN , RB IN IN RB HYPH VBN NNS IN DT JJ NN IN NNS IN JJ NN . '' IN NNS VBP NNS CC NNS NNP IN JJ NNS , CD NN IN WDT NNP VBZ RB VBN VBZ IN NN NNS , CC VBG IN NN VBN IN DT NNP NNP IN CD , NN MD RB VB NNS RBR JJ WRB VBN RB , WDT VBZ RB DT NN TO VB VBG NN IN PRP$ NN . NNS WP VBD NN RB IN VBG DT NN VBD VBN NN NN , VBG RB JJR NNS IN DT NN PRP VBD VBN IN . DT NNS VBN IN DT NN VBD IN JJ NN , NN NN NN NN -LRB- NN -RRB- , NN , NN , NN NN , NN NN , NN CC NN . DT NNS VBD IN : VB DT NNS VBN IN NN JJ NNS VBP RB DT JJ NNS WDT VBP TO VB JJ IN PRP$ NN IN DT JJ NN NN CC NN NN . NN NN VBZ JJ IN RB NN IN DT JJ NN NN NNS IN DT CD CC PRP$ NN VBZ RB VBN VBN IN CD JJ NN NNS , CD IN WDT RB VBP NN CC MD VB JJ . DT NNS MD VB IN NN . DT JJ NN VBZ IN IN NN VBZ VBN JJ WRB VBN IN VBN , DT NN IN DT JJ NN CC DT RB JJ NN VBZ RB JJ . VBN PRP VBP DT JJ NN CC VBP RB VB JJR IN CD JJ NNS DT NN , DT VBN JJ NN IN NN VBZ IN IN CD NNS -LRB- NNS -RRB- DT CD IN CD NNS , RB TO VB CD NNS -LRB- CD NNS -RRB- IN NN . CD IN VBN IN NNP NNP NNP NNP WP VBZ JJR , NN VBZ VBN VBG RB DT JJ JJR IN DT VBN NN IN DT NN IN JJ NNS CC NNS -LRB- VBN IN IN `` VBN NN '' -RRB- MD VB JJR IN VBG CD JJ NN . RB , IN NN , UH VB JJ IN PRP$ NN IN JJ NN NN CC , CC NN VBZ IN PRP : NFP VB JJR IN CD JJ NN -LRB- CD NNS -RRB- NN WRB VBN IN DT JJ NN IN NN CC NN . NFP VB JJR IN DT VBN NN IN DT NN HYPH VBG NN IN DT CD HYPH NN NN . NFP VB JJR IN CD NN HYPH VBG NN IN DT JJ NN : VB JJ TO VB DT NN IN NNS IN DT JJ IN HYPH DT HYPH NN -LRB- NN -RRB- CC NN NN PRP VBP IN NN . NFP VB NN IN VBG DT NN NN : NN , VBZ NN VBZ PRP$ NN IN NN NN IN CD NN IN VBN IN NN , RB IN DT NN IN NN VBZ JJ . WRB PRP MD VB NNP IN PRP$ NN NN VBN PRP$ NN NNS , PRP RB VBP RB VB VBG NN HYPH VBG NNS IN JJ NNS CC NNS . EX VBP JJ JJ NNS TO VB JJ CC JJ NN WDT VBP RB VB VBG DT NN . IN DT JJ NN IN NN HYPH VBG NNS , UH VB DT JJ NN . DT VBN , NN NNS IN NN VBP VB PRP$ NN . NN HYPH JJ NN , IN NN , CC JJ JJ NN MD VB PRP$ JJ NN . IN DT NNS , PRP VBP VBG PRP RB IN NNP HYPH NN NN -LRB- NNP -RRB- , WDT VBZ DT NN HYPH VBG NN IN DT NN IN DT JJ JJ NN . PRP VBZ VBN IN DT NN NN NN NNS VBZ RB IN IN DT NN IN PRP MD VB NN , DT NN NN VBN IN PRP$ NN IN NN IN JJ NN . NNP RB VBZ VB PRP$ NNS IN JJ JJ NN . NNP VBZ DT NN IN NN IN NNS IN NN NN , VBN IN CD IN DT NNP IN DT NN IN NN NN . CD NN IN IN NN NN VBZ VBN VBN TO VB RB VBN WRB NNP VBZ RB VBN . RB , IN PRP VBP VBG NNP IN NN CC IN HYPH DT HYPH NN NN , PRP RB VBP VBG NNP RB IN PRP . VB IN NN , RB , IN EX VBZ DT NNS VBG IN VBG NN MD VB DT NN CC NN NN IN JJ NNS , RB IN PRP VBP JJ , PRP MD VB RB VBG NN . IN PRP RB VBP DT NN NN NN , NNP VBZ TO VB DT JJR NN . DT JJ NN IN NN IN NNS VBZ IN NNS . PRP VBP PRP VBZ JJ TO VB JJ IN , CC VB IN , RB JJ JJ NNS IN JJ IN NN TO VB DT NN IN PRP$ NN . PRP$ NN VBZ VBN IN PDT DT JJ NN IN NNS , CC PRP MD RB VB JJ TO VB PRP IN DT CC DT CD IN PRP , CC PRP VBP VB DT JJ NN IN NN IN PRP$ JJ JJ NN . DT NN CC NNS PRP VBP , CC DT NN , JJ NN CC JJ NNS PRP VBP TO VB IN NN MD VB DT JJ NN IN PRP$ NN POS NN CC JJ HYPH NN NN . NN CC NN VBP RB VBN IN NN DT JJ JJ NNS , VBG IN NN VBZ VBG RB JJ . PRP$ NN VBZ VBG RB JJ , CC NNS VBP VBG DT NN IN PRP$ JJ HYPH JJ NNS . NN NNS IN NN VBP NN IN DT JJ NN WDT NNS VBP TO VB IN . VBG DT CC DT JJ NNS VBZ CD NN PRP VBP DT JJ NN IN NN RB . RB VBP JJ JJR . RB IN VB DT JJ NN IN WP PRP MD VB , PRP VBZ RB JJR TO VB IN WP PRP MD VB TO VB DT JJ NN IN RB JJ DT JJ NN IN JJ . DT VBZ :"
861,1259,mainstream,"NNP CD , CD -LRB- NNP -RRB- , NNS VBP TO VB RB IN DT NNS VBG DT NNS HYPH NNS HYPH NN -LRB- NN -RRB- NN CC NN , CC IN DT JJS NN TO VB RP IN DT NN , PRP VBP IN DT NN VBZ JJ , IN DT , NN . IN VBG IN NNS IN NN NN , PRP VBD IN IN DT NN IN NN VBD RB RB IN DT CD HYPH NN NN , NN IN DT NN NN VBD RB RB IN DT NN NN . IN DT NN VBD IN NNS IN NN IN PRP VBD VBN RB IN WRB PRP VBD VBN , DT NNS MD RB RB VB RP DT NN IN CD JJ NN . `` CC VBG DT NN VBZ JJ CC DT NN VBZ CD IN DT NNS , DT NNS VBP PRP MD RB VB DT JJ NN , '' JJ NN NNP NNP , NNP , NNP , DT NN CC DT JJ NN , VBZ NNP . NN VBZ DT NN IN NN NN WDT VBZ VBN IN NNS IN JJ NN , NN NNS , DT JJ NN , CC DT NN IN JJ NN , JJ IN VBG CC VBG DT JJ NN RB CC RB RB . EX VBZ DT NN , CC JJ NN MD VB JJ NNS VB JJ NNS . RB , DT NNS VBP JJ CC MD VB RB IN $ CD IN $ CD DT NN IN DT JJ NN NN . CC IN NNS IN RB VBN NNS , DT NN HYPH IN HYPH NN NNS CC NNS VBP RB DT JJ NNS PRP MD VB . RB , NNS IN JJ NNS RB MD VB IN DT JJ NN IN RB VBG WRB PRP$ NN VBZ JJ . TO VB DT JJ NN , NNP CC CD IN PRP$ NNS IN DT NNP NNP IN NNP VBD CD NNS IN NNS VBN IN CD CC CD . IN DT NN , NNP VBD DT VBN NN IN DT NN IN VBN NNS IN NN , IN CD NNS IN DT CD JJ NNS IN CD IN RB CD NNS IN DT CD JJ NNS IN CD . DT VBZ DT JJ NN IN RB CD NN IN DT NN IN NN NNS , CC NNP VBZ DT NNS VBD IN DT JJ NN IN DT NN POS NNP NN NN VBD RB JJR , RB CD NN ."
862,452,conspiracy,"DT JJR IN CD NNPS WP VBP VBG TO VB PRP$ NN POS JJ NN IN CD VBP VBN JJR IN DT JJ JJ IN DT JJ NN IN DT NNP NNPS . EX VBZ VBN DT NN IN DT RBR JJ NNS VBG DT JJ CC JJ JJ NN IN PRP$ NN NNS , RB IN DT NNS IN DT JJ NN VBP VBN IN DT NN IN NN IN DT NN VBZ , CC JJS IN DT NNPS VBP TO VB PRP$ NNS RP IN DT NN IN PRP VBZ VBN TO VB RB JJ IN JJ NNS TO VB . DT NN MD RB VB JJ IN DT NNP NN VBZ VBN VBN DT NN IN NNS IN CC DT NN CC DT JJ NNS CC NNS VBG DT NN , RB PRP MD VB JJ IN PRP MD VB NN IN . DT RB HYPH VBN NN VBZ IN DT NNP NNPS VBZ VBG NNS IN NNS WDT JJS NNP MD VB JJ TO VB IN DT NN . RB NNP NNP VBZ VBN JJ , VBG IN DT NN IN DT JJ NNS CC DT JJ NN NN WDT MD VB PRP RBR JJ TO VB IN NN JJ . PRP VBZ RB VBN VBN IN DT NN NN CC VBZ RB RB IN DT NNS VBG IN DT NNS IN JJ NNS . DT NN DT NN NN NN VBZ , RB , NNP NNP , WP VBZ RB VBG PRP IN DT NN IN VBG NN NN TO VB NNP NNP POS JJ NN NN IN DT CD NN . NNP VBZ DT NN IN PRP$ JJ NN , IN DT NN VBZ , CC PRP VBZ RB JJ IN DT NNS IN DT NNP NNP , IN WDT PRP VBD IN NNP NNP . DT NNS IN NN RB RB IN DT NNP IN DT NNP NNPS VBD DT NN IN DT VBG NN IN NNP , WDT VBD DT JJ NN IN PRP$ NN , DT NN WDT VBZ VBN NN POS NN IN DT NN IN RB VBG DT NN IN JJ NN IN JJ CC JJ NNP . NNP VBD RB RB VBN IN DT NNP NN IN NN NN , WDT VBP NNP NN NNS IN DT NN IN DT NN TO VB RP NNS IN JJ NNS TO VB VBN . CD IN DT NN NNS WDT JJS IN DT NN HYPH NNS , RB RB IN NNP , VBP TO VB IN NN VBZ DT NNP NNP , WDT VBZ JJ RB RB IN PRP VBZ JJ CC JJ JJ NNS , CC JJR , RB IN IN DT JJ NN NN PRP VBZ CC DT NNS IN NNS IN JJ NNS CC NN NN -LRB- WDT DT VBP TO VB NNP -RRB- VBN TO VB DT NN . VBG DT NNS IN NNP NNP MD VB JJ , IN JJ NNPS VBP VBN IN PRP$ NN . JJ NN , DT JJ VBG NNP NNP NNP IN NNP NNP NNP , VBD DT JJS TO VB IN DT NN . PRP VBD WP DT MD RB VB IN JJ NNS . PRP VBD DT JJ JJ NN NNP NNP , WP VBZ VBN IN VBG CC NNP CC DT NNP NNP IN NN IN NNP . VBG IN NNP NNP , DT NN IN NNP WRB PRP VBZ RB IN NNP , CC DT NN IN PRP$ NN IN PRP VBZ DT NN IN NNS WDT VBP `` VBN '' NNS IN NNS IN VBG DT JJ , NNP RB VBD PRP$ NN IN `` PRP VBP PRP VBP DT NN IN NNP NNP POS NN . CC PRP VBP : IN JJ NN VBZ IN DT NN PRP VBP IN PRP$ JJ NN VBZ VBN IN DT NNS IN WP PRP VBP TO VB CC RB IN DT NN IN NNS IN PRP$ NN NN . '' RB IN DT NN VBD NN TO VB IN CC NNPS CC NNP , NNP RB VBD RB IN NNP VBZ DT NN . NNP NNP , JJ NN IN DT NNP NNP NNP , VBD IN NNP RB VBD TO VB IN NNP , VBG IN NNP POS NNS VBD DT `` JJ NN NN . '' PRP VBZ JJ IN DT CD NNS , IN VBG DT NNS IN NN MD VB DT JJ NN RB RB WP VBZ VBN IN CD . IN DT JJ NN , JJ NNP NNP NN NNP NNP VBD VBN DT NN RB IN VBG JJ NNS WRB PRP VBD DT NN IN JJ HYPH JJ JJ JJ NN NNP NNP . IN JJ NNS , IN PRP VBP DT NNS IN DT NN , RB NN IN WDT NN , PRP RB MD RB VB VBN IN NN . NN NNP NNP VBZ RB VBN DT NN IN `` NNP POS NNP '' NNP NNP WP VBD DT JJ NN IN DT NNP NNP NN IN DT NNP NNP IN PRP , PRP VBZ WRB NNP POS NN VBZ VBG CC IN DT NNS CC PRP$ NNS VBN : `` -LRB- PRP -RRB- : NN VBZ RB VBN . PRP VBD VBN . PRP VBD VBN IN DT NN WP VBD RB JJ IN PRP IN DT NN , WP PRP$ NNS VBD IN DT NN , CC WP VBD TO VB TO VB DT NN WDT VBD VBG IN PRP$ NN . PRP VBD VBN IN DT NN WP PRP VBD IN NNP NNP , CC WP VBZ DT JJ NNP NN IN DT NN , CC WP VBD TO VB PRP$ NNS IN NNP POS NN TO VB DT JJ NNP . CC PRP VBD VBN IN DT NN IN WP DT JJ NN VBD JJ NN IN PRP$ NNS TO VB NNP , RB TO VB PRP VB DT NN NN IN NNP CC VB IN NN IN DT NN WDT MD VB NNS IN JJ NNS IN VBG NNPS . '' WP VBD NNP NNP VBN . PRP VBD VBN IN NN IN DT NN TO VB NNP POS JJ NN IN PRP MD RB VB DT NN . NNP VBD DT NN IN `` VBG DT JJ NNS JJR NN IN WDT TO VB NNS -LRB- CC -RRB- VB DT NNS IN JJ NNS IN DT JJ NN JJ TO VB DT NNS POS NNS TO VB NNP . '' IN NN , NNP VBZ VBG NN CC PRP$ JJ NN IN NN MD VB IN NNP . RB NNP MD VB DT NN IN RB IN JJ NNP WRB NNPS VBP IN DT NNS . DT NN . VB PRP VB NNP CC DT JJ NNS IN NN IN IN PRP$ NNS . RB CC IN DT CC RB . NFP DT NN VBD RB VBN IN JJ HYPH NN ."
863,724,conspiracy,"PRP VBZ DT NN IN DT NN IN NNS VBZ RB JJ . IN DT NNS IN DT NN VBP NNS CC NNS WDT MD VB DT NN IN DT TO VB JJ NNS . IN DT JJ CD NNS , DT NN VBZ VBN DT JJ NN NN IN DT JJ NNS IN DT NN IN NN NNS JJ IN NN , NN , CC JJ JJ NNS . RB VBG , NNS RB IN DT NN VBP VBN IN CD NN PRP$ NNS VBD JJ CC VBG RB , CC DT JJ , IN VBG VBN PRP$ NNS , PRP VBP NN , CC NN , IN NN . IN NN CC DT NN VBP TO VB EX VBZ DT JJ NN IN DT NNS CC DT NNS , NNS , JJ NNS , CC JJ NNS VBP VBN RB . RB , PRP VBZ , DT RB JJ CC JJ NNS VBP VBN JJ TO VB DT NN IN WP JJ VBP VBN IN PDT DT NN . PRP VBZ RB VBN VBN IN NNP NNS VBD NNS WDT VBD DT NN IN NNS CC NN IN NNS . NNS IN NNP NNP CC NNP NNP VBD TO VB , `` IN JJ NNS VBP VBN IN VBN NN IN JJ JJ NN -LRB- NN -RRB- , NN NN -LRB- NN -RRB- , NN NN , JJ NN NN , NN NN NN NN , JJ JJ NN , CC JJ NN IN DT JJ NN IN RB VBN NNS . '' VBG IN VBN NNS CC JJ NNS -LRB- NN VBZ TO VB RB VBG NNS IN DT NN NN -RRB- , DT NNS VBD IN NN WP VBD VBN DT NN NN IN DT JJ NN '' VBD RB VBN IN NN NNS IN NN , NN , CC DT NN NN . '' DT NNS RB VBP DT JJ NNS WDT NNS VBP JJ IN NN CC RB VBP DT JJ CD NN HYPH VBN NNS . DT NN VBD JJ NN NNS NN IN PRP$ NNS IN VBG DT NNS . `` VBG NNS NNS , PRP VBD DT JJ NN POS NN IN NNS IN NNS CC NNS JJ CD SYM CD NNS IN DT JJ JJ NNS WDT VBD RB VBN IN NNP CD CC NNP CD , '' DT NN VBZ . RB , DT NNS VBD RB VBN IN DT NN NN RB . VBG IN DT VBN NN VBN IN DT NNP NNPS IN NNP : `` JJ JJ NNS VBD RB JJ IN NNS JJR IN CD -LRB- NN NN IN NN CC NN , NN NN IN NN , '' VBG DT NN NNS VBP RB VBN IN VBG NN NNS . IN IN JJS NN NNS , DT NNS VBP JJ IN VBG DT NNS VB DT DT RB JJ NN NNS . `` DT NN JJ NN VBZ IN DT NN IN DT JJ NNS MD VB RB JJ IN JJ NNS IN DT NN IN NNS , '' PRP VBP VBG DT , `` NNS VBP JJ NN , CC VBP RB VB DT JJ NN IN JJ NNS CC NNS IN DT NN IN DT NNS . '' DT NNS RB VBP IN DT NN VBG RB TO VB PRP$ NNS . `` VBN DT JJ NN IN DT NNS IN NN IN DT JJ JJ NN NNS IN DT JJ NN IN NNS IN VBG NN CC NN IN NN JJ NNS , PRP VBP NNS TO VB NN NNS VBG IN NNP NNS , '' PRP VBP . IN PRP VBP NN IN NNS IN NNS , IN JJ NNS WP VBP IN PRP , NN IN PRP VBP NNS , RB PRP VBP RB VB NNS IN WP PRP CC PRP$ NN MD VB IN NNS IN NN . DT VBG VBN , DT NN NNS VBP DT NN IN PRP RB TO VB DT NN WDT VBZ PRP MD RB VB VBN IN IN DT JJ NN IN PRP$ NN NNS VBP VBN RB IN DT NNS . RB , PRP VBP IN PRP VBZ PRP$ NN TO VB DT NN CC IN PRP$ NN VBG PRP , PRP MD VB DT JJ NN ."
864,281,mainstream,"DT VBZ NN IN PRP$ NNP NN NN IN WDT NNP NNS IN NN , JJ NN , NN , NNS , CC JJ NNS VBP NNS IN WP DT JJS NNS IN DT NN HYPH CD NN MD VB . NNP NNP NNP VBZ DT NNP NNP IN NNP IN NNP NNP NNP CC NNP NNP IN NNP NNP IN DT NNP NNP IN NNP , NNP , CC NNP . IN DT NN IN DT NNP NNP IN NNP NNP -LRB- NNP -RRB- , NNP NNP VBZ IN JJR NN CC NN IN DT NN IN NNS VBN NNS MD VB DT NN IN NNP HYPH NNP HYPH CD , DT JJ NN , CC VB VB NN IN JJ NNS RBR RB . NN : RB , DT JJ NN HYPH CD NNS MD VB VBN IN DT VBG NN CC RB , CC DT NN MD VB JJ . CD IN DT NNS MD VB VBG JJ NNS TO VB NN NN . WRB VBZ PRP$ NN VB DT NN . NNP NNP : PRP VBP WRB DT NN NN VBD DT NN . PRP VBD RP TO VB , RB , RB RBR JJ IN WP PRP VBP VBG RB . EX VBD DT NN VBN RB RB . DT VBD DT NN NN , RB EX VBD DT NN IN NN RB IN NN TO VB DT NN IN PRP . CC PRP VBP PRP$ NNS CC PRP VBG TO VB DT NN IN DT JJ JJ NN . IN DT NN PRP VBD RB , EX VBD RB DT NN IN NNS IN DT NN CC DT NN . CC PRP RB RB VBD PRP IN DT NN , IN PRP VBD IN IN DT NN NN IN PRP MD VB VBN PRP$ NN . CC PRP VBP DT NNP HYPH CD NN VBZ IN DT RB JJ NN . EX VBP JJ NN NNS WDT DT VBP CD NN , PRP VBP , WDT VBZ TO VB NNS TO VB VBG NNS IN DT NN NN IN DT NN , DT NN NN , WDT VBZ VBN IN CD NNS . DT NN VBZ PRP$ NN TO VB IN DT NN NN IN DT NN CC VB DT NN . PRP MD VB , IN PRP MD VB DT RP IN DT NN , DT MD VB DT NN IN VBG IN DT NN NN . PRP VBP DT NN VBZ VBN , IN EX VBP JJ JJ JJ NN NNS WRB NNS WDT VBP JJ NNS IN DT NN VBP VBN VBN TO VB VBG . NNP NNP : UH , EX VBP JJ NNS IN DT NN CC NN IN DT JJ NN . RB PRP VBP TO VB JJ NNS IN RB JJ NN TO VB CC VB DT IN DT NN NNS IN DT NN VBZ DT NN TO VB IN DT NN . DT NN VBZ IN IN PRP VBP NN CC PRP VBP TO VB NNS , PRP MD VB DT NN , RB JJR IN DT NN , TO RB VB JJ NN . NN : IN DT JJ NN IN NN , DT NN VBZ RBR JJ . WRB MD PRP VB PRP RP . NNP NNP : PRP VBP NN IN NNS . VB PDT DT NN WDT VBP IN PRP$ JJ NNS WDT VBP RB JJ . IN PRP VBD TO VB JJ NN NNS IN DT JJ CD IN DT , PRP$ JJ NN MD VB RB VBN . DT NN IN NNS VBP RB JJ IN PRP CC IN PRP VBP VBN IN DT NN NN , JJS IN PRP VBP RB VBN CC VBN , CC IN JJ NN . IN PRP VBP DT JJ JJ NN IN NN WDT PRP MD VB JJ IN , PRP MD VB JJ NNS CC NNS . RB PRP VBZ JJ WRB PRP VBP DT NN WDT DT NN VBZ VBN IN DT JJ NN . PRP VBZ , `` RB VBZ DT JJ NN , PRP RB VBP TO VB NN IN PRP , CC DT VBZ DT NN IN JJ NN WDT PRP MD VB IN PRP . '' DT NN VBZ RB VBN IN WP PRP VBP NNS , NNS IN DT NN . NNS MD VB RB JJ JJ NNS , VBG NNS , NNS , JJ NNS , CC RB JJ NN , JJ IN NN NN . PRP DT VBP IN JJ IN PRP VBP NNS IN JJ NNS WDT VBP RB VBN IN JJ NNS CC NN NN . RB PRP MD RB VB , `` VB RP , PRP VBZ JJ , '' CC PRP MD VB IN NN IN DT NN IN PRP$ NNS , `` PRP VBZ JJ . '' CC DT NN PRP MD VB MD VB JJ . DT JJ MD VB VBN IN DT NN IN NNS . DT NN NN PRP VBP MD RB VB , IN NNS IN NN CC IN NNS IN NN . JJ NNS RB VBP JJ NN NNS IN PRP$ JJ NN . WRB PRP VBP PRP$ NN NNS , PRP VBP TO VB PRP IN DT JJ NN NN . NN : RB NNS VBP RB VBN IN NNS . VBZ DT RB VB DT NN IN NNS IN DT JJ NN . NNP NNP : EX VBP DT JJ JJ NN NNS IN DT NN , VBG DT NN NN CC DT NN IN NNP NNP IN NNP NNP VBG JJ NNS , RB RB IN NNS . CC IN JJS NNS , PRP RB VBP TO VB NNS . DT JJ NN IN DT NN NN , IN NN , VBZ IN DT JJ HYPH NN NN . DT VBZ PRP RB VBP DT NN , CC DT NN , RB , IN DT CD HYPH NN NN . DT JJ NN RB , PRP VBP DT NN NN . CC IN JJ NNS , CC DT VBZ JJ IN JJ JJ JJ NNS RB , DT NN VBZ RB JJ RB IN RB HYPH VBG NN TO VB . PRP VBP TO VB JJ NNS , CC RB DT NN NN VBZ PRP DT RB JJ NN NN WDT VBZ RB RBR RBR VBG CC IN RB JJR NN . CC RB PRP VBZ RB RB DT CD NNS CC RB IN PRP RB VBP NN . RB , WRB DT NN VBZ JJ , IN PRP VBP TO VB IN DT JJ HYPH VB NN IN PRP VBP NN , PRP VBP TO RB VB DT NN CC DT NN CC RB , IN NN IN DT NN IN DT NN IN DT NN . RB DT VBZ WP PRP MD VB RB IN RB RB . NN : CC PRP VBP VBN DT JJ NNS CC NNS WDT MD VB DT NN NNS VBP VBN . NNP NNP : UH . PRP VBD PRP CD NNS RB , CC PRP VBD DT NN RB CD NNS RB , IN EX VBZ DT NN IN NNS VBN NNS WDT VBP DT JJ NN HYPH JJ NNS WDT VBD RB JJ . DT VBZ WP PRP VBP PRP MD VB VBG IN . UH : UH , VB PRP IN PRP . WP VBP DT NNS , CC WRB VBD PRP VB RP PRP VBD JJ RB . NNP NNP : RB DT VBP JJ NNS , RB JJ NNS , RB , CC RB VBN IN DT NN . DT JJ NN VBD VBN IN DT NNP IN CD TO VB NN NN . EX VBZ DT JJ NN IN JJ NNS WDT DT VBP DT JJ NN NN IN CD NN NNS . DT VBP RB RB JJ NNS , IN PRP VBP NNS , WDT VBZ PRP VBP JJ CC PRP VBP RB JJ . CD IN DT JJ NNS VBZ NN , IN DT NNS WDT VBP CC VBP NN VBP RB VBN IN DT NN . CC NNS VBP RB VBN RB IN NN NN . PRP MD VB DT NN VBN NNP IN DT NN : RB DT JJ NN NN . IN NN NNS , IN NNS , PRP VBP RB IN DT NN . CC PRP VBP RP DT NNS , WDT VBZ PRP VB DT NN IN DT NNS IN JJ NN NNS . PRP VBZ RB JJ . PRP VBD VBG DT IN PRP$ NN , CC WP PRP VBD VBZ IN EX VBZ DT RB JJ NN IN NNS WDT VBP IN DT NN NNS CC VBP DT JJ NN . DT JJ NNS VBP NNS CC VBP PRP IN DT NN HYPH NNS IN PRP MD VB NNS . PRP VBD DT IN CD . CC PRP VBD IN IN PRP VBP DT NNS IN NN NNS , RB PRP MD VB DT JJ NN IN DT NN NN NN . CC PRP VBD RB JJ TO VB IN DT NN VBD . DT NN NN IN DT NN VBD DT NN NN WDT VBD IN IN CD SYM NN RBR VBN IN DT NN NN . RB DT VBD JJ . PRP VBD IN RB PRP$ NNS VBD JJ CC PRP$ NN VBD RB JJ , CC IN RB DT NNS VBP DT JJ NN IN WP PRP VBD VBN CC WP PRP VBD VBN . DT VBD PRP DT JJ NN . PRP VBD RP IN NNS RB VBD NN TO VB IN PRP . WRB PRP VBD NNP IN JJ HYPH NN , WDT VBZ RB VB DT NN IN NNS , PRP RB VBD DT JJ JJ NN IN NN NNS . RB , PRP VBD , UH , IN DT VBZ IN NNP , RB PRP VBZ JJ IN PDT DT NNS . CC RB PRP VBD JJ . CC RB , DT VBZ WP PRP VBD . DT IN DT NNS PRP VBD VBD DT JJ NN HYPH JJ NN , WRB DT NN NN VBD RB JJR , CC PRP VBD RB RB JJR . PRP VBD VBG NN NN IN RB CD NNS , IN JJS IN DT JJ NN NN WDT PRP VBD VBG : RB JJ , IN DT JJ NN . RB RB PRP VBD TO VB RP WRB DT VBD . PRP VBD DT JJ NN IN NNS WDT VBP VBN IN DT NN PRP VBD IN CD , WDT VBZ IN RB NNS VBP DT JJ CC RB JJ NN IN NN . NN : IN WDT NN . NNP NNP : PRP VBP RB VB IN DT IN DT JJ NNS , CC PRP VBP TO VB DT JJ NN IN NN NNS . IN DT NN , PRP VBP IN PRP VBP RB JJ . IN IN PRP VBP DT VBG NN WDT RB VBZ DT NN WDT MD VB JJ , CC RB JJ , IN PRP VBP PRP IN DT NN , PRP MD VB TO VB JJ NN . IN NN , PRP VBD NN IN NN IN RB JJ NNS , CC PRP VBD , RB , IN EX VBD DT NN IN DT NN NN NN IN DT NNS . WP PRP VBP RB VBG TO VB IN NN NNS VBZ , MD PRP RB VB NN TO VB WDT NN HYPH CD NNS MD VB RB , RB IN DT NN CC RB . NN : IN JJ NNS , WRB VBP PRP VB PRP RB VBG DT NNS IN NN . NNP NNP : DT NN MD VB IN IN VBG DT NN IN DT NN , PRP MD VB JJR NN IN NN . DT VBZ IN IN EX VBZ DT JJ NN WDT MD VB VBN IN NN NN , PRP MD VB JJ TO VB JJR NNS . DT JJ NN VBZ , IN VBG DT NN , RB DT NN VBZ JJ CC PRP VBP RB VB DT NN . RB PRP MD VB RB JJR NN IN JJR NN . UH : DT VBZ IN PRP VBZ VBG TO VB RB JJ IN PRP VBP NNS TO VB JJ TO VB IN JJ NN , CC NN IN PRP . NNP NNP : UH , RB , UH . PRP VBP JJ . EX VBZ PDT DT NN IN NN IN NN IN NNS . RB RB IN PRP VBP JJ , PRP VBP RB VBN NN WRB NNS VBP VBN RB IN JJ NNS , IN RB IN PRP$ JJ NN IN CD , CC PRP VBP PRP VBZ RB JJ . CC RB RB , PRP MD VB TO VB NN VBN JJ IN DT NN IN DT NN . UH : WP VBZ TO VB RB IN DT . VBZ DT NN TO VB PRP IN JJ NNS . WP RB VBZ TO VB VBN IN DT NN . NNP NNP : PRP VBP TO VB NNS CC JJ NNS TO VB TO VB PRP VB DT , PRP VBP PRP RB VBP TO VB DT RBR JJ NNS IN NN HYPH CD NNS CC IN NN HYPH CD NN . PRP VBP DT NN IN NNS IN PRP$ NN WP VBD JJ NN IN DT NN TO RB VB IN DT NN CC VB DT NNS . NN JJ VBZ VBN TO VB IN NN . PRP VBP VBN TO VB IN DT JJ NNS . DT JJ NN VBZ TO VB IN PRP MD VB IN DT NN IN NN IN JJ NN IN NN VBZ JJ IN NNS . IN RB , WP VBZ DT JJ NN NN . DT VBZ RB JJ . RB , NNS VBP VBN RB IN NNS . DT VBZ RB WP PRP VBP VBG IN . PRP VBP TO VB PDT DT NNS IN NNS RB . CC RB PRP VBP RB VBN JJ JJ NNS . PRP VBP JJ IN PRP$ NN CC PRP VBP JJ IN WRB PRP VBP VBN . PRP MD VB TO VB PRP TO VB IN PRP VBZ RP IN VBG RB JJ . DT VBZ DT JJ NN . RB RB CC IN NN , PRP MD VB DT NN . IN PRP VBP NN NNS IN NNS WDT VBP RB JJ TO VB DT JJ NN , VBZ DT NN IN DT NN VB PRP DT JJ NN WDT VBZ JJ IN , CC RB JJR IN DT NN IN DT NN RB IN DT JJR NN . CC RB WP VBZ DT NN CC NN IN DT JJ NN , WP VBZ DT NN IN DT JJ NN . IN JJ NNS , MD PRP VB IN NNS WP PRP VBP VBN IN NNS . PRP MD VB TO VB IN NNS IN DT NN HYPH CD NN . NN : PRP VBD IN NNS VBP VBN RB IN DT JJ NN . VBZ DT VB DT NN , VBN DT NN IN DT NNS . NNP NNP : DT VBZ CD IN DT NNS IN DT . PRP VBP RB JJ CC PRP VBP JJ , IN PRP VBP JJ . CC PRP VBP RB VBN IN JJ NN . DT VBZ RB RB JJ , IN EX VBZ DT NN WDT VBZ VBN RB IN DT NN RB . EX VBP RB NNS , WRB DT NN VBZ DT NN IN NNS CC DT NN . RB DT VBZ IN PRP VBP DT NN NN , PRP VBZ WP PRP VBZ . PRP MD RB RB VB , UH , IN IN NN , PRP VBP VBG TO VB DT JJ NN IN PRP : IN EX VBZ DT NN WDT VBZ RB VBN IN NN JJ CC , IN DT NN NN , PRP MD VB PRP RP HYPH NN . NN : VBP EX JJ NNS WDT PRP$ NN NN VBZ TO VB TO VB DT VB . NNP NNP : IN PRP$ JJ NN , PRP VBP RB JJ NNS , PRP VBP RB JJ CC JJ TO VB DT JJ NN . CC IN PRP VBP DT RB IN JJ NNS , PRP MD VB RB JJ . RB RB , IN JJ , TO VB DT IN NNS IN DT NN MD VB NN WDT NNS VBP RB JJR IN PRP VBP . VBG JJ TO VB CC VB IN DT IN DT JJ NNS IN PRP$ NN VBZ VBG TO VB RB JJ TO RB RB VB DT IN IN DT NN CC IN DT NN . DT VBZ WP PRP DT VBP IN IN NNS , JJ . IN DT NN , PRP VBP DT NN . CC DT MD VB , RB , DT JJ NN TO VB IN DT . EX VBZ RB JJ IN NN . CC EX VBP RB JJ NNS WDT VBP VBG TO VB DT JJ NN . PRP VBP IN DT NN IN NN , PRP VBP DT NN TO VB WP PRP MD TO VB IN DT IN DT NN JJ ."
865,394,mainstream,"DT NN WDT RB VBD NNS WDT DT NN TO VB NNS , NNS CC NN MD VB NN IN NNS VBZ VBN DT JJ NN IN PRP$ NN . DT NNP NNP NNP VBZ VBN IN DT NN VBD RB RB JJ NN , IN VBZ VBN VBN IN NNS , CC DT JJ NN . DT NN , VBN IN NNP NNP NNP , VBD VBN IN DT NNP IN CD . PRP VBD VBN IN RB CD NNS IN RB JJ NNS CC VBD TO VB DT NN IN DT NN , DT JJ NNS VBN IN JJ JJ NNS , CC NN . IN NNS IN DT NN VBD RB VBN , JJ NNS VBD DT NNS , VBG , RB , CD IN NNP NNP POS NNS . DT JJ HYPH NN JJ JJ NN , IN DT JJ NN HYPH IN HYPH NN NN , VBD NNP NNP JJ IN NN CC NN . DT NNP VBD DT NN IN NN , PRP VBD , IN DT NNS VBD VBN JJ NNS IN WRB DT NN VBD VBN . RB DT NNP NNP NNP VBZ VBN DT JJ NN IN VBG DT JJ NN IN NNP NNP , DT JJ JJ NN WP RB VBD DT NN POS NNS IN NN , CC VBZ VBN PRP$ JJ NN IN DT NN IN VBG PRP$ NNS ."
866,891,conspiracy,"NN NN CC JJ NNP NNP IN NNP NNP NNP NNP VBZ , `` PRP VBP VBN VBG JJ NNS IN NNS , CC IN PRP VBP IN PDT DT NNS PRP VBD TO VB JJ NN NN CC JJ NN , PRP VBP NN IN VBN IN IN NNS . . . . NN VBZ RB VBG RP . PRP$ NN : VBZ RB VBG RP DT JJ NNS CC DT JJ NN NN IN JJ NN DT NN PRP VBP VBN , VBZ IN VBG PRP IN VBG RP DT JJ NN . VBP PRP IN NNP NNP NN IN NN NNS . PRP VBP VBN VBG PRP$ NNS TO VB , NN CC NN IN DT NN IN NN VBZ VBG TO VB IN DT NN . DT CD IN PRP$ NNS : WP VBZ VBG IN NN . VBZ DT NN VB RP CC DT NN VB RP , VBZ DT JJR IN PRP MD VB . '' NNP RB VBZ DT JJ NN VBG RP RB VBZ IN DT NNP NN CC NNS WP VBP TO VB VBG PRP IN NN . IN DT NN VBZ VBN RBR , PRP MD VB JJ JJR CC RB RB JJR . NNP VBZ , `` PRP VBP VBN TO VB PDT DT NN NNS IN DT NN VBG IN DT NN . IN NN , DT VBZ VB NN RB IN PRP$ NN . DT NN VBZ RB VB TO VB DT RB . PRP VBP TO VB JJ TO VB . PRP VBP VBG JJR CC JJR JJ NNS IN DT NN VBG NN NNS CC JJ NNS IN JJ NN IN JJ NN TO VB TO VB WP VBZ VBN NN . RB , PRP VBP DT NN VBG TO VB IN PRP$ NN , CC PRP VBP DT JJ JJ NN VBG TO VB DT NN NN . DT VBZ NN IN DT JJ NN WDT VBZ VBG RP . '' NNP VBZ , `` WP VBZ IN DT JJ NN , PRP VBZ DT NNS IN DT NN WDT VBD DT NN IN NNP VBZ RB . RB , WRB VBP PRP RB VB DT NN IN DT JJ NN WDT VBZ NN IN VBG JJ . WRB VBP PRP VB DT NN RB IN DT JJ JJ NN IN DT JJ JJ NN . . . . . WP PRP VBD VBD PRP VBD DT NNP NN , CC RB PRP VBZ RB , CC NN IN NNP VBD UH , PRP MD VB RB . UH , DT VBZ DT NN . PRP VBP VBN IN DT NN CC RB PRP VBZ RB . '' WRB DT JJ JJ NN NN IN NNP . NNP VBZ , `` PRP VBP IN DT NN IN NN VBZ RB VBG VBN . PRP VBP DT NNS IN NN . . . WDT VBZ JJ . . . . PRP VBP NNS IN NN VBP IN NN VBZ IN DT JJ NNS , RB NN VBZ IN PRP . . . . NN IN WP VBZ VBG VBZ PRP VBP VBG IN DT JJ NN , CC EX VBP JJ JJ CC JJ NNS IN NN . EX VBZ NN PRP MD VB JJR IN TO VB DT NNS CC VB NNS IN VBG RB CC VBG CC VBG IN DT JJ CC JJ NN DT NNP . PRP VBP IN DT NNP . PRP VBP VBG DT NNS IN VBG VBZ DT RB , RB JJ NN . '' NNP RB RB VBZ NN VBZ DT JJ NN WDT MD `` VB JJS JJ NNS IN CD . '' VB NNP NNP IN NNP IN PRP VBZ CD HYPH IN HYPH CD IN NNP EX VBZ JJ NN IN NNP . PRP MD VB NN RBR VBG NN NN IN NNP CC `` DT NNP NN '' IN VBG DT NN ."
867,1241,conspiracy,"NNS IN PRP VBD VBN IN DT VBN JJ NN NN IN NNP NNP VBD $ CD CD NN IN DT VBN NNP NN NN IN NNP , RB DT JJ NN VBZ VBN DT NN IN NNP NNP IN DT JJ NN . NNP NNP , DT NN IN NNP IN NNP VBD NNP NNP IN DT `` NN NN '' CC VBD DT JJ NNP TO VB PRP RP IN DT NNP NNP NNP IN NNS IN NN . PRP RB VBD NNP NNP POS NN IN NNP CC NNP , IN IN DT NNS TO VB DT JJ NN IN DT JJ NN NN NN . IN VBN IN NNP RBR , IN CD PRP VBD DT NNPS WP VBD JJ JJ JJ NNS IN NNP . DT NN , WDT VBD VBN IN NNP , CD , VBD WRB JJ NNS VBD VBG JJ NNS IN DT NNP VBN NN VBN TO VB NN , VBN IN NNS CC NNS , VBG IN PRP VBD JJ DT NN IN NN TO VB JJ TO VB DT NN IN NN IN JJ NNS . IN DT JJ CD HYPH NN NN VBN IN JJ NN , NNP NNP , DT NN IN NNP IN NNP VBD IN NNP VBD VBN VBN IN DT `` JJ NN IN JJ NN . '' PRP RB VBD DT JJ NN VBN IN PRP$ JJ NNPS IN DT NN IN DT JJ NN . PRP VBD JJ JJ NNS TO VB IN DT NNS TO VB NNS TO VB PRP IN JJ NN HYPH CD NN IN DT NNS IN DT JJ NN : WP PRP VBD IN DT NNP NNP . RB VBZ DT NN IN DT JJ NN VBN IN DT JJ NNP IN NNP NNP , DT NN IN NNP IN NNP . NNP NNP DT NN IN NNP IN NNP NN VBD IN DT JJ NN NNP CD NNP VBD IN JJ NN VBZ RB VB IN DT NN IN RB CC IN DT NN IN NNS WP VBP RBR VBN VBG IN PRP$ JJ NN CC VBG PRP IN DT JJ NN . IN DT , PRP VBP VBG IN VBG DT NNS IN VBN NNP NN IN NNP -LRB- DT NN IN NN VBN IN NNP NN -RRB- CC NNP , IN NNS IN `` NN '' , `` TO VB '' CC `` TO VB '' , IN DT NN IN VBG PRP TO VB PRP$ JJ NNS CC NNS CC VB PRP$ NNS . RB , IN DT NN , NNP CD VBZ NN JJ IN DT NN , NN IN NN CD : PRP RB VBD DT NN , IN PRP VBD IN DT NNP NNP NNP -LRB- NNP -RRB- . PRP VBP VBN NNS , IN JJ , VBP RB VB IN DT NN RB . RB NNS MD VB VBN TO VB CC VB , NN IN PRP CC PRP$ NNS , IN NN CC NN . CC , IN IN DT `` JJS '' NNS , DT NN MD VB VBN RB IN NNS . PRP VBP RP PRP$ NN CC VBP IN PRP VBD IN PRP . VB FW NN -LRB- NN CC NN -RRB- . PRP VBZ PRP$ NNS WP MD VB JJR , WP VBP `` VBN NNS '' , IN DT NN IN DT RB HYPH VBN `` NN IN PRP$ NNS '' CC IN NN -LRB- JJ NN IN NNS IN NN NN -RRB- . IN DT NN , DT NN IN NN MD VB VBN RB IN DT NN TO VB PRP VBN IN NN , TO VB PRP VBN IN NN : JJ NN CC IN JJ NN . PDT DT IN NN IN DT NN HYPH NN CC DT NN . DT TO VB DT NNS IN DT JJ NN WP$ NN NN VBZ DT NN IN NN , NN RB VBN IN DT NNP , WP$ JJ NN VBZ DT RB HYPH VBN `` NN CC NN IN DT NN '' NNP NNP . PRP DT VBP PRP , RB . NNP NNP , RB IN CD , VBD DT NN , VBN IN NNP CD IN DT `` NNP CD '' , RB IN NNP -LRB- NNP -RRB- . IN NNS , NNP VBZ VBN VBG IN NN NN CC JJ NN NNS IN JJ NNS , VBG TO VB DT NN IN NN , NN CC NN . NNPS VBD , PRP VBP RB IN PRP$ NN : `` IN PRP VBP DT JJ NN IN NNS , NN CC NN , PRP MD VB DT NN NN IN CD SYM CD NN . RB DT NN MD VB DT NN '' . IN PRP$ NNS , NNPS VBD TO VB NNS IN NNS IN NNP . NNPS VBD DT NN NN WDT VBD CD NNS IN NNP CC RB NN IN NNP , NNP VBZ JJR NNS IN DT NN PRP . CC PRP VBZ DT JJ IN NNS VBN IN NNP CC `` RB VBN '' IN JJ NNS . PDT DT IN PRP VBZ RB VBG IN VBG DT NN NN IN NN NN CC NN NNS IN NNS IN VBG PRP$ JJ NN . IN NN , NNPS RB VBZ NN IN JJ NNS WDT VBP NN NNS IN DT NNP . IN DT NN EX VBZ DT JJ JJ NN IN JJ NN : NNP , RB IN NNP VBP NNS IN DT NNP NNP , NNP , CC IN DT RB HYPH VBN NN WDT PRP VBP CD NNP DT CD NNS IN DT NNS IN NNP -LRB- JJ NN NN . PRP VBZ RB VBG IN NNP -RRB- . NNP CC NNP VBP NNS IN JJ NNS TO VB JJ NNS , VBG NN IN PRP$ NN IN NN CC PRP$ NN . NNP NNS , IN DT JJ NNP WDT VBZ NN IN DT JJ NNP , CC NNP NNPS , IN NNP , WDT VBP RB IN NN CC VBP PRP$ JJ NN NNS IN NN IN DT JJ NNP NN IN JJ NN , WDT VBZ TO VB JJ NN TO VB DT JJ NN IN JJ NN . DT VBZ DT NN IN DT NN IN NNS VBN IN NNP IN NNP . NNP , IN CD , VBD DT CC CD NN IN NNP NNP NNP . IN DT NNP NNP NN EX VBP DT NNS IN NNP , IN DT NNP NNP , WP IN PRP$ CD HYPH NNS NNS , VBD CD NNS , NN , IN DT JJ NN , VBZ PRP$ NNS IN DT NNP NN IN PRP VBZ , VBG RB IN DT NN . DT NN VBZ JJ . RB RB . IN DT NN EX VBZ RB NNP , IN NNP CC JJ JJR . DT JJ NN IN DT NNP NNP IN NNP MD VB IN CD CD NNS , IN WDT CD CD NNS MD VB VBN IN NNP NNP , DT NN IN NNP NNP . PRP VBP RB DT NN IN DT CD CD NNP NN IN DT NNP TO VB DT NN IN NN : NNS WDT MD VB VBN IN PRP VBD RB . DT NN , NN IN NN , WDT VBZ DT JJ NN IN VBG RB JJ . DT NN IN NN , DT JJ NN , WDT VBZ PRP$ NNS , PRP$ NN CC PRP$ NN IN DT NN . DT JJ NN IN DT IN DT VBZ JJ NN . JJ NN IN JJ NNS , VBN IN NN NNS CC NNS , VBG NN CC JJ NN . PDT DT NN IN NNS , NN VBN IN JJ NNS . IN PRP VBP RP DT NNP NNP IN JJ NN , NNS CC NN , JJ NN CC NN , VBN IN JJ NN : VBN IN PRP$ `` NNP HYPH NNP '' IN DT NNP WP VBZ JJ JJ NN IN DT NN . PRP , IN DT NNS , MD VB DT NNS IN NN IN DT NN WDT PRP MD RB VB JJ TO VB DT IN PRP . PRP VBP PRP , NNP , TO VB DT NN CC VB DT NN IN PRP$ NNP NNP : JJ NNP NNP NNP , JJ NN PRP VBP DT NN NN IN DT NN NNP NNP VB PRP RB IN DT NNP NNP NNP IN NNS IN NN . IN PRP MD RB VB DT , VB PRP WRB PRP MD VB PRP , DT `` NN NN '' WP VBZ NNS IN DT NN . RB VBN : PRP VBZ NN TO VB DT NN IN DT NNP CC NNP NNP NNP IN JJ `` NNS IN NN ''"
868,42,mainstream,"NNP VBD NNP VBZ `` RB JJ , IN VBP PRP , '' CC IN NNP '' VBZ DT NNS IN DT JJ NN NNS . '' IN NNS , NNP VBZ VBN DT JJ NN IN NNS CC NN , CC IN PRP PRP VBZ DT NN CC RB , PRP RB VBZ VBN NNS IN DT NN IN PRP$ NN IN DT NNP NNP . DT NN IN NNP VBZ PRP MD VB TO VB RB . RB IN PRP VBD NNS , NNP VBD PRP VBD NNS VBP NN . IN DT NN IN DT NNP IN CD , PRP VBD : `` WRB PRP VBD VBG RP , NN VBD RB RB DT NN . CC RB DT IN DT RB , PRP VBZ DT NN . NN VBZ PRP$ NN . PRP$ NN , CC PRP VBP PRP IN PRP VBP JJ NNS , PRP$ NN VBZ DT NNS . PRP VBP VBG DT JJ NNS IN CD NN , CC PRP RB VBP PRP VBZ NN IN DT NNS . '' IN CD , NNP VBD : `` JJ JJ NN VBZ IN NN , VBZ VBN IN JJ NN IN JJ NNS , VBZ RB VB JJ CC NNS , NNP . JJ JJ NNS . '' IN DT JJ JJ NN , PRP VBD DT JJ NN : `` PRP VBP DT JJ JJ NN , CC PRP VBP : PRP VBP , PRP VBZ RB IN PRP VBZ VBN IN DT NN , RB IN DT NN , CC PRP VBP VBN RB JJ NNS , NNS WDT VBP IN PRP , '' PRP VBD . `` RB DT JJ NN , CD NNS JJ , CD HYPH CC , DT HYPH NN NNS JJ , DT NN , DT JJ NN VBD TO VB DT NN , CC VBD RB , CC DT NN RBR VBD DT JJ NN , VBD RB , RB JJ , RB VBZ JJ . '' '' EX VBZ RB DT NN WDT VBZ NNS IN NN . DT JJ NN WDT RB VBD DT NN VBD RBR VBN TO VB JJ , CC VBD VBN . CC RB DT NN VBZ , CC VBZ RB VBN VBN IN DT NN HYPH NN IN DT NNP NNPS . IN PRP VBZ VBN DT NN NN HYPH NN , NNP VBZ NN VBN JJ IN VBG NNS MD RB VB VBN . IN DT JJ JJ NN , PRP VBD , `` PRP VBP RB IN NN IN NNS . CC PRP VBP JJR NNS IN DT JJR NN IN NN : PRP VBD PRP$ NNS VBN NN IN IN DT JJ NN IN NN , IN DT CD CC CD NN NN IN NN . '' IN DT CD NN , PRP VBD , `` IN PRP VBD NNP PRP MD VB IN JJ NNS CC MD RB VB CD NN JJ NNS WDT DT JJ NN MD VB , NN . '' IN `` CD HYPH NN JJ NNS , '' PRP RB VBZ NNS WRB NNS VBP NNS IN JJ NNS IN CD NN . NNP VBZ VBN NNP POS NN `` JJ HYPH NN '' IN VBN IN `` NN . '' RB , NNS , VBG NNP NNP , DT NN IN DT VBN NN NN , VBP RB VBN PRP TO VB IN PRP$ NN . `` PRP VBP RB JJ IN DT , IN NNP NNP VBZ RB JJ IN DT JJ NN , '' NNP VBD IN DT NN IN NNP IN DT NN . NNP VBZ TO VB RB . `` PRP VBP NNP NNP MD VB DT NN IN NN WDT PRP VBZ TO VB . PRP VBZ RB VBN IN NN RBR VBN IN NN CC NNS IN NN WP VBZ VBN IN JJ NN . '' RB NNS CC NN NNS VBP DT NN IN NNP POS VBN `` NN '' NN . CC IN PDT DT NN NNS VBP , PRP VBZ JJ TO VB IN PRP VBZ RB DT NN NN . CD HYPH CD NN IN NNPS , WRB VBN IN DT CD NNP NN , VBD IN DT NN CC VBD PRP VBD NNS VBP JJ IN JJ NNS ."
869,778,mainstream,"DT NN IN NN VBZ CD IN DT JJ NNS IN JJ NN . -LRB- EX VBZ RB RB DT VBN NN IN DT NN , CC DT JJ RB JJ NN IN DT NN VBD IN CD . -RRB- DT NN VBZ PRP$ NN IN DT NN IN DT RB JJ CD NN VBG JJ NN , WRB CD CD NNP NNPS VBD VBN IN CD NNS . DT NN VBZ DT NN IN NN CC NNS TO VB PRP . DT NN VBZ IN DT NN IN NN , IN DT JJ NN , CC NNP NNP POS JJ NN TO VB PRP$ NNS IN DT NNP NNP , IN NNS IN DT NNP VBD RB VBG NN NNS . IN NNP CD"
870,335,conspiracy,"RB VBN , JJ NNS MD VB NNS , CC NNS VBP TO VB DT RB JJ NNS RB CC RB RB , VBG RP IN JJ NNS IN PRP$ RB HYPH VBN NN . VB RB VB DT NN . VB IN DT JJ NNS IN NNS IN VBG DT NN RB , VBG DT IN PRP$ JJ NN CC RB VBG RB IN DT NN IN DT JJ NN , RB TO VB JJ NNS . WP VBP DT JJS NNS IN JJ NNS . NN VBZ VBN IN DT JJ RBS JJ NN VBZ VBG RB JJ NN IN DT NN NN IN VBG JJ NN IN JJ NNS . JJ NNS IN JJ HYPH NNS VBP RB VBG NN TO VB DT JJ NNS IN NNS , VBG IN IN DT VBG NN RB RB , NN IN NN CC NNS . RB VBZ DT JJ NN WDT VBZ WP DT NN VBZ , WRB RB JJ NNS VBP DT NN , PRP CC WRB TO VB VBG RB . VBG RB JJ NN DT NN VBZ JJ IN JJ JJ NNS , IN NN NN , NN NN , JJ NN , FW . IN DT NN IN DT NNS NNS , PRP VBZ RB JJ IN NNS TO VB RB JJ NN IN JJ NNS . TO VB DT NN CC VB IN JJ NN , VB VBG DT CD NN NN . DT VBZ PRP RB VBP JJR IN CD NN IN PRP$ NN NN IN DT CD NN . RB , IN PRP$ NN NN NN VBZ $ CD , PRP$ CD HYPH NN NN IN DT VBN NN MD VB $ CD . DT NN VBZ DT JJ NN TO VB PRP$ NNS CC VB TO VB JJ NN DT NN . JJ NN VBZ DT JJ NN WDT MD RB VB VBN IN VBN NNS . IN DT NN , NNS VBP TO VB VBN IN JJ NN WRB PRP RB VBP IN PRP VBZ DT NN TO VB IN NNS WP$ NNS VBP VBG . RB IN PRP$ RB NN HYPH JJ CC VBZ JJ '' IN JJ VBP TO VB PRP . RB VB TO VB JJ CC VB IN DT JJ NNS CC VB RB IN VBG IN DT JJ NNS . VBG RP RB RB JJ NNS VBP JJ , RB WRB PRP VBZ IN NNS WDT VBP PRP$ JJ NNS . VB PRP VBP CD NNS IN NNP NN IN $ CD IN NN CC DT RB JJ NN , DT NN VBZ IN $ CD . JJ NNS VBP DT NN TO VB IN IN DT NN IN NN TO VB PRP$ NNS , IN DT NN VBZ . CC , IN PRP VBP VBN PRP$ NN CC VB IN NNS VBP DT NN , PRP MD RB VB IN EX VBP JJ NNS WDT DT NN VBD DT JJ NN . RB VBG DT NNS IN NNS NN NNS VBP NNS TO VB JJ NNS IN NNS . EX VBP NNS IN NNS TO VB DT NN TO VB DT NN . DT NNS VBP IN WDT DT JJ NN VBZ , NNS VBP RB VBN IN DT JJ NN HYPH NN VBZ VBN VBN , CC IN DT JJ NN VBZ VBN . VB DT NN NNS RB IN VBG IN DT NN . DT VBZ WRB DT NN VBZ RP RB JJ . PRP MD VB DT NN HYPH NN IN JJ JJ NN NNS ."
871,410,mainstream,"WP VBP DT JJ NNS IN NNS . NNS IN NN HYPH CD IN NNS CC JJ NNS VBP RBR JJ TO VB JJ . JJ NNS IN NN NN IN NNS VBP JJ IN DT IN NNS . VBG IN DT NNP , JJ NNS IN NNS IN DT NN NN VBP IN DT VBG NNS : NN CC NN VBP TO VB DT JJ NNS IN NN HYPH CD WDT NNS VBP IN NNS . NNS MD RB VB JJ NNS , JJ IN : NNS IN NN HYPH CD VBP JJ TO VB IN CD SYM CD NNS IN DT JJ NNS . NNS CC NNS IN NNS WP VBP VBG NNS IN DT NN NN MD VB PRP$ NN NN NN CC VB DT NN IN NN . DT NN MD RB VB RB IN JJ NNS , RB DT IN JJR NN IN VBG JJ NN IN NN . NNS WP VBP VBG JJ NN HYPH CD MD RB VB JJ TO VB IN NN IN NN NN . RB , RB CD IN CD NNS IN DT NN NN MD VB RB JJ CC VB NN NNS . NN VBG DT VBG NNS MD VB JJ NN RB : NFP JJ NN , CC NN , IN DT NN DT NN IN DT IN DT NNS , CC JJ NNS WDT VBP JJ CC VBG NN , MD VB CD RB . NNS MD RB VB DT NN NN IN PRP VBP PRP VBP VBN NN . IN JJ , PRP MD VB IN DT NN NN NN CC VBG IN NN VBZ . WP TO VB IN JJ NNS IN DT NN VBZ IN PRP CC DT NN VBZ NNS IN NN HYPH CD , RB JJ , PRP MD : NFP NN HYPH VB IN NN , VBG JJ IN NNS IN DT NN , VB RP HYPH DT HYPH NN -LRB- NN -RRB- JJ CC NN NN TO VB NNS SYM VB NNS CC VB DT NN IN JJ NFP VB DT NN NN WRB IN JJ NNS , VB PRP$ NN IN DT NN WRB VBG CC VBG , RB VB NNS IN NN CC NN IN IN JJS CD NNS NFP VB JJ NNS , NNS , NNS , NN NNS , NNS , CC NN IN VBG DT NN IN NNS , JJ CC VB NNS , JJ IN NNS , NNS , JJ NNS , NNS , NNS , NN NNS , CC NNS RB DT NN MD VB WRB TO VB PRP$ NNS RB RB . NNS WP VBP NNS IN NN NN MD VB TO NN HYPH VB CC VB DT NNS IN CD NNS , RB IN PRP VBP TO VB JJ . WRB TO VB IN NN IN JJ NNS IN DT NN VBZ VBG IN NN IN JJ NNS IN NN NN , PRP MD VB PRP VBP NNS TO VB PRP CC DT NN NN . NFP VBG DT NN NN VB DT NNS IN DT NN NFP VBG IN NNS , NNS , CC JJ NNS NFP VBG DT NN NN IN NN NNS WRB JJ NFP VBG PRP$ NNS CC VBG IN NNS IN PRP MD VB JJR JJ NN NFP VBG PRP$ JJ NN IN NN NNS NFP VBG DT JJ NN CC NN IN DT NN NN NFP VBG JJ NN NN TO VB NNS IN VBG DT NN DT NN VBG NN MD VB JJ PRP VBP NN , RB JJ IN JJ , IN DT NN PRP VBP VBG IN . DT NN MD VB DT NN NN WRB IN DT JJ NN , CC NNS IN PRP VBP IN NN IN PRP$ NN , NN , CC NN NNS . IN DT NN NN VBZ NN VBG RB , PRP MD RB RB VB DT NN NN WRB DT NN VBZ RB . RB VBG NNS RB IN CD NNS IN NN CC NN VBZ JJ IN DT NN . NNP HYPH CD VBZ DT RB JJ NN WDT MD RB VB NNS DT NN MD VB IN NN . RB , PRP MD RB VB JJ NN . NNS IN DT NN NN MD VB PRP VBP NNS CC NN HYPH VB IN CD NNS IN WRB PRP VBP JJ . IN DT NN IN NN HYPH CD VBZ NN NN , CC VBZ JJ VBG NNS , PRP MD VB CD CC VB JJ NN ."
872,576,conspiracy,"IN NNP VBZ NNS CC NNS WDT VBP NNS , PRP RB VBP NN NN NNS TO VB VBN IN PRP$ NN . IN WP MD VB VBN IN IN DT JJ NN NN NN , RBR DT NN , NNP VBD IN NN IN NNS CC VBD TO VB NN WDT VBD DT VBN NN IN NNS . JJ NNS VBD VBN WDT VBD `` JJ NNS '' IN NN RB RB VBN NNS IN NNP : IN NNP HYPH NNP IN NNP . RB IN WRB PRP VBP RB IN NNS , VBG NN IN PDT DT NN VBZ JJ CC MD VB JJ IN JJ NN . JJ NN , IN DT NN IN DT NN NN , NNP VBD RP WRB DT NN VBD VBG VBN TO VB JJ NNS IN JJ NNS RB RB IN NN . RB RB VBP NNS VB RB IN JJ NNS , CC DT NNS VBP VBN CC VBN IN NNS : WP VBP NNS : DT NN . RB , VBG NN IN DT NN IN VBG IN JJ NNS VBZ DT JJ NN NN IN RB VBG DT NN IN NNS WP VBP VBN VBN TO VB CC VB NN IN JJ NNS : VBG RP NNS IN PRP$ NNS . RB , IN DT NN , EX VBP RB CD NNS VBN IN CD JJ NNS VBG TO VB , VB CC VB NN VBN NN NNS . RB IN DT JJ NN IN NNP CC NNS VBZ , DT WP VBP NN NN VBP VBG VBN IN NNS CC NNS VBP RB VBG IN PRP TO VB VBN , CC PRP VBZ VBG . NNP . NNP NNP , NNP HYPH NNP , WP VBZ VBN JJ NN NNS IN PRP$ NN VBD RP JJ NN TO VB DT NN IN DT WP VBP VBN NN . IN DT NN IN DT NNP NNP IN DT NNP NNPS , NNP VBD IN DT `` JJ NN IN NN NN VBG NN '' VBZ DT NN NN TO `` VB DT NN IN PRP$ NN POS NN IN VBG DT NN IN NN NN . '' DT NNS VBP RB RB VBG TO VB NNS , CC PRP VBP VBG RBR IN VBG DT WP VBP RP IN JJ NNS : DT VBG NN RB , CD IN WDT NNP VBD DT NN VBG . RBR DT NN , NNP NNP NNP -LRB- NNP HYPH NNP -RRB- VBD DT NN RB IN NNP NN NNP NNP VBG IN DT NN IN DT NN . `` DT NNS WDT VBP JJ NN NNS CC NNP POS NNS VBP RB VBN TO VB NN NN IN NN CC JJ NN CC , IN DT NN , JJ JJ NNS VBP VBN JJ TO VB CC VB , '' VBZ PRP$ NN . `` DT JJ CC JJ NNS VBP IN JJ NN IN NNS VBP CC JJ CC JJ , '' NNP VBD IN DT NN . `` EX VBZ DT NN TO VB IN NNS VBP NN HYPH VBG CC VBG NNS , CC DT NN IN JJ CC VBN NNS IN DT NNS IN NNS VBP DT JJ NN IN JJ NN . '' IN DT NN VBD VBN , NNP VBD DT NN . IN NN IN DT NN IN PRP$ NN , DT NNS IN NNP VBD VBN DT JJ NN IN IN WRB PRP$ NN VBD VBN . `` NN NN : PRP VBP RB VBG IN NN NN CC NN IN PRP$ NN . IN DT JJ NN NN , PRP VBD IN DT VBG NN VBZ NN WDT VBZ RB VB PRP$ NN NN NN NNS . IN DT NN , DT NNS -LRB- `` VBN IN NNP , '' NN , CC NNP -RRB- VBP VBN VBN . PRP MD RB VB VBG NN IN DT VBN NNS . '' VBG IN DT VBG NN IN JJ NN NN NN VBZ IN IN NNP VBZ DT NN NNP VBD PRP$ NNS , PRP RB VBP DT NN VBG NN NNS WDT VBP NNS . NNP VBD JJ NNS VBN IN NN IN NNP WDT VBD IN NN NNS IN NNP POS JJ NN WRB PRP VBD IN `` NNP NN NN NN . '' DT NN VBZ PRP IN DT NN IN NNP IN WDT PRP MD VB DT JJ VBG , CD NN CD NN NN IN NN . IN NNP VBZ RB VBN IN DT JJ NN IN JJ NN NNS , DT JJ NN IN NNS VBN IN NNS TO VB VBN IN NN VBZ JJ TO VB DT JJS . IN NNP RB VBD IN `` NN NN '' IN PRP$ NN , VBG NNP IN VBG NN NN NNS TO VB VBN IN PRP$ NN IN NNS , VBZ RB DT JJ NN IN VBG DT NN . PRP VBZ IN NNP VBZ RBR JJ IN VBG IN JJ NN IN PRP VBP IN VBG NN IN NN CC VBG DT NN WDT VBZ RB VB NN . NN IN NN , NNP NNP ."
873,605,mainstream,"RB , NNP NNP VBD NNP VBD RB VBN RB JJ NN IN NNS IN WRB DT NN MD VB IN EX VBD RB JJ NNS IN PRP$ NN . PRP VBD IN DT NN VBD VBN DT `` RB JJ NN RB RB TO RB VB IN NNS , IN PRP VBD EX VBD RB JJ JJ NNS WDT VBD JJ '' . `` PRP VBD IN WP VBD VBG IN JJ NNS TO VB PRP IN NN NNS CC PRP VBP RB RB VBG DT , '' PRP VBD . `` EX VBP RB JJ NNS PRP VBP RB VB IN DT NN WDT MD VB NNS , CC DT VBZ WRB PRP VBP PRP VBZ JJ TO VB RB JJ NN IN PRP . `` VBG IN DT NNS PRP VBP IN DT , CC EX VBP JJ NNS PRP VBP IN DT , PRP MD VB RB JJ NNS . '' VBG NN , NNS IN NNP NNP IN NNP VBD IN JJ NNP IN DT NN MD VB RB JJ IN CD NNS IN NNP CD IN DT NNS . NNP POS NN NN RB VBZ IN RB RB CD . NNP NNP VBD DT VBD WRB JJ PRP VBD TO VB DT JJ NN IN DT NN . RB , IN DT NN MD VB JJR IN RB VBN , JJ NNS VBP : IN DT IN DT NNP : VB IN NN IN WRB RB DT NN VBZ VBN IN NN NNS . IN IN NN IN DT VBN NNS IN NNP IN IN DT NN IN NNP VBD NNS IN NN NNS . IN DT NN IN DT NN , NNS VBD DT NN IN WP VBZ VBN IN NN NNS IN DT NN , VBG DT NN TO VB JJR IN DT NN IN JJ NNS . NNP NNP VBD DT NNS IN NNS `` VBP TO VB DT NN IN NNS , PRP VBP JJ NN '' . `` IN PRP VBP DT IN DT NN , DT NNS MD VB , '' PRP VBD . `` RB PRP VBP DT NN IN NNS CC WRB PRP MD VB DT NNS VBZ RB RB RB VBN . '' NN : DT NN RB VBD IN DT NNP NNP NNP IN NNP VBD RB JJ IN CD NNS MD VB IN DT NNP IN DT JJ NN VBD VBN . IN NN , NNP VBD CD NNP NNS IN DT JJ NN , CC CD IN DT NN VBD VBN IN DT NNP TO VB DT NN IN NNP HYPH CD IN DT . PRP RB VBD IN NNP NNP NNS VBD NNP POS NN MD VB PRP IN DT NN IN IN CD , VBG IN CD NN NNS IN NNP CD . JJ NNS VBD RB VB NN NNS . RB , NNP NNP , DT NN IN NN IN NNP NNP , VBD NNS IN NNS . PRP VBP IN DT JJR NN ."
874,7,mainstream,"IN IN CD NNP CD , NNP POS JJ NN NNP NNP VBZ DT NN IN NNP . NNP VBZ VBN DT NNP NN IN VBG JJ JJ JJ JJ NNS TO VB DT NN TO VB VBN NNS IN DT NN IN NN CC JJ NN . DT NN RB VBZ IN VBG NN IN JJ JJ NNS IN DT NN IN JJ NNS NN CC VBZ IN DT JJ NN DT JJ NN IN JJ NNS IN WDT NNS NNS VBP VBN . NNP VBD DT NN IN NNP CD , VBG NNS IN NNP CD IN NNP CD . DT NN VBZ DT NN IN DT JJ NN NNS VBN , DT NNS VBN TO VB PRP CC WRB DT NNS VBD NNP POS JJ NNS . NFP VBG DT NNS HYPH IN JJ NN IN DT JJ NN JJ NN : NN IN JJ NNS NNP RB VBD DT NN IN NN HYPH JJ NN NNS IN NNP CD . DT VBP RP DT JJ NNS IN JJ NNS IN NNS NN : NFP NN HYPH NN IN NN NNS IN DT NN IN JJ NNS NN , NN HYPH NN IN DT JJ NNS IN DT NNP NNS DT NN HYPH JJ NN NNS VBP `` NN NNS '' CC MD VB VBN TO VB JJ NNS CC NNS IN VBG NNS . NNS MD VB NNS IN DT VBN NNS IN NNP . NNP MD VB DT IN NN IN JJ NN ."
875,314,conspiracy,"IN DT JJ NN NN IN DT NN CC NNP JJ HYPH NN VBN IN JJ HYPH VBN NNS IN DT VBG NN NN , PRP RB VBD TO VB VBG IN DT JJ NNP NN IN VBN NNS VBG VBN RP IN DT NN IN NNS . RB JJ IN DT NN , DT NN VBD RP IN PRP$ NN , EX VBZ DT CC RB JJR NN VBG DT NN . NN VBD IN VBG IN DT JJ NN IN IN PRP VBD PRP$ JJ NN IN NNP NNP , PRP VBD DT VBN NN NN RB JJR VBN , DT VBZ IN RB DT NN WRB DT NN VBD IN DT NN WP VBZ VBN IN NNP . `` PRP VBP VBG RB JJ IN NNS . '' PRP VBD DT NN WP PRP$ JJ NNS VBD CC IN PRP VBD DT JJ NN IN VBG IN NN TO VB IN DT NNS IN DT NN , CC DT NN VBD PRP TO VB IN NNP POS `` WRB MD PRP VB PRP RB VBG RB IN DT NN RB JJ . WRB VBP PRP VB IN DT JJ . DT VBZ WP PRP VBZ IN WRB NNS VBP . '' DT NNP VBZ DT NN NN IN DT NN , IN VBG VBN IN NN , RB IN DT NN RB JJ , CC NNS IN JJ NNS IN JJ NNS CC DT VBG NN . RBR DT NN , PRP VBD DT NN IN NN IN VBG JJ HYPH VBN NNS IN NNS , VBG DT NN NN , VBG DT NN IN NNS IN NN CC VBG IN DT NN NN IN NN . DT NN VBD IN , CC IN PRP VBD DT JJ NNS IN DT NN NN , PRP VBD `` WP VBZ DT JJ NN IN DT NN NN . '' PRP VBD PRP$ NNS , VBG RB `` PRP$ NN VBZ IN EX VBZ DT JJ NN IN NN WDT PRP VBP RB VBG PRP . '' RB VBG TO VB DT NN , PRP VBD DT JJ NN , WDT VBD DT NN JJR IN VBG DT NNP HYPH NNP VBN IN DT NN . RB JJ NN , NN IN NNP , DT RB RBR JJ NN VBD . `` NNS CC NNS , NNP VBZ VBG RP IN NNP , RB RB RB IN RB . '' RB VBG PRP$ JJ NN , PRP VBD RP NN NNS IN NNP NNP CC RB DT NNP NN VBD IN DT JJ NN IN DT NNP NNP VBD DT NN NN IN DT NN NN IN DT NNP NNP NNP . IN IN DT NNP NN HYPH NN NN , NN NNS IN , VBG DT VBN NN VBG DT JJ NN IN DT NN NNS . DT RB JJ NN VBZ IN JJR IN CD NNS VBP VBN IN DT VBN NN POS NN NN IN JJ NNP , IN DT NNS IN NNP CC NNP , RB DT JJ NN IN JJ NNP . NNP , WRB DT NNS VBP RB MD DT NNS . VBN DT NN IN NN IN DT NN IN NNP , RB IN JJ NNS , DT NN IN NNP NNS VBZ JJ RB , IN DT JJ NN CC DT JJ NN NN VBP VBN DT JJ NNS IN JJ HYPH NN NN CC NN IN NNP IN JJR IN CD NNS . DT VBZ IN IN PRP$ NN IN JJ NN IN DT JJ NN IN DT NNS NN HYPH NNS IN NNP CD IN DT NNP NNP NNP . -LRB- IN DT JJ NN , DT NNS VBP DT JJ NNS IN NNP NNP , WP$ NN NNP NNP IN NNP NN NN CC RB JJ NNS NN VBD RB RB IN CD NN CC NN . -RRB- CD NN POS NN VBZ DT NN POS NN . DT JJ NN HYPH NN IN CD HYPH CC NN HYPH VBN NN NNS IN DT NNP NN HYPH VBG NN , WDT VBZ JJS IN NNP NNS , IN VBN `` NNP '' CC RB , VBZ JJ , VBN JJ NN NN CC JJ JJ NNS , NNS IN NN NN IN DT NN . IN DT NN NN IN DT JJ NN NN , PRP VBD IN PRP$ NN HYPH VBN NNS VBD , IN PRP$ NN , IN DT NN NN IN NNP VBZ DT JJS IN NNP IN IN JJ NNS VBN RP IN DT JJ HYPH NN JJ NNP CC DT NN VBZ DT RBS NN HYPH VBN IN IN DT NN HYPH VBG NN . NN IN DT NN VBZ DT NN IN NN NN . RB EX VBZ RB DT NN JJ IN DT NNP NN NN IN PRP$ NNP NN , IN DT NN POS RBS JJ IN NNS CC NNS . RB , PRP RB VBD CD IN DT NN POS JJ CC JJ NNS , RB IN DT NNS WRB JJ NN NNS VBD DT NNP HYPH NNP NNS IN DT NNS CC VBD RP JJ NNS IN NNP . `` NN '' , IN IN NNS , VBZ DT NN IN VBG DT JJS NNS IN NN . RB PRP VBP VBG IN VBZ RB RB . NNP NNP RB VBD JJ IN NN VBG VBN IN DT NN NN . IN DT JJ NN , IN DT JJ NN IN DT NNP HYPH NNP NNP NN IN NNP CC NNP NNP , EX VBZ RB VBN VBG NN NN NN CC NN NN IN DT JJ NN IN JJ HYPH VBN NNS IN JJ NNP , JJ NNP CC NNS IN NNP , IN NN CC JJ NNS VBN RP IN NNP NNP NNS VBN IN DT JJ NN IN JJ , JJ , JJ HYPH NNPS , NNPS CC RB NNS IN DT VBN NNP NNP . RB , JJ NNS VBN IN DT JJ , JJ CC JJ NNS VBP VBN VBG NN IN DT NNP CC JJ JJ NNS IN NNP CC IN DT NN . PRP$ JJ NN IN NNP , DT JJ NN , VBD VBN RP IN DT NN VBD VBN RP IN DT NNP HYPH VBN NN , WP VBZ RB VBN VBN . JJ NNS IN DT NNS , TO VB PRP IN DT NN . VB NNP , PRP VBZ RB NNP NNP . VBG JJ NNS IN NN IN NNP JJ NNS VBZ RB JJR VBN IN VBD . RB , WRB PRP VBP PRP DT NN IN NN , NNP VBZ IN PRP$ NN VBN DT JJS NN TO VB CC VB JJ JJ NN NNS IN JJ NNS IN NNP CC NNP , NNP NNP IN NN IN NNP NNP CC NNP , WRB PDT DT JJ NNS VBP IN DT NN IN DT NNP HYPH JJ NN . DT NNS VBD IN PRP IN PRP VBD TO VB VBN NN NN NNS IN DT NNS IN JJ NNS CC NN IN NNP , RB VB PRP NNP . VBN DT JJ NN IN NNS IN NN IN DT NNP NNP NNP , DT JJ NN NN VBZ JJ IN NN JJ IN DT JJ NN IN NN NN IN JJ NNS . VBN JJ NN IN NN IN JJ NNP , DT VBZ IN DT CD NNS IN DT NN NN VBG VBN RB IN DT NN , RB JJ , VBG DT NN VBZ DT NN HYPH VBN NN HYPH NN IN NNP HYPH CD . VBG IN DT JJ NN WRB DT NN NN VBZ VBG TO VB , DT MD RB VB DT NN RP IN DT NN IN VBN JJ NN NNS . RB RB RB , IN IN NNP HYPH CD NNP , DT JJ NN VBZ DT JJ NN IN NN CD CC DT JJ NNS IN NNP NNP , DT NN WP MD VB NNP . JJ NN IN NNP VBZ NNP NNP , DT NN NN IN DT JJ NNP NNP IN NNP NNP NNP NNP , IN IN DT NNP NNP IN JJ NNPS CC RB JJ JJ NNS . NNP NNP VBZ JJ IN NNP , IN CD IN PRP$ NN HYPH NN NNS VBZ VBN IN DT NNP NNP -LRB- VBN IN `` DT NN '' -RRB- NNP NN NN VBN IN DT NNP NN IN DT NNP NNPS , RB RB IN DT JJ NN CD NN IN DT NNP NNP NNP . NNP NNP RB , IN IN DT CD NNP NN NNS IN NNP , VBZ DT NN VBN IN DT NNP VBD RB VBN -LRB- JJ IN IN CD -RRB- IN DT NNS IN NNP . DT JJ NN VBZ NN , RB NNS JJ IN NNP IN NNS CC RB VBG IN NN NNS . CC , UH , NNP NNP NNP VBD RP IN CD IN NNP NNP , NN NN IN DT NNP NNP NNP NNP IN NNP . RB TO VBN RP IN DT NN , NNP NNP HYPH NNP VBZ VBG NN IN NN NNS IN NN NN NNS , NN NNS , NNS CC NN HYPH NN NNS , RB TO VB NN NNS IN DT JJ NN IN VBG NN . PDT DT JJ NNS , CC RB PRP VBP JJ , RB JJ TO VB NN VBG RP , UH UH . NNP VBZ DT JJ CC JJ NN IN NN , VBN IN NN CD NN IN NNP IN DT NN IN DT NN NN . VBP PRP VBP PRP . IN JJ HYPH VBN JJ NNS WDT MD VB JJ NNS IN NNS IN NN IN NN . DT NN VBZ DT JJ NN WDT VBZ NN NNS IN NNS JJ IN JJ NNS CC VBZ DT NN , NN HYPH IN JJ NNS VBG NN CC NN NNS , JJ NN NNS , CC RB JJ NN . PRP VBZ DT NN NN , VBG IN PRP VBD IN JJ NNS IN NNS CC NNS , WDT VBP NNS IN PRP$ NN CC NNS . IN RB NNP VBZ VBN VBN IN JJ NNS IN NNP , DT NNPS , NNP CC NNP NNP , DT NNS IN DT NNP NNP NNP NNS CC PRP$ JJ HYPH NN NNS IN NN CD . NN VBZ CD IN DT JJ NNS WDT PRP VBP VBN CC VBN IN DT NNS IN DT JJ NN , RB IN JJ NN , IN NN CD POS NN IN JJ NNS IN VBN NNS IN JJ NNP , VBG JJ NNS IN JJ NNS CC NNS , CC RB RB HYPH VBG TO VB JJ NN NNS IN NNS IN JJ NNS . IN NNP VBD VBG NN NNS RB RB , VBG NN NNS VBD JJ IN DT NN RB IN DT NN IN NN . IN PRP$ JJ NN IN NNP , CD IN PRP$ NNS , WP IN DT NN VBD VBN IN DT NN NN IN DT NNP NNP IN DT NNP NNP VBD IN JJ NNS VBD VBN DT NN IN NN , NN NN CC NN NNS IN NNS CC NNS , NN IN DT JJ NN NN VBG DT NN . RB CD NNS DT NNP RB VBD DT NN IN NN HYPH NN IN CD IN PRP$ RBS HYPH VBG NNS , CC RBR DT NNP NNP VBD IN NN VBD VBN IN NNP NNP NNP IN NNP IN VBN JJ NNS IN NNP CD IN DT NN IN DT NNP . DT NNS VBP JJ NNS -LRB- PRP VBD TO VB IN DT NN NN , CC RB VBD DT JJ NNS IN DT JJ JJ NNS -RRB- WDT VBD TO VB NN NN CC VBD RP IN DT NNP NNPS NN . DT NNS JJ , RB RB IN DT NN IN NN DT NNS VBD VBG NN HYPH VBN IN NN NNS IN NNP NNP IN CD . DT JJ NN , VBN IN NN NNS , VBD IN IN DT NNS IN NNP NNP IN NNP NNP NNP IN CD , WDT VBD IN DT NN CC NN IN DT NN NN . RB , RB DT JJ NN , PRP VBD IN JJ NN , DT NN CD NN , IN DT NNS IN NNP NNP , WRB NNP NNP NNP NN VBZ VBN . VBG DT NNS , DT NN VBD IN DT NNP CD NN IN NNP IN DT NN IN NNS IN DT NNP NNP IN DT NNP HYPH NNP NN , WDT VBD NN NNS IN NNP NNP NNP IN NNP CC RB RB IN NNP . NNP VBZ WRB CD JJ NNS IN DT NNP NNP VBD VBN IN DT JJ NN HYPH VBN NN NN HYPH RB IN DT NN NNP NNP . RB VBD DT JJ JJ NN , DT NNP VBD NN IN DT NNP NN HYPH VBN NN NN , WDT VBD VB NN IN DT NNP NNP NN NN NNP , NN CD NN CD , WRB NNP NNP VBZ DT NN IN NN IN NNP CC VBZ RP IN DT NN HYPH VBN NN . IN IN DT JJ NN IN CD HYPH CD , RB DT JJ JJ NN CC NN NN CC RB RB NNP NNP POS NN MD VB IN NNP CC RB NN VBP JJ NNS IN NN HYPH VBN NNS . DT VBZ JJ , CC IN DT NNS NN NN , NN IN DT VBZ VBG VBN IN NN CC IN DT JJ NN . DT NNP NNP IN DT JJ NN RB VBD . RB IN DT NN VBZ TO VB NNP CD IN DT NN , DT NN VBZ RB VBN IN DT NN VBZ IN DT NN HYPH NN . IN JJ NNS VBZ VBN IN DT NN IN NNP NN NNP NNP , PRP VBZ RB RB VBN IN PRP VBZ VBN IN NNP NNP , DT NNP NNP CC NNP NNP IN NNP NNP NNP , DT JJ HYPH NN NN IN NNP POS NNP NNP IN NNP CC NNP NNPS . PRP$ NN NN IN DT JJ `` NNS '' VBZ TO VB NNP NNP CC VB IN DT NN NN IN DT NN VBZ DT NN IN DT NN . `` WDT JJ NN HYPH JJ MD VB TO VB RB , NNP CC NNP '' PRP MD RB VB DT NN IN DT NNS VBD IN PRP$ NNS , RB IN PRP$ NN NN IN DT NN NN CC PRP$ NNS NNP CC NNP NNP . IN RB EX VBD DT NN IN NN , NN CC NN , PRP MD RB VB DT NN JJR . RB , IN DT NN , PRP VBP VBG RP IN DT NN HYPH JJ NN IN NN NNS VBN IN NN , WDT VBD PRP NN HYPH JJ IN DT JJ CD HYPH NN NN IN NNP NNP , WRB PRP VBD NNS IN NNS TO VB IN JJ NN NN , VBD DT JJ NN IN DT NN CC VBD DT JJ NN IN NNS , CC RBR VBD NN HYPH NN NN IN NNP IN DT JJ NN NN , RB VBG DT NN HYPH NN IN DT NN . DT NN NNS VBP IN NN TO VB DT JJ NN , CC JJR NN IN JJ IN DT NN NN . RB , VB PDT DT VBN HYPH RP NN NNS , IN NN VBP NN JJ . RB DT VBZ IN VBG DT NN TO VB DT NN IN PRP$ NN . DT JJ NN VBZ IN DT IN HYPH NN NN NN MD VB JJ IN NNP , CC IN RB DT NN MD RB VB RB . IN IN JJ NNS IN DT NNP WDT MD VB NNP , DT VBP DT NNP NN , DT NNP NN , DT JJ HYPH VBN NN CC NN NN . VBG IN DT JJ NN VBZ DT JJ NN WDT VBZ DT VBN NN , DT JJ NNP NN WDT PRP VBD NNS IN . DT NN IN RB , NNS . IN NNP , DT NN NN VBZ RB DT NN , CC EX VBP DT CD JJ JJ NNS , RB VB IN PRP$ JJ NN NN . WRB DT NN VBZ RB , PRP VBP VBG TO VB TO VB DT NN RB IN DT NN NN , WRB RB EX VBZ NNS CC NNS RB , CC PRP MD VB DT JJ NN NN RB IN DT NNS , DT VBZ IN PRP VBP DT NN . DT NN CC DT NN IN NN NN RB CC JJ NNS , IN WRB PRP VBP VBN NN TO VB RB IN , NN VBZ NN CC NN ."
876,257,mainstream,"NN , CC NN , VBZ DT JJ NN WDT VBZ IN DT JJ NN . PRP RB VBZ DT JJ NN IN NN RB , IN DT NN IN DT JJ , JJ NN . EX VBD RB CD JJ NNS JJ IN NNS IN CD , JJS IN PRP IN NNS IN DT NN IN CD , VBG IN DT . NN NNS VBP RB VBN VBG IN DT NNP NNPS IN JJ NNS . VB JJR IN DT NNS IN NNS , WRB PRP VBZ , CC WRB PRP MD VB VBN . NN VBZ VBN IN NN IN DT NN IN DT NN NN . NNS VBP JJ JJ NNS . IN PRP VBP VBN VBN , DT NN VBZ NN NNS CC VBZ JJ NNS TO VB PRP$ NN NN . DT NNS NN VBZ DT JJ NN RB . RB , PRP RB VBZ IN JJ NNS IN DT NN IN DT NN . NN VBZ RB VBN TO VB IN NNS CC RB IN JJ NNS . EX VBP VBN JJ NNS IN NNS , IN RB CD VBP RB VBG . NNS MD VB VBN IN DT NN IN JJ NNS CC JJ NN NNS . DT JJ NN MD VB DT NN IN DT NN WRB PRP VBP CC VB . DT JJ NNS MD RB VB IN NNS CC NNS . PRP MD VB VBN IN PRP VBP IN NN IN DT VBN NN , JJ IN DT NN NN , CC RB VB PRP$ NN , NN , CC NN . DT NNS NN MD VB IN IN DT NN IN RBR IN PRP MD VB . IN NN , PRP MD VB JJ IN DT NN CC IN NNS IN IN IN . NN VBZ RB JJ . DT VBZ IN DT NN MD VB RB RB IN NN IN NN . DT JJ NN WDT VBZ VBN IN DT NN NN VBZ DT CD NN NN IN VBG VBN . RB , DT VBN NN MD VB RB TO VB DT NN IN RB IN CD CC CD JJ NNS . DT NN WDT VBZ NNS MD VB DT NN IN NNS IN PRP RB VBP IN PRP VBP PRP . DT JJ NN VBZ JJ IN CD NNS IN DT JJ NN VBZ . IN DT NN VBZ , PRP VBP RB JJ IN DT CD NNS . DT JJ NN NN IN VBG NN VBZ VBG VBN . RB , DT NNS VBP IN DT JJR NN IN VBG NNS IN NN NN , VBG JJ NNS , NNS IN DT VBN JJ NN , CC JJ NNS . IN PRP VBP IN PRP VBP NNS CC VBP VBN VBN IN NN IN NNS , VB PRP$ NN RB . PRP MD VB PRP CC VB PRP WRB TO VB VBN TO VB IN PRP VBP DT NN . NNS MD VB NNS IN VBG PRP$ NN NN CC VBG IN NNS WDT VBP JJ IN DT NN , JJ IN JJ NNS IN DT NN , NN , NN , CC JJ NN . IN PRP VBP PRP MD VB NNS VBN IN PRP$ NN CC NN , PRP$ NN MD VB DT NN NN TO VB IN DT NNS NN . EX VBZ DT JJ NN IN NNS . IN JJ NNS , JJ NNS VBP RB JJ IN NNS . DT NN CC NNS RB VBP IN RB CD CC CD NNS . EX VBP DT NNS JJ IN NNS WP MD VB VBN VBN IN DT NN . DT MD VB VB DT NN CC VB PRP$ NN . PRP VBP : NFP DT NN NN , VBN IN CD NNS IN NN NFP DT NN IN JJ NNS VBN NN , VBN IN CD NNS IN NN PRP$ NN MD VB DT VBG TO VB PRP VB : NFP NN TO VB VB PRP$ JJ NN IN PRP VBZ RB VBN IN NN NN , NNS MD VB NNS RB . NNS WP VBP RB VBN VBP IN DT JJR NN IN VBG DT NN . PRP VBZ RB VBN IN NNS VBN IN CC IN CD VBP RB JJ IN NNS . DT VBZ IN DT NN VBD RB VBN IN CD . IN RB , JJS NNS VBD VBN RB VBN IN DT NN IN PRP$ JJ NNS CC VBD JJ IN DT NN . VBG IN DT , JJ NNS VBP RB RB RBR JJ IN JJ NNS , CC RB IN NNS IN DT NN IN CD . DT NNS MD VB NNS IN NN , NN , CC NN . IN PRP VBP DT NN WP VBZ RB VBN VBN CC VBZ RB JJ IN PRP$ NN NN , PRP MD VB PRP$ NN TO VB DT NN . IN JJS CD NN IN DT NN VBZ VBN IN JJ NNS . DT NNS NN VBZ RB VBN IN NNS IN PRP VBP IN JJS CD NNS JJ . IN VBG PRP$ JJ NN IN DT NN VBZ DT NN PRP VBP RBS JJ IN VBG VBN IN DT NN NN . NNS VBP DT NN IN NNS IN JJ NN , WDT VBZ VBN IN NN IN NN IN DT NN CC IN NN . RB , VBZ VBN IN DT NN MD VB VBN IN RB RB CD NNS IN NN CC DT NN NN VBZ VBN . NNS IN CD NNS IN NN VBP RBR JJ TO VB NNS IN IN NNS . DT MD VB NNS IN NN , NN , CC NN NNS WDT MD VB IN NN NN . DT NN NN IN DT JJ NN VBZ DT NN WDT VBZ IN NN CC WRB NNS VBP . DT NN NN IN NNS VBZ IN CD CC CD NNS . IN DT JJ NN NN , PRP MD VB TO VB JJ NNS , JJ IN NN , NN , CC JJ NN . DT NN MD VB TO VB JJ NNS RBR . PRP VBZ JJ TO VB IN PRP MD RB VB DT NN IN NNS IN CD NNS JJ IN VBG DT NN . IN PRP VBP PRP VBP VBN VBN IN NNS CC VBP RB VBN VBN , PRP MD VB PRP$ NN RB RB IN JJ . IN NN IN DT JJ NN NN , EX VBP RB JJ JJ NNS IN NNS NNS WDT PRP MD VB . JJ NNS VBZ IN NNS WP VBD DT VBN NN NN IN CD CC CD . WRB VBN IN NNS , DT NNS VBP RP IN DT NN WDT VBZ NNS JJ IN JJ NN , NN , CC RB NN . VBN NNS VBZ IN NNS WP VBP VBN VBN NN HYPH NN NN CC IN NNS WP RB VBP DT JJ NN . VBN NNS VBZ RB JJR IN DT JJ NN IN NNS . JJ NNS VBZ RB VBN IN DT NNP NNPS . PRP VBZ NNS IN JJ NN , NNS , CC NN IN DT NN CC NN NNS . PRP MD VB VBN NN VBN IN IN `` JJ NNS . '' CC NNS CC NN VBP RB VBN IN CD JJ NNS . NNP VBZ RB RB JJ IN NNS . RB , PRP MD VB JJ NNS IN DT NN VBZ DT NN IN JJ . RB IN JJ NNS VBP NNS CC NN , PRP VBP RB JJ IN JJ NNS . CC NNS : NFP MD VB VBN IN DT NN IN NN CC VBG CC NNS CC NN VBP VBN IN DT NN HYPH NNS HYPH NN -LRB- NN -RRB- CC NN HYPH NNS HYPH NN HYPH NN -LRB- NNP -RRB- NNS . EX DT JJ NNS TO VB VBG JJ IN NNS . VBG VBN VBZ DT JJS NN TO VB NNS . CD NNS IN DT NN NN VBP JJ IN VBG NNS NN . EX VBP CD NNS JJ : DT NN NN CC DT NN NN . DT NNP NN VBZ DT CD HYPH IN HYPH CD NN WDT MD VB PRP IN NNS , NNS , CC NN . DT NNP NN VBZ IN DT JJ NNS IN DT NNP NN CC RB VBZ NN IN NN . NNS MD VB PRP$ JJ NN IN CD NNS , CC RBR IN VBG RB , CC PRP$ JJ NN IN DT NNS IN CD CC CD . NNS WP VBP RB VBN DT NN MD VB DT NN IN PRP$ NN . DT NNS MD RB VB DT NN IN NNS . DT NNS VBP : NFP NNS WP VBP VBN DT JJ NN HYPH VBG NN IN DT NNS NN CC PRP$ NNS , JJ NNS , WDT MD VB NNS IN NN CC NN , NNS VBG NN NN , CC NNS IN NNS WDT VBP DT NN NN NN NNS IN NN VBP RB JJ CC VBP IN DT JJ NNS . PRP MD VB NNS IN NN CC JJ NN . IN JJ NNS , DT NN VBZ VBN VBN IN JJ NN NN CC NNS . JJS NNS CC NNS WP VBP DT NN NN VBP RB VB NN NNS . DT VBP IN DT NNS NN MD VB NN IN NNS . IN DT NN , DT JJ NN IN NN VBZ VBN VBN IN DT NN IN JJ NNS . DT NN VBZ VBN IN EX VBZ IN NNS CC NN . NN VBZ RB RB JJ IN VBG PRP CC PRP$ NN . PRP VBZ RB JJ IN VBG NNS WP MD RB VB VBN . WRB JJR NNS VBP VBN IN DT NN , PRP VBZ RBR JJ TO VB IN DT NN . DT VBZ VBN NN NN . TO VB NN NN IN NNS , RB IN DT NN MD VB VBN . RB NN MD VB DT NNS NN . CC EX VBP JJ NNS IN PRP MD VB TO VB DT NN IN NNS . SYM VB JJ NN NN . VB PRP$ NNS IN VBG , IN VBG DT NN , CC IN VBG PRP$ NN , NN , CC NN . NFP VB RB VB JJ NNS IN NNS WP MD VB JJ . DT MD VB NNS IN VBG NNS , NN NNS , CC NNS . NFP VB VBG IN NN IN NNS WP VBP JJ . VB RB IN NN CC NN CC JJ JJ NNS IN PRP VBP RB JJ . DT VBZ CD NNS IN PRP RB VBP DT NN NN . NFP VB NN IN NNS WP MD VB JJ IN NN , JJ IN NNS RB JJ TO VB VBN CC JJ NNS . NFP VB PRP$ NN CC NN IN PRP VBP TO VB CC VB . VB IN DT VBN NNS RB . IN PRP VBP RB VB DT NN JJ , VB IN DT NN IN PRP$ NN , RB IN PRP$ NN . NFP VB JJ TO VB PRP$ NNS RB CC TO VB DT NNS CC NNS WDT PRP VBP RB . JJ NNS WP VBP RB VB NN IN NNS MD VB NN TO VB NN IN PRP$ NN . VBG RP IN NNS IN PRP$ NN MD VB JJ JJ NN NNS IN CC DT NN CC NN . JJ NNS VBP IN DT VBN NN IN NNS IN NNS JJ IN NN . RB , VBG NNS IN JJ MD VB IN DT VBG NN NNS : NNS MD RB VB VBN IN NN IN NN IN DT NN VBZ NNS RB IN PRP$ NN NN . DT VBZ VBN JJ NNS . NNS IN JJ NNS VBP DT NN IN NN CC VBP CD RB RB . PRP VBP IN DT VBN NN IN NNS , WDT MD VB NN HYPH VBG . IN PRP VBP JJ , VB RB VB NN IN NNS , CC VB IN PRP VBP VBN VBN , PRP MD VB PRP$ NN RB . VBG DT NN IN NN MD VB TO VB DT NN . NN VBZ DT JJ NN NN IN JJ NNS CC NNS , CC JJS NNS WP VBP DT NN NN VBP RB . DT NN IN NNS VBZ JJR IN DT VBG NNS : RB IN NNS IN NNS VBP CD CC JJR NNS . NN MD VB IN NN HYPH VBG NNS , JJ IN NN CC NN IN DT NN -LRB- NN -RRB- . JJ NNS VBN IN NNS MD VB : NFP NN NNS , JJ IN NN CC NN NN SYM JJ NN NN -LRB- NN -RRB- , DT JJ JJ NN IN DT JJ NN WDT VBZ NNS IN NN PRP MD RB VB NNS RBR IN RB . IN PRP VBP VBN DT NN , PRP VBP JJ IN NN . RB , NNS CC PRP$ JJ NNS VBP JJ IN NN . NN RB RB VBZ PRP CC PRP$ NN , CC RB VBZ DT NN NN IN VBG IN PRP$ NN CC VBG DT WP MD RB VB VBN ."
877,1078,mainstream,"NNP NNP VBD IN NNPS TO VB VBN IN NNS IN NNP , DT JJ NN IN CC DT NNP CC NNP VBD JJ NNS VBG IN NNS NNS VBP VBN JJ NNS . DT NN HYPH IN HYPH NN VBZ VBN NN IN DT NN IN DT RB JJ -LRB- CC RB JJ -RRB- NN WDT VBD VBN VBN IN CD , WDT NN NNS VBP VBG IN DT VBG NN IN JJ NNS VBG DT NN NN WDT VBD NNS IN NN . CC PRP VBD IN DT NN POS NN IN DT NN IN NNS IN NNP NN IN VBG IN DT NNP NNP NNP POS JJ NN IN NNP . DT VBZ DT NN IN NNS PRP VBD IN CD , RB , WRB PRP VBD TO VB VBN JJ NNS IN NNS VBP NN . IN NNP CD , NNP VBD , `` NN NN RP , PRP VBP IN NNS CC RB JJ , RB IN RB , NNS . RB JJ IN JJ NN TO VB . NN MD VB RB . '' PRP RB VBD , `` IN PRP VBD NNP PRP MD VB IN JJ NNS CC MD RB VB CD NN JJ NNS WDT DT NN MD VB , NN . '' DT NN HYPH NN NN VBZ VBN IN DT CD NN WDT VBZ VBN RB VBN CC VBD RB VBN IN NNP JJ NN . IN NN , DT CD HYPH NN NN IN CD JJ NNS VBN IN DT NNP NNP IN NNPS RBR DT NN RB VBD DT NN IN DT NN -LRB- NNS , NNS CC NN -RRB- NN CC NN , RB IN NNS IN JJ NN NNS IN NN . CC IN NNP , NNP VBD DT JJ NN IN DT CD NN NN IN NN HYPH JJ NNS NNS VBN IN DT JJ CD NNS IN CD VBN IN DT NN JJ NN . DT NN VBD `` VBG NNS IN JJ NNS '' IN DT NN IN VBG NNS DT NN TO VB RB . VB : NNP VBZ NNS IN DT CD NN NN IN JJ NN NNS IN NNP , NNP NNP , NN IN NNP NNP NNS NN CC JJ NNP NN NNP NNP , VBD IN NN NNS IN NNS `` VBP PRP JJ CC VBP NN . '' VB : JJ NN IN JJ NNP NN : `` VB RP PRP$ NN NNS '' IN NN , NNS MD VB JJ IN NNS CC NNS , RB RB IN JJ NNS CC NNS IN VBN NN NNS . NNP VBD IN DT VBN CD NNS -LRB- RB NNS -RRB- NN HYPH RB VBD IN NNS IN CD , RB CD NN IN DT NN RB . NNS IN NNP , NNP NNP CC NNP NNP NN VBP VBN NNS , VBG NNP IN NNP CC NNP NNP NNP VBG JJR IN CD NNS CC NN IN NNP WP MD VB VBN VBN IN NNS CC CC VBP RB VBN VBN CC RB VB IN PRP VBP JJ . RB CD NNS VBN IN NNP NNS IN NNS NN"
878,472,conspiracy,"IN NNP DT NN , DT NN IN NN VBD IN DT NN IN CD JJ NN . RB IN PRP$ NN IN NNP NNP , PRP$ JJ CD HYPH NN HYPH JJ NN VBD NNS , DT NN POS JJ NN IN CD . DT NNS , RB VBN , VBD JJ IN DT NN RB . PRP VBD VBN TO VB VBN PRP IN NNP . DT NN VBD RB VBN , CC DT NNP JJ NNS VBD NNS IN NN . DT JJ NNS RBR , CD JJ NNS : RB , JJ : RB VBD NNS IN DT NN . RB , DT NNS VBD TO VB RB TO VB PRP . NN VBZ RBR JJ IN NNP , NN , CC NN , PRP VBZ DT JJ NN , CC PRP MD VB VBN RP IN DT NN CC IN NNS IN RB RB IN CD NNS IN DT JJ NN VBZ VBN CC VBN . IN PRP VBZ RB JJ , NN NNS VBP PRP IN DT JJ NN NN IN EX VBZ DT NN IN NN NN . `` NN VBZ IN DT NN IN DT NN , '' VBZ NNP NNP , NN IN DT NNP NNP NNP CC DT NN IN NN IN DT NNP NNP IN NNP CC NNP NNP . TO VB DT NN IN NNS , PRP VBZ , IN JJS CD NN IN NNS VBP TO VB VBN : DT JJR NN IN IN JJS JJ NNS . DT VBZ IN IN NN NNS VBP VBG , `` PRP VBZ VBG TO VB DT JJ TO VB PRP$ JJ NN . '' WRB JJ VBN IN CD , NNP NNP VBD DT NN NN IN CD NN IN DT NN : DT JJ NN IN PRP$ NNS MD RB VB VBN IN NN IN DT JJ . DT JJ NN , NNP POS NNS NN VBD IN RB CD NN . DT VBZ RB JJ IN NN IN DT JJ NN IN NN NNS IN NNP . CD IN CD JJ NNS VBP NNS VBP JJ : DT NN POS JJS NN : CC RB CD IN CD VBP PRP VBP RB JJ : RB RB IN NNP . DT VBZ VBG IN JJ NNS IN DT NNP NNP NNP , DT JJ NN IN JJR IN CD NNS IN CD NNS ."
879,464,mainstream,"DT NNP IN NNP VBZ VBG NNP NNPS IN JJS IN NNP VBZ NNS JJ , IN VBG NNS WP VBP RB VBN CD NN , TO VB PRP$ JJ NN , TO VB NNP VBZ TO VB JJ NN IN PRP$ NNS . JJ NN , NNP , NNP CC DT NNP NNP NNP VBD DT NN IN NNS IN PRP$ NNS IN NNS IN NNP NNP VBG NN IN NNS . DT NNP NNP NNP POS CD NNP NN VBD DT CD HYPH NN NN IN NN NN IN NNP NNPS VBD IN JJR NN IN NNS . NNP VBZ VBN DT CD NN NN IN NNS CC NNP RB VBD DT CD SYM CD NN NN IN NN NNS JJ NN . JJS IN DT NNS VBD RB IN NNP . IN NNP VBZ VBG IN DT NN NN IN PRP$ NN , DT NNP IN NNP POS NNP IN NNP NNP , NNP NNP NNP , VBZ VBG NNPS IN JJS IN NNP NNP VBZ NNS JJ . `` PRP VBZ JJ TO VB IN NNS VBP VBG NN IN NN HYPH NNS IN NNS CC NN . DT RBS JJ NN PRP MD VB PRP IN JJ NNS VBZ TO VB DT NNP NNP NNP , VBG NN IN NNP IN NNS CD NNS CC CD NNS . PRP VBP JJ NNS IN NN TO VB DT , CC TO VB NNP POS NN NN . `` PRP VBP VBN JJ NNS RB IN NNP TO VB NN IN NNS CD NNS CC CD NNS , CC IN PRP VBP NNS JJ , NNS IN CD NNS WP VBP RB VBN DT JJ NNS HYPH VBG NN . `` PRP VBZ RB JJ VBG IN IN PRP VBP RB VBN CD NN , PRP VBP DT CD NN NN IN VBG VBN . DT NN PRP VBP DT JJ NN VBZ TO VB DT CD NN WP VBP DT JJ NN TO VB NN . PRP$ JJ NN NN NN VBZ IN NN VBN IN CD VBZ CD NNS TO VB RB VBN , CC DT JJ NN IN NNS VBD CD NN IN JJ NNS . PRP VBP IN RB CD NN IN NNP NNPS JJ CD IN CD VBP RB VBN IN NNS . '' `` NNS WP MD VB DT JJ NN NN VBP VBG VBN TO VB JJ , RB DT IN DT NNS MD VB VBN RB , '' VBZ NNP NNP . `` PRP VBP VBG PRP TO VB DT JJ NNS IN VBG DT NN TO VB PRP$ JJ NNS VB PRP$ NNS IN DT WP VBP PRP JJS ."
880,1276,conspiracy,"DT NN POS RB NN IN DT NNP NN -LRB- NNP SYM CD -RRB- RB RB VBZ TO VB IN NNS TO VB RB RB IN CD DT , VB NN NNS , VB PRP TO VB RB VBN CC VBN IN NNP NNP , CC VB TO VB IN PRP$ NNS IN DT NN CC NN WDT MD RB VB PRP DT VB RB . CC WP IN NN , NNS , CC JJ JJ NNS . DT JJ NN HYPH NN VBZ DT NN IN EX MD RB VB DT `` NN NN '' TO VB DT NNP NN -LRB- NNP SYM CD -RRB- , WDT MD VB IN DT NN MD RB VB TO VB PRP$ NN . CC , RB , DT NN NN MD VB RB JJ IN VBG NNS IN NN CC NN NN , VBG JJ NN , NN , CC VBG PRP POS JJ NNS IN JJ NN . RB , PRP VBZ RB IN DT NN IN DT IN NN TO RB VB IN NNS VBP WP PRP MD TO VB PRP$ JJ JJ NN . PRP VBZ RB RB NNS , NN NNS , CC JJ JJ JJ NN `` NNS '' WDT VBP VBN RB , WDT VBZ JJ NNS IN DT JJ NN IN NN CC NN IN PRP VBP JJ TO VB NN IN PRP . IN DT JJ JJ NNS , EX VBP VBN NNS RB CC RB WDT VBP VBN RP TO VB IN NNS IN JJ HYPH NN NN NN , NN , NN NN , CC JJ NN HYPH NNS MD VB TO VB IN DT NNP NN -LRB- NNP SYM CD -RRB- . CC RB DT JJ NN NN VBZ RB RB VBN NN IN DT IN DT , RB VBG IN DT JJ NN WDT RB MD RB VB CC MD VB RP VBG CC VBG NNS . NNP NNP VBZ , IN NN , DT JJ NN IN DT NN , IN PRP VBZ VBG DT NNP NN -LRB- NNP HYPH CD -RRB- NN TO RB VB NN . VB RB IN DT NNP NNP NNP IN NNP NNP , DT NNP NNP , TO VB JJR : WRB MD NNPS VB IN DT NN IN VBG NNS CC NNS IN DT NN . DT NN IN VBN `` NNS '' IN NNP NN -LRB- NN SYM CD -RRB- NNS VBZ RB VB TO VB RB JJ IN DT `` NNS '' VBP VBG , IN RB PRP MD VB IN EX VBZ DT NN TO VB IN VBG PRP IN PRP . DT NNS VBN IN NN NN , IN NN , VBP VBN VBN TO VB JJ NNS IN DT NNP NN -LRB- NNP SYM CD -RRB- , RB RB IN IN JJ JJ NNS CC JJ NN . NN NN , IN PRP RB RB VBP , VBZ DT RB JJ `` NN '' WDT RB IN NN MD VB IN PRP$ JJ NN NN . VBG NNS TO VB PRP RB MD VB DT JJ CC JJ NN TO VB JJ NN RB IN DT NN , CC CC PRP MD JJR TO RB RB VB . JJ NNS VBP RB RB VBN IN DT NN , RB IN NNP NNP , IN DT NN MD VB CC VB DT NN IN DT JJ NNS IN JJ NN HYPH NN , NNS IN NN NNS , CC NN IN NN . CC JJ NNPS VBP RB RB VBN CC VBN IN DT JJ NN TO RB RB VB NN WDT MD VB NNS CC NNS IN DT , VB PRP VBP , VB IN DT NNP NN -LRB- NNP SYM CD -RRB- . PRP RB VBZ DT JJ NN IN JJ NN IN DT NN TO VB DT NN IN DT NNS NNP VBD IN DT JJ NN IN PRP$ NN MD RB VB DT NN NN WDT NN VBZ VBG IN . CC RB JJ NNS , RB , VBP DT NN TO RB VB . RB , DT NN VBZ VBG IN DT CD JJ NNS IN DT NNP NN -LRB- NNP SYM CD -RRB- , IN PRP MD VB PRP . CC JJ IN DT VBP RB IN DT NN IN VBG JJ NNS IN JJS NNPS VBP RB IN DT NN IN VBG DT NN IN NN IN DT NN NN WDT VBZ PRP$ NN . DT NN VBD VBN IN NNP , NNP NN , CD IN CD NN CC VBZ VBN IN NNP , NNP . PRP MD VB DT NNS IN DT NN IN DT NN CD NN ."
881,1309,conspiracy,"`` NN IN NN '' VBZ CD NN NN IN VBG `` NN NN '' CC VBG `` JJ NN '' DT NN VBN IN DT NNP NNP IN JJ CD VBZ IN DT NNP VBZ VBN VBG TO VB DT NN CC NN IN NN NNS IN RB IN DT JJ `` NN '' . DT NN IN DT NNP VBZ , IN JJ JJ NNS , TO VB DT `` JJ NN NN , NN '' IN DT NNP NNS . DT NN MD VB VBG IN DT NN IN CD , IN DT `` NN NN '' VBN TO VB IN CD IN CD -LRB- VBG , IN IN RB , PRP VBZ RB RB RB -RRB- . TO VB DT NN : DT `` NN NN '' VBZ RB DT VBN NN IN DT NNP NN , CC RB DT JJ NN IN NNS VBG RB IN CD , WRB DT NNP VBD DT NN IN DT NN POS NN IN NNS VBN `` CD NNP IN NNP NNP '' IN DT NN IN DT NN , DT NNP RB VBD DT JJ NN VBN `` VBG CC VBG DT NN NN NN '' , IN : IN JJ NNS : DT NN IN DT NNP HYPH JJ NN NN NN . IN DT JJ NN IN CD DT NNS VBD RB VBN IN DT JJS NN IN DT DT `` NN NN '' , DT JJ HYPH NN NN NN TO VB NN `` NN CC NN '' IN VBG `` NN NNS '' CC VBG `` NN NN '' ."
882,64,mainstream,"DT NNP NNP NNP VBZ VBG VBN VBZ DT JJS NN IN DT NN NN IN DT JJ NN VBZ . CC IN JJR IN DT CD NN NNS IN NN , DT IN JJ NNS , VBG DT JJS CC JJS MD VB JJ NN . NNP NNP POS NNP NNP VBZ IN DT NN CC NN TO VB WP PRP VBP TO VB IN TO VB DT VBN NN . VBP PRP VB DT NN NN . IN DT JJ NN NN IN NN VBZ RB RB JJ IN DT JJ NN , DT NNS VBP VBN RB JJR IN PRP VBP DT NN . IN JJ NN WDT RB VBZ DT NN , DT JJ NN NN NN VBZ VBN JJR NNS . NN VBZ RB VBN IN JJ NNS CC DT IN JJ JJ NNS , VBG : NFP NN NN : NFP NN CC JJ NN NNS : NFP NN : NFP NN : NFP NN NN : NFP JJ NN : NFP JJ JJ NNS -LRB- VB IN PRP$ NN NN -RRB- PRP VBZ RB VBN IN DT NN VB VBN IN NNS CC NNS IN NNS IN IN CD NNS JJ , NNS IN DT NNS IN CD NNS CC CD NNS IN NN , DT WP VBP RB JJ , CC JJ NN NNS . IN PRP VBP VBN DT JJ NN -LRB- FW JJR IN DT JJ NN CC DT NN -RRB- IN DT NN IN RB DT NN NN MD RB VB JJ IN PRP . CC RB DT NN NN MD VB RB JJ IN JJ NN NNS WDT VBP DT JJ NN IN VBG JJ NN IN RB JJ JJ NN NNS . IN DT NN TO RB VB JJ NNS IN DT NN NN RP IN DT NN , DT JJ NNS VBP VBN JJ NNS WDT MD RB RB VB VBN IN PRP$ NN NNS . VBG IN DT NNP NNP NNP -LRB- NNP -RRB- , DT NNS VBP JJ . CC PRP MD VB RP RB WP VBZ IN DT NNP NN VBG VBN JJ IN PRP CC VB IN PRP$ NN IN PRP VBZ JJ IN PRP . RB VBZ DT VBN NN IN DT JJ NNS WDT VBP VBG NNS , DT NNS IN DT NNS , CC WDT NNS VBP VBN NNS : WP VBZ DT NN CC WRB VBZ PRP VBN IN NN NNS . NNS , VBN IN DT JJ NN NN `` TO VB '' , VBP NNS VBN TO VB DT NN POS NN TO VB DT RBR JJ NN IN PRP$ NN POS NN NN . VBG DT NN VBZ JJR IN IN DT NN -LRB- DT JJ NN NN -RRB- VBZ VBN IN PRP VBZ DT JJ NN IN VBG RP JJR NNS RB VBG VBN NN . NNS MD RB VB VB NN IN DT NN VBZ . PRP VBP VBN VBN IN DT IN DT NN HYPH VBG NN IN DT JJ NNS WP MD RB VB JJR NN IN JJR NN . DT NNP VBZ NNS IN DT NNS IN JJ JJ NN NNS VBN IN NNP VBZ VBN IN PRP VBP JJ TO VB . RB DT NNP NNS VBP NNS IN IN PRP VBZ DT NN IN PRP , PRP MD VB VBN . NNP VBD VBG JJ NN NNS IN DT NN JJ NN -LRB- NNP -RRB- WP VBZ JJ CC WRB VBZ PRP VBN IN NN NNS . NN VBZ DT RB VBG NN VBN IN NNS , NNS , CC NNS . PRP VBZ VBN IN DT JJ NNS IN DT NN -LRB- VB RB -RRB- . JJ JJ NNS VBP VBN IN NN VBZ VBN NN NNS IN NNS . PRP VBZ RB VBN VBN IN NNS VBN IN NNP NNS WP VBD IN DT JJ NNP NNP . DT NNP VBZ NN VBD RB VBN IN NNP NNS CC RB MD VB DT NN IN PRP$ NN NNS . PRP RB VBZ IN RB CD CD NNS IN NN HYPH VBG NN NN VBZ VBN RB VBN IN NNP CC PRP VBZ `` DT JJ NN '' . RB DT NN NNS VBP NN RB IN PRP DT NN IN PRP , PRP MD VB VBN . WP VBZ NN CC WRB VBZ PRP VBN IN NN NNS . NNP VBZ DT NN HYPH VBN NN WDT VBZ VBN VBN IN JJ NNS CC NNS IN JJR IN CD NNS . PRP VBZ VBN IN JJ NN NNS TO VB NN IN VBN NN . JJ HYPH NN NNS VBP RB VB NN CC JJ NNS VBP VBN JJ NN NNS TO VB JJ TO VB JJR NNS RBR . RB DT JJ NNS VBP VBG NN IN PRP$ NN NNS IN PRP RB VBG DT NN IN PRP$ JJ NN NN . NNP VBD VBN IN DT NNP NNS IN DT `` JJ NN '' RB IN EX VBZ DT NN PRP VBZ JJ . PRP VBZ RB VBN VBN IN NN NNS IN NNP IN CD CC MD VB VBN IN JJS NNP NNS VBG IN DT NNP CC NNP . IN NN NN IN DT NN , EX VBZ DT JJ NN RB IN DT NN IN NN IN NNS VBZ VBN DT JJ CC JJ NNS , JJ IN NN , NN NNP NNP NNP -LRB- NNP -RRB- CC DT JJ NN NN . NNP HYPH JJ NNS MD VB JJ IN DT NNP . NNP HYPH NNP NN -LRB- NN -RRB- VBZ DT JJ CC RB JJ NN VBG DT NN POS NNS . WP VBZ NN VBZ RB JJ , CC PRP RB VBZ IN NNS JJ IN NN NNS , NNS CC NNS . PRP VBZ VBN TO VB IN IN DT NN NN RB VBG DT NN POS JJ NNS . DT VBZ IN NN NN CC RB NN , WDT MD VB IN NNS IN NNS . JJS NNS VBP RB CC DT NNS MD VB JJ IN DT . MD PRP VB NNP HYPH NNP NN IN DT NNP NN . DT NNS IN NN VBG PRP IN DT NN NN -LRB- RB RB NN -RRB- VBP RB JJ : RB CD IN DT CD . CC NNS RB VBP IN NN VBZ CD IN CD NNS RBR JJ IN DT NN IN DT JJ NN IN IN DT NN NN . IN DT NNP IN CD DT NN VBN IN DT JJ NN IN NN NN VBD VBN IN RB CD SYM CD NNS VBG NN , CC RB CD NN IN CD NNS VBN . PDT DT JJ NN IN NNP IN NN NNS VBZ RB VBN VBN RB . DT JJ VBZ DT NN IN NN JJ IN DT NNS IN DT NNP NNP NNP CC DT NNP IN NNP NNP CC NNP . PRP MD RB VB VBN IN DT NN IN JJ NN . NNP NNP VBZ RB JJ CC JJ IN DT NN IN DT NN VBN IN DT NN VBN RB . NNP NNP VBZ RB JJ IN DT NNS IN DT JJ NN NNS VBN , CC VBZ PRP VB DT JJ NN CC NN VBN CC VBN IN DT IN DT NNS . IN JJ IN DT NN NN CC WP NNS MD VB JJ IN PRP$ NN VB PRP$ NN NN CC JJ NN CC VB :"
883,603,conspiracy,"DT NNP NNP NN NN NN VBZ PRP VBZ VBN TO VB RP NN IN PRP$ NNS IN DT JJ NN , IN WDT PRP VBZ PRP$ NNS POS NN IN NN NNS . VBN IN NN JJ NN , NNP NNP NNP NNP NNP NNP NNP CC PRP$ NN VBD JJ NNS IN NNS IN DT NN VBN IN DT NNP NN POS JJ NNP NN . `` PRP VBP RB TO VB PRP IN NNS MD CC VBP VB NN , '' PRP VBZ IN DT NN VBN NNP . NNP CC PRP$ NN VB DT NN IN WRB PRP$ NN NN NNP VBD DT NN HYPH NN NN RB IN VBG PRP$ VBN NNS IN IN DT NN . `` PRP VBD RB JJ . PRP VBD JJ IN WRB PRP VBD TO VB PRP RP TO VB IN PRP MD VB PRP CC VB VBG , '' NNP NNP VBD VBG PRP$ NN POS NN HYPH JJ NNS . DT NN CC NN RB VBD PRP$ NN NNP POS JJ CC JJ NNS RB IN VBG VBN . `` PRP VBD DT RB JJ NN . PRP VBD RB JJ . PRP VBD RB JJ . PRP MD VB DT NN . PRP MD VB IN PRP TO VB PRP IN DT NNS , '' PRP VBD . `` PRP VBD UH CD NNS , PRP VBD IN DT NN IN NNS CC PRP RB VBD VBG DT -LRB- NNS -RRB- . IN DT NN , '' NNP VBD , VBG PRP IN RB VBD PRP VBD JJ . `` CC RB RB PRP VBP DT IN PRP VBD IN DT NN IN DT VBZ RB JJ RB , '' NNP VBD , IN NNP VBG PRP VBD JJ IN NNP VBD VBG NN NN . `` EX VBZ DT JJ NN RB RB , '' NNP VBZ . `` PRP VBD RB VBG IN PRP . PRP VBD VBG IN PRP$ NN RB . CC RB PRP VBD RB VBG DT NN IN JJ : RB NN NNS RB VBG DT NN PRP VBD VBN . '' NNP VBZ IN DT NN PRP VBD IN DT NN WP VBD IN DT NN IN DT NNP JJ NN , WP VBD PRP PRP RB VBD DT IN PRP$ CD NNS . `` PRP VBP NN . PRP VBP DT NN IN DT NN . RB PRP VBP IN NN . PRP VBP TO VB NN WRB PRP VBZ PRP . PRP VBP RB VB DT NN . RB PRP VBD DT JJ NN IN VBG IN DT NN , '' NNP VBZ . `` IN DT NN IN PRP$ NN PRP VBP NN , '' PRP VBZ . `` CC WP VBZ VBN VBN IN PRP IN DT NN : RB IN PRP$ JJ JJ NN : VBZ JJ . IN PRP VBZ JJ , CC RB DT NN VBZ DT JJ . '' RB DT NN VBZ VBG RP IN NN IN DT NN CC NNS IN NNP , VBG PRP VBZ DT JJ NN NN TO VB PRP$ NN . `` DT VBP JJ IN NNP , DT VBN NN , VBD VBN VBG DT NN IN PRP$ NN IN DT NN NN , '' VBZ NNP NNP . NNP VBZ PRP VBZ VBN TO VB PRP$ NN IN IN NN IN JJ VBN NNS JJ IN NNP NNP CC JJ NNP NNP NNP VBD JJ NNS VBG NN NN . `` PRP VBP RB VBG PRP$ NN IN PRP . PRP VBP VBG PRP PRP$ NN CC PRP VBP PRP VBP VBN IN PRP , '' PRP VBD NNP NNP NNP . DT NNP NNP NN , NNP NNP , VBD RP NNP CC PRP$ NN TO VB DT NN . `` PRP VBZ DT JJ NN . PRP VBZ JJ . PRP VBZ DT NN IN NN . PRP VBP DT NN IN NN . PRP VBP WP PRP VBZ IN , '' NNP VBD IN NNP . IN DT NN , NNP VBZ PRP MD VB VBG NNS CC VBG IN NNS , CC VBG NNS TO VB PRP$ JJ NN IN VBG . `` PRP$ NNS VBP RB PRP$ NNS IN DT NN , IN DT NN , WP VBZ TO VB DT NN NN . NNS VBP VBN TO VB DT JJ NN NN IN DT NN . PRP VBP DT VBZ RB DT RB JJ NN , '' PRP VBD . JJ : NNP : NNS VBD CD IN PRP$ NNS POS NNS JJ DT NN NN IN JJ NN NNS VBZ RB IN NN . VB NN NN NN IN CD NN RP IN JJ NN NNS CC JJ NN NN ."
884,276,mainstream,"DT NNP CD , CD NN IN DT NNP IN NNP NNP IN NNP , DT JJ NN VBN IN NNP POS NNP HYPH CD NN NN JJ NN IN DT NNP IN NNP NNP IN NNP IN NNP , VBZ DT NN . RB RB NN IN NNPS VBP PRP MD VB DT NN HYPH CD NN IN DT NNS VBG RB TO VB CD NN , VBG IN DT NN VBN NNP CD SYM CD IN DT NNP NNP HYPH NNP NNP IN NNP NNPS NNP . -LRB- NNP IN NNP NNP IN NNP IN NNP -RRB- NNP IN NNP NNP IN NNP , NNP NNP RB RB NN IN NNPS VBP PRP MD VB DT NN HYPH CD NN IN DT NNS VBG RB TO VB CD NN , VBG IN DT JJ NN IN . DT VBZ RB JJ VBG DT NN VBG IN DT IN DT NN WDT VBZ VBN DT NN IN RB VBG IN NNP RB JJ NN . CC JJR NNS MD RB VB RP PRP$ NNS : DT NN , VBN NNP , VBD CD NN RB VBD RB JJ IN PRP MD VB VBN . DT CD IN CD VBD PRP MD VB . NN NNS RB VBP IN DT NN IN NN VBZ IN NNP NNP NNP POS NN IN DT CD CD HYPH NN NN IN NNP VBP . RB NN CC NN MD VB , CC DT JJ NN VBZ DT NN VBZ RB JJ . `` PRP VBZ RB JJR TO IN HYPH NN CC RB HYPH VB , '' VBD NNP NNP NNP , DT JJ NN NN IN NNP NNP NNP NNP . `` DT JJ VBZ JJ CC DT VBZ WRB PRP VBP IN DT IN DT NNS , PRP VBP VBG TO VB DT JJ NN NN TO VB DT NN , '' PRP VBD . IN NNPS WP VBP PRP MD RB VB VBN , CD IN CD VBP IN NN . `` PRP VBP RB DT NN , '' VBD NNP NNP , CD , IN NNP NNP , NNP . CC , `` TO VB DT NN HYPH CD NN IN DT NN CC CD , VBZ PRP TO VB IN PRP MD RB VB RB VBN IN IN NN NNS . '' NNP NNP NNP , WP VBZ DT NNP NNPS IN NNP , VBZ NN VBZ DT JJ NN . DT NNP VBZ VBG DT NN NN IN VBG DT VBG NNP HYPH CD NN NNS IN NNS IN NNS IN NNS , TO VB IN PRP RB VBP CC RB IN PRP VBP JJ . `` PRP MD RB VB NNS TO VB IN PRP VBP VBG NNS IN DT MD VB DT JJ NN . PRP VBP DT VBZ DT NN TO VB TO VB NNS , CC RB TO VB NN , '' NNP VBD DT NNP RBR DT NN . `` RB DT JJS NN WDT MD VB VBZ IN PRP VBP IN DT NN WDT VBZ RP TO VB JJ NN NNS , '' NNP VBD . IN DT WP VBP DT NN , DT NNP HYPH NNP NN VBD VBG PRP , PRP$ NN CC DT NN VBP DT JJ NNS . `` PRP VBP RB VBG TO VB PRP , '' VBD NNP NNP , CD , IN NNP , NNP . `` IN DT NN WP VBZ NN IN PRP$ NN , PRP VBP , PRP VBZ JJ IN PRP TO VB VBN RB RB IN PRP VBZ JJ TO RBR VB PRP$ NN . '' CC RB CD IN CD IN DT WP MD VB VBN VB NN MD RB VB RB IN JJ IN DT NN . DT NN NN IN PRP$ NN POS NN NN , NNP VBZ IN NN IN NN VBG IN JJ NNS , CC VBD DT IN PRP$ NNS RB VBP VBG RB IN NN TO VB IN HYPH DT HYPH NN NN . DT JJ NN VBZ RBS JJ IN JJR NNS CC NNS IN DT NN WP VBP JJ NN NNS JJ IN NN CC NN NN . DT NN VBD CD NN IN NNS CD CC JJR VBP PRP MD VB VBN , VBN IN CD NN WP VBP JJR . CC NN NNS VBP JJ CC JJ NNPS VBP RBR JJ IN NN HYPH CD , IN IN JJ NN IN NN NN CC JJ NNS . CC DT NN VBD RB CD NN IN JJ NNPS CC CD NN IN NNPS MD VB DT NN VBN IN CD NN IN NNS . IN NNS WP VBP RB VB DT NN , RB CD IN CD VBP PRP VBP JJ IN VBG NN HYPH CD IN DT NN . CC JJS IN DT VBG NN NNS VBP RB VB DT NN PRP , VBG PRP MD VB NN . CC CD IN CD WP VBP RB VB DT NN VBP RB VB VBG RB JJ IN DT NN . RB CD CD NNS RB VBP VBN VBN VBN IN DT NN , CC JJR IN CD NNS VBP VBN VBN , VBG RB CD IN DT NNP , VBG IN DT NN VBN IN NNP NNP NNP . NNS VBP DT JJ NN VBZ RB JJR . CC IN JJS NNS WP VBP NNP HYPH CD VBP JJ NNS CC VBP , NNS RB VBP VBG DT NN NNS IN RB JJ NNS IN RB VBG NN : IN NN NNS IN NN CC NN NN IN DT JJS NN , DT NN HYPH VBG JJ NN IN NNS . WDT DT JJ NNS VBP IN WRB RB PRP VBZ , NN NNS VBP DT JJ NN VBZ JJR IN DT JJ NN . CC DT NN VBZ DT NN MD VB RB RBR JJ IN DT JJ NN NN . RB , VBP IN JJ NNS IN NN CC VBN TO VB . JJ NNS VBP VBG CD IN DT JJS NNS RB RB , TO VB DT NNP NNP HYPH VBN VBN IN CD NNS . IN PDT DT NNS IN DT NNP NN POS `` , '' RB CD NN IN NNPS VBP DT NN TO VB JJ IN DT NN IN NN POS NN , DT NN VBD . JJS VBP RB JJ NN VBZ RBR JJ . JJ NNS VBN IN WRB DT NN VBZ DT NN VBP VBN IN NN IN DT NN , RB . JJR IN NN IN NNPS VBP DT NN JJ IN NN , VBN IN RB DT NN IN NNPS . IN CD NN IN NNPS MD VB DT NN , RB CD NN IN NNPS VBP DT JJ . `` EX VBZ RB DT JJ NN IN NN IN VBG DT NN , '' VBD NNP NNP , WP VBZ NNP POS JJ NN NN . `` EX VBZ DT NN IN NN TO VB IN NNPS IN DT NN CC DT NN IN DT NN . '' DT NNP HYPH NNP NN IN CD NNS VBD VBN NNP CD SYM CD VBG DT NN VBN IN NNP POS NN HYPH VBN NNP NNP , WDT VBZ VBN TO VB JJ IN DT NNP NN . DT NN IN NN NN IN DT NNS VBZ CC CC RB CD NN NNS ."
885,4,conspiracy,"IN NNP HYPH CD VBD RB VBN IN DT NNP NNPS , NNP NNP , DT JJ NN NN NN WP RB VBZ NNP NNP NNP IN NNP , VBD IN JJ NNS IN DT NN IN PRP MD . PRP VBD PRP MD VB RB RB CC VBD TO VB JJ TO VB DT WP VBD CC VBD PRP . RB , IN VBG NNS IN NNS , PRP CC PRP$ NN NN , NN NNP NNP , VBP PRP VBP JJ NNS TO VB DT NNS IN NNP HYPH CD . PRP$ NN : NNP HYPH CD VBZ RBR JJ CC RBR JJ IN PRP VBP . PRP VBZ JJ IN NN CC PRP MD RB VB NN CC VB VBG DT NN IN DT JJ NN PRP VBD RB VBN TO VB . `` CD NNS RB PRP VBD RB VB DT RB PRP VBP VBG PRP IN NN RB , '' NNP VBD NNP IN DT NN NN VBN IN PRP$ NNP NNP JJ NN . NNP NNP NNP NNP NNPS NN NNP NNP CC DT NN VBN IN DT NNP VBD PRP VBD RB VB IN DT NNS POS NN TO VB JJ NN CC RB VB VBG NN . `` DT VBZ DT JJ HYPH VBN NN . PRP VBZ RB JJ TO VB DT RB RP IN PRP VBZ RB NN , '' VBD NNP NNP , NN NN IN JJ NN IN NNP NNP . `` EX VBZ DT NN NN WDT VBZ NN IN NNP NNP VBZ RB RB . '' VBN JJ NN VBZ VBN CD NN SYM CD NNS IN PRP$ CD NNP NNS , NNP VBD : WDT VBZ JJR IN PDT DT CD NNS VBN RB RB IN NNP NNP . IN DT , CD VBD JJ , VBG IN NNP . IN DT NN IN JJ NNS VBD VBN TO VB DT JJ NN IN NNP NNP , WDT VBZ RB CD , PRP MD VB RB CD NNS IN NNP VBP VBN DT NN , RB JJR IN DT RB CD NN VBN , NNP VBD . IN JJ NNS MD `` VB EX VBZ DT JJ -LRB- NN HYPH CD -RRB- NN , JJ IN NN , '' NNP VBD . CC IN PRP VBP RB VB DT NN IN NN , MD PRP VB VBG PRP IN NN . `` PRP VBZ IN VBG IN NNS CC VBG PRP VBP RB VBG WP PRP VBP VBN VBG IN IN DT JJ CD IN CD NNS , '' VBD NNP , VBG IN NNS IN IN IN CD NNPS MD VB IN DT NN CC NNS MD VB VBN IN NNS . `` PRP VBP VBN DT NN . EX VBZ DT NN IN JJ NNS VBG RP . VBZ JJ NN VBN IN DT JJ . '' VBG DT JJ NN , NNP VBZ CD NN IN DT NN JJ , CC DT CD CD NNPS , VBP RB VBN NN HYPH CD . IN RB CD NNS RB RB IN NNP , DT VBZ DT JJ NN NN IN RB CD NN , PRP VBD . `` VBZ DT -LRB- JJ NN NN -RRB- VB VBG IN NN . VBZ DT VB VBG RP JJ NNS . VBZ DT VB VBG IN IN NN . '' NNP VBD . RB , RB CD NNS VBP VBN IN NN IN IN NNP . IN CD CC CD VBP IN NN RB , NNP VBD , VBG NNP NNS . DT JJ NNS IN DT NN VBP JJ , RB , PRP VBD . PRP VBP DT JJ NN IN NNS IN NNS CC RB NNP POS JJ NN NN , WRB NN VBP RB VBG NNS IN NN HYPH CD DT NNS ."
886,213,mainstream,"DT NN VBN IN VBG DT JJS NNS RB VBZ NNP NNP , NN IN DT NN NN . DT NN VBD DT RB JJR NN NN IN DT JJ NN WDT VBZ VBG JJ NNS IN PRP$ NNS RB RB , RB CD NN IN NNS CC CD NN IN NNS WP VBD NN VBD IN PRP . IN DT JJ NN RB , PRP VBD JJR IN CD CD NNS IN DT NN VBD PRP RB IN CD . DT NN NN VBZ VBN TO VB VBN CD CD NNS IN NN RB IN CD , CC VBD CD NNS , VBG IN DT NNP NNP NNP . DT JJ NN NN IN NNS WDT VBD IN CD VBD DT VBN CD CD NNS IN CD , DT NN VBD . CC IN DT JJ NNS IN NN IN NN , RB JJ NNS VBP VBN CC VBP JJ IN DT NN WDT JJ NNS VBN IN DT NN IN NNS VBD JJ TO VB PRP . DT JJ NN VBZ VBN IN DT NN IN DT JJ NN , WP$ JJ NNS VBP NNS VBP TO VB DT NNS IN NNP NNP . PRP VBP DT NN IN DT NN NN VBD RB RB JJ IN VBG DT NN IN PRP RB RBR VBZ RB VBN . RB EX VBP DT JJ NNS IN NN VBZ VBN IN NNS , VBN IN DT JJ NN WDT VBD RB RB VBN . VBP NNS JJ TO VB VBG IN NNS RB . IN JJ NN CC JJ NNS TO VB IN DT NN IN NN HYPH CD VBP VBN RP , NNS VBP RB VBG IN DT NNP NNP HYPH JJ NN IN DT NN IN DT NN WDT MD VB IN DT NN . WRB DT NN VBZ IN PRP , NN VBZ VBG RB JJ . EX VBZ VBG NN IN DT NN , CC VBG NN RB RB . DT NN , NNS VBP VBN WP VBZ IN DT JJ NN IN DT NN : DT NN IN NNP VBG DT JJ NN IN DT JJ NN IN DT JJ NN . PRP VBD VBN IN DT NNP NN VBN NNP , CD IN NNS IN NNS VBG IN DT NN IN DT NN . JJ NNS RB VBD IN DT NN IN NN NNS RB VBD IN DT NN IN VBG DT JJ NN NN , RB RB . DT NNP NNP NN NN VBZ RB VBG IN DT NN . DT NN IN NN VBZ VBN VBN JJ IN NN IN DT NN IN JJ NNS WP VBD IN VBG DT JJ NN IN DT NN WDT VBZ NN HYPH CD . CC RB RB IN PDT DT VBZ , VB RB VB DT NN NN NN TO VB VBG IN PRP RB RB . IN DT NNS IN DT JJ NN WDT NNS VBP RB VBN RB RB IN VBG IN NN , PRP RB VBP IN DT JJR CC JJR NN IN JJS JJ NNS . IN JJ HYPH NN , PRP RB VBZ CD IN CD NNS IN PRP TO VB JJ NN IN DT NNP NNPS . DT JJ NN VBN DT NN VBZ RB VBG VBN IN NN RB , PRP VBZ IN DT JJ NN IN NN , WDT VBZ RB IN PRP$ NN IN NNS . IN JJS CD JJR NNS RB VB , PRP VBP IN IN DT NN VBZ CC WP DT JJ NN NNS VBP , IN NN IN VBG TO VB IN NN . PRP VBZ JJ VBG IN JJ VBN NNS RB VBP PRP PDT DT NN IN NN , WP VBZ JJ IN RB RB VBZ JJ WRB VBN IN JJ NN . IN JJ NNS , NNS MD VB RB HYPH VBN , CC RB VBZ DT JJ NN . JJ NN NNS VBP VBN IN RB IN DT JJ NNS VBP TO VB JJ , DT RB HYPH VBN NN MD RB VB JJ IN CD NNS , RB DT JJ NN RBR . CC DT NN NN VBN IN NNP , VBG JJ NN VBN NN NN , VBZ RB IN DT NN VBN IN DT NN VBG VBN IN NN , IN DT VBZ RB VB PRP MD RB VB . RB IN JJ NNS , NN VBZ JJ . DT JJ NN MD VB JJR NN IN JJ IN VBG NNS DT JJ NN IN PRP VBP VBN . CC DT NNP NNPS CC NNS IN DT NN MD VB VBG DT NN HYPH NN NNS IN DT NN JJ , CC RB HYPH VBG DT WDT VBP JJ CC JJ . NNP HYPH CD VBZ VBG PRP$ NNS CC PRP$ NN , IN NN PRP VBP DT NN TO VB PRP IN PRP$ NNS RB RB IN JJ . CC VB DT NN WRB : MD PRP RB VB : NNS VBP VBN NN HYPH CD RB DT NN , PRP VBZ JJ TO VB IN JJ NNS WP VBD RB VB IN PRP MD VB IN DT NN IN RBR JJ IN DT NN ."
887,742,mainstream,"WP VBP DT NNS IN NN IN PRP$ JJ NN . NN : PRP VBP DT CD NNS JJ JJ NN . RB , PRP VBP VBG PRP$ NN IN DT NNS IN NNS , NN NN , JJ , FW . PRP VBP RB JJ IN DT JJ NN , CC RB , DT NN VBZ RB JJ . IN NNS , PRP VBP RB JJ VBG IN PRP$ NN MD VB JJR CC RB . MD PRP$ NN RB VB JJ IN JJ NNS . MD PRP VB JJ TO VB RB . NFP EX VBZ NN JJ IN PRP$ NN NNS IN PRP$ NN . PRP VBZ JJ CC TO VB VBN . NN VBZ DT NN IN DT JJ NN IN NNS . PRP VBZ RB JJ RB IN NNS TO VB WP RB DT NN MD VB . RB , PRP VBZ JJ . RB RB RB IN EX VBZ DT NN PRP MD VB NN . DT NNS WP VBP JJ MD VB DT JJ NN IN NN CC RB NN . NNS MD VB JJ NNS . PRP MD VB JJR IN PRP TO VB WRB JJS PRP MD VB PRP$ NN , RB IN VB PRP IN JJ NNS . PRP VBZ JJ IN PRP MD VB RBR JJ IN DT NNS , WRB DT NN IN PRP TO VB VBZ RP . PRP MD RB VB JJR CC RBR JJ IN NNS ."
888,157,mainstream,"NN , IN PRP$ RBS JJ , VBZ DT JJ JJ NN , CC JJ NNS VBP VBN IN NN NN NNS VBP RB RBR JJ IN RB VBN . RB , IN CD IN DT RBS JJ JJ NNS , NN VBZ RB RB VBN NNS TO VB PRP$ JJ NNS IN DT NN IN NNS . JJ JJ HYPH NN NNS IN NN HYPH NN NNS VBP VBN JJ JJ NNS , CC DT NNS VBP VBN JJ CC JJ NN CC NN NNS VBP VBN TO VB DT JJ NNS . JJ NNS IN NN IN DT JJ NN CC NN NNS , CC NN IN NN CC JJ NNS , VBP VBN NN NN CC VBN NN NN RBR JJ CC NN HYPH JJ . VBG NNS IN DT NN IN JJ JJ NN CC DT NN IN NNS VBP VBG JJ JJ NNS VBG NN NN , IN NNS VBP VBG VBN IN DT NN TO VB RP DT NN IN DT NN CC VB JJ NNS . IN DT JJ NNS JJ JJ NN VBP VBN JJ RB RB , DT NN IN DT NN VBZ JJ ."
889,262,mainstream,"NNP -LRB- NNP -RRB- , JJ NN NNP , IN WDT DT NN VBZ VBG DT JJ NN TO VB VB DT NN HYPH CD NN , VBZ VBG DT JJ JJ NN IN DT NNP NNPS JJ NN , DT NN NN NN VBN IN NNP IN NNP VBD . DT JJ NN VBZ TO VB CD CD NNS -LRB- $ CD CD -RRB- IN DT CD NN NN IN RB VBN NN TO VB DT JJR NN IN DT NN NN POS NN IN DT NN VBN IN DT JJ NN . DT NN NN VBD IN DT NN IN NN POS NN NN VBN NNP CD IN NNP '' RB VBZ DT JJ NN NN CC VBZ DT NN IN DT NNP IN NNP NNP IN NNP CD . '' JJ NN NNS VBP DT NNP IN DT NNP NN NN VBZ DT JJ NN IN RB VBN NN NNS , NNS VBP . JJ NN NNS NNP CC NNPS VBP RB VBN NNP NNS . DT NN VBD IN PRP$ NN IN DT NN TO VB DT NN IN NNP VBD TO VB VBN RB VBN JJ NNS VBN IN DT VBN NN , WDT VBZ VBN TO VB NN IN NNP . NN NNP NNP NNP IN NNP VBD DT JJR NNP NN IN NNP MD VB DT NN IN DT JJ NN NN . DT NN VBZ DT NN IN CD CD NNS . DT VBZ VBN NNS IN DT NNP NN TO VB NNP CC PRP$ NNS IN NNP , WDT VBD DT NN IN NNP , IN NN NNS VBG NN IN VBG NNP NNP . NNP VBD DT NN VBD TO VB DT NN NNS CC NN NNS IN NNP , CC IN PRP MD RB VB DT NN IN NNP POS NN NN . `` IN DT NN PRP VBP TO VB NN JJ NN IN IN PRP MD VB TO VB IN NN NN IN DT JJ NN , '' NNP VBD DT NN NN . DT NN NN VBD DT NN VBD JJ NNS IN VBG RB JJ IN JJ NNS IN NN NNS CC NN . VBG DT NN VBG NN IN DT NN POS CD NN NN NNS , NNP CC NNP , DT NN VBD PRP JJ NNS IN NNP TO VB JJ JJ NN NNS IN NN NNS . NNP NNP , NN IN NN NN NN CC NN IN DT JJR IN CD NN NN IN NNP , VBD NN IN DT VBG NNP NNS MD VB NNS IN DT NN , CC IN PRP$ NNS MD VB VBN IN DT NN IN DT NN NN ."
890,1212,mainstream,"DT NNS IN NNS WP VBP NN NN NN VBP JJR IN DT IN JJ NNS , DT NN WDT VBZ TO VB IN PRP VBP CD NNS JJ , VBG IN DT JJ NN . IN CD , NNS IN DT NNP IN NNP NNP IN NNP NNP VBD IN CD HYPH NN HYPH JJ NNS IN NN VBD NNS IN IN CD NN JJR IN JJ NNS IN DT JJ NN . DT JJ NN VBZ IN DT NNS IN VBN NNS IN NN CD VBD TO VB VBN NNS IN NNS CD CC CD , CC IN RB JJR IN DT NN IN NN CD . `` NN NN VBG IN VBN NN IN DT NN IN DT NN VBZ RBS RB JJ IN NN CC DT NN IN DT NN IN DT NN IN NNS IN DT VBG NN , '' NN NN NNP NNP NNP , DT JJ NN IN NNP POS NNP IN NNP , VBD IN DT NN . NNP CC PRP$ NNS VBD JJ NNS CC JJ NN NN -LRB- NNP -RRB- NNS IN CD NNS IN NN CD , IN WP CD VBD VBN DT NN NN . RB CD NNS RBR , PRP CC PRP$ NNS VBD DT NNS IN DT JJ NNS WP VBD RB JJ IN PRP : CD IN DT , IN WP CD VBD DT NN NN NN NN . DT NNS VBD IN NNS IN DT NN NN NN VBD JJR NN NN -LRB- VBG JJR JJ CC JJ NN -RRB- IN DT NNS IN NNS IN NN . RB , DT NN IN NN NN VBD VBN JJ IN DT NN VBN IN NNS WP VBD RB VB NN . NN VBZ VBN IN DT NN NN VBZ IN DT JJ NN IN DT JJ NN IN NN , CC DT JJ NN VBZ IN EX VBZ DT NN IN NN IN JJ NN CC NN NN , DT NN VBD . `` PRP VBZ JJ IN NN NN RB VBZ IN DT NN IN JJ NN , RB IN DT JJ NN IN JJ NN , '' DT NNS VBD . PRP$ NN VBZ IN DT NNP CD NN IN NNPS IN NNP NNP . VB PRP RP : DT NNS IN NNS IN NN VBP JJR IN NNS IN DT NN . DT NN VBD VBN IN NNP , DT NN NN IN NNP ."
891,171,mainstream,"NN IN CC JJ NN IN NN DT VBG NN VBZ VBN IN DT NN IN CC JJ NN IN NN : NN : NN IN JJ NN WDT VBZ JJ NN CC NN , CC VBZ JJ CC JJ NN . WDT NN IN NN VBZ NN . NN MD VB VBN IN DT IN DT VBG : NFP NN : MD VB JJ , JJ , JJ , JJ , JJ , JJ CC DT NN IN DT . NFP JJ NN : DT NN VBN IN DT NNP NNPS CC NNP TO VB JJ NNS JJ IN JJ CC JJ NNS , VBN JJ IN NN CD . SYM NN : NFP JJ NN : VB IN DT NN IN DT NN POS NN , RB VBG DT NN . NFP JJ NN : CC NN IN JJ NN , VBZ DT NN IN DT NN CC NN IN DT NN CC JJ JJ NN . NNS IN NN VBP RB JJ . JJ NNS MD VB DT JJ NN IN NNS . RB VBP DT IN DT RBR JJ NNS : NFP NN IN NN NN : NN TO VB NN NN CC NNS IN NN CC VB WRB VBG IN NN POS NNS NFP NNS : NN IN NN CC NN IN JJ NN NFP JJ NN NN : IN HYPH CC IN HYPH NN IN JJ NN SYM NN : NN TO VB DT NN NFP NN : JJ NNS CC NNS WDT VBP DT NNS CC VBP NN CC , CC JJ NN SYM NN NN : DT NN IN NN RB VBN IN NNS IN DT JJR NN . SYM NN : DT JJ NN NN IN NN VBG IN JJ NNS , NN NNS , CC JJ CC JJ NN . NFP NN NN : DT NN IN NNS VBN IN JJ JJ NNS IN DT JJ CC JJ NN IN JJ NNS -LRB- NN -RRB- . NFP NNS JJ IN NN NN NNS : JJ IN JJ NN NN CC NN . NFP JJ NN : JJ NNS JJ IN JJ CC JJ NNS , VBN JJ IN NN CD . SYM JJ NN NN -LRB- NN -RRB- : NNP HYPH NNP NN , CC NNP POS NN -LRB- RBR RB VBN IN NNP JJ NNS -RRB- , VBZ DT JJ NN WDT VBZ DT RBS JJ VBN JJ HYPH NN NN IN NN CC DT RBS JJ VBN NN IN JJ NN IN NNS . NFP NN NN : JJ NN IN NN NNS VBN IN DT JJ JJ NN . NFP VBG NN : DT NN VBG JJ NNS IN NN IN WDT DT NN VBZ NN VBG IN DT JJ NN , RB VBN IN DT JJ NN CC NNS . NFP JJ JJ NN -LRB- NNP -RRB- : IN VBN IN JJ JJ NNS -LRB- NN -RRB- , VBZ IN DT NN IN CD NNS VBN IN NNS IN DT NN IN JJ JJ NNS VBG NN CC NN . NFP NN HYPH NN : -LRB- NN HYPH NNP -RRB- VBZ DT JJ JJ NN -LRB- NN -RRB- , CC VBZ RB VBN CD IN DT CD NN NN NNS -LRB- NNP -RRB- . NFP NNP NN : DT JJ NN IN DT JJ NN IN DT NN WDT RB RB VBZ NNS , RB VBN TO VB DT NN IN NN . SYM NN JJ NN NN : DT NN IN VBG CC VBG NN . SYM NN NN NN : NN , VBZ DT NN VBN IN CD IN NNP NNP HYPH NNP CC PRP$ NNS IN DT NNP NNP NNP IN NNP , NNP . NFP NN IN NN : DT NN IN NNS VBG NN NN NNS -LRB- NNP -RRB- . SYM NNS IN NN : DT NN IN JJ NNS IN NN . SYM NN NN : DT NN WDT VBZ CC WRB DT NN VBZ CC WRB DT NN VBZ DT JJ NN VBN IN DT . NFP NN NN : RB VBN NNP NNP NNS -LRB- NNP -RRB- , VBP DT JJ NN IN NNS WDT VBP VBN IN DT JJ NN HYPH VBN NN , RB VBG IN DT JJ JJ NN IN CD NN , IN RB DT JJ NN VBG NN . NFP JJ JJ NN NN -LRB- NNP -RRB- : RB VBN DT JJ NN NN -LRB- NNP -RRB- , VBZ IN DT JJ JJ HYPH JJ NN , RB VBN IN DT JJ NN TO VB NN CC TO `` VB DT JJ NN '' , VBZ DT JJ NN IN NN CC JJ NN NN NNS . NFP VBN NN NN : DT NN WDT DT VBP VBN MD VB RB JJ CC RB VBG , RB IN DT NN VBZ RB VBN . SYM NNP NNP : DT NN POS JJS NN NN NN WDT VBZ NN NN CC VBZ NN CC NN NNS VBN IN NNS , NNS , CC DT NN , DT VBP VBN IN PRP VBZ JJ CC JJ . NFP NNS IN NN : VB DT NN IN DT JJ NN IN NN , PRP$ NNS CC NNS . SYM NN HYPH JJ , NN HYPH JJ NN : NN WDT VBZ NN NN IN NN CC NN . NFP JJ NN NN : DT JJ NN IN NN IN DT NN JJR IN JJ NN . SYM NN NN CC NN : VBD DT NN IN JJ NN WDT VBD DT NN NN . SYM NN NN : DT VBG NN IN NNS IN NNS VBN IN NN CC NN , RB RB VBN TO VB DT NN . SYM NN CC NNS : VBG VBN NNS IN NNS VBG DT NN HYPH VBN NN NN VBP IN DT NN IN NN CC JJ NN NN NNS . NFP JJ NN : JJ NNS VBP RB VBN PRP$ NN . SYM NN NN : -LRB- RB VBN NNP , RB VBN JJ JJ NN CC NN -RRB- VBZ DT JJ NN NN VBN IN NNS , NNS , NN NNS , NNS , CC NNS . SYM NN NN : DT NN IN NN NNS TO VB JJ NNS IN DT NN . RB JJ IN NN . SYM VBN NN : DT VBN NN WDT VBZ TO VB JJ NNS TO VB . SYM NN : DT NN WDT VBZ DT NNS IN DT NN , CC RB RB , NN NN IN DT NN . JJ IN NN . -LRB- LS -RRB- NFP NN NN : DT NN IN DT NN , NN , NN , CC NN IN NNS NFP NNP NNP -LRB- VBN CD -RRB- VBZ DT JJ NN IN NN NN CC NN IN NNP NNP NNP , VBG NN , CC NN IN DT NN NN IN NN NN . SYM NNP NNP -LRB- CD -RRB- VBD DT RBS HYPH VBG JJ NN , NN , NN HYPH NN , NN CC NN VBN IN NN IN VBG VBN IN DT JJ NN IN CD IN NN CD , VBN JJ NNS IN NN CC VBN VBN IN NN , IN NN IN NN , JJ CC JJ JJ NNS IN NN . SYM NNP NNP -LRB- NN -RRB- VBZ DT NN NNS NN WP VBD DT JJ NN `` VB RB VB IN PRP . '' NFP JJ NN : DT JJ NN IN DT JJ NN IN CD CC JJR NNS . NFP VB IN JJ NNS IN DT JJ NN : JJ NNS WP VBP VBN VBN TO VB JJ . SYM NN NNS NN -LRB- NN -RRB- : -LRB- DT NN IN DT NN NN , RB VBN IN DT JJ NN CC JJ NN NN -RRB- VBZ DT JJ NN WDT VBZ JJ NNS , PRP$ NNS CC NN TO VB DT NN IN NN , VBG NN IN DT NN IN NN RB IN DT JJ NN TO VB VBN . SYM JJ NN : NN VBN IN JJ NNS CC NN WDT VBZ CC VBZ DT NN IN JJ NNS CC NN . NFP JJ NNS IN NN : DT NN IN DT NN , NN , CC NN IN NN IN VBG NNS . SYM NN HYPH JJ NN , DT NN IN VBG NN HYPH JJ NNS IN JJ NNS , JJ IN VBG `` JJ NN '' RB IN `` NN IN NN . '' SYM NN : DT NN IN JJ JJ NN VBZ DT JJ JJ NN WDT MD VB VBN RB IN VBN . SYM JJ : -LRB- CC NNP -RRB- VBZ DT NN WDT VBD VBN IN DT JJ NN IN DT NN IN JJ NNS WP VBP DT NN HYPH JJ NN NNS CC NNS : RB , JJ NNS VBP JJ NN CC NNS WDT VBP JJ IN WP JJS NNS MD VB IN JJ , RB IN NN IN PRP$ NN TO VB JJ NN CC JJ NNS . SYM JJ NN IN NN : DT NN IN NN VBZ VBN IN JJ NN TO VB JJ NN , RB IN IN DT NN IN DT NN . NFP JJ CC JJ NNS IN NN : VB IN NN IN NN IN NN , NNS IN PRP$ NN NNS CC NNS , CC WRB NN VBZ WRB PRP VBP NN . NFP NNP NNP CD : NN WDT VBD IN DT NN IN DT NNP NNPS NNP . NFP VBG NN VB : DT NN IN DT NNP WDT VBD NN IN NN , PRP VBD VBN IN NN . SYM NNP POS NN : DT NN VBD TO VB NN IN NN NNS , VBN IN NN IN DT NN WP VBD VBN . SYM NNPS IN NNP -LRB- NNP -RRB- : DT NN CC NN NN WDT VBZ IN VBG JJ NN IN DT NN NNS NN . SYM NNP NNP NNP NNP : DT NNP NNP NNP NNP VBD VBN IN DT JJ NNP NNPS NNP NNP NNP NNP , VBN IN DT NNP NNP NNP IN NNP CD NNP CD IN DT NN IN DT NNP IN NNP . SYM NNP NNP NNP : VBN CC VBN IN JJ NNS . NNS CC NNS VBP JJ CC DT NN VBZ IN VBG JJ RB IN VBG PRP . SYM NNP NNP IN NNP -LRB- NNP -RRB- : VBD VBN IN CD IN NNP NNP , NN , RB IN NNP NNP , NNP NNP : DT NN POS JJS NN NN NN WDT VBZ NN NN CC VBZ NN CC NN NNS VBN IN NNS , NNS , CC DT NN . SYM NNP NNP NNP NNP : DT NN NN NN VBN IN CC IN NNS IN DT NN NN . NNP VBZ IN DT NN IN NN NN MD VB DT NN IN WDT JJ NNS VBP DT JJ NN , NNS , CC NNS IN DT JJ NNS , CC IN JJ NNS MD VB VBN IN DT JJ NN IN NN . SYM NNP NNP : DT NN NN WDT VBZ DT NN IN NN CC JJ NNS VBP RB VBN IN JJ NNS , RB NNS . SYM NNP NNP NNP -LRB- NNP -RRB- : DT JJ NN IN NNS IN JJ NN NNS -LRB- NNP -RRB- , VBG NN CC NNP NN . SYM NNP NNP NNP NNP -LRB- NNP -RRB- : DT JJ JJ CD -LRB- NN -RRB- -LRB- CD -RRB- NN NN WDT VBZ DT NN CC NN IN RB VBN NNS . SYM NNP : DT NNP NNP NN VBG TO VB DT NN IN NN IN NNS VBN IN NN CC PRP$ NNS , CC TO VB DT JJ NN IN NN NN NNS . SYM JJ NNP : -LRB- RB VBN IN IN PRP$ NN , NNP . SYM CD NNP NNP NN : -RRB- VBD DT NN VBN IN NNP CD IN DT NNPS IN NNP NNP CC NNP -LRB- NNP -RRB- , VBN IN DT NNP NNP NN CC NN NN IN NNP , NNP . NFP NNP NNP , RB VBN IN DT NNP NNP IN NNP IN NNP CC NNP NNP , VBZ VBN RB IN DT JJ NNP IN NNP . SYM NNP NNP NNP : DT NN IN DT NN IN NNS IN DT NN NN IN NNP CD DT NN . NFP NN HYPH VBN IN NNS IN NNP , DT VBZ DT JJ NN IN JJ NNS IN IN NNS CC NNS TO VB CC VB NNS IN DT NN HYPH JJ NN . SYM NN JJ NN NN NNP : DT NNP NNPS NN IN NN NN , VBN IN DT NNPS IN NNP NNP CC NNP -LRB- NNP -RRB- CC DT NNP CC NNP NNP -LRB- NNP -RRB- . NFP VBN NN NN -LRB- NNP -RRB- : DT NN WDT VBZ VBG JJ JJ NN NN TO VB NNS . NFP JJ NN NN : DT NN TO VB IN VBN NNS . NFP JJ NN NN : DT NN WDT VBZ IN NN NN CC JJ NNS , RB VBN IN NNS IN JJ NN NN . SYM NNP : DT JJ NN VBG VBG DT NN IN PRP$ JJ JJ NN , CC VBG PRP TO VB RP DT NN IN NNS VBN IN DT NN NN . NFP NN HYPH JJ , NN HYPH JJ NN : -RRB- CC NN HYPH JJ NN HYPH JJ NN -LRB- NN NN -RRB- VBZ JJ NN IN DT RB VBG NNS NN -LRB- VBN RBS RB IN NN , NN , NN , CC RB JJ NNS -RRB- , CC NN -LRB- VBN RBS RB IN NN CC NN NNS -RRB- . NFP NN NN : NN NN , DT NN NN , CC DT NN NN , VBZ DT JJ HYPH NN NN VBN TO VB NN HYPH JJ NNS , RB JJ NNS . NFP JJ NN NN -LRB- NN -RRB- : RB VBN IN IN JJ NN NN CC JJ NN NN , VBZ DT JJ NN NN IN NN . NFP NN NN NN -LRB- NNP -RRB- : DT VBN JJ NN NN IN NN NN NNS -LRB- NNP -RRB- , VBN IN DT NN IN DT NN IN JJ NN VBZ DT NN IN VBG DT NN IN NN IN NNS IN NN . SYM NNP : -LRB- NN NN NNP -RRB- VBZ DT NN WDT VBZ IN DT JJ NN NN NN -LRB- NN -RRB- . SYM NNP : -LRB- NN , CC NNS -RRB- VBZ DT JJ HYPH NN CC JJ NN . SYM NN NN : NN NN HYPH CD , RB VBN NN , VBZ DT NN HYPH JJ NN IN DT JJ NN IN DT JJ NN IN DT NN CC JJ NN , CC IN DT NN IN NN . NFP JJ NNS IN NN NN : NNS IN IN NN NNS MD VB JJ CC JJ , RB IN NNS VBP RB VBG DT NN CC VBG PRP TO VB JJ NN NNS IN NN TO VB JJ NNS . JJ CC RB VBN NNS NNS JJ IN NN NN NNS DT VBP NNS WDT NNS IN DT NN NN MD VB IN RBR RB IN VBZ JJ . SYM NNP : DT NN VBN IN NN NNP NNP IN CD TO VB DT NN IN NN IN NN , NN , CC VBG NNS . NFP NN HYPH NN NN NN -LRB- NN -RRB- : DT NN IN CD NNS : JJ , JJ , CC VBN . NFP NN NN : VBN NN NN IN NNP NNP CC RB JJ NN , VBZ DT JJ NN IN DT JJ NN WDT VBZ IN RB VBN NNS IN DT NNS IN JJ NN RB . NFP NN NN : DT NN CC NN NN WDT VBZ IN NNS IN NN CC IN JJ NNS JJ IN JJ NN NN . SYM NNP POS NN -LRB- NN -RRB- : WDT VBZ DT JJ NN , NNP POS NN , IN NN . NFP NN : CC NN NN , VBZ DT JJ CC JJ NN TO VB WRB DT NN MD RB VB VBN . SYM NNP : DT NN IN DT NN TO VB RB IN NNS IN NN , CC RB IN NNS IN NN . SYM NN : DT RB JJ NN VBG DT NN NN WDT VBZ DT NN POS NN CC NN NN IN VBG JJ TO VB , CC WDT MD VB PRP IN DT NN IN JJ NN , JJ NN , JJ NN , JJ JJ HYPH NN NN , CC JJ NN . SYM NNP : DT JJ NN IN NNS VBN IN DT NN . SYM NNP : DT NN VBN IN DT NN IN NNS IN DT JJ NNS CC JJ NNS TO VB CD NN IN DT NN IN NNS CC NNS IN NN . SYM NN : DT JJ NN TO VB NNS IN JJ NN IN NN TO VB RB IN DT NN IN CD . SYM JJ NN NN -LRB- NNP -RRB- : DT NN IN JJ NNS IN DT NN CC JJ NN . NFP JJ NN : DT JJ NN VBG IN NN , VBN IN RB JJ JJ NN CC NNS IN CD CC JJR JJ NNS . NFP JJ NN NN : CC JJ NN NN -LRB- NN CC NN -RRB- VBZ DT NN VBN IN DT JJ NN IN JJR JJ CC JJR NN , NN HYPH JJ , CC JJ NNS IN DT NN NN . SYM JJ JJ NN : DT NN NN VBN IN JJ NNS CC JJ NN WDT RB VBZ NN . NFP JJ NN : DT NN VBN IN VBG `` DT NN TO VB RB CC IN NN IN JJ NN WDT VBZ RB VBN JJ CC JJ '' IN JJ NNS . NFP JJ NN : JJ IN JJ NN IN JJ , VBZ DT NN WRB CD CC JJR IN DT NNS VBP VBN CC PRP VBZ JJ TO VB IN DT NN IN NN . NFP JJ NN : NN , NN , CC NN IN NNS IN DT JJ , CC IN NNS IN WP VBZ JJ CC JJ IN PRP , CC IN DT NN IN PRP$ JJ NN IN NN . NFP JJ NN NN : DT NN JJ IN NN WDT VBZ NN IN VBN NN ."
892,1091,mainstream,"NN NNP VBZ DT NN IN DT NN VBN IN DT NN WDT VBZ VBN IN NN CC NN NNS . PRP RB VBZ RB VB DT JJ NNS IN NNS , CC RB VBZ IN DT JJ NNS IN NN . CC IN NNS , PRP RB VBZ IN NNS CC MD RB VB JJ NN NN . NN NN VBZ RBR JJ IN DT NNP IN JJ NNS IN DT NN , CC JJ NNS VBP IN DT VBN NN . DT VBZ NNS RB IN JJ HYPH NN NNS , NNS WP VBP NNS , CC NNS WP VBP VBN NN IN JJ JJ NNS . DT NN NN NN VBZ JJ IN NNS IN JJ NN IN DT NN . JJ NNS IN NN NN MD RB VB DT NNS CC MD VB RP DT NN IN VBG PRP VBD PRP . IN NNS VBP VB , PRP VBP TO VB CD CC CD NNS IN NN IN DT NN NN NN . SYM NN IN DT NN CC NNS -LRB- NN -RRB- DT NNS MD RB VB IN CD IN CD NNS -LRB- JJ NN NN -RRB- , IN RB DT NN MD VB IN CD NNS CC JJR -LRB- JJ NN NN -RRB- . WRB TO VB JJ NN NN NN MD VB JJ , RB PRP MD VB JJ NN IN : NFP PRP VBP PRP MD VB VBN VBN IN DT NN NN NN : NN NN MD VB VB NN IN VBN IN DT JJ NNS IN NN NFP PRP VBP NNS VBN IN NN NN , PRP VBP IN DT JJ NN IN NN NN : JJ HYPH NN NNS VBP NNS VBN IN DT NN WRB DT NN VBZ JJ , NNS VBN IN NNS VBN IN NN NN , CC NNS WP VBP RB VBN NNS PRP MD VB IN PRP$ JJ NN NN , NN NN , JJ NN -LRB- NN -RRB- NN CC JJ NN NN IN NN CC NN . DT NN NN MD VB VBN RP TO VB IN PRP VBP NN NN CC VBP VBN PRP IN DT NN . DT NN NN NN MD RB VB VBN TO VB PRP$ NN IN NN . NN IN NN NN VBZ IN WRB RB PRP VBP VBN VBN IN . IN PRP VBP VBN VBN IN DT NN IN DT JJ JJ NNS , NN NN MD VB VB PRP VBG VBN . IN PRP VBP RB VBN DT NN IN DT JJ NNS CC NNS -LRB- JJ NN NN -RRB- , PRP MD RB VB NN TO VB PRP$ NNS IN PRP$ NN VBZ RP DT NN . IN PRP VBP VBN DT NN IN JJR IN CD NNS -LRB- JJ NN NN -RRB- , PRP MD VB VBN NN IN NNS WDT MD VB DT NN IN NN CC VB DT NN IN NN NN . JJ NN NN RB VBZ JJ HYPH NN CC JJ NN CC JJ NN TO VB IN DT JJR NN NNS . DT NN NN NN VBZ VBN IN DT NN CC NN NNS , JJ IN NN CC JJ NNS , IN DT VBN NN . SYM IN DT NN IN PRP$ NN NN , RB IN NNS WRB DT NN VBZ JJ -LRB- VB JJR IN NN NN IN NN -RRB- NFP IN NNS -LRB- NN IN NN -RRB- IN NNS WRB DT NN VBZ JJ NFP IN VBG NNS CC VBG NNS CC JJ NN NN , JJ IN NNS CC NNS NFP IN VBG NN IN DT VBN NN IN VBG DT NN , IN VBG DT NN , NN NN , CC JJ CC JJ NN IN DT JJ NN IN JJ NN , IN VBG NNS CC NNS VBN IN VBN NN NN NN VBZ RB VBN IN VBG , VBG NNS , VBG , NN , VBG CC VBG NN CC NNS . DT NN WDT VBZ NN IN NN NN VBZ RB JJ IN DT NNS VBN IN DT NNP . PRP VBZ RB JJ IN NNS IN JJ NN IN DT NN CC NNS IN PRP . SYM JJ NN CC JJ NNS IN NN IN NN NN , NNS VBG IN DT NN IN DT NN WRB NN NN VBZ JJ , JJ IN JJ NNP , JJ CC NNP NNP , CC DT NNP NNPS , NNS WP VBP NNS CC VBP DT JJ NN WP VBZ NNS , NNS WP VBP NN IN NNS , NNS WP VBP RB WDT VBZ PRP IN NN IN NN IN NN CC NN NNS , JJ IN NNS , NN NN , NNS , NNS CC NN NN , NNS WP VBP JJ NN CC NN NNS , CC PRP$ NNS DT NN NN NN VBZ VBN IN NNS IN NN IN DT JJ NN NN NN CC DT IN JJ NN IN VBG DT NN . PRP VBP RB VB TO VB IN DT NN IN PRP$ NN VBZ JJ TO VB PRP IN NN IN DT JJ NN NN NN , CC PRP VBP VBN IN DT NN IN NN NN . NNS MD VB TO VB IN PRP ."
893,81,conspiracy,"DT NNP NN VBN NN VBZ VBN VBN IN NNS WDT PRP VBD DT NN CC VBZ TO VB IN PRP . IN DT CD NN , NNP NNP VBD IN DT JJS NN IN NN VBD RB JJ NN CC DT JJ NN WDT MD VB DT NNS IN NNS IN NNS . DT NN VBZ VBN IN JJ NNS IN CD CD JJ NNS IN NNP : CC RB IN DT NN WDT NNP NNP RB VBD . NNS , NNS IN DT NN NN NNP CC JJ HYPH NN NNS VBP RB VBN IN DT NN IN NN IN CD IN DT NN POS JJS NNS VBD TO VB DT NN TO VB NN IN DT JJ NN NN . NNP NNP , CD , DT NNP NN VBN NN , VBZ RB VBN DT NN IN DT NN IN NN NNS IN DT NN NN . IN NNS IN NNP , NNP CC NNP , PRP VBZ VBG RB VBN IN DT NN IN NNP HYPH CD , IN DT NN IN DT NN NN , CC IN NN IN DT JJ NN TO VB DT NN TO VB CC VB DT JJ NN . DT JJ NNS VBP VBN NN IN JJ NNS IN NNP NNP CC NNS JJ IN NNP NNP NNP NNP IN NNP NNP VBZ VBN IN DT JJ NN IN NNP NNP IN DT NN . IN NNS , NNP NNP VBZ VBN IN NN , IN NN HYPH NN NNS CC IN NNP NNS VBG IN NN HYPH IN HYPH NN NNS , VBN NN CC NN NN . CC IN VBG NNP NNP , PRP VBZ VBN DT NN POS NNS , VBG DT NN POS NN TO VB NN IN DT NNP NNP NNP . NN IN NNP NNP VBZ RB DT RBS JJ IN DT NN NNS VBN IN NNP NNP , DT NN NN NN . DT NN VBZ JJR IN CD NNS IN NNP DT NN IN NNP NNP CC DT NN WDT VBD VBN CC VBN IN RB CD NNS , VBG IN DT NNP NNP NNP NN . IN NNP , DT CD RBS JJ NNS VBG NNS IN NNP NNP VBN IN NNP CC NNP VBD VBN RB CD CD NNS . NNP NNP , WP VBZ JJ JJR IN $ CD CD , VBZ RB VBN DT NN VBN IN NNP NNP , DT NN NN CC JJ NN WP VBZ VBN DT NN IN DT NN . DT VBZ NNP NNP DT JJS NN : IN IN NNP NNP NNP , DT VBG NNP JJ NN NN : TO VB VBN IN DT NN IN JJ HYPH NN NN WDT VBZ VBN DT WP VBP IN NNS IN NNP NNP IN DT NN . `` NNP NNP VBZ RB VBN IN DT NN HYPH JJ NN CC NN IN PRP VBZ RB RB VBN , '' VBD NNP NNP , DT JJ NN IN NNP NNP WP VBZ JJ NN . `` PRP VBZ JJ TO VB IN NN IN DT JJ NN . '' RB IN NNP NNP VBZ VBN PRP$ NNS IN DT NNP NNP POS NN IN DT NN IN JJ NNS . `` EX VBZ DT NN DT NNP NNPS VBD DT NN TO VB RB IN DT JJ NN , '' PRP VBD IN DT NN NN IN DT NNP NNP IN NNP CD . `` DT NNS PRP CC PRP$ NNS VBP RB MD VB DT JJ NN IN WRB RB NN NNS VBP TO VB RP , WRB RB DT NN VBZ VBN RP CC WRB JJ NNPS MD VB TO VB DT VBN NN IN IN NNP HYPH CD . '' NNP NNP , JJ NN IN DT NNP CC NNP NNP NNP , NNP NNP POS JJ JJ NN , VBD PRP VBD `` JJ IN EX VBP NNS VBG NN WRB PRP MD DT VB VBG IN NNS TO VB CC VB NNS . '' IN DT NN , NNP NNP VBD TO VB VBN . DT NN NNS IN NNP NNP MD RB VB WP NNS VBP IN DT JJ NN NN , VBD NNP NNP , JJ NN IN NNP NNP , DT NN WDT VBZ JJ NN . PRP VBD DT NNS '' VBP DT NN TO VB RP VBN CC JJ JJ NNS WDT VBP NNS IN VBG DT NN NN . '' NNP , NNP CC NNP , WDT RB VBZ NNP , VBD PRP VBD VBG NN NN . NNP NNP , WP VBD NNP IN NNP NNP IN CD CC VBD PRP IN DT NN NN , VBZ RB VBN PRP$ NN IN JJ NNS IN PRP VBD RB IN DT NN IN CD . IN IN CD , DT NNP NNP VBD DT $ CD CD NN , VBG PRP CD IN DT NN POS JJS JJ JJ NNS . DT NN VBZ VBN TO VB NNS IN VBG NNS , VBN NN NN IN JJR NN IN NNS CC VBN DT NN IN RB VBN NNS . DT NNS VBP VBN JJ NNS IN NNP NNP VBD VBG DT NN POS JJ IN JJ NNS CC JJ NNS IN VBG TO VB DT JJ NN . PRP$ NN IN NNP NNP , WP PRP VBZ VBN JJ NNS , VBZ RB VBN NN . IN CD , NN VBD IN NNP NNP VBG WRB NNP NNP VBD NN VBG NNP , WDT VBZ IN DT JJ NN NN CC VBZ NN , IN NN , WDT VBZ DT JJ NN , DT RB VBN NN . `` DT NNS PRP VBD TO VB IN EX VBD DT NN IN NNP CC NN , RB PRP VBD JJ TO VB IN DT VBP RB VBN IN DT JJ , '' NNP NNP VBD IN NN IN NNS IN PRP$ NN . IN NNP , WRB DT NN VBD VBG , DT NNP NNP VBD $ CD CD IN VBG JJ NNS IN NNP CC NNP . IN NNP , NNP NNP VBD RP IN DT NN , VBG IN DT NNP NNP NNP IN NNP IN NNP HYPH CD VBD VBG IN DT RB HYPH JJ NN NN . IN NN IN VBG DT NNP NNP NN HYPH NNP , PRP VBD IN JJR CC JJ NN IN DT NNP `` VB PRP NN '' NN JJ NN . DT NN , NNP NNP VBD IN `` DT NNP NNP '' CC VBD PRP$ NN MD VB NNS IN DT CD RBS JJ JJ NNS . IN NNP , DT NNP NNP VBD PRP MD VB $ CD CD : RP IN DT JJR NN IN $ CD CD : TO VB DT NN POS NN . IN RB , NNS IN NNP NNP VBD VBN RP . DT JJ NN IN DT JJ NN VBG PRP IN DT NN VBD IN NNP CD , VBG IN DT NNP NN . DT VBD WRB DT NNP NN VBN IN NNP VBD IN NNP IN NNP NNP VBD NN IN DT NN . DT NN VBD VBN IN DT NN HYPH JJ NN IN DT NNP NNP , DT JJ NN WDT VBD NN IN DT NNP NNP . DT NN VBD RB IN NNP HYPH CD , PRP VBD VBN IN DT JJ NN IN DT JJ NN WDT VBZ NN . CC CD NNS RBR , DT NN NN NNP RB VBD DT NN VBD IN `` DT JJ NN . '' DT NN VBD . IN NNP IN NNP , NN NNS VBG NNP NNP CC DT NN VBD VBN CD CD NNS IN JJ NN CC NN NNS , VBG IN NNP NNP . DT VBD CD NN RBR RB , PRP VBD , IN DT JJ HYPH JJS NN NN : IN NNP NN NNS VBP NNS TO VB IN NNP HYPH CD . DT IN DT NNS VBD IN NNP NNP POS NN IN NNP NNP , DT NN WP VBD VBN IN NN NN CC VBD NN , VBG DT JJ NN VBD VBN RB TO VB DT NN . IN JJ NNS , NN NNS VBD NNS WDT NNP NNP VBD VBN . IN CD , NNS VBD NNP NNP , WP VBD VBN DT NN IN `` JJ NNS '' TO VB WP VBD DT NN , VBD TO VB DT NN IN NN NN NNS . IN NNP , JJ NNPS NN NNS VBD IN CD NNS DT NN , NNP NNP VBD . DT NNS VBD VBN IN NNS JJ IN NNP NNP , DT NN IN JJ NNP NNP NNP NNP , WP VBZ IN NNS IN DT NN IN DT NNP POS NNP NNP NN . IN PRP$ NNP NN , NNP NNP VBZ VBN NNP NNP VBZ NNS TO VB PRP$ JJ NN NNS . IN NNP , NNP NNP VBD DT NN IN DT VBG NNP NNP IN DT NN CC DT NN : `` PRP$ NN , PRP$ NN . '' NNP NNP , WP$ NNP NNS VBP VBN IN JJR IN CD IN NNP , VBD IN DT NN IN PRP VBD VBG DT NN IN DT `` JJ NN '' WDT NNP NNP VBD VBN IN DT NN IN NNS ."
894,988,mainstream,"DT JJ NN HYPH CD NN VBZ JJ , CC DT JJ NN VBZ IN DT NNS VBN IN JJ NN NNS IN DT JJ JJ NNS . IN NN IN NNP POS NN , DT NNP NNP VBD VBN TO VB NNS , NNS CC NNS IN DT JJ NN . DT NNP VBZ TO VB NN IN NNS CC JJ NN NNS , VB DT NN CC NN NN , CC VB JJ NNS CC NNS TO VB IN CC VB IN DT JJ NN . IN CD NNP CD , VBG DT NNS IN DT NN NNP , DT NNP NNP HYPH NNP VBD IN DT NN VBZ DT NNP NNP NNP IN NNP NNP -LRB- NNP -RRB- . NN NNS IN NNP HYPH CD RB VBN IN DT NNP NNP NNP POS NNP NN IN CD SYM CD NNP CD TO VB DT JJ NN IN NN IN DT JJ NN , VBP IN JJ NN NNS WDT VBP TO VB VBN RB , CC TO VB NNS TO VB RB TO VB CC VB NN NN TO VB DT NN CC VB IN DT IN DT NN . DT NN VBD IN DT NN IN CD JJ NNS . DT JJ VBD TO VB JJ NN TO VB VB DT NN IN DT NN CC VB NN IN DT VBN . DT JJ VBD TO VB NN NNS WDT VBP IN JJ NN NNS IN NNS IN VBG IN DT JJ NN NN TO JJR VB IN DT JJ JJ NN . VBG IN DT NN IN JJ NNS IN NNP NN NN , NNP HYPH NNP CC NNP HYPH NNP , DT NNP NNP VBZ VBN DT VBN CC VBN NN IN NNP HYPH CD , VBG DT JJ NN TO VB DT NN , NN IN JJ JJ NNS CC VBN NNS IN NN NN IN NNS ."
895,1273,mainstream,"IN DT JJ NN IN NNS WP VBP NNS VBD PRP$ NNS POS NN , DT JJ NN IN DT NNP VBD NNP IN DT NNS VBP RB TO VB . DT NNS IN DT NNS VBD DT NN VBD RB JJ IN DT NNS POS NNS : CC VBD NNS IN NN WDT VBD DT NN . `` PRP VBD RB JJ IN NNS POS NNS IN NN VBD JJ CC JJ , '' DT NN VBD IN CD IN DT NN IN NNS VBN IN NNP . DT NN VBD RB VBN IN NN NNS CC NNS WP VBD VBG NN IN NNP CD . JJR IN CD NNS VBP VBN VBN IN NNS VBG NN IN DT NN POS NNP NNP NNP NNP . DT NNS VBP VBN IN JJ NNS VBG IN DT NNP NNP IN NNS . `` RB , DT NN IN DT JJ NNS MD VB VB NNS IN NNS VBP RB VB NN , '' DT NNP IN NNP CC NNP NNPS VBD IN DT NN . DT NN IN DT NNS VBD RB VB RB IN DT NN IN NN . CC DT NN IN CD NN NN WDT VBZ NN NN , DT NNP NNP NNP NNP , VBD DT NN POS NN MD VB JJ TO VB DT NNS IN JJS NNS WP VBP DT NN IN NNS CC NN . PRP VBD JJR NNS VBP VBN . `` PRP VBP PRP VBZ DT NN TO VB IN , IN DT JJ NN NNS VBD VBN NN , PRP VBZ VBN VBN NNS VBP RB VB DT NN IN JJ NN , '' VBD NNP NNP NNP , DT NN POS NN . TO VB , DT NNS POS NNS VBD TO VB IN PRP VBD RBR JJ IN RB IN DT NN NNS IN DT NNS VBD RB JJ IN DT NN IN DT NNS HYPH NNS HYPH NN NNS CC JJ NNS WDT IN DT NN VBD DT NN HYPH VBG NN VBN NN . CC DT NN VBD IN `` DT NN IN JJ NN CC NN '' VBD `` RB RBR JJ IN RB DT NN IN NN . '' `` PRP VBZ DT JJ NN IN NN , PRP VBZ DT JJ NN IN NNP POS NNS WRB DT NN VBZ IN NN IN NN , '' VBD NNP NNP NNP IN DT NNP POS NNP IN NNP . DT NN RB VBZ TO VB IN JJ NNS IN JJ NNS WP VBP IN , RB IN DT JJ NN NN , DT JJ NN MD VB JJ , DT NN WDT VBZ RB RBR IN JJS JJ NNS POS NNS . CC IN NNP POS NNS , DT NN MD VB VBN DT NN IN DT NNS , RB : `` DT NNS VBP VBN TO VB IN NN HYPH VBG NNS MD VB IN VBG NN NN , '' DT NN VBD IN CD NN IN DT NNS VBD TO VB WRB NN MD VB VBN ."
896,136,mainstream,"VB VBG NN NNS CC JJ NNS . DT NN CC NNS WDT VBP , VBD NN NNS . NNP NNP NNP , DT VBN NN CC NN NN IN NNP NNP NNP NNP NNP IN NNP NNP , NNP NNP , VBD VBN NNS IN NNS IN PRP VBD JJ IN PRP$ JJ NN IN DT JJ NNP NN NN IN CD . DT NN IN CD VBD VBN IN PRP$ NN POS NN , CC RB VBN IN JJ NNS VBG RB IN NN NN . IN VBG IN PRP$ JJ NN NN IN NN CC NN NN IN DT NN , NNP VBD TO VB PRP$ NNS VBN . PRP VBD JJ IN NNS VBD VBN IN VBG NN NNS RB . DT VBD IN NNP VBG NNPS WP NNP , DT NN WDT VBZ NNS CC NN NN NNS IN JJ , NN HYPH VBN NN IN DT NNS IN NNS CC JJ NNS . CC PRP$ JJ NNS IN NNS WP VBD VBN IN NNS VBD JJ . `` PRP VBD RB VB TO VB WP PRP VBD TO VB , '' NNP VBD NNP NNP NN NNP NNP . `` PRP VBD PRP$ JJ NN IN RB JJ NNS . PRP VBD RB VBN RB IN DT VBD JJ NNS CC PRP VBD RB JJ IN DT NN . '' IN DT JJ NNS NNS IN DT NNP , NNP VBD NN NN CC JJ NNS IN NNP . NNP : UH , CC PRP VBZ RB DT JJ NN . PRP VBP DT NN IN DT NNS . PRP VBP PRP MD VB IN PRP IN PRP$ NNS CC NNS IN PRP VBD CD IN PRP . PRP VBP PRP MD VB VBN IN DT NN . PRP VBP WRB JJ NNS MD VB , RB DT WP VBP NN VBN . NNP : VBP EX JJR IN PRP -LRB- NNS JJ IN NNS -RRB- IN EX VBP IN PRP RB , IN JJ NN . VBP PRP VBN . NNP : VBG VBZ DT NN . RB , RB UH WRB PRP VBP IN DT NN CC VBP PRP$ NNS , PRP VBP RB VB RB CC VB NN DT JJ NN . JJS NNS VBP VB , RB PRP VBZ RB JJ IN JJR NNS VBP VBG NN . NNP : CC IN NNS IN JJ NN , VBP EX JJR NNS VBG JJ NNS IN JJ NN IN EX VBP DT NNS . NNP : EX VBP RB JJR NNS , CC RB PRP VBP DT JJS CC PRP VBP TO VB JJ IN DT NN IN PRP$ NNS MD VB RB JJ IN NNS , CC PRP$ NNS VBP RB IN RB JJ . PRP VBZ DT NN JJR TO VB NN IN PRP VBZ TO VB PRP . NNP : WP VBP DT JJ NNS CC NNS IN NNS . NNP : DT RBS JJ NNS PRP VBP VBP , MD PRP VB PRP$ NN PDT DT NNS IN DT JJ NN . MD PRP VB TO VB DT NNS . CC VBP NNS VB NN . NNP : CC VBP PRP VB NN . NNP : RB RB . PRP VBP JJ NN CC NNS VBP RB VBG RP . EX VBD JJ NN HYPH NN VBG RP IN NNP WDT RB RB VBD NN HYPH VBN NN VBG IN NNS WP VBP DT NNP NN VBP RB VB DT VBN NN IN NN . NNP : WP VBP DT JJ NNS RB RB . NNP : CD IN DT JJ NNS : `` VBZ NN JJ IN RB . PRP VBD JJ NNS MD VB JJ IN NNS . '' CC WP PRP RB VBP PRP , VBZ IN EX VBZ JJR NN JJ IN NN NN IN EX VBZ IN DT NN PRP$ NN VBZ VBG TO VB . NN VBZ DT RB JJ NN IN NN . PRP VBP IN NN . PRP$ NN VBZ VBG TO VB IN NN IN PRP IN DT JJR NN JJ NNS . NNP : PRP VBD IN PRP VBD DT VBN IN JJ NNS WP VBD VBG RP JJ NN . WRB PRP VBP IN JJ NN CC VBP IN DT JJ NN , DT NN IN PRP VBZ VBN IN JJ NNS , NNS , CC NNS WP VBP VBG DT IN DT NNS . VBZ DT VB PRP . NNP : PRP VBZ VB PRP WRB NNS VBP VBG DT JJ NN IN DT NN TO VB NN . CC , RB RB , IN PRP VBP IN DT NNP , NNP NNP NNP NNP IN NNP : JJ , JJ NNS : DT NNS VBP RB RB VBN . PRP RB VBZ DT NN IN NN CC PRP VBZ DT CD HYPH IN HYPH CD NN TO VB IN DT IN DT NNS CC NNS . NNP : RB RB WRB PRP VBP IN DT , NNS VBP PRP$ NNS CC PRP VBP DT JJS IN PRP$ NNS . RB , WRB VBP PRP VB DT NN . NNP : PRP VBZ DT NN NN , VBN DT NN NN . PRP VBZ RB JJ . PRP RB VBZ PRP TO NN IN VB PRP$ NN CC RB VB DT NN POS NN . NNP : WRB VBP PRP VB NN IN IN DT NN . NNP : PRP VBP RB . IN PRP VBP JJ IN DT : PRP VBP VBG DT IN IN NN . DT NN VBZ VBN VBN CC VBN IN NN ."
897,460,mainstream,"DT RB VBN NN RB VBN , IN NN IN DT `` NN HYPH IN HYPH NN '' NN IN JJ NN , CD JJ NNS IN DT JJ JJ JJ NNS IN JJ NNS CC DT JJ NN IN DT JJ NN : NN NN , CC , RB JJ , JJ NN . DT NN IN DT NNS VBD TO VB VBN IN JJ IN DT NNS RB RB VBN IN NN NN IN JJ NNS -LRB- VB NN CD -RRB- CD . IN DT JJ NN VBN JJR IN DT CD NNS RB , DT JJ , JJ NN IN NNP HYPH NNP VBD VBN TO VB IN DT NN IN JJ NN WRB VBG DT CD HYPH NN NN NN NN . IN DT JJ JJ NN IN NNP HYPH NN HYPH CD NN NN , JJ NN NN VBZ VBN IN DT JJ NN IN IN PRP$ JJ NNS IN VBG DT `` NN IN NN '' IN VBG DT JJ NN HYPH CD NN IN NN IN DT NN NN CC IN DT NN , NN , CC NN IN NN HYPH CD NN NN CC NN NNS . NN NN , VBN IN DT NN IN NN IN DT NN CC NN IN NNS CC , CC NNS IN RB JJ NN -LRB- VB NN CD . NN IN JJ NNS -RRB- , VBZ , IN DT RB VBN NN IN NN : -LRB- LS -RRB- JJ JJ JJ NNS IN DT NN : -LRB- LS -RRB- DT JJ NN IN DT NN CC DT NN : CC -LRB- LS -RRB- JJ NN NNS IN NN -LRB- VB NN IN NN RB -RRB- . NNS WDT VBP DT NN NN VBP DT NN IN JJ NN IN DT JJ NN , DT NN IN DT JJ NN , DT NN IN JJ NN , DT NN IN JJ NN IN DT NN IN NN NNS , VBG JJ CC JJ NN , DT NN IN JJ NN NN NNS , CC DT JJ NN WDT VBZ IN NNS CC NNS IN NN . DT JJ NNS CC , CC NNS WDT VBP DT NN IN DT NN NN RB VBP DT VBN NN . RB RB , DT NN NN MD VB RB JJ , CC RB , JJ TO RB CC RB VB . IN PRP$ JJS NN , DT NN NN MD VB VBN IN DT NN IN : -LRB- LS -RRB- DT NN NN POS NN TO VB DT JJ CC JJ JJ CC , CC JJ NN , CC -LRB- LS -RRB- DT NN IN DT NN IN DT JJ NN WDT VBZ IN NNS . IN VBN RB , DT JJ NN NN VBZ RB CD NNS WRB VBG NN NNS IN JJ NNS . DT `` NN IN NN '' IN NNS , JJ IN NN -LRB- JJ NN NN CD NNS , IN DT NN IN CD SYM CD NNS -RRB- , WDT VBP JJ NN NNS VBP RB VB IN DT NN IN DT JJ NN -LRB- VB NN CD . NN IN NN NNS -RRB- . IN NN , IN NNS IN JJ NNS , RB DT IN DT JJ NN NN , NN IN JJ NNS VBZ RB DT RB RBR JJ NN TO VB IN NN IN JJ NN . IN DT NN IN NN HYPH VBN , JJ , JJ HYPH NN NN NN NN -LRB- FW , VBG JJ HYPH NN VBG NNS CC , CC JJ NN HYPH NN NNS -RRB- , JJ NN IN JJR NN JJ NN -LRB- FW , JJ JJ NN -RRB- MD VB RBR JJ TO VB IN DT JJ NN -LRB- FW , RB VBN NN NN , CC NN HYPH NN NNS -RRB- TO VB IN JJR HYPH NN JJ NNS -LRB- FW , RBR JJ NN -RRB- WDT VBP RB RBR IN NN . DT NN IN VBG JJ TO VB JJ HYPH NN NN IN JJ NN , CC RB JJ JJ NNS -LRB- FW , VBN IN NN NNS -RRB- , MD RB VB IN NNP HYPH NN HYPH CD . JJ NN NN , IN DT NN HYPH NN , CC NN IN NN , IN DT NN HYPH NN , VBP NNS WDT MD RB VB IN DT NN IN DT NN NN , DT JJ NN , CC RB VB DT NN IN NNS VBN IN NN . RB , IN RB RBR JJ IN `` NN IN NN '' IN NN NN VBZ DT NN IN VBG NN CC NN IN NN , IN VBN IN NN NN NN HYPH JJ NN IN JJ HYPH IN HYPH JJ NN IN DT VBN JJ NN NN . IN NN IN NNS , DT JJ NN IN DT NN IN DT NN NN CC DT NN IN NN VBD RB VBN IN NNS VBN IN DT CD NNP NN IN NNP NNP . VBG DT NN IN DT NN NN IN JJ NNS CC JJ NNS VBD DT NN IN JJR NN CC JJR NN , VBG IN JJ NN IN NN , NN CC NN . DT JJ NN VBD VBN IN DT VBN NN NN IN JJ NNP JJ NN NN -LRB- NNP HYPH NN -RRB- NNS CC NN IN DT CD NNP NN IN NNP NNP : NNS WP VBD VBD DT JJR NN NN IN NNS WP VBP . IN NN IN NNP HYPH NNP HYPH CD , NNP NNP NNP CC NNP FW NNP VBP RB VBN IN DT JJR NN NN MD VB IN DT JJ NN IN JJ CC JJ NN IN JJ NNS : RB , DT JJ NN IN NN NN CC NN IN NN VBZ RB TO VB VBN . IN DT NN IN NN NN CC RB RBR RB , DT JJ NN NN IN NN HYPH NN HYPH CD CC NN IN NN HYPH CD VBZ JJR NN , NNS JJ IN DT JJ NN VBD VBN IN NNP FW NNP WRB VBG IN DT JJ NN IN PRP$ NN IN DT JJR NN NN -LRB- CD NNS -LRB- CD NN NN CD SYM CD NNS -RRB- -RRB- IN NNP HYPH NNP HYPH CD IN JJS JJ VBN NNS VBZ IN JJS IN PRP$ NN NNS VBD VBN IN DT JJ JJ NNS VBN IN DT NN , WDT MD VB VBN NN NN IN NNS IN RBR JJ NNS . DT JJ NN IN DT JJ NN IN NN NN CC NN IN NN VBZ IN DT NN IN DT JJR NN NN IN JJ NN NN NNS VBD VBN IN DT JJR NN IN NN . NNP FW NNP VBD IN NNP NN NN VBZ IN NN , NN , CC NNP NNS IN JJ NNS , VBG NN VBN IN DT JJ JJ NNS , DT NN IN DT JJ NN , CC DT JJR NN IN JJ NN NN IN NN IN JJ JJ NNS , IN NN , NN , CC NN NNS VBP JJ NN IN RB JJ NNS . IN JJ , PRP VBZ VBN RB IN DT NN IN DT JJ NN IN NN NN CC NN IN NN VBZ JJ IN NNP HYPH NNP HYPH CD . RB VBN IN JJ JJ NNS , DT NN HYPH VBN NN IN NN VBZ , IN IN JJS CD JJ NNS , TO VB RB VBN IN NN NN , NN -LRB- NNP , NNP -RRB- . IN DT NN IN NN NNP , DT NN IN DT JJ NN IN NN HYPH NN NNS IN CD NNS VBD DT NN IN JJ NN IN CD NN , CD NN , CC CD NN IN NNS IN JJ , JJ , CC JJ NN NN , RB , IN DT JJ NN VBN IN DT JJ JJ NN NN , CC DT NNP NN IN CD NN CC CD NN IN NNS IN JJ CC JJ NN NN , RB , IN DT JJ NN VBN IN CD NN JJ JJ NN NNS CD . NN NN NN NN NNS VBP DT JJ NN , CC , WRB VBN IN DT VBG NN NN NN -LRB- NN -RRB- CD IN DT NN IN DT NN IN NN , VBP JJ IN DT JJ NN IN NN , IN VBN IN NNP , FW ADD DT JJ NN VBD RB RB VBN IN DT JJ NN IN DT NN NN , NNP , NNP , NNP . DT NNP NNPS NNP -LRB- NNP -RRB- VBD IN `` NN VBZ TO VB JJR IN JJ NN NNS '' CD WRB VBG DT JJ NN HYPH CD NN NN VBN IN CD NN NNS IN CD JJ JJ NNS , WRB DT NN IN NN -LRB- VBN IN JJ NN NN NN NN NN , NN HYPH VBN IN CD IN CD HYPH NN NN -RRB- VBD IN CD NNS IN NN . RB , DT NN IN DT NN IN NN IN NN CC NN IN NN VBZ JJ IN JJ NNS IN NN NNS IN DT CD JJ JJ NN CC NN IN NN IN VBN NN . NNP FW FW VBD IN DT NN IN NN VBN IN NN IN DT NN NN , VBN TO VB VBN IN DT JJ NN IN NN IN DT NN , VBD DT JJ NN NN IN NN HYPH NN NN NN HYPH NN , NN HYPH NN NN NN HYPH CD IN DT NN IN NN IN VBN NNS , VBN TO VB VBN IN DT NN IN NN . VBN DT JJ NN IN NNP HYPH NNP HYPH CD , PRP MD VB JJ TO VB IN DT JJ NN IN NN IN NN CC NN IN NN VBZ VBN IN DT JJ NN . DT NN IN JJ JJ NNS VBZ VBN VBN IN DT JJ JJ NN , RB JJ , JJ NN -LRB- VB NN CD . NN IN JJ NNS : RB VBN IN JJ , JJ CC JJ : RB VB NN CD -RRB- , TO VB DT VBN JJ NN TO VB DT NN IN `` NN IN NN '' . RB RB JJ , JJ NN VBZ CC JJ NN IN DT NN , CC CD NNS IN DT NN NN NN : -LRB- LS -RRB- DT NN IN DT JJ NN WDT VBZ VBN IN CC RB IN DT JJ NN : CC -LRB- LS -RRB- DT NN CC NN IN DT VBN NN NN TO VB IN JJ JJ NN . NNS JJ IN NNS , RB NNP HYPH NNP HYPH CD , WDT MD VB IN VBG RB JJ , JJ NN MD VB DT NN IN VBG NN NNS WDT VBP CC VB IN JJ NN , DT NN IN NNS TO VB NNS IN DT NN , NN , NN CC NN NNS , DT NN IN JJ NNS IN IN JJ NN IN DT JJ JJ NN IN DT JJ NN CC IN NN , CC DT NN IN DT JJ JJ NN . IN IN JJ NN , NNS VBP DT JJS JJ HYPH NN , JJ HYPH VBN NN -LRB- NN NN -RRB- NNS VBN TO VB NN IN NNS , IN CD IN IN CD NNS -LRB- NN -RRB- , IN DT NN NN NN HYPH NN HYPH CD IN CD NN -LRB- VB NN CD -RRB- . DT JJ NN NN VBZ DT JJ NN IN NN , RB DT NN CC NN NN -LRB- VB RB -RRB- , WDT MD VB IN JJ NN TO VB JJ JJ NNS , RB VBG DT NN IN DT CD NNS IN NN NNS TO VB NNS CD . IN DT NN HYPH CC NN HYPH VBN NN CC NN HYPH NNS VBP RB VBN TO VB IN NNS RB , CD NN NN NNS , IN DT JJ CD CC DT NN NNS , VBP VBN IN NNS IN NNP HYPH NNP , NNP HYPH NNP , CC NNP HYPH NNP HYPH CD IN DT JJ NN . CD RB VBN `` JJ JJ '' HYPH NN NNS RB RB VBP IN NNS -LRB- FW , NNP HYPH CD , HYPH NNP , SYM NNP , CC HYPH NNP -RRB- CD . IN DT CD JJ HYPH NN NNS VBN IN DT NN NN CC DT CD JJ NNS , DT NN CC NN NN , RB DT NN HYPH VBG NN -LRB- NN -RRB- IN DT NNP NN CC DT NNP NN , VBZ IN JJ NN IN DT JJ JJ NN , VBN IN JJ NNS IN DT JJ NN NN IN DT NN , VBZ IN NN DT NN NN IN PRP$ NN IN NN NN NN , NN , CC CD . IN DT NN IN NNP HYPH NNP HYPH CD , NN IN DT JJ NN IN DT NN NN , DT JJ NN IN JJ NN , MD VB VBN IN DT VBN NN NNS IN NN NN HYPH JJ NN NNS , CC DT VBN NN IN NNS TO VB JJ NN IN DT NN IN NNS . IN RB RB RB RB JJ IN DT `` NN NN NN NN CC RB JJ IN DT `` NN NN NN NN , NN HYPH NNP HYPH CD VBZ RB JJ IN JJ JJ NN , IN DT NN HYPH NN HYPH CD NN RB RB JJR VBG NN IN DT JJ NN HYPH VBG NN CD -LRB- NN -RRB- NN IN NN HYPH NN NN . RB , IN NNP HYPH NNP HYPH CD NN VBD IN NNP HYPH NNP , RB , NNP HYPH NNP HYPH CD VBZ TO VB DT `` JJR '' NN RBR RB JJ IN DT NN NN NN IN NNP HYPH NNP . CD NN IN DT NN IN RB JJ , JJ NN VBZ DT NN IN NN . NN IN DT CD VBG JJ `` JJ JJ '' HYPH NN NNS VBZ TO VB DT JJ NN . NNS IN DT CD JJ NNS VBN IN DT NNS , VBP DT CD HYPH NN NN IN NN HYPH NN NN IN NNP , NNP VBG DT NN HYPH NN NN IN CD NN IN DT NN NN CD . DT NN IN NN HYPH NN NN IN NNS -LRB- CD NNS IN NN VBD JJ , CC JJ JJ NN , RB JJ IN JJ NN IN DT , VBD RB JJ IN JJR NNS CC IN NNS . WRB VBN RB , NFP CD NN IN DT JJ JJ NNS VBD IN JJ VBG NNS , VBG IN VB DT JJ NN IN VBG VBG NN -LRB- CC DT NNS VBN -RRB- CD . NNS VBD RB RB VBN , RB VBN IN JJ NNS , IN DT CD JJ NNS IN JJ NN , RB RB IN IN DT JJ NN IN VBG NN . JJ CC RBR JJ JJ NNS VBP VBN VBN IN DT RBR RB VBN JJ JJ NNS , NNP HYPH NNP -LRB- RB VBN IN CD -RRB- CC NNP HYPH NNP -LRB- RB VBN IN CD -RRB- -LRB- VB RB NN CD IN NNS -RRB- . VBN NNP NNP NNP -LRB- NNP -RRB- NN VBP DT NN IN NN TO VB NN IN RB JJ , JJ NN . IN DT NN IN NN HYPH CD , NN NNS IN NNS VBP NN IN JJ NN IN DT NN IN JJ NNS , IN JJ NN DT NN RBR VBD IN RB JJ NN . IN VBN IN NNP FW FW DT JJ NN NNS VBP JJ IN DT NN IN NNS VBP JJ NN NNS IN DT CD SYM CD NN JJ NN CC IN `` JJ NNS IN NN MD VB VBN IN CD NNS , CC IN IN PRP VBD VBN JJ TO VB DT NNS IN DT JJ NN , DT NN NN MD VB VBN RB JJR '' . DT NN IN DT NNS IN JJ CC VBN NN NNS , IN NN IN DT JJ NN IN JJ NN IN DT CD JJ JJ NNS , VBD IN DT `` JJ '' RB JJ , JJ NN NN IN NNP CD . JJ IN DT CD JJ NNS , DT NN CC DT NN IN DT JJ NN NN IN JJ NN IN DT CD JJ NN NNS VBP TO VB `` JJ '' CC IN JJS `` JJ '' , DT NN VBG IN JJ NN VBZ VBN VBN RBR RB IN NNP HYPH NNP , NNP HYPH NNP , CC NNP HYPH NNP HYPH CD IN DT JJ JJ JJ NNS . JJ JJ NN NNS IN DT NNP HYPH NNP NN VBD DT JJ NN HYPH JJ NN NN IN NN VBG IN CD SYM CD NNS IN JJ NN NNS . IN DT JJ NN NN NN VBG VBG NN IN JJ NN NNS IN NNS IN NN , NFP CD NN VBD VBG NNS -LRB- NN -RRB- IN NN HYPH NNP CC JJS IN DT NN NNS MD VB VBN IN NN NN -LRB- NN -RRB- CD . RB , DT NN IN VBG NNP VBD RB JJ HYPH VBN IN DT JJS JJ NN VBD IN IN CD NNS , DT NN NN VBD VBN IN CD . IN DT NN NN IN NN HYPH NN VBZ RB JJ TO VB DT JJ JJ NN , RB JJ NN MD RB VB IN DT JJ NN . JJ NN CC NN NNS VBP VBN VBN IN NNP HYPH NNP , IN JJ NNS VBG IN NN NNS CC NN VBG NN HYPH NN NN VBP VBN IN NN NN CD . NNP NNP NNP VBD IN DT CD JJ NNP HYPH NN NNS VBN JJ IN DT VBN NNS IN IN CD NN IN NN NN , VBG DT JJ JJ NN IN JJ NN NNS IN JJ NNS : RB , JJ CC JJ NN NNS CC JJ VBG NNS VBD VBN IN RBS JJ CC DT JJ NN HYPH NN NNS . JJ NNS IN DT JJ NNP HYPH NNP HYPH CD NN VBP DT JJ NN IN JJ NNS IN JJ CC RB JJ NN HYPH NN HYPH CD NN . VBN DT NNS , PRP VBZ JJ TO VB IN DT JJR JJ NN NN VBZ RB RB IN DT JJR NN NN CC RBR JJ NN , CC RB IN DT RBR JJ RB JJ , JJ NN IN JJ NN . JJ NN WDT RB VBZ NN IN NN , NN MD VB DT JJS IN CC NNS : JJ RB JJ , JJ NN IN DT NN IN NN IN NN IN DT JJ NN NN IN NN . IN PRP VBZ RB RB TO VB JJ JJ NNS IN DT NN IN NN HYPH NN HYPH CD NN NNS TO VB IN JJ NN , DT NN IN JJ NN RB RB IN DT JJ HYPH NN NN IN JJ NN MD VB VBN IN DT NN IN WDT NN HYPH NN HYPH CD CC , CC JJ JJ JJ NNS VBP TO VB IN DT NN CC `` NN '' . IN NNS IN WDT JJ NN NN VBZ TO VB CC RB VB NN IN DT NNS IN DT `` NN '' , VBN JJ NNS MD VB TO VB DT JJ JJ NN IN DT NN IN DT `` NN '' . IN DT NN IN DT NNS VBZ IN DT `` NN '' IN DT NN IN JJ NN NN CC , CC RB VBN NN , RB RB MD NN IN JJ NN IN DT NNS IN DT `` NN '' IN JJ JJ NNS RB RBR VBP CC RB RBR VB TO RB `` VB '' DT JJ JJ NN NN . IN JJ NNS WRB NN IN JJ NNS RB VBP , NN MD VB VBN IN DT JJ `` NN HYPH IN HYPH NN '' IN JJ HYPH NN NN IN JJ NNS VBZ VBN . DT NN IN DT JJ NN VBN RB TO VB DT JJ NN IN DT JJ JJ NN IN NNS -LRB- NNP CD -RRB- CC NNP HYPH NNP HYPH CD -LRB- NN CD -RRB- VBZ IN PRP VBD RB VB CC VB IN RBR JJ NNS JJ IN NN NN NNS CC JJ NNS , WDT VBP VBN VBN TO VB JJ JJ NNS IN NN NNS . JJ NNS MD VB TO VB VBN TO VB IN DT NN IN DT RBR JJ NN CC IN DT RBR JJ CC JJ NN IN DT JJ NNS IN JJ , JJ , CC JJ NNS IN RB JJ , JJ NN VBN IN NNP CD , NN ."
898,427,mainstream,"NFP DT NNS VBP IN DT JJ NN NN MD VB JJ TO VB . NFP DT NNP NNP NNP NNP VBD IN NNP IN EX VBZ `` VBG '' NN VBG IN NNS MD VB VBN IN DT NN . NFP PRP VBD NN IN JJ NNS IN NN RB VBZ IN NN RB VBZ . NFP DT NN VBZ RB VBN VBN IN NN IN JJ NNS IN NN . NFP NNP NNP , NN IN JJ NN IN NNP NNP , VBD DT NN MD VB TO VB TO VB IN DT `` JJ NN '' IN NNP HYPH CD . NNS VBP IN PRP MD VB JJ TO VB DT VBG NN NN CC VB DT NN MD VB TO RB VB TO VB IN DT JJ NN IN NN HYPH CD . DT NNP NNP NNP NNP , NNP NNP , VBD DT JJ NN IN NNP IN EX VBD `` VBG '' NN VBG IN PRP MD RB VB JJ TO VB NN IN DT NN . `` DT JJ NN PRP VBP RB VB VBZ `` VBP PRP VB JJ NN IN DT NN IN PRP VBP VBN PRP , IN DT JJ NN IN NN . '' '' NNP VBD . `` RB IN PRP VBP RB RB PRP VBZ RB VB DT NN JJ CC PRP VBZ PRP RB RBR JJ CC PRP RB VBP RB VB RB . PRP VBD EX VBD `` DT JJ NN IN NN IN DT NNS VBP VBN VBN IN DT VBG VBN DT JJ NN . '' PRP VBD : `` DT VBZ DT RB JJ NN . '' VB JJR : EX VBP JJR IN CD JJ NN NNS IN DT NNS . RB VBP DT JJ NNS TO VB , VBG DT CD NNS VBN TO VB VBN IN NNS DT NN . DT NN NN VBZ RB VBN VBN NNS IN DT NN IN DT JJ NN VBP VBN RB IN DT NN IN DT NN VBZ RB VBN VBN IN NN IN DT NNP CC NNP IN JJ NNS IN NN . NNP VBD DT NN DT NN IN JJ NNS IN NN VBD IN `` NN -LRB- IN DT NN -RRB- VBZ RB RB . '' PRP VBD IN DT NN VBZ `` TO VB JJ IN PRP VBP RB VB IN PRP VBP VBG TO VB DT NN IN DT NN IN PRP VBP VBN IN , VB PRP VB NNS , WDT IN PRP VBP PRP PRP VBP VBN IN NN . '' `` PRP MD VB NN , '' PRP VBD . `` NNS VBP VBN IN , IN DT JJ NN , PRP VBP RB VBN IN DT IN PRP . '' VB JJR : DT NNP VBZ VBG TO VB DT NN NN CC NN . RB VBZ WRB CD JJ NNS VBP VBG TO VB DT NN . DT NNP NNP NNP IN NNP RB VBD NN IN DT NN IN NN IN DT NN MD VB VBN . IN DT NN IN NNS IN DT NNS TO VB RB HYPH VBN `` NN NNS , '' IN DT RB VBN IN DT NN DT NN VBD IN DT NN IN : `` EX VBZ RB DT NN IN NNS WP VBP VBN IN NNP HYPH CD CC VBP NNS VBP VBN IN DT JJ NN . '' JJ NNS VBP RB VBN DT NN IN DT VBG NN MD RB VB TO VB IN NN HYPH CD . IN DT NN IN DT NNP NNP NNP , NN IN JJ NN IN NNP NNP , NNP VBD DT NN VBD TO VB IN DT NN MD RB VB JJ . `` PRP VBP RB RB VB DT NN WDT VBZ JJ CC JJ IN DT NN , '' PRP VBD DT NN . `` DT NNS VBP RB , RB JJ WRB PRP VBZ IN NN NN , RB IN DT JJ NN , PRP VBP VBG TO VB TO VB NNS TO VB IN PRP$ NNS IN DT NN IN DT JJ NN . '' RB IN DT RB JJ NN VBZ JJ , NNP VBZ IN DT RB JJ NN MD RB VB JJ VBG . `` PRP MD VB NNS WDT VBP RB JJ IN VBG -LRB- JJ NNS IN -RRB- NN , CC PRP VBP JJ NN IN NNS VBP RB VB JJ NN . `` RB PRP MD VB DT NN WDT VBZ RB RBR JJ CC VBZ RB JJ , IN IN PRP VBD NN IN DT JJ NN IN VBG IN DT , PRP MD RB VB JJ TO RB VB NNS RB IN EX VBD RB JJ NNS . ''"
899,49,mainstream,"DT NNP NN VBZ PRP$ NN IN NNS , NNS CC NN -LRB- JJ NNS -RRB- . NNP VBZ CD JJ NNS IN CD NN . PRP$ NN MD VB CD NN IN NNP RB IN PRP$ JJ NN CC DT JJ NN WRB PRP VBP JJ CD NNS CC CD NNS JJ . NN VBZ DT JJ NN WDT VBZ VBN IN NN IN NN . NNS IN NNS VBP : NNS MD VB IN IN CD NNS IN NNS CC JJR IN NNS . DT NN MD VB JJ NNS . NNS VBZ VBN IN DT NN . NNS IN JJS NNS VBP : SYM JJ JJ NNS IN DT NN CC NN NNS VBP IN IN CD NNS . DT NN MD RB VB NNS . NNP VBZ DT JJ JJ NN , RB VBN IN JJ NNS . NFP NN JJ NNS IN DT NN CC DT NN IN DT NN DT NNS RB VBP JJ NNS . DT NN VBZ RB JJ IN NN . PRP VBZ JJ TO VB NNS IN NNS , NNS CC NN IN DT NNS MD VB JJ NNS . IN DT NNS , NNS MD VB NN . IN NNS JJ IN CD NNS , CD NN IN CD MD VB DT JJ JJ NN NN IN CD NNS IN VBG NNS . NFP NN , RB IN JJ CC JJ NN NNP MD VB NN IN DT NN CC MD VB NN NN . IN JJ NNS , PRP MD VB NN CC JJ NN NNS IN PRP$ NNS JJ IN : NNP NN VBZ PRP$ NN IN NNS , NNS CC NN . PRP VBP DT NN IN CD NNS : NFP WRB PRP VBP RB CD NNS JJ : CC NNS IN IN DT NN , VBG DT NNP NNP NNP -LRB- NNP -RRB- , VBP IN EX VBZ DT NN IN DT NN NN CC NN . JJ NNS IN NNS , NNS CC NN VBP RB VBN . JJ NNS VBP NNS IN NN IN PRP VBP IN DT NN . PRP RB VBZ IN NNS VBP NN NNS CC VBP RBR IN NN IN JJ NNS IN DT NN NN . NFP NN IN NNS IN IN CD NN JJ , NN IN NNS IN PRP$ JJ NN , NN IN NN NNS JJ CD NNS CC CD NNS JJ"
900,966,mainstream,"NN CC NN VBZ DT JJ NN IN VBG JJ CC JJ NNS . IN NNP , NNS MD VB JJ NN NN IN DT NNP NNP NNP -LRB- NNP -RRB- MD VB PRP IN NN . NN IN NNS MD VB IN IN CD NNS . IN NNS VBP JJ IN DT NN , JJ JJ NNS VBP PRP IN NNS IN NNS . NN NNS VBP VBG IN WP DT NN VBZ IN . PRP MD VB : NFP DT RB JJ NN IN DT JJ -LRB- CC VBN -RRB- NN SYM DT JJ NN IN DT NN TO VB DT NN PRP MD RB VB DT NNP POS NN NN IN JJR NN IN DT NN CC PRP$ JJ NNS . PRP MD VB JJ NN NNS VBG NN . JJS NN NNS VBP RB JJR IN DT NN IN NNS CC PRP MD VB IN DT NNS . NFP NN , NN CC , CC NN WRB PRP VBD DT NN JJ NNS IN JJ NNS VBP RB JJ . IN PRP$ NN VBZ IN DT JJ NN , VB JJ NN RB RB . IN PRP VBP DT NNS IN JJ NN NNS IN NNS , VB IN PRP$ NN CC NN . DT NNP CC DT NN RB VBP WRB RB DT NN VBZ VBG CC WRB JJ PRP VBZ . IN DT NNP VBZ NNS , PRP VBP CC VBP PRP IN DT NN IN NNS : NNP VBZ DT JJ NN IN VBG NN NN IN NNP . DT NNP NNP IN NNP NNP CC NNP VBZ DT NN . DT NNP NNP NNP IN NNP VBZ PRP . DT NNP NN VBZ DT NN IN NNS IN NNP . NNP VBZ NN NN IN VBG RP VBN NNS CC NNS CC VBG IN PRP VBD IN NNS . DT JJ NN IN NNP VBZ NN IN NNS VBG NNS , CC PRP$ NNS CC NNS , IN NN NNS . DT NNS VBG NNS , CC PRP$ NNS CC NNS VBD VBN IN DT NN IN PRP$ NN POS NN DT JJ NNS IN VBG DT NN IN JJ NNP NNP NNP NN NNS . PRP MD VB JJ NNS RB IN DT NN RB VBG : DT NNP VBZ DT NNS IN DT JJ NN . DT NNP MD VB DT NNS IN VBN IN NN NNS , JJ IN DT NNP NNP IN NNPS -LRB- NNP -RRB- . DT VBZ EX VBZ JJ NN NN IN NNS . PRP MD VB NN HYPH NNS IN NNS IN VBG CD CD CD . DT NN IN NNP NNP MD VB NN IN WRB TO VB DT NN NN CC VB DT NN . PRP MD RB VB NN NNS IN PRP$ NN CC NN NN NN . NN VBZ RB RBR VBN IN NNS NNP , WDT VBZ NN , VBD RB VBN IN DT NN IN DT NNS IN RB JJ NNS . NNS VBD NN IN DT NNS IN NNP POS NNP NNP NNP IN CD . EX VBZ DT JJ NN IN DT JJ NNS IN NN VBD DT JJ NNS IN NNS CC NNS . DT VBN NN IN NNS CC NN JJ HYPH NN NNS IN JJ NNS VBP VBN DT NN IN JJ NNS IN VBN CC JJ NNS . JJ NN IN RB CD CD NNS IN DT NN VBP VBN IN NN VBZ RB VB NN . NNS RB VBD JJ IN NN CC NN IN DT JJ NN DT NNP VBD DT NN IN CD . DT NN VBD EX VBD DT NN IN DT NNS , NNS , NN -LRB- NN -RRB- NN CC NN . IN RB , NNS VBP RB VBN DT NN . DT NNP VBD PRP IN CD CC VBD DT NN . DT NNP NNP NNP NNP VBD DT NN IN DT JJ NN IN NN CC NN . PRP MD VB JJR NN IN NN NN IN DT VBG NNS : NFP DT NN IN NN : NNS CC NNS"
901,970,conspiracy,"NN , NN NN , CC NN : RB IN NNP . NNS VBP VBN VBG NNS IN VBN NN NN NNS VBP TO VB IN JJ NNS , VBN IN DT NN DT NN RB IN CD JJ HYPH NN NNS VBG DT JJ NN NN IN JJ NNS . JJR IN DT NN IN DT NNS VBD VBN IN NNP , DT NNP NNP NNP NNP VBD DT NNS TO VB NNS TO VB VBN NNS IN CD JJ NNS . NNS VBD CD NNS , CD JJ NNS CC CD NN NNS IN DT NN . PRP VBD DT NN IN CD NN IN NN POS NNS , CD NN IN NNP POS NNS , CC IN NN IN DT NN NNS . DT JJ NN RB VBD DT NN IN CD NN IN NN POS NNS , RB JJ NN . `` DT VBP RB JJ NNS IN RB JJ NNS , '' VBD NNP NNP , NN NN IN NN IN NNP NNP IN NNP . DT `` JJ NN IN NNS '' VBZ `` DT NN . '' DT VBZ RB DT JJ NN NNS VBP VBN NN IN JJ NNS . NNS VBD IN NNS IN NNS IN NNS IN NN NN , VBN IN NN , VBN NNS IN CD CC CD CC VBD JJ NNS . IN RB , PRP VBD RB VBN IN NN , RB NN , CC DT NNP NNS VBD RB JJ NNS . IN CD , DT NNP NNP NNPS IN NNP , IN JJ NNS , VBD DT JJ NN TO VB DT NN NN CC VB DT NN IN DT NN VBZ JJ NNS . IN DT NN , NNP , VBD PRP$ RB HYPH JJ NNS VBG DT NN IN NNS . -LRB- IN RB , JJR IN CD JJ NNS VBP VBN PRP$ NNS -RRB- . IN DT NN , NNP VBZ , DT JJ NNP JJ NN NN VBD NNP CC VBD PRP DT JJ VBG NNS IN NN NN IN DT NNS . IN PRP$ NN , NNP VBD DT NN IN NN IN CD NNS WDT RB VBZ DT NN NNP VBN IN DT NN NN NNS . DT NN VBZ NNP POS NNS VBP DT NN , NNP VBZ . `` PRP MD RB VB IN NN WDT VBZ RB VB , '' PRP VBD . `` DT NN RB VBZ IN PRP$ NN . '' IN NN IN PRP$ NN IN DT NNP JJ NN , NNP CC PRP$ NNS VBP VBN VBG JJ NNS IN NN CC JJ NNS . DT NNS VBP RB VBN VBG RB RB IN PRP MD VB , NNP VBZ , RB IN `` EX VBZ DT NN NN '' IN DT NN . `` DT NN NN MD VB PRP TO VB PRP . '' DT JJ JJ NN , NNP VBZ , VBZ TO VB IN DT NN NN VBZ NNS CC VBZ RB RB DT `` NN '' IN DT NNS . DT VBZ DT JJ NN , IN NNS VBP RB VBN JJ TO VB DT NN IN JJ NNS . IN DT JJS NN , PRP VBP , DT NN VBZ DT `` NN HYPH CC HYPH NN '' NN , VBG DT NN IN JJ NNS IN PRP VBZ VBN IN DT NN . RB , PRP VBZ JJ IN DT NN VBP , NNP VBZ , IN JJ CC JJ NNS VBP DT VBN IN CD VBP RB VBN VBN IN DT NN , IN JJ CC JJ NN , CC IN JJ NN . DT NNS IN NNS , NNS CC NN NNS VBP RB RB VBN RP `` RB '' IN DT JJ CD NNS . `` NN CC RB , PRP VBP TO VB RP , '' PRP VBD . `` PRP VBZ NN TO VB IN . '' RB DT JJ NN , NNP , VBZ VBN JJ NN IN VBN NN NN VBZ JJ IN IN IN NN IN DT CD NN POS NN NNS IN NN . DT MD VB RB NN WDT VBZ DT . PRP VBD DT NNS TO VB PRP IN NN IN NN CC RB PRP VBD DT NNS IN DT JJ NN WDT MD VB RB CD DT NN IN DT NNP . DT VBZ RB JJ IN NN MD VB VBN IN JJS NNS RB IN VBG NN IN PRP$ NN . IN PRP VBD CD IN DT WP VBD DT NN PRP MD VB NN JJ TO VB PRP$ JJ NN . VBG PRP$ NN IN NN HYPH CD NNS CC VBG DT NN HYPH CD NNS MD VB DT JJ NN IN VBG DT NNS IN NNS ."
902,763,conspiracy,"NN NN VBN IN NN RB IN NN VBZ RB TO VB IN JJ NNS NNS IN NNS IN DT JJ NNP HYPH CD NN MD VB IN NN IN DT NN IN DT NN , VBG IN DT NNP NNP HYPH VBN NN WP VBZ VBN VBN IN NNP NNP NNP IN PRP$ NN IN DT NN . NN NNP NNP NNP VBZ RB VBG JJ JJ NN NNS IN PRP$ NNP NN : DT IN WDT MD VB JJ NNS IN DT NN IN NNP , CC DT IN WDT VBP VBN IN NN RB IN NN . VBG RB IN NNP , NNP VBD : `` PRP$ NN VBZ IN PRP CC NNS MD VB JJ TO VB RB JJ NNS IN -LRB- NN -RRB- NN , NNS CC NNS IN NNS IN DT NN IN DT NN , RB JJ NN . `` PRP VBP , IN PRP DT VBZ RB VB JJ VBN DT NN IN NN DT NNP NN CC NNS VBP VBN . `` PRP VBP IN DT NN NN MD VB NNS TO VB RP CC IN NNS TO VB VBG RB CC RB RB . '' NNP , CD , VBZ DT JJ JJ NN IN NNP : DT RB VBN NN NN WDT VBZ IN DT NN IN JJ JJ NNS . IN IN PRP$ CD HYPH JJ NN , PRP VBZ VBN VBG CD NNS DT NN IN NNP IN DT NN TO VB RP IN DT JJ NN IN NNP HYPH CD . DT NN VBD VBN : NNP , NNP CD , CD IN CD NN"
903,56,mainstream,"IN NNP NNPS VBP RB RB VBN IN VBG JJ . NNP NNP VBD DT NNP NN . NNP NNP NNP VBD IN PRP$ NN IN NNP NNP . CC , IN DT JJ CD NNS NNP NNP VBD NN , DT NNP NNP VBD PRP VBZ VBN RB CD `` JJ CC JJ NNS '' IN DT JJ NN . RB , PRP VBZ JJ TO VB DT NN VBG DT NN CC NN DT NN . WRB VBZ DT . RB IN DT , WP VBZ PRP VB TO VB . DT NN CC NN VBP VBP RB VBN IN NNP NNP IN DT NNS . TO VB VBZ `` TO VB RB CC JJ NN RB , IN IN NN TO VB . '' RBR RB , TO VB VBZ `` TO VB WP VBZ JJ , VB DT JJ NN . '' RB , WRB DT NN VBZ , PRP VBP RB RB VBG JJ NN , PRP VBP VBG PRP IN DT JJ NN IN VBG NNS TO VB VBG NN . IN NN VBZ DT RB , RB PRP MD VB PRP DT NN , `` DT NN WP VBZ NNS . '' DT NN VBZ RB VBN IN IN DT NNS . WRB VBP RB NNS VB DT NN NN . DT JJ NN WRB JJ NNS VBP NNS IN NN VBZ IN PRP VBZ JJ TO VB CD JJ NN IN DT NN IN : NN . IN DT NN VBZ `` DT JJ NN WDT VBZ VBN IN JJ NN TO VB , '' RB VBG NN DT NN VBZ PRP VBP PRP VBP RB VBG TO VB NNS . IN JJ IN PRP VBP DT NN IN NNS , PRP VBZ JJ WRB PRP VBP DT NN IN DT NN VBN IN VBG DT NN : RB PRP$ JJ NNS IN PRP . NNP NNP , DT NN IN NN CC NN NNS IN NNP NNP CC DT VBG NN IN NNP , VBD IN CD IN DT NN VBG DT NN DT NN MD VB DT JJ NN . DT VBZ RB TO VB IN PRP MD RB VB VBN . JJ IN DT NNP NN , IN NNP VBD , DT NNP NNP NNP NN VBD NNP JJ IN `` DT JJ , NN HYPH JJ NN TO VB , VB CC VB NN '' CC `` VB DT NN . '' RB , PRP VBD RB IN DT NNP NN VBD CC NNS VBD NNP POS NN IN DT NN VBD DT NN DT NN . IN DT NN VBZ TO VB PRP$ NN , NNP VBD , PRP VBP JJ TO VB RB IN VBG NNP NNP , CC NN JJ , DT NN . `` IN PRP MD VB VBN TO VB NNS IN `` NN '' CC `` NN , '' IN DT JJ NN DT NN MD VB JJR NN IN PRP VBZ VBG JJR IN PRP MD RB VB TO VB JJ , '' PRP VBD . MD NNS VB NN RB . IN NNP CD , CD , DT NNP NNP VBD IN , IN DT JJ CD NNS IN PRP$ NN RB , NNP VBD CD JJ NNS IN DT NN , NN , NN , JJ NN , CC JJ NNS . IN RB CD NN IN NNP CD , NNP RB VBD NNP NNP , DT NN IN JJ NN IN NNP , IN DT NN IN DT NN IN DT NN IN PRP VBG NN NN `` JJ NN . '' NNP VBD JJ TO VB NNP IN DT NN IN NNP VBD RB DT NN , CC DT VBD RB VB DT NN IN JJ NNS VBD VBN IN DT NN CC MD VB VBN DT NN POS NNS IN JJ . IN DT CD NNP JJ NN , NNS VBP VBN RB JJ IN DT NN POS NN IN JJ NNS WP VBP , IN JJ JJ IN PRP VBP IN DT NN HYPH NN NN WRB NNS VBP VBN JJ . CC , PRP VBZ RB RB NNP . DT NN VBD PRP DT NNP NNP NN NN , IN WDT NNP VBD PRP `` RB VBD CC VBD DT NN WDT VBD VBN VBN '' IN PRP$ JJ NN NN IN NNP IN NNP : DT NN IN NNP VBD IN JJ . IN DT CD JJ NN , NNP RB VBD IN CD NN IN NNS NNP NNP , RB NNP IN DT NNP IN NNP CC NNP NNP , VBN IN CD VBD JJ , VBG PRP$ NN IN EX VBP DT `` NN '' IN JJ NNS JJ IN DT NN . NNP NNP NNP NNP VBD NNS RB CD NN IN DT NN IN DT NN NN , VBG IN `` DT JJ NN VBZ VBG IN NN NNS , VBG TO VB PRP TO VB NNS VB IN JJ NNS . '' VBG DT NNS IN NN CC NN RB RBR , NNP VBZ VBN DT NN JJ NN : RB TO VB RP JJ JJ NN CC TO VB NN CC NN VBN IN JJ IN PRP . DT NN VBZ VBN RB JJ , CC PRP VBZ VBN IN VBG DT NN IN WDT DT NN VBZ JJ TO VB . JJ VBP IN DT NN RB MD VB DT NN IN NN RB . RB NNS VBP VBG TO VB CD DT RP . IN NNP , NNP VBD DT NN NN IN NN NNP NNP VBD `` IN CD , DT NN VBZ TO VB JJR IN VBG IN NNP POS NN -LRB- VBN -RRB- . '' NNP VBD IN NNS VBP RB VB NNS IN NN CC NN IN PRP VBP VBN TO VB DT NN IN NN . RB , PRP VBD : IN NN , VBG JJ VBZ RB VB VBG NNS VBP . `` NN '' VBZ RB VBG CD NNS RB TO VB IN WP NN VBZ VBZ DT JJ NN . EX VBZ DT NN IN VBG NN VBZ RB JJ IN PRP VBZ , IN NN , RB JJ . IN NN , VBG NNS VBP RB JJ IN NN VBZ RB DT RBS JJ NN IN DT NN . DT JJ NN NNS VBP RB VBN VBG DT NN NN IN NN . IN NNP CD , DT NNP NNP VBD DT NN `` PRP VBZ JJ : NNP VBZ VBG JJR CC PRP VBZ VBG PRP IN NN . '' IN NNP , NNP VBD `` NNP NNP NNPS CC PRP VBZ VBG DT NN JJR IN PRP RB . '' DT NNP VBD DT NN HYPH RP IN NNP CD IN DT NN RB VBN : `` DT NNP POS NNS . '' IN DT NN IN JJ NN , NNS VBP TO VB IN DT NN IN DT NN IN PRP$ NN -LRB- FW , VBG NN DT NN -RRB- , RB VBZ IN DT NN IN DT JJ NN DT NN VBZ RB VBG . DT NN VBZ DT JJ NN TO VB NN IN NN , CC DT VBZ VBG RP NNS CC RB VBG PRP TO VB RB IN NNS . EX MD VB NN IN WRB DT NN NN MD VB , CC DT VBZ RB VB DT NN IN PRP VBP TO VB CD : RB IN NN VBZ JJ TO VB . NNP NNP VBZ DT JJ NN IN NNP , NNP . PRP$ NN VBZ VBN VBN IN NNP , NNP NNP , NNP , CC JJ NNS . IN JJR IN NNP , VB : `` WRB MD RB NNS VB . '' NFP `` VBZ PRP NN IN DT NNS TO VB DT NN `` NN '' . NFP '' VBZ `` JJ '' DT JJ NN TO VB TO VB NN POS NN . '' NFP `` WP VBZ PRP VB TO VB JJ . '' NFP `` VBZ DT NNP `` NN '' VBN PRP$ NN IN CD . '' NFP `` VBZ `` VB NNP '' VB DT JJ NN IN NNP CC JJ . '' NFP VBZ EX DT NN IN `` VBG IN '' CC `` VBG RP '' ."
904,1213,mainstream,"NNP NNP POS NN NN VBD JJ NNS NNP , IN NNS IN VBG DT NN POS JJ CC JJ NNS VBD RP NN NNS CC JJ JJ NNS TO VB DT NN TO VB NNS IN VBG IN IN NNS . `` PRP VBP RB VB TO VB VBN . PRP VBD RB VB NN JJ , '' NNP NNP , DT CD HYPH NN HYPH JJ NN NN CC NN CD NN NN , VBD IN NNS , IN DT JJ NN VBG PRP$ NN CC NN , PRP$ NNP NNP JJ . `` DT NN IN RB VBG NNS NNS CC VBG PRP NNS VBZ DT NN IN PRP VBG JJ TO VB JJ NNS CC VB JJ NNS CC RB VB JJ IN VBG IN NN VBD CC VBD IN CD IN PRP . '' NNP NNP NNP VBD RP RB IN DT IN PRP$ JJS NNS IN DT NN RB RB , IN DT NN IN NNS IN DT NN VBZ CD IN NNP NNP NNP CC NNP NNP : CD IN DT NN POS NNS . CC NNP NNP JJ NNP NNP , DT NNP , VBD DT NN POS NN NN . `` DT VBZ DT JJ NN NN CC PRP VBZ JJR IN NNP NNP IN DT JJ NN , '' NNP VBD NNP POS NNP NNP IN NNP . `` CC PRP VBP PRP MD VB DT NN . PRP VBP DT NN IN PRP$ JJ NNS , PRP VBP RB VB DT NN TO VB PRP$ NN . '' NNS IN DT NN TO VB JJ NNS MD VB IN NNP NN IN DT NN NN : RB JJR : TO VB RB , VBG IN PRP VBP VBN RB VBN CC IN VBG DT JJ NN , IN NNP CC RB NNP VBP VBN , VBZ IN JJ NN , JJ NN , CC MD RB RB VB DT NN . RB , NNP VBD DT VBN NN IN DT NN IN JJ NNS IN JJ NNS : CC IN CD NNP NNP NN IN JJ : VBN IN PRP VBD PRP$ JJ NN NN IN CD . CC RB , PRP$ NN VBD TO VB RP IN NNS IN DT NN . RB NN , IN DT NN IN DT NN , VBZ IN NNP NNP VBZ TO VB JJR IN NN DT JJ NNS NN , CC WP RB WDT MD VB IN VBZ VBG TO VB CD IN DT RBS JJ JJ NNS IN DT NN RB IN NNS VBP IN DT JJ NN IN DT NN POS JJ NN . PRP VBZ NNP . VBN NNS , NNS CC NNS . VB PRP VB . IN NN : -LRB- NN VBN -RRB- CC -LRB- NN VBN -RRB- , CC IN NNP : IN NNP , CC NNP . VB NNP . IN NNP , IN DT JJ NN . WRB POS NNP . RB NN , IN PRP$ JJ NN . NN POS NNPS : : NNP NNP NNP : `` VBN IN VBG JJ '' '' : JJ NN : `` PRP MD RB VB PRP VBD DT NNS '' '' : NNP : `` NN VBZ JJ NN '' : NNP NNP : `` VBD NN RP '' : VB PRP NN POS NNPS : : NNP NNP NNP : : CD NN , IN DT NN : `` NNP , NNP CC NNP . VBN NNP NNPS NNPS NNP NNP IN NNP '' : CD NN , IN DT NN : `` `` PRP VBD JJ '' : VBG NNP IN NNP NNP '' : NNP NNP NNP : : CD NN , IN DT NN : `` NNS NNP NN NN '' : CD NN , IN DT NN : `` DT NN VBZ VBG . VB VBG PRP IN VBG NN . '' : VB PRP `` DT NN NNP NN VBN IN JJ NNP POS NN NN IN NNP WDT VBD CD NNS RB VBD DT NN IN DT NNP IN NNP NN RB CD NNS RB IN PRP VBD VBG IN DT NN NN IN DT NNP NNP NNP IN NNP NNP . RB VBN NN NNS IN DT JJ NN IN NNP NN NN NNP NNP VBP IN NNP NN NNP NNP VBD IN DT NNP NN IN NNP IN NNP CD , CD WRB PRP VBD DT JJ CD HYPH NN HYPH JJ NN IN DT NN NN . NN IN DT NN VBD RB JJ . PRP VBD NN NNS VBN IN IN HYPH VB NN NN CC JJ NN NNS . `` CC DT NN WDT NN IN NN IN CD NNS VBZ VBN IN DT NN NN IN NNP NNP , VBG PRP JJ IN DT NNP POS NN NN NN . NN NNS VBP RB VBN TO VB VBN IN NNS CC NN NNS IN NN IN CD CC JJR . IN JJ NNS , DT NN NN NN MD VB VBN VBN VBN NN NNS IN DT NNP IN NNP NNPS . . PRP VBZ JJ IN DT NN IN NNP POS NN IN NNP IN DT NNP IN DT NN IN CD VBD NN IN PRP$ NNS IN DT NNP CC IN PRP VBD RB IN PRP$ JJ NN VBG PRP$ NN VBN . NNP NNP NNP POS NNP NNP `` CD NNS RB , IN NN CD , NNP NNP VBD NN WRB NNP NNP NNP VBD PRP$ NNP NNP POS JJ JJ NN IN DT NN , DT RBS JJ NN IN DT NN . PRP VBD RB CD IN DT JJS TO VB VBN IN DT NN , CC WRB PRP VBD IN DT NN IN NN , PRP VBD VBG RB JJ IN PRP$ NN JJ NN . CD NNS IN PRP$ JJ HYPH NN NN , NNP VBD PRP$ NN TO VB DT NN IN VBG PRP$ NNS . PRP VBD RB VBN CD . `` : IN DT JJ HYPH VBG NN , NNP , WP RB VBZ DT NN POS NNP IN NNPS CC NNPS , VBD PRP$ NNS IN JJ NN , NN NN , VBG TO VB NN IN DT JJ NN CC VBG IN NNS IN NNS IN PRP$ NN VBG IN NNS . '' NNP POS NNP NNP NNP `` NN . NNP NNP VBD PRP VBZ TO VB IN DT JJ NN IN CD . `` PRP VBP TO VB IN DT JJ NN , '' DT NN VBD IN VBN NN IN NN NNP NNP IN DT NNP NN NN IN NNP . NNP , DT CD HYPH NN HYPH JJ NNP , VBZ VBN NN IN CD , CC PRP VBD DT JJ NN IN CD , VBG NNP NNP NNP NNP NNP NNP , CD NN IN CD NN . '' NNP POS NNP NNP `` NN NN NNS MD VB VBN IN RB CD NNS IN DT NN , VBG NNS IN NNP NNPS , VBG IN DT JJ NN VBN NNP . DT NN : VBN IN DT NNP NNP NNP NNP NNP NNP : VBD CD NNS IN DT NN VBD IN JJS CD IN DT CD VBG NNS VBN IN DT NNP NNP NNP . VBG NNS : JJ IN NN NN -LRB- NN -RRB- CC CD HYPH NN : VBP JJ NNS CC VBD RB VBN IN NN NN NNS CC NN NNS IN NN . '' NNP POS NNP NNP NNP NNP NNP NNP VBD DT NN NN HYPH NNP IN NNP NNP NNP NN TO VB NN VBG VBN NN NN IN JJ NNS : DT NN PRP RB VBZ IN PRP VBZ IN NN . `` PRP VBP VBG TO VB NN JJ RB . PRP VBP NN TO VB DT NN IN DT , '' PRP VBD IN PRP VBD IN JJ NN NNP NNP , CD NNP NN NNS CC JJ NNS IN DT NNP NNP NN . `` PRP VBP DT JJ JJ NN IN NNP WDT VBZ RB VB VBG NNS NN RP . '' `` PRP MD VB DT NN IN DT NN RB RB , '' PRP VBD . CC NNP NNP , WP VBD PRP$ JJ NN IN DT NNP NNP RBR DT NN , VBD CD NNS TO VB DT NN . JJ NN NNP NNP VBD DT NN IN JJ CD , WRB PRP VBD DT NN IN DT NNP NNP , CC DT NN VBD RB VB PRP IN PRP$ NN IN DT NNP NN DT NN IN PRP VBD VBG IN TO VB IN NN . NNP POS NNP NNP `` IN NNP NNP NNP NNP VBZ DT CD JJ NN , DT JJ NN IN NNS MD VB TO VB JJ NNS : DT CD NNS WP VBD $ CD IN PRP$ JJ JJ NN NN . CC RB IN DT WP VBD DT JJ $ CD , JJ VBD PRP VBD JJ TO VB PRP$ NNS WRB PRP$ NN VBD . NNS IN NNS VBN IN DT NNP NNP NNP IN NNP NNP NNP POS NNS VBD DT NN IN PRP$ JJ NN IN NN : RB IN DT NN HYPH VBN NN IN NNS JJ TO VB NNS IN NNS TO VB DT NNP NNP NNP NN IN PRP$ JJ NNS . '' DT NNP NNP NNP POS NNP NNP DT JJ NN NN NN IN DT NN VBG JJ NN NN NNS IN NNS MD VB IN JJR NNS IN NNS VBG PRP$ NN , NNS CC NNS VBP . DT NNP NNP IN NNPS IN DT JJ NNP VBD NNP IN DT NN NN IN NNP VBD RB RB VB JJ NN NNS VBN IN NNS VBG JJ NN NN WRB DT NNS VBD VBN IN DT NN IN VBN NN . DT CD HYPH NN NN MD VB NNS TO RB VB DT NN IN DT NNP NNP NNP NNP VBD TO VB CD NNS IN NN NNS IN VBG PRP IN JJ JJ JJ NN NNS . NNP POS NNP NNP `` NNP NNP NN NN IN NNP NNP NN VBZ VBG NNS IN IN DT NN . CC PRP$ CD RBS JJ NNS VBP JJ : CD NN NNS WP RB VBP VBN NNS IN NNS RB JJ IN $ CD . NNP POS JJ NN VBZ RB VBN RB IN DT NN PRP VBZ TO VB , DT JJ NN POS JJS NN NN NNS IN DT NN NN IN NNPS VBP . IN PRP$ $ CD IN JJ NNS , RB $ CD VBD IN CD NNP NNS : IN NNP NNP CC NNP NNP VBG DT NN . `` PRP$ JJ JJS NN VBD IN NNP NN NNP NNP , DT NN IN NNP NN CC NN NNP NNP , WP VBD $ CD . DT NN IN CD NNS IN JJ NNS VBN IN NNP POS NN VBP CD NNS VBD CD CC JJR NNS IN NNP CC JJ NNP . '' DT NNP POS NNP NNP . `` JJ NN NNP NNP NNP VBZ VBG IN DT NNP NN NN IN NNP NNP , WRB PRP MD VB VBN IN NNP NNP NNP CC DT JJ NN NNP NNP , NNP VBZ VBN . DT JJ NN IN NNP POS NN MD VB IN NNP POS NN , VBG IN NNS JJ IN DT NN . NNP MD VB CC VB NNP RB . PRP MD VB VBN IN JJ JJ NNP NNP JJ NN NNS , VBG NNP NNP , NN IN JJ NN IN NNP CC NNP , NNP NNP , NN IN NNP NNPS , CC NNP NNP , DT VBG NN IN NNP NNP , DT NNS VBD . `` NNP POS NN TO VB RP JJ JJ NNS IN NNP NNP VBZ DT JJS NN IN PRP$ JJ NN NN IN PRP VBZ IN DT NN TO VB IN NNP NNP NNP IN CD . IN DT CD JJ NN NNS , NNP NNP NNP NNS VBD TO VB RB RB $ CD CD IN JJ NNS , VBG IN DT JJ NNP IN NNP NNP . NNP VBZ DT VBG NNP CD NN NN IN JJ NNS , VBG IN JJS NN . NNP POS NNP NNP JJ NN : NNP NNP , JJ JJ NN IN NNP NNP , VBZ CD , NNP NNP , NNP POS NNP NNP VBZ CD , NNP NNP , NNP NNP VBZ CD , NNP NNP VBZ CD SYM CD , NNP NNP VBZ CD HYPH NNP HYPH NNP NNP -LRB- IN NNP NNP -RRB- VBG NNS : NNP NNP , JJ NN IN JJ JJ NNS CC NN IN NNP , VBZ VBG DT NN IN NNS IN NNS IN NNP . NFP NNP NNP , DT JJ NNP NN NN IN DT NN , VBZ VBN VBN IN DT NN IN NNS IN DT NNP IN NNP NNP . NFP NNP NNP VBZ VBN DT NNP NNP IN DT NN NN . PRP RB VBD IN NNP NNP CC NNP POS NNP NNP NN NN , VBG NN NNS IN JJ JJ NNS . NN NN : IN DT NNP NN : `` DT NNP NNP NNP IN NNP NNP , VBN IN NNP NNP , JJ NN NN CC NN IN DT NNPS NNP , CC NNP NNP , JJ NN NN CC NN IN DT NNP NNPS NNP , MD VB VBG RP IN PRP$ JJ NNS JJ NNP CD , CD . DT NNP NNP NNP MD VB DT JJ CC JJ NN IN PRP$ NNS . '' NN NNP NNP : NNP : `` VBP PRP VB TO VB WRB JJ NNP VBZ IN NNP NNP NNP POS NN . RB CD CD NNS VBD IN NNP NNS JJ NN . DT VBZ CD CD JJR NNS IN VBD IN NNPS , NNPS , NNPS , NNPS , NNPS , NNPS , NNPS CC NNPS NNS VBN . '' NN : NNP NNP VBZ VBN NNP HYPH NNP NNP IN DT NN NN . PRP RB VBD CC VBD NN NNS IN NNP NNP CC VBD NNS CC JJ NN IN NNP . NNP NNP VBZ VBN NNP HYPH NNP NNP IN DT NN NN NN . RB , PRP VBD DT NN IN DT NNP NNP CC DT JJ NN NN IN NNP . : NN NN : NNP NNP , DT JJ NN CC NN NN IN DT `` NNP NNP NNP , '' MD VB NNP NN NNP NNP , CC PRP MD VB IN DT NN NN NN . PRP VBZ VBN VBG IN DT NN IN DT JJ NNS , VBG IN DT NNP NN . VBG NN : IN DT NN : `` NNP VBZ VBG NNP NNPS IN NNP : DT JJ NN NN WDT VBZ NNP NN IN DT NN IN VBG JJ NN IN JJ JJ NNS . DT JJ NNP NNP IN PRP NN VBZ IN JJ NN CC NN NNS VBG NNS , CC VBZ RP JJ NNS , NN NNS , CC NN NNS TO VB NNS IN DT NN . `` DT JJ NNP NNP VBZ RP NN , IN NNP NNP NNP CC MD VB VBN IN NNP POS JJ NNP NNP . DT JJ NNP NNPS IN PRP NN MD VB IN DT NN IN NNP IN JJ NNS IN NNP , NNP , NNP , NNP NNP , CC NNP . '' : DT NNP POS `` NN HYPH IN HYPH NN NN '' NN VBZ RP DT NN IN DT CD , CD , CD NNS CC NNP NNP NNS . NN TO VB . : DT NNP NNPS VBP VBN IN DT NNP NN NN WDT VBD NNP NNP NNP NNP HYPH NNP IN DT `` NN IN NN . '' : NNP VBZ RB VBG IN NN TO VB VBG DT JJ NN . JJ NN : `` VB JJ NN NN IN PRP$ NNS , NNS . PRP VBP RB RB JJR IN WP PRP VBP VBG IN . '' : JJ NN , CC JJ NN , NNP NNP VBZ VBG DT NN IN NNP NNP NNP . : DT NNP NNP IN NNP VBZ VBN $ CD CD IN CD NN NNS IN NN JJ NN . `` DT NNP NNP NNP NNP IN NNP VBZ DT JJS NN TO VB IN WRB TO VB IN JJ HYPH NN NN NNS JJ IN NNP . DT NN , NN NNS VBD JJ NN NNS WDT VBP WRB NN NNS MD VB RP PRP$ NNS , IN DT NN TO VB JJ NNS IN NN , NN CC NN IN DT NN IN NNS TO VB JJ NN . JJ NNS VBP DT `` JJ NN NN '' IN DT JJ NN IN CD NNS , VBD NNP NNP , NN IN DT NN JJ NN WDT VBD CC VBD DT NNS , IN DT JJ NN JJ NN . NNP VBD PRP MD RB VB JJ IN JJ NNS TO VB NNS IN JJ VBG NNS IN NNS CC NNS , WDT MD VB IN NN NNS . '' NNP NNP HYPH NNP POS NNP NNP `` NNP NNP NNP NNP VBZ VBG NNP DT JJ NN , VBG DT NN NN MD RB VB DT NN IN DT NN IN PRP VBP IN NNS TO VB IN NNP POS NNP NNP . `` VB , IN NNP VBZ : IN NNP VBD CC IN JJ JJ NN NNS VBP : IN PRP VBP VBG TO VB PRP$ NN IN NNP NNP NNP , DT VBZ PRP$ NN , '' NNP NNP VBD IN DT JJ NNP NNP NN NN NNP . `` PRP VBZ RB VB PRP IN DT , CC RB , PRP VBP VBG TO VB TO VB PRP IN PRP$ JJ , '' PRP VBD . '' NNP NNP NNP POS NNP NNP . : `` NN IN JJ NN NN VBG IN $ CD CD : DT NN IN NN IN NNP WDT VBZ DT JJ NN NN RB VBD DT NN IN RB $ CD CD , '' IN NNP POS NNP NNP NNP CD , NNP CD : NNP NNP VBD NNP NNP RB IN DT CD HYPH NN NN , CC NN RB : NNP NNP VBZ NN , NNP NNP DT NN , CC NNP NNP VBZ VBG IN DT NN . DT NN VBZ VBG . DT NN RB : NN IN NNP NNP IN DT NNPS . DT NNPS VBP IN NNP NNP . IN JJR JJ CC NN NN IN NNP NNP , VB RP NNP NNP NNP POS NN NN : ADD VB PDT PRP$ JJ CC NN NNS"
905,971,mainstream,"DT CD NNP NNP NN -LRB- RB VBN NNP NNP IN NNP NNP NNP NNP -RRB- VBD DT CD HYPH NN NN VBN IN NNP CD IN DT NNPS IN NNP NNP CC NNP -LRB- NNP -RRB- , VBN IN DT NNP NNP NN CC NN NN IN NNP , NNP . DT JJ NN IN DT NN VBD DT NN IN NNS IN DT NNP NNP NNP VBG DT NN IN DT NN IN DT NN NN NN IN NNS CC JJ NNS IN NNS WP VBD VBN DT NNS . DT CD NN IN NNP NNP NNP , NNP , VBN IN NNP NNP CC NNP , VBD IN DT NNP NN IN NN IN DT NN TO VB CC VB NN HYPH NN NN . RB , NNP POS NN VBD JJ JJ JJ NNS CC , IN DT NN IN NNS , VBD RB VBN IN NNP . -LRB- CD -RRB- -LRB- CD -RRB- RB , IN DT NN IN NNP POS NNS , DT NN VBD NN IN DT NN NN . DT NN VBD VBN VBG DT NN IN DT NNP IN DT NNP NNPS IN CD VBG DT NNP CC NNP NNP -LRB- NNP -RRB- TO VB DT NN NN IN VBN NNS CC NNS . CD NNS IN JJ NN VBD VBN : NN NN NN , NN NN , CC DT NNP NN . NNS VBD NNS IN DT NNS IN NN , NN , NN , NN CC NNS . -LRB- CD -RRB- RB IN NN VBD RB PDT DT CD JJ HYPH NN NNS CC JJ NNS , RB RB IN CD NNS IN DT NNP , DT NN , CC DT NN . -LRB- CD -RRB- DT NN VBD IN DT NN IN NN NN NNS VBN IN DT NNP NNP IN NNP NNPS -LRB- NNP -RRB- , WDT VBZ NNP NN NN IN DT NNP . DT NN VBD RB TO VB IN DT JJ NN IN DT NNP NN NN IN NN CC NN . -LRB- CD -RRB- NNS CC VBG NNS IN DT NN VBD JJ IN DT NN NN IN NNP CD , CD , IN WDT NN PRP VBD VBN IN DT NNP . -LRB- CD -RRB- IN DT NN , NNS VBD RP DT VBN JJ NN TO RB VB CC VB DT NN POS JJ NNS . DT NNS IN DT JJ NN VBD VBN IN CD . -LRB- CD -RRB- DT NNP CD , CD , NN IN NNP NNP VBD DT NN VBN IN NNP NNP NNP , NNP , VBN `` NNP NNP '' . DT NN , WDT VBD RB VBN IN NNP , VBD IN DT NNP NN , CC VBD IN NN CC JJ NN VBD VBN TO `` VB DT NNP IN NNP NNP '' CC `` VB '' NN HYPH NN NNS IN DT NN . -LRB- CD -RRB- NNP VBD IN DT NNP NNS VBD NN IN NNS IN DT NN IN NN , CC IN DT JJ NN RBR `` VBD PRP$ NNS TO VB DT NN IN NN CC NN . '' -LRB- CD -RRB- RB , NNP POS NN VBD JJ NNS , VBG VBG DT NN IN NN IN NNS , RB VBG IN DT NN VBD DT NN IN CD IN DT VBN NNS , CC RB VBG IN DT NN NN VBD NN . -LRB- CD -RRB- NNP RBR VBD IN DT NNS IN DT NN `` VBD RB IN VBG NNP POS NN '' , -LRB- CD -RRB- CC VBD PRP IN CD NNS . DT NN RBR VBD PRP IN NNP CD , VBG IN NNS IN DT NN CC NNS IN DT NN VBG NN CC NNS VBD PRP$ NN . -LRB- CD -RRB- IN DT NN DT JJ NN NNS VBN IN NNP VBD VBN IN CD , DT JJ NN , NNP NNP , VBD VBN IN NN IN NNP . -LRB- CD -RRB- NNP VBD IN DT NN IN NN VBD NNP JJ NN TO VB DT NNS IN DT NNP POS VBN NN IN VBG DT NN IN NN CC NN . NNP VBD DT NNS , CC VBD DT NN IN DT NN IN DT NN NNP . -LRB- CD -RRB- IN NNP CD , DT NNP NNP NNP IN NNP , NNP , NNP CC NNPS VBD NNS IN NN IN NNP CC DT NNP . VBG NNP POS NNS , DT NNP VBD IN : `` RB IN VBG DT -LRB- NNP -RRB- NNS CC VBG NN IN PRP , NNP VBD PRP , RB IN NNS WP VBD RB VBN PRP RB , CC VBD JJ NN VBG WRB TO VB PRP . DT NN IN DT NNS VBD VBN JJ IN DT NN . '' -LRB- CD -RRB- NFP NN NNP , NNP NNP -LRB- CD -RRB- . NNP POS JJ NNS : JJ NN , JJ NN , CC DT NN IN DT NN . NNP NNP : NNP NNP NNP . NNP . NFP NN `` JJ NN IN NN NNP NNP NNP NNP CD , CD -LRB- NN -RRB- : NNP NNP NN NNP NNP , CD '' . VBN IN DT NN IN NNP CD , CD . VBN IN NNP , -LRB- -RRB-"
906,921,conspiracy,"VBG DT NN IN PRP$ NN POS NN , NNP NNP VBD IN DT NN NNP IN NNP HYPH CD MD `` RB '' VB : IN NN NN . PRP VBD IN DT NN WDT VBZ VBN CD NNS IN DT NN : VBG RB CD NNPS : VBZ DT NN VBN RP IN DT NNPS TO VB NNP NNP IN VBG PRP$ NNS IN NN NNS . `` PRP VBP PRP VBP VBG RP NNP NNP POS JJS NN , WDT VBZ TO VB IN DT NN CC VB PRP IN CD NNS DT NN . '' -LRB- NNP VBZ RB , IN RB , VBN DT VBN IN CD , IN NNS WDT PRP VBZ . -RRB- `` PRP VBP , '' NNP VBD . `` PRP MD VB PRP DT JJ NN IN RB CC NNP NN . '' `` CC VB WP : IN NNP NN , NN MD RB , DT IN DT JJ , VB RB CC VB CC NN MD VB JJ TO VB . '' PRP VBD PRP DT `` RB JJ NN . '' IN JJ NNP DT NN VBD IN NNP HYPH CD MD `` VB '' CD NN '' UH DT NN . '' IN NN , EX MD RB VB DT JJ NN IN NN NNS IN DT NN CC NN , CD WDT MD VB RB JJR IN DT NN IN DT JJ JJ NNS ."
907,1295,mainstream,"RB CD CD NNS IN NN CD VBP IN JJR NN IN JJ NNS JJ IN NNS , NN CC NN IN IN DT NN IN JJ NN NNS , VBG IN DT NN VBN NNP IN DT NNP NNP NNP CC JJ JJ NNS . NN NNS VBP VBN VBN IN NN IN DT CD NNS VBN IN DT NN IN NNP CC NNP , VBG IN NNS VBN IN DT NNP , NNP , DT NNP NNP NNP , CC NNP , DT NNP NNP . IN DT CD NNS , CD VBP VBN PRP$ NNS NNS . CD HYPH CD NNS VBP VBN NNS TO VB NNS IN NN . DT NNP HYPH CD NN VBZ `` VBG NN NN '' WDT VBD VBN IN VBG NNS IN DT NN , VBG NNS CC PRP$ NNS IN JJR NN IN NNS WDT JJ NNS MD VB , NNP NNP , NN IN NNP , VBD . `` JJR NNS IN JJR NNS VBP RB VBN IN JJR NN HYPH JJ NNS IN IN DT NN IN NN , '' NNP VBD IN DT NN . `` IN IN NNP HYPH CD , DT JJ NN VBZ RB IN NN , VBG DT NN IN NNS IN NNS CC NN . RB RB MD VBG NN NNS VB JJR NNS , CC PRP MD RB VB PRP VBP DT NN PRP VBP TO VB RP DT JJ NN HYPH CD NN IN DT JJ NN . '' JJ NN VBZ VBN VBN IN JJ NNS . DT NNS VBP RB RBR VBG PRP$ NNS IN NNS CC NNS IN IN NN IN NN IN DT NN , IN NNS VBP JJ TO VB RB IN IN NNS . DT NN IN NNS CC VBN JJ NN VBZ VBN VBN IN JJ NNS IN IN DT NN IN JJ NNS CC VBN NN NN . NN NN NNS RB VBP VBN VBN TO VB VB DT NN , VBG JJR TO VB NNS . NNP JJ NN NNP NNP VBD IN TO VB DT NN IN NNS , NNS VBP TO VB NNS TO VB CC VB JJ NNS , VB NNS IN NN CC VB JJ NNS . DT NNS IN NNS VBP JJ TO VB JJ NNS , '' MD VB JJ , '' NNP VBD . NNS VBP VBN IN NNS IN RB JJ NNS MD VB NN NNS IN NN NNS VBP RB VBN . NNP , IN NNP , VBD $ CD CD IN NN NNS IN DT JJ CD NNS . NNS VBD DT NN IN NNS IN CD NN MD VB NNS IN JJ NNS . NNP NNP NNP , NN IN NNP POS NNP IN NNP , NNPS CC NNPS , VBD NN NNS MD VB VBN IN DT `` JJ JJ NN '' IN `` NNS VBP RB VB NNS , '' CC IN CD NN VBZ IN NN IN DT NN , DT NNS VBP IN NN ."
908,928,mainstream,"NNS VBP RB RB DT NN NNS VBP NN . RB WP VBZ . EX VBZ JJ NN IN NNS VBP DT NN , CC IN NNS IN DT NN IN NNS IN DT NN NN VBP IN NN . NN IN JJ NN IN JJ NNS IN DT NN CC NNS MD VB VBN . NNS VBP VBN IN NN MD VB VBN IN DT NNS NN , NN CC NN NN , IN NN IN DT NN NNS , CC IN NN IN DT NN IN DT NN NN . DT VBZ WP PRP VBP TO VB VBG IN , RB DT NN IN NNS VBP NN . CC PRP VBP IN JJ NNS MD VB VBN TO VB JJ NNS IN NNS CC JJ NNS IN JJ NNS , VBG DT NNP . DT MD RB VB NN IN DT NNS POS JJ NN , CC DT JJ NNS IN NNS IN NNS IN DT NN NN , JJ IN JJ NN NNS , NN HYPH NN NNS IN NNS CC NN IN DT NN VBG VBN IN DT NNP NNPS IN NNP . NN , NNS IN NNP VBP TO VB IN NN IN NN RB JJ IN DT NN IN DT NN CC DT NN MD VB PRP$ NNS IN NNS CC IN DT JJR NN MD VB . VBG JJ NNS IN NNS CC NN VBZ RB VBG TO VB PRP : CC PRP VBZ RB VBG TO VB NNS IN DT NN NN , RB ."
909,811,conspiracy,"DT JJ NN VBD DT NN IN PRP$ NN IN DT NNP NN IN DT NN NN WDT VBD JJS IN DT NN NNS VBN VBD VBN IN NN HYPH CD . DT NN , DT JJ NN IN DT NNP NN VBN IN DT NN NN CD NNS RB , RB VBD IN DT NNP NN IN DT NN VBG NN NNS VBN NNP . NN NNP NNP VBD IN PRP VBD VBN IN NNP NNS IN JJ NN NNS CC NNS IN DT NN VBD . DT NN VBD IN DT NN VBD NNS IN DT NN NN IN VBG DT NN NN . PRP VBD IN DT CC DT JJS NN VBD VBN IN NN HYPH CD . NNP VBD : `` WP MD VB DT NN TO RB RB VB DT NN CC NN IN PRP VBD VBN . PRP VBZ IN DT NN IN NN POS NN IN DT NN CC NN CC WRB RB PRP VBZ VBG NNS . PRP MD RB , RB RB VB JJ IN NNS . '' NFP NN NNP : NNP VBZ PRP MD RB VB VBG NN IN NNS IN JJ NN NN , NN NNP NNP : NNP NNP VBZ NN NNP IN NNP , VBG RP NN NN DT NN VBZ DT NN POS NN IN DT NN IN DT NN NN . DT NN VBZ RB VBN IN DT NN IN DT NNP NN . NNP VBZ RB VBN DT NN , IN WDT EX VBD JJ NNS . DT NN VBZ TO VB RP IN NNS VBG NN IN NN IN DT NN NN , PRP VBZ VBN DT NNS VBG TO VB IN NN NNS , NN NN , NNS , CC NN HYPH CD NNS . NNP VBZ PRP VBZ RB VBN DT NN IN JJ NN IN NNS . PRP VBD IN DT JJ NN NN IN NNP VBZ DT NN VBZ IN JJ NN NNS IN NNS IN NN NNS . PRP VBD VBG DT NN IN NNP , CC PRP VBD VBG RP IN PRP$ NN . PRP VBD : NN CD : NN TO VB RB VBN , IN NNS IN JJ NN"
910,407,conspiracy,"NNP NNP VBZ DT NNS NNP NNP VBZ VBN IN NN NNP VBZ PRP VBZ VBG NNS TO VB NN NNP NNP NNP NNP NNP VBD NNP PRP VBZ VBG NNS VBG IN JJ JJ NN NN NNS IN DT NNS IN DT NN NN TO VB NN RB IN VBG PRP DT JJ NN . NNP NNP VBZ DT NNS NNP NNP VBZ VBN IN NN IN DT NN RB . NNS VBP VBN IN DT NN . VB RB CC RB . VB DT NN CC NN NN IN PRP$ NN NN : VB RB VB , PRP VBD VBG IN NN NNS IN NNP DT CD HYPH NN NNP NNP NN NN NNP VBZ VBG NNP IN VBG RB CD NNS IN CD NNS NN PRP RB VBD IN NNP POS NN . PRP RB VBD VBG DT JJ NN NNS IN NNP NN . ADD CC JJ NN , DT NNP VBD DT JJ NN PDT DT NN IN NNP NN . ADD PRP RB VBP PRP JJ WRB IN DT CD HYPH CD NN , DT NNS VBP VBG RB IN DT NNS DT NN VBP RP . NNP NNP : NNP MD VB NN NN IN NN NN , DT NN VBZ DT NN NNP TO VB NNP IN NN IN NN NN NNP CC NNP VBP CD NN JJR IN VBG NNS IN VBN NN NN NN NNP VBZ NN VBG NNP NNP NNS MD VB `` DT NN '' NNP NNP NNP IN PRP$ NN : NNP NNP NNS VBG RB NNP IN DT NNP IN NNP NNP IN NNP NNP IN NNP NNPS . VB NNP IN CD NNP VBZ NN . VBG WRB JJ NN NNS IN NNS RB VBG IN DT NN PRP MD VB IN DT NN . DT NNPS VBP VBG PRP DT CD CD NN NN NN NNPS , DT NN IN DT NN VBZ VBG VBN IN NNP RB PRP VBP VBN PRP IN PRP$ JJ NN NNS CC VB DT JJ NN NN IN PRP MD VB PRP RB . DT NN WDT VBZ RB JJ IN DT NNPS IN NNP HYPH NNP VBZ VBN NNP POS NNP . DT NNP NN VBZ DT JJ NN IN VBG DT NNP CD NN NN IN DT JJ NN . NNP NNP NNP WP VBZ IN NNP NNP NNP VBZ PRP DT NN : `` PRP VBZ VBG JJ IN NNP NN . JJ NNP NNP VBZ VBG TO VB IN NN CC NN NN IN DT . VBN DT NN DT NN VBZ NN , PRP MD VB RP WDT NN PRP VBP , RB VB VB WP PRP VBP JJ -LRB- DT NN -RRB- . DT NNS VBP NN NNS IN JJ . NNP RB RBR VBZ `` DT NN '' RB . DT VBZ PRP . DT IN DT JJ JJ JJ NNS , VBG PRP RB JJ . WRB VBZ PRP VBG DT NN NNS TO VB DT NNS IN PRP$ NN . PRP VBP VBN IN DT NN VBP VBG DT JJ CC JJ . RB PRP DT NN IN PRP$ NN , WP VBZ . DT NN IN DT NN VBG RP IN NNP VBZ DT JJ NN VBG JJ NNS RB . DT IN DT JJ NNS , RB VBN NN IN DT . '' JJ TO VB RP NNS , NN , CC NN IN DT NN HYPH VBN JJ NN . PRP VBD JJ TO VB RP IN CD NN NNPS VBP RB IN NN . DT VBZ CD NNS VBG VBN IN RB NNP NNS . IN PRP VBP PRP JJR . CC PRP$ NN NNS VBP VBN IN IN PRP$ NNS . PRP VBP IN IN DT NN IN DT NN IN VBG JJ NNS RB IN PRP$ JJ . PRP$ NNS MD VB PDT DT NNS IN NN NNS . NNP NNS VBP IN JJ NN NNS . PRP MD VB NN RB RB JJ IN DT NNS VBP IN PRP$ NNS IN NN CC NN . VB VBG PRP$ NN NN IN DT JJ NN TO VB DT NNS CC VB DT NN NN IN DT NN IN NN ."
911,175,mainstream,"VBP PRP$ NN POS JJ NNS VBN IN VBG IN NNP . NN : PRP$ NN VBZ CD NNS JJ . PRP VBG VBG RB RB . PRP VBD PRP IN JJ NNS WP VBD JJ NNS . DT RB VBD JJ NN . CD IN PRP$ NNS VBD PRP TO VB IN PRP IN RB CD NN . DT VBD DT NN . RB PRP VBZ IN NNP CC VBZ RB VB NNP CC NNP IN PRP VBP PRP IN NN . PRP VBZ JJ IN NNS CC VBZ NN IN JJ NN CC IN NNP . PRP VBD RB JJ IN NNS IN DT NNS IN PRP$ NN . PRP RB VBZ RP JJ JJ NNS PRP CC IN PRP RB VBP PRP RB , PRP RB VBZ PRP . PRP RB VBZ IN PRP TO VB DT NN CC WRB JJ MD VB RB DT JJ NNS CC NNS IN DT NN IN NNS WDT PRP VBZ IN PRP$ NNS . PRP VBZ JJ NNS CC PRP VBZ IN PRP RB RB . CC PRP VBP PRP MD VB JJR . PRP VBZ RB JJ IN VBG NNS IN NN IN VBG DT NN . RB PRP VBD VBG JJ IN NNP WRB DT NN IN NN VBZ VBN IN DT NN IN NN . IN NNP , DT NN VBZ JJR IN JJ NN CC VBG NNS . PRP RB VBZ TO VB CC VBZ PRP JJ TO VB IN NN . VBZ DT DT NN CC DT NNS VBP RB IN DT . NFP PRP MD VB JJ IN PRP$ NN TO VB IN DT JJ NN : NNP . RB IN PRP VBZ IN DT JJ NN , DT NN PRP VBZ IN PRP MD VB RB JJ . CC RB NNP VBZ VBN RB IN NNS IN NNP , VBN IN DT NNP PRP VBD VBN VBN IN NNP . PRP VBZ RB JJ IN PRP VBZ IN PRP$ NN NNS VBP JJ . NNS NNS IN NNP MD VB JJ . RB VBG IN PRP MD VB PRP DT JJ . DT NN IN NN NNS IN NN VBZ IN DT JJ NN CC NN . PRP VBZ RB JJR TO VB WP PRP VBZ VBG . RB IN DT NN VBZ JJ , VBG WP VBZ VBN VBZ RB JJ . PRP MD RB RB VB RP DT JJ NN IN NN NNS . IN PRP$ NN VBZ VBN DT JJ JJ IN DT JJ NN , PRP VBZ JJR RB TO VB PRP TO VB DT JJ NN . PRP MD RB VB DT NNP NNP -LRB- EX VBZ JJ TO VB CD VBN IN DT NN -RRB- CC VB DT NN POS NN NN CC VB IN NN IN WRB JJS TO VB DT NN . VB IN PRP$ NN POS NNS CC NNS , RB IN VBG IN WP PRP MD VB . DT NNP NNS RB VBP DT NN IN NNS IN NNP , WDT MD VB PRP , RB IN PRP$ NN VBZ RB JJ . PRP$ NN MD RB VB VBG PRP$ NNS . VB CC VB DT NN WDT RB VBZ JJ NNS , IN WDT PRP MD VB . CC VB DT RB CC IN NN TO VB IN DT NN . PDT DT JJS ."
912,1132,mainstream,"DT JJ HYPH VBN CC JJ JJ NN IN NNP NNP POS NN IN JJ NNS VBD RB VBN IN NN NNP . NNPS VBD VBN TO VB VBG NNP NNP NNP NNP POS NNP CD , WDT MD VB DT JJ NNS IN DT NN IN NNS , VBG DT IN JJ CC JJ NNS . CC DT NN IN DT JJ NN WDT VBD VBG TO VB DT NN VBD RB VBN RP WRB NNP VBD TO VB DT JJ NN IN DT NN POS DT HYPH NN NN IN NNP HYPH CD VBG IN DT JJ NN . `` PRP MD VB JJ TO VB JJ NN IN DT NN IN PRP$ NN , RB NN VBD VBN IN JJ NNP , '' VBD NNP NNP NNP NNP NNP . JJ NNS IN DT NN VBP TO VB DT NN IN DT NN WDT MD VB CC VB PRP$ NNS IN VBG . CC DT NNPS CC DT NNPS MD VB TO VB DT NN POS NN IN DT JJ NN IN DT NN IN NNS CC NNPS . IN VBG DT NN , DT NN VBZ VBN IN DT JJ NN . IN DT JJ NN , CD JJ JJ NN NNS VBP TO VB IN DT NN IN DT NN . NNP HYPH NNP NNP NNP HYPH NNP VBZ RB VBN PRP VBZ RB JJ IN DT NN , CC IN DT JJ NNP NN RB VBD NNP POS NN IN PRP$ NNS . `` PRP VBD RB VBN IN DT JJ NNS WP MD VB DT NN MD VB NNS IN DT NN , '' PRP VBD IN DT NNP CD NN . `` DT VBD JJ . '' PRP VBD IN `` VBG VBN IN NN WP PRP MD CC MD VB IN PRP$ NN VBZ RB VB RB . '' NNP VBD NNP PRP VBD RB JJ IN PRP$ NN NN NN POS NNS . `` PRP VBP NNP NNP HYPH NNP POS NNS VBP VBN RB JJ , CC PRP VBP PRP VBP RB RB , CC PRP VBP JJ PRP VBP VBN IN NN CC NN , CC PRP VBP JJ TO VB RB IN DT NN , '' PRP VBD . NNP RB VBD PRP$ NNS IN NNS IN DT NN , VBG NNS IN DT NN IN DT NN NNP WP VBD RB VB JJ NN IN DT JJ . PRP VBD PRP IN NNS `` WP VBP IN DT JJ , JJ JJ NN IN WRB DT NN VBZ . '' DT JJ JJ NN IN CD NNS VBG IN DT NN IN NN MD RB VB JJ IN DT NNP NN IN NN NN . CC NNP VBZ VBG PDT PRP$ NNS , VBG PRP$ NNS , DT JJ NN IN DT NN . `` PRP VBP RB VB DT NN IN CD NNS VBG PRP RP IN DT NN , CC PRP VBZ WP PRP VBZ , '' PRP VBD NNP . `` PRP MD DT VB PRP$ JJ NN . '' NNP HYPH NNP VBD RB VB IN DT NN NN NNP . NNP MD VB IN NN NN CD NNP POS NN VBD VBN RB IN DT NNP HYPH CD NN CC VBZ DT JJ NN IN DT NN , IN WDT DT NN VBZ VBN TO VB IN JJ NN . DT NN MD VB JJ , JJ CC JJ JJ NNS IN DT VBG NN IN DT NN NNS VBP VBN . NNS RB VBN IN DT NN JJ IN NN NNS MD RB VB VBN TO VB IN JJ NNS VBG IN DT NN IN CD . DT JJR NN IN DT NN VBD RB VBN IN NN NNS WP VBD IN CD NNS IN NN NNS JJ NN . IN DT NN IN DT NNS , DT NNS IN DT CD NNS IN DT NN VBD PRP VBD JJ IN TO VB DT NN . CD JJ NN NN VBD TO VB DT NN IN DT NN IN PRP VBD . NNP VBD IN DT JJ NN IN DT NN JJ NNP WDT VBZ DT NN IN DT JJ NN IN DT NNP . DT MD VB DT NN IN DT NN NN IN DT NN IN NNS , VBG NNS WDT VBP NN IN NN . JJ NN NNP NNP VBD DT NN PRP$ NN VBZ `` JJ '' IN DT JJ NN IN NN NNS CC MD VB TO VB DT NN TO VB RP DT NN . DT MD VB PRP RBR JJ IN DT JJ NNPS MD VB IN PRP . NNP VBD RB DT NN PRP VBZ JJ TO VB DT JJ NN . `` IN PRP , PRP MD RB VB DT NN , '' PRP VBD . `` PRP VBP DT NNS IN DT JJ NN RB VBG VBN . PRP VBD DT NN MD VB IN PRP CC PRP VBP RB JJ TO VB PRP IN PRP . '' NNP VBD DT NN VBZ RB IN `` DT JJS NN TO VB DT JJS NN IN NNS VBN '' CC VBD JJ NNPS MD RB VB JJ TO VB RB IN DT NN . NNP NN NN NNP NNP VBD PRP$ NN MD RB VB NNS , VBG CD TO VB DT JJ NN . DT MD VB JJ JJ NN IN NN NNP NNP NNP DT NN TO VB WRB DT NN VBZ NN . RB , NNP POS NNP NNP NNP NNP VBD DT JJ NN IN DT NN . PRP VBD IN DT JJ NN VBZ IN DT NN CC VBZ RP , PRP VBZ JJ VBZ DT NN DT NN VBZ RB JJ . `` IN PRP DT JJ NN VBZ JJR IN NNS POS NN TO VB IN PRP , '' PRP VBD , VBG IN NN NN , NN HYPH NN NNS CC RB JJ NN NNS MD RB VB VBN IN JJ NNS . `` WRB VBP PRP VB . '' PRP VBD . `` PRP VBZ IN NN NN IN PRP . '' NNP VBD PRP VBZ JJ IN EX MD VB JJ NNS IN DT NNS WP VBP DT NNS IN DT NN , RB IN NNP HYPH CD VBG DT NN IN NNS ."
913,135,mainstream,"NNP NNP -LRB- NNP -RRB- , DT JJ NN IN VBG RP DT NN VBZ RBR JJ IN JJ DT NN IN NNPS VBP DT NN TO VB CD NNS TO VB IN JJ NNS IN NN . DT NN TO VB JJ NN VBZ RB RB JJ IN NNS IN DT NNS CC NN NNS , IN DT NNS VBP VBN NN NNS CC NNS . CC DT JJ NN TO VB IN DT NN NN , RB VBN IN NN NN , VBZ RB VBG TO VB PRP$ NN IN NNS , JJ HYPH NN NNS CC NNS POS NNS . IN IN DT JJ JJ NN , DT JJ NNS IN NN HYPH NN NN VBP VBN IN NNS IN JJ NN IN JJ NNS IN NN NN CC DT IN NN IN VBG PRP IN PRP . NNPS VBP VBN RB CD CD NNS RB RB , IN DT NN IN IN IN CD CD JJ NNS , VBG IN NN , VBG IN DT NNPS IN NNP NNP CC NNP IN NNP . JJ HYPH NN NNS VBP NN WP VBZ DT NN HYPH NN NN RB MD VB JJ TO VB CD IN RBR VB IN NN . WDT NN , CC DT . DT JJ NN JJ NNS VBP VBG VBZ IN PRP VBP CD CC DT IN DT NNS . RB DT NNPS , CC CD NN IN DT NN , VBP IN DT NN WDT VBZ VBN TO VB DT JJ NN NN , VBD NNP NN NNP NNP . RB PDT DT NN VBZ IN DT NN VBN JJ NN IN DT NN HYPH NN NN . `` NNS WP VBP VBN TO VB DT NNS VB TO VB TO VB DT IN PRP , '' NNP VBD . IN DT NN NNS VBP RB JJ NNS IN NN , NNS VBP RP TO VB NN HYPH VBG CC RB JJ . IN DT NN NN VBD IN DT NNP IN NNP , JJR IN CD NNS IN NN NNS VBP VBN , VBG CD JJ NNS CC CD NNS . JJS IN DT NNS VBD DT JJ NN , CC CD NN IN CD NN IN PRP VBD RB JJ . DT JJ NN VBZ DT NN IN CD NNPS IN DT NN CC VBZ CD IN PRP DT NN . NNS WP VBP VBN RP IN DT NN HYPH JJ NN RB MD VB PRP VBD NN NN CC IN PRP RB RBR VBP DT NN TO VB PRP . CC EX VBP NNS IN JJ JJ NNS VBG IN NNS WDT RB VBP , CC NNS IN JJ NNS IN VBN NN VBP RB VBN IN NN NN IN DT NN NN , VBG PRP JJ TO VB IN JJ IN PRP VBP VBN NN , VBD NNP NNP NNP , NN IN DT NNP NNP NNP IN DT NNP NNP IN NNP , NNP . `` IN EX VBZ DT NN IN VBG DT NN RB IN PRP VBP PRP VBD -LRB- NN NN -RRB- , PRP VBP IN DT NN IN NN CC VBP PRP MD VB DT NN , '' NNP VBD . IN NN VBZ RB VB CD NN NN IN DT NN , PRP VBZ RB DT RBS JJ NN TO VB PRP CC VB PRP$ NN IN DT NN , VBG IN DT NNP . JJ NNS IN DT NN NN VBD PRP VBZ JJ IN DT JJ NN NNS IN DT JJ NN , RB DT JJ NN IN DT NN NN . NNS IN DT VBN NN IN NN NNS CC DT IN VBN NN NNS MD VB IN PRP$ NN IN IN NN NN VBZ DT NN IN PRP . DT NN HYPH NN NN VBZ VBN DT JJ NN IN PRP$ JJ NN , CC DT NN NN MD VB VBN VBN IN DT NN POS JJ NN VBD DT NN VBN DT JJ NNS RBR WRB NN IN DT JJ NN VBD IN NN , VBD NNP NNP NNP , NN IN JJ NN IN DT NNP POS NNP IN NNP . DT JJ NN NN VBZ VBN VBN IN NNS IN NNS WDT VBP DT NN TO VB DT CD RBS JJ NNS IN NN WDT NNS VBP MD VB VBG WRB DT NN VBZ IN NN IN DT NN . DT NN HYPH NN NN VBZ RP DT JJ NN IN NN NNS RB VBG RB , CC NNS IN JJ HYPH NN NNS VBP VBN TO VB DT NN HYPH NN NN RB RB IN PRP VBP JJ . DT NNS WP VBP JJ NN VBP JJ NNS , NNS CC JJ NNS NN CD NNS IN CD NNS JJ , NNS WP VBP IN NNS RB JJ TO VB VBN , DT NN CD IN CD WP VBP JJ JJ JJ NNS JJ IN NN CC NN , CC NN HYPH NN NNS . JJR NNS VBP VBN TO VB VBN IN JJ NN IN , IN NN NN , PRP VBZ TO VB DT JJ RB RB RB . RB CD CD NNS IN DT NN VBP VBN , CC NNS VBP VBN TO VB RB CD CD NNS JJ DT NN . `` DT NN TO VB CC VBZ PRP VBP TO VB VBN IN DT NNS RBS JJ TO VB , '' NNP VBD . NNS WP VBP CD CC DT NNS MD VB TO VB JJ IN JJR NN VBZ , CC PRP VBP JJ TO VB RB TO VB IN DT NNS PRP VBP VBP JJ . PRP RB MD VB IN NN CC NN NN . DT NNS CC NN NNS VBP NNS CC JJ NN IN NN NNS . NN NNS MD VB CC NNS JJ IN NN IN VBG PRP$ NN NN NN . DT NN HYPH NN NN VBZ JJ IN NN WP VBZ PRP , IN NN HYPH NN NNS MD VB DT NN NN . JJ CC JJ NNS MD VB JJ NNS IN DT NN POS NNPS IN NNP NNP . EX VBZ JJ NN IN JJ HYPH NN NN IN NNP NNS IN DT NN , VBD NN NN NNP NNP IN NNP , NNP . DT NN NNP VBZ VBG DT JJ NN NN CD NNS DT NN CC IN NN CC IN DT NN HYPH IN NN . DT NN IN NN CC JJ NN VBZ $ CD IN DT NN CC $ CD IN DT JJ HYPH NN NN . `` PRP MD RB VB NNS JJ IN VBG DT -LRB- JJ NN -RRB- TO VB RB RB RB IN JJ IN PRP VBP VBG IN NNS CC NNS WDT VBP RB RB , '' NNP VBD . DT NN IN NNP NNS RB VBP DT NN HYPH NN NN . NN VBZ RB JJ , CC NNS IN NN HYPH NN NN VBP RB . `` PRP RB , CC PRP RB JJ , VBP DT JJ NN TO VB DT NN IN NN RB CC RB , CC DT VBZ JJ , '' NNP VBD . `` CC WP PRP VBP RB VB RB VBZ DT NN NN TO VB IN JJ , JJ CC JJ NN . '' IN NNS WP VBP TO VB CC CC DT NN NNS , DT JJ NNS VBP RB WDT NN PRP MD VB , DT NN CC DT JJ NN , CC WRB RB RB DT NNS MD VB IN PRP VBP CC DT JJ CC NN HYPH NN NNS . RB JJ NNS NNS CD IN CD WP VBP RB JJ MD VB DT JJ HYPH NN NNS . NNS WP VBP DT NNS CC VBP VBG TO VB NNS IN DT NN NNS VBP TO VB CD NNS IN DT CD JJ HYPH NN NNS , VBD DT NNP NNP . NNS VBP CD NNS IN CD NNS WP VBP RB VBN DT NN NN RB VBP VBN TO VB CD NNS IN CC DT NN CC JJ HYPH NN NN RB DT NN RB , NNP VBD . NNS NN CD CC JJR VBP RB CD NN IN NN HYPH NN NN , VBG IN DT NNP ."
914,500,mainstream,"WRB TO VB PRP$ NN POS NN NN PRP MD RB VB VBN IN PRP$ NN NN WRB PRP$ NN VBZ JJ IN DT JJ NN . DT MD VB DT NN , NN , NN NN CC NN . IN PRP VBP PRP$ NN VBZ JJ IN DT NN , PRP VBZ JJS TO VB IN PRP$ NN NN TO VB DT NN . PRP VBP RB VB TO VB TO VB IN PRP . PRP MD VB IN PRP$ NN NN CC DT JJ NN NN NN . PRP$ NN MD RB VB PRP$ NNS IN : NFP PRP VBP DT JJ NN IN DT JJ NN : JJ IN DT NN , PRP VBP NNS , NN , NN CC NN NNS PRP VBZ RB JJ IN JJ NNS RB VBP PRP$ NNS IN CD NNS JJ . PRP MD VB IN JJR NN IN VBG NNS IN PRP VBP . PRP MD VB RB JJ TO VB DT NN IN PDT DT JJ NN . CC JJ JJ NNS VBP VBN IN PRP DT JJ NN TO VB PRP NNS . VB IN PRP$ NN NN IN PRP$ NN : NFP VBZ DT NN NN VBN : CC PRP VBP VBN PRP CC MD VB NFP VBZ DT NN NN -LRB- JJ IN NN -RRB- PRP MD VB DT JJ JJ NN CC VB PRP NN . PRP VBZ JJS TO VB NNS IN NN , CC PRP MD RB VB RP IN JJS NNS IN PRP VBP PRP . PRP VBZ RB JJ TO VB NN IN DT NN IN PRP VBP PRP . TO VB PRP$ NN NN : VB RP IN VBG DT NNP IN NN NNS VBP RB JJ IN DT NNP CC PRP MD VB VBN IN PRP$ NN IN DT NN . RB , PRP VBZ JJ TO VB IN NNS MD VB PRP$ NN IN JJ NNS IN DT NN IN JJ NNS . IN NN PRP$ NN VBZ IN JJR NN IN VBG DT NNS . VB IN WRB NN VBZ JJ CC JJ . MD PRP VB PRP$ NN IN VBG PRP$ NN . RB NNS VBP RB TO VB , CC RB RBR VB TO VB JJ PRP$ NN VBZ VBN . PRP VBZ JJS IN PRP$ NN TO VB PRP$ NNS VBG IN DT NNP NN NN , CC PRP VBZ RB RB JJ TO VB IN PRP MD RB VB PRP . VB CC VB PRP$ NN NN TO VB JJ PRP$ NN VBZ DT NNS PRP VBP VBN , WDT PRP$ NN ."
915,981,mainstream,"RB VBP CD NNS PRP VBP TO VB IN DT NN NN DT NNP NN . PRP MD VB DT NN IN PRP IN CD NN . EX VBP NNS NNS IN NNS , RB IN NNP CC NNP HYPH NNP NNP , MD VB IN JJ NN IN IN JJ NNS IN NN NNS . IN NN NNS VBN TO VB IN NNP HYPH CD , NNS JJ TO VB NN NNS CC JJ NNS VBG JJ IN JJ NNS , CD NN NN VBZ : `` NN VBZ IN DT NN , NN , NN , DT VBZ VBG TO VB DT JJ NN . '' VBN VBG JJ NNS . VBG RBR CC VBG RBR VBN . JJR IN PDT DT NNP NN VBZ VBN IN NN IN DT NN , DT NN IN NN NNP NNP CC NNP POS NNP NNP VBZ . LS . NNS IN JJ `` RB IN NNS IN NNP '' JJR IN CD JJ NNS VBN NN NN IN DT NN MD VB RB IN DT NNS IN DT NN IN NNP , IN NN NN IN NNS TO VB NNS VBZ RP , DT NN NNP VBZ . LS NNP : PRP `` VBD RB RB '' IN NN DT NNP IN NNP VBZ PRP VBD `` JJ '' TO VB RB JJ NNS IN VBG NN IN NNP . CC NNP NNP VBD NNP NNP : `` PRP VBP VBN PRP , CC PRP MD RB VB WP JJ NNS VBP VBN RP . '' NNP NNP , CD , CC PRP$ CD HYPH NN HYPH JJ NN NNP NNP , VBP VBN NN NN RB CD NNS IN DT NNS , VBG DT NNS VBN IN NNS . VB DT JJR NN NN IN DT NNP IN PRP$ NN , DT NN NN , IN VBG RP RB . PRP MD VB JJR NN , NN CC NNS IN PRP$ NN NN . PRP$ NNS VBP VBN VBG PRP$ NNS , JJ IN IN NNS MD VB DT NN IN DT NN . CC , IN NN IN NNS IN DT NN IN DT NN IN NNP NNP IN NNP NN NN , PRP VBP IN WRB DT NN TO VB VBZ VBN VBN IN NN NNS . WDT NNS VBP PRP VB IN NN . IN DT NNS , PRP$ NN MD VB VBN , VBG PRP$ NN , NN CC NN IN PRP VBP PRP , IN PRP VBP RB . PRP$ NN NNS MD RB VB VBN . UH VB PRP VBP VBN PRP$ NNS CC NNS CC NN NN . VB DT NN TO VB PRP$ NN : IN PRP VBP VBG DT NN CC MD VB DT NN PRP MD VB TO VB DT JJ NN IN DT NNP NN TO VB PRP$ NN CC VB PRP IN NN IN NNP . UH VB PRP$ NN , NN CC NN IN DT NN PRP VBP RP . SYM NN JJ : DT JJ NNS IN DT NNS , NNP NNP NNP NN : MD PRP VB RP ."
916,489,mainstream,"IN JJS IN PRP WP$ NN IN NN VBD NN , PRP VBP RB RB VBN VBN IN DT NN IN NN , CC WRB JJ NN MD VB PRP$ NNS . PRP VBZ PRP$ JJ NN IN WRB DT NN VBZ , WRB DT NN VBD IN NN RB CD CD NNS RB , WRB DT NNS CC NNS VBD , WRB DT CD JJ NNS VBD VBN IN DT NNS , CC WRB NN IN NNP VBD CD CD NNS RB . DT NN PRP VBP IN NN . CC IN DT JJ NN RB , NN IN NN VBZ VBN VBG . IN NNP DT NN DT NNP NNP VBD PRP$ NNP NNP NNP IN NNP IN CD CC DT NNS VBD JJ . PRP$ NN IN RB CD NNS JJ CD IN CD VBD RB CD NN NN VBD DT NN IN NN VBD JJ IN PRP$ JJ NNS . CC CC DT NN IN PRP$ JJ NNS , IN NN CC NN IN NNS IN NN , VBP VBN IN PRP ."
917,1227,conspiracy,"PRP VBP VBN VBG IN DT NNP NN NN WP MD VB JJ TO VB IN IN DT NNS CC VB PRP : PRP VBD , DT NN RB , NN IN DT NNP NN WP VBD NNS VBG DT JJ NN IN DT NN NN CC NN . IN PRP VBZ JJ RB , PRP MD VB JJ NNS IN DT NNP . PRP MD VB DT NN . TO VB , PRP VBZ TO VB JJ . PRP VBZ VBN CD NNS TO VB WRB TO VB NN . VB PRP$ JJ NN , NN , CC VB . UH . CC PRP MD RB VB PRP$ NN VB PRP RB JJ PRP MD VB DT NN IN DT JJ NN DT NN VBZ . CC PRP VBZ TO VB NN PRP VBZ . DT NNS . NNS , NNS , NNS , NNS , NNS . PRP VBZ TO VB RB WP VBD DT NN IN DT NNS , WP VBD DT NN VBD JJ WRB PRP VBD DT VBN NN . DT JJ NN IN NNS CC PRP$ JJ NNS WP VBD VBN CC VBN IN NNS VBP PDT DT . IN DT NNP VBD VBN DT NN IN NN HYPH NN RB RB , JJ NNS MD VB VBN VBN , RB VBN . VB : IN DT NNP VBD VBN DT NN IN NN HYPH NN RB RB , JJ NNS MD VB VBN VBN , RB VBN . PRP VBP RB VB WRB RB VBN DT NN VBZ IN JJ NNS IN NN NN , IN PRP$ VBN NN . PRP MD TO VB DT JJ NNS , IN NN TO VB DT JJ NN IN DT NN CC DT NN CC DT NN . RB PRP MD VB PRP VB PRP$ NN , VBG DT NN IN PRP$ JJ NN . VB PRP VB RB . `` NNS NN , NNP CD , CD '' -LRB- NN : NNP : NNP NNP IN NNP CC NNP NNPS , NNP NNPS CC NNPS NNP , NNP NNP NNP NNP NNP -RRB- . DT VBZ DT NN IN NNP NN NN NNS IN NNS WP VBP VBN VBN IN NNS . PRP VBZ VBN IN DT NNP NNP IN NNP CC NNP NNPS , NNP NNPS CC NNPS NNP . NNP CD : IN CD IN CD , DT NNP NN VBZ VBN RP $ CD IN NN . $ CD CD . VB IN NN IN JJ NNS WP VBP VBN VBN IN NNS VBP RB VBN DT JJ NN NN IN DT . NNS VBP VBN IN DT JJ , JJ , CC JJ NN , RB TO VB RP IN NN . RB DT JJ NN IN WP DT JJ NN MD CC MD VB VBN RP IN RB VBZ RB JJR IN $ CD CD . WRB JJ NNS IN NNP VBP RB VBN CC VBN IN NNS DT NN . IN PRP VBP IN DT VBN HYPH RP NNS , PRP VBP RB VBG : RB JJ . CC DT NN VBZ , EX VBZ DT JJ NN . EX VBZ DT JJ NN IN NN . DT NN RB VBZ `` IN DT NN IN NNPS , '' IN NNP NNP NNP , NN IN DT NNP NNP NNP NNP . PRP$ NN VBD VBN IN DT NNP , NNP CD NN IN NNP NNP . VBG NN IN JJ NNS , NNP VBZ DT JJ NN IN NN NN : JJ NNS VBP RB JJ CC RB VBN CC VBN . IN JJ NNS , DT NN IN VBG JJ NNS VBZ VBN . NNP : `` CC WRB JJ NNS VBP -LRB- JJ -RRB- NN NNS DT NN . VBZ PRP RB RB CD IN CD CC CD IN DT CD WP VBP VBN RB JJ IN NN . `` JJ NNP NN NNP NNP VBD IN CD IN JJR IN CD NN IN NNS VB JJ NNS VBG NN NN NN . -LRB- VB NNP NNP , `` VBG NNP , , NNP , NNP CD , CD : CD -RRB- `` EX VBP VBN NNS IN RB JJR IN CD CC CD NN IN NNS VBP NNS , NNS , NNS , CC JJ JJ NN NNS VBG NN . DT CD NN NN NN VBD DT JJ NNS IN RB VBG , NNS MD VB TO VB CC VB DT NNS . `` RB RB , DT NN RB CD NNS VBP VBN IN DT NN JJ NN NN NN , NNS RB RB IN NNS MD VB DT NNS . -LRB- VB NNP NNP , NNP NNP , `` NNP NNP , '' NNP NNP , NNP CD : CD -RRB- `` RB , IN DT NN VBZ RB CD NN IN WP VBZ RB VBG , RB DT JJ NN MD VB CD NN HYPH JJ NNS . IN NNS VBP NN NNS RB RB IN NNP NNP VBD PRP VBP NN HYPH NN NNS , CC DT NN CD VBZ RB CD NN IN DT JJ NN , RB DT JJ NN MD VB CD CD NN HYPH JJ NNS RB . '' WDT NN NN MD VB VBG DT JJ NN TO VB DT -LRB- JJ -RRB- NN IN DT JJ NN IN NN NN . DT VBZ WP DT JJ NN NN VBZ IN , RB RB . IN PRP VBZ IN IN NNS , PRP MD VB DT NN IN PRP$ NN POS NN IN DT JJ NNS , WRB PRP$ NNS VBP , RB CC RB RB , IN NNS VBP RB JJ CC JJ . PRP MD VB DT , CC PRP MD VB PRP NN . VB JJ RB . DT JJ NN , VBN RB , VBZ PRP$ JJS NN . DT NN VBD VBN : NNP , NNP CD , CD IN CD NN"
918,623,mainstream,"UH NN NNS , MD PRP VB TO VB DT NN IN PRP$ NN JJ DT NN . VB RP RB NNS , NN HYPH IN NNS VBN IN NN NNS , VBP DT JJ TO VB DT NN NN WDT VBZ RP WRB DT NN MD VB NN . DT NNS VBD JJ NNS IN DT NN CC JJ NN , CC VBP DT NNS TO VB DT NN , RB RB IN NN NNS WDT MD VB PRP JJ IN VBG DT JJ NN . DT JJ NNS VBP JJ NNS IN VBG NN IN JJ NNS . PRP MD VB NN IN DT NNS IN NN NN CC JJ JJ NNS , JJ IN JJ NN NNS CC NN NN . IN DT NN IN DT NN IN JJ NNP , DT NN HYPH VBN NN IN DT NNP NNP RB VBD RP NN NN . RB NNS VBP IN DT JJ , JJ NN MD VB TO VB CD IN NN POS JJS NNS : WP VBZ DT NNS IN JJ JJ JJ NN NNS -LRB- NNS -RRB- WDT VBP VBN VBN RB RBR RB IN DT NNP . JJ NNS VBP IN JJ NN VBZ : JJ CC JJ JJ NNS WDT VBP IN RB NNS : VB IN NNS , CC VBP RB VBN DT NN . `` RB VBZ NN WDT VBZ RB IN DT JJ NN IN JJ NNS , CC DT VBZ VBG RB RB RB RB , '' VBZ NN NNP NNP . `` PRP VBZ DT JJ NN TO VB IN IN JJS CD IN DT NNS WDT MD VB VBG NNS . '' NNP POS NN -LRB- NN NN -RRB- NNS , WDT VBP IN NN NN , VBP VBG DT NN IN NN NNS CC NNS IN PRP VBP JJ NNS . DT JJ JJ NN IN DT NNP JJ NN VBN NN : DT NN NN VBN DT CD NNS : VBD RB JJ NNS CC JJ NNS . DT VBD DT NNP NNP CC NNP NNP POS NN IN DT NNP NN , NNP , IN NN IN JJ NNS CC JJ NNS RB . NNP VBZ PRP VBZ RB VBG DT JJ JJ NN VBG IN JJ NNS . `` PRP RB VBP TO `` VB DT NN '' '' RB RB IN DT NNS VBP VBN RB , VBZ NNP NNP NNP , DT NN IN NN NN NNP . NN NN : WRB PRP VBP RB EX VBP JJR IN CD NNS IN NN IN DT NN HYPH NN HYPH CD NN . RB CD , IN JJ NN NNP CC DT NNP IN NNP , VBZ VBG NN CD JJ NNS WDT MD VB IN PRP RB VBZ . DT RB JJ NN NN IN DT NNP NNP NNP VBZ DT NN IN PDT DT NNS WDT VBP VBN NNS IN NNS , IN IN DT NN IN JJ NNS WDT VBP VBG VBN IN NNS CC NNS . DT JJ NN VBZ VBN IN DT NNP NNP JJR IN CD NNS : RB IN NNP CC NNP . NNS VBD RB CD NNS HYPH NN HYPH CD NNS TO VB DT NN POS NN . NNS VBG IN NNP VBD IN JJR IN CD NN IN NNS . NNS VBP VBN DT JJ NN WDT NNP HYPH NNP HYPH CD VBZ TO VB JJ NNS . DT NNP HYPH NNP HYPH CD NN VBN NNP VBZ VBN VBN TO VB IN DT JJ NN VBN NNP , WDT VBZ DT NN TO VB NNS . CD NNS IN NNS VBP RB VBN IN DT JJ NN NN HYPH CD NNS JJ NN . DT NN MD RB VB DT JJ NN IN NNS CC NNS . NNS WP VBP JJ MD RB VB DT NN DT JJ NN HYPH NN NN IN NNP VBZ VBN NN IN VBN NNS WP RB VBP DT NNS MD VB IN DT NN . RB IN DT JJ NN HYPH CD NN , NNP VBD TO RB VB NNS IN JJ NN IN NN . IN RB CD NNS VBN IN NNP CC JJ NNP , CD VBD VBN , CD IN PRP VBD VBN CC CD VBD NNS . NNS VBP IN PRP VBZ `` RB JJ '' IN CD IN DT JJ NNS VBD DT NN IN NN IN IN JJS CD JJ NNS . VB JJR IN NN POS RB VBN NN IN DT NN HYPH VB NNS CC NNS IN NNP HYPH CD . WRB PRP VBD NN IN NNP NNS DT NNS HYPH JJ NN , VBN IN DT JJ NN , TO VB DT NN IN NN IN NNP NNS VBZ VBG NN , VBZ NNP NNP , DT JJ NN IN DT NNP NNP IN NNP NNP IN NNP . DT NN IN NNP JJ HYPH NN NN NNS WP VBP NN IN DT RB JJ NN IN NN VBD IN CD NN IN CD IN CD NN IN CD . CC DT NN IN NN NN VBN IN JJ NN VBD RP IN RB CD NN . NNP VBZ RP WRB NNS VBD TO VB PRP VB , CC WRB PRP MD VB DT JJ NN : NN NN . DT NN CC NN IN JJ NN NN VBZ DT NN IN DT NN MD VB VBN RP IN DT JJ NNS IN NN WDT VBP DT JJS NNS IN NN : DT NNS RB VBP NN IN DT NN RP CC VBP DT NN JJ , IN VBN IN NNP HYPH NNP NNP POS `` NN '' . CC IN DT NN , NN VBZ JJ NN , CC VBZ DT JJ NNS IN DT NN IN DT NN HYPH NN NN , VBZ NN NNP NNP IN DT NN . CC DT VBZ NNS IN JJ NN : IN WDT NN VBP RB VB , PRP VBZ . `` IN PRP RB VBP IN JJ NNS VBP DT NN IN JJ NN , RB PRP VBZ JJ IN PRP TO RB VB NNS IN JJ NNS . '' DT JJ NN IN DT JJ NN VBZ IN , IN DT NN IN DT NN , NNS VBP JJ TO VB CD NN JJR IN DT CD NN : DT JJS JJ NN NN IN DT NNP NNP NNP . DT JJ NN VBZ WRB TO VB NNS IN VBG DT JJ NN . `` IN DT NN , DT NN HYPH NN NN MD VB IN DT NN POS JJ NNS CC PRP MD RB VB , '' VB NN NNS NNP NNP , NNP NNP CC NNP NNP , IN PRP$ NN IN NNS IN DT NNS . JJ NNS WDT MD VB NNS IN NNS IN NNS VBP VBG IN NNS CC NN NN , CC VBG DT VBG NN IN JJ JJ NN NNS . RB DT NN . JJ NN , NNP HYPH NNP NNP , WP VBZ JJ HYPH NN NN , VBD JJR IN CD NN NNS CC VBD IN JJ RB VBD JJ NN IN WRB PRP VBD VBN VBN , RB CD NN VBD DT NN IN DT . NNP VBZ IN CD NNS IN NN VBP VBN IN DT NNS , TO VB PRP WRB VBN : WP VBD PRP , DT NN , IN EX VBZ NN IN NNS CC NNS IN PRP , CC IN NN HYPH NN NN VBD VBN ."
919,745,conspiracy,"PRP VBP VBG IN DT NN WRB NNS RB VBP IN PRP$ RB VBG NNS VBD RB CC RB IN VBG NNS . IN DT NN NN VBG DT NN NNS , NN NNS CC JJ NNS VBP VBG DT RB JJ NN WDT NNS VBP `` JJ CC JJ '' VBG VBN NN CC RB JJ NN WDT VBP RB . NNP NNP NNP VBZ VBN RP DT NN IN DT RBS JJ NNS IN DT NN NN NN CC VBD DT NNS CC NNS WDT VBP DT NN IN NNS MD CC VBP VB NNS VBG NN CC JJ JJ JJ NN NNS . NFP DT NN VBZ JJ . EX VBZ DT VBG NN IN NN WDT VBZ NNS MD VB JJR NN CC NN IN DT NNS PRP VBD VBN TO VB PRP IN . NFP NNS MD RB VB JJ NN CC NN IN NNS WP VBP RBR JJ IN NN IN NNS CC NN NNS . NNS CC NN HYPH VBN NNS VBP VBN TO VB NNS IN DT NNP JJ NN NN NNP -LRB- NNP -RRB- . PRP VBZ VBN IN RB CD NN IN NNS VBP RB VBN IN NNP , CC NNS VBG RB $ CD CD VBP VBN VBN IN CD . DT NN HYPH VBN NN NN VBZ TO VB IN DT JJ NN . NFP IN DT NN IN NN TO VB NNS CC NNS , DT JJ NN NN VBZ DT `` CD NN VBZ DT '' NN . NFP DT NNP NNP NNP NNP NNP VBZ VBN JJ NN VBN NN NNS . RB DT NN HYPH VBN JJ NN VBZ VBN NN HYPH VBN NN , VBG NNP NNP NNP CC NNP IN DT RB HYPH VBN NNP NNP NN . NFP DT NNP VBD NNS VBG DT NN IN NN CC NN VBP VBN , JJ CC VBN TO VB DT NN NN . RB , PRP RB VBP IN NNS VBP JJ JJ NNS JJ IN NNS . -LRB- VB NNP CD , NNP CD , NNP CD . -RRB- SYM NNP NN NN NN VBN NN -LRB- CC NN IN JJ IN DT NNP NN NNS -RRB- , NNP NNP NNP , VBZ JJ NNP NNS VBD PRP CC PRP$ NNS TO VB IN JJ NN CC NN IN NN IN JJ NN NN NN VBG DT JJ NN IN NN NNS CC NN . SYM NNP NNP NNP VBZ VBN RB CD NNS VBG DT NNS IN DT NN NN , NN , CC NN . NNS IN JJ NN NNS CC NNS IN NN VBP RB VBG . DT NN IN VBG NNS , WDT VBP VBN JJ NN , NN , NN , NN , NN CC JJ NN , CC JJR : IN NNS CC JJ NNS VBZ RB VBN VBN . NN CD . DT NNS VBP VBN RB VBN CC VBP RB JJ . DT VBZ RB JJ . DT NN NNP VBD NN NNS IN NN IN CD VBD JJ NNS VBD VBG NN . IN DT NNP NNP NNP NNP NN VBD IN NN , DT JJ NN NN VBZ VBN RP CD CD NNS IN NN NNS CC NN . NFP IN CD , DT NNP NNP VBD IN NNS VBP `` RB JJ . '' NFP DT JJ NNP JJ NN VBZ NNS VBP RB JJ IN CD NNS RB IN DT JJ NN NN . DT NN IN VBG NNS , WDT VBP VBN JJ NN , NN , NN , NN , NN CC JJ NN , CC JJR : IN NNS CC JJ NNS VBZ RB VBN VBN . NFP EX VBP DT JJ HYPH NN NNS VBG NN NNS IN VBN NNS IN DT WP VBP RB VBN NNS . RB , DT JJ NN HYPH VBN NN IN VBN NNS VBD DT VBN NN IN NN -LRB- CD NNS -RRB- , NN -LRB- CD NNS -RRB- , NN NNS -LRB- CD NNS -RRB- , NN -LRB- CD NNS -RRB- CC DT JJ CD NNS DT NN IN JJ NN VBN IN JJ NNS . NFP IN CD , DT NNP NNP NNP NNP NNP -LRB- NNP -RRB- VBD CD NNS IN JJ NNS IN NNS , VBG CD NNS , CD JJ NNS , CD NNS CC CD NN NN NNS . VBG IN NNP , DT VBN NNS VBP RB CD NN IN DT JJ NN . RB , DT NNP VBZ RB VBG NNS IN JJ NNS IN NNS IN NN . NN CD . NNS VBP NN NN CC VBP JJ , RB JJ , NNS . NNS VBP VBG NNS CC VBG DT JJ NN . NFP NN NN MD VB VBN IN NN IN NNS VBP RB JJ . DT NNP HYPH NNP HYPH NNP -LRB- NNP -RRB- NN VBZ RB CD WDT VBZ RB VBG . NN NNS IN DT NNP VBP VBN IN DT NN IN JJ NNS IN RB CD NNS VBN IN CD , JJR IN DT NN IN DT JJ NN , CC PRP VBP VBG IN RB VBN NNS . JJ NNS IN NN IN VBN NNS VBP VBG IN DT NNS VBP RB JJ . RB , NN IN NNS VBZ RB JJ IN DT JJ NN RB VBN IN VBG DT NN NN . NFP IN CD , CD JJ NNP NNS VBD DT JJ NN VBG IN NNP VBD NN IN VBG IN DT NN IN DT NNS NN IN PRP$ NN NN . DT NN , RB IN DT NNS IN DT JJ NN , VBZ IN NNP VBD JJ IN DT VBG NN IN DT NNS NN CC RB VBD PRP VBD CD NN JJ . NFP IN DT NNP VBZ TO VB IN EX VBZ DT NN NN NN , NNS VBP IN DT JJS NN IN JJ NN NN CC NN VBZ JJ NN IN NN NNS . NFP NNP NNP , JJ NN IN DT NNP NNPS IN NNP , VBD IN JJ NN VBZ VBG IN IN NN IN DT NN IN NNS VBG NN NN . NFP DT JJ NN WDT VBZ VBN RB IN NNP VBZ DT NN NN CC DT NNS VBP VBN IN NNP NNP . NFP RB , JJ IN NN POS NNS VBP RB RB VB DT VBN NN IN VBG CC VBG DT NN IN NN . DT VBZ JJ IN NN , NN , CC IN RB VBN , NN . NFP DT NN NN IN NNS RB RB RB IN CD VBD RB JJ SYM CD IN CD . VB IN DT VBD RB CD NNS RB : IN JJ NNS , IN NN NNS , IN NNS , CC NN NN , CC DT NNS IN JJ NN . NFP CD NNS IN DT NNS NN VBD VBN , NNS VBD IN NN , CC RB IN NNP , WDT VBD PRP$ NNS IN CD , CC NNS VBD RB VB IN NN IN JJ NNS IN NNS . RB RB VBZ NN RB VBN RB VBN IN IN NNS , CC RB JJR NN VBD : CC VBZ TO VB VBN , RB IN DT JJ NN TO VB DT NN IN VBG RB . NN LS . NN -LRB- JJ NN -RRB- VBD VBN IN IN NNS IN CD CC NN NNS RB VBD TO VB . RB , DT JJ NN IN NNS VBZ RBR JJ IN JJ NN . NFP IN CD CC CD , NN VBD VBG RB VBN IN DT NNP NN , NNP CC NNP NNS . RB , DT NN IN NN IN IN NN NNS VBD RB VBG RP . NN NNS VBD RB VBN IN JJ NNS IN CD CC , RB , NN IN DT NNS VBD JJ -LRB- RB CD NN IN CD -RRB- . IN CD , DT NNP VBD NN NNS IN DT JJ NNS IN DT NN . IN CD SYM CD , NN IN NN NNS IN NN VBD RB VBN IN RB CD NN . RB , DT NNS VBN IN CD VBD RB JJ TO VB VBN VBN IN NN IN NN , CC DT NN IN PRP . NFP RB , IN CD , DT NNP VBD NN NNS IN JJ HYPH NN NNS RB CD NNS IN NN . IN NNP CD , DT NNP VBD JJ JJ NN NNS IN DT NNS VBG IN CD NNS IN NN . NN RB VBD RB JJ . IN DT CD CD CC CD CD NN NNS , RB CD NN CC CD NN IN NNS , RB , VBD RB VBN IN NN . IN DT CD CD NN NN , DT NN NN NN VBD VBN RP IN CD NN . IN DT NNS IN DT NN IN IN NN IN DT NNP NN , NNP , CC NNP , NNS VBD RB VBG VBN IN NN IN NN NNS . IN CD , RB CD NN IN DT NN NN NN VBD VBN IN NN . NFP EX VBZ DT NN IN VBG NN , DT VBN NN , IN NN , CC RB RB JJ NNS CC NNS . DT VBG NN VBZ RB JJ IN NN NN IN JJ NN NN NN NNS VBP RB RB JJ DT NN POS NN NN NNS . RB CD CD NN NNS VBG CD NN IN NN VBP IN DT NN IN DT CD HYPH CD NN NN . NFP DT CD NNP NN VBG NNS IN DT CD SYM CD CC CD SYM CD NN NNS VBN JJ NNS IN NN NNS , VBG IN NNS VBN IN DT VBN NN NN VBD CD HYPH NN JJR NNS IN JJ NN IN CD NNS IN NNS RB VBG DT NN . IN NNS WP VBD DT NN NN IN DT NNS VBN IN DT NN , DT NNS IN JJ NN IN DT CD NNS IN VBG DT NN NN VBD CD NNS JJR . DT JJ NN IN NN NNS JJ IN DT NNS VBN VBD JJ NN NNS VBG CD NN IN NN . NFP NN NNS MD RB VB CD NN IN NN IN NN . VBG NNP NNS IN NN NN , DT NN MD VB CD NNS TO `` RB '' VB DT NN IN NN . IN NN , DT VBZ VBN IN DT NN IN JJ NN . DT NNS VBP VBN VBN IN VBG DT NN IN NN . NNP VBZ RB VBN IN `` NN NNS '' IN JJ NNS . NFP RB RB VBZ NN RB VBN RB VBN IN IN NNS , CC RB JJR NN VBD : CC VBZ TO VB VBN , RB IN DT JJ NN TO VB DT NN IN VBG RB . NFP IN NNS VBN IN NN NNS CC VBN IN DT NN , JJ NN VBN IN NNS VBZ RB JJR IN JJ NN VBN IN NN . DT JJ NN HYPH NN VBD IN JJ NN VBZ DT NN HYPH NN IN DT NN IN JJ NNS . DT VBZ VBG IN PRP VBP NN NNS VBN IN JJ NNS IN JJ NN VBN IN JJ NN VBD VBN TO VB JJR IN JJ DT NN IN JJ NN VBN IN PRP$ NN NN . NFP IN PRP VBZ JJ IN JJ NN VBZ DT NN RBR RB IN JJ NN , DT NNS IN NN VBP DT NN CC NNS . NNP NN RB VBZ IN DT NN WRB PRP VBZ VBN CC VBZ RB RB VBN . VBG DT NN VBZ RB VB IN DT JJ NN VBZ VBN DT NN . NFP RB , CD NN IN DT NNP VBZ VBN NN IN RB VBG `` RB VBN IN VBG JJ CC JJ -LRB- NNP -RRB- , IN DT NN VBZ TO VB DT NN IN NN IN NNS CC RB CD NN NNS . NN CD . DT NN IN NNP VBG DT NN IN DT NN NN CC NN VBZ VBN VBN . DT NN VBD VBN CC DT NN VBD . JJ NNP NNS VBP DT NN RB RB . NFP DT NNP NNP NN RB VBD IN DT NNP VBZ NN . NNP VBD NN NNS IN CD NNS IN NN NN CC JJ NN PRP$ NNS VBD VBD IN DT NNP NN . NNP VBD IN JJR NN . IN DT NN : PRP VBD RB VB DT NN IN NNS , NNS , CC NN NN CC DT NN VBN . NFP IN DT NN POS NN , JJ NN NNP NN VBD NN NNP NNP NNP VBD IN DT CD NNP NN VBD DT NN IN DT NN CC DT NN IN NN IN JJ HYPH JJ NNS CC IN NNS IN DT JJ JJ NNS IN DT NN , DT NN PRP VBD `` JJ NN . '' NNP VBD NNS IN NNS IN NNP NNP NNP IN NNP IN CD VBG PRP$ NNS . RB , NNP NNP VBD DT NN IN DT NN IN DT NNP NNP IN NNPS VBG , IN NN : `` RB IN DT NN NN , NNS VBG NNS IN PRP$ NNS POS NN VBP TO VB DT JJS NN JJ IN PRP . PRP MD VB JJ TO VB IN JJ NNS TO VB PRP DT NN . IN NNP CD , NNP NNP NNP , DT JJ NN IN DT NNPS IN NNP NNP CC NNP , VBD IN DT NN NN TO VB PRP$ NN IN NNS JJ IN DT CD NNP NN WDT VBD NN IN DT NN IN -LRB- DT -RRB- NNS , NNS , NN NN CC NN . IN DT NN VBN IN NNP , CD , NNP NNP VBD , `` PRP VBP IN PRP$ NNS CC PRP VBD RB JJ NN IN PRP$ CD NN VBN IN DT NNP NNP . '' '' IN CD , NNS TO VB NNP NNP NNP TO VB VBP VBN VBN IN DT NNP . NN CD . NN VBZ JJ , RB JJ . EX VBZ DT NN IN VBG JJ NNS VBZ DT NN . NFP EX VBZ DT JJ NN IN DT JJ NN CC JJ NN MD VB IN DT VBG NNS IN NNS RB VBN IN NN . NFP WP PRP MD VB IN DT NN VBZ IN NN VBZ DT JJ NN IN DT NN VBZ PRP VBP VBG IN RB RB NN , CC NN , NNS , NNS CC DT NN NN IN JJ NN NNS WDT PRP VBP RB VBN IN JJ NNS . NFP NNS VBP VBN VBG IN DT JJ NN NN IN NNS CC RB VBP RB VBN PRP IN VBG NNS IN NNS IN NNS IN PRP$ NN . EX MD VB RB JJ IN CD NNS VBN IN NN NN CC JJ IN DT RBS JJ JJ NNS VBP VBN NNS WDT VBP IN JJ NNS IN DT NN IN DT NNS . DT NN IN JJ NNS VBZ VBN IN , IN NNS WP VBP CD NNS VBN IN NN , DT NNS RB VBP RB VB DT JJ NN NNS , WDT VBZ VBN DT NN IN DT NN VBZ RB VBN RB WRB PRP VBZ IN NNS . DT VBZ DT NN IN VBN JJ NNS CC NN NNS . NFP CD IN DT JJS NN NNS IN NN VBN IN CD RB VBD DT NN IN DT NN VBZ VBN VBN . DT NN VBD IN DT NNS POS NN VBZ JJR IN CD HYPH CD DT NN : CD NN IN JJ NN CC CD NN IN DT JJR NN , IN NN VBD VBN IN CD NN CC CD NN IN DT NN RB . NFP PRP RB VBP IN NN VBZ IN NN IN JJ NNS WDT VBD IN JJ NN NN VBN IN NN VBD DT NNS VBD RB , CC IN NN VBZ VBN VBN IN NNP NNS WP VBD JJ NN NNS CC VBD IN DT NN NN VBD VBG VBN IN DT JJ NN IN DT NN . DT VBN NN IN DT JJ NN VBD IN NN CC MD VB JJ IN DT NN IN NN . DT JJ NN NN VBD RB VBN IN NNS IN JJ NN NNS , WDT VBZ RB CD IN DT JJ NNS IN NN IN NNS . NN LS . DT NNP NNPS RB VBZ DT NN NN NN . NFP DT NN IN NN NN NNS VBN IN DT NNP CC PRP$ NNS VBZ DT NN . DT NN NN VBN IN VBG JJ NN NN IN DT NN MD RB VB VBN TO VB IN NNS VBP RB JJ IN JJ . NFP DT NNP VBZ IN DT NN NN , DT JJ NN IN NN WRB DT JJ NN VBZ VBN IN VBG NN HYPH NN NN . VBG IN DT CD NNP NNP , DT NNP VBD CD NN NN NNS IN DT NN . IN CD , DT NN VBD IN DT NNP RB VBZ IN JJS CD NNS JJ IN NNS . NFP NNS IN DT NNP NNP IN NNP NNPS , WP VBP NN NNS , VBP VBN TO VB JJ NNS , DT RB VBG IN DT NN NNS DT NN VBZ . NFP DT VBG NN IN DT NNP CC DT NN NN VBZ JJ CC VBZ VBN JJ IN NNS . NFP DT NN IN NN NN VBZ DT NN TO VB NN CC NN NN . EX VBP RB JJ NNS IN NN NN , NN , JJ NN IN JJ NN NN NN CC NN , CC NNS IN NN IN DT NNS IN PRP$ NN NNS VBN TO VB NNPS IN NN . DT VBZ DT NN WDT VBZ TO VB VBN . NN NN VBZ NN TO VB DT NN IN DT JJ NNS . NFP NNP NNP NNP , NNP VBD IN DT IN PRP$ CD NNS VBD RB VBN . CC WRB PRP VBD DT JJ , NN HYPH VBN NN VBG NNS IN JJ NN NNS CC VBD IN JJ CC NN `` NNS '' , PRP VBD VBN IN NN VBD VBG DT NN IN JJ CC JJ NNS VBG NN POS NNS IN NNS RB RB VBN IN NN . NFP NNP VBD RB JJ IN DT NN IN JJ NN NN NN . DT JJ VBG NNP NN NNS VBP JJ IN NNS CC RB , NNP NN NNP NNP VBZ DT IN PRP TO VB JJ . NFP VBG IN NNP NNP VBZ `` JJ NN '' RB VBZ RB RB WP NNS IN NNS IN NNS VBP VBN CC RB WP DT VBG NN IN VBN , JJ NN VBZ VBG RP . PRP VBZ JJ NNS WP MD RB VB PRP$ NNS IN VBG DT NN IN PRP$ NN POS NNS . WRB PRP VBZ IN DT NN CC RB HYPH NN IN PRP$ NNS , NNS CC NNS VBP DT NN TO VB NNS NN CD . JJ NNS VBP NNS JJ . NNS MD VB JJ IN DT JJ , JJ CC JJ NNS . NFP NN VBZ PRP IN VBN NNS MD RB VB NNS CC NNS . DT VBZ RB VBN IN DT CD NNP NNS NN CC DT CD NNS NN IN NNP NNP WRB DT NNS VBN IN NNS VBD VBN CC VBN NNS IN DT NN NN . IN VBN RB , VBG IN CD JJ NNP NNS WP VBD IN DT NNS NN IN DT NN , DT NNS NN VBZ RB JJ . NFP IN NN IN DT NN IN NN IN NNS JJ IN DT NN , NNS VBN IN JJ NNS JJ IN NN , NN NN , NN , NN , CC NNS MD VB NN IN DT NNS IN DT JJ NNS IN DT VBN . WRB PRP VBZ IN DT NN CC RB HYPH NN IN PRP$ NNS , NNS CC NNS VBP DT NN TO VB NNS , RB RB DT NN . NNS VBP DT JJS NN NNS , NNS , NNS CC NN JJ WDT VBZ PRP$ NNS . NNS MD RB VB IN DT NN IN NN , VBG , VBG , CC VBG . CC IN NNS VBP TO VB NNS IN PRP$ NNS , DT NNS MD VB VBN . NFP `` CD NN VBZ DT '' VBZ DT JJ NN WRB PRP VBZ IN JJ NN . JJ NNS VBP IN EX VBZ RB DT JJ JJ NN WDT VBZ RB IN DT JJ NN : CC DT VBZ NNS . VBN NN RB VBZ DT NN IN DT NNS IN JJ NNS CC JJ NNS MD RB VB NNS . PRP RB VBP JJR NN IN DT NN IN PRP MD VB DT JJ TO VB VBN IN PRP MD VB PRP$ NN NN . VBP PRP VBN JJ NN NN IN JJ JJ NN . DT JJ NN VBZ VBN RB JJ IN DT JJ NN IN DT NN IN PRP$ NN POS NNS CC VBP VBN IN DT RB HYPH VBG NN NN NN : WDT VBZ VBN IN DT CD POS : MD VB JJ IN DT JJ NN IN JJ NN NN NNS . DT NNS VBP VBN VBN DT NN IN RB NN IN DT NNS IN DT NN : CD NN RB VBP DT JJ NN NN . NFP VBN NNS VBP IN JJ NN IN VBN NN , DT NN CD NN IN DT NNP NNP : DT JJ NN IN DT JJ NN VBZ RB JJ . VBG NNS , NN CC NNS IN NN IN JJ NNS VBP VBN DT NN NN TO VB DT JJ NN IN DT NN : NNS VBP RB RB JJ CC JJ IN PRP$ NN NNS CC JJ NN MD VB PRP VB . NNS MD CC VBP VB JJ NNS VBG NN CC JJ JJ JJ NN NNS . DT NN NN IN JJ NN NNS VBZ RB IN NN . VB NN NN NN IN CD NN RP IN JJ NN NNS CC JJ NN NN ."
920,801,mainstream,"NNS MD VB TO VB PRP$ NNS IN `` NN NNS '' TO VB DT NN RB RB IN NNS MD VB DT NN , DT NN VBZ VBN . NNP NNP NNP NNP , NN IN DT NNP NNP IN NNP CC NNP NNP , NNP IN NNP , VBD PRP VBD VBG VBN TO VB IN NNS IN NNS CC NN IN NNS IN DT VBD VBN . VBG IN DT NNP NNP NNP NN , DT NN VBD NNS MD VB TO VB IN VBG DT JJ IN NNP HYPH CD IN DT NN VBZ RB VB VBN . NNP NNP , CD , VBD : `` PRP VBP DT NN NN , IN DT NN PRP VBD VBN RB TO VB CC VB IN NNS , WP VBD NNS , NNS , NN , DT NN . `` PRP VBP RB VBG DT VBZ DT JJ NN NN CC IN DT NN VBZ RB , PRP MD VB DT NN . '' `` NN HYPH NNS '' VBD JJ IN DT JJ NN WRB NNS VBD DT NN VBD RBR JJ IN NN CC VBD TO `` VB PRP RP IN . '' NNS IN DT NNP NNP IN NNP CC NNP NNP VBP NNS MD RB VB RB VBN IN NNS . VBG IN DT JJ NN , NNP NNP , NN IN NN HYPH VBN NN IN DT NNP IN NNP , VBD IN NN MD VB TO VB `` JJ NNS '' IN WRB VBZ DT RBS JJ NN TO VB VBN IN NN . `` RB , IN PRP VBD RP DT NN -LRB- IN DT NN -RRB- , VB PRP VB DT RB , CC DT VBZ DT VBG JJ NN , PRP MD VB TO VB TO VB DT NN IN WRB VBZ PRP JJR TO VB DT NN . `` IN PRP VBP IN DT NNS , PRP VBZ WRB PRP VBP IN CD . IN PRP VBP JJR , RB PRP VBZ JJR IN PRP . '' NNS VBP NNS VBZ IN NNS VBP RBR JJ TO VB VBN IN NN IN VB IN NN . DT NNS VBP IN NNS VBP RBR JJ NN NNS CC VBP RBR JJ TO VB IN PRP . PRP VBP RB VBN TO VB RBR JJ IN VBG PRP . DT NNP POS NN NN NN NN VBD IN CD , RB IN CD IN CD IN NNP NNP CD ."
921,1304,mainstream,"JJ NNS IN NNP HYPH CD NNS VBP TO VB JJ NNS IN VBG , IN DT NN IN NNS VBD TO VB DT NN IN JJ NNS CC NNS . DT NNP NNP NNP VBD JJ NNS IN JJ NNS , CC VBD NNS IN VBN NN VBZ DT JJ NN IN JJR NN NNS . DT NN IN DT JJ NN VBZ VBN : CC IN IN HYPH IN HYPH DT HYPH NN NN IN DT NN , VB DT JJ NN IN NNP NNP NN . SYM NNP NNS : JJR IN CD CD SYM NNP NNS : IN JJS CD DT NNS RB VBD VBN IN NNP NNP NNP . CD NN NNP NN : NNP JJ NNP NNP NNP VBZ VBN IN `` JJ NNS CC JJ NNS VBP RB '' IN DT NN VBZ TO VB IN DT JJ NN IN DT NN NN . IN DT NN IN DT NN NNP , NNP VBD IN NNS IN DT NNS VBD VBN NN NNS CC JJ NNS IN DT NN IN NNS VBN IN DT NN VBD JJ NN NNS IN NNP CD . JJ IN DT JJ NN VBG VBN IN DT NNS , DT NN VBZ VBN VBG NNS , CC NNP NNP RB VBZ CD VBN NNS IN NNP HYPH CD , DT RBS IN DT NN , IN CD NNS IN IN NNP NN , VBG IN NNP NNP NNP . NFP NNP NNP JJ NN VBZ NN TO VB JJ NN IN JJ NN NNP NNP NNP NNP NN VBZ PRP VBZ NNP VBD IN NN POS NN NNP TO VB NN IN JJ JJ NNS , VBG RP DT VBN CD NNS , JJ VBZ CD NN NN : NNP NNP NNP NNP VBD DT NN VBZ RB VBN IN DT JJ NN IN DT NN CC IN PRP VBZ NNS TO VB VBG . DT NN VBD CD NN NNS IN DT JJ CD NNS , VBG CD NN IN NNP POS JJ NNS . `` DT NN NN VBD VBN JJ , CC RB PRP VBZ VBG RB RP , '' NNP VBD IN DT NN NN . IN JJR NNS VBP VBG VBN IN NNP , DT VBZ RB VB DT JJ NN IN DT VBG NN NNS , VBG IN NNP . PRP VBD DT NN VBZ VBN TO VB JJR NNS IN JJ NNS IN NNS IN VBG NN NNS CC NN , CC IN PRP VBZ NN NNS IN DT NN VBZ IN NNP . NNP RB VBD DT NN IN DT NN POS JJ NNS NN . PRP VBD NNP VBZ VBN $ CD CD IN NNP CD IN NNP NNP NNP . `` DT VBZ RB NN DT NN VBZ RB VBN TO VB IN DT NN , '' PRP VBD . : NNP NNP NNP NN VBZ JJR NNS MD VB VBN IN NNS , NNS VBP VBG CD NN NN : NNP NNP NNP NNP VBD IN `` JJ NNS VBP VBG TO VB JJ '' CC DT NN MD VB TO VB `` JJR NNS '' IN JJ NN NNS CC NNS VBP TO VB IN JJ NNS IN NNP . IN NNP CD , NNP VBD IN EX VBZ `` DT JJ NN TO VB RP DT NN IN NNS IN DT NN . '' NNP VBZ RB VBN NNS IN JJ NNS CC JJ NNS IN NNP HYPH CD NNS . `` IN PRP VBD TO VB DT NN IN DT NNS IN DT JJ NN , DT MD VB PRP VBP IN DT JJ NN WRB JJR NNS MD VB VBN TO VB JJ IN PRP VBP VB DT NN IN NNP HYPH CD , '' PRP VBD . IN IN NNP , EX VBZ VBN DT CD HYPH NN NN IN CD NNS RB VBN IN NNP IN NNP HYPH CD , DT CD NN NN VBN IN DT NN RB , VBG IN NNS IN DT NNP NNP NNP . DT NN POS CD HYPH NN NN IN JJ NNP HYPH CD NNS VBZ VBN JJR IN CD NN VBN IN DT NN RB , VBG IN NNS IN NNP NNP NNP . : NNP NNP HYPH NNP VB NN '' MD VB NNS '' IN DT NNP VBZ PRP CD NN NN : NN NN , IN WDT VBN NN NNS VBP VBN NNS TO VB DT NN IN DT NN CC VB RB VBN NNS , VBZ CD IN DT JJ VBN NNS DT NNP VBZ TO VB DT NN . IN NN IN JJ NN , DT NN VBZ VBN RB VBN IN RB VBN NN NNS WDT VBP VBG TO VB DT JJ NN VBN IN PRP IN DT NN NN . `` -LRB- VB NN -RRB- VBZ DT JJ NN CC PRP RB VBZ , CC WRB PRP VBZ RB IN NN , CC IN DT NN IN WRB PRP VBP VBG TO VB PRP IN DT NN VBZ RB RB RB VBG IN PRP$ NN , PRP VBZ RB JJ TO VB RP , '' VBD NNP NNP NNP , JJ NN IN DT NNP NNP IN NNP NNP . RB VBZ WRB JJ NNS CC NNS VBP VBG RP PRP$ NN NN NNS . : MD NNP NNS VBP RBR JJ IN NN RP IN PRP VBD IN NNP CD NN NNP : NNP NNP NNP NNP IN NNP MD VB NNS IN NN HYPH NN NNS , DT JJS NN IN NNS TO VB RP NNS WP MD VB NNP HYPH CD . DT NNS MD VB VBN RP IN CC NN CC NN NNS IN NNP NNP NNP NNP CC DT NNS MD VB JJ , NNP NNP NNP NNP NNP VBD . VBG NNS MD VB VBN IN NN IN PRP MD RB VB IN PRP VBP NNS IN RB CD NNS . VBG NNS MD VB VBN IN NN IN DT NNPS IN NNP NNP CC NNP IN PRP VBP NNS WDT JJ . NNS CC NNS VBP VBG TO VB RP IN NNS TO VB RP JJ NNS IN NNP HYPH CD CC VB NNS NNS IN VBG IN DT NN , WDT VBZ VBN NN RB IN DT JJS NNS IN JJR IN CD NNS . NN NN NN VBZ VBN IN NNS VBN IN NNP , PRP VBZ RB RB RB CD NN IN DT NN RB . : NNP NNP WP VBZ JJ NN NN RB DT `` NN NN '' NNP POS NNP NN NN MD VB IN DT JJ NN RB , IN DT NN VBZ NN IN NNS CD NN NN : NNP POS NNP NN NN MD VB PRP$ JJ HYPH RB NN DT NN , VBG IN NN NN NNP , WDT VBD VBG DT NN IN CD . DT JJ NN VBZ DT NN IN WDT RB NNP POS JJ JJ NN NN VBZ RB VBN IN DT NN NN , WDT VBZ VBN DT RB JJ NN IN DT IN DT NN POS JJS NNS IN DT NN NN . IN NN IN NNP VBZ VBN TO VB , PRP MD RB VB RP IN NNP POS VBN CD NN NN IN NN NNP NN NN NN DT NN , VBG IN NNP . DT NN RB VBZ IN NNP POS JJ NN NNS MD VB JJ TO VB RP IN DT NN POS NN CD NN IN NN IN JJ NN NN IN DT NNP CC NNP CC NNP VBP VBN TO VB VBG PRP$ NNP NN NN DT NN , IN IN JJR NNS IN IN JJ NNS . NNP CC NNP POS NN NNS VBP JJR NN IN DT NN NN IN NNP , WDT MD VB PRP VB DT NN . : NNP NNP NNS VBP IN NNP , NNP IN NNS VBP TO VB IN DT NNP . VBG NN NNS VBP IN NNP IN NN NN NNP JJ TO VB NN IN NN , NNP NNP NNP VBZ CD NN NN : IN NNP NNP NNP VBG PRP$ JJ NN IN NN , JJ NNP CC NNP NNP NNP NNP NNP NNP VBZ DT NN CC NN VBP JJ TO VB DT JJ NN IN JJ NNS . DT NNS RB IN DT NNP CC NNP WDT VBD RB : IN PRP VBD VBN VBN RB IN DT VBN NN CC IN PRP VBD DT JJ NN CC NN NN IN NN : VBP VBN JJ NNS IN NN IN DT JJ NN IN NNS . `` PRP MD VB DT NN IN NNS , CC PRP VBP VBG IN DT RB JJ NN , '' NNP VBD IN `` NNP NN . '' `` RB PRP MD RB VB TO VB DT JJ NNS WDT PRP VBP VBG IN DT NNP CC DT NNP RB WRB PRP VBP . '' NNP VBD IN IN RB JJ NNS VBD RB VBN IN NNP NNP NNP CC DT NN NN , DT JJ NN IN DT NN RB VBZ DT NN IN NN IN DT NN RB . DT MD VB VB NN , NNP VBD . : NNP NNP NN : NNP NNP VBZ DT NNP NN CC VBZ DT NN IN DT NNS IN NNP , JJ HYPH NN NN HYPH RP NNP CC NN NN NNP . NNP NNPS VBP TO VB JJ NN IN NNP NN NN NN CD NN NN : DT NNP NNP POS NN VBZ RB VBN , CC DT NN VBZ RB VBG TO VB DT NN IN DT CD HYPH CD NN , CC DT NN MD VB DT NN IN DT NN NNS . DT NNPS POS NNP NN NN NN IN NN NN NNP VBZ VBN , CC DT NN VBZ VBG TO VB DT JJ JJ NN WDT VBZ IN PRP$ VBN NN IN VBG NN CC JJ NN . NNP NNP NNP NNP VBD NNP DT NN VBZ VBG DT NN WDT MD VB `` VB NN IN PRP$ NN '' CC `` VB DT NN IN JJ NN '' IN DT NNP NN VBZ TO VB VBG DT NN IN NNP NNP . DT NNPS VBP VBN CD IN DT RBS VBN NNS IN DT NNS NN IN NNP CD , WRB NNS VBD IN IN NNP HYPH CD . NNP NN NN NNP HYPH NNP NNPS POS NN , NNP , VBD IN NNP CD IN IN NNP HYPH CD . NNP VBD CC NNS VBP `` RB JJ , '' VBG NNP POS NN `` VBN IN PRP DT NN TO VB DT JJ NN IN NNP VBG DT NN IN DT . '' NFP NNP NNP NN NNS VBP IN NNS , NN NNS CC JJR TO VB VBN NN NNP NNP VBZ PRP VBZ VBG `` JJ NN '' CD NN NN : NN NNS IN NNP NNP VBD IN DT JJ NN IN NNP IN DT NN VBZ VBG DT `` JJ NN '' IN NN NNS IN DT NN NNP . IN NNP , DT NN IN NNP NNPS IN NNP NNP CC NNP NNP NNP VBD DT NN IN JJ NNP VBD DT NN IN DT `` JJ NN '' IN NNS IN DT JJR NNP NN , NNP VBD . `` IN DT JJ NN , PRP VBP IN DT JJ NN VBD IN NNP IN NNP RB RB IN NNP IN NNP , '' NNP VBD IN DT NN NN , VBG IN NNP . `` RB PRP VBP IN DT JJ NN WDT VBD VBN IN DT NNP NN VBZ VBN VBG RP . '' NNP NNP VBZ CD VBN NNS IN DT NN , VBG IN NNP NNP NNP , CC VBZ VBN CD NNS . : NNP NNP CD NN NN : DT NNP NNP NNP IN NNP VBD DT JJS JJ HYPH NN NN IN NN NNS IN DT NN IN DT NN VBD IN NNP , NNP JJR IN CD NNS RB . DT NNP NNPS NN VBD JJR IN CD JJ NNS VBD VBN IN NNP . NNP VBD DT JJS NN , VBG CD JJ NNS . DT NNP VBD CD JJ NNS . IN NNP , NNP NN HYPH NNP NNP NNP NNP VBD IN DT NN VBZ VBN DT `` JJ CC JJ NN , '' IN DT NN IN DT NN VBZ TO VB IN JJ NNS CC NN IN DT WDT VBD RB VBN VBN RB . `` JJ NNS VBP RB VBN RP IN VBG IN NN . NNS VBP RB JJ TO VB RP PRP$ NNS CC NNS , '' PRP VBD . `` CC DT NN VBZ RB VBG RB . PRP VBZ RB JJ CC JJS NNS VBP RB JJ . '' DT NN VBZ RB VBN JJR IN CD NNS IN DT NN CC VBD IN JJS CD NNS , VBG IN NNS IN NNP NNP NNP . : MD NNP"
922,574,mainstream,"RB CD NNS RB NN , IN DT NN IN NNP CD , DT NNP NNP NNP RB VBD IN `` DT NN CC PDT PRP$ NNS VBP VBN NN IN NN '' . NN VBZ DT JJ CC , IN NN , DT JJ JJ NN TO VB VBN RB . IN PRP VBD VBN RP , NN VBD VBN NN IN IN JJS CD NNS , VBG CD CD NNS IN DT JJ NN RB . PRP$ NN VBZ IN DT JJS JJ NN NN IN NN . IN DT NN VBZ DT NNP HYPH CD NN , NN POS NN IN NN VBZ DT NN IN WP VBZ JJ WRB NNS VBP RB TO VB DT JJ NN NN . JJ IN DT JJ JJ NN NNS WDT VBD VBN RB RB VBP DT JJ NNS WDT VBP VBN VBN TO VB IN NNP , CC IN NNP HYPH CD : NN NN , NN NN , NN NN , CC JJ NN NNS TO VB VBN NNS . DT NN NN NN VBD CD JJ NN WDT PRP VBP RB VB IN NNP HYPH CD RB : DT NN , IN NN , DT NN POS JJ NN . IN PRP VBP , NNP VBZ RB VBG IN JJ NNS TO VB DT NN IN DT NN IN NN HYPH CD , WDT MD VB DT JJ NN IN VBG NN IN DT NN . CC IN DT NN VBD JJ IN VBG NN , PRP VBD RB JJ IN PRP$ JJ . IN DT , DT NN VBD RB VBN IN NNP NNP IN CD . PRP VBD DT CD NNS IN NN TO VB VBN . DT JJ NN IN DT NN IN NN VBD JJ NN . IN DT NN IN DT NNP NNP , DT NNP NNP CC DT NNP NNPS IN NNP VBD NNS TO VB DT JJ NN . PRP VBD IN NNS VBP RB VB NNS CC NNS . DT JJ NN , VBN IN JJ NN , VBZ VBN RB JJR IN RB TO VB NNP HYPH CD . NNS IN DT NN IN NN VBP JJ NN TO VB . CC EX VBP JJ JJR JJ NNS IN NN IN DT NN . JJ NNP , DT NN IN NNP , NNP MD VB DT CD NNS IN PRP$ JJ NNP IN DT NNP NNP . DT VBG NNS VBD VBN IN DT JJ NN IN NNS IN RB CD NNS IN CD NNS . DT JJ HYPH VBN NNS MD VB VBN IN NNP POS NNP NN , CC PRP VBP NN TO VB PRP IN PRP$ JJ NN NNS JJ NNP , IN DT NN IN DT NNS . NN , PRP VBD DT NNS NNP VBZ PRP VBZ TO VB PRP$ VBN JJ NN CC NN NN IN NN HYPH CD . DT VBN NN VBZ IN NNP VBZ NNP $ CD CD TO VB IN NNP HYPH CD , IN DT CD NNS IN DT NN , IN RB CC DT NN IN CD . DT NN VBZ DT NNS WDT NNP VBZ RB VBN IN NN , VBG NNP POS NNP HYPH CD NN IN DT NN NN IN NNP $ CD CD IN CD . TO VB JJ , DT NN RB VBZ NNP POS NNS , RB DT JJ JJ NN . WP VBZ RB JJ IN DT NNS CC NNS WP VBD IN NNP POS JJ JJ NN CC NN NN , CC IN DT NNS IN NNS IN NNS , NNS CC NNS WP VBP VBN IN DT NN HYPH CD NN NN NN : PRP VBP PRP RB RB IN PRP$ NN CC NN . PRP$ VBN JJ NN VBZ IN NN DT NNS PRP VBP VBN RB RB , VBG NNP POS NN IN JJ CC JJ NN . PRP VBZ VBN IN CD JJ NNS : RB , TO VB DT NNS CC NNS : RB , TO VB JJ NNS CC NNS IN RB VBG CC VBG DT NNS : RB , TO VB NN NN IN NN NN CC NN CC JJ NN : JJ , TO VB NN IN JJ NN : CC JJ , TO VB JJ CC JJ NNS CC NNS . TO VB DT NNS , NNP MD VB TO VB JJ , JJ CC NN NN IN NNS , CC PRP MD VB TO VB CC VB PRP$ NN VBG IN JJ NNS . IN JJ JJ NNS CC NNS IN JJR NN NNS , NNP MD VB PRP$ JJ NN IN DT NN IN JJ NN NNS . IN PRP VBP NN IN DT NN IN NN , PRP VBP VBN IN WP VBZ JJ WRB NNS VBP RB TO VB DT JJ NN , TO VB DT JJ NN . DT NN IN NN VBD RB RB DT NN IN CD NN , PRP VBD DT NN IN WRB DT NN VBZ , NN VBZ JJ . IN EX VBZ DT NN , EX VBZ DT NN . PRP VBD PRP DT NN TO VB DT NN IN JJ NNS IN NN CC NN NN . IN NN , NNP HYPH CD VBZ DT VBG NN IN JJ NN . IN NN , NNP HYPH CD VBZ VBG PRP DT NN RB RB TO VB DT JJ NN , CC TO VB DT NN IN JJ NN , CC TO VB DT JJR , JJR , JJR NN IN NN : TO VB JJ NN NN , TO VB PRP$ NN IN DT NN IN NNP IN DT NNS : NN IN DT . IN PRP VBP RP IN NNS , PRP MD VB TO VB CD JJ NN PRP VBP VBG DT NN IN NN . WRB NNP POS NN NN NN VBD VBN IN CD , CD IN DT NNS NNS VBD NN IN NN VBD IN NN NNS : WRB JJ NN IN NNP CC NNP VBD RB RB IN DT NN . TO VB DT JJ NN IN NN NN , DT NNP NNPS NNP NNP CC NNP VBP VBG DT JJ NN NN TO VB JJ NN IN VBG NN . PRP RB VBP TO VB PRP$ NN NNP NNP NNP , NNP NNPS IN HYPH NNP HYPH NNP IN NNP NNP , IN VBG DT JJ NN JJ ."
923,1220,mainstream,"DT NN VBZ JJ NN IN NNP WDT VBZ DT NN IN DT NN VBN TO VB DT NN NN NN , CC NN . DT NN , IN NN , MD VB VBN IN NN IN DT JJ CD HYPH IN HYPH CD NN . DT NNP IN NNP VBZ RB VBN EX VBZ DT NN IN PDT DT NN . PRP VBD NNP NNP : `` PRP VBP DT NN IN NN VBZ VBG VBN IN PRP VBZ JJ CC MD RB VB VBN IN NNS JJ NN . `` NN VBZ CD IN DT RBS JJ NNS IN DT NN . PRP VBZ DT NN VBG VBN IN DT NN IN NN , PRP VBZ DT JJ NN , PRP VBZ JJ . '' PRP RB VBD NNS IN DT NN NN , VBG PRP VBD `` JJ '' IN DT JJ NNS IN NN IN NN IN DT NNP IN DT JJ CD NNS VBD VBN IN DT NN IN DT NN . NNP NNP NNP NNP VBZ VBN DT NNS IN NN NNS . `` PRP VBP RB VBG IN NNS TO VB DT NN IN JJ , RBR JJ NNS VBP JJ . '' PRP VBD DT JJ CD HYPH IN HYPH CD NN , VBG NNS IN NN , NN , NN NN , NN CC NN , MD VB VBN RBR IN DT NN . DT NNP VBG NN NN , DT NNP NNP NNP , VBD DT NN IN NN IN NNS . DT NN VBD DT NN VBD RB `` VBN NNS TO VB IN NN VBZ RB VBN IN DT NN NN IN DT JJ NN '' . CC NNP NNP , NN IN DT NN NN NN NNP , NNP CC NNP NNP , VBD IN , IN VBG DT NN IN NN , PRP VBD `` RB JJ '' IN NNS IN DT NN CD HYPH IN HYPH CD NN . PRP VBD : `` IN CD HYPH IN HYPH CD NNS PRP MD VB TO VB WDT NN NNS VBP VBN NN . WRB VBD PRP VB RP PRP VBD JJ TO VB PRP IN DT NN . `` PRP VBP IN IN JJ NNS DT NN NNS VBP VBN RB VBN . '' VBG DT NNS VBD DT NN IN DT JJ NN , PRP VBD . `` WP PRP VBP TO VB VBZ JJR NN , WRB DT NNS VBP VBN IN WP VBZ JJ IN DT JJ NN . '' IN NNP , PRP VBD VBN IN NNP NNS IN NNP NNP VBD NN HYPH IN NN IN DT NNS IN NNS VBN IN NN , DT NN VBN IN DT NN NN NN . IN JJ NNP CC JJ NNS VBG DT NN IN NN CC NN , DT NNP NN VBD PRP VBD IN NNS VBN IN NN VBD NNS IN VBN NN , CC NN NNS . DT NNS VBD VBN VBN TO VB JJ IN VBG NNS IN DT NN NN . DT NN NN VBD PRP VBD JJ IN NNS IN RB HYPH VBN NN MD RB VB IN NN ."
924,428,conspiracy,"DT NN RB IN NN IN NNP NNP MD VB NNS TO VB DT NN NN IN PRP MD VB NN CC NN . DT NN , NNP , VBZ IN NNS VBN IN NNP CD , CD VBP VBN IN DT JJ NN IN VBG NN CC NN . RB , DT NNP VBZ DT NN NN IN NNS CC NNS VBG IN NNS CD SYM CD , CC IN NNS RB JJ IN CD TO VB JJ NNS IN NN VBN IN DT NN . SYM NN NN NN VBN IN DT CD HYPH NN HYPH NNP NNPS IN NNP NNP DT NN VBZ RB IN NN IN DT NNP NNP CC VBZ VBN NN VBG DT VBN NN . DT NN VBZ VBN IN NNP NNP NNP NNP -LRB- NNP NNP -RRB- , WP$ NN VBG DT JJ NN IN NNS IN NN NNS VBD RB VBN IN NNP NNP . NNP VBZ DT NN NN VBZ JJ CC MD VB VBN TO VB NNS IN NN , VBG : `` PRP MD VB DT NNS VBN IN NNP CD , CD TO VB DT NN NN TO VB NN CC NN IN NNP NNP , JJ NN VBN IN JJ NNS VBG NNP NNP . '' `` DT JJ NN IN NN MD VB IN IN CD NN IN NNS VBN IN PRP . '' SYM NN CD NNS RBR : NN NN NN NN VBZ RB VBG VBG IN NNP , NNS IN DT JJ NN VBP IN NN IN DT NN . PRP VBZ NNS IN NNS VBP PRP$ NN IN DT NNS , VBG : DT NNS VBP VBN TO VB DT NN IN PRP$ NNS , CC JJ VBP PRP VBP VBN IN DT NN IN VBG DT NN . CD JJ NN VBZ NN IN CD , NNP NNP , WP VBZ : `` IN NN WP VBZ RB NNS , PRP VBP DT NN IN DT NN NN VBG VBN TO VB JJ : RB IN DT NN JJ NNS . DT JJ NN MD RB VB VBN TO VB DT NN WDT VBZ JJ IN JJ NN . DT MD VB DT NN IN DT NN , JJ NNS , CC DT NN . NN , NN , NN NN , NN VBN RB RBR RB CC MD VB VBN IN DT NN RB EX VBZ DT JJ NN . '' RB , JJ NNS VBP RB VBN IN DT NN PRP , VBG NNP NNP WP VBZ DT NN IN DT NN , VBG : `` PRP VBP RB IN DT VBG JJ . PRP VBP JJ CC JJ IN PRP$ NN VBZ RB VBG VBG DT NN WDT MD VB DT NNP NNS TO VB DT NN WDT `` VBZ '' IN NN . DT NN MD VB VBN DT NN , RB JJ . PRP VBP PRP$ NN TO VB , UH VB PRP$ NN TO VB . '' NN CD : NN TO VB RB VBN , IN NNS IN JJ NN"
925,1178,mainstream,"NN , PRP$ NN NNP NNP VBD IN NNP $ CD CD NN IN DT NNP NNP VBD IN DT NN NN MD VB VBG , IN DT NNP NNS VBP VBN , IN NN VBZ VBN IN NN . IN DT NN , DT NNP NNP POS NNP NNP NNP , NNP NNP NNP NNP , VBD NNP TO VB IN PRP$ NN NNS VBP VBN IN DT NNP NNP NN . PRP VBD : `` DT VBZ VBN JJ IN NNP NNP VBD IN NN CD IN DT JJ JJ IN NNP NNP WRB NN NN VBD IN DT NN . IN JJ , DT NN VBN IN NNP NNP POS CD NN NN VBZ RB DT NNP NN . PRP CC NN NN NN , NNP NNP , VBP RB VBN NNS . '' NN , DT NNP NNP VBD DT NN IN NN NNP NNP , VBN `` DT NNP HYPH NNP NNP : WRB PRP MD RB VB RB . '' IN PRP , PRP VBZ IN NNS VBP RB VBN IN DT NN NN NN IN DT NN , CC IN `` NN CC DT NN , '' DT JJ NNS , MD VB VBG DT NN VBN . NNP VBZ : WRB VBP RB JJ VBN , JJ NNS RB VB IN DT JJ NN NN MD VB DT JJ NN IN JJ NNS , CC IN DT IN DT NNS MD VB IN DT NN NN NN -LRB- NN -RRB- . IN DT IN DT NN NNS VBG DT NN , JJ HYPH NN NN NNS WDT VBD IN NNS , NN IN NN IN NN NNS CC DT JJ NN IN NNP NNP , PRP VBP RB VB IN JJ NNS IN RB VBP VBN PRP$ NNS . DT VBZ IN NN IN DT NN HYPH NN NN VBD RB VB IN PRP IN DT CD HYPH NN HYPH JJ NN VBN IN DT JJ JJ NN , CC IN NNP NNS : RB RB JJ VBD VBN IN NNP IN RB . IN IN JJ NNP , NNP NNP RB VBZ RP DT NNS IN NNP POS NN , WDT VBZ DT JJ NN DT NN HYPH NN NN MD VB JJ RB IN PRP VBZ RB JJ , NNS IN NN RB VB IN DT NN WRB NNS RB VBP NNS IN NNS , IN DT NN TO VB DT NN VBZ JJ , IN NNS IN DT NN . NNP VBZ : RB CC RB CC RB , NNP VBZ VBN DT `` NN '' PRP VBZ VBZ VBN TO VB IN NNS VBP JJ . IN DT NN IN PRP$ NN , NNP VBD DT NN VBG IN IN DT NN NN VBD JJ , NN NNS MD VB TO VB RP IN CD , WDT VBD CD NNS IN NN VBD VBN VBN IN NN NNS . RB IN CD , PRP VBD NNP , `` PRP VBZ VBG TO VB DT CD NNS IN PRP VBP IN -LRB- NN -RRB- VBZ VBN VBG DT NN . '' IN CD , NN NNS VBD RB VBG RP , IN RB , PRP VBZ VBN DT NN IN JJ NNS . IN PRP$ NN NN , NNP VBZ IN `` DT NNS IN DT VBN CC VBN '' WP VBP NNS VBP TO VB IN PRP$ NNS POS NN MD VB TO VB IN `` EX VBZ NN WDT NN MD VB CC VB : RB PRP , RB PRP , RB DT NN IN NN : IN JJ NN IN PDT DT JJ NNS IN NN VBZ VBN . '' DT , IN NN , VBZ RB JJ : PRP VBP RB VB TO VB WP VBZ VB DT CC DT NN IN NN TO VB JJ VBG IN JJ NNS VBP RB DT NN . -LRB- IN DT NN , DT JJ HYPH VBN `` NN NN '' NN : IN NN VBD DT NN IN RB JJ NNS : MD RB VB IN NN . -RRB- TO VB IN NN IN DT NNS IN DT `` NNS , NN CC NN NNS '' VBD `` DT JJ NN NN '' VBZ JJ CC JJ . WP VBZ JJ VBZ IN EX VBP JJ NNS WP VBP IN PRP$ NNS VBD DT JJ NN . WP VBZ RB JJ VBZ IN IN JJ NNS IN WDT EX VBZ JJ NN : JJ JJ NNS , NNS , FW : IN VBN IN DT NNS WDT NNP VBZ VBG IN , WP NNS VBP VBG CC WP RB VBD VBP CD JJ NNS . IN NNP NNP : DT NNP NNP CC DT JJ NN IN NNS MD VB NN . PRP MD RB VB IN EX VBZ DT NN TO VB IN NNP POS NN , VBG DT NN IN WDT NNS VBP VBN , MD VB DT NN IN DT . RBS JJ PRP MD VB IN JJR NNS VBG PDT PRP$ NNS , RB IN PRP VBZ JJR TO VB JJ DT NN VBZ PRP$ NNS IN PRP VBP RB IN JJ NNS . NNP VBZ VBG DT NN WDT MD VB NN IN DT NN IN NN . PRP VBP VBN NNP IN DT NN , CC MD VB PRP RB MD PRP VB . NN : RB VBZ NNP POS NN : `` NNP POS NN VBZ RB VB IN EX VBZ DT NN NN IN JJ , CC RB IN DT NN VBZ RB RB . PRP$ NN IN DT NN VBZ JJ : `` PRP VBP IN JJ NNS MD VB DT NN NN VBZ VBN RB VBN CC VBN . PRP RB VBP DT VBD DT NN , CC PRP RB VBZ RB JJ . '' '' NN CD : NNP VBZ DT NN VBD IN NNP NNP POS NN NN IN JJ NNS ."
926,654,mainstream,"PRP$ JJ NN NN VBZ PRP RP IN NN IN DT JJ NN IN NN NNS . NN CC NN NN VBZ DT NN NN WDT VBZ VBN TO VB IN NNS VBN IN NN CC NN -LRB- NN -RRB- . DT NN VBZ IN VBG DT NN TO VB PRP$ JJ NN -LRB- NNS -RRB- IN DT NNS . DT NN VBZ VBN IN NNS CD NNS IN NN CC JJR , NNS , CC NNS . NN VBZ DT JJ NN WDT MD VB NN NNS , NN NNS , NN NN , NN , CC RB NN . DT NN IN JJ NN VBZ JJR IN RB JJ NNS CC DT NN . NN -LRB- RB VBN IN NN -RRB- VBZ DT RB JJ NN WDT VBZ JJ NN NNS WDT VBP DT NNS RB JJ CC JJ . DT NN NNS MD VB JJ RB TO VB NN NNS IN DT NN . DT NN MD RB VB NN NNS , NN NNS , NNS , CC RB NN . DT NN VBZ TO VB VBN RB IN CC IN DT JJ NN IN DT NN . DT NN VBZ JJ IN DT VBG NN NNS :"
927,512,mainstream,"RB IN NN NN IN NNS VBD VBN IN DT JJ NN IN CD : RB , JJ NN IN DT NN VBD RB VBG DT NN IN NNP NN IN DT NN CD -LRB- NNP FW FW , CD : NNP FW FW , CD -RRB- . IN NN IN DT NN IN DT JJ NN WDT VBD JJ CC RB JJ , IN DT JJ NN IN PRP$ NN , NNS IN NN CD VBP NNS CC RB NNS RB -LRB- NNP , CD -RRB- . IN EX VBZ RB JJ TO VB VBN IN DT NNP NN , JJ NN NNS VBP VBN VBN TO VB NNS IN DT JJ NNS IN DT NN HYPH NN CD NN . EX VBZ RB JJ NN IN JJ NNS IN DT NN IN DT JJ NN IN NNS WDT VBP RB RB JJ CC RB RB JJ NN JJ . EX VBZ DT JJ NN IN JJ CC JJ NNS TO VB VB DT VBG JJ NN NN IN NNP NN . TO VB DT JJ NN NN IN NNP NNP CD NN , PRP VBZ JJ TO VB JJ NNS IN JJ JJ NN HYPH NN CD NN . IN NNP NNP NN NN , PRP VBZ JJ TO VB DT JJ NNS CC JJ NNS VBG DT NN NN IN NN . IN DT NN , PRP VBP DT JJ NN IN JJ NNS IN NN NN NNS . IN NN , DT JJ NNS VBN IN JJ NN NN CC NN NN NNS IN NN SYM NN CD VBP VBN . IN DT NN , IN NN , RB IN JJ NN NN IN JJ NNS , VBG JJ CC NN NN -LRB- NNP , NNP , NNP , NNP , CC NNP , CD -RRB- , JJ JJ NNS MD VB DT JJ NN IN VBG DT JJ NN NN NNS . PRP VBZ VBN IN DT VBN NN MD VB RP JJ NNS IN DT JJ NN IN NN NNS IN DT JJ NN CC NN IN NN NN . IN NNP CD , CD , CD NNS IN NN IN JJ NN , NN IN NNP , NNP NNP IN NNP VBD VBN IN DT NNP NNP NNP -LRB- NNP -RRB- NNP NNP NNP -LRB- NNP FW FW , CD -RRB- . IN CD NNP CD , DT NNP NNP NNP RB VBD DT JJ NN IN CD NN NN -LRB- CD NN -RRB- . DT JJ NN IN CD NN NN VBZ RB RB VBN JJR IN CD VBN JJ NNS CC RB CD NNS RB , VBG RB DT NN IN NNS VBN IN JJ JJ JJ NN NN -LRB- NNP NNP -RRB- CC NNP NNP JJ NN NN -LRB- NNP NNP -RRB- VBN -LRB- NNP FW FW , CD : NNP FW FW , CD -RRB- . NNS -LRB- NNS -RRB- VBP DT NN IN NN NNS JJ IN NNS CC JJ NN NNS IN WDT CD VBP VBN TO VB NNS : CD , NN , NN , NN , NN NN , CC NNP NNP . PRP VBP JJ JJ NNS WDT VBP JJ JJ CC JJ NNS IN NNS CC NNS -LRB- NNP CC NNP , CD -RRB- . DT JJ JJ NN RB VBN IN DT JJ JJ JJ NN NN CD -LRB- NNP SYM NNP -RRB- VBZ VBN TO VB DT JJ JJ CC RB JJ NN WDT RB VBZ IN RB CD NNS . IN NNP CD , DT NNP VBD DT NN IN DT NN -LRB- NNP , NNP , CC NNP , CD -RRB- . PRP VBZ RB VBN IN DT NN VBZ DT RB JJ NN IN NN CC MD VB IN DT NN , IN JJ NNS IN JJ NNS , WDT VBZ DT JJ NN -LRB- NNP , CD -RRB- . RB , DT NN VBZ JJ NNS , CC DT NNS VBP IN CD NN VBN MD RB VB NNS -LRB- NNP NNP FW FW , CD -RRB- . NNS VBP VBN JJ VBN NN NNS IN CD IN DT JJS JJ NNS VBN IN DT NNP NNS WDT DT NN VBP NN NN NNS -LRB- NNP , NNP , CC NNP NNP NNP , CD -RRB- . JJ JJ NNS VBD DT NNS IN CD NNS VBN IN NNS , NN NNS , NNS , CC NNS , IN WDT NN CC NN NNS VBP JJ NNS IN NNS CC NN CC NNS VBP VBN TO VB RB NNS -LRB- NNP , NNP , CC NNP , CD -RRB- . JJS NNS VBP VBN IN JJ JJ NNS IN NNS WDT VBP IN JJ NN CC VBP DT RBR JJ NN IN NNS -LRB- NNP , CD -RRB- . IN JJ , DT NN NNS IN NNS CD CC CD NNS VBP VBN TO VB VBN IN NNS WDT VBP DT NN IN JJ NNS CC RB VB IN NNS IN DT JJ NN CC RB RB -LRB- NNP , NNP , CC NNP , CD -RRB- . JJ NNS VBP RB VBN IN JJ NN NNS JJ IN DT VBN IN DT JJ NN VBG NN NN , NN , NN , CC NN CC RB JJ NNS . RB , DT NN IN RB JJ JJ NN NNS IN DT JJ CD NNS VBZ RB VBN PRP$ NN TO VB JJ NN CC NN IN NNS -LRB- NNP , NNP , NNP , CC NNP , CD -RRB- . DT JJ NNS NNP NNP CC NNP NNP WDT VBP CD JJ NNS IN DT NN NNP VBD IN DT JJ NN IN NN NNS CC VBD DT RBS JJ JJ NNS VBN IN JJ NN IN DT NNS CD CC CD , RB -LRB- NNP , NNP , NNP , CC NNP , CD -RRB- . IN DT NN IN NNP NN NN VBZ VBN RB IN CD , JJ JJ NNS IN NNP NN VBP VBN VBN IN JJ NNS . IN DT JJ JJ NN , NNP NNP VBZ VBN VBN IN DT JJ NN VBN IN JJ NN NNS WDT VBZ RB CD NN CC RB JJR IN DT IN NNP -LRB- CD NN : NNP , NNP , NNP , NNP , CC NNP NNP , CD : NNP , CD -RRB- . PRP VBZ JJ IN NN IN DT NN IN NN NN CC NNP NNS VB VBN IN JJ NN NN CC NN . DT RB VBN NNP NNP RB VBZ IN DT JJ NNP NN . DT NNP NNP IN NNP IN NNPS VBZ VBN DT JJ NN NN NNP NNP , IN PRP VBZ RB JJ IN DT VBN NN NN IN NNS IN DT JJ NN NN -LRB- FW NNP FW FW , CD -RRB- . NNP NNP VBZ DT JJ NN IN SYM CD NNS VBG JJ JJ CC JJ NNS . DT JJ JJ NNS , WDT VBP DT JJ NN , VBP NN -LRB- NN -RRB- , NN -LRB- NN -RRB- , NN -LRB- NN -RRB- , CC DT JJ -LRB- NN -RRB- NN . JJ NNS VBP IN DT NNP NN CD JJ NN NN VBZ RB JJ IN NNP NNP -LRB- FW NNP FW FW , CD -RRB- . RB , IN JJR NNS VBP JJ , DT NNP NNP VBZ RB JJ IN NNP NNP CC IN JJ NN NN NNS CC RB PRP VBZ JJ TO VB DT JJ NN VBG JJ NN TO VB JJ NNS VBG NNP NN . IN DT JJ NN , NNS CC NN NNS MD RB VB JJ NNS IN VBG CC VBG DT RB JJ NN . RB , NNS VBP DT SYM CD NN NN WDT VBZ RB VBN IN JJ NN NNS IN JJ NNS . DT NN NN NN CC CD HYPH FW NN -LRB- NN NN -RRB- VBP JJ NNS RB JJ IN DT JJ NN TO VB JJ NNS CC VBP RB JJ IN JJ NN -LRB- NNP , NNP , NNP , NNP , CC NNP , CD -RRB- . JJ NNS VBD IN NNP NN VBZ VBN IN NNP NNP VBG CD HYPH NN NNS VBN IN DT NN NN NN WDT VBZ PRP$ VBG NN IN DT JJ NN NNS RB VBN TO VB JJ NNS IN NN IN NN NN NN NN VBN NN . RB , JJR NN CC NN NN NNS VBD VBN TO VB JJ NNS TO VB NNP NN NN NN CC DT NNS VBD CD JJ JJ NNS VBN TO VB IN DT NN NN NN IN NNP NN NN NN WDT VBP JJ NNS -LRB- FW NNP , NNP , NNP , CC NNP , CD -RRB- . DT NNS VBP JJ NN , CC TO RB VB DT NN CD NN NN IN JJ JJ NN , JJR IN NN CC IN NN NNS VBP VBN . DT NN NNP NN DT JJ NN IN DT JJ NN NN VBZ VBN VBN IN NNP NNP CC MD VB RB VBN IN JJ NNS . PRP$ NN NN VBD DT NN IN CD NN NNS . JJ IN JJ NNS , JJ NNS NNS RB IN JJ NN NNS VBD VBN TO VB DT NN NN IN JJ NN NN NNS IN NN NN NN NN CC JJ JJ JJ NNS TO VB JJ CC JJ NNS IN NNP NNP -LRB- NNP CC NNP , CD -RRB- . IN NN NNS VBD VBN IN VBG NNP NNS IN DT VBN JJ NNS IN NNP NNP NN NN , JJ IN NN , NN , NN , NN , NN -LRB- NNP HYPH NN -RRB- CC VBG JJ NNS VBD VBN VBG NN IN NNS WDT VBD JJ NNP NNP VBN TO VB JJ JJ NNS -LRB- NNP CC NNP , CD -RRB- . PRP VBZ VBN IN DT NN IN DT NN IN JJ NNS JJ TO VB DT NN IN DT JJ NN IN DT JJ JJ NN IN NNP VBZ DT NN IN DT VBN NN NN IN DT JJ NNP NN -LRB- FW NNP FW FW , CD -RRB- . IN DT JJ NNS VBG NN , NNP , NN , CC NNP NNS , JJ NNS -LRB- NNS -RRB- VBP JJ NN NN IN JJ NNS -LRB- NNP FW FW , CD -RRB- . NNS JJ IN JJ NN CC NN MD VB VBN TO VB NN . DT NNP NNP VBZ CD NNS IN JJ NN NNS . IN DT NNS , DT NNP NN NN NN -LRB- NNP -RRB- , DT NNP , WDT VBZ DT JJ NN IN DT NN JJ NN CC PRP$ JJ NNS NNP CC NNP VBP DT JJ NN IN DT NN IN DT NNP NN NN -LRB- NNP CC NNP , CD : NNP FW FW , CD -RRB- . RB , EX MD VB RB NN IN DT NN IN NN CC NN IN NN TO VB DT NN NN IN NN IN DT NN IN JJ JJ NNS . IN DT JJ NNS IN PRP$ NN NN NNS VBP JJ NN IN NN -LRB- CD NN -RRB- CC NN -LRB- CD NN -RRB- IN NN NN -LRB- NNP FW FW , CD -RRB- , NN IN NNS VBG NN NN NN NN MD VB IN JJ NNS IN NNP NN . VBN IN JJ NN CC NN NNS , CD NNS -LRB- NNP , NNP , NNP , NNP , NNP , NNP , CC NNP -RRB- VBP VBN VBN TO VB NN IN JJ JJ NNS IN NN NN NN -LRB- NNP FW FW , CD -RRB- VBG JJR NNS IN JJ NN IN NN SYM NN CD NNS . EX VBZ RB DT VBN NN IN NN CD IN NNS , CC RP IN RB , DT NN IN JJ NNS JJ IN NN , RB VBP VBN VBN VBN IN DT NNS IN NN CC NN NN -LRB- NNP , CD -RRB- . IN NN , VBG NN NN , DT JJ JJ NN , VBZ VBN IN JJ NN IN NNS IN NN CD -LRB- NNP , NNP , CC NNP , CD -RRB- . CD NN VBZ RB RB VBN IN NN NN -LRB- RB CD NN NN -RRB- CC NN NN -LRB- RB CD NN -RRB- CC RBR JJ -LRB- IN CD NN -RRB- IN CD NN NN NNS , IN NNS -LRB- FW NNP FW FW , CD -RRB- . DT NN VBZ VBN TO VB DT NN NN IN DT NN NN , RB , VBZ VBN JJ JJ NNS IN PRP$ JJ NNS TO VB VBN DT JJ JJ NN . RB , DT NN NN VBD VB DT JJ NN IN JJ NN NN -LRB- NN -RRB- IN CD NN IN DT IN NNP NN IN NNS IN DT JJ NN NN NNS . VBG NN VBP IN CD NN MD VB VBN IN DT NNP NN NN NN VBG NN CD -LRB- NN -RRB- IN DT JJ NN NN IN NN -LRB- FW NNP FW FW , CD -RRB- . JJ NNS IN CD NN VBN NNS VBP JJ NN NN IN NN IN NN . NNP VBG IN DT JJ JJ NN IN CD NN NN MD VB VB DT JJ NNS IN JJ NNS VBN IN DT NNS . NNP VBZ VBN RB IN DT NN IN DT NN , NN , NN , NN , CC NN -LRB- NNP NNP , NNP , CC NNP , CD -RRB- CC CD NN MD RB VB DT NNS WRB NNP VBZ JJ . DT JJ NNS VBG JJ JJ NNS VBP IN NN NN CD VBP IN JJ JJ NNS IN NNP -LRB- RB NN -RRB- IN JJ NN NNS VBG IN JJ NN NNS IN NN NNS , VBG RB RBR JJ IN DT JJ NNS IN DT NN -LRB- NNP , NNP , NNP , NNP , CC NNP , CD -RRB- . CD JJ CC JJ NN MD VB IN DT JJ NN IN DT NNP NN NN IN CD NN IN VBG DT NN WDT MD VB DT NN -LRB- FW NNP FW FW , CD -RRB- . DT JJ NN NNS VBD DT NN IN DT CD JJ NNS VBG NNP , NNP , NNP , NNP , CC NNP IN DT NNP NN VBG NN NNS IN DT NNS IN VBG CD HYPH NN NN -LRB- NNP NNP CC NNP , CD -RRB- . RB , DT JJ NN IN CD NNP CC NNP NNP VBD DT NN IN NN IN NN NN NNS IN CD NN NN NN -LRB- NN -RRB- . DT NN NNS VBP DT JJ NN IN DT NN IN NN IN CD NN CC JJ NN NN NNS CC VBP IN NN NN JJ JJ NN , NN , CC RB DT JJ NN NN NNS -LRB- FW , NN , NN -RRB- , MD VB JJ IN VBG CD NN CC VBG PRP$ NN NN -LRB- NNP FW FW , CD -RRB- . IN JJ , JJ NNS VBP VBG VBN TO VB JJ NNS WDT VBP JJ CC JJ IN CD NNP . EX MD VB JJR NNS IN DT NNS IN NN NN IN CD NN CC NNP NN WDT VBP NNP IN NN NN CC DT JJ NN NN VBN JJ NN , NN CD IN VBG NN IN NN NN NN -LRB- NNP FW FW , CD -RRB- WDT MD RB VB IN NN JJ NN IN NN NN -LRB- NNP FW FW , CD -RRB- . RB , IN DT NN , NN NN NN NN NN WDT VBZ VBN IN JJ NN IN DT JJ NN MD VB DT JJ JJ NN IN DT NN IN CD NN NN NNS -LRB- NNP , NNP , NNP NNP NNP , NNP , CC NNP , CD : NNP . NNP FW FW , CD -RRB- . IN DT NN TO VB CD HYPH NN NN , NN NNS VBP VBN VBN TO VB IN DT JJ JJ NN -LRB- NNP FW FW , CD -RRB- . IN DT NN IN JJ NN NNS -LRB- JJ NN -LRB- NN -RRB- NN -RRB- IN DT NNS IN DT NN NNS VBZ JJ IN NN NN CC NN IN NN , DT NN CC NN IN DT NN NN MD VB NN IN DT NN IN JJ NNS . JJ NN VBZ DT NN RB VBN IN NNS , WDT VBZ DT CD HYPH NN NN IN DT JJ VBN NN JJ IN NNP NN NNS -LRB- NNP , NNP , NNP , CC NNP NNP , CD -RRB- CC RB VBZ JJ JJ NN NNS . RB , IN IN DT NN IN NNP VBZ IN NNS IN NN , NN , CC NN NN , NNP JJ JJ NNS VBP DT JJ CC RB JJ NN IN DT NN IN NN NN -LRB- NNP , PRP , CC NNP , CD : NNP NNP , NNP , NNP , NNP , CC NNP , CD -RRB- . NN NNS VBN IN DT NN IN NN NN NNS VBP NNS IN NN NN , NNS IN NN NN NNS , VBG NNS , NN NNS , CC JJ NN NNS -LRB- NNP FW FW , CD -RRB- . RB , DT JJ NN IN DT NN IN NN NN NN VBZ DT NN IN NN NN IN DT JJ JJ NN IN NN IN NN . DT JJR NN IN NN NN VBZ RBS RB VBN VBN TO VB WRB VBG JJ NN NNS -LRB- NNP , NNP , NNP , NNP , CC NNP , CD -RRB- . RB IN DT JJ NNS VBP VBN IN NN NN , PRP VBP RB VBN NN CC JJ NN RB RB CC MD , RB , VB IN JJ NN IN PRP$ JJ NN SYM CD NN . NN NN VBZ RB IN DT NN NN CC NN . IN DT NN NNS , JJ NN JJ IN JJ JJ NN NNS , CC VBN JJ NN NNS , NN NNS , NN NN NN NNS , NN NNS , CC NN NN NN VBP VBN VBN TO VB JJ NNS IN JJ NNS -LRB- NNP CC NNP , CD -RRB- . VBG DT JJ NN NN VBZ RB JJ CC JJ TO VB CC NN CC NN . NN NN WDT VBZ JJ NNS VBZ DT JJ NN IN JJ NN -LRB- NNP NNP , NNP , NNP , CC NNP , CD -RRB- . IN DT NNS , NN IN JJ NN VBP NNS VBG NN NN CC JJ NN IN NNS JJ IN NN IN NNS -LRB- NNP FW FW , CD -RRB- . JJ NNS VBP IN NN CC , CC NN . NNP , CC NNP HYPH VBN NNS VBP JJ NN IN VBG RP DT NN JJ IN DT NN . DT JJ NNS MD VB VBN RB VBG DT NN CC VB JJ NN VBG IN RBR JJ NN IN NN -LRB- NNP , NNP , NNP , CC NNP , CD -RRB- . DT VBZ RB JJ IN DT JJ NN VBZ DT NN PRP VBZ TO VB DT NN . IN DT JJ NN IN DT CD NNP VBD JJ IN JJ NNP , DT NNS VBP VBN JJ NNS RB IN DT JJ NN IN DT NN IN NNP CD . NNP NNPS IN NNP NNP VBN IN DT NNP IN NNP NNP NNPS -LRB- NNP -RRB- VBD NN NN IN DT NN CD NN NN NN VBN `` NNP SYM CD '' IN NNP CD CC DT NN NN VBZ RB IN JJ NN NN CD JJ NN -LRB- NNP , CD -RRB- . RB , DT NN NN NN VBG DT VBN NN IN NN CD VBZ VBN VBN CC VBZ VBG VBN IN DT NN NN NN NN NN IN NNP NNP NNP NNP NNP NNP -LRB- NNP : NNP , CD -RRB- . IN DT JJ NN IN NN , IN JJS CD NNS -LRB- NN IN NNP CD , CD -RRB- VBP VBN NN NN IN NNP CD . IN DT NN NN MD VB IN JJ NNS IN NN IN DT JJ NN , JJ NN CC JJ NN IN NN IN JJ NNS VBP DT JJ NN IN DT NN JJ . DT VBZ RB VBN IN DT NNS VBN IN DT VBG NNS CC NN NNS WDT VBP VBN DT JJS NN IN PRP$ NNS . DT VBP DT NNS WDT VBP RB VBN DT JJ NN NN IN NN IN NN CD NN -LRB- VB NN CD -RRB- CC VBP TO VB RB IN DT JJ NNS -LRB- NNP CD -RRB- . VBN NN JJ IN VBG DT NN NN IN NN NN NN NN NN NN CD IN DT NN TO VB NN NN CD NN NN NN NN VBG JJ JJ NNS CC DT JJ NNS IN DT NN JJ NN NNS IN DT JJ NN IN CD NNP CC NNP IN NNP IN NNP -LRB- NNP -RRB- IN DT JJ NN IN CD IN DT JJ NN IN CD IN DT NN POS NNP VBZ VBN DT JJ NN IN NN IN DT JJ NN NN CD NN , EX VBZ TO VB NN IN DT JJS NN TO VB JJ JJ NN . IN NN , IN DT JJ NN , NN NN NN IN DT JJ NN NN CC DT NN NN NN VBZ JJ -LRB- NNP FW FW , CD -RRB- . RB , JJ NNS IN NN WDT VBP RB VBN VBP VBN IN DT NN . VBG IN DT NNS , PRP VBZ VBN VBN IN NN NN IN NN NN CC NN VBZ JJ VBG NN NN -LRB- NN -RRB- NN NN IN JJ NN NNS -LRB- NNP CC NNP , CD -RRB- . EX VBZ RB DT NN IN NNS VBP NN IN JJ NNS IN NN IN DT NN IN DT JJ NN IN NN NN NN -LRB- NNP FW FW , CD -RRB- . DT NN VBN NN NN NN -LRB- NNP -RRB- IN NN NN VBZ VBN TO VB WRB NN NNS VBP NN JJ NNS CC RB VBP NN IN DT NN NNP NN IN DT NNP NN IN NNS VBG IN JJ NN IN NNS VBG NN NN VBG NNS , NNS , NN NNS , CC JJ NN WDT MD VB IN NN NN -LRB- NNP FW FW , CD -RRB- . NN IN NN NNS NNP CC NNP VBG DT NN NN NN IN NN NN NN IN DT NN IN JJ NN CC NN , IN DT JJ NN VBZ DT NN IN JJ NN IN NN CC MD VB JJ NN IN NN IN NN NN IN DT NN WDT VBZ IN DT VBG NNS -LRB- IN VBN IN NNP CD : NNP FW FW , CD : NNP NNP FW FW , CD -RRB- . RB , JJ NN NNS JJ IN NNP VBP VBN VBN IN DT NNS IN NN CC NN CD NNS -LRB- NNP FW FW , CD -RRB- . PRP VBZ RB RB VBN IN FW IN NNP NNS RB VBP CC VBG NN NNS CC DT WDT VBP NNP -LRB- NNP FW FW , CD -RRB- . DT VBZ RB JJ WRB VBG JJ NN NN IN VBG JJ NN . IN NN , IN DT JJ NN NNS -LRB- IN IN JJ JJ NN NNS -RRB- , DT JJ NN VBZ TO VB JJ JJ NN IN NN CC NN JJ NNS CC RB DT NN IN JJ NN NN NN VBZ IN DT JJS NN IN NN NN NNS . DT NNS RB VBP IN CD NN MD VB TO VB CC VB DT NN NNS TO VB DT NN IN NN IN JJ -LRB- NNP CC NNP , CD -RRB- . IN NN , VBN IN PDT DT JJ NN MD VB VBN IN NN NN NN CD -LRB- NN -RRB- NN NNS , VBN JJ NN NN MD VB JJ . IN DT NN , VBG DT JJ NN IN DT NN TO VB DT NN NN NN -LRB- NN -RRB- NN CC JJ VBG NN NNS , RB , VBZ JJ TO VB JJ TO VB NN -LRB- NNP FW FW , CD -RRB- . PRP JJ VBG IN DT NN IN DT NN IN DT NN VBZ DT JJ NN IN DT NN WDT MD RB VB DT NN IN NN NN VBN IN NN . VBG IN DT VBN JJ NN NN IN NN , DT NN MD VB JJR NN NNS TO VB VBN IN JJ NN IN NNS CC RB VBZ IN NN IN JJR NNS -LRB- NNP CC NNP , CD -RRB- . DT JJ NN CC NN NN NN NN IN JJ NN HYPH NN CD NN NN . DT NN POS JJ NN VBN IN CC JJ NN CC NN VBG DT NN NN VBZ DT JJ NN IN JJ NN IN NN JJ NNS . VBN NNS VBP JJ NNS JJ IN VBG DT NN IN NN TO VB JJ NN NNS . DT VBG NNS IN DT JJ NN MD VB IN NN IN NN NN . IN NN , VBG NNS IN DT JJ NN NNS VBP DT NN IN JJ NN CC VBP DT NN IN NN NNS IN NN NN NN NNS VBG NNS , NNS , NN NNS , CC NN NNS VBG IN JJ NN . DT RB VBN VBG NNS VBP JJ NNS IN NN NN NN NN WDT VBP DT JJ NN NN CC , RB , VBP NN NNS . DT NN VBZ VBN NN NN NN -LRB- NN -RRB- IN NN . DT NN IN NN NN NNS VBZ NNS IN DT NN IN NN NN CD NN NNS CC DT NN IN JJ NN NN . DT VBZ RB DT JJ NN IN NN HYPH NN CD NN NN . DT NN IN DT JJ NN NN NNS MD VB RB TO VB NNS IN DT NN NN . NNP , NN , NN , NN NN : NN NN , JJ JJ JJ NN NN CD DT NN NN VBZ RB VBN VBN IN DT JJ NN NN IN VBG JJ JJ NNS , WDT VBZ VBN IN JJ NNS IN JJ NNS WDT VBP NNP CC NNP NNP -LRB- NNP FW FW , CD -RRB- . IN CC NNP CC NNP NNP , DT NN IN DT VBN NN VBN IN NN NN MD VB IN DT NN NN CC NN NN NN WDT VBZ DT NN IN DT VBN NNS IN NN NNS -LRB- NNP FW FW , CD -RRB- . NN IN NN NN MD VB VBN IN CD NNP CC PRP VBZ VBN TO VB IN DT JJ NN VBN PRP$ JJ NN IN JJ NN NN NN NN -LRB- NNP FW FW , CD -RRB- . IN VBN , DT JJ JJ NNS IN NNP NNS VBP VBN VBN IN JJ NN NNS WDT VBD IN IN IN CD NNS IN NN CC NN NN NNS VBN IN RB RB IN CD NNS -LRB- NNP FW FW , CD -RRB- . IN DT NN VBN IN CD , DT JJ NN NN VBN IN DT JJ JJ NN IN DT NNP NNP NN NN VBD RB VBN -LRB- NNP FW FW , CD -RRB- CC VBD JJ NNS WDT JJ NN IN NN NN NN NN NN NN VBZ JJ IN VBG JJ NN IN DT JJ NN JJ -LRB- NN HYPH NN -RRB- NN NN . DT NN NN VBG NNS CD IN NNP NN NN VBD VBN TO VB DT NN VBN NN NN CC VB NN NN NN IN NN NNS VBG JJ NN NN IN DT NN WDT VBP NN IN DT JJ NN IN DT NN . RB , VBG IN DT NN IN NN , CC NN NNS , PRP MD VB VBN IN DT JJ NN NN IN DT NN MD VB IN NN NN CC JJ NN NN CC JJ NN . CD NN NN IN CD NNP : DT JJ NNS IN NN NN PRP VBZ JJS TO VB NNS TO VB JJ NNS IN NN RB RB IN VB NN NN CC TO VB DT NN IN NN NNS . DT JJ JJ NN IN NNP CD VBZ DT JJ NN TO VB DT JJ NN NN IN DT JJ NN . IN DT NN , VBG NN NNS CC NNS , JJ NN NNS VBP VBN VBN RP TO VB DT JJ CC JJ NNS IN DT NN TO VB JJ NN NN . JJ JJ NNS VBP VBN JJR NN IN IN PRP$ NN IN NN IN DT JJ NN IN JJ JJ NNS -LRB- NNP , NNP , NNP , NNP , CC NNP , CD -RRB- . RB IN VBG DT JJ NN NNS IN NN NN VBZ VBN TO VB NNS IN VBG VBN IN NNP CD , JJ NN NN NNS VBN IN DT NN IN NNS IN DT RBS VBN NN IN DT NN WDT MD VB VBN IN NN NN NNS CC NN NNS MD VB JJ TO VB DT JJ NN . VBG NN NN TO VB NN NNS IN NN NN IN NN CD NN , JJ JJ NN NNS -LRB- VBG NN , NN , NN , NN , NN IN JJ NN NNS , CC NN , NN , CC NN NNS IN NN NN , NN NNS -RRB- IN NN NN IN CD NN VBD VBN -LRB- NNP CC NNP , CD -RRB- . DT NNS VBP TO VB VBN TO VB NN IN JJ NNS IN NN NN NNS IN JJ NN IN DT JJ NN . RB , NN IN NN NN NN MD VB JJ NN NN IN JJ NN NNS -LRB- NN -RRB- CC NN NNS VBG NN NNS IN NNP CD CC WRB VBN IN NN NNS VBN IN DT NN IN NN NN , VBD CD VBG NN NN , CC DT JJ NNS IN NNP NN VBD VBN -LRB- NNP CC NNP , CD -RRB- . DT VBZ DT JJ NN IN RB IN DT NNS IN NN CD VBP JJR NN NN IN NN NN CC IN JJR NN NN IN NNP NNP -LRB- FW NNP FW FW , CD -RRB- , PRP MD VB JJ NN IN NNP NN WDT MD VB IN DT JJ NNS . RB , VBG NN NN NNS IN NN , NN NNS , IN WDT NN NNS VBP VBN , VBZ RB JJ TO VB NN NN NN . NN NN IN NN NNS VBZ JJ IN JJ NNS VBN IN NN SYM CC NN SYM NN NNS . IN NN , DT NN IN DT VBG NN NNS MD VB DT NN IN VBG NNP NN NNS . IN DT , JJ NNS IN CD JJ NNS IN CD NNP CC DT JJ NNP NNS JJ IN DT CD JJ NNS VBD VBN VBG JJ NN NNS IN DT NN NN NN CC NN NN NN NN CC DT NNS VBD CD JJ NN NNS IN DT JJ NNS IN DT NNP CC NN NNS IN DT CD NN NN NNP NNP VBN IN NNP . RB , DT NNS VBD IN DT NN IN DT JJ NNS IN CD NNP , IN DT JJ NN NN , JJ TO VB JJ JJ NN CC NN NNS MD VB DT RB JJ NN NN JJ IN JJ JJ NNS -LRB- NNP CC NNP , CD -RRB- . IN DT NN , JJ NN VBD JJ NNP CC NNP NNS IN DT CD NNP NN NN . DT JJ NN IN JJ JJ NN NNS CC NN NNP NNS IN NNP CC NNP NNP VBG NN VBD RB VBN . RB , DT NN NN VBD RP IN RB CD NN NNS CC CD NN NNS VBD DT JJ NN -LRB- NNP FW FW , CD -RRB- . RB , IN DT NNP NNS , DT RBS JJ CC RB JJ NNS VBD VBN IN JJ NN NNS NN NN NN . VBG DT NNP NNP NN , DT CD NNP CC DT JJ NNS VBD VBN CC VBN IN JJ NNS WDT VBP JJ IN DT JJ NN TO VB JJ NN CC VBG DT NN IN NNS -LRB- NNP , CD -RRB- . DT NN IN CD JJ NNS IN DT NN NN VBD VBN IN DT NN WDT VBZ DT JJS NNS IN NN NN IN IN PRP$ NN IN NN -LRB- NNP , NNP , CC NNP , CD -RRB- . IN NN , DT NN IN DT JJ NN NN NNS IN DT NN NN IN NN NN CD VBN CD NNS IN NN , NN , CC NN IN JJ VBG NN IN NN NNS IN JJ NN NNS IN NNP CD -LRB- NNP FW FW , CD -RRB- . JJ NN IN VBG NN NN NNS , IN DT JJ NN RB CD NNS RB , VBP VBN DT NNS TO RB VB NN NNS VBN TO VB DT NN SYM CD NN . JJ NNS VBP IN IN JJ NN NN NNS , NN NN VBZ RB VBN IN NN NN NNS IN JJ -LRB- FW , DT NN CC NN NNS -RRB- RB IN JJ NN NNS , VBG IN NNP NNS IN NN NN JJ NNS VBP VBN VBN TO VB DT RBS JJ IN VBN IN DT JJ NNS -LRB- FW FW NNP FW FW , CD -RRB- . DT NNS VBP IN NN NN IN NN NN VBN NN NN CC NN NN NNS WDT VBP RB IN NN NN CD NNS MD VB JJ NN IN DT JJ NN -LRB- NNP , NNP , CC NNP , CD -RRB- . WP VBZ DT NN VBZ IN DT VBN NNS VBP DT NNS IN DT JJ NN HYPH NN CD NNS -LRB- NNP FW FW , CD -RRB- . IN JJ NNS IN DT NN VBP JJ JJ NNS , DT JJ NN IN NN NN CC NNS TO VB NN NNS VBP VBN IN NN IN DT JJ NN . CD DT JJ NN CC JJ NN IN NN NN : NN IN NN CC NN NN CD NN VBZ IN DT JJ NN IN NN HYPH NN CD MD VB IN IN PRP$ NN VBN IN JJ NNS . RB , DT NN IN NN NNS VBZ TO VB DT JJ NN IN NN -LRB- NNP , NNP , CC NNP , CD -RRB- . DT JJ NN IN NN NNS WDT VBP DT RB JJ NN HYPH JJ NN NN VBZ RB RBR JJ IN DT IN NN HYPH VBN NNS . IN NN , JJ JJ NN VBZ DT JJ NN IN PRP$ JJ NN -LRB- NNP , NNP , CC NNP , CD -RRB- . NN NN IN NN VBZ RB VBN IN CD IN DT RBS JJ NNS VBG JJ NN IN NN -LRB- NNP CC NNP , CD -RRB- . IN DT JJ JJ NNS , NN NN NNS VBP VBN VBN IN DT JJ JJ NN TO VB DT JJ NNS CC NNS IN DT NN . DT JJ NN VBG JJ NN NN VBD CD NNS VBG CD JJ NNS IN DT JJ NNS IN NN , NNP -LRB- NNP , CD -RRB- . IN DT JJ NNS , PDT DT JJ JJ CC JJ NNS VBD JJ NNS CC JJS NNS VBP IN DT NN NN NN -LRB- CD JJ NNS -RRB- CC IN DT NN NN NN -LRB- CD JJ NNS -RRB- . RB , CD IN DT NNS VBD VBN IN DT NN NN NN IN NN NN NN -LRB- IN NNS : NN , CD , CC NN -RRB- CC VBD VBN TO VB PRP$ JJ NNS WDT RB VBP IN JJ NN CC DT NN IN NN IN NNS IN NNP . IN NN , DT NNS VBD VBN IN DT NN -LRB- NN -RRB- NN IN NN , NN -LRB- NNP , CD -RRB- . DT NN IN CD JJ NN VBN IN CD NN NNS VBP IN DT CD NN NNS MD RB VB JJ NN -LRB- FW NNP FW FW , CD -RRB- . NNS IN CD JJ NNS IN JJ NN VBN IN CD NN -LRB- VBG SYM CD NN NN NN -RRB- VBP VBN CD JJ JJ NNS CC VBN JJ NNS IN DT JJ NN IN JJ NN IN CD NNP -LRB- NNP CC NNP , CD -RRB- . IN JJ NNS IN NN NN , DT NN NN RB VBD DT JJ NNS VBG IN DT CD JJ NNS . DT JJ NN NN VBG NN , NN NN CC DT JJ NN NN IN DT NN -LRB- NN NN -RRB- NN IN WDT VBZ DT SYM CD NN NN VBD VBN IN DT CD RBS JJ NNS IN DT NN NN -LRB- NNP CC NNP , CD -RRB- . DT JJ NN IN NN NN MD VB IN DT JJ NN IN NN CC NN . JJ NNS , VBG NNS , VBP NN JJ NNS TO VB -LRB- NNP FW FW , CD -RRB- . RB , VBN NNS IN JJ NNS IN NN NNS VBP IN JJ , IN RB JJS , NNS VBP NN VBN CC IN DT VBN NNS VBP RB NN NNS IN JJ NNS -LRB- NNP CC NNP CD , CD : NNP CC NNP , CD : NNP , NNP , NNP , CC NNP , CD -RRB- . DT JJR IN JJ NN IN DT JJ CC NN NN NNS IN NNP NN VBZ VBN JJ NNS -LRB- NNP FW FW , CD -RRB- : -LRB- LS -RRB- DT JJ NNS IN NNS WDT VBP NN JJ NNS VBP VBN IN DT JJ NN IN NNS NN CD NNS CC VBD RB VBN IN NNS IN JJ NN NNS IN JJ NN HYPH NN , CC -LRB- LS -RRB- DT JJ NNS IN JJ NNS VBD RB VBN NNS VBG DT NN IN NNS IN NNS RB VBP DT NN NN IN JJ NNS -LRB- NNP FW FW , CD -RRB- . DT NNP NNP VBN NN VBZ VBN TO VB CD JJ NNS : NN NN VBG IN DT JJ NN NNS JJ IN NN NN NN , NN NN , CC NN NN -LRB- NNP FW FW , CD -RRB- , NN IN WDT MD VB JJ IN VBG JJ JJ NN NN CD NNS CC NN . VBG NN IN PDT DT RB JJ NN , PRP VBD IN DT JJ NN IN DT JJ NN NN CD NNP VBZ TO VB DT NN IN VBG DT JJ NN WDT MD VB NN IN DT JJ NN NN ."
928,866,conspiracy,"NN VBN NNS IN DT NNP NNP , DT NN IN JJ NN NN NN IN DT NNP NNP NNP , NNS NNP NNP VBG PRP VBD NN CC NN NNS , NNP VBG PRP$ JJ JJ NN NN . DT MD RB VB JJ , CC VBG IN JJ NN NNP NNP , PRP VBP RB VBN . NNP VBZ , `` IN NNP CC PRP$ JJ NN , WDT VBZ DT NNP NNP NNP NNP , NNP VBZ TO VB IN DT NN IN VBG PRP$ NN NN NN IN NNP . PRP$ NN VBZ VBG PRP IN DT MD RB RB VB NNP IN DT JJ NN IN JJ NNS . DT , IN PRP$ NN , MD VB RB RB DT JJ NN IN NNS WDT NN VBZ VBG TO VB DT NN POS NN NN . PRP VBP DT RB VBG NN IN WRB NNP VBZ IN DT NNP NN , PRP VBP EX VBZ DT RB JJ NN IN NNP MD VB PRP$ NN IN NN . PRP VBP VB DT VBZ WRB NNP VBZ RB VBN VBG JJ NN IN DT JJ CD CC CD NNS . PRP VBP VBN VBG PRP IN DT NN IN VBG DT NN CC RB VBG DT NN IN DT NN POS NN NN . DT VBZ WP PRP VBP VBZ IN NN RB RB . PRP VBP NNP NNS CC NNS VBP VBN NN IN DT CC VBP JJ PRP VBZ VBG . PRP RB VBP DT VBZ DT NN IN PDT DT JJ NNS PRP VBP VBN VBG . DT NNP NNP NNP VBD IN NN IN VBN NNS -LRB- NNP NN -RRB- , CC PRP VBD PRP DT JJ NN WRB PRP VBD VBG . DT NNP NNP , DT NNP NN , VBD RP IN DT NNP NNP CC VBD IN , RB RB DT NNP , CC RB DT NNP NNP . DT NN IN DT NNP CC NNP NNP MD VB IN DT JJ NN IN DT JJ NN VBZ PRP DT VBZ JJ NN JJ . IN PRP VBP RB VB DT NN IN DT NN IN DT NN POS NN NN VBZ RB DT JJ NN NN , PRP RBR VB RB . '' MD EX VB DT JJ CC JJ NN IN DT NN IN DT NN . NNP VBZ , `` PRP VBP DT VBZ VBG IN RB JJ NN RB . DT NN IN NN NNS VBZ VBG DT VBZ WP VBZ JJ RB RB . '' VBZ DT VB NN NN CC DT NN `` NN '' VBG RB . NNP VBZ , `` WRB RB DT VBZ VBZ JJ IN NN , CC DT VBZ RB DT NN PRP VBP VBG . PRP VBP RB VBN IN DT NN . DT JJ JJ NN VBZ WRB RB DT JJ JJ NNS MD NNP DT NN RB CC VB PRP RB IN JJ NNS , NNS CC NN NNS . DT VBZ VBG RP . DT VBZ VBG TO VB . PRP VBP PRP VBZ VBG RP IN DT JJ CD CC CD NNS . . . . PRP VBP RB VBN IN DT MD RB VB . RB PRP VBP RB , CC DT NN VBZ JJ TO VB NN . '' WP VBP DT NNP CC DT NNP VBN VBN IN DT NNP NNP IN DT NN NNS DT NN . NNP VBZ , `` PRP$ NN VBZ PRP VBP RB VBG IN PRP RB WRB JJ DT NN VBZ IN PRP VBP JJ TO VB VBN IN . PRP VBZ JJ , CC PRP VBZ VBG TO VB IN PRP$ NNS . . . . RB , WRB NNS VBP NN JJ PRP MD VB , PRP VBP PRP IN NN . '' IN PRP VBP RB VB PRP IN NN . NNP VBZ , `` NN VBZ IN DT NN . . . . PRP$ NN VBZ EX VBP DT JJ NN IN NNP NNS RB RB RB RB WDT VBP VBG TO VB VBG RB IN NNP . . . . DT NN IN JJ NN NNS MD VB DT NN IN NNS VBG RB IN NNP IN DT RB , RB JJ NN IN NN . DT MD VB NN VBG DT JJ NN CC , IN JJS , NN CC RB JJ NN . DT VBZ DT NN VBG RB , RB RB . '' RB DT JJ NN IN NNP NNP VBG DT NN IN JJ NN CC NN . NNP VBZ RP , `` DT NN NN RB VBZ RB IN CC MD VB VBN IN PRP RB VBZ DT NN IN DT NNP NNP CC DT NNP NNP NNP . . . . DT JJ NNS , CC DT NN NNS IN JJ NNS , VBP VBN VBN IN NN TO VB DT VBG NN IN JJ NNS , CC TO VB PRP VB IN NNS VBP RB JJ IN NNS CC VBP RB VB JJ NNS IN NNS . . . . IN DT NNP JJ NN VBZ IN NN CC NN VBP RB NN IN DT NN VBN NN VBZ RB VB DT NN IN NN CC NN VBP NN , CC PRP$ NNP NNP VBZ NN CC NN VBP NN . '' VB NNP NNP IN PRP VBZ CD HYPH IN HYPH CD IN DT JJ NN IN NNP NNP IN NNP . NNP RB VBZ , DT NNS VBP CC VBP DT NNP NNP IN PRP MD VB DT JJ JJ NN NNS IN DT NNP . NNP VBZ NNP NNP VBZ DT `` NNP JJ NN CC DT JJ NN . '' NNP NNP VBZ DT JJ NN IN DT NN NN IN NNP . NNP RB VBZ DT VBN NN NN NN NN IN $ CD DT NN . IN PRP MD VB TO VB RP UH VB RB ."
929,1166,conspiracy,"NN CD : NNP NNP JJ NN IN NNP NNP NNP UH IN DT JJ NN IN NNP NNP NNP NNP : DT NN NN IN NNP NNP CC NNP NNP WDT VBZ DT IN DT RBS JJ NNS IN JJ NN NN NN . DT NN : VB DT NN IN NNP , NNP , NNP , NNP CC VB DT NN NN NN CD : DT `` NN NN POS NNP VBZ DT NN POS -LRB- NN -RRB- NN TO VB DT NN NN DT NN NN NN VBZ DT NNP NNP NN : DT NNP NN NN : VBG DT NN NN JJ IN DT NN IN JJ NN NNP NN NNS IN NNP NN TO VB NNS TO VB NN NN NNP VBZ NNP NNPS VBG NN TO NN IN NNS NNP NN , NN NN VBG NNS TO NN NN NN TO VB NN PRP MD VB VB PRP$ JJ CC JJ NN IN VBG NNP CC ADD VBP PRP ."
930,577,mainstream,"NNP , DT NNP NNPS NNP IN NNP NNPS VBD DT NN IN NNP TO VB IN DT NN NN VBD NNS IN NNS TO VB JJ . DT NN VBZ DT JJ IN DT NN IN CD IN WDT DT NN VBZ VBG IN DT NN MD VB NNS IN NNS IN DT NNS IN DT CD JJ NNS . IN DT NN , NNS VBP VBG IN NN , DT NN WDT VBZ NN , VBD PRP$ NNS POS NNS . NNP VBD VBN IN DT RB VBN NN NNS IN CD . DT JJ NN CC JJ NN TO VB DT NN VBZ VBN DT NN IN NN CC NN , CC DT NNS CC PRP$ NNS VBP VBN . DT NNS VBP VBG VBN IN DT JJ NN VBN RP IN NNP CD NNS RB WRB DT NN IN NNS RB VBD DT NN NN . DT NN VBZ VBN TO VB CD IN CD NNS , CC DT NN VBZ RB VBN IN JJ NN ."
931,1139,mainstream,"NNS VBP VBN VBG NNS IN DT JJ NNP HYPH CD NN VBG VBN IN NNS IN NNP NNP NNP . DT JJ NN VBZ VBN TO VB IN JJ NN IN DT NN NNS IN VBG VBN IN CD NNP . DT JJ NN NN MD VB VBN IN CD NNS . RB CD NNS VBP VBG NN IN DT NN , WDT VBZ DT JJ NN NN NN IN NNS RB IN DT NNP . NNS IN DT NNP IN NNP VBD VBG PRP$ NN NN IN NNS IN NNP , CC VBP VBN JJR IN CD NNS . CD JJ NNS VBP VBN TO VB PRP$ JJ NN IN DT VBG NNS IN NN IN DT JJ NN IN DT JJ NN . NNP NNP NNP , IN DT NN POS NN IN JJ NN , VBD : `` PRP RB RB VBP JJ NN IN DT NN IN IN PRP MD VB CC DT NN IN DT NN CC PRP$ NN TO VB VBG NNS WDT MD VB DT JJ NN IN NNP HYPH CD . `` PRP VBP RB IN PRP$ NN IN DT VBG NNS . '' TO VB NN RB RB IN TO VB DT JJ NN , DT NNS VBP VBG IN DT JJ NN CC RB VBG PRP IN JJR NNS IN JJ NNS . NNP POS NN NN VBZ JJ NNS IN JJ NN VBN IN DT JJ NN IN NNP HYPH NNP HYPH CD , DT NN WDT VBZ NNP HYPH CD . PRP VBZ IN VBG JJ NNS IN NN NNS TO VB DT `` NN '' NN IN DT NN IN NNP HYPH NNP HYPH CD . DT NN IN DT NN VBZ DT JJ NN , VBG NN IN DT NN . IN DT NN VBZ JJ CC VBZ JJ JJ NN , DT JJ NN VBG CD NNS VBZ VBN TO VB RB IN NNP . NNP NNP NNP , DT NN POS JJ NN , VBD : `` PRP VBP VBN DT JJ NN IN DT NN HYPH NN NN IN DT JJ NN IN DT NN HYPH VBG NN NN VBN RB . `` PRP VBP RB VBN TO VB DT NN IN DT NN NN NN IN VBG RB IN VBG PRP IN JJR NNS . '' NNP VBZ VBN JJR IN $ CD CD IN NN IN DT NNP NN CC $ CD CD IN NNS TO VB DT NN . DT NN VBZ VBN DT JJ NN VBN NNP NNP NNP TO VB CC VB PRP$ NN IN DT NNP CC RB IN DT NNS VBP JJ . NNP NNP , DT NN NN , JJ NN VBD IN HYPH NNS , JJ NNS , CC NNS IN NN CC NN NN MD VB VBN NN IN NN IN PRP VBZ JJ . NN NN NNP VBZ RB VBN NN IN NNP POS NN IN DT NN IN VBG RP NNS TO VB JJ IN NN IN PRP VBZ VBN IN NN IN DT NN ."
932,684,mainstream,"NNP NNP VBZ DT NN WP$ NN VBZ VBG IN DT NN IN DT NN HYPH CD NN . RB WRB VBD DT NN RB VB NNP POS NN . PRP VBZ DT NN IN NNS WDT MD VB RB HYPH VBN IN DT NN NN . NNP NNP VBZ VBG NNP POS NN IN DT NN . DT NN VBD RB VBN IN DT NN IN NNP . DT NN VBZ VBN , IN NNS , DT NN VBZ JJ CC IN , IN PRP VBZ JJ , PRP MD VB VBN IN IN DT JJ NN NN . CC DT NNP NNP CC DT NNP NNP NNP VBP VBN JJR IN JJ . CC RB , IN NNP , CC DT NNP , DT NN IN NNS IN NNP NNP VBZ VBG VBN IN NN NNS . SYM NN WRB PRP VBZ IN DT NNP VBD DT NN NN NN NNP NNP VBZ DT JJ HYPH VBN JJ NN WP VBZ VBN DT NN VBG JJ NNS IN NN , RB NNS . IN CD , IN NNP , PRP VBD CD NNS DT NN VBD VBG . NNP NNP IN CD NN : WP VBZ PRP DT JJS VBZ IN PRP VBP VBG TO VB DT JJ VBG NN , IN PRP VBP RB VBG TO VB DT NN NN WDT VBZ IN CD NN IN DT NN IN DT , VBG RP NNS IN PRP VBZ RB . IN DT CD NNS IN DT NN , NNP NNP VBD NN IN DT NNP NNP HYPH VBN NNP NNP . NNP NNP : PRP VBP DT NN NN NN WDT VBZ IN VBG WRB DT NNS VBP IN , WP VBZ DT NN IN JJ NNS CC MD PRP VB IN IN DT NN CC DT JJ NN CC VB PRP CC VB PRP . IN NNP , NNP VBZ VBN IN CD NNS IN DT NNP NNP IN NNP . RB PRP VBP VBN NNS IN NN NNS , NN WDT VBZ JJ RB RB . NNP NNP : DT NN NN , NNP , DT VBZ TO VB DT NN IN NNP HYPH CD VBD RB VBN IN DT NNS PRP VBD IN PRP$ NNP NN NN . NNP NNP : CC IN IN NN MD RB VB VBN JJ : NNP NNP : UH , PRP MD RB . NNP NNP : , IN PRP VBD RB VBN IN DT NN WDT PRP VBD IN DT NNP NN . CC PRP$ NN IN DT NNP , DT NNP NNP NNPS IN NNP , VBD VBN , CD NNS RB , IN DT JJ NN NN VBG NNP POS NNP NNP . IN NNP CD , NNP JJ NNP NNP NNP VBD NNP POS NNP NNP VBD , NN , `` VBD DT NN . '' NNP VBZ DT JJ NN IN DT NN . PRP VBZ VBN IN NN IN DT NNP NNP NNP IN RB VBG DT NN IN NNP NNP CC PRP VBD DT NN TO VB NN NN . NNP NNP IN `` NNP NNP NNP '' : DT NNP VBZ DT $ CD CD NN IN DT NNP NNP IN NNP , PRP RB VBP IN PRP VBP NN NNS . VBG DT , NN VBZ IN NNP . EX RB VBD DT $ CD CD NNP NN IN DT NNP NN . CC , DT NN VBD IN DT NN , IN DT NNP NNP , CC IN NN , IN DT NN NN . NN IN NNP NNP NN NN : EX VBZ RB DT NN IN DT NNP , IN DT NNP NN , IN CD VBD DT NN $ CD CD IN DT NN . WRB MD DT NNP VB DT NN IN DT IN NNP . NNP NNP : DT NNP NN VBD PRP DT NN IN $ CD CD . PRP VBP VBN VBG IN DT . CC PRP VBP VBN IN IN DT NNS VBP VBG IN DT NN : PRP VBP VBG IN PRP , RB , IN DT NN RB , CC RB RB IN DT NN . PRP MD VB DT NN RB RB . DT NN VBD IN NNP NNP POS NNP HYPH VBN NNP NNP IN NN NN PRP VBZ IN DT NN . PRP$ NN VBD VBN RB JJ IN , JJ NN , DT NN VBD VBN CC VBN IN DT NNP NN . NNP VBD VBN VBG RB $ CD DT NN VBG IN DT NNP NN . NNP NNP : PRP MD RB VB RP IN NNP CC VB , `` UH , PRP MD VB IN PRP$ NNS . '' PRP VBP TO VB DT IN DT JJ NNS . RB , WP PRP VBP VBZ PRP VBP IN NNP , CC PRP VBP DT NNS PRP MD VB IN IN NNP . CC DT VBD . CC PRP$ NN IN NNP VBD VBN IN NNP . NNP NNP : WP VBZ DT NN IN DT NN WDT PRP VBP VBN IN DT NNP NN . NNP NNP : UH , DT NN VBZ IN PRP VBP IN NNS WDT VBP NNS CC NNS VBP TO VB IN NN . RB , PRP$ NN VBZ TO VB IN DT NN NN , VB RP WRB DT NNS VBP , CC VB CC VB NNS IN NN CC VBG NN WDT MD VB IN DT JJ NN . PRP RB VBP DT NN IN NN CC NN NNS IN PRP MD VB JJR NNS . DT NNP NNP VBZ RB VBN . CD NNS RB , DT NN IN DT NNP NN VBD . DT NN VBD DT NN IN NNP , JJ IN CD NN IN DT NN VBD DT JJ NN IN VBN NNS . CC DT NN , RB VBN IN DT NNP NNP , VBD DT NNP NNP VBZ `` JJ IN JJ HYPH NN NN CC NN . '' NNP POS NN IN NNP VBD CD NN IN NNP NNP POS NN NN NN , WRB DT NNP VBD DT NN . NNP NNP : PRP VBD PRP DT NN . NNP NNP : PRP VBD PRP VBD VBN IN NN CC PRP VBZ RB VB IN DT NN IN NNP POS NNS RB RB . NNP NNP : CC CC PRP VBD DT JJ NN WRB DT NN VBD VBN IN CD . NNP NNP : UH PRP VBZ RB JJ . PRP VBP , DT NN VBD DT RB JJ HYPH NN NN . PRP VBD IN DT JJ CD NN IN NNS PRP VBD . CC DT VBZ JJ . NNP NNP : PRP VBD JJ . PRP VBD RB , RB JJ . NNP NNP VBZ DT NN NN IN NNP NNP WP VBZ VBN IN NNP CC NNP . NNP NNP : PRP VBZ DT NN WDT VBZ JJ IN NN WRB NNS IN DT NN PRP VBP VBG IN , WRB PRP VBP . NNP NNP : WRB RB VBP NNP NNS VBN IN DT NN . NNP NNP : DT VBZ DT JJ NN PRP VBP RB VBN IN . WRB PRP VBP DT NNP NN , CC VBZ RB NN WDT VBZ RB VBN RB , PRP VBZ IN NN . EX VBZ NN VBN IN DT NN . EX VBZ CC NN IN DT NNS , PRP VBP VBG PRP$ NNS IN NN POS NN , CC PRP$ NNS VBP JJ . NNP NNP : CC NN IN DT NNS VBP VBN VBN IN NNP . DT NNP NNPS IN NNP , IN PRP$ NN NN , VBZ PRP VBZ `` DT JJS NN IN JJ NN CC JJ NN . '' CC PRP MD RB VB PRP WRB DT NN VBD VBN CC IN NN IN PRP VBD VBN RB . DT NNP VBD PRP TO VB NNS IN DT NN IN DT NN IN DT NN IN JJ NN . DT NNP NNP NNP VBZ RB VBN DT NN . IN DT JJS NNS , DT NN IN NNP WP VBD DT NN VBD VBN IN JJ NNS . PRP RBR VBD IN NNP HYPH CD . IN NNP , DT NNPS VBD VB DT NN IN DT JJ NN IN NNS VBG JJ NNS . NNP NNP IN NNP IN DT NNP IN CD : PRP VBP VBG IN DT JJ NN CC VBG RB RB IN DT NN NN IN NNP . RB , NNP NNP VBD NNP . CC IN DT VBG NNS , NN IN DT NNP VBD TO VB RP IN DT NN , JJ NN VBD JJ , NNS VBN VBN NNS , CC NN VBD RB VBN . NNP NNP IN CD NN : RB PRP VBP NN , WRB PRP VBZ PRP RP IN DT NN , CD NN , CC VBZ EX DT NN PRP MD VB NN IN DT IN NN . IN DT NNP VBD DT NN IN NN CC NN , DT NNP NNP VBD DT NN IN DT JJ NN . JJ NNP , NNP IN NNP NNP NNP VBD TO VB DT VBN NN IN DT NN VBD JJ IN NNP . NNP NNP IN NNP `` DT NNP '' : VB , DT JJS NNS RB RB VBP TO VB PRP VBD JJ . PRP VBP DT NN TO VB DT IN DT NN . PRP VBD VB NN . NNS RB , DT NN IN JJ NN VBD EX VBD `` JJ JJ NN '' DT NN VBD RB JJ . NNP NNP IN NNP `` DT NNP '' : PRP$ NNP IN DT NNP VBZ DT NN , DT JJ NN VBD RB JJ CC RB VBN . NNP NNP IN NNP `` DT NNP '' : DT VBZ JJ . PRP VBP IN DT . DT JJ NN NNP VBD TO VB PRP DT NNS , NNP NNP VBD DT NN IN DT JJ NN NN . NNP NNP IN NNP NNP NN NN : PRP VBP PRP VBD DT JJ NN CC PRP VBD RB VB TO VB PRP . DT NN VBZ VBN DT NN IN DT NN CC JJ NN . NNP NNP NNP VBZ VBG DT NN IN DT NN IN PRP$ NN IN NNP NNP NNP . NNP NNP : NNS VBP VBN VBG DT VBZ DT VBN NN . CC PRP VBZ RB . CC PRP VBP IN IN VBG IN DT JJ NN , VBG IN DT NN . CC DT NN VBZ PRP DT NN . JJ HYPH VBN NNS VBP JJ CC JJ JJ NNS , VBG DT NN POS JJ JJ NN VBN PRP$ NN . NNP NNP : IN DT NN VBD VBN VBN , PRP MD VB VBN DT NNS WDT PRP VBP . CC EX VBZ NN IN DT IN DT NN . CC VB PRP VB PRP VBD DT NN HYPH JJ NN . UH , PRP MD RB VB IN WP PRP VBZ VBG IN , IN PRP MD VB DT NN IN DT NN . PRP MD VB DT NNS IN JJ RB JJ NNS WDT VBP IN DT NN . IN DT JJ NN , PRP VBZ RB RB DT VBN NN . NNP NNP CC JJS NNS VBP DT NN , RB VBN NNP HYPH NNP HYPH CD , VBD IN DT JJ NN IN NNS , RB IN DT JJ NN NN IN NNP . JJ JJ NNS VBD VBN IN DT NN CC DT NN IN PRP VBD WRB DT NNP NN VBD IN DT NN IN CD . NNP NNP : DT NN IN DT NNS VBP VBN IN NNS . CC PRP VBP RB VBN DT JJ NN . PRP VBD VB DT JJ NN IN NNS . PRP VBZ DT NN . PRP VBZ DT NN WDT VBZ VBN VBN . NNS , PRP VBP , MD VB PRP$ NN . CC PRP RB VBP IN JJ NN , PRP$ NNS . NNP NNP : VBZ EX DT NN TO VB IN DT NN , NNP HYPH NNP HYPH CD VBN IN DT NN IN DT JJ NN . CC VBZ DT RB VBN VBN RB . NNP NNP : UH , PRP VBP DT NN . CC WP PRP VBP VBZ PRP VBP IN DT NN IN DT NN . EX VBZ DT JJ NN IN NN IN DT NNS RB VBP IN NNS IN JJ NNS IN JJ NNS IN NNS IN NN CC VBG NN . EX VBZ CD NN IN DT NN VBD IN IN DT NN IN NNP . NNP NNP : VBZ DT NNP NNP IN NNP , IN PRP$ NN , VB DT NN IN PRP$ NN . NNP NNP : WRB VBP PRP VB RB . NNP NNP : DT JJS VBN NN VBZ CD WDT VBZ JJ RB IN PRP VBZ RB NNP HYPH NNP HYPH CD . RB , EX VBZ RB DT NN IN NN VBD PRP IN DT NN RB IN DT NN JJ IN DT NN . NNP NNP IN `` NNP NNP NNP '' : PRP VBP VBN IN NNP NNP TO RB VB DT NN IN DT NNP NNP IN NNP . PRP VBP RB VBN JJ CC IN JJS , JJ IN DT NN IN JJ , JJ NNS IN DT NN . JJ CC JJ NNS VBP RB VBN NNP POS RB VBN NN VBN TO VB NNS . NNP NNP NNP VBD DT NN NN IN DT NN IN DT NNP TO VB DT NN . DT VBD RB IN DT NN IN NNP , NNS IN NNS VBD JJ . NNP NNP , WP$ NNS VBP NNS TO VB PRP IN NNS IN DT NN , VBZ PRP$ NN VBZ RB VBG NNS . NNP NNP : DT NN IN NN VBZ RB JJ . PRP VBP , DT NN NNS RB RB VBP RB VBN RP NN IN NNS IN NNP CC NNS IN DT NNP PRP VBP DT NN IN DT NN TO VB IN PRP WRB PRP VBP PRP IN PRP MD VB PRP RBR . PRP VBZ JJ TO VB , CC PRP MD RB VB NNS . IN NN IN JJ HYPH RB VBG RP IN PRP , CC IN NNS , CC IN JJ JJ NNS , PRP VBP DT JJ NN ."
933,153,conspiracy,"DT NNP NN : VBP NNS VBG DT NN IN JJ NNS . IN NNP CD , CD DT NNP NNP NNP -LRB- NNP -RRB- VBD DT JJ NN NN IN DT JJ NN VBG IN NNP CC VBG NNP NNP NNP NNP -LRB- NNP -RRB- , DT RB JJ NN , JJ IN NN . NNS IN NNP VBG NN NNS CC NN NNS VBG JJ NNS VBD IN JJ NNS IN NN NNS IN DT NN VBD NNS IN NNS VBG DT NNS IN DT JJ NN CC VBG IN JJ NN IN JJ NNS . IN DT JJ NN , NNS VBD IN DT `` JJ NN '' RB VBG IN NNP NNP , NNP , IN DT NNS VBP DT NN IN DT NNPS . IN DT NNP CD NNP NN , DT NNP NN VBD JJ CC NNS IN JJ NNS VBD VBG IN . IN JJ NNP , NNS VBD VBN RB CD NNS RB , IN RB CD NNS . LS IN DT CD VBN NNP NNS IN DT NNP , DT CC DT JJ VBD VBN IN NN IN NNS WRB DT NN VBZ VBN RBS JJ , VBG JJ NNP , NNP NNP , NNP , NNP CC NNP . DT JJ NN VBZ VBN DT NN CC DT JJ NN NNS VBD RB JJ IN IN NN NN . LS DT NNP NN VBZ VBN NN IN VBN NN . VBG IN DT NN IN DT NNP NNP NNP NNP NNP CC VBN IN NNP NNP NNP NNP , NNP IN NNP , JJ NNS VBP JJ NN NN TO VB NNS IN DT NN IN DT JJ HYPH NN NN IN DT JJ NN IN NNP . VBG IN NNP NNP NNP , NN IN DT NNP IN NNP CC DT NNP POS NNP IN NNP NNP POS NNP NNP , JJ NN NNS VBP RB IN DT JJ NN CC VBP `` RB JJ TO VB IN DT NN . '' `` DT NN IN JJ NN NN NN VBZ JJ , '' VBD NNP NNP . `` PRP MD VB NNS IN NN , NN , NN , NN CC NN IN DT NN WDT VBZ JJ NNS IN NN NNS IN VBG DT NN . '' RB RB , DT CC CD IN DT NNP NNS VBZ VBN IN JJ NN . DT CD NN , DT NNP NNP NN , VBD RB VBN IN PRP$ NNS VBD . JJ NN NN RB VBZ NN IN PRP$ NN NNS . NNP NNP VBD DT NN IN DT JJ NN NNP NNP NNPS NNP , WDT VBZ VBN VBN -LRB- RB IN VBN NN -RRB- IN CD NNS . VBG IN NNP , `` DT NN IN JJ NN JJ NN VBZ IN NN . CC DT VBZ RB DT VBN IN PRP$ NN , WDT VBZ RB RB VBN IN DT NN IN JJ NNS . PRP VBZ PRP VBP VBN DT NN IN DT JJ NN . '' LS IN NNP , DT NN WRB DT `` NN IN JJ NNS '' VBZ VBG , DT NN VBZ VBN PRP MD VB NNP NNS WP VBD NN . CD JJ NNS VBD NN . IN NNP NNP , NNS VBN IN DT `` NN IN JJ NN '' VBP VBN IN `` NNS IN NNP NNS VBP VBN RP , CC VBN IN NN NNS . '' CD IN NNP , NNP , CD VBP VBN VBN , CC IN NNP CD IN IN NNP CD , CD NNP VBZ `` JJ JJ JJ NN . '' DT JJ HYPH JJ NN VBZ JJ NNS JJ IN DT VBN NNS . NNS VBP IN NN HYPH IN IN NN CD NNP NNP NNP , NN IN DT NNP NNP NNP IN NNP VBD , `` IN NN , DT NN NN IN NNP VBZ DT JJ JJ . '' LS DT NNP NNP NNP -LRB- NNP -RRB- VBZ VBN NNP IN DT VBG NN : LS -RRB- DT NN VBG IN CD NNP CD IN NN IN JJ NN -LRB- JJR IN CD NNP -RRB- CC NN CC NN NN , CC LS -RRB- DT NN WP VBD RB VBN CC IN JJ JJ NN CC WP VBZ VBN IN JJ NN IN CD NNS IN NN WP VBD NN DT NN RB MD VB JJ NNS NN TO VB DT NN NN . RB , VBZ DT NN IN CD NNS NNP IN JJ RB DT `` JJ NN '' . DT NNP VBD `` JJ NN '' IN PRP$ NN NN . RB , MD WP VB DT JJ NN IN DT NN IN NNP VBZ RB VBN . WP VBZ VBN PRP JJ TO VB DT NN IN NNP IN NNP CD , CC RB VB IN PRP IN VBG DT NN , RB VBG PRP$ NN IN DT `` VBG NN . '' IN DT NNP , DT NNPS IN NNP NNP -LRB- NNP -RRB- VBZ NN RB : LS -RRB- NN IN JJ NN -LRB- IN RB RB VBN -RRB- CC NN IN NNP CD , CD , NNP , CD NN IN CD NNS NNP , NN , NN -RRB- JJ NN , CC , JJ JJ NN IN DT NN NN CC NN IN NN NN . DT VBZ DT JJ NN IN DT NN IN NNP NNP , NNP CC NNP . DT NN VBZ DT NN TO VB IN DT NN NN IN NNS WP VBD NN IN NNP CD , NNP , WP VBD RB VBN IN DT NNP CC VBN PDT DT NN . IN DT NN , DT NN IN DT NN HYPH JJ NN , VBN RB TO VB IN JJ NN , MD VB VBN IN NNS . DT JJ CD HYPH NN , CD HYPH IN NN IN NNS VBZ RB VBN . IN IN DT JJ HYPH VBG NN , DT JJ JJ NN IN NN VBZ DT VBN NN . CC NN VBZ RB JJ CC DT JJ NN VBZ RB DT JJ , JJ NN . IN NNP CD , CD , NNP VBD IN NNP NN , DT NN IN DT NN NN , VBD RB JJ IN DT NN . DT NN VBD IN DT NN VBN RP IN DT NN VBN IN NNP NNP NNP , DT NN IN NN IN NNP NNP NNP IN NNP . NN NNS VBD DT NNS `` JJ , '' `` JJ , '' CC `` IN DT NN '' TO VB DT NN IN NNP . NNP VBD IN PRP$ NN VBD CD NN IN NNS IN NN NN , DT JJ NN IN DT NN -LRB- RB VBN IN DT NN NNS -RRB- , CC DT JJ NN IN NN NN CC RB DT NN . DT NNS VBN IN DT NN RB VBD JJ NNS , VBN IN DT `` JJ HYPH VBN NN '' VBN IN DT JJ NN . DT JJ NN '' VBD RB VB DT RBR JJ NN IN NN . '' IN DT NNP VBD , `` DT NN RB VBZ JJ IN VBG DT JJ NNS : '' CD NN NNS IN DT `` JJ '' NNP NN , VBN IN NNP , NNP , NNP NNP CC NNS , MD VB VBN RB IN JJ NNS . RB VBP DT JJ JJ NNS : LS IN NN NN NNS VBP VBN IN NNS , CC VBP VBN IN DT NN WDT VBZ NNS , RB WDT NNS VBD JJ IN NNP NNP NN NNS . LS -RRB- VBD DT NNS IN NN NNS VBN IN DT NN IN DT NN NNS . LS -RRB- WRB VBD DT NN NN VBN . LS -RRB- VBD DT JJ NN IN JJ NNS VBN IN DT JJ NN . LS -RRB- VBP DT NN HYPH VBN NNS JJ NNS , DT VBZ , JJ NNS . LS -RRB- WDT NN IN NN NN VBD VBN IN DT NN , DT VBZ , WDT JJ IN JJ HYPH NN NNS . LS -RRB- WDT NN IN NNS VBD VBN , DT VBZ , WDT JJ IN JJ HYPH NN NNS . LS -RRB- WRB VBD DT NN VBN , MD DT NN NN VB JJ IN JJ HYPH NN NNS . LS -RRB- WDT NNS VBD VBN IN DT NN IN NN IN NNS . VBP DT VB CC VB DT NN IN JJ NNS IN DT NN NN . LS -RRB- WRB JJ NNS VBD IN DT NN . VBD EX JJ IN DT JJ NN . LS -RRB- WP VBD DT NN IN DT NN JJ , IN CC IN DT NN IN DT NN . NNS VBP VBN VBN IN JJ JJ NNS IN IN PRP$ JJ NN , CC NN VBN IN NNS CC NNS . NN RB , VBN IN DT NNS IN IN NN , NN NNS CC JJ NN , MD VB NN CC NN . LS -RRB- VBD DT NN VBN IN DT NN RB `` VBN '' . DT NN , WRB VBN IN NNS , VBZ NN RB JJ IN DT NN VBN IN NNS -LRB- VBG NNS -RRB- , CC DT NN VBZ IN DT NN IN NN VBG NN NN . DT NNS IN `` NN IN DT NN '' VBP TO VB VBN . LS -RRB- VBD DT IN DT JJ NNS , CC NNS , NN IN JJ NNS VBD . WP VBD DT NNS . IN DT NN , CD JJR NN IN DT NNP NN VBZ VBN VBN , '' NNP CC NNS VBD DT JJ NNS -LRB- NNP NNP -RRB- WRB PRP VBD CD NN NNS IN DT NN IN DT NNP NN CC VBD PRP IN DT NNS . `` CD RB , DT `` JJ '' NN VBZ VBN IN CD NNS VBN IN DT VBN NN NN . WP VBD IN JJ NN , VBN NNS , CC NN NN WDT VBP DT NN IN DT NN IN CD NNS VBZ JJ . DT VBN NN , DT JJ NNS CC NN NNS VBN , VBN IN DT JJ NN IN NNS IN DT NN , VBP IN JJ NN IN DT NN IN DT JJ NN . PRP VBP RB IN JJR NNS IN DT NNP NN . IN IN JJ NNP , NNS IN DT NN IN NNP `` VBD TO VB DT VBN NN IN CD NN IN CD NN IN VBN NNS . `` CD DT VBD VBN IN JJ NN NNS , RB DT NN IN DT NN . RB , RB RB WRB RB NNP NN VBZ VBN , DT NN VBZ JJ RB IN NN NNS CC RB IN NNS JJ RB TO VB NN , VBG NN CC NN IN NN CD IN NN IN DT VBG NNS IN DT JJ NN IN NNP , NNS CC DT NN VBP VBN CD NN RBR IN NNS IN NNP VBD IN DT JJ NN NN IN NNP POS NNP NN IN NNP , CD . NNS IN NNP NNP CC NNP , NNP VBD DT NN WDT VBZ `` RB JJ '' IN DT JJ NN NN IN CD VBN NN NNS -LRB- NN HYPH VBN NNS -RRB- CC DT NN NN VBN IN DT JJ NN NNS , CD DT JJ NN WDT MD VB JJ NN IN NNP POS JJ NNS CC NN HYPH NNS , RB IN NN IN JJ , `` JJ '' JJ HYPH NN NNS . JJ NNS VBP JJ NN IN DT NN . JJ NNS VBP IN NNS IN NN NN NN HYPH NN NNS , IN NNS CC NNS VBP IN NN NNS , NNS VBP VBN CC NNS VBP RP VBN NNS . IN NNP , JJ JJ NNS VBP RB RB JJ . IN NN IN DT VBN JJ NNS , NNS IN NNS , NNS , NN NNS CC NN MD VB VBN TO VB DT JJ JJ NN . NN VBZ VBN IN NNP POS NNP NNP CC NNP CC NNP NNS , CC VBN JJ NNS IN NNP CC NNP IN CD SYM CD . IN DT NN , JJ NNS VBP IN DT NN IN NNS , RB VBN TO VB NNS IN JJ NN . DT JJ NNS , IN NN , VBP VBG DT VBG NN . NNP , `` DT JJ NN IN DT $ CD SYM CD HYPH DT HYPH NN JJ HYPH NN NN '' VBZ VBG DT NN WDT MD VB JJ TO `` VB NN IN DT JJ NNS IN DT NN , RB RB WRB DT NN VBZ RB VBG NNS . '' DT MD VB NNS `` TO VB NNS -LRB- NNS WP$ NN NNS VBP RB JJ -RRB- IN PRP VBP NNS , '' VBZ DT NNP NN . CD IN DT JJ NNS VBP JJ NNS , NN VBG IN DT NN CC DT NN VBZ VBG VBN IN DT JJ NNP NNP MD PRP CC PRP VB IN PDT DT NN . IN NN IN DT JJ NNS , DT NNP NN VBZ VBN JJ NN . DT NN , NNP NNP NNP , VBD DT NNS : `` DT NN , VBD DT NNP NN -LRB- NNP CD -RRB- IN DT JJ NN VBN IN DT NN IN DT NN VBZ RB RB IN DT NN CC VBZ JJ TO VB DT JJ NN . NNP NNP VBZ NN IN NNP POS NNP NNP NNP IN NNP . '' CD NNP VBD , `` PRP VBP VBG DT IN DT JJS HYPH VBN -LRB- NN NN -RRB- NNS VBP JJ -LRB- IN DT NN NN -RRB- . RB PRP VBZ JJ . RB VBZ DT NN DT NNS IN NN PRP VBP VBG , WRB PRP VBP PRP , VBP RB RB JJ IN RB JJ NN . `` DT VBZ WP DT NN IN NNS -LRB- NN NNS -RRB- IN DT NN VBP VBG , PRP VBZ WRB PRP VBP JJS JJ NNS . PRP VBZ JJ -LRB- IN EX VBZ RB JJ NN RB -RRB- IN PRP VBZ TO VB VBN IN JJ NN . '' IN DT NN IN DT NNP NN , NNP VBD , `` IN PRP VBP IN DT NN VBZ DT JJ NN IN NN RB PRP VBP IN DT JJ NN CC PRP VBP TO VB RB IN PRP . . . IN DT NN IN JJ NNS . CC PRP VBP . . . IN JJS VBN IN WP PRP VBP VBG IN NNP . . . PRP VBZ DT JJ JJ TO VB DT . PRP VBP IN JJ NNS VBG IN IN DT VBZ DT NN . `` CD VBG IN DT NNP NN NN , `` DT JJ JJ CC JJ JJ NN VBD RB VBN . NNS VBP RB RB VBN DT JJ NN VBZ NN . TO VB DT , PRP VBP TO VB DT NN IN VBN NN NNS IN DT NNS CC VB DT NN VBZ NN IN DT NN NN . `` CD NN IN DT NN VBZ DT NN IN NN NNS VBP RB JJ IN DT NN , CC IN NNS VBD VBG JJ -LRB- NN HYPH NN -RRB- NNS IN DT NNS , CC NNS VBD RB RB VBN IN JJ NNS . NNP NNP , DT JJ NN WP VBZ VBN IN NNP NNP , VBZ , `` DT -LRB- NN -RRB- NN VBZ VBN IN DT NN WRB PRP VBP IN , IN NNP , PRP VBP RB VBG DT -LRB- NNP -RRB- NN IN CD NN IN VBN NN NNS . `` CD NNP NNP , JJ NN IN NNP NNP , VBZ DT NN IN NNP , CC VBZ , `` PRP VBP IN RB JJ NN : DT VBG IN NNS . VBG VBN DT NN IN DT NN NNS IN JJ NNS , PRP MD RB VB IN PRP VBP JJ . RBR UH JJ . JJ . VBN . '' CD NNP NNP , WP VBZ DT NN VBN NNP VBZ RB JJ : `` JJR IN DT NN NN CC JJR JJ JJ NN , IN DT JJ NN WDT VBZ DT NN IN DT NN NN . '' CD NNP NNP NNP , CD IN NNP POS VBG JJ NN NNS CC DT JJ NN IN DT NNP NN NN , VBD NNP POS NNS IN NNP IN `` DT NN IN NN '' CC `` JJ . '' CD VBG IN NNP NNP , DT RB HYPH VBN NN IN DT NNP IN NNP IN NNP , DT NN IN RB VBN , CC RB VBN NNS VBZ JJ : NNP , NN NN , NN , NN , CC NNS . LS VBG IN DT JJ NN NNP NNP , DT NN IN NN HYPH NNS VBZ RB JJ . CD DT JJ NNP NN RB VBZ CC VBZ NN IN JJ NN : NN NN NNS VBP JJ IN NN CC NN NN NN NNS . CC DT NNS VBP IN NN CC NN IN NN NNS . RB NN VBZ NNP RB , CC IN VBG NN , DT NN NN IN NN MD VB RB VBN . IN DT NN NN '' VBZ TO VB VBG IN NN NN , DT NNP VBD NNS TO VB DT JJ NN IN VBN NNS , WDT VBP NNP , NNP NNP , DT NNPS , NNP , NNP , CC NNP , VBG IN NNP . '' CD WP JJS NNS VBP RB VB VBZ IN NNS RB VBP NNS IN NNS , RB DT IN JJ NNS . NNS VBP PRP$ NN NN `` NN . '' DT NNP NNP IN NNP NN VBZ CD NNS IN NN : `` CC VB DT NN NN , IN DT VBN NN , IN NNS VBP IN NN CC VBP DT NN POS NN NNS IN DT JJ NN . '' CD IN NNP CD , CD , NNP VBD IN DT NN VBN IN NNP NNPS NNS IN NNS VBN IN NNS VBN IN NNP NNPS NNS IN JJ CC NNP NNP NNS . CD DT JJ NN IN DT NN VBZ VBN IN DT NN . RB , IN NNP CD , CD , NNP NNP NNP NNPS NNP -LRB- NNP -RRB- VBD : `` DT NN NN IN DT NNS MD VB JJR NN NNS . . . NNS VBP RB VBN IN NN NNS IN NNP NNS , RB IN DT NNS IN NNS IN NN . `` CD NNS IN NN NN NNS IN JJ JJ NN NNS VBP IN DT NNP NNP IN NNP NN : `` NNP VBZ NN , CC VBZ DT JJ NN , IN DT NNS IN DT NNP IN DT NNP NNP NNPS , NNP , NNPS , NNP , NNP , NNP , DT NNP NNPS IN NNP , NNP NNP NNP , NNP NNPS , CC DT NNP IN DT NNP NNPS CC , IN JJ NNS , IN NNS IN NNP , NNP CC NNP . '' CD DT NNS VBN IN NNS VBP JJ NN NNS -LRB- NNS -RRB- , WDT IN DT NNS VBP VBN VBN IN JJ NN . CD NN NNS VBP RB JJ IN DT IN NN NNS , IN VBN IN DT NN IN NNP CD . EX VBP JJ JJ NNS VBN IN NN . NNP NNP , WP VBD NNS IN DT NN NN CC VBD NNS VBG IN DT NN IN NNS JJ IN NN NNS , VBZ DT NNS IN NN NN IN PRP$ NN . CD NNS VBP RB NN VBN . DT JJ NN IN NN HYPH RP VBZ JJ NNS IN NNS . CD NNP NN IN NNP NNP NNP , VBZ PRP$ JJ NN NN IN DT NN NNS , RB CD NN NNS IN NN . WRB JJ VBZ DT NN . NN NN NNS VBP RB RB IN JJ RB HYPH VBN JJ NN NNS . DT NNP NNP NN NN VBD RB VBN IN DT NNS IN CD IN DT JJS NN HYPH RP NNS IN DT NNP , NNP NNP NNP , NNP NNP NNP DT JJS NNP NN NN IN DT NN VBZ DT NNP NN IN NNP . DT RB VBN NN RB VBZ IN NN IN DT RBS RB VBN NN IN NN , IN IN DT NN IN NN NNS , NN NNS CC JJ JJ NNS IN DT NN IN JJR JJ NNS . VBG IN DT NNP NNP , NNP NNP VBZ NNP NN IN `` DT JJ NN NN WDT VBD VBG IN NN . . . . NNP , DT NN POS NN RB IN NNP . . . DT NN . . . VBN , DT NN VBN , DT NN VBN JJ CC JJ . . . . IN JJS CD IN DT NNS IN DT JJS NN NN IN DT NN VBP IN NNP . CD IN CD NN IN DT NN IN NNP . . . VBZ NN NN . . . NNS POS NNS CC JJ NNS VBP VBN IN DT JJ NN CC NN IN JJ NNS . CD IN DT CD NNS IN NNP VBZ VBN IN NN NN . `` CD NNP VBD IN JJ VBN NNS -LRB- DT NN NN NN -RRB- MD VB , IN DT NNS IN NNP , CD NNS JJR IN IN NNP NNP NNP . RB , JJ NNS IN NNP VBP IN NNP . NN VBZ RB IN JJ . NN IN NN MD RB VB DT JJ NNS VBN IN NN . JJ NNS VBP VBN CC VB RB IN NNP , NNP CC NNP . JJ NNS VBD NNP NNP IN NNP CD , RB CD NNS IN NNS VBD DT NNP NN CD NNP NNP NNP -LRB- NNP -RRB- VBZ DT NN NN IN NNP NNP CC JJ NNP , DT JJ NNP NNS : `` -LRB- NN : -RRB- NNP : NNP CD , CD , JJ NN VBZ NNP NNP , NN NN VBN . -LRB- NN : -RRB- NNP NNP JJ NN VBD NNP NNP JJ NN , DT JJ NN IN DT NN CC JJ NNP VBP RB DT JJ NN IN VBG RP PRP$ JJ NN . DT NN VBD NNS IN JJ NNS TO VB RB JJ NN NNS CC VB RB IN JJ JJ NN . '' RB IN DT JJ -LRB- VBG IN DT NNS IN NN -RRB- NN NN IN NN NN VBD , JJ NNS RB VBP JJ NN IN NN , RB IN DT NN IN JJ NN . RB IN NNP NN MD VB VBN CC RB VBN DT JJ NN , NNS RB VBP . DT NNP NN MD VB DT JJ JJ NN -LRB- IN IN -RRB- VBG DT JJ JJ NN . PRP MD RB VB DT JJ , JJ NN -LRB- IN IN -RRB- IN VBN IN NN NN . RB RB VBN , CC RB VBN , VBZ DT NN IN NN HYPH IN JJ NN -LRB- NNP -RRB- VBZ RB VBN IN VBN JJ NN IN DT JJ CC JJ NN IN NN . CD VBG NN HYPH JJ NNS VBZ NN IN DT JJ `` NN NN '' IN NNS VBN IN VBN JJ NN . CD DT RB HYPH VBN NN NN MD VB VBN IN PDT DT JJ NN VBG IN NNS , RB RB IN DT JJ NNS , NN NN NNS CC NN NNS VBN IN NNP JJ NN NNS CC RB VBN JJ IN NN . DT NN HYPH NN NN , NNP NNP , VBZ NN NN IN JJ NNS VBN IN NN NN : `` PRP VBP RB VB DT NN . PRP VBP DT JJ CC JJ NN IN JJ NNS . IN NN , WRB PRP VBP IN WP VBZ VBN TO VB DT NN NN NN IN DT NN NN IN DT NN , PRP VBP DT JJ NN NN IN DT NN IN JJ NN . IN PRP VBD IN PRP$ NNS IN NNP NNP NN , WRB PRP VBP NN NNS IN DT , PRP RB VBP IN DT VBN JJ JJ NN WDT MD VB VBN JJ JJ NN . `` CD -LRB- NN VBD . -RRB- NNP VBZ RB DT JJ NN , IN PRP$ NNS VBP IN NN NN CC NN NN NNS . JJ NN VBZ PRP IN VBG IN DT NN NN WRB JJ NN VBZ JJ . JJ NN VBZ DT NN IN DT `` NN NN '' IN JJ NN IN DT NN CC DT JJ NN VBG NN . RB DT NN NN VBZ DT JJ NN IN JJ NN . WP POS NN IN DT NN NN NN VBZ DT JJ NN IN NN , WDT VBZ JJ NN IN JJ NNS IN DT NNS . . . NN . . . DT NN . DT NN IN NN VBZ IN NN VBZ DT JJ NN IN JJ JJ NN , NN NN , IN DT JJ NN FW NN IN NN NNS VBN RB IN DT NNS CC IN DT NN NN . RB , NNS VBP VBN , NN HYPH VBN NNS WRB NN VBZ VBN JJ NNS IN PRP VBZ VBN IN DT NN . PRP VBP RB DT NN IN NN WDT NNS MD VB TO VB VBG `` NN . '' NNP , IN NNP NNP NN -LRB- NNP -RRB- , NNP NNP NNP -LRB- NNP -RRB- CC JJ NN NNS VBP NN NN IN VBG NNS . NNP NNP VBZ DT JJ NN IN NN IN NNP CC DT NNP NN CC DT NN IN NN CC JJ NN : `` CC NNP CC NNP NNP VBP DT NN : PRP VBP IN RB DT RBS VBN NN IN DT NN . MD PRP VB VBG NNS IN , WDT JJ NNS IN NNS VBP VBN VBN IN DT NN HYPH VBG NN . RB , DT NN VBZ : VBZ NN DT JJ NN IN NNP . '' IN NN NN VBZ DT JJ NN IN JJ NN , RB NN NNS IN VBG DT NN IN VBG NNS IN RB VBG NN IN JJ NNS . JJ NNS VBP RB VBN PDT DT NN DT NN VBZ VBN TO VB JJ NN . IN NN , NNP MD VB IN DT NN IN JJ NNS -LRB- JJ NN IN JJ NN -RRB- IN DT NNS IN JJ NN NNS . NNP NNP NNP -LRB- NNP -RRB- VBD IN NNP NNP NNP IN CD CC RB VBD IN DT `` NN '' VBN IN DT NN IN NNS . CD JJ NN NNS VBD DT `` JJ NN IN DT NNP NNP NN IN DT NNP NNP '' CD CC DT RBR JJ NN IN DT NN MD VB DT `` JJ NN IN DT NNP NNP NN IN DT NNP NNP . '' NNP NNP RB VBD DT NN . PRP RB VBD DT JJ NN IN DT CD HYPH NN NN NN NN IN DT NN , VBN IN NNS . RB , DT NN CC NN NNS VBD , `` DT NNP NNP . '' DT NN VBD IN RB VBN IN DT NNP NNP NN NN -LRB- NNP -RRB- CC DT JJ NNS RBR NN VBD IN NNP NNP NN . DT NNP NNPS NNP NNP -LRB- `` NNP '' -RRB- VBD DT NN NN CD NN RBR `` VBG '' DT JJ NN IN NN IN NNS . DT VBD VBN CC RB VBN . VBG VBN JJ JJ JJ NNS , PRP VBD DT NNP NNS RB JJ . DT NNS VBD VBN RB IN DT NN NN CC DT JJ NNS RBR DT VBD NN . DT NN VBN TO VB DT NN IN NN NN VBD RB CD NNS DT NN IN DT NN . CD RB DT JJ NNS IN DT JJ NN RB VBD . DT NN IN DT NN VBD RB JJ TO VB JJ , RB IN DT NN WDT VBD RB VB DT JJ , JJ , JJ NN NN . DT NN NN VBD RB JJ IN NNP VBD VBN VBN DT JJ NN CC RB RB JJ IN NNS . DT NNP NN VBD PRP$ VBN NNS IN DT VBN NNS . IN VBG IN DT NN , WP VBD DT NNP , PRP VBD DT VBN NN IN DT NNP VBG JJ NN IN PRP$ NN . DT NN VBD PRP$ NN MD RB VB VBN CC VBN CC PRP VBD DT NN TO VB DT JJR NN IN DT NN . PRP VBP PRP MD VB TO VB DT NN IN DT JJ NN . NN CC NN NNS VBP RB IN NN HYPH VBN NN NNS -LRB- JJ IN JJ NNP NNP CC NNP NNP -RRB- IN DT JJ NN CC NN NNS , IN DT NN IN NNP CC NNP . DT NN VBZ RB IN NN NN VBN IN NN NN IN JJ NN CC NN IN NN NN IN NN NNS . NN NNS VBP DT JJ NN IN DT NNP -LRB- IN NN NNS -RRB- CC DT NNS VBP RB VB RB IN JJ NNS . DT CD JJ NNS IN NNP , NNP NN VBP DT CD JJ JJ JJ NNS IN DT NNP , JJ NNP CC NNP NNP . IN DT NNS IN CD CC CD , NN NN NNS VBD JJ NNS , VBG IN DT NN IN `` NNP NNP NN '' NNS , CC JJ CC NN . DT NN NN NN VBZ RB DT JJS NN NN IN DT JJ NN IN DT NNP , CC PRP VBZ VBN JJ NN . DT NN VBD JJ IN PRP$ NNS RB WRB DT NNP VBD IN NNP VB VBN RP IN NNP CD . DT NN RB VBZ DT NN IN DT NNP NNP NN JJ NN IN CD IN RB JJ RB VBN JJ NNS , DT JJ NNS IN NNP VBP RB VBN VBN IN NN IN DT NN . RB , NNP NNP NNP VBD NNP IN JJ NN IN PRP$ CD NN , `` NNS IN NNP NNPS VBG DT NNP IN NNP NNPS . '' JJ NNS RB VBP JJ NNP NN NN . JJ NN RB VBZ DT `` JJ '' NN . CC , JJ NN VBZ DT JJ NN NN IN JJ NN NN NN , IN VBN IN DT JJ NN NN NN , DT `` NNS POS NN . '' DT JJ JJ NN VBZ NNS POS NN , RB VBN IN JJ NN . DT NN VBD VBN JJ IN CD NNS CC CD NNS IN DT JJ NNS IN CD IN DT JJ NN IN DT NNP NNP IN DT NNP NNP NNP IN NNP . IN JJ NNS IN NN , NNP NNS VBD DT NN IN NN NNS IN DT NN IN NNPS POS NN . NNS NNP NNP CC NNP NNP VBP DT NN . CD `` CD NN IN DT NNP VBD DT NN , DT NNP NNP IN NNPS NNP NNP VBD NNS VBG DT NNP IN RB VBG VBN IN JJ NNS IN DT JJ NN IN DT CD NN . NN NNP NNP IN NNP NNP RB VBD DT NN IN `` DT NNP , IN NN , VBD RB VB DT NN NN IN PRP$ JJ NN IN NNS VBN TO VB IN DT NN . DT JJ NNS VBD VBN TO VB IN DT NN , RB JJ IN DT NN , IN NN JJ MD VB VBN DT NN . '' '' VBG IN NNP , `` DT NN VBZ NN VBZ RB RB JJ . IN CD , NNP CC JJ NN NNS VBP VBN DT NNS RB IN DT NN , IN NN NN NNS , NNS , NN NNS , NNS , NNS , NNS , NN NNS CC RB JJ HYPH NN NNS , JJ NN , NN , CC NNS . DT NN VBZ RB JJ IN IN CD NN CC CD NN IN DT JJ NN VBZ RB VBN VBN , CC RB DT NN RB VBZ NNS POS NN NNS . '' VBG DT NN PRP VBZ RB NN HYPH VBN RB VB DT NNP POS NN . RB IN NN , DT NNP POS NN VBZ TO VB DT NN NN , WDT VBZ JJ NNS , NNS , NNS , NNS , NNS , NNS , NNS CC NNS IN NN NNS . NNP NNP , NN , NN IN VBG NNS : NNP VBZ RB DT NN , WDT VBZ CD NNS RB IN DT NNP . NN VBZ IN DT WP$ NN VBZ VBN VBN IN NNS CC NNS . CD DT NN VBZ VBN JJ NN IN DT NN IN RB VBG NN NNS CC VBG DT NN IN JJ NNS . NNP NNP NNP , NN , NN IN DT NNP HYPH VBN NNP IN NNP IN NNP : NNP VBZ DT RB JJ NN VBN IN DT JJ NN IN DT NNP NN WDT VBD VBN RB IN JJ NN . NN HYPH VBG NNS CC NN CC PRP$ JJ NN VBP DT JJ NNS CC NNS IN JJ NN . DT JJ NNS VBN IN JJ NN VBP VBN TO VB NN NNS CC TO VB IN NNS , VBG DT NN IN JJ , RB JJ NN NNP NNP , NNP , NNP NNP : DT NNP NN , IN DT NN NNS , VBZ DT NN VBN IN DT JJ JJ NN IN VBG NNS IN NNS NN HYPH IN HYPH NN IN NNS IN NN . IN DT NN VBZ JJ IN DT NN NN CC RB VBZ NNS IN DT JJ HYPH NN HYPH VBN NN , DT NN VBZ DT JJ NN NN NN NN IN DT JJ NN IN DT NN CC DT JJ JJ NN IN DT NN . IN CC RB DT NN VBZ JJ , NNP POS NN VBZ JJ : VB RB VB DT NN . NN VBZ DT NN POS NN IN VBG DT VBG NN IN VBG CC VBG RB IN DT NN . RB , JJS JJ CC NN NNS VBP NN , VBG DT NN IN JJ JJ NN . RB , DT JJ NN IN NN MD VB JJ NNS TO VB NNS TO VB NN , IN NN TO VB NN . NNP NNP , NN IN NN NN NN IN NNP NNP NNP : NNP VBZ NN CC NN , RB HYPH VBN NN NN , IN NNS VBN RB IN NN NNS . DT NNS IN NN VBP NNS IN NNS RB IN JJ NNS , VBG RB IN NN , VBG JJ IN JJ NNS , VBG IN NN NNS , VBG TO VB NN NNS WDT VBP DT NN JJ IN NNS RB RB CD -LRB- NNP VBZ RB VB WRB NN NN , WDT VBZ VBN DT NN IN NN IN NNS IN NNS IN DT JJ CD NNS , VBZ RB VBN NNP IN RB . -RRB- NNP NNP , JJ NN IN DT NNP NNP , DT NNP HYPH VBN NN NN : LS . . EX VBP JJ NNS . . . TO IN JJS VB IN EX MD VB DT NN IN NNP CC NNP POS JJ HYPH NN NNS . '' CD NNP NNP , NN IN VBN NN CC NN IN NNP NNP : DT NNP NN VBZ IN JJ NN , VBD DT NN IN DT NN CC RB VBD RB IN NN CD SYM NNP , NNP CD , CD . `` NNP VBZ VBN JJR NN IN DT JJ NN NN IN DT NNP CD NNS CC DT NN IN NNP VBN , DT NN POS NN NN VBD NNP . '' NFP `` NNP VBZ VBN TO VB CC VB IN NN NN WP VBZ NN NN NNS CC VBZ DT JJ NN RB . '' NNP -LRB- NNP -RRB- , NNP CD , CD , `` NNP VBD DT NN IN CD NNS , RB JJ VBN NNS , WP VBD VBN DT NNP HYPH VBN NN NN IN NNP CC VBD IN PRP MD VB DT WP MD VB DT NNS . '' ADD SYM NNP NNP , `` NN IN NN VBN . NN IN JJ NN RB VBN IN NN VBZ NN , '' ADD NFP `` NNP HYPH VBN NNS VBP NN IN NN IN NNP '' , NNP NNPS NNP , NNP CD , NNP CD , CD , ADD SYM `` NN NN '' , JJ NNP , CD , DT NN IN NNP NNP IN NNP NNP NNP , NNP NNP , ADD , `` NNS VBP JJ NNS IN VBG NN IN NNP '' , NNP NNP , NNP CD , CD , ADD SYM NNP NNP POS NN MD VB VBN IN ADD SYM NNP NNP , `` WRB VBZ NNP PDT DT NN . NN , NN , NN , NN : WRB JJ NNS NN DT NNP . '' , NNP CD , CD , ADD NFP `` NNP NNP IN NNP IN NNPS '' , NNP CD , CD , NNP , NNP -LRB- NNP -RRB- : NN NNS VBP VBG VBN IN NN IN NNS WDT VBP VBN IN NNS VBG NNP CC NNP NNP , DT NN VBN IN NNP NNPS VBZ , '' ADD NFP `` NN NNS VBP VBN IN NNS '' , NNP CD , CD : `` DT NN NN IN DT NNS MD VB JJR NN NNS : NNS VBP RB VBN IN NN NNS IN NNP NNS RB IN DT NNS IN NNS IN NN . '' NN VBZ JJ NNS IN RB IN NN IN DT NN . SYM NNP NNP , `` DT JJ JJ NN IN NNP NNP '' , NNP NNP , NNP CD , `` NNPS VBP VBN VBN IN JJ NN IN DT NN . '' NFP NN NNP , NN , NN NNS : `` NN , JJ NN , NN IN NN , NN , NN , NN , CC NN . JJ NN NNS VBP JJ NN CC JJ NN NN NNS . IN DT NNS , DT NNS VBP VBN IN NN IN CC NNS , RB VBG NN IN DT NN . '' DT NNP POS NNP NNP . ADD NFP NNP , CD , NNP . NNS VBN IN NN -LRB- DT NN IN JJ NN VBN IN NNS -RRB- : `` NN NNS VBP NN , JJ NN , NN CC NN . '' NFP NNP NNP , `` NNPS NN : NN NN IN NNP CC NNP JJ NN CC NNPS '' , NNP NNP IN NNPS -LRB- NNP -RRB- , CD , IN '' IN HYPH NN NN , NNP NNP NNP , VBZ IN JJ NN NNS IN NN IN DT NN VBP NN , NN NN , CC NN , CC IN NN IN IN NN MD VB JJ JJ JJ NN NNS : NN , NN , NN , NN IN DT NN IN NN CC IN RB JJ NN . JJ NNS VBP IN NNS IN JJ NNS IN DT JJ NN MD VB VBN NN IN DT NN IN JJ NNS , CC IN NN NNS -LRB- NNP NNP , CD -RRB- . '' NFP NNP , `` CD JJ NNP HYPH VBN NN HYPH VBG NNS IN VBN NN NNS , CC RB RB IN NN IN NN NNS -LRB- IN DT VBZ RB IN JJ IN VBG DT NN NNS -RRB- , VBP NN NN NN , NN CC NN NN . VBG IN NN VBN IN DT NNP NNP , NN IN DT JJ NNS , NNS IN NN IN DT IN DT NNS VBP NN IN NN CC NN , NNS , CC NNS . NN IN NNS IN NN VBZ RB VBN NNS JJ IN NN NNS , JJ CC VBG NN , CC NN -LRB- NN IN JJ NN -RRB- . NN IN NN NN NNS -LRB- JJ IN DT IN DT JJ NNS -RRB- MD VB NN , NNS IN NN , NN , JJ NN , CC NN CC NN CC JJ NN NN -LRB- NNP , CD : NNP , CD -RRB- . SYM NNP . NN NNS : `` NNS VBP RB VBN IN NN , NN , CC NN NN . NNS IN JJ NN IN NNS VBP : NN , NN , NN CC NN , VBN IN NN NN , NN , NN , NN , NN , JJ NNS , NN , NN IN DT NN , CC NN . JJ NN NNS MD VB IN NN , NN , NN , NNS , CC NN HYPH VBG JJ NN -LRB- NNP NNP , CD -RRB- . '' NFP NNP . `` NNP : RB JJ NN NN NN -LRB- NNP NNP , CD -RRB- . VBZ NN NN . NN -LRB- NN -RRB- NNS VBP NN IN NN , NN , NN NNS , NN , CC NN -LRB- NNP NNP , CD -RRB- . '' NFP NNP . NN NN -LRB- VBN IN NN -RRB- : `` VBN IN NNP IN DT JJ JJ NN -LRB- NNP NNP , CD SYM CD -RRB- . IN NN NNS , VBZ NN NNS CC NN NN , NNS , CC NN -LRB- NNP , CD -RRB- . '' NFP `` NN : NNP , '' NNP NNP NNP NNP NNP , `` HYPH JJ NN CC NN NN . NN : EX MD VB JJ NN , VBG CC NN , JJ NN NN . NNS IN NN , NN , JJ NN . JJ JJ NNS MD VB IN NN IN DT NN CC NNS . JJ NN NN NNS IN NNS VBD IN VBN NN CC NN NNS , NN IN DT NN JJ NN NN NN NN , CC JJ NNS IN DT NNS CC NN . '' NFP NNP NNP NNP CC NNP NNP NN , NNP , `` NNS IN JJ NN IN NNS '' , NN NNS : `` NNS , VBN NN NN , NN -LRB- NN -RRB- '' NFP NNP NNP NNP , NN , NN , `` VBG NN NNS '' , NNP NN IN NN , NN NN , NN NNS : `` JJ NN , NN , JJ NNS , JJ NN , JJ NN , VBG IN NN . '' ADD NFP `` NNS VBP NN , DT JJ CD VBG CC VBG : VBZ RB JJ NN IN DT NN VBN RBR IN CD NNS , CC RB JJ NN IN DT NN VBN RB CD NNS -LRB- NN : NNP NNPS NNP NNP -RRB- . '' NNP NNP NNP IN NNP CC NNP NNP ADD SYM NNP NNP , `` DT NNS IN NNP HYPH NN NN : PRP$ NN IN DT NNP NNP NNP '' , NNP NN IN NNS CC NNS , NNP CD , CD , CD . SYM NNP NNP , NNP , '' VBZ JJ NN VBN IN DT JJ NN . '' , NN IN NNP -LRB- NNP , NNP , CD -RRB- CD , CD . IN NNP NNP NN IN NNP , ADD NFP `` NNP NNP VBZ DT NN IN DT NN IN VBG DT NN IN NNP '' , NNP CD , CD . ADD NFP NNP NNP , NNP NNP NNP NNP , NNP NNP NNP IN NNP . `` NNS VBP IN NNP RBS RB VBD IN DT NNP NNP IN DT `` JJ NN '' IN DT NN CC IN DT NN . '' NFP `` DT NN VBN IN DT NNP VBZ VBN TO VB IN NNP IN NN IN DT RB HYPH VBN NN NN . . MD VB `` VBN RB . , '' DT NNP NNP NNP , NNP CD , CD . DT NN VBD IN NNP NNPS IN NNP , NNP CC DT NNP NNP , DT JJ NN IN DT NNP NNP NNP NNP , NNP CD"
934,1305,mainstream,"DT JJ CC VBG NN IN NNS VBP NNS IN NN NNS VBP JJ CC VBP VBG CC VBG NNS IN PRP$ NNS , IN DT NN IN DT JJ NN VBG NNS CC NN WDT VBD NN . NN CD IN DT NN VBZ DT NN POS NN . DT JJ NNS VBP VBG DT NN IN DT NN IN VBG NNS IN PRP$ JJ NNS TO VB PRP$ NNS CC VB NN NN RB , DT NN WDT VBZ DT JJ NNS DT JJ NN . IN DT VBG DT NN VBP DT CD NNS IN NNP NNP POS NNP IN NNP . PRP RB RBR VBP NNS WP$ NNS VBP TO VB DT NN NN NN VBN IN DT NNPS IN NNP NNP CC NNP CC DT NNP NNP IN NNP . DT NN CC NN VBN IN NNS DT NN VBD DT NN , WDT VBD IN NN IN NNP . `` DT IN DT JJ NN VBZ IN DT JJS CC RBS JJ NN TO VB NNS VBZ IN DT NN VBN IN DT NNP CC NNP , '' VBD NNP NNP NNP , CD IN DT NNS . `` TO VB IN DT NN VBZ IN VBN JJ NN CC VBZ NNS WP VBP VB DT NN IN NN . '' RB RB , JJR IN DT CD NNS VBP VBN TO VB DT NN IN RB CD IN CD NNS , VBD NNP , WP VBZ IN DT NNP NNP NNP NNP NNP NNP VBN IN DT NNP NN IN DT NNP . NNS VBP IN DT JJ NN IN NNS VBP NN , VBN IN JJ NNS IN CD IN DT JJS NN NNS IN JJ NN . CC DT NN IN NNS VBG NNS IN PRP$ NNS VBZ VBN VBG . `` PRP$ NNS RB VBZ IN IN JJS NNS , DT NN IN NNS VBG -LRB- NN -RRB- NNS VBZ VBN RP IN DT JJ CD NNS , '' VBD NNP NNP NNP NNP , VBG IN NNS IN PRP$ NN NN IN NNP . `` PRP VBP DT VBZ WP VBZ VBG RP IN DT NN . '' NNP , JJ NN IN DT NNP NN NN , VBG IN NNP NNPS IN NNP IN NNPS , VBD PRP VBZ RB JJ TO VB IN DT NN MD VB IN NNS VBD VBN IN DT JJ NN NNP JJR IN DT NN RB VBD DT RB VBN NN WDT VBD IN DT NNS , NNS CC NN NN MD VB NN . DT CD NN IN NNP NNP NNP , WP$ JJ JJ NN VBD VBN JJ NN , VBD DT JJ NN IN NN NNS . DT NN JJ NN IN DT NNP NNP VBD IN RB CD NN IN NNS VBP VBN IN JJS CD VBN NN . IN DT WP VBD DT NN , JJ NN VBD DT RBS RB VBN , VBN IN NN -LRB- NN -RRB- , JJ NN CC NN . NNP VBD NN NNS RB VBP JJ NNS . RB CD NN IN CD NN IN NNS VBP VBN DT NN IN , IN JJ NNS , NNS RB VBD NN IN DT NN , PRP VBD . CC DT NNP CC PRP$ NNP NN VB NNS TO VB TO VB NN IN NNS WP$ NNS VBP JJ TO VB DT NN NN . `` NNS IN NNS IN NN MD RB VB NN IN JJ JJ NN , CC VBG DT NN IN DT NN IN NN VBZ NN CC IN DT JJ NN VBZ DT NN NN IN JJ NN , '' DT NNP NN NNS . `` RB , DT VBG NN VBZ JJ NN TO VB DT NN IN NN IN NN . '' JJ NNS VBP JJ IN RB JJ CC JJ NNS , CC PRP RB MD VB DT NN IN NNS IN NN . DT NN , DT NNP VBZ VBN DT JJS NN IN NNS NNS IN CD : CD IN NNP , VBG IN DT NNP . JJS IN DT NNS VBD VBN IN NNS WP VBD NNS RB , CC JJS , CC RB DT , VBD VBN . RB , NN NNS VBP JJ IN NNP NNS , IN CD NN . CC DT JJ NNP NN IN JJ CC JJ NNS VBD IN DT NN NN IN JJ NNS VBD IN CD NN IN DT NNS , CC DT NN IN NNS IN CD NN IN NNS , NNS , NN , NN CC DT NN , NN , NN NN JJR IN VBN IN CD CC CD , IN CD IN CD . NN NNS VBP IN DT NN NN IN RB JJR IN CD NN IN NN TO VB NNS , CC VBP NNS IN JJ NNS VBP DT `` NN NN '' VBN JJ IN NNS . DT VBZ DT NN IN NN NNS . DT WP MD VB VBN , JJ IN NNS RB JJ TO VB PDT PRP$ NNS CC NNS IN JJ JJ NNS , VBP IN NN NN , IN VBP NNS WP VBP VBN PRP$ NNS CC VBP RB VB NN . NNP NNP NNP , JJ NN IN NNP NNP NNP , VBD RB DT NN IN NNS VBD NN IN PRP$ JJ NN VBD DT NN NN IN NN CD . `` DT NN IN DT NN VBD TO VB PRP$ NNS , '' PRP VBD . `` PRP VBP NNS , PRP VBP JJ NNS , PRP VBP NNS IN NN WP VBP JJ HYPH VBN , CC PRP VBZ DT NN IN PRP TO VB NNS VBG RP WP VBP RB VBN VBN . '' `` NNS VBP TO VB DT JJR NN IN VBG NNS VB DT NNS IN RB VBG VBN , '' NNP VBD . `` NNS VBP RB VB DT NN IN JJ HYPH NN NN IN DT NNS RB . ''"
935,1018,conspiracy,"DT NN NN NNP VBD VBN JJ NN IN NNP CD , VBN IN NNP NNP CC NNP NNP -LRB- NNP -RRB- NN DT JJ NN IN NNP . NNP VBD JJ IN DT NNP IN DT NN , IN NN NN NNS VBG DT NN IN DT JJ NNS VBN TO JJ HYPH VB DT NN TO VB . NNP , WDT VBZ CC VBZ DT NN NN NNP , VBZ VBN IN DT JJ NN NN VBN NN TO VB DT NN VBN RB . NFP NN NN , NN NN : NN NNS DT NN IN NN NN CC VBG NN VBN IN DT JJ NN IN JJ NN , DT NN VBZ RB VBN NN IN DT NNS IN JJ NNS IN DT NN . `` VBN NN : NN , NN CC NN , '' DT NN IN DT NNP IN NNP NNP , VBZ IN DT DT RB RB VBN JJ NN IN DT JJ NN , VBG NNS WP$ NNS VBP VBN RB VBN IN PRP$ JJ NNS VBD NN HYPH VBG CC JJ NN NNS VBG NNP NN . VBZ NNP NNP NNP , NN CC NN IN DT NNP NNP NNP NNP -LRB- NNP -RRB- : JJ JJ NNS VBN IN DT NNP JJ NN NNP NNP -LRB- NNP -RRB- IN NN IN NNP VBP CC VBP RB VBN IN : VBG IN DT NN , EX VBP RB VBN NNS IN CD HYPH NN HYPH JJ NNS VBG JJ NN , VBG PRP VBP VBG IN NN , WDT IN NN VBZ PRP MD RB VB JJ TO VB NNS . IN JJ JJ NNS , DT NNP NNPS IN NNP NNP CC NNP -LRB- NNP -RRB- CC NNP VBP DT JJ NN , CC RB DT , IN DT JJ NNS VBP JJ IN DT NN , CC IN NNP VBZ JJ . IN DT NN , NNP NNP , DT JJ JJ NN NN VBZ : JJ IN DT RBR JJ NN NNS IN NN NN VBP JJ HYPH VBN JJ JJ NNS , VBG NN VBZ VBG DT NN NN TO VB IN DT JJ NN , RB RB . CD IN DT VBG NNS VBZ IN DT NN IN NN IN DT NN . NNP NNP , NN , NN IN JJ NN CC DT VBG NN IN NN , VBZ IN PDT DT JJ NN VBZ NN VBZ JJ IN NN NNS . PRP , IN JJ NNS , VBP PRP VBZ DT NN NN IN NNS WDT VBP DT NN IN JJ JJ NNS . DT NNS VBD JJ NNS IN NNP -LRB- VBN IN DT NNP NN IN CD , RB IN IN JJ NN -RRB- CC NNP IN CD JJ NNS TO VB CC VB PRP$ NN NN . NFP WRB VBZ DT NNP VBG NN IN VBN NN NN NNS , IN JJ NNS VBP TO VB JJ NN . RB , NNP VBD CD NNS JJR NN IN VBN IN DT NN . CC , IN DT NN IN NN VBN IN NNP VBD IN DT NN VBN IN DT NN , PRP VBD CD NNS JJR IN DT VBN NN IN NNP . IN DT NN , DT NNS VBD VBN TO VB RB RB CD NNS IN CD IN NN . IN NN NNS VBP DT NN IN NN IN NNS VBZ JJ : VBN IN VBN JJ NNS IN NN : NN NN VBZ JJ CC JJ NNS MD VB VBN . WRB VBN , PRP VBP DT NN NN IN PRP$ JJ NN , VBG DT NN NN IN JJ NNS IN PRP$ NN RB RBR RB IN VBD PRP TO VB PRP . DT JJ NN IN NNP VBD RB VBN IN PRP$ CD NN IN NNP NNP , NNP , DT NN NN IN DT NNP IN NNP NNP . IN PRP , PRP VBZ IN IN VBG DT VBN JJ JJ NN , NN NNS VBP RP VBG NN NN . IN NN IN DT NN VBN IN NNP NNP NNP , DT NN NN IN JJ NNS WP VBZ DT NNP NNP NNP NNP IN DT NNP NNP IN NNP , NNP VBZ VBN WRB DT NN NN MD VB NN NN NNS . DT NNS VBP DT NN IN NN CC JJ NNS CC NNS , VBG NNP NNP NNP , WP VBD VBD DT NNP NNP IN CD CC RBR VBD DT NNP NNP NNP . NNP VBZ NNS IN JJ NNS DT NN , VBG IN WP VBZ CC WP VBZ RB . RBR DT NN , NNP VBD DT RB JJ NN IN DT NN NN , VBG `` EX VBZ JJ HYPH NN NN IN NN NNS VBP IN JJ NN IN JJ NNS CC NNS WP VBP VBN IN CD CC CD NNS IN NN , '' CC , '' DT NN IN JJ JJ NNS VBZ JJ IN NN CC NN NNS . '' CD NNS RBR , NNP , IN IN NNP HYPH VBN NNS NNP NNP CC NNP NNP , VBD DT VBG NN IN DT NN , VBG RP JJ NNS CC NNS IN NN . RB RB , NNP VBD VBN IN DT NNP NN NN . VBG IN NNP , DT NN '' VBD RB NN IN DT JJ NNS , '' CC '' VBD VBN IN VBG NN CC VBN NN NNS . '' IN DT NN , PRP VBZ IN DT NNS RB VBD DT NNS IN DT NNS : DT IN WDT VBD VBN IN NN : CC VBD RB VB IN WRB DT NNS VBD RB VBN . RB , DT IN CD IN DT CD NNS VBN IN DT NNP NN NN VBD JJ NNS , VBG NN HYPH VBG NNS , WDT MD RB VB NNS IN VBG JJ CC JJ JJ NNS . VBG NNS JJR , DT NNS RB VBD DT JJ NNS IN `` NNS . '' IN NN , DT NN VBZ DT JJ NN , CC DT NN HYPH VBG NN VBZ NN IN JJ . NNS MD RB VB VBN VBN IN DT NN IN NNS WP VBD DT NN IN JJ CC JJ NN NNS . VBG IN NNP CC PRP$ NN , `` DT NN NNS VBD DT JJ NN IN DT NNS CC VBP IN DT NN NNS VBD VBN IN NNS VBN IN DT NNS . '' PRP RB VBD DT NN `` RB VBN JJ CC JJ JJ NNS '' CC VBD `` NN NN HYPH JJ NN NNS . '' NNS IN NN MD VB VBN NNP POS CD NN NN NN WP VBZ JJR , RB RB VBD DT CD NNS VBN IN NN , CD IN DT CD NNS RB VBD NNS IN NN . IN VBN IN NNP : CD IN DT JJS NNS IN NN VBZ NNP NNP NNP , CD IN DT NNS IN DT NNP NN NN NN , CD VBG DT NNS WP VBD CC VBD DT NN IN DT NN . NFP RB VBG DT NNP NN NN IN DT NN IN JJ NNS IN DT NNP , VBG NN IN DT NNP NNP NNP IN NNP NNPS POS -LRB- NNP -RRB- NNP NN NN IN CD , WDT VBD NNP IN JJ NN IN NNS CD IN CD NNS JJ NFP VBG DT VBN NN IN NNP POS NNP NN NN VBN IN NNP CD VBG DT NNP NN POS JJ NN IN DT NN IN NN NN , DT VBZ RB RB JJ DT NN IN NN IN PRP MD VB , CC NNP VBD VBN TO VB NN IN DT NN WDT VBD DT NN CC NNS IN DT NN . IN DT NN , NNP NNP , NN IN NNP , NNP , DT `` JJ NNP NN NN NN '' IN NNP , NNP , VBZ RP IN IN DT JJ NN NN IN DT NNP VBZ CD IN CD , IN NNP POS JJ NN , NNP MD VB CD JJ JJ NNS IN CD . VBZ PRP RB JJ TO VB CD JJ JJ NNS : WDT VBZ JJ NN : IN DT NNS IN VBG CD NNS IN JJ NN IN IN CD . NN NNS IN NNP RB VBZ IN NN NNS MD RB VB PRP$ NN IN JJ NN IN CD NN IN PRP VBP VBN VBN IN NN NNS CD CC CD JJ IN NN . -LRB- DT NNP NNP CC NNP NNP VBZ VBN DT NN JJ , CC PRP VBP VBN DT NN IN PRP IN NN . -RRB- NFP NNP NN VBZ IN NNP CD NNS IN NN NN NNP NNP NNP , DT NN VBG IN NN NNS IN NNP , NNP , VBZ IN DT NN NN VBZ RB JJ , CC VBZ RB JJ DT NN , IN NN NNS VBP RB VBN IN NN CC NN CC VBP JJ CC RB HYPH VBG . NNP VBZ IN RB DT RBS JJ NNP IN DT NN DT NN RB VBZ NNP NNP , NNP , WP$ NN VBZ NNP VBZ CD IN DT RBS JJ NNS IN DT NN , VBG RB JJR JJ NNS IN JJ NNS VBN IN DT JJ NN . IN NN , IN PRP$ NN , NNP VBD DT NN NN IN CD , VBN IN RB CD IN JJ NNS VBN IN JJ NNS . VBG IN NNP : RB , IN PRP$ CD NNP IN NNP NN NN , NNP VBD DT NN CC NN IN JJ NNS IN DT CD NNS VBN IN NNP IN NNP CD , CD . NNS VBP IN NN CC JJ NN NNS JJ IN NN , NN NNS , JJ NN , NNS , NN , NN , CC NN , NN NNS -LRB- FW , DT JJ JJ NN VBZ IN DT NN IN NN VBZ VBN -RRB- VBD VBN CD IN CD NNS RBR RB IN NNP NN IN IN JJ -LRB- NNP -RRB- NN . IN DT NN , NNP NNP , JJ CC JJ NN IN DT NNP IN NNP NNP NNP , VBZ RP IN NNS VBN IN NN IN NN NNS IN DT NNP NNPS CC NNP NNPS NNP NNP -LRB- NNP -RRB- RB VBP IN DT NN IN JJ NN NNS VBG NN NN VBZ JJ NNS JJR IN IN DT JJ NN , CC IN DT NN VBD RB VBG VBN IN DT NN . `` EX VBD DT CD JJ JJ NNS VBG IN DT NNP NN WDT VBD RB VBG VBN IN DT JJ NNS , CC RB RB VBN IN NNS CC NNS WP VBD IN DT NN IN VBG DT NN IN NN , '' NNP VBZ . DT VBP IN JJ NNS RB TO VB DT NN WDT VBZ VBN IN JJR IN CD NN IN NNS IN DT NN . IN VBN IN DT NN , DT NN NN POS JJ NN VBD RB VBN IN NNP NNPS IN NNP -LRB- NNP -RRB- NNS , RB VBN IN NNP CC RB HYPH VBN IN NN , IN DT NN DT NN VBD TO VB CD IN DT NNS IN JJ HYPH NN . IN PRP$ NN , `` JJ NN -LRB- NN -RRB- NNS IN DT NN IN VBG JJ NNS WRB JJ CC JJ . '' NNP , NNP CC NNP VBP RP JJ NN NNS IN NN VBD VBN . PRP VBZ RB JJ TO VB IN NNP VBD VBN IN VBG VBN IN JJR IN CD NNS IN DT NN IN CD , CC IN JJ NN `` NNS '' VBP VBG VBN IN JJ NN NN NNS , RB VBG JJ NNS . NNP VBZ RB VBN IN NNS WP VBP VBN IN JJ NN IN NN NNS CC NNS : RB IN NN NNS VBP VBN IN JJ NN IN NNP NNS . JJ NNS , IN VBN IN DT NN , VBP RB JJ IN DT NN IN NNP VBD VBN RB CD JJ NN NNS IN DT NNP NN , VBG CD NNS IN NNP CD , CD . IN NNP CD , CD , EX VBD VBN CD JJ NN NNS VBN IN DT JJ NNP NNP NNPS NNP NNP -LRB- NNP -RRB- , VBG CD NNS VBG NN IN CC DT CD HYPH NN CC CD HYPH NN NN NN . IN DT VBZ IN DT NN , DT VBZ RB DT NN IN DT JJ NNS IN NN NNS , NNS CC NNS WDT VBP RB VBN , IN JJS NNS CC VBP RB VB PRP IN DT NN , CC PRP RB VBP NNS RB IN NNP -LRB- WDT VBP RB VBN JJ -RRB- . IN NN , JJR IN CD NN IN JJ NN NNS VBP VBN IN NNP . DT NNS VBG DT NN NN VBP JJ IN PRP VBP JJ NNS . CC DT WP VBP VB PRP VBP RB VBN IN `` NNS '' CC `` NN NNS . '' PRP VBZ DT JJ NN IN PRP MD VB DT JJ NN IN DT NN IN JJ NN , IN DT NN VBZ `` VBN JJ , '' IN PRP VBD , IN NN NN NNS . PRP RB MD RB VB DT NNS IN DT NN IN DT MD VB IN DT NN IN NNS IN NNS IN NN . PRP VBZ RB JJ TO VB DT JJ NN IN VBG IN DT JJ NN , IN EX VBZ DT JJ NN IN NN VBG RP RB RB RB . IN DT NN , NNP NNP NNP NNP , DT NN VBN IN VBG NN HYPH NN NN NN IN JJ NNS CC NN IN NNP NNP NNP , NNS IN DT , VBG JJS IN PRP$ NNS IN DT NN NN CC PRP$ JJ JJ NNS VBP VBN VBN IN DT JJ NNS . `` PRP VBZ JJ NN , '' PRP VBZ . JJ NN : NN NN NNS VBD RB VBN TO VB NN NNS EX VBP DT JJ JJ NNS IN DT NN IN DT NN RB . CD IN PRP VBD DT NNP CD , CD , NNP NN IN WDT NNP NNP VBD JJ NNS IN NNP POS NN . DT NN VBD VBN IN DT CD NN NNS VBN IN DT NNP VBD VBN IN NNS IN NNS IN NNS IN DT NN , IN DT JJ NN IN JJ NN NNS VBG VBN . IN DT VBZ RB IN NN , DT JJ NN VBZ TO VB IN DT NNS VBD RB VBN TO VB CC VB JJ NN NNS IN DT JJ NN . VBG IN NNP , `` DT CD HYPH NN NN IN NNP VBD DT JJ NNP NNS VBD JJ IN DT NN , CC IN NNS VBD JJ NNS TO VB VBN TO VB DT NN POS NN . '' JJ IN NN , JJ JJ NNS VBD RB VBN IN DT CD HYPH NN NN NN HYPH NN . RB , IN DT JJ NN IN NN , NN NNS `` VBD PRP$ JJ NN TO VB IN CC RB TO VB DT JJ NN IN DT JJ NN , '' NNP VBZ . RB , CC RB , JJS IN DT NN NNS WDT VBD IN NN VBD RB VBN RP IN `` JJ NN '' RB IN JJ NN NNS : DT NN WDT RB VBD IN JJS NN NNS MD VB VBN . DT NN VBD VBN IN NN NN , NN CC NN . RB IN DT JJ NN NN , IN JJS CD NNP NN IN DT JJ CD HYPH NN NN VBD RB CD NN IN NNS VBN `` JJ JJ JJ NNS '' VBG JJ NN NN NNS , CC RB CD NN VBD `` JJ NN HYPH JJ JJ NNS . '' NNP VBZ : IN VBN IN NNP NNP IN DT NN , JJ NN VBZ CD IN DT JJS JJ NNS IN NN '' IN PRP VBZ CD IN CD NNS IN DT NN IN NN IN NN TO -LRB- VB IN -RRB- NN , CC IN PRP VBP DT JJ NNS , PRP MD RB VB NN IN PRP . '' IN DT NNP , JJ NN VBD JJR IN CD NN IN NN NN VBD DT JJ NN IN NNS POS NN NN IN DT NNS . IN IN CD , RB CD JJ NNS IN JJ NN MD VB VBN , CC RB CD MD VB IN PRP . DT NN WRB DT NN NN VBZ RB JJ VBZ IN PRP$ JJ NN VBZ RB JJ RB TO VB RP DT NN IN NN IN PRP$ JJ , CC VBZ RB IN JJR IN CD NN IN DT NNS . VBG IN DT NN , DT JJ NN IN DT WP VBP VBP RB VBN DT NN NN IN DT JJ CD NNS . VBG IN NNP NNP , DT VBN NN CC JJ NN IN NNP IN NNP IN NNP , NNP NNP , IN PRP VBP JJ NN NNS , PRP$ NNS IN VBG IN JJ NN VBZ CD NN . VBZ PRP RB JJ VBG NNS IN DT NN HYPH NN DT NN MD VB DT NN IN NNS IN VBG IN JJ NN . DT NN VBZ , NN NNS VBP JJ NN NNS RB RBR RB IN DT NN NN RB MD . IN DT NN , NNP NNP VBZ DT VBG NNS , VBG RB WRB JJ DT JJ NN IN NNP RB VBZ : NFP NN NNS VBP CD NN IN NN NNS VBG JJ NNS , IN JJ NNS VBP JJR NNS NFP IN DT NNS VBD CD NN JJ , CD NN MD VB VBN IN DT CD VBN NNS , CC CD NNS IN IN CD IN DT JJR NNS VBG DT JJR NN IN NN NNS . DT JJ NN IN NN NN IN DT NNP VBZ RB $ CD IN NN , WDT VBZ DT NN TO VB CD NNS : IN DT NNS PRP MD VB DT JJ NN IN PRP IN VBG IN JJ NN : VBZ $ CD CD DT JJ NN MD RB VB VBN IN JJR JJ NN , `` RB , WRB VB DT $ CD CD IN DT JJ NN . '' NNP NNP VBZ . IN VBN IN NNP NNP , JJ CC JJ NN IN NNP IN NNP NNP , NNP : NN CD : NN TO VB RB VBN , IN NNS IN JJ NN"
936,177,mainstream,"UH NNP NNP , CD , VBD IN DT NN IN NNP NN , DT NNS IN NNP VBD VBN IN NNS VBG IN NN NNS , VBG DT JJ JJ NN IN NN IN DT JJ NN . `` WRB PRP VBP RB , EX VBZ DT JJ CC JJ NN IN NN , '' NNP VBZ , WP VBD IN NNP IN DT NNP NNPS JJ NN . `` DT NNS VBP RB RB JJ IN PRP MD VB VBN JJ NN . '' IN JJ JJ NNS IN NNP JJ RP : IN NNS RB VBG NN IN JJ NNS CC NN : NN IN NNP VBZ VBG RP , RB IN JJ . NNS VBP IN NN IN NNS VBP RP IN NN IN PRP$ JJ NN . RB DT JJ VBP VBN VBN TO VB CC DT VBP VBG IN NN . CC IN NNP , WRB EX VBP CD VBN NNS CC CD NNS VBP VBN , NNS VBP JJR NNS MD VB VBG IN DT RBR JJ NN IN DT NN IN RB CD CD NNS . NNP VBZ DT RB JJ NN NN NN : IN IN NNP CD , CD NN IN DT NNPS WP VBP VBN JJ IN NNP HYPH CD VBP VBN IN DT NN . VBG NNS , IN NNP CC NNP , VBP NN NN NNS IN CD NN CC CD NN RB . -LRB- DT NNP NN NN NN VBZ CD NN . -RRB- IN NNP POS VBN NN NN NN MD VB DT NN IN PRP$ JJ NN NNS VBN IN PRP$ NNS , NNS VBP NNP POS NN HYPH NN NN MD RB VB TO VB . DT JJ NN VBZ TO VB IN VBN NNS . DT NNP NNP NNP NNP VBZ NNS TO VB PRP$ NNS WRB PRP VBP CC VB CC VBP NNS RB CC VBZ RB VB IN NN NNS . IN NNP CD , DT NN VBD RP DT NN IN VBN NNS IN CD , CC RB VBD DT RB IN CD IN NNP CD . JJ NNS , IN NNP CC NNP , VBP VBN VBG IN NNS JJR IN CD . IN NNP , NNP VBD IN JJ NNS MD VB VBG , IN DT NNS JJ NN NNS IN VBG DT NN . NNP NNP , NNP POS JJ NN VBG DT NN POS NN IN NNP HYPH CD VBZ VBN DT NN MD VB DT NN TO VB RB IN DT NN , DT NN RB VBN IN DT NNP NNP CC DT NNPS IN DT NNS RB VBD NN IN VBG NN IN DT NN MD RB VB NN NN NNS . NNP VBD JJ NN IN NNP CD IN NNP HYPH CD MD VB VBN IN `` NN NN CC DT NN IN NN CC NN . '' -LRB- DT NN IN NNP HYPH CD VBZ JJ IN JJS CD NNS RB . -RRB- CC JJ NNS IN NNP VBP DT JJ NN VBZ JJ . `` NN NN VBZ RB VB NN IN PRP VBP RB VB IN CC RB PRP MD VB NN , '' VBZ NNP NNP , DT NN NN IN JJ NN . PRP VBD , `` DT VBZ DT NN WDT MD VB NN . '' VB RP IN NN IN PRP$ JJ NN NN IN VBG RB . IN DT NN IN NNP , CD NNS , NNS CC NNS VBD DT JJ NN IN DT NN VBG IN JJR NNS . `` PRP VBP EX VBZ DT JJ NN IN PRP$ NN , '' VBZ NNP NNP HYPH NNP , DT NN IN JJ NN WP VBD DT NN . PRP VBZ DT NN VBZ VBN JJ TO VB PRP$ NNS IN NNS , VBG PRP TO VB IN DT NN POS NN VBZ `` RB VBN IN NN . '' NNP NNP , DT JJ NNS NN , VBZ IN DT NN POS NN IN NN VBZ PRP `` RB JJ TO VB JJ JJ NNS IN PRP$ NN IN PRP VBP RB VBN PRP$ NN . '' PRP VBD IN DT NN VBZ VBN DT JJ NNS TO VB , VB NN CC NN : IN NNP NNP VBD : WDT VBZ JJ NN TO VB VBN NN IN DT NN IN DT NN . RB , PRP VBZ NNP MD VB DT JJ NN WRB DT JJ NN MD RB VB JJ . `` NNP VBZ JJ , '' PRP VBZ . `` PRP VBZ RB VB JJ JJ NNS . PRP VBZ DT NN WRB PRP MD VB DT VBN NN . '' IN JJ NN VBZ VBN IN JJ NN CC CD NN IN JJ NNS VBP JJ HYPH NN NNS IN NNS , JJ NNS VBP IN NNP HYPH CD MD RB VB RB CC RB IN DT NNS . NNP VBZ DT RB JJS NN IN JJ NN NNS IN NNP IN NNP , IN RB CD NNS IN DT CD NNS . DT NN NN MD RB VB JJ TO VB DT JJ NN HYPH CD NN . RB , NNS VBP DT JJ NN VBZ RB VBG DT NNP NNP NNP POS -LRB- NNP -RRB- NNS , WDT VBP NNS IN NN HYPH CD NNS TO VB NN WRB JJ CC TO VB JJ NN HYPH NN NNS . `` PRP VBP JJ CC JJ IN PRP RB VBP RB VBN DT NN CC VBN IN DT NN IN NNS IN NNP , '' VBZ NNPS . `` PRP VBP DT NN NN WDT VBZ VBN VBN IN NNS IN DT NN CC PRP VBP RB RB VB DT NN . '' DT NN NN IN DT JJ NN IN NNP VBZ DT JJ NN MD `` RB VB IN DT JJ NN . '' PRP VBZ NN NNS IN PRP$ NN WP VBP VBN JJ IN DT NN CC VBP JJ VBP VBN VBN TO VB VBG . PRP VBD TO VB JJ IN `` PRP VBZ VBN IN TO VB IN DT NN CC TO VB IN DT JJ NN '' CC VBD PRP VBD DT NN TO VB RP IN DT `` JJ CC JJ NN IN NN . '' DT JJ NN MD VB DT NN TO VB IN JJR NNS VBG NN CC NN MD VB VBN . NNP HYPH NNP VBZ PRP VBZ RB RB JJ TO VB NN IN NNP CC IN JJ NN NNS MD RB VB VBN IN JJ NNS IN DT NN . `` IN PRP VBP JJ CC PRP VBP JJ , PRP MD VB DT NN IN NN , '' NNP HYPH NNP VBZ . PRP VBZ IN , VBN IN DT NN PRP VBZ VBN , DT NN NN IN NNP MD VB IN JJR NNS VBP RB VBN RB . `` CC PRP MD RB VB RP DT NN IN DT NN VBZ PRP NN IN PRP$ NN . '' IN NNS MD VB VBG NN IN DT NN POS NN , JJ NNPS VBP TO VB IN NN IN PRP . NN NNS VBP IN NNS VBP DT NNP NNP NNP , IN CD NN VBG PRP VBP RB JJ CC JJ NN IN DT NN . `` PRP VBZ JJ IN JJ NN TO RB VB IN DT NN , '' VBZ NNP . '' RB IN NNS VBP VBN IN VBG VBN NNS , PRP RB VBP IN DT NN VBZ VBG DT JJ NN . '' CC NNPS VBP IN HYPH JJ NN IN PRP$ NNS , WP IN NN , VBP NNS TO VB PRP$ NN . `` IN NNP , DT NN VBZ RB VBN TO VB NNS CC VB DT NN VB , '' VBZ NNP NNP NNP , DT CD HYPH NN HYPH JJ NN VBG IN NNP . `` WDT NNS DT NN MD VB VBP RB DT : NNS . NN VBZ VBN . '' CC NNP HYPH NNP VBZ DT NN MD VB DT NN IN DT JJ NN IN JJ NN IN NN . `` IN PRP VBP NNS POS NNS IN NN IN JJ NN CC RB PRP VBP RB VB PRP , WRB MD NN VB NNS . '' PRP VBZ . `` PRP VBP RB VB TO VB IN DT NN WDT VBZ NNS IN DT . '' UH VB DT NNS , NNS , CC NNS IN ADD ."
937,299,mainstream,"DT NN IN NNS VBP VBN VBN IN NNP NNP , DT NN WP$ NN CC NN NNS RB VBD IN DT JJ NN DT JJ NN IN DT VBN NNS , NNS , NN -LRB- NN -RRB- NN CC NN . CD NN VBZ RP IN NNP VBD VBN VBN $ CD -LRB- NNP $ CD -RRB- IN DT JJ HYPH NN NN TO VB DT JJ NN IN NN CC NN , IN JJ NNS VBD DT NN VBD RB VBN PRP$ NNS . NNP VBD RB VB DT NN IN DT NN WRB PRP VBD DT NN IN DT JJ NN IN DT NNP IN NNP CD . IN NN IN DT , NNP RB VBZ IN PRP MD VB VBN NNP TO VB DT NN IN DT NN IN DT NN CC NN IN DT NN VBD VBN . `` PRP$ NN VBZ IN DT NN IN PRP$ NN VBZ RB JJ CC DT NN IN NN VBZ WRB PRP VBD JJ , '' NNP VBD DT NNP . NNP VBZ IN DT IN PRP$ NNS VBD JJ , CC VBZ IN DT JJ NN IN DT NN CC NN VBZ JJ NN . PRP VBZ PRP VBZ DT NN IN PRP$ NN . NNP POS JJ NN VBD RB IN DT NNS IN JJ NNS IN NN NN CC NN VBD VBN IN PRP$ NNS TO VB RB VBN DT NN NN . PRP VBD RB VB DT JJ NN IN DT CD , CC VBD RB CD NNS , IN CC NNP CC JJ NNS VBD RP . CC NNP VBD IN JJ NNS IN DT NN VBD VBG CC VBD JJ NNS . DT VBD DT JJ NN IN DT NN POS NN IN DT JJ NN , CC DT NN IN DT NN IN NNS VBG JJ NN IN NNS . NN VBZ VBN IN CD NN IN NNS IN CD SYM CD , IN CD NN IN CD SYM CD . DT JJ NN IN NNP POS NN , VBN IN DT NN IN DT NNP NNP NN , VBD RP IN CD NNS IN JJ NN . DT VBZ DT NN IN NNP POS NN IN JJ NN MD VB VBN VBN IN DT NNP , DT NN IN WDT DT NN VBZ . `` NNS CC NNS MD VB VBN DT NN TO VB PRP$ JJ NN IN NN WRB VBG DT NN IN NN , '' VBZ DT NN NN IN DT NN . `` DT NN MD VB VBN NN IN PRP$ NN HYPH VBG IN DT NN POS NN , NN CC NN IN NN . '' DT DT NNP NNP RB VBD IN DT NNP IN NNP VBD RB VBN JJ JJ NN IN DT IN DT JJ JJ NNS VBN RP IN NNS IN DT NN , CC IN DT NN IN VBG NNS IN DT NN VBD VBN IN NNP VBD VBN DT IN PRP TO VB . CC DT NNP VBZ DT NN VBZ RB VB DT NNS . NNP VBZ TO VB DT JJ NN IN NN CC NN , IN JJS NNS RB VBP IN EX VBZ DT JJ NN IN DT JJ NN ."
938,826,mainstream,"NNP VBZ VBN NNS CC NNS WDT VBP NN IN NNS MD RB RBR VB IN NN NNS CC NNS IN PRP$ NN , IN NN IN DT NN TO VB DT NN IN NN IN DT CD HYPH CD HYPH NN JJ NN . DT JJ NN NN VBZ VBN IN NN TO VB DT NN IN NN IN DT JJ NN IN NNS VBN IN NN IN NNS VBG TO VB PRP$ NNS . VB JJR : WRB NNS VBZ RB JJ CC NN RB JJ WP MD NNP VB . NFP DT NN IN JJ NN MD VB VBN , NNS MD RB VB VBN IN JJ NN IN NNS NFP VBG NN MD RB VB VBN IN NNS CC NNS IN DT NN NN , NNS CC NNS WDT VBP NN IN NNS MD VB PRP$ NN VBN IN NN NN CC NNS NFP VBG NN MD RB VB VBN IN NNS CC NNS IN DT NN NN NFP NNS WDT VBP NN IN NNS MD VB VBN NFP NN NN CC NN NNS MD RB VB VBN NN WDT VBZ NN IN NNS IN NNP , NNP VBD JJ NN NNS JJ IN DT NNP NNP NNP CC DT NNP NNPS IN NNP NNP CC NNP VBD VBN `` JJ NN NNS . '' IN DT NN NNS VBP VBN IN NNP , NN MD VB VBN IN PRP . NN VBZ DT RB JJ NN WDT MD VB IN NN NN , JJ NN CC , IN DT NNS , NN . DT NN IN NN VBG DT NN IN NNS , NNS CC NN IN DT VBN NN IN NN VBZ VBN DT NNS TO VB DT NN . JJ JJ NNS VBP VBN DT NN IN DT NN CC NN . DT NNP NNP NNP VBZ VBN `` NN NN '' IN PRP$ JJ CD JJ NN NNS IN CD . DT NNP VBZ VBN IN `` NN '' IN DT NN IN NNS NNS VBZ . DT NN IN CD NNP , NNP POS NNS VBP RP DT NN IN DT NNS JJ NN CC NN NN NN . PRP MD VB RP TO VB PRP RB RB ."
939,1182,mainstream,"NNS VBP VBN CD IN DT JJS JJ NN NNS IN DT JJ NN . PRP VBP VBN NNS IN NNS . CC EX VBP RB NNS IN NN HYPH JJ NNS RB IN DT NN : VBG IN DT NNP NNPS . DT NNP IN NNP NNPS , DT JJ NN NN , VBZ VBN VBG NN NNS IN JJ NNS IN DT NN IN CD , CC PRP VBP VBN DT JJ , JJ NN IN PRP . IN DT NNS RB , DT NN IN NN VBZ VBN IN DT NN -LRB- NNP , NNP , NNP , NNP , NNP NNP , JJ -RRB- , CC JJR NNS VBP JJR NNS -LRB- IN VB IN NN DT NNS CC DT NNS PRP VBP VBN RB VBP RB RB IN DT JJ NN -RRB- . PRP VBP VBN RP DT JJ NNS PRP VBD IN PRP VBD . RB VBZ DT VBN HYPH NN NN IN DT IN DT NN HYPH JJ NNS NN VBZ VBN IN NNP NNP , IN NNP NNP , NNP , CC NNS IN NNP CC NNP . RB RB VBZ DT VBN HYPH IN NN IN RB DT NNP : NNS RB VBP WRB EX VBP JJR NNS . NNS IN JJ NNS IN NNS WP VBP RB MD VB RB JJ , IN DT : RB DT : NNS VBP RB , RB IN DT IN DT NNS VBP RBR JJ RB . RB , DT NNP NNPS VBZ VBN DT JJ NN IN VBG NN IN DT JJ JJ NNS . VB IN DT NN IN CD : VB DT NN IN IN CD , WRB DT IN DT NN NN NNS VBD RP . CD NN IN NNP VBD RB CD NNS : RB VBG NNS VBZ DT JJ NN CC DT JJ NN NN : JJ NNS VBP IN JJS CD NNS RBR JJ TO VB NN NN IN DT WP VBP VBN DT VBN NN NNS . CC DT NNP VBZ DT VBZ RB DT JJ NN IN DT JJ NN IN NN NN NNS . DT NN VBZ IN IN `` VBN NN , VBN JJ NNS , JJR NN , JJR NN IN DT NN , CC VBG NN , '' DT NNP VBZ . -LRB- DT NN NN NN VBZ RBR JJ IN PRP VBP , WDT VBZ WRB NNS VBP RB JJ . -RRB- IN NN IN DT NN IN NN NN , CD VBD NNS NNS IN DT NN , RB IN DT JJ NN . DT NNS VBD JJ IN IN VBG NN NNS : CD NN IN DT VBN VBD JJ , DT NNP VBD : JJ IN VBG NN CC NNS , DT NN HYPH JJ NNS IN DT NNP NNPS IN CD VBD NN , NN NN , NN , NN , CC NNS . DT IN DT VBD IN DT NN WRB NNS VBP RB JJ CC RB VBN . CC DT NNP VBZ RB RB JJ IN JJ NNS VBG DT NN IN NN JJ NNS . RB VBZ WP DT NNS VBP IN IN NNP CC NNP : DT NNP NNP VBZ VBN IN DT JJ NN IN NNS NNS , IN DT JJS VBG JJR IN CD NNS . NNP VBZ VBN JJR NNS NNS RB , CC CD CD NN VBD RB CD NNS . CC DT NNS VBP VBN IN NN NNS IN NNP CC NNP , WDT VBD JJR IN CD CC CD NNS RB . RB VBZ DT JJ NN IN NNP : DT JJS NNS NN PRP VBD IN DT NN VBD IN DT NNP NNP IN NNP , WRB NNS VBD IN CD NNS IN CD . DT NN NN IN NNP VBD RB CD NNS , CC CD IN NNP VBD JJR IN CD . NNP NNP VBD DT RB JJ NN IN NN , DT NN WDT VBZ VBN RB VBN IN JJ JJ NNS , CC NNP -LRB- PRP MD VB PRP$ NN NN , NNP , IN DT NN -RRB- VBD TO VB DT RB JJ NN IN NNS RB : IN DT MD VB RB IN NNP VBZ CD IN DT RBS JJ NNS IN DT NN , DT NN POS NNS NNS VBP RB JJ IN PRP VBP VBN IN RB JJ NN RB . `` NNS IN -LRB- NNP , NNP , CC NNP -RRB- , '' DT CD NN IN DT NN NNP NNP VBZ , `` RB VBP RB JJ NN IN DT RB JJ NN . '' NNP POS JJ NN IN NN HYPH JJ NN VBZ RB . RB VB IN `` NN '' TO VB RB IN PRP IN PRP , CC VB DT JJR NN IN PRP$ NN ."
940,0,conspiracy,"WP RB VBZ IN NNS MD RB VB IN NN IN VBG TO VB DT NN VBG IN RB RB IN JJ , PRP MD VB , DT NNP NNP NNP -LRB- NNP -RRB- VBZ JJ IN VBG JJ NN IN DT NNP NN -LRB- NNP SYM CD -RRB- MD RB VB JJ , CC IN NN POS RB NN VBZ DT NN . CC IN JJ NN VBZ IN IN DT NN , RB WRB MD NN HYPH VBN NN VB RB JJR . IN RB CD VBN NNS RB , DT NNP NN -LRB- NNP HYPH CD -RRB- NN VBZ TO VB NN NNS , RB RB IN DT NNP NN VBZ VBG DT NN VBG IN VBG CC VBG DT RB HYPH VBN NN . CC NN VBZ TO VB VBG DT NN IN IN PRP$ JJ JJ NN NNS MD VB DT NN , RB EX VBZ DT NN DT NN MD VB NN JJ IN RB VB JJ NNS . IN DT JJ NN , DT NNP VBD IN EX VBZ DT JJ NN TO VB IN NNS WP VBP JJ IN DT NNP NN -LRB- NNP SYM CD -RRB- CC VBP VB JJ NN . PRP MD RB VB VBN RB , DT NNP NNPS -LRB- NNP -RRB- NN VBZ : RB IN PRP VBZ TO VB DT NN IN DT NN HYPH JJ NN MD RB VB RB JJR NN IN JJ NN , IN DT VBZ DT NN . `` EX VBZ RB DT NN IN NNS WP VBP VBN IN NN NNP CC VBP NNS VBP VBN IN DT JJ NN , '' DT NNP VBD IN DT NN . PRP VBZ IN VBG PRP JJ , RB JJ DT NN WRB DT NNP VBZ VBG DT NN IN VBG DT JJ NN WDT VBZ VBG DT NNP NN -LRB- NN HYPH CD -RRB- NN VBZ IN DT JJ NN VBZ RB VB NNS VBG IN VBG `` NN NNS '' IN NN HYPH VBG CC JJ NN . `` NNS WP VBP IN PRP VBP JJ IN DT JJ NN IN PRP VBP VBN DT JJ NN NN MD VB JJ NN NN , '' DT NN VBZ . MD DT NN RB VB JJ , NNP NNP HYPH NNP NNP NNP VBZ PRP TO VB VBN IN `` JJ '' IN NN : VBG NNS MD RB VB DT NN IN PRP$ NNS . DT VBZ JJ NN IN NN NN NNP NNP , WP$ JJ NN NN NNS VBP RB VBN TO VB NN NNS IN `` JJ '' NNP NN -LRB- NN SYM CD -RRB- NNS RB VBP DT NN . DT NN IN NNPS , DT NNP , CC JJ NN NNS VBP TO VB DT NN VBN RP IN NN IN DT JJ `` NN '' NN VBZ TO VB NN HYPH NN IN DT NN IN NN . CD IN DT JJS NNS VBZ IN DT NNP NN -LRB- NNP SYM CD -RRB- MD RB VB RB , WDT VBZ JJ TO VB JJ NNS IN VBG WDT `` NN NN '' NN , JJ CC RB , VBZ VBN IN DT NN . `` PRP VBZ JJ TO VB DT IN DT NN : DT NN MD VB RB DT JJ NN IN PRP$ NNS , CC DT NN MD RB VB RB , '' VBD NNP NNP NNP , DT `` NNS NN '' IN DT NNP , IN DT JJ JJ NN NN . NNP RB VBD RP TO VB DT NNP NN -LRB- NNP SYM CD -RRB- IN NN , VBG IN `` NN VBZ RB VBN RB , CC PRP VBP VBN IN NNS IN DT NN , '' VBG IN PRP VBZ RB VB IN `` NN MD VB WRB DT NN MD VB . '' RB , EX VBP DT CD JJ NN NNS IN DT NNP NN -LRB- NNP SYM CD -RRB- RB IN NN . CC DT VBZ NN IN NNS IN DT VBN NN IN DT NN , VBG DT IN DT NNS RB VBP , IN EX VBP RB NNS IN JJ NN NNS IN DT NNS WDT VBP RB VBN VBN . JJR IN DT JJS NN IN DT NNP NN -LRB- NNP SYM CD -RRB- VBZ JJ IN NN NNS ."
941,549,mainstream,"NNP NNP , -LRB- VBN NNP CD , CD , NNP , NNP NNP : VBD NNP CD , CD , NNP NNP , NNP , NNP -RRB- , NNP JJ HYPH VBN JJ NN WP VBD DT CD NNP NNP IN NNP CC NNP IN PRP$ NN IN DT NN IN JJ NN . NNP VBD PRP$ JJ NN IN NNP NNP POS NNP , NNP , CC DT NNP NNP IN NNP CC NNP NNP , VBG IN CD . IN DT NN PRP VBD DT NN IN JJ NN IN NNP NNP NNP , NNP . RB PRP VBD RP JJ NNS IN NN NN CC NN HYPH NN NN CC VBD NN IN JJ NN . IN CD NNP VBD DT NNS IN DT NNP NNP POS NNP NNP NNP IN NNP NNP NNP , WRB PRP VBD PRP$ NN IN JJ NNS , VBG JJ NN . IN DT NN IN CD IN NN NNS VBD JJ IN DT NN JJ IN JJ NN , NNS VBD TO VB NNS IN DT NN . NNP VBD IN DT JJ NN VBZ RB JJ IN DT JJ NN NN , DT NN WDT VBD DT NN NN . IN DT JJ NNS NNP VBD DT JJ VBN , CC VBN , NN IN DT NN . JJR NNS VBD IN DT NN IN DT VBN NN NN WDT VBD RB VBN IN JJ NN IN JJ NN . NNP VBD NN IN DT NNP NNP NNP NNP IN CD IN CD . IN VBG IN DT NNP NNP IN CD , PRP VBD NN IN NN CC NN IN NNP NNP , WRB PRP VBD IN CD ."
942,85,mainstream,"IN NN DT NN IN NNS VBZ VBN VBN IN PRP$ NN , WDT VBZ NNS RB RB IN DT NNS JJ NNS CC IN DT NNS IN PRP$ NNS RB . IN VBG NNS , NN VBZ DT JJ NN IN DT NN IN NNS CC NN IN NNS IN JJ NNS JJ IN NN , NN , NN , NN NN , NN CC NN . NNS VBP IN DT NN IN NNS IN NNS IN DT NN IN CD MD VB VBN IN NNS JJ NN . DT JJ NN IN NN IN NNP VBD IN RB CD NN IN NNS IN JJ NNS VBD PDT DT NNS VBN IN CD NN IN NNS IN DT JJ NN . DT NN IN JJR HYPH NN NNS IN DT NN VBZ JJ . DT NN IN NNP VBD IN IN DT JJR NN IN DT NN POS NN , NNS VBD RBR JJ TO VB RB VBN . DT JJS NNS , RB , VBD VBN IN NNS IN DT JJ CC JJ JJ NN , VBN IN NNS IN DT NN . NN IN VBG NNS RB VBZ RP IN JJ NNS VBP DT NN : NNS WP VBP RBR VBN VBP JJR RP CC VBP IN RBR JJ NNS WRB NN , VBG NN NN , VBZ RBR JJ . CC RB WRB NNS VBP VBN IN NN NN CC DT JJ NN NN , DT NNP NN IN CD VBZ IN VBG DT NNS IN JJR HYPH NN NNS IN JJS JJ NN MD VB JJR IN CD IN CD NNS WP RB VBP DT NN IN NN , NN CC NN NN MD VB RB RBR JJ TO VB PRP . EX VBZ NN IN DT NN IN NN CC NN IN JJ NNS VBZ . DT NNP NN VBG NNS IN CD IN CD NNS IN DT NN VBD IN DT NNS IN JJR IN CD NNS IN NN VBD RBR JJ TO VB PRP$ NNS POS NN IN DT NNS IN NN NNS . DT NNS VBD RB JJ WRB DT VBD DT NN CC VBD NNS JJ IN JJ JJ NNS IN DT NNS IN JJ NNS IN NNPS WP , IN JJ , VBP RBR JJ NN IN JJ JJ NNS IN DT NNP . RB DT NN IN NN IN JJ HYPH NN NNS WP VBP NN HYPH VBN NN NNS MD VB VBN DT NN . DT JJ JJ NN IN NN NN , VBN IN DT NNP NNP IN NNP CC NNP NNP IN CD , VBD IN JJ NNS IN RB JJ NNS IN NN IN NNS , IN JJ IN NNP , VBD JJR NNS IN DT JJ NN IN NN . DT VBZ JJ , IN JJS IN NN , IN VBN NNS VBG RBR NN HYPH JJ IN VBG NN , VBG DT IN PRP$ NN NNS , VBN IN PRP$ JJ NN . RB , PRP VBP VBP RB RBR JJ TO VB IN JJ NN NNS VBG IN JJ NNS . DT NN IN NNS IN JJ JJ NNS DT NN VBZ , IN JJS IN NN , IN IN DT NNS VBG DT VBN NNS , NNS CC NN -LRB- NNP -RRB- NN IN DT NN IN DT RB VBN NN WDT VBD DT NN IN NN CC NNP POS NN . IN NNP , DT JJ NN IN NN NN CC NN NN MD VB IN DT NN IN NNS IN VBN NN NNS . NNS VBP CC NNS IN JJ NNS , VBG JJ NNS JJ IN JJ NN , VBN IN JJ NNS . CC IN NNP , DT NN IN DT JJ NNP NNP NNP VBZ IN DT NN VBD NNS IN NNS . DT NN TO VB VBN NNS WP VBP JJ IN NNS TO VB PRP$ NNS VBZ VBG TO VB DT RB JJR NN IN MD VB VBN . NNS IN DT NNP IN NNP VBD IN JJ NN NNS IN DT NNP VBG DT NN IN NN NNS VBP NN VBD IN VBG NNS RBR JJ TO VB DT VBN NN NN ."
943,779,mainstream,"DT NN HYPH VBN NN HYPH NN NNS WP VBP NNS IN NN HYPH VBG NNS MD VB RB PRP TO VB . NNS VBP VBN RB JJ IN VBG PRP$ NN NNS WDT DT NNS IN NN HYPH JJ NNS VBP VBN DT NN JJ IN VBG DT JJ NN IN NNS . RB DT JJ NN , VB JJ NN NNS , IN RB RB JJ NN NNS JJ IN NN RB VBP IN JJ NN . PRP VBZ JJ TO VB , CC RB RB RB RB , NNS VBD TO VB NNS TO VB PRP$ NNS IN DT NN NN NN , VBG NN VBD RB DT JJ NN NN , CC IN PRP VBD JJS IN NNS TO VB PRP RP IN . `` NNS VBD PRP VBD DT NN IN NN , '' VBZ NNP NNP NNP , DT NN IN JJ JJ NN CC DT JJ NN NN IN NNP POS NNP POS NNP . `` EX VBD TO VB NN NNS . '' JJ TO VB , RB CD NNS IN DT NN NN VBD DT NN , DT NNP NN VBZ DT NN DT NN IN NN NNS . CD JJ NN VBD VBN DT JJ CD HYPH NN HYPH JJ IN VBG DT NN , WDT RB VBZ PRP$ NN IN CD NNS . DT NN VBD VBN IN CD NNS , JJ CC VBN IN DT JJ HYPH NN NN , DT JJ NN . VBG IN DT NNP NNPS IN NNP NNP -LRB- NNP -RRB- , IN DT NN NN VBD JJ , DT CD CD NNS VBD NN RB , RB NNS IN NN CD . DT CD VBN NN , CC CD VBD DT NN . `` PRP VBP JJ NNS , '' VBZ NNP NNP . `` RB IN , IN DT NN , PRP MD VB RB VBN DT NNS POS NNS CC PRP MD VB VBN JJ , IN DT JJ NN , PRP VBP RB VB DT NN . ''"
944,555,mainstream,"WP IN DT PRP VBD IN DT NN TO VB IN NN VBD DT NN IN DT NN . NNS VBP VBG DT NN WDT DT NN NN VBZ DT NN NN . CC VBG RB VBZ CC JJ CC RB VBN . `` DT NN VBZ RB DT VBN , '' VBD NNP NNP , DT NN IN JJ NN NN CC JJ NN IN NNP NNP . EX VBP NNS IN NN NNS IN NN , CC DT JJ NN MD VB . VBG CD VBZ JJ , PRP MD VB NNS TO VB NNS IN NNS IN DT JJ NN . IN DT IN NN , `` VBG IN DT NN VBZ DT JJ , JJ NN NN , '' NNP VBD . PRP CC JJ NNS VBP IN DT NN IN DT NN VBZ DT JJ NN RP MD VB NNS IN JJ NN CC VB JJ JJ JJ NN NNS RB IN PRP$ NN . IN NN , NNS MD VB JJ NN IN DT NN HYPH CD NN CC IN RBR JJ NN NNS : CC VB JJ JJ NN NNS IN NN NN . `` RB IN VBG IN NN NNS CC NNS , DT NN MD VB IN VBG DT JJ NN IN JJ NN , '' VBD NNP NNP , NN IN JJ JJ NN IN DT NNP IN NNP . RB VBP CD JJ NN NNS WDT NNS VBP VBP TO VB VBN IN NN . CC NN NN : JJS VBP RP HYPH JJ NN CC VBP PRP$ JJ NNS . CD IN DT JJ NNS RP VBZ VBG WP VBZ DT NN . NN VBD JJ IN DT NN IN DT NN , CC IN NNS VBP IN NN , `` PRP VBZ DT RB RBR JJ NN , '' VBD NNP NNP , NN IN DT NNP IN NNPS IN NNP NNP IN DT NNP NNP . IN DT NN IN VBN NNS VBZ , VBG WP VBZ DT NN VBZ PRP JJ TO VB RP DT `` NN NN '' CC VB IN DT JJ CC DT PRP VBP VBN IN NN IN . CC PRP VBZ RB JJ IN DT NN , PRP VBD , IN VBG NNS IN DT JJ NN IN DT NN . `` PRP MD VB IN NN CC NN NNS TO VB WRB RB DT NN VBZ VBN , CC WDT NN IN NN RB MD VB IN DT NN , '' NNP VBD . `` DT MD VB WRB JJ PRP VBZ TO -LRB- VB RB -RRB- NN . '' EX VBP , IN RB , NNS TO VB . RB , VBG RP NN VBZ VBN DT NN IN JJ NNS . IN DT NNP , NNS IN JJ NN NNS VBP IN EX VBZ DT NN IN JJ NNS CC NN . NN NN RB VBD TO VB VBN IN NN , NNP VBD . IN DT NNP , NNS IN NNS VBD IN NN VBD VBN IN DT WP VBD JJ IN DT NN . JJ NN VBZ DT NN . IN JJ JJ NN NNS , JJ NNS NNS MD VB RB JJ IN CD IN CD . IN JJR JJ NN NNS , DT NN VBZ DT JJR NN : JJ NNS VBG NNS TO VB PRP VBP VBN DT NN CC VBP JJ , RB VBG NNS , NNP VBD . `` NNS VBP VBN PRP IN DT NN NN : WRB JJ NNS VBP VBN : IN DT JJ NN IN DT NNS , '' NNP VBD . DT JJ NN VBZ IN DT NN VBZ VBG , CC JJR , RBR JJ NNS VBP VBG RB , PRP VBD . JJ NN NNP NNP , IN DT NNP NNP NNP , VBZ PRP VBZ NN IN DT RB JJ NN IN VBG . `` DT VBZ DT JJ NN IN NN IN VBG DT NN IN DT NN VBD DT JJ NN IN JJ NN NNS , '' NNP VBD . NNP POS NN VBZ IN NNS MD VB NN IN DT VBN NN CC IN DT NNP IN CD JJ NNS IN JJ NN . IN NNS VBD DT , PRP MD RB VB DT NN IN DT NN . PRP MD VB NNS POS CC NNS POS NN HYPH IN : RB . CC RB RB , NNS VBP VBN JJ TO VB RP DT JJ NN NN . `` WP PRP VBP MD RB VB IN JJ , '' NNP VBD . CC PRP VBZ IN DT NN MD VB DT NN IN DT VBN NN CC VB NNS TO VB RB IN NNS CC VB VBG `` IN NN PRP VBP VBZ JJ IN DT NN . '' IN EX VBZ CD JJ NN WDT NNS MD VB IN IN DT JJ NN , PRP VBZ NN NN , VBZ NNP NNP , JJ NN IN JJ NN NN IN DT NNP NNP IN NNP . `` DT NNS WDT VBP JJ TO VB JJ NN : NNP NNP , NNP , NNP NNP : PRP , VB DT NN TO VB JJ TO VB RB JJ CC JJ NN NN , '' NNP VBD . DT VBZ DT JJ NN CC NN WP MD `` VB DT NNS . '' `` WRB CD NN VBZ VBN , -LRB- DT NNS -RRB- MD VB WP PRP VBP VBN IN NN IN , CC VB DT NNS WDT VBD RB IN DT NN IN WDT NN . DT NN IN NNS WDT MD VB DT JJ NN , '' PRP VBD . JJ JJ NNS VBP VBG TO VB DT RB , VBG DT NNP CC NNP . CC PRP VBP VBG IN CD NNS . JJ IN DT NNS VBP RB JJ IN NNS , RB PRP$ NN IN VBG JJ JJ NN NNS VBZ RB VBN . CC JJ NNS VBP JJ IN VBG RP . `` IN DT NN IN NNPS , PRP VBZ RB DT JJ NN TO VB DT NN VBG NN IN PRP$ NN CC PRP$ NNS , '' VBD NNP . VBG NNS IN PRP$ NNS VBZ JJ , CC RB VBG VBN IN DT JJ NNS : IN NN TO VB VBN IN JJ NNS : VBZ JJ RB , NNP VBD . `` DT VBZ DT NN WDT MD VB JJ IN VBG , '' PRP VBD . `` PRP VBP TO VB JJ IN PRP VBP DT NN NN . '' CD JJ NN WDT NNS VBP IN NNS VBZ IN PRP VBP JJR TO VB : CC RB JJR TO VB IN NN . NNP NNP , DT NN NN IN NNP NNP CC JJ NN IN NN IN DT NNP POS NNP IN NNP , VBD IN DT VBZ RP IN DT JJ NN IN VBG RP JJ NNS IN NNS . `` PRP VBP -LRB- DT -RRB- NN IN NNS WP VBP VBN DT NN , CC PRP VBP TO VB IN DT WDT PRP VBP IN DT NN VB JJR CC VBP JJR IN DT WP VBP DT NN CC DT JJ NN , '' NNP VBD . `` IN DT NN , PRP VBP VBN TO VB IN PRP VBZ NNS RB VBG VBN , '' PRP VBD . `` RB PRP VBZ TO VB VBN IN DT NN WRB DT NN VBZ VBG , CC VBN IN RB JJ NNS . '' DT VBZ NN NNS VBP RB VBG TO VB RP JJ NNS IN NNS WRB DT NN VBZ RB IN DT NN . RB , DT NNP IN NNP CC NNP VBD DT JJ NN IN PRP$ NN CD JJ NN IN NNP IN DT VBZ WRB DT `` JJ NN VBZ RB VBG . '' CC RB IN IN CC WRB DT NN VBZ VBN , NNS VBP JJ , VB NNS . `` PRP VBP NNS IN PRP VBP DT NN , '' VBD NNP NNP , NNP HYPH CD NN NN NN IN DT NNP NNP . `` PRP VBP NNS IN PRP VBP DT NN , CC PRP VBP NNS IN PRP VBP DT NN , IN RB IN NNS WDT PRP RB VBP NNS IN PRP RB VBP NN NNS . '' DT JJ NN IN NN VBZ VBG IN VBN NNS , PRP VBD IN DT NN VBN IN DT NNP NNP JJ NN . DT VBP NNS RB VBN TO VB JJ NNS CC VBP RB VBG VBN TO VB IN PRP VBP NNS . DT CD NNS WDT VBP VBN IN DT NN : NN CC NN : VB IN DT NN . RB , NN IN PRP$ NN VBZ , IN JJS , JJ . NNP , DT NN VBN TO VB NNP IN NN NNP , VBZ VBN PRP MD RB VB DT NN IN DT NN . NN NN NN VBD DT JJ NN CC VBZ RB VBN TO VB RP , IN DT JJ JJ NN VBG JJ NNS . IN DT JJ NN , NNS MD RB VB VBN IN DT NN , NNP VBD . NN IN NNS WP VBP RB VBN IN DT NN VBZ NNS IN NN HYPH CD . IN PRP VBZ VBN IN NNS WDT VBP RB JJ , PRP MD VB DT JJ NN DT NN TO VB VB DT NN . DT NN : PRP VBP VBN IN DT NN IN VBN NNS PRP MD VB NN IN . DT JJ NN VBZ JJ NNS , WDT VBP VBN CC MD VB NN HYPH VBN IN DT NN . NNP NN NNP NNP VBZ VBN PRP$ JJ NNS IN NN CD NN RB IN NNP , CC VBZ NNS IN DT NN IN NNP . `` IN DT JJ CD IN CD NNS PRP MD VB IN JJ NNS WDT VBP JJ IN NN HYPH CD VBP NN CC NN , '' NNP VBD . `` EX VBZ JJ NN IN PRP IN JJ NNS . '' JJ JJ NNS TO VB NN HYPH CD : JJ TO VB JJ NN NNS : VBP RB RB CC VB DT NN IN NNS . IN DT NNS VBN RB , NNS VBP , NNS VBP TO VB RP JJ JJ NN NN WDT VBZ VBN JJ IN NNS VBD : NN NNS , VBG DT NN CC VBG NN . `` IN -LRB- NNS -RRB- VBP VBG NNS IN DT NN IN VBG PRP IN JJ NN , DT VBZ RB DT JJ NN RB , '' NNP VBD . CD IN DT RBS JJ NNS IN NNS VBZ JJ NN , RB VBG IN DT NN VBZ TO VB IN DT NNS : NN , NN NN , NNS CC DT NN , IN PRP VBZ VBN : VBP JJ . NNP NNP , NN IN JJ NN NN IN DT NNP IN NNP , VBD IN DT VBD DT NN RB VBN IN NNP WDT VBZ VBG VBN RB RB : JJ NN NNS VBP RB RB JJ IN DT NN IN NN DT NN VBZ IN PRP TO VB . `` WDT NNS TO VB . WRB TO VB JJ NN . '' NNP VBD , RB IN DT NNP NN . `` IN DT NN IN NNS CC NNS , DT VBP NNS WDT PRP VBP VBN IN . '' CC RB IN PRP VBP DT NN CC DT JJ NN , CD IN DT JJS NNS IN JJ NN NNS MD VB IN DT NN VBZ RB TO VB . `` DT NN VBZ RB VBG TO VB RB . NN , '' DT NNP NNP NNP POS NNP NNP VBD DT NNP . `` PRP VBP RB VB DT NN CC PRP VBP RB VB PRP VBP VBG TO VB CD : RB PRP VBP RB VBN TO VB TO VB IN DT NN . '' DT NN VBZ NN IN NNP POS JJ NN NN : NNP NNP NNP . IN NN NN , NN , NNS , NN CC JJR , PRP$ JJ NNS VBP PRP IN NN IN DT NNS VBG DT NN NN NN NN . VB NNP IN DT JJ NN ."
945,874,mainstream,"VB PDT DT JJS NN IN NN CC RBR VBN RB IN PRP$ NN . VB RP RB . DT VBN CC JJ NN IN DT JJ NN , NN HYPH NN CC NN IN NN NNS TO VB NN HYPH CD VBZ JJ , JJ JJ NNS VBP IN DT NN VBN NN IN NNP . IN DT NN HYPH CD NN VBZ , NN , NN CC NN VBP VBN DT NN IN NN NNS . DT NNS VBP IN PRP$ NN IN JJR IN CD JJ NN NN RB MD VB VBN TO RB VB DT JJ NN IN NNP HYPH NNP HYPH CD , DT NN WDT VBZ NN HYPH CD . PRP VBP IN DT JJ NN IN NN CC NN WDT MD VB JJ NNS IN JJ NN NNS RB . JJ NN WP VBD NNP CD VBZ PRP MD RB . VB RB '' IN DT NN DT NNS , WP VBP NNP NN NNP NNP CC NNP NN NNP NNP , RB VBP IN DT JJ NN CC NN NN VBZ JJ TO VB DT JJ NN , VBG DT NN IN DT VBN CC JJ NN IN NN NN . VBG NN HYPH CD NNS MD VB JJ NN IN NNS , JJ NNS , NN , CC JJ JJ NNS , PRP VBP . NNS VBP TO VB JJR IN WP VBZ DT JJ JJ JJ NN IN NNP HYPH CD , NNS VBP . PRP RB VBP IN NNS IN JJ NN NNS MD VB VBN IN JJ TO VB JJ NN CC NN NNS CC VB DT NN IN NN HYPH CD NNS . NNS VBP JJ NNS IN NN NN TO NN , CD NN , NN NNS DT NNS VBP JJ NNS IN VBG DT JJ NN IN JJ NN NNS , VBG VBG JJ JJ NNS NNS , JJ NNS , VBN JJ NNS CC DT JJ NN NN CC NN NN . IN IN NNP NN , EX VBD IN JJS CD VBN CC CD NNS IN NNP HYPH CD IN DT NNP NNPS ."
946,161,conspiracy,"NN CD : WP VBP PRP$ NNS IN JJ NN . JJ NN VBZ WRB DT NN VBZ VBN NN CC NN IN DT NNS IN JJ NN . IN DT NN PRP VBZ RB RB VB DT NN `` JJ NN , '' PRP VBZ RB VBN IN PRP , IN VBN IN `` JJ NNS . '' IN DT NN IN JJ NN VBG , PRP MD VB DT JJ NN TO VB RP WDT NNS JJ NNS VBP IN JJ NN . RB , IN JJ NN , EX VBZ DT JJ NN IN NN IN PRP$ JJ NNS MD VB VBN . IN DT NN IN JJ NN , DT JJ NNS CC NNS WDT NNPS VBP VBP RB VBN . CD IN DT RBS JJ NNS WDT PRP MD VB VBZ DT NN IN NN NN , WDT VBZ DT NN TO VB IN NN TO VB IN CC RB PRP VBD RB VBN . DT VBZ IN IN NN NNS VBP PRP DT NN , PRP MD , CC RBS RB MD , VB VBN CC VBN IN NN IN DT JJ NN IN NN , RB IN DT NN IN DT NN . JJ JJ NNS WDT MD VB WRB JJ NN VBZ RB VBN VBP : NFP DT NN IN DT NN . NFP DT NN IN DT JJ NNS VBN IN DT NNP IN NNS , VBG NN IN DT NN , NN , NN , JJ NN , NN IN NN CC DT NN TO VB NNS . NFP NNS IN DT NN CC DT JJ NN MD VB VBG IN NN NN NNS . NFP NN IN NNS IN NN . NFP DT JJ NN IN NNS CC NN . NFP DT NN IN NN CC JJ NNS . NFP JJ NN CC NNS , RB IN NNS . IN EX VBZ DT NN IN JJ NN MD RB VB , PRP VBZ RB DT JJ NN TO VB VBN . VBG RB , VB CC VB RB JJ NN IN PRP MD IN PRP$ NN . VB RB HYPH VBG NN NNS JJ IN NN HYPH VBN NNS CC NNS . PRP MD RB VB WRB TO VB NNS IN IN DT IN PRP$ NNS MD VB RBR IN NNS IN NN CC NN . PRP MD RB VB WRB PRP VBP . JJ , JJ NNS MD RBS RB VB DT JJ NNS IN JJ NNS . JJ NNS , NNS CC JJ NNS IN RB DT NN IN NNS VBG IN PRP MD RB VB DT NN IN JJ NN . NN IN JJ NN IN DT NNP . JJ NN VBZ VBN VBN IN DT NNP NNPS JJ NNS IN DT JJ NN , IN RB IN DT JJ NN . IN CD CC CD , JJ NN VBD VBN CD NNS IN DT NNP NNPS , RB IN DT NN NN VBG PRP IN DT NN , DT NN CC JJ NNS IN NN IN JJ NN CC TO VB RP NN NNS . JJ NN , IN DT NNS , VBD RB IN JJ NNS IN JJ NNS . DT JJ NN JJ NN VBD VBN IN DT NNP NNPS VBD IN CD , WRB NN IN NNP NNP NNP VBD JJ NN TO VB NN IN JJ NNS IN NNP NNP . IN JJ NN VBZ RB VBN IN NN NNS , DT JJ NN RB VBZ DT NN TO VB PRP . RBS RB , DT NNP IN NNP -LRB- IN PRP VBD DT NN -RRB- VBD VBN IN JJ NN IN JJS IN NNP NNP CD , IN DT NNP JJ NNS VBG DT JJ NN IN JJ NN IN DT JJ NN : IN NN NN IN JJ NN . IN NN CC JJ NNS VBD TO VB RP IN DT NNP NNPS , DT NN VBZ VB DT NN TO VB JJ NNS . IN DT MD VB JJ , EX VBZ DT VBG WP DT NN MD VB , RB PRP VBZ RB DT JJ NN TO VB VBN ."
947,301,mainstream,"DT NN NN VBZ DT JJ NN IN NN . NNS VBP DT JJ NN IN NN IN NN HYPH CC HYPH NN NN , IN NN , IN DT NNS CC NNS IN WDT PRP MD VB IN JJ NN VB IN DT NNS IN PRP . NNS VBP RB JJ IN NN , IN JJ NNS RB VBP DT NN . WDT JJ NN VBZ IN VBZ RB RB RB VBN . IN DT NN IN JJ NNS , NN VBZ JJ IN DT NN IN DT NN NN IN NN NNS WDT VBP IN DT NN , VBG PRP TO VB NN IN DT NN CC RB VB NN . RB , JJS NNS IN JJ NN VBP RB VBN , PRP VBZ JJ , IN NN , TO VB IN JJ NN CD NNS IN NNS , CD RB JJ IN NN , DT JJ RB JJ . IN NNS EX MD VB JJ JJ NNS , CC PRP VBZ RB JJ TO VB JJ NNS IN NN , NN , CC NNS IN DT WDT MD VB RB VBN . IN DT JJ CC JJ NNS , IN NN , NN VBZ DT JJ JJ NN , IN DT JJ NN , CC JJ NNS IN JJ NNS RB VB JJ JJ NNS IN DT NN . DT NN IN JJ NN IN DT NNS VBZ IN RB IN JJ NN , RB , CC IN NN VBN IN VBN NN IN NN IN NN RB . JJ NNS IN JJ NNS , IN RB JJR NNS IN NN , VBP VBN IN JJ VBG NNS CC VBP DT VBN NN IN DT NN WRB PRP VBP PRP IN NNS . JJ NN , IN NN IN VBN NN , VBZ RB VB IN JJ NNS . DT JJ NN RB VBZ JJ JJ NNS IN NN IN NN , IN JJS NNS CC NNS VBP RB , IN RB PRP VBP VBN IN RB JJ NNS . IN DT JJ NN IN NN NNS VBP VBN IN DT NN POS NN CC IN DT NN NN , DT IN DT NN VBP RB RBR RB IN VB DT IN DT NN , VBG IN DT NN VBZ DT JJ NN IN NN NNS . DT NN RB VBZ IN PRP$ NN IN JJ NNS IN JJ NNS : NN VBZ DT JJ JJ NN IN NNS POS NN CC VBZ JJR IN NNS , CC NN VBZ DT JJ NN IN DT NN IN NNS CC VBZ JJ IN NN CC IN JJR NNS . DT NN IN JJ NN MD VB VBN RB RB IN NNS IN DT JJ , JJ , CC JJ NNS , WRB JJ NN NNS VBP VBN IN RB JJ NNS CC CC NN VBZ RB VB . IN DT NN VBZ JJ NN CC VBZ NN IN DT NN , DT JJ NN IN NNS VBZ . DT NNS VBP VBN IN NN IN DT NN NN NN , CC PRP MD VB VBN IN VBZ : JJ NNS IN JJ NN NNS VBN JJ NNS CC NNS , WDT VBP RB VBN IN DT NN NN CC WDT VBP IN DT NN , VBP IN DT NN IN DT NN . DT IN DT NNS VBP DT NN IN NN , IN DT NN VBN JJ NN , IN RB DT NN NN VBZ VBN RB IN DT NN IN WDT DT NNS VBP . JJ NNS VBP VBN CC VBN IN DT NNS IN NN IN DT NN VBN VBN NN , CC NN . WRB DT NN VBZ DT VBG NN , PRP VBZ TO VB DT NN . NN IN NN MD VB DT NN IN RB JJ NNS IN DT NN , VBN NNS , WDT VBP TO VB DT JJ NN NN CC VB PRP IN NN . DT NN RB VBZ DT NN NN , JJ IN CD IN DT VBG NNS CC NN NNS . IN DT VBN NN VBZ VBN VBN IN DT JJ NN NN , DT JJ NN IN JJ NNS VBZ . DT NN HYPH VBG NN -LRB- NN -RRB- MD VB IN DT NN WDT VBZ JJ HYPH VBG NNS -LRB- NNS -RRB- . DT NN MD VB VBN , CC PRP$ NNS VBP IN DT NN , WRB PRP VBP IN NN IN JJ VBG JJ NN NNS VBN NNS . CD JJ NNS IN NNS : NN NNS CC NN NNS : VBP IN JJ NN IN VBG DT JJ NN . WRB DT NN NN VBZ JJ NNS , CC RB CC IN NN IN DT JJ NN HYPH VBG NN , PRP VBZ VBN TO VB DT NN IN JJ , CC , RB VBN , PRP VBZ DT JJ NN . IN DT NN NN VBZ DT JJ JJ NN RB , PRP RB VBZ PRP CC VBZ RP DT JJ NN RBR RB IN PRP VBD IN DT JJ NN . DT NN IN DT NN NN TO VB RB , VBG WP VBZ RB VBN IN IN JJ NN , VBZ JJ IN DT NN NN . DT NN IN DT NN , RB , VBZ DT NN POS NN TO VB PRP IN JJ NNS IN NNS . IN DT NN NN VBZ VBN CC VBN IN DT JJ NN , PRP VBZ IN NN NNS , WDT VBP JJ IN VBG VBG NNS VBN NNS CC NNS . EX VBP JJ NNS IN NN NNS , DT IN WDT MD VB RB CD IN DT CD VBN NNS IN NN -LRB- NN -RRB- . DT JJ NN TO VB VBN VBZ NNP . RBR , IN NN IN NN , DT NN NN , WDT MD RB VB DT VBG NN , VBZ VBN . IN DT JJ NN VBZ DT NN RB , DT NN NN RB VBZ IN DT JJ NN IN NN JJ IN DT NN , RB VBG PRP CC VBG NN . IN JJ NNS , VBN NN VBZ JJ , IN IN NNS CC NN . IN JJ NNS , PRP MD VB JJ HYPH VBN , VBG RB JJR IN DT JJ NNS . DT NN IN VBN NN VBZ JJ RB RB IN DT NN IN VBG NN CC RB TO VBN NN NNS -LRB- NN HYPH VBN NN -RRB- . IN CC NN HYPH VBN NN CC JJ -LRB- NN HYPH NN -RRB- NN VBP JJ , PRP$ JJ NN IN VBG DT NN IN NN VBZ IN JJ NNS . IN NN , NN VBZ IN JJ NN IN NN IN JJ JJ NNS JJ IN JJ NN CC JJ NN CC IN JJ NNS , IN NN HYPH VBN NN VBZ IN JJR NN IN NN IN NNS JJ IN NNS CC IN DT NN WDT VBP NN ."
948,334,mainstream,"DT NN NN NNP HYPH NNP HYPH CD VBZ RB VBN IN PRP$ JJ JJ NN NNP HYPH NNP HYPH CD . CC IN JJ NN : DT NN JJ IN DT JJ NNS NN NN VBZ , IN JJ NNS , DT JJS JJ IN WP PRP VBP VBG IN RB . NNS VBP IN PRP WRB VBG WRB RB DT JJ NN VBZ IN NNS CC IN PRP VBZ NN IN PRP TO VB NNS . PRP VBZ DT NN IN WRB DT NN IN NNS CC NNS MD VB IN PRP DT VBP PRP$ NN CC VBP RB . DT NN VBZ DT NN : JJ NN CC NN NNS VBD VB DT NNP NN IN RB DT NN . CC DT NN IN JJ NN VBZ VBN TO VB RB RBR JJ . TO VB DT JJ HYPH NN NN IN NNP HYPH CD , DT JJ NN MD VB IN NN . WP IN DT NN VBZ RBR IN DT IN PRP$ RBR HYPH VBN NN NNS , IN NNP HYPH NNP CC NNP HYPH NNP . DT NNS VBP RB RB JJ , CC PRP VBP RB VBN PRP RB . DT NNS VBP DT JJ NN . CC IN PRP VBP RBR JJ IN NN CC NNP , PRP VBP JJ RB , PRP VBP CC VBP IN DT NNS , IN JJ NN VBG IN NN . PRP VBZ WRB PRP VBP VBG PRP , RB CC RB . DT NN VBN NNP IN NNP IN NNP NNP JJ NN NNS VBZ DT NN , CC WP PRP MD VB IN NNP HYPH CD POS VBN IN DT JJ NN . PRP$ NNS VBP RB JJ . IN NNP HYPH NNP HYPH CD VBZ IN DT NNS IN DT JJ NNS , NN NN MD VB JJR TO VB RP CC VB . -LRB- NN NN VBZ WRB JJ NNS IN DT NN VBP CC RB VBN DT NN CC VBN VBN IN PRP , VBG DT NN IN PRP$ NN . -RRB- IN DT VBZ , NNS MD VB DT JJ NN IN NN . VBN IN DT NN POS JJR NN , DT MD VB JJ NN NNS TO VB RB CC RB , TO VB JJ NNS DT NN . DT NNP NNS VBD PRP MD VB VBG IN VBG NNS , IN JJS IN NN IN NN , IN DT JJ NN : VB CD . DT NN IN NN '' VBZ RB RB CD , '' NNP NNP , DT NN IN NN IN NNP WP VBD DT NN , VBD IN DT NN NN VBN NNP . PRP VBD IN JJ NN VBZ RB DT JJ NN IN VBG DT NN MD VB RB IN DT NN . NNS MD VB IN DT NN , PRP VBD , CC DT WDT VBP IN DT NN MD VB RBR JJ . DT NN IN NN MD VB JJ NNS IN WRB JJ NN NNS VBP VBN . IN NNP HYPH CD MD VB DT NN IN NN HYPH VBN NNS VBZ RB IN JJ , DT NNS VBP . DT NN VBZ VBN RB IN RB DT JJ NNS , RB DT NN VBZ VBN JJ TO RB VB WRB PRP VBZ IN JJ NNS . PRP RB VBP RB RB VB WRB RB NN VBZ RP , CC WRB RB PRP VBZ IN VBN . DT NNP NN POS NNS RB VBP IN NN IN DT RB JJ NN IN DT JJ NN MD RB VB NNS CC NNS WDT VBP DT NN POS NN IN NN NNS . DT WDT MD VB , DT NNS VBP . IN DT NN IN JJ NNS IN NNP HYPH NNP HYPH CD , DT JJ HYPH VBG NNS VBP JJ IN VBG JJ HYPH NN NNS , VBZ NNP NNP , DT NN IN DT NNP IN NNP WP VBD RB VBN IN DT NN . `` VBP PRP VBG TO VB DT JJ IN NNP HYPH NNP HYPH CD . RB RB . PRP VBZ DT JJ NN , '' PRP VBZ . `` CC PRP VBZ RB DT JJS NN WDT PRP VBP TO VB IN IN RB RB , RB VBG JJR NN . '' DT NN VBZ DT JJ NN VBG DT NNS , PRP VBZ . PRP VBZ WDT NNS VBP : VBZ PRP VB IN DT JJ ."
949,285,mainstream,"DT VBZ DT NN IN DT NN PRP VBP VBZ VBG TO VB DT NN IN `` NNP NNP '' IN DT NN IN NNS , CC PRP VBZ IN DT RB RB HYPH JJ HYPH IN HYPH DT , JJ HYPH VBN NN WDT VBZ RB DT JJR IN DT NN IN NNS IN `` VB PRP VB IN NN , IN PRP VBP NN JJ '' . DT JJ NN IN DT NNPS VBZ PRP VBP VBG NN RP , RB WRB PRP VBP NN WDT VBZ RB JJ : IN DT : NN VBZ RB VB `` PRP VBP RB '' . PRP VBP DT NN MD VB RB RB . PRP VBZ DT JJ NN , IN WDT JJ NNS MD VB . NNP NNP"
950,1325,mainstream,"NNP -LRB- NNP -RRB- : NNS IN NNP NNP NNS VBD DT NN NN IN DT NN IN NNP , VBN IN DT NN IN NN NNS . DT NN VBD RP IN NNS RB IN NNS VBD TO VB NNS IN JJ NNS RB , NNP POS NNP NNP VBD . DT NNS VBD RP IN NN TO VB DT NN WDT MD RB VB DT NN IN NN IN DT NN TO RB VB PRP$ NN VBN IN VBG JJ NN . RB , PRP MD VB JJ NN CC NN NNS TO VB JJ NNS IN PRP VBP . `` PRP$ NNS CC PRP$ NN VBP VBN CC DT VBZ PRP$ NN , '' NNP NNP VBD . NNS VBP DT NN VBZ RB JJ CC JJ IN JJ HYPH NN NNS . DT NN NN VBD RP IN VBG IN CD NN , CC NNS VBD DT JJ NN VBZ VBN TO VB VBN IN DT JJ NN , RB RB RB IN NNP . `` PRP VBP PRP VBZ DT NN NNS VBP TO VB RB IN PRP$ NNS , '' VBD NNP NNP NNP , WP VBD DT NN . `` PRP VBP PRP IN NNS VBP DT NN TO VB DT JJR NN . '' RB CD NNS IN NNP NNP VBD DT NN JJ NN TO VB DT NN CC RB VB VBN . JJ NNS RB VBD TO VB NNS RB TO VB NN NNS . `` PRP VBP VBG IN PRP VBP RB VB TO VB NNS IN DT MD VB PRP IN IN NN , '' NN NN NNP NNP VBD . DT NN , RB , VBD VB CC VBZ RB VBN IN NNP NNP NNP POS NN . NNS VBD DT NN MD VB TO VB DT NN IN NN NN . DT WDT VBP TO VB NN CC VB JJ JJ NNS MD VB JJ IN IN IN DT $ CD NN , NN IN DT NN VBN RB IN NNP . DT NN VBG DT NN IN JJ NNS VBD DT NNP , CC VBD VBN IN DT NNP . NNS VBD PRP MD VB TO VB VBN JJ NN . JJ NNS IN DT NN VBD NN NNS IN NN . IN DT NN VBZ , JJ NN NNS NN HYPH JJ NN MD VB NN NN DT NN , IN DT NN IN PRP$ NNS . PRP VBZ DT NN IN DT NN IN DT NNPS IN NNP NNP CC NNP WDT VBD DT NN IN NNS IN DT NN NN VBD CD NN IN CD CC CD . EX VBZ RB DT NNP NNP NNP NNP NNP , WDT MD VB DT JJ NN IN DT JJ NNS . PRP VBZ DT JJ NN IN DT VBG JJ NN NN : NNP NNP , WDT VBZ VBG NN IN DT NN TO VB CC VB CD JJ NNS IN DT NNS IN NNP NNP NN . DT NN VBZ NN MD VB JJR JJ HYPH NN NN NN NNS WDT VBP JJ NNS IN DT NN . CC DT NNPS IN NNP NNP NNP VBP DT NN MD VB DT JJ NN NN CC VB RB JJ NN IN DT NNP IN NNP . DT NNP CC NNP VBD VBN TO VB IN JJR IN CD NNS IN NNP ."
951,9,mainstream,"NNPS IN NNP NNP VBP PRP VBP VBN DT NN IN DT NN CC PRP MD VB IN JJS DT NN IN PRP VBZ JJ IN NN . VBG PRP$ NN POS NN , NNP NNP HYPH NNP , IN DT NNP IN NNP NNP , VBD DT NNP PRP MD VB NNS TO VB DT NN IN NNS , RB IN NNS . NNP NNP VBD DT NNP : `` DT VBZ IN JJS CD NN RB IN VBN . '' DT NN VBZ IN DT JJ NN NN VBZ RP PRP$ NNS TO VB DT JJ NN , IN NNS VBG IN DT NN IN JJ NN . NNS IN DT NN VBP VBG IN PRP$ JJ NN NNS , DT NN WDT RB VBZ IN JJS DT NN . NNS IN NNP VBD PRP VBD RB VBN DT NN IN DT NN , VBG DT NN IN DT VBN NN . NNP NNP , IN DT NNP NNP NNP IN NNP CC NNP IN NNP , VBD IN PRP MD VB PRP$ NN HYPH VBN NN IN NNS IN DT NN , VBG PRP TO VB NNS CC VB PRP$ NNS TO VB PRP . PRP$ NN IN VBG DT NN VBZ DT JJ NN IN VBG NNS TO VB PRP$ JJ NNS CC TO VB PRP$ NNS . DT NN : IN DT JJ NN IN DT NN JJ IN DT NNP NN WDT VBD RB CD NNS IN CD , VBD IN NNP , DT NN IN NNP NN . IN DT NNS VBP NN VBZ RB RB JJ IN NN , EX VBP NNS IN PRP VBG RB CC JJ NNS VBP RB JJ , VBG WRB JJ PRP RB VBZ . NNS VBP VBN JJ TO VB RB RB JJR IN DT NN VBN IN NN IN IN NN IN JJ NN CC JJ NN , WRB JJR NNS VBP PRP$ NN . WP PRP VBP IN NN RB RB . NFP NN NN VBZ CD IN NNS VBP IN CD HYPH VBG NN NNS IN NNP , NNP NNP VBD IN `` DT CC JJ NN '' IN DT NN IN IN DT NN NN , NNP NNPS VBD DT NNS IN CC IN JJ NNP WRB IN IN CD NNPS VBP VBN . NNPS IN TO VB VBN IN NNP MD VB VBN IN IN IN CD NNS , RB IN DT JJ NN . IN IN DT NN , CD NNS IN NNP VBP VBN VBN IN NN , DT VBD JJ , WP TO VB NN TO VB IN PRP MD VB NN JJ NN , JJ JJ HYPH IN HYPH JJ NNS IN NNS WP VBP RB VBN IN NNP VBN IN NNP , NNP , NNP CC NNP DT NN CC NN IN JJ NNS IN DT JJ NN IN RB DT JJ NNS , VBN IN DT CD NNS PRP VBD IN DT CD NNP NN , VBZ VBN TO VB DT NN NN . PRP VBZ VBN NN TO VB RB RB , CC RB VBD IN DT NN POS NNS IN NN MD VB VBG NN TO VB VBN . NNS VBP VBN DT NN IN VBN NNS IN DT NN VBZ JJR IN CD WDT VBZ RB VBN DT IN DT NNP NN IN CD . PRP VBZ DT NN WDT JJ NNS VBP VBZ DT RB JJR NN IN NNS WP VBP VBN VBN CC RB RB VBN IN NN . EX VBP RB NNS IN JJ JJR NNS VBP VBN VBN CC IN PRP$ NNS VBP RB RB VBG IN IN DT NN NN . DT NN IN NNS VBP IN NNP , WRB DT JJ CD NNS VBP VBG VBN IN JJ NN NN . PRP VBZ RB RB VBN VBN IN CD JJ NNS CC NNS . DT VBG NN VBZ VBN NNS TO VB IN JJS CD CD NNS IN NNP NNP , VBG PRP$ NN NN NNP , CC VBD DT NNS IN NN VBG IN CC IN IN JJ IN PRP$ NNS . DT NNP IN NNP VBD IN CD NNS VBP VBN VBN IN NN IN NNP , DT VBP VBN RB JJ . RB , DT NNP NNP NNP VBD PRP$ NN NN MD VB TO VB IN PRP MD VB DT NN DT JJ NN . WRB VBD NN VB . IN NNS IN NNS , DT NNS IN JJ NN POS NNS DT NN NN VBD VBN IN NNS IN NNS IN NNS , NNS VBP VBN . DT NN IN DT NN VBZ VBN TO VB VBN IN DT JJ NN NN NN IN DT JJ NN IN NNP , WDT VBZ RB VBN VBN IN NN IN CD NNS VBD CC JJR IN CD NNS VBD VBN RB . DT JJ NN VBN IN DT NNP NNP NNP DT NN VBD IN DT JJ NN VBD DT NN IN NN VBN IN NNS . JJ JJ NNS IN NNP CC NNP VBD RB VBN TO VB VBN IN DT VBG NN . NNS VBD VBN DT JJ NN VBD RB JJ IN VBG DT NN RB JJ IN DT NNS IN PRP$ NNS VBD JJ . CC DT JJS NN VBD TO VB RB , IN NNS VBP TO VB DT NN . IN DT NN , DT NNS VBD : `` DT NNP NN POS JJ NN MD VB NNS , CC IN NNS CC NNS EX MD VB DT JJ NN . '' RB , NNS IN NNP NNP RB VBP IN DT JJ NN VBD VBN IN NNS IN NNS , CC VB PRP VBD IN DT NN IN NNS . DT NNS VBD IN DT JJ NN VBZ VBN RP IN DT NN IN CD WDT VBZ NNS CC DT JJ NN . PRP VBP IN VBN JJ NN IN CC NNS CC DT JJ NN VBD RP DT NN WDT VBZ NNS VBP IN JJ NN NNS , VBG DT IN NNS . IN VBG DT NNS IN DT NNS DT NN VBD IN NNS VBD JJ IN DT RBS JJ NN IN DT NN . PRP VBD IN PRP RB VBD DT `` NN '' IN DT JJ NN TO VB JJR CC VB . NNS VBP VBN IN DT NNP NNP NNP IN JJ NNP CC MD VB VBN IN JJ NNS IN VBG IN NNS , PRP VBP . CC DT JJ NN IN DT NNP NNP IN NNP , WP VBD RB TO VB VBN , VBD DT NNS MD VB VBN IN NN . PRP VBD DT NNP NNP NNP NNP : `` PRP VBZ VBN IN NN IN DT NN NN . `` IN PRP MD VB WP VBZ IN JJ NN VBZ JJ . `` DT NN NN VBZ JJ , CC PRP VBZ RB CD IN DT JJ NNS IN NN . EX MD VB JJ NNS VBN . '' DT NN VBZ IN DT JJ NN VBD DT NNP NN , VBG IN PRP$ NN NN VBD CD NNS JJR IN DT IN DT NN NN JJ IN NN . PRP VBP IN PRP$ NNS . VBP PRP VB DT NN IN DT NNP NNP NN NN . VB PRP IN NNP CC VB CD CD CD . PRP MD VB PRP IN CD CD CD . PRP VBP IN NNS RB . VB RB TO VB PRP ."
952,932,mainstream,"PRP$ JJ NN NN VBZ PRP RP IN NN IN DT JJ NN IN NN NNS . PRP VBZ JJ IN DT CD NNS IN DT NN VBP VBN RB IN VBN . IN PDT DT NNS VBP RB VBN CC IN NNS VBP RB VBN IN DT JJ NNS , DT NN MD RB VB RB . DT NN NNS VBP VBN TO VB IN DT NNS . RB , PRP MD VB VBN TO VB JJ IN PRP VBP RB VBN CC VBN WRB PRP VBP PRP . IN DT VBP VBN CC VBN , PRP MD VB TO VB PRP . NN NN MD VB VBN IN DT NN IN DT NN IN CD CC CD NNS NNP -LRB- CD CC CD NNS NNP -RRB- IN DT NNS . IN DT NN VBZ VBN IN NN NN , PRP MD VB PRP$ NN . RB , VB TO VB JJ NN IN DT NN IN NNS . DT NN IN DT NN MD VB VBN RB CD NN IN DT NN . VB IN DT JJ CC JJ NN WDT VBZ DT NN WDT VBZ RB VB NN NN -LRB- NN , CD NNS NNP CC CD NNS NNP -RRB- . VB DT NN JJ . VB RB VB PRP IN VBG . RB VB DT NN RB RB IN JJ IN PRP VBP PRP IN PRP$ NN . DT NN IN DT NN MD VB JJ IN JJ NNS . VB PRP$ NN POS NNS CC DT NNS IN DT NN . DT VBG NN VBZ RB DT JJ NNS IN DT NN . IN PRP$ NN VBZ JJ , VB RB VB PRP IN PRP$ NN VBZ PRP TO VB RB . DT NN IN NN WDT PRP VBP VBZ IN DT NN IN DT NN . RB , DT NN IN NNS PRP VBP DT NN , DT NN VBN IN NNS , CC DT NN IN NN PRP VBP DT NN VB IN DT JJ NN IN WDT PRP VBP VBG DT NN . NFP VB CD NN IN NN DT JJ NN IN DT NN IN CD NNS . VB PRP$ NN CC NN IN NNS . IN PRP VBP RB VB DT VBN NN IN DT JJ NN , VB DT VBN NN IN DT NN CC VB PRP$ DT HYPH JJ HYPH NN NNS IN RB . PRP VBZ JJ IN DT NN VB VBN RB IN VBN IN PRP MD VB PRP DT JJS NN IN NN NN . VB IN DT NN . VB RB VB . VB IN IN DT NN IN NNS . VB RB VB JJ NN CC NN RB RBR VBN ."
953,723,conspiracy,"WRB JJ VBZ DT NNP NNP . NNS IN JJ NNPS VBP VBG RP IN NNS TO VB DT NN NN . CC DT NN VBP VBN IN NNS IN DT NN IN DT NN NN NN RB IN CD IN DT JJ CD NNS VBD TO VB VBN RP IN IN NN . RB PDT DT NN POS VBN NN IN NN NN VBZ VBN VBN RP . IN JJ NNS , DT JJ NN VBZ VBN VBG DT NN NN IN NN , RB RB IN DT NN CC DT JJ , CC RB PRP VBZ VBN TO VB DT JJ IN HYPH NN . IN DT NN VBZ RB VBN , DT NN VBZ VBN VBN IN NN NNS MD VB VBN IN DT JJ , DT RB JJ , NN NN NNS , NNS CD SYM CD NNS JJ , JJ NNS CC NNS WP VBP TO VB JJ IN DT JJ CD NNS . DT JJ NN VBD VBN RB IN DT NN IN DT NN IN NNS IN NNP CC IN JJS CD NN NN VBD NN NNS . RB , DT JJ NN IN NN VBZ VBN IN NN NNS VBP RB VBN JJ IN DT NNS IN DT NN POS JJ HYPH NN NN . RB NN VBZ TO VB DT NN NN . PRP VBZ NN TO VB RB CC VB IN DT JJ NN . NN TO VB IN DT NN IN WRB JJ NNS VBP VBN IN VBG DT NN . RBR RB , WRB JJ VBP NNS VBN IN VBG DT NNS CC JJ NNS RB VBN IN NN . IN VBZ RB VBN , DT NN NN VBZ DT NN . DT CD JJ NN NNS VBP RB VBN IN DT NN , CC DT NN VBZ VBN IN DT NN IN NN , NN NNS IN NNP , CC DT NNS IN DT NNP NNP NNP . WP VBZ RB RB VBN VBZ DT : NNS VBP NN IN CD NNS , CC DT JJ NN NN VBZ RBR JJ TO VB JJ IN DT NN WDT VBZ JJR IN CD NN IN DT WP VBP TO VB NN NN VBZ DT NN VBN IN NN NN CC NN . NNS VBP IN DT JJ NNS IN NN IN NN HYPH JJ NN . DT NNS VBP RB DT JJ NNS NN , NN , NN NNS , NN CC JJ NN . IN DT NN NN , NN NN NNP NNP , NNP , VBD , `` DT NN VBZ RB VBN IN DT JJ NN '' RB CD HYPH NN IN DT NN VBZ VBN IN DT JJ NN , RB CD HYPH NN VBP VBN IN NNS , DT JJ NNS WDT VBP DT JJ NN , CC DT NN VBP DT VBN NN IN JJ NNS VBG NN NN CC NN NNS CC NNS IN DT NN NN . NFP WP VBZ NNS JJ , VBG IN NNP NNP , VBZ IN PRP DT VBP TO VB DT JJ NN . RB , PRP MD VB WRB JJ IN DT NN NNS IN DT VBG NN NN MD VB NN NN CC NN , PRP VBD , UH DT NN VBZ RB VBN DT . NFP NNP NNP VBD DT JJ NN IN DT JJ NNS IN WDT JJ NNS IN NN CD VBD RB VBN TO VB DT NN NN CC DT NN NN . -LRB- RBR IN DT RBR . -RRB- CC PRP RB VBD DT NN VBN , `` WRB TO VB IN NN . '' IN DT JJ JJ NN , NNP . NN NNS VBP RB VBN IN NN NN CC NN , DT NN WDT VBZ IN RB DT JJ NN IN DT NN NNS , PRP VBD . WP VBZ JJR , JJ NN NNS VBP RB JJ IN VBG WRB JJ NN NN CC NN TO VB IN DT JJ NN NN . VBG DT NNS RB , NNP NNP VBD NNS IN JJ NN , VBN DT NNS CC JJ NNS . `` IN VBG JJ NNS TO VB IN NN PRP VBP JJR NN IN WP PRP VBP VBZ NN CC RB DT NN HYPH JJ NN . NFP WRB JJ VBD JJ NN POS NN . DT NN IN NN NNS DT NN VBZ DT RB RBR JJ NN IN WP VBD IN NNP CD WRB NN VBD RP RBR IN JJ IN DT NNS IN DT NN . DT NN VBD VBN IN DT NN NN VBD VBG TO VB RB JJR IN JJ NNS . NNS IN NN HYPH JJ NNS IN RB JJ JJ NNS VBD NNS IN NNS TO VB IN NN IN DT NN NN . CC PRP VBP RB RB RB IN JJ NN POS NN TO VB IN DT NN NN IN DT CD HYPH CD NN VBD DT NN . PRP VBD DT JJ NN DT JJ NN RB VBD IN DT NN IN DT NN NN IN DT NN IN DT NN NN . DT NNP NNPS IN NNP NNP -LRB- NNP -RRB- CC NNP VBD DT NN WDT VBD NN NN NNS IN NNP , WRB DT CD HYPH CD NN NN VBD IN DT NN . NN NNS VBD VBN IN DT VBN RB RB IN DT JJ NN NN NNS . NNS VBD IN JJ NN POS NN VBD RB JJ CC VBD RB JJ NN IN NN HYPH JJ NN . NFP RB , DT NNP VBD TO VB DT JJ NN IN DT JJ NNS , VBG IN PRP$ NN VBD RB VB IN JJ NN POS NN VBD RB JJ . NNP VBD NN VBN TO VB JJ RB VBZ WRB DT NNP VBD DT JJ NN IN DT CD HYPH CD NN . RB JJ NN , DT NNP JJ NN NNS CC DT NNS WDT VBP NNS VBD CC VBD TO VB IN DT JJ NN VBN DT NNP NN NN MD VB DT RBS JJ NN IN NN CC VBD PRP IN IN DT NN . DT NNP NN VBZ JJR IN DT NN JJ IN NN NN NNP NNP NNP , NN IN DT NNP NNP NNP NNP IN NNP . IN DT NN NN NN IN DT NNP POS JJ NN IN NNS , NNP VBD IN DT NNS VBG DT NNP NN CC WRB PRP VBD RB VBN IN DT CD HYPH CD NN NN . RB RB IN NNP CD , CD , NNP VBD DT NN NN VBD IN NNP NN VBD DT RBS JJ NN IN DT VBG NN NN . `` JJ NNS VBD VBN IN VBG DT NNP , NNP NN IN DT NNP NN VBG IN IN NNP CC VBG VBN IN NNP CC DT NNP JJ NN , NN VBG IN NNP , JJ NNS IN NNS IN DT NN VBD JJ TO VB CC VB DT NN IN DT NN WDT MD VB NN NN . NFP IN DT NN NN , NNP VBD IN DT NNS IN DT NNS IN DT NNP VBP RB JJ -LRB- VB RB -RRB- . `` PRP VBD IN DT JJ NN NNS TO VB JJ IN DT JJ NN IN DT NN IN DT -LRB- CD HYPH CD -RRB- NN NN , '' PRP VBD . -LRB- IN NNP CD , RB IN DT NN TO VB VBN VBD VBN , DT NNP VBD DT NN NN VBG DT NN IN DT JJ NN NN . -RRB- DT NNP NNP NNP NNP , WDT NNP VBD IN CD , VBZ DT JJ , JJ NN NN WDT RB VBZ IN DT NN IN JJ NN TO VB JJ NN VBG NN NNS . NN IN NNS NN IN NNPS IN CD PRP VBZ , IN NN , RB JJ TO VB IN DT NNP CD HYPH CD NN NNS VBP RBR JJ , CC IN DT JJ NN DT JJ NN VBZ VBN VBN IN DT NN NN NNS RB . DT NN VBD VBN IN DT NNP NNP NFP CC NNP NNP VBD CD IN DT CD NNS . DT NNP NNS VBD TO VB DT NN IN WRB JJ NN NNS VBP IN JJ NNS IN DT NN IN CD NNS . PRP RB VBD TO VB IN EX VBD DT JJ NNS . PRP VBD CD JJ NNS IN WDT JJ NNS IN DT NNS IN CD CC CD NNS VBD VBN RB VBN TO VB DT NN NN CC DT NN -LRB- JJ -RRB- NN . PDT DT NNS VBD VBN VBN IN JJ NNS IN CD CC CD . RB PRP VBD CD NNS . RB VBZ DT NNP NN NN : NN NNS VBP JJ IN VBG NN NN CC NN , CC PRP VBP RB VB IN DT JJ NN IN NN HYPH JJ NNS . WRB DT NNP NNS VBD DT NNS IN DT CD NNS , PRP VBD IN RB CD NN JJR VBN NNS VBD DT NN , VBN IN DT JJ NNS . DT NN NNS , WDT VBD DT NN , VBD VBN IN DT NNS IN DT NNP NNP NNP CC JJ NNS -LRB- DT CD NNS VBD NN IN CD JJ NNS -RRB- . DT JJ NNS IN DT NNS VBD VBN . DT NNP NN , WDT VBD VBN DT NN , VBD DT JJ NNS : DT NN NN VBD RB VB DT NN IN VBG NNS VBN , CC VBD PRP VB NN HYPH JJ NNS , NNS CC NNS . IN DT JJ NN NN , DT JJ NN VBD DT NN IN DT NNS TO VB DT NN IN NN . NNP NNP CC PRP$ NNS VBP RB VBG DT JJ NNP NN IN DT NN JJ NNS VBG DT NN -LRB- DT NN IN NNS VBZ IN DT NNS -RRB- . RB JJ JJ NNS VBP VBN VBN IN DT JJ CC RB JJ . IN RBR RB HYPH VBN NNS -LRB- CD IN DT -RRB- , DT NN NN VBD DT NN IN NN , NN , CC NN IN NNS IN CD . DT NNP NN VBD RB IN DT NN IN DT NN NN IN NNS IN NN . PRP VBD CD JJ NNS : VBZ DT NN PRP VB NN NNS . VBZ PRP VB IN NN NNS VBN IN NN . VBN NNS IN NNS VBG NNS IN NN CC NNS IN NN VBD IN DT JJ NN : NN NNS VBD RB VB IN DT CD NNS VBG DT NN NN . IN IN DT NN IN IN DT NN NN VBZ DT NN IN NN NNS VBG NN NN -LRB- IN VBN IN DT NN PRP -RRB- , JJ NNS VBP VBN IN DT JJ NN . DT NNP NNP , WDT VBD VBN IN CD , VBD , JJ NN VBZ IN NNS IN WRB JJ NN NN VBZ IN NNS IN NN . NFP DT JJ NN NN IN JJ NNS CC NNS VBZ DT RB JJ NN IN DT NNP IN VBN , JJ NN POS NNS IN NN HYPH JJ NNS IN JJ NNS VBD JJ JJ NNS TO VB RP IN NN NNS . CC DT NNP NN NN -LRB- IN IN NNP CD , CD -RRB- VBZ IN EX VBZ DT NN IN VBG IN JJR NNS IN JJ VBD IN DT NN JJ NN . `` IN DT NN IN NN NNS IN NNS VBZ RB VBN VBN RB , PRP VBZ RB JJ TO VB DT NN IN NNS IN NNS DT NN IN JJ NNS . NFP RB RB IN DT NNP VBZ , CD NNS VBD IN NN IN DT CD SYM CD NN . IN DT NN , DT NNP NNS VBD VBN WRB JJ IN DT NNS VBD VBN RB JJ IN PRP VBD NN . NN : `` DT NNP MD VB DT NNS IN DT NN IN DT NN . NFP -LRB- DT NN MD RB VB JJ NN IN PRP$ NNS IN DT NN , RB DT NNS IN DT NNS VBD IN DT NN NN . -RRB- IN NNP VBD VBN DT NNS TO VB NN NNS CC VBZ RB VBN DT NN VBD RB JJ , PRP VBZ JJ TO VB JJR IN DT NNS WP VBD . DT NN IN DT NNP NN IN NNS IN CD CC CD NNS VBZ IN CD RB JJ NN VBN IN NNP IN JJ NN POS NN NN . PRP VBD DT JJ NN IN DT RB CD NNS VBN IN DT NNP NNP NN NN . DT CD HYPH CD NN HYPH NNS VBD RB RB CD HYPH NN IN PDT DT NNS IN DT NN NN . DT NN VBD VBN IN DT NNP CC VBN IN NNP NNP NNP , NN , NN NN IN DT NNP NNP IN NNP NNP , NNP . IN DT NN NN , NNP NNP VBD VBN TO VB DT NNS , IN PRP VBD RB VBN RB IN DT NNP NN NN . VBN IN JJ NNS , DT VBN NNS VBD CD NN JJR NNS IN NN , VBG IN NNP NNP . DT NN , PRP VBD , VBD RB IN DT NNS WP VBD NN NN CC NN . IN , EX VBD DT JJR NN IN DT IN DT RBR JJ NN HYPH JJ NN : CD NN JJR NNS IN DT VBN NNS . CC DT JJ NN VBZ : CD NN CC CD NN IN WP . NNP NNP VBD RB JJ TO VB DT NN . RB VBZ WRB DT NN VBZ JJ : IN JJ NNS IN DT NN VBD DT NN , RB DT NNS VBP JJR IN VBZ DT NN . IN NN , IN CD NNS VBP IN DT NN NN , CC RB CD IN DT JJ NNS CC CD IN DT VBN NNS VBD DT NN HYPH JJ NN , DT VBZ CD NN JJR NNS . DT NNS VBD PRP$ NN NN VBN IN NN NNS WDT VBD VBN IN DT NN NN . IN DT RB HYPH VBN JJ NNS WDT VBD DT NN IN DT NNP NNPS , DT NNP NNP NNP NN VBD RB RB VBN DT NNS TO VB DT NN NN CC DT NN NN . DT NN VBD RB JJ NN IN DT NNP -LRB- NNP CC NNP NNP NN -RRB- , CC VBZ RB TO VB VBN IN DT NN HYPH VBN NN . WRB VBN IN DT NN NN VBD DT JJ NNS , NNP NNP VBD EX VBD NN , CC VBD DT NNS IN PRP$ NN . JJ NN NNS VBD RB VBN , CC DT NNS VBD RB VBN , '' PRP VBD , VBG DT IN JJ NN NN . DT NNP POS NN IN PRP$ RB JJ NN VBG JJ NN NNS IN NNS CD SYM CD NNS VBZ RB VBN IN PRP$ RB JJR NN IN NN NNS . CC NN NN NNP NNP NNP VBZ PRP$ NNS . VBG DT NN NN IN NNS IN NN CD WP VBP JJ TO VB JJ , JJ NN NNS IN DT JJ NN NN VBZ DT JJ NN , NNP VBD NNP . PRP VBZ DT NNP IN VBG NN IN DT NNS IN DT NN NN CC DT NN IN VBG NNS CC NNS IN DT NNS VBG DT NN IN DT NN NN IN NN IN JJ NN NNS . DT CD NN PRP VBD VBD NNP , DT NN NN WDT VBZ VBN VBN IN NN IN DT NN NN . NNP VBZ VBN IN JJ NN NNS RB VBG CC DT NN IN DT NN NN IN NN IN NN CC NN . NFP DT JJ JJ NN , VBN IN NNP NNP , VBZ PRP$ NNS . JJ NNS , JJ CD IN CD NNS , VBD VBN VBN IN NN NN CC RB NN HYPH VBN IN JJ NNS . PDT DT NNS VBD VBN IN CD NN NNS . DT NN VBD IN DT NN VBD JJ IN VBG NN NN . WP VBZ JJR , DT NN NN VBN IN NNP NNP VBD IN NN NN IN JJ NNS CC JJ NNS VBZ RB VBN IN DT NNS RB VBP DT NNS . JJR NNS VBP VBN , VB DT JJ NNS , IN VBG NNS IN DT NN IN CD VBZ JJ NN . JJS NNS MD RB VB DT NN -LRB- RB CD SYM CD NN VBP RP IN PRP DT NN , VBG IN DT NNP -RRB- . NN VBZ RB VB DT NN IN JJ NNS IN JJS NNS WP VBP PRP . DT NN NN -LRB- WDT VBZ NNS DT NN -RRB- VBZ RB VB DT NN IN NN WDT DT JJ NN IN NNPS VBP DT NN , NN NN . DT NN NN MD VB DT NNS IN VBG NN NN CC NN IN RB CD NN . DT NN IN NN , RB , VBZ JJR IN CD NN IN DT NNS , CC JJ NN NNS MD VB WRB JJ IN DT NN NNS VBN IN DT VBG NN NN MD VB NN NN CC NN . JJ NNS MD VB IN DT NN NN IN NNS IN VBN NN IN NN , NNS CC NN , CC DT VBG NNS VBP RB RB JJ . EX VBZ DT JJ NN TO VB IN DT NNS VBP DT NNS IN VBG NNS CC JJ NNS IN DT NN . JJ NNS IN NN CD NNS VBP RB VB IN DT NN NN , IN NNS IN VBN NNS IN VBG DT NN , NNS VBN IN NN , CC VBG DT NN IN NN . DT JJ NNS IN DT NN NN VBP VBN VBN , IN JJ HYPH NN NNS VBP JJ . NFP VB DT NNP NN NN -LRB- ADD CC VB DT NN IN CD CD -RRB- CD . DT VBZ DT NN NN HYPH VBG NN NN , CC RB RB DT JJ NN IN NN . IN NN , DT NN NN VBZ IN DT JJ NN NN VBZ IN IN DT NN IN DT JJ NN IN DT NNP VBD NN IN DT NN IN DT JJ NN IN DT NNP , CC VBZ TO VB DT NN -LRB- NN -RRB- . NFP IN DT RB JJ NN , VB IN DT NNP NNP NNP NNP POS NN NN IN -LRB- ADD CC VB CD CD . PRP MD VB DT NN , IN NN , IN DT NN IN JJ NN IN VBN IN DT NN NN CC JJ CC JJ NN IN VBN IN VBG IN DT NN . DT NNP VBZ DT JJ NN NN CC NN IN NN . IN DT NN NN , PRP MD VB DT NNS IN JJ NN POS NNP NN NN NNS VBN IN NNP NNP NNP IN DT NN . NFP IN ADD VB DT CD NN IN DT NNP TO VB NNP NNP POS NN , `` WRB TO VB IN NN . NFP NFP IN PRP VBP IN DT NN NN NN VBZ IN IN NNS IN JJ NNS , VB IN DT NN NN IN DT NNP , NNP HYPH VBN , NN NN , NNP NNP -LRB- ADD NFP DT NNP NNP VBZ DT JJ NN WDT VBZ JJ NNS IN DT JJ NNS TO VB IN CC RB JJ NNS VBP . DT NNS VBP VBN IN DT NN HYPH RB NN NN RB CC IN DT NN NN NN ."
954,963,conspiracy,"NNP MD RB VB NN , JJ VBZ CD CD NNS VBZ `` CD NN '' IN VBN NN IN CD CD -LRB- PRP VBZ RB RB CD NN -RRB- IN NNP VBZ IN NN , VBG RB IN DT NN IN JJ CC JJ NN VBN TO RB VB IN DT NN NN , DT JJ NN IN JJ NN VBD NN IN NNP WRB NNP VBD DT NN : NNP RB VBZ CD NN IN NN NNS VBN IN DT `` JJ HYPH VBN '' NN NN , NNP NN VBZ VBG IN DT NNP NN , `` NNP CC NNP NNPS NN NNP NNP NNP VBZ DT NN MD VB RB CD CD IN JJ HYPH NN NN NNS . '' DT NNP RB VBZ RB CD CD NNS , PRP VBZ . RB UH , NNP NN NNP NNP NNP VBZ CD CD VBZ CD NN IN CD CD . RB IN PRP VBZ DT NN IN WP , IN PRP$ NN , MD VB `` DT JJ CD NN , '' RB PRP MD VB RB CD CD JJR NNS RB IN DT CD CD WDT VBP RB VBN -LRB- UH , PRP MD VB JJ NN RB -RRB- . VBZ PRP DT NN PRP VBP JJ IN NNS IN NNP NNS . DT NNS VBG DT NNS MD RB VB JJ NN . NNP NN NNP NNP NNP -LRB- NNP -RRB- RB VBZ RP : `` IN DT NNP RB VBZ CD CD NNS CC VBZ CD CD , DT NN VBZ DT NNP RB VBZ RB CD NN IN DT VBN NNS . '' NNP IN NNP IN RB VBG DT RP , IN PRP RB RB VBP IN DT NN WRB NNP NNS VBP CD CD VBZ CD NN IN CD CD . RB DT NNP NNS VBD VBN IN JJ NN NN NNS WRB PRP VBZ RBR JJ TO VB JJ IN DT NN RB IN VB DT JJ NN . NNP NNP MD VB NN RB , WDT VBZ WRB PRP RB RB VBD IN PRP$ NN WRB DT NN MD VB CD CD NNS , RB VBD RP TO VB `` PRP VBZ RB DT NN '' CC EX VBZ NN TO VB IN . DT NNS IN NN MD RB VB NN CC VBP RB VB JJ NN : WP MD RB VB JJ . IN PRP VBP VBG DT JJ NN IN DT JJ NN , DT NN TO VB NN VBZ IN NN JJ IN VBG WRB DT VBZ VBG -LRB- CC WRB TO VB PRP -RRB- . PRP VBZ IN JJS RB JJ TO VB IN NNP NNS MD VB DT NN , RB IN NNP VBZ . JJS NNS VBG DT NN RB RB VBP RB VB JJ NNS , IN DT NN , WDT VBZ WRB PRP VBP RB RB VB EX MD VB CD SYM NNS IN NNP IN PRP VBP VBN IN DT NNS NN NN . CC WP VBZ RB RBR JJ IN PDT DT VBZ DT NN IN IN DT NNP NN VBZ VBG DT JJ NN IN NN NNS : NN , NNS , NN , NN NNS CC RB NN NN NNS : JJ NN NNS VBP RB VBG JJ TO VB VBG , VBG NN RB VBZ DT NNS CC NN IN DT . RB PRP VBP DT NN WDT VBZ RB VBG DT RB JJ NNS PRP VBP VBG DT NN TO VB VBG . CC PRP VBP NNS IN DT NN IN DT NNP , NNP CC NNP NNP . WP VBP DT NN IN JJ NN , WDT VBZ WRB PRP VBP `` RB '' VBG VBN NNS IN DT NN , CC VBG VBN NNS IN DT JJ NNS IN JJ NNS , VBN RB IN DT JJ NN VBN IN NN NN . DT VBZ WRB PRP VBP TO VB DT NN NN IN NNP , IN DT VBZ VBG IN DT NN HYPH VBN NNP NN NN NN IN PRP : `` VB RB VB , VB , RB PRP VBP NN IN `` NNS RB RB VBG NN HYPH NN NNS . PRP$ JJ NN VBD `` JJ . PRP VBZ DT NN RB . ''"
955,787,mainstream,"DT VBZ DT JJ NN IN DT NNP JJ NN IN NNS : DT NNS , NN , NN CC NN NNS . DT JJ NN NN VBD DT NN IN NNS WP MD RB VB PRP$ NNS VBP TO VB VBN . `` PRP$ NNS VBP CD NNS JJ CC PRP VBD PRP DT NN : NNS VBP RB VB JJ , NNS VBP NNS , '' NNP NNP , VBD NNS IN PRP$ NN IN IN DT JJ NN , IN WRB PRP VBP , VBD DT JJ NN IN PRP$ NN NNS JJ NN . DT NN VBZ DT JJS NN IN NNP POS NN NNS TO VB NNS TO VB PRP$ NNS . NN , RB VBN NNS CC CD NN NNS VBG IN NNS IN NNS VBP IN NN VBP VBN DT JJ NN IN NNS IN DT JJ NN . `` DT JJ NN VBZ JJ . NNP VBZ VBN VBN RP IN DT NNP -LRB- NNP NNP NNP -RRB- IN DT NN NN IN DT NN VBZ VBG , '' VBD NNP NNP , DT JJ JJ NN NN IN DT JJ NN NN , VBG IN IN DT NNS , RB CD IN CD NNS VBP RB VB DT VBN NN NN . DT NN VBD RB CD NNS RB CC VBZ VBN RB , PRP VBD . NNS IN DT NNP NNP NNP NNP VBP DT NN . IN JJ NN VBZ CD NN , NNS IN NNP VBZ IN IN CD CC CD NN IN DT JJ NN IN DT NN IN NNS HYPH NNS HYPH NN : VBN IN NNP : VBD IN CD IN CD NN IN DT JJ NNS . TO VB DT NN , DT NN NN JJ NN VBD DT CD CD NNP NNP NNP WDT , IN NNS IN NN IN DT JJ NN , VBZ RB VBN TO VB RP DT NN . `` PRP VBP JJ NN IN DT NN CC PRP RB VBP DT NN IN NNS WP MD VB TO VB IN PRP$ NNS VBP VBN , '' NNP NNP , NN NN IN DT NN NN IN DT NN NN , VBD IN DT NN . `` PRP RB VBD DT NN IN DT NN IN NNS , WP MD VB VBG JJ NN IN DT NNS WDT VBP NNS IN VBG PRP$ NNS . '' VBG DT JJ NNS VBZ JJ TO VB NNS TO VB PRP$ NNS . PRP VBZ RB JJ TO VB DT NN IN NNS IN NN NNS , PRP VBD . `` IN NNS VBG IN NNS , DT NN NN VBZ RB JJ , CC DT NN IN NN IN NNS VBZ RB JJR , '' VBD NNP NNP , NN IN NN IN DT NNP NNP NNP . CC DT NN NN MD RB VB DT NN POS JJS NN : JJ NNS . CD IN DT JJS CC JJS IN JJ NNS IN NNP VBZ DT NNP IN DT NNP NNP IN DT NNP IN NNPS , CC NNP , VBN IN CD . DT NN VBZ DT JJ NN IN DT NNP HYPH JJ NN NN DT NNP NNP IN NNPS NNP . DT NN VBZ DT NN IN PRP$ NN IN `` NNS VBN IN NNS , '' IN DT VBN IN WP PRP VBP DT NN IN NN CC NN . `` NNS VBP NN , NN IN DT NN , NN CC JJR TO VB NN , '' DT NN VBZ . IN JJ NN IN DT JJ NN VBZ VBN , PRP VBP NN IN NN IN IN EX VBZ RB DT NN VBZ JJ RB . `` EX VBP RB RB DT NNS RB RB WDT VBP CD NN DT JJ NN IN NN CC NNS , '' NNP NNP , DT NN POS NN VBD . PRP VBP JJ NNS TO VB VBN IN NNS VBP CD NNS JJ , RB IN CD NNS JJ . TO VB DT NN HYPH RB , NNP , NNP POS NN IN NN IN NN NN CC NN , VBD DT NN IN JJ NN . `` IN DT NNS IN NN NNS IN DT NN CC NN IN NNS , EX VBZ VBN DT JJ CC JJ NN IN DT NNS TO VB PRP$ NNS . DT NN VBZ RB IN IN DT JJ NNS WDT VBP IN DT NN CC IN NNS CC NNS IN JJ JJ NN , '' DT NN VBD IN PRP$ NN . NN NNS VBD VBN IN CD NN NNS IN PRP$ NN IN JJ NNS . IN CD , DT JJR JJ NN VBD IN NNS IN DT NN VBN IN NN DT NN IN VBG DT NNP NN . DT NN VBD IN DT RB VBN CC VBN NN IN JJ JJ NN NNP NNP , WP VBD IN DT JJ NN DT NNP IN CD NNS IN DT NN IN CD NNS VBG TO VB DT NN IN DT NN NN CC NN . IN NN IN VBG VBN IN DT JJ NN , DT NN VBD NNP VBD NNS CC VBD TO VB PRP VBD NN IN NNS VBG IN NNS VBG NN NNS . IN CD , DT NN IN NNS VBD DT JJ NN , VBG DT NN VBN IN DT NN NN . DT NN VBN IN DT NN IN NNS VBD DT NN IN JJ NN VBG DT NNP HYPH NN NN . DT NN VBD IN DT JJR NN NN VBD VBN IN NNP POS VBN NNS . CC IN DT JJ NN IN CD , DT NN IN NNP VBD DT NN NN TO VB DT NN JJ NN IN DT JJ NN . DT NN IN NN VBD RP RB CC VBD DT NN IN JJ NN TO VB DT NN IN EX VBZ DT NN IN NN CC NNS . DT NN NN POS NNP VBD DT NNS VBP RB VBN NNS . `` DT NN NNS VBP VBN DT NN IN NN IN NN IN DT NN IN NNS , WP VBD CD NN DT NN IN NN , VBG PRP TO VB PRP$ NNS CC IN DT JJ DT NN NN IN DT JJ NNS MD VB PRP$ NNS NN , '' NNP VBD ."
956,1236,mainstream,"VBN IN NNP CD VBZ DT NN IN DT JJ NN HYPH CD NNS IN NN . DT NN VBZ RB JJ CC RB VBZ DT IN DT JJ NNS VBN IN NN NNS CC RB JJ NNS , VBG NNP -LRB- CD -RRB- . JJ HYPH VBN CC JJ JJ NN NNS VBP DT JJ NN IN JJ NNS . VBG IN DT NN NN , NNP CC NNP VBZ CD IN DT JJ JJ NNS VBG IN NNP HYPH CD NNS -LRB- CD -RRB- , JJ IN PRP$ NNP NN NN , PRP VBP VBG NNP POS NNP JJ NN CC NN IN PRP$ NN . NNP SYM NN NN NN -LRB- CD , CD -RRB- . IN NN , NNS IN DT NNP IN NNP NNP VBP VBN DT JJ NN NN WDT VBZ NN HYPH NN HYPH CD NNS -LRB- CD -RRB- . RB , NNP VBZ VBN DT `` NN NN '' NN TO VB NNS -LRB- CD -RRB- CC VBZ VBG NN HYPH NN HYPH CD NN NNS . DT JJ NN IN JJ NN NNS VBZ PRP$ JJ NN CC NN TO VB NN HYPH JJ NNS -LRB- NNS -RRB- VBG NNP CD , NNP CD , CC NNP CD . RB , JJ NN NNS RB VBP JJ JJ NN TO VB PRP$ NN . DT VBZ RB DT NN IN NN NNS , VBN DT NNS IN VBN NN VBG NN IN JJ CC VBN JJ NN NN NN NNS -LRB- CD -RRB- . NN NNS IN CC NN NNS VBP IN VBG DT JJ NN IN DT NN HYPH NN NN TO VB PRP$ NN IN DT NN NN NN -LRB- CD -RRB- . RB , IN NN IN DT NNP IN NNP NNP -LRB- NNP -RRB- , DT NNP IN NNP VBZ VBG JJ NN NNS , TO VB PRP RBR RB IN DT NN NN . RB , NNP VBZ VBN CC VBN JJ NN HYPH IN NNS VBN IN JJ NN IN DT NN HYPH NN -LRB- CD -RRB- IN NNP NNP VBZ VBG DT NN NN VBN IN DT VBN NN HYPH NN HYPH CD NN HYPH NN VBG PRP$ VBN NN HYPH NN NN -LRB- CD -RRB- , IN DT JJ HYPH NN NN HYPH NNS IN NN RB VBP VBN NN CC JJ NN . RB , DT NN VBN IN NNP NNP POS NNP NNP IN NNP NNP IN NNP NNP IN NNP -LRB- VBG NNP IN NNP NNP NNP CC NNP NNP NNP NNP -RRB- VBZ VBN CC VBN DT NN NN VBN IN RB DT NN HYPH VBG NN -LRB- NN -RRB- IN DT NN HYPH NN NN HYPH NN -LRB- CD , CD , CD -RRB- . WRB VBN IN NN , DT NNP HYPH NNP NN NN VBZ JJ NNS IN JJ NN IN DT JJ NN NN . DT NN IN DT NN HYPH VBN NN VBZ PRP$ NN TO VB NN NN -LRB- CD -RRB- . JJ NNS IN DT NNP HYPH NNP CC NNP HYPH NNP HYPH CD NNS VBP JJR IN CD NN NN NN NN CC NN IN DT JJ NN NN VBP DT NN TO VB CC NN IN DT NN NN . JJ JJ NNS VBP JJ JJ NN NN NNS IN NNP HYPH CD . IN NN , NNP NNP VBZ VBG DT NN NN , IN NNS , JJ IN NNP NNP CC NNP , VBP VBG NNP NN NNS . DT NN IN VBG IN NN VBD IN JJ NNS IN NNS IN CD VBG JJ NN IN NN , CC IN NNS , DT NNS VBP RB VBN IN JJ NNS IN NNS . RBR RB , JJ NNS CC NNS VBP VBN JJ NN NN IN NNS , IN DT NN IN DT NN MD RB VB IN DT JJ VBN JJ JJ NN NN ."
957,1275,mainstream,"DT NN IN DT NN IN DT NN NN -LRB- NN -RRB- NN MD VB TO VB IN VBG DT NN . PRP$ NN MD VB JJ IN PRP VBZ TO VB TO VB DT NN IN PRP$ VBN NN , CC IN PRP VBZ RB VBG , NN MD VB . PRP$ NNS CC NN MD VB JJ . PRP MD VB . WRB DT NN VBZ RB RB , PRP MD VB . PRP VBZ RB JJ TO VB -LRB- CC DT NN , TO VB -RRB- , CC RB DT NN IN NN JJ NN NNS VBP TO VB TO VB NN NN . DT JJR NNS IN DT NN IN JJ NNS , CC JJ `` NN IN NN '' NNS IN NN NN NN NNS . NNS VBP RB VB NNS DT NN IN DT NN IN NN : NN , RB : VBZ . NNS VBP DT . PRP$ NNS VBP JJ : NNP NNP NNP , DT VBN RB HYPH IN HYPH NN , NNS JJ , JJ , JJ HYPH NN NNS IN PRP$ NN IN NNS WP VBP VBG PRP$ RB JJ NNS IN IN PRP$ VBN NNS CC VBG IN JJ , JJ CC RB `` NN HYPH VBN '' NNS . EX VBP , IN NN , DT JJ NNS IN NNS VBG JJ NNS IN NN : NNS WDT VBP RB VBN IN NNS WP RB VBP IN EX VBZ DT NN IN DT NN -LRB- NNS , NNS , NN -RRB- NN CC NN . CC DT IN DT JJ NNS VBP JJR TO VB RP . PRP VBP NNS IN NNS VBG NNS , NN CC RB NN IN NNS . VBG IN DT NNS POS JJ NNS VBN IN NNP NNP POS NN , NN NN NNS VBD PRP$ NNS , VBG PRP IN PRP VBD RB VBG . DT VBP DT RB JJ NNS IN DT JJ NN NN , IN IN PRP MD VB JJ HYPH RB VBN IN JJ . DT VBZ PRP RB JJ RB IN NNS WP VBP RBR . PRP VBP DT NN IN DT JJ JJ NN IN VBN RB VBZ RB JJ : RB CD IN DT CD , VBG IN DT RBS JJ NNS IN IN NNP : CC NNS VBP RB VB IN DT NN DT JJ NN DT JJ NN IN DT NN POS NN VBZ . CC NN NNS VBP DT NNS RB . RB RB , NNP NNP VBZ RB VBG IN DT NN NN , CC RB RB VBZ NNP NN , NNP -LRB- WRB DT NN RB VBD IN NNS MD VB RP DT NN -RRB- CC DT NN IN JJ NNS RB IN DT NNP NNP . RB RB , DT NNP NNP NNP -LRB- NNP -RRB- VBZ VBN `` NN NN '' IN CD IN DT JJ CD NNS IN JJ NN IN CD . NN NN , RB , VBZ DT NN NN WDT RB VBZ CD JJ NNS . EX VBP DT JJ NNS WP$ NN IN NN VBZ VBN CC JJ HYPH VBN : DT NNS CC NNS , WP VBD RP JJR IN CD NN NN IN NNS VBN , VBG IN CD NN . CC RB EX VBP DT WP MD RBR RB VB VBN IN NN HYPH JJ : DT WP VBP VBN IN JJ NNS , CC NN , CC DT NN IN DT NN NN , CC IN VBG `` JJ '' NNS IN PRP$ NNS . DT JJ NN MD VB JJ TO VB , CC DT JJ NN MD RB VB VBN , IN VBG PRP IN NNS IN NN CC JJ NNS IN NN HYPH JJ NNS RB VBZ RB VBG . RB VB PRP . VB PRP WP DT NN VBD IN NNS HYPH VBN NN VBZ IN . VB NNS IN DT IN NNP NNP , WP$ NNS CC NNS VBD VBN IN PRP VBD NN IN DT NNP NNP NN . VB PRP VB WP PRP VBZ IN IN DT NN IN NN NN VB TO VB TO VB . RB VB DT NNS VB TO VB IN NNS : CC NN IN NNS VBZ JJ . -LRB- JJ -RRB- NNS VBP RB VB IN DT NNS IN NN . -LRB- JJ -RRB- PRP MD RB VB VBG NN RB IN PRP VBP VBN VBN . -LRB- JJ -RRB- CC RB , NN IN DT JJ NN IN NNS VBZ RB VB IN DT NN DT NN DT NN IN DT NN POS JJ NNS CC NN VBZ . NFP `` PRP VBZ DT NN IN DT NN '' : NN NNS , NNP CC NNP VB NN HYPH RP IN NNS , NN VBN IN NNS VBD IN NNP IN JJ NN , VBZ NNP NNP DT JJR NN DT MD VB JJ IN JJ NNS VBG DT JJ NN HYPH IN HYPH NN , JJ NNS IN VBP NNS . CC VBG PRP$ JJ JJ NNS VBZ JJR IN NN NN CC DT NN IN NNS WP VBP JJ TO DT NN IN PRP$ JJ NN NN . DT NNS VBP VBN CC VBP VBG VBG NNS WDT RB VBP NN RBR JJ IN NNS , IN NN , IN VBG PRP IN VBG PRP$ NNS IN JJ NNS IN PRP VBP VBN VBN CC VBP DT JJ JJ NN . CC DT NNS RB VBP TO VB DT RBS JJ NNS , JJ IN WP VBP VBN IN EX VBZ DT NN CC JJ NN TO VB NNS . -LRB- IN PRP$ NN , DT NN IN NN NNS VBD DT NN RBR JJ IN VBG TO VB NNS JJ , CC PRP VBP . -RRB- PRP RB VBZ JJ TO RB VB DT NNS IN NN HYPH JJ CC JJ NNS , JJ IN VB PRP$ NNS POS NNS . DT NNS IN NNS RB VBP JJ TO VB DT NN IN NNS VBG IN DT NN NN CC NN NN CC RB RB DT VBN HYPH IN HYPH JJ HYPH NN NNS MD RB VB . DT JJR NN VBZ TO VB NN HYPH JJ NNS RB , CC RBR RB IN , DT NNS VBP . NNS VBP WRB TO VB VBG IN NN : TO VB NN TO VB NN . VBG NN IN NN VBZ RB VB RB RB , RB , IN VBG NN IN NN . NNS VBP RB RB VBN PRP DT NN . DT PRP VBP TO VB VBZ VB PRP . DT NN VBZ NN IN NNP NN NN . IN JJR NN IN DT NN , UH VB PRP$ NN ."
958,807,mainstream,"IN CD , DT JJ NN IN NNP VBD CD IN PRP$ RBR JJ NNS IN DT NN NNP NNP NNP . DT CD HYPH NN HYPH JJ NN VBD VBN IN DT NN IN DT VBN NN VBN IN PRP$ NN POS NN , WRB PRP VBD IN PRP$ JJ NN . IN CD NN , NNS VBD DT NN IN DT NN IN DT NN . CD HYPH CD NNS RBR , DT NN POS NN CC NNS VBD PRP JJ IN DT NN NN IN DT NN , DT NNP NN IN PRP$ NNS CC DT NN NN IN DT NN . JJS IN PRP$ NN CC NN VBD VBN : CC EX VBD NN NNS IN DT NNS IN DT NNS . DT NN HYPH JJ NN IN NN NN VBD IN DT NN . DT JJ NN VBD JJ CC VBD IN NN NNS . IN DT NN IN DT NN NN , DT NN VBD DT IN PRP$ NN POS NN , VBG NN IN RB HYPH JJ NN NN . DT NN VBZ DT NN IN NNS VBG PRP$ JJ NNS POS NNS , CC NNS IN JJ NN NNS VBP IN JJ NN NNS IN DT JJ CD NNS CC RB , CC PRP VBP DT JJS NN PRP VBP IN DT NN VBN IN NN NNS : VBG RB CC VBG VBN . PRP VBP VBN RB CD IN DT VBN NNS , IN IN DT CD NN WDT VBD RB CD NNS IN NN NN . DT IN DT NNS VBP JJ , CC PRP VBP RP JJ NNS IN WRB NNS MD VB VBN TO VB DT JJ . RB VBP DT IN DT RBS JJ NNS IN NN HYPH NN NN NN CC WP DT JJ JJ NN VBZ . PRP MD VB VBN DT NN NNS VBP DT JJ NN IN VBG DT RBS JJ TO VB PRP$ NNS , CC RB , DT NN NNS VBP PRP VBZ RB JJ . WRB PRP VBZ , NNS VBP TO VB IN DT NN , RB JJ NNS JJ IN DT NN CC NNS , VBZ JJ NN NNP NNP IN NNP NNP NNP . `` PRP VBZ RB VB PRP , IN DT NN NN , '' PRP VBZ . `` IN PRP VBP VBG , PRP VBP TO VB PRP$ NN TO VB PRP RP . '' RB RB , IN CD NN VBN IN CD IN DT NNP IN NNP CC NNP NNP , DT NN VBD IN DT NN CC VBD VBN DT JJ NN IN DT NN NN . JJ NN VBD IN PRP$ NN VBD VBN JJ IN PRP$ NN , IN PRP$ CD NNS VBD RB VBN PRP . IN DT NNS VBN IN JJ NNS , JJS NN NN VBZ NNS , IN DT VBZ RB IN NN IN JJ NNS VBP RBR VBN IN DT NN WRB PRP VBP PRP . `` NNS VBP VBN IN NNS , '' VBZ NNP NNP , DT NN WP VBZ VBN NNS CC VBN NN NNS IN NNS . `` IN PRP VBP DT NN WRB DT NN VBZ CC EX VBZ DT NN IN NN , WP VBP PRP VBG TO VB . PRP VBP VBG TO VB WDT NN VBZ RB . '' IN DT NNS , PRP VBZ JJ IN DT NNS VBD VBG TO VB . IN CD CD NN , DT NNP CC DT JJ NN VBD IN RB DT NN IN VBG PRP$ JJ NN POS NN , VBG RB DT NN IN DT NN CC DT NN IN NN NNS . CC IN DT CD NN , DT JJ NN VBD VBG NNS IN PRP$ NN RB IN NN . `` PRP VBZ JJ TO VB DT NNS IN DT RB RB HYPH VBN NN IN DT NN IN NN TO VB DT JJ NN IN PRP$ NN RB RB , '' VBD DT JJ NN , NNP NNP . IN CD NN IN DT NNS IN DT CD NN , WDT DT VBD NNS , JJR IN DT NN VBD VBN IN DT RB VBN NN VBD VBN . WP VBZ JJR , DT IN DT NNS VBD NN IN JJ NN PRP VBD RB VBN . DT NN IN NN RB VBD RB VB DT NN NN IN NNS IN DT NN . WRB NNS VBD JJ NNS RB , CD NN IN NNS VBD NNS IN DT NN , CC RB CD NN VBD NNS IN DT NN . IN NN , NNS VBG RB VBP DT RB HYPH VBN NN , VBG DT NN CC NN TO VB DT NN HYPH JJ NNS RB RB , VBN IN DT NNS . RB CD NN IN DT NNS VBP NNS IN DT NN . PRP VBZ JJ TO VB IN IN PRP VBP JJ IN PRP$ NN CC VBP VBN PRP RB , PRP VBP IN DT NN IN PRP VBP . CC NN NN VBZ RB RB RB JJ NN . NN IN DT NN NNS PRP VBD VBD DT JJ NN IN NN NN . IN DT NN , JJ NNS VBD IN DT NNS VBD RB JJ NNS IN PRP$ NNS , VBG IN NNS CC NNS . RB , VB DT NN POS JJ NN : `` CD JJ NN IN JJ NN VBZ IN DT NN MD VB TO VB DT JJ NN RB IN VBG CC VBG , '' NNP VBZ IN PRP$ NN , '' CC WRB DT VBZ TO VB DT NNS DT NN IN DT NN MD VB RBR JJ CC IN DT NN IN NN , MD VB IN NN . '' IN NN , PRP VBZ DT JJ NN IN VBG , NNP VBZ : `` RB PRP VBZ RB RB IN DT NN VBZ TO VB , CC VBG VBZ VBN WRB PRP VBP NN . '' JJ NN NNS VBP JJ NNS , NNP VBZ , WDT MD VB DT NN IN WRB PRP VBP IN DT NN POS NN . CC JJ NNS IN NNS VBP RP IN JJ NNS IN NN , VBG JJ NNS CC JJ NNS . DT NNS PRP VBD VBD DT NN IN NNS RB RB IN JJ NN CC VBG NNS . RB , JJS IN DT NNS VBD JJ IN JJ , IN DT NN VBG DT JJS NN TO VB IN VBG IN DT NNS . RB , JJR , RBR JJ NNS MD VB JJR NN , RB DT NNS MD VB RBR JJ TO VB IN DT NN IN NN . IN NN , IN CD JJ NNS , JJ NNS VBD VBN IN DT NN IN NN , CC PRP DT VBD JJ NNS . RB , IN DT PRP VBP , DT NNP CC NNP MD VB DT NN RP IN PRP MD . NNP VBZ IN DT JJ NN POS NN MD VB RBR : DT JJ , JJ NN WDT RB VBZ NNS IN NN NN MD VB RBR JJ TO VB IN JJ NN IN VBG IN NN . RB WP TO VB . EX VBZ DT NN TO VB IN PRP$ NN MD RB VB PRP IN PRP VBP , RB IN RB VBG DT NNS . RB NNS CC NNS VBP VBN VBN TO VB IN NN . DT JJS NN IN NN NNS TO VB DT NNS , NNP VBZ , VBZ TO VB JJ PRP VBP NNS WP MD VB IN IN PRP VBP RB VB IN PRP . CC IN PRP VBP NNS WP VBP JJ , JJ , CC JJ , PRP MD VB IN PRP RB . `` PRP VBZ DT JJ NN TO VB JJ PRP VBP NNS IN PRP , '' PRP VBZ . `` JJ NN RBR IN NN VBZ JJ IN NN . ''"
959,580,conspiracy,"NN IN PRP VBZ VBN DT NN VBN NN VBZ WP VBZ NN NNS JJ NN NN NN NN NN NN NN NNP NNP VBZ VBG NN WDT PRP VBP DT NNP NNP NNP NNP NNP NNP NNP NNP , CC PRP VBZ VBN IN JJ NNS . PRP VBP TO VB PRP$ NN IN CD NN , DT NN NN NNS WDT MD VB DT NNS , CC DT RB , RB JJ NN WDT VBZ PRP DT NN . IN PRP VBP VBG RP IN VBG DT , PRP MD VB TO VB RP . NN PRP VBP PRP `` RB JJ NN NN NN '' WDT VBZ DT NN WDT MD VB DT NN NN NN JJ IN DT JJ JJ NN NN . DT VBZ JJ , DT NN WDT MD VB RP NNP NNP NNP NNP NNP NNP NNP NNP NNP NNP VBZ VBN NNP , DT VBZ WP VBZ DT NN JJ RB IN DT NN VBZ VBN VBN . NN . NNP NNP VBZ VBG NN WDT PRP VBP DT NNP NNP NNP NNP NNP NNP NNP NNP , CC PRP VBZ DT NN VBN NN IN NN TO VB PRP VB . VB DT NN `` NN '' CC PRP VBZ CD . IN DT VBG NN , PRP VBZ JJR CC JJR IN DT IN PRP WP VBP NN NNS IN PRP VBP VBG IN DT RB JJ NN NN . RB JJ , IN NN , IN PRP RB MD VB VBG DT NN IN NNP CC DT NNP IN DT NNP NN VBG VBN IN PRP$ JJ NNS . UH VB IN PRP VBP DT NN `` MD '' IN IN DT NN IN NN WRB VBG NNS IN DT , CC WRB PRP VBP JJ IN PRP$ NNS PRP VBP RB JJ DT VBZ RB WRB PRP VBP . CD NN . DT NN MD VB . RB VB IN NNP . `` CC PRP VBD , VB PRP$ NN , NNP : IN DT NNS VBP VBN RP CC VBN IN DT NN IN DT NN . JJ MD VB VBN , CC VBN JJ , CC VBN , CC DT NN MD VB RB : CC NN IN DT NN MD VB , CC DT NN MD VB . '' NNP CD -LRB- NN -RRB- IN DT JJ JJ NNS , PRP VBP VBN PRP DT JJ NN IN NNP NNP WDT VBZ RB RB HYPH VBG IN PRP RB RB VBZ NN . DT NN VBZ DT JJ JJ NN WDT VBZ NN WDT VBZ RB JJ IN PRP RB MD VB VBN . DT JJ NN NNS IN DT NNP VBP DT JJ NN IN DT . WRB DT NNS IN WP VBD RP RB VBD IN NN PRP VBD RB JJ IN PRP VBD JJ TO VB PDT DT NN MD VB . CC VB PRP VBD . CC WP VBZ VBG RB RB , DT NNP NN , VBZ DT RB JJ NN TO VB , CC RB PRP VBP . NNP NNP VBZ VBG NN WDT PRP VBP DT NNP NNP NNP NNP NNP NNP NNP NNP , CC PRP VBZ VBN IN JJ NNS . IN PRP$ NN PRP VBP DT NNP HYPH CD NN WDT PRP VBZ TO VB DT NN IN NN , EX MD VB JJ NN NNS , DT JJ NN NN IN NN , CC DT JJ JJ NN IN VBG CC VBG NN IN DT NN NN IN NN CD . DT JJ NN MD VB IN DT NN IN NN VBN DT NNP NNP . DT IN DT NNS , CC DT VBG VBN IN CD NN , NNP NNP , VBZ IN NN IN DT JJ JJS DT JJ NN IN DT NNP IN DT NNP NN NN . DT VBZ IN DT JJ JJS NN , VBN IN PRP$ JJ NN , PRP RB RB MD VB DT JJ NNP IN DT NNP NN . CC NN , PRP VBP TO VB PRP$ NN IN CD NN , DT NN NN NNS WDT MD VB DT NNS , CC DT RB , RB JJ NN WDT VBZ PRP DT NN . IN PRP VBP VBG RP IN VBG DT , PRP MD VB TO VB RP . NN PRP VBP PRP `` RB JJ NN NN NN '' WDT VBZ DT NN WDT MD VB DT NN NN NN JJ IN DT JJ JJ NN NN . DT VBZ JJ , DT NN WDT MD VB RP NNP NNP NNP NNP NNP NNP NNP NNP NNP NNP VBZ VBN NNP , DT VBZ WP VBZ DT NN JJ RB IN DT NN VBZ VBN VBN , CC WP VBZ DT JJ NN TO VB IN DT NN . NN . RB VBN : NN NNS NN DT NN , RB NNS , NNS CC JJ NNS VB TO VB WP NNP VBZ . VB DT NN . CD JJ NN PRP MD VB JJ . DT JJ HYPH VBN NNP NN VBN NNP VBD PRP$ NN `` JJ JJ NNP NN NNP NN NNP NN '' , CC VBD DT NN `` JJ '' CC VB WP . DT JJ NN IN DT NN VBZ RP IN CD , VB IN PRP . NNP , VB DT NN ."
960,196,mainstream,"IN DT CD NNP NNP NNP VBN IN NNP , DT NN POS NNS CC NNP NNP VBD RP DT JJ NN : NNP POS JJ NN : TO VB DT NN IN VBN IN HYPH NN NNS . JJ IN PRP VBD NNP NNP , WP VBD DT VBG NN IN PRP$ NN `` NNP POS PRP$ NNP , '' IN CD POS NNP NNP , IN IN DT NN POS NN NN , DT JJ NN `` NNP , '' `` VB DT NNP NNP , '' CC `` DT IN PRP . '' NNP VBZ VBN DT JJ NN IN DT NN NN CC NN . PRP VBD DT JJ JJ NN `` RB NN NN '' IN DT NNP POS PRP$ NNP NN CC VBD DT JJ VBN HYPH NN NN JJ NN WDT RB VBD TO VB DT JJ NN , `` IN PRP$ NNP NNPS . '' IN DT NN IN DT NNP JJ NN , PRP VBD IN PRP$ JJ NNS MD RB VB IN CD CC WRB DT JJ NN IN NN HYPH CD VBZ . `` IN PRP , PRP VBP PRP VBZ NN CC NN IN SYM CD . PRP VBP VBG IN DT NN IN DT NN . PRP VBP VBG IN DT NN IN DT NN WDT MD VB DT NN , '' PRP VBD . NNP VBZ CD IN DT NNS IN DT VBN CD NNP NNP , VBN IN NNP NN IN NN IN NNP , NNP . PRP VBZ RB VBN TO VB IN DT JJ NN . `` VBP PRP , NNP , PRP MD VB PRP RB , '' PRP VBD IN DT NN IN PRP$ `` NN POS PRP$ JJ '' NN ."
961,1084,mainstream,"NN HYPH VBN NNS IN DT VBN NN MD VB DT NN TO VB VB DT NNS IN NN HYPH JJ NNS CC VB PRP VB JJR NNS . NN CC NN VBP DT IN DT JJS NNS NNS VBP VBG TO VB PRP$ NNS VBN . NNP NNPS NNP NNP VBD VBN IN NNS . PRP VBD DT NN IN PRP$ JJ NN , CC WRB PRP VBD JJ TO VB JJ RB , PRP VBD VBN TO VB PRP$ NN . `` PRP VBD RB VB TO VB NN TO VB DT , RB PRP VBD IN NN , '' NNP VBD NNP . `` CC WRB PRP VBP DT JJ NN , PRP VBP IN PDT DT NN . CC PRP RB VBD VBG JJR CC JJR IN NNS . '' IN NNP , EX VBD NN JJR IN DT NN IN VBG PRP$ NN . CC WRB PRP VBD IN NNS IN DT NNP NNP NNP NNP NNP -LRB- NNP -RRB- IN NNS VBG IN NNP RB IN PRP$ NNS , PRP VBD . `` PRP VBD VBN RB DT RB JJ NN IN WP PRP VBZ IN TO VB DT NN , CC PRP VBD PRP RB VBD TO VB IN PRP$ NNS , '' NNP VBD . RB , PRP VBD RB RB IN NNS IN IN PRP$ NN VBD VBN CC PRP VBD IN DT JJ NN NN . `` PRP VBD RB RB VBN CD NN CC DT JJ , '' PRP VBD , VBG IN PRP$ NN VBD RB VBN DT NN NN NN IN NN , CC VBD VB DT NN NNP NN . WRB PRP VBD PRP$ NNS CC NNS IN PRP$ NN POS NN , RB , DT NN PRP VBD VBD PRP RB IN DT NN NN . `` DT NN CC DT NN VBD RB RB JJ CC JJ , CC PRP RB VBD PRP VB IN NN PRP MD VB MD VB JJ . PRP MD VB VBG VBN IN JJ NN . PRP VBD RP VBG PRP MD RB VB PRP$ NNS , '' PRP VBD . NNP POS JJ NN TO VB PRP$ NN VBZ RB JJ . IN NN , NNS VBP JJR IN CD NN IN JJ NNS VBP DT NN . NNP NNP , JJ NN NN IN DT NNP NNP NNP -LRB- NNP -RRB- , VBD NNP , `` WRB PRP VBP IN NNS IN NNS , PRP RB VBP IN CD NNS . RB PRP VBP DT NNS IN PRP : CD IN CD NN IN NNS WP VBP VBG IN PRP VBP IN DT NN . '' RB , PRP VBD EX VBP RB CD IN CD NN IN NNS WP VBP RB JJ IN NNS , NN NN VBZ MD RB VB PRP$ NNS . `` CC RB EX VBZ DT JJ NN IN DT NN , DT CD NN WP VBP JJ CC WP PRP VBP TO VB TO VB , '' PRP VBD . NNP VBD RB CD IN DT . CC VBD PRP RB VBN IN WRB DT JJ NN POS NN VBD , PRP VBZ JJ PRP MD VB VBN VBN TO VB PRP$ NNS RB IN NN . WRB NNS VBP IN NNS IN NNS NNP VBD IN CD NNS WP VBP IN DT NN HYPH JJ CD NN . PRP VBD PRP TO VB PRP$ NNS CC TO VB PRP PRP$ NNS . DT JJ NN VBD IN DT CD NNS VBD DT JJ JJ NNS . JJ VBD VBN IN JJ NN NNS , CC JJ NNS PRP MD VB IN RB . VBG IN NNP , DT VBZ JJ IN NN HYPH JJ NNS IN JJ . IN JJ MD VB DT NN VBZ VBN NN IN DT VBN NN IN : VBG NNS RB IN IN NN IN DT RB HYPH VBN NN IN NN : JJS IN DT NNS PRP VBD IN RB VBD DT IN DT JJ NN . RB , PRP DT VBD PRP$ JJ NNS WRB PRP VBD IN DT NNS VBN TO VB PRP$ NNS . `` PRP RB VBZ DT NN IN NN CC NN IN NN NN , '' NNP VBD . `` DT VBZ WRB PRP VBZ DT JJ NN IN NNS . '' CC IN NNS RB VBG IN DT JJ NN IN VBG DT NNS , VBG DT NN TO VB RB IN VBG JJ NNS RB VBZ JJ IN VBG DT JJ NN VBZ RB RB . DT VBZ NN IN WP NNP VBZ IN IN DT NNP . `` WP PRP VBP VBG TO VB VBZ VB NNS NN TO VB DT NNS RB , CC TO VB DT NNS , VBG PRP DT NNS TO VB JJ NNS , '' PRP VBD . IN DT NNS WDT VBD IN NNP , JJ VBD PRP VBD JJ IN NNS IN VBG NNS IN NNP . NNS VBD IN NNS IN JJ NNS CC VBD PRP VBD IN PRP IN DT VBD JJ NNS VBN DT NN NN . DT NN IN DT NN VBZ IN NNP VBZ DT JJ NN NN , VBG IN NNP . `` PRP VBP NN WP VBZ PRP MD VB VBN DT NN IN DT NN IN DT , IN PRP VBZ JJ CC RB , TO VB PRP IN NNP IN IN PRP MD RB VB DT JJ NNS , '' PRP VBD . CC DT VBZ IN JJ IN DT NNS MD RB RB VB VBN IN DT NN . IN NN , NNP VBD CD NN IN DT NNP NN WRB DT JJ NN VBD VBN IN VBG DT JJ NN -LRB- NN -RRB- NN . DT NN . PRP VBD IN DT NN NN : NN WDT VBD RB VBN IN RB VBG DT NN . JJ NNS WDT VBD IN NNP RB VBD RP NNS IN DT NNP NN , WDT VBZ VBN VBN TO VB JJ NN , VBG PRP VBD RB VBN RB RB RB CC VBN RB RB IN PRP TO VB PRP VBZ JJ . CC NNP NNP NNP , NN CC NN IN DT NNP NNP IN NNP NN IN JJ NNS , VBD IN RB VBZ RB DT NN . `` JJR IN CD CD NNS VBP VBN VBN IN DT JJ CD NNS . PRP VBZ CD IN DT RBS VBN NNS PRP VBP IN NNS IN NN IN PRP VBZ VBN VBN IN NN IN DT IN DT JJ NNS , CC PRP VBP IN PRP VBZ RB JJ CC RB JJ , '' PRP VBD . DT NN NNS VBD VBD DT NN IN VBG NNS POS NN NNS IN RB JJ NNS IN RB . JJ VBD VBN IN JJ NN NNS IN NN TO VB DT . CC IN NNP NNP VBD , `` DT NN NN VBZ IN NNS IN NNS DT NN , RB DT NN IN NNS WDT PRP VBZ IN IN DT NN VBZ DT NN IN DT NN . '' NNP VBD , VBG RP IN NNS VBP DT JJR JJ NN IN NNS IN VBG PRP$ NN , VBG IN DT NN , CC RB VBG DT NN PRP$ NNS VBP IN PRP IN PRP VBP IN NNS . `` PRP VBP VBG VBN IN RB JJR NNS IN PRP$ JJ NN IN PRP VBP IN NNS , '' PRP VBD . `` IN DT NN , NNS MD VB VBN DT NN IN NNS : DT NN NN VBZ DT JJ NN . CC PRP$ JJ NNS VBP RB JJ CC VBN , CC IN PRP$ NN VBZ VBN , DT NN IN NNS PRP VBP IN DT NN RB VBZ RB JJ . '' DT VBZ NN IN DT NN DT NNS RB VBP IN VBG IN NN . NNP VBD IN PRP VBZ JJ TO VB JJ NNS PRP$ NNS RB RB IN JJ , IN JJ IN DT NNS VBP RBR JJ IN JJR NNS . `` RB , PRP VBZ NN IN NN , '' PRP VBD IN NN IN VBN NN NNS . `` NNS VBP NN IN CD NNS CC CD IN DT JJ NN , WDT VBZ VBN VBN VBG NNS . WRB PRP VBP PRP RP , PRP VBP VBG PRP IN JJ JJ JJ NNS RB IN RB CD . '' DT VBD DT NN NNP RB VBD IN . `` DT NN VBZ IN PRP VBD JJ , '' PRP VBD . `` DT NN IN RB VBD PRP RB IN PRP$ JJ JJ HYPH NN NN . '' PRP VBD RB IN PRP$ NN HYPH IN HYPH NN VBD DT JJ NN WDT NNP VBD TO VB PRP$ JJ NN IN NNS . `` NNS VBD VBG PRP$ NN CC NN IN NN CC WDT RB VBD PRP IN DT NN . PRP VBD PRP VBD VBN VBG CC VBG NNS IN PRP$ NNS VBN RB IN PRP$ NN , RB IN JJ NNS IN JJ NNS , '' NNP VBD . IN DT NN VBD , IN DT NN PRP$ JJS NN VBD RB CD CC PRP$ JJS VBD CD NNS , PRP VBD PRP IN DT NN TO VB VBG PRP$ NNS . `` PRP$ NNS VBP RB VBN RB VBN RP , '' PRP VBD RB . NN , NNP VBD PRP$ JJS NN VBZ IN PRP VBD PRP$ JJR NNS IN NNS TO VB VBN IN NN RB IN NN . `` DT JJS NN PRP VBP VBN IN DT NN VBZ IN NN VBZ RB VB NN , CC TO RB VB DT NN IN WP PRP VBP VBG IN PRP VBP NN IN NN , '' PRP VBD ."
962,429,conspiracy,"NNP VBZ VBN RB RB IN DT NNP NNP VBZ IN PRP RB , VBG DT JJ NN IN PRP TO VB IN DT JJ NN NN . JJ NN : `` IN DT NN NN NN , DT NN IN RB CD NNS , CC NN POS NN RB IN NNP NNP IN RB CD NNS . PRP VBD IN DT NNP JJ NN , DT NN , DT NNP NNP NNP CC RB NN NNS . PRP VBD JJ TO VB IN NN IN JJ NNS . '' IN NNP IN CD , NNP NNP VBZ IN NNP NNP CD IN NNP , NNP , IN PRP$ NN . PRP$ NN VBZ IN JJ NNS , PRP VBZ RB JJ IN NNP . DT RBS JJ NN WDT VBZ VBZ CD NNS IN PRP VBP . CC DT VBZ WRB NNP NNP POS JJ , JJ NN NN VBN NNP NNP NNPS VBZ DT $ CD CD JJ NN NN IN DT JJ NN , RB IN DT JJ NN , IN DT NN . CC WDT NNS VBP TO VB VBZ NNP NNP VBZ DT NN IN NNP , PRP VBZ DT NN IN JJ NN . NN DT JJ CC JJ NN VBG IN IN NNP . NNP NNP , DT JJ JJ JJ NN , WP VBD CD IN DT NNS IN NNP : VBZ VBN VBN IN DT NN WP `` VBD '' NNP TO VB PRP IN JJ NNPS CC VB PRP RP . DT VBZ JJ . NN NN VBZ JJ NN : IN PRP VBZ IN NNP NNP CC NNP NNP -LRB- RB IN DT NNP -RRB- . NNP NNP VBD DT NN IN DT NNP CC PRP$ NN -LRB- NNP CD , CD -RRB- DT JJ NN VBD PRP$ NN IN NNP HYPH NNP CC NNP IN DT NNP NNP IN `` NNP NNP '' IN NNP CD , CD IN IN JJ NN IN DT NNP NNP IN NNP NNP CD . NN : JJ NNS DT NN VBZ IN NN NNS VB NNS VB IN NN NNP VBZ CD JJR NNP NNS TO VB NN IN NN VBG DT NNS VB PRP VBZ JJ , JJ NN , NN NN , CC NN NNS UH NNS . PRP VBP VBG PRP$ NN NN IN DT NN NN NN . NNP MD VB PRP$ JJ IN DT PRP$ JJ NN . VBG RB IN VBG PRP RB . VB IN NNP . IN VBN IN DT JJ NN NN , PRP VBP VBG PRP$ NN NNS . IN PRP VBP DT VBN NNS IN PRP$ NN , PRP MD VB VBG PRP RB IN IN PRP MD VB DT NN . EX VBZ DT NN DT NNS VBP PRP IN NN IN JJ NN , NN , NNS , CC NN . DT VBZ TO VB PRP `` VBN '' IN PRP$ JJR NNS IN IN PRP VBP JJ TO `` VB DT NN '' VBN TO VB PRP$ JJ NN . NNP VBZ DT NN IN DT NNP IN NNP : DT JJ NNP IN NNP . WP VBZ RB IN PDT DT NNPS ."
963,1349,mainstream,"JJ NNS VBG NN NNS CC NNS IN NNP VBP VBN VBN TO VB PRP VBP VBN DT NNP NN VBG NNS IN NNS IN DT NN . JJ NNS IN NNS IN NNS VBP RB VBN VBN IN NNP , NNP , NNP CC NNP . NNP NNP NNP -LRB- NNP -RRB- VBD DT NN IN JJ NNS WP MD VB VBN RP IN DT NN IN DT NNP NN WDT VBD IN CD WRB NN NNP NNP VBD DT NN IN DT NNP VBG DT NN IN NN . IN DT NN IN DT NN , CD IN CD NNS VBD RP IN DT NN . DT NN VBD RBR VBN CC NNP NNP VBD RP IN DT NN VBD VBN TO VB JJ ."
964,409,conspiracy,"IN DT NN IN NNP POS RB VBG NN IN DT NNP NNP NN , DT NN IN NN JJ RB TO VB NNP POS NN TO VB DT NN IN NN : VBZ VBN DT JJ NNS IN CC NNP NNP CC NNP , VBG IN JJS CD NNS . DT JJ NN IN NN WDT VBZ IN JJ NN NNS VBZ DT NN IN DT NNS , WDT , VB VBG TO VB NNS VBG DT NN IN PRP `` NNS , '' VBZ CD JJ NN NN . DT NN IN DT NNP NNPS VBZ VBN IN JJ NNS , CC RB DT NN VBZ DT NN IN DT RB HYPH JJ NN JJR IN PRP$ VBG JJ NN , CC , IN PRP , NNS WDT VBD RB VBN RB IN NNP NNP NNS . DT NNS VBP RP WP JJ IN PRP VBP : VBG IN DT NNP NNP IN NNP CC NNP NNP POS NNP CD NNP NNP NNP NN IN NNP , `` IN DT JJ NN IN CD , CD NNS VBD VBG NN IN DT NNP NNPS . '' JJ IN DT NN , CD JJ NNS IN NN NNP IN NNP CC NNP WDT VBD JJ NN CC VBP VBN NNS IN NNS VBP VBG TO VB IN DT NN , CC JJ NN NNS VBP RB JJ NNS IN PRP$ NN TO VB DT NN IN NN . IN NNP CD , NNP NNP NNP NNP VBD DT NN IN NN , WDT MD VB NN NN NNS TO VB JJ NNS IN DT NN NN NN TO VB TO VB DT NN , DT NN POS RB JJS IN JJR IN CD NNS . DT JJ CD JJR VBD IN NNP IN CD , WRB RB CD NNS VBD NN NN IN VBN JJ NNS . DT NN , WDT VBD IN NNP NNP POS JJ NN JJ NN , VBZ RB VBN IN JJ NNS . NNP NNP CC NNP NNP NNS VBP RB VBG NNS . PRP VBZ VBN RB JJ IN NNP NNP IN NNS VBP VBN VBG DT NN POS NN NNS IN NN . NN NN '' VBZ DT JJ NN WDT VBZ DT NN CC VBZ NNS JJ IN RB DT NN CC RB , '' NNP NNP NNP , DT NN IN DT NNP NNP , NNP . NNP NNP POS NNP NNP NNP IN RB CD NNS CC DT NN IN NNPS IN NNP NNP , VBD NNP NNP NNP IN DT JJ NN . `` PRP VBP JJ , CC PRP MD VB NN CC NN , '' NNP NNP VBD . `` PRP VBZ RB DT NN HYPH JJ NN , IN PRP VBZ JJ , CC NNS RB VBP IN PRP CC VBP JJ CC VBP JJ IN PRP RB . PRP VBZ RB VBN IN VBN NN , PRP VBZ DT JJ HYPH JJ NN WDT VBZ VBN IN DT NN , CC IN PRP VBP DT NN IN PRP RB DT VBZ WRB PRP VBZ RB VBN : IN DT NNP NNP NN VBZ RB VB TO VB NN NNS , CC RB NNS VBP VBG PRP IN DT NN , IN , PRP VBP , IN NNP NNP PRP VBP DT RB JJ NN . '' NNP VBD NNP NNP WRB DT JJ NNP NN IN DT NNP NNPS VBZ VBN CD NNS VB IN DT NN IN DT NNP NNP NN CC CD NNS VBP RB RB IN DT NNP NN , IN RB CD VBN IN DT NNS . `` PRP VBP IN PRP VBP RB VBG DT NN IN PRP$ NN , '' PRP VBD , '' WDT VBZ NNS IN NN WDT VBP VBN VBN IN NNS IN JJS CC RB IN NNS . WRB VBP PRP VBG RB IN DT NN WRB PRP VBD DT NN NN IN NN . '' DT NN NN IN NN , NNP NNP VBD , `` VBZ IN NN VBZ VBN IN JJ NNS WDT PRP MD VB IN VBG JJ NN CC NN IN PRP$ NN , IN DT VBP NN CC NNS WDT VBP CC VBP IN PRP$ NN CC WDT VBP PRP JJ . DT VBZ DT RBS JJ NN WRB JJ NNP NNS VBP JJ JJ NNS IN NNS : PRP VBP RB VB JJ NN CC NN . '' NNP VBD WRB PRP VBZ DT NN NN IN NN VBZ RB VBG VBN IN DT IN NN . `` PRP VBP PRP VBZ DT NN IN JJ NN WDT MD VB VBG NNS IN VBG NNS TO VB IN DT NNS CC VB IN DT NN WDT VBZ DT NN IN DT JJ NN , '' PRP VBD . `` PRP VBZ IN EX VBP NNS WDT VBP JJR IN JJ NN IN PRP VBP IN DT NN IN DT JJ JJ NN . PRP VBP PRP VBP PRP TO VB NN IN NN : PRP VBP VBN , PRP VBP IN DT JJ NN , CC PRP VBP IN NN IN NNS . PRP VBP RB IN DT NN IN PRP `` NNS , '' WP VBP RB VBG IN IN WP PRP MD VB IN DT JJ NN , CC PRP VBP PRP RB RB VBP RB VB IN DT JJ NN . '' NNP VBD IN PRP VBZ IN JJ NN VBZ VBG IN DT CC JJ NNS . `` UH , PRP VBP PRP RB VBZ , '' PRP VBD . `` PRP VBP NNS VBG IN DT NN WDT VBP RB VBN RB IN DT NN , CC RB VBP RB VBN IN DT NN , CC VBP IN JJ NNS CC VB NNS IN NNS IN WDT DT NNS VBP RB VBN VBN RB CC PRP VBP DT NN . '' PRP VBD : `` DT VBD RB JJ IN NNS IN NNS IN NNS IN DT NNP NNP -LRB- NNP -RRB- WDT VBD DT NN IN JJ NNS IN JJ NN NNS . DT IN PRP VBD VBN IN PRP VBZ DT NN RB IN NN IN DT NNS . DT RB VBD RP IN NNP NNP WRB PRP VBZ JJ IN DT NN . PRP VBZ RB RB VB NNS -LRB- WP VBP RB -RRB- RB JJ IN PRP VBP DT NN IN PRP , CC JJ NNS RB VBP RB . '' IN JJ NNP NNS VBP VBG JJ NN NN NN NNS IN DT JJ IN NN TO VB DT NN IN DT NN , NNP VBD NNP NNP PRP$ NN IN DT NNS , WDT VBP VBG RB VBN IN DT JJ . `` PRP RB VBP IN JJ NN IN DT NN IN JJ NN VBZ DT RB JJ NN , '' PRP VBD . `` PRP VBZ JJ IN PRP$ JJ NNS , CC PRP VBZ RB RB DT RB JJ NN , IN DT NN IN NNS PRP VBP RB VB RP IN DT JJ NNS IN DT JJ NNS PRP VBP IN PRP VBZ RB JJ . '' `` PRP VBP IN NNS WP VBP IN NNS MD VB JJ NN , RB JJ NNS VBZ JJ , '' PRP VBD . `` NN NNS VBP RB JJ NN IN DT NN IN NN , IN PRP VBP RB RB VBN , RB IN PRP VBP CC VBP RP CC VBP JJ IN VBG NN NNS . '' NNP NNP NNP VBD IN DT NNS VBD DT RBR JJ NN . `` PRP VBP EX VBP NNS WP RB VBP TO VB DT NNP NNPS IN NNP : TO VB PRP$ JJ CC PRP$ JJ NN : IN PRP VBP DT JJS NN IN PRP$ NN IN DT JJ NN , '' PRP VBD . `` PRP VBP DT NNP NNPS VBZ IN JJ NN , JJ NN RB , IN NN IN DT NN IN WDT PRP$ NN VBZ , RB RB IN DT JJ JJ NN . '' NNP NNP VBD PRP$ NNS IN DT JJ NN . `` JJ NNS VBP VBG DT NNS CC JJ NNS IN DT NN , '' PRP VBD . `` EX VBD TO VB NN IN RB VBG IN DT NN . IN PRP VBP NNP NN NN NNS PRP MD VB NNP NN NNS . PRP VBP VBN TO VB DT NN IN NN IN RB NN . PRP VBP RB VB DT NN IN DT NN WDT VBZ . PRP MD RB VB NN IN NN . '' NNP NNP , DT JJ NN IN DT NNP NNP , VBD IN DT NN VBN IN DT NNP NNP NNP NNP IN DT NN TO VB PRP . NNP VBZ DT NN IN DT JJ JJ HYPH NN NN NN IN DT NN IN DT NNP NNP . VB ADD IN JJR NN CC TO VB DT JJ NN IN WDT DT NN MD VB VBN , VBG DT NNP ."
965,895,conspiracy,"JJ NNS MD VB VBG DT NN IN NNP , NNS VBP VBG DT JJ NN NNS VBN IN NN TO VB DT NN IN DT NNP NN -LRB- NNP SYM CD -RRB- . RB , JJ NNS VBZ TO VB IN DT JJ NNS VBP VBG VB DT NN NN . VBG IN DT NN NN NN TO VB NNP , NN NN NNS VBZ IN NNS IN JJ NNS VBP RB VBG NNS IN NNS IN NNS , RB VBG NN NNS , TO VB NNS . DT NN VBZ IN DT JJ NN VBZ VBG VB DT NN IN NNS IN JJ NNS . DT NN NN VBD DT NN NNS : WDT PRP VBP VBZ JJ : IN NN HYPH IN NN NNS IN DT NN IN NN NN NNP . NN NNS IN NNP VBD DT NNS TO VB DT NNS IN NNS JJ IN NNS IN CD NNS : NNP , NNP , NNP , NNP CC NNP : IN JJ NNP CC JJ NNP . IN DT NNS RB VBD NN IN DT NNS , NNP JJ HYPH NN NN NNP NNP VBD IN JJ NNS VBD VBN TO VB NN NNS , VBG IN PRP$ NNS VBD PRP . DT NNS VBZ IN NNS VBP VBN IN IN JJ NNS VBG DT NN . IN JJ NNP , CD IN DT NNS IN NNP NNP POS JJ NNS VBD JJ IN DT NN . `` WRB PRP VBD VBG NN NN -LRB- JJ NNS -RRB- PRP VBD CC VBD CD VBN RB IN IN NN TO VB IN WP PRP VBD IN NNP VBD NNP , '' VBD NNP NNP IN DT NNP NN IN NNP NNP . `` DT NN VBD RB JJ IN NN CC JJ IN DT NNS , RB PRP VBD DT NNP NN VBN . '' NNP , CD IN DT NNS IN NNP NNP , VBZ IN PRP VBZ IN NN HYPH VBN IN PRP$ NN RB IN PRP VBD JJ IN DT NN . `` IN DT NN IN NN PRP VBD PRP$ JJ NN NN WP VBD PRP IN WP TO VB , CC PRP VBP VBN IN PRP$ NN RB RB , '' PRP VBD . JJ IN DT , NNS VBD RB VBN IN DT NNS MD VB TO RB VB VB DT NN . IN DT NN , NNP NNP NNP HYPH NNP , DT NN IN DT NNP NNP NNP NNP IN NNP NNP , VBD IN PRP VBD DT NN IN NN HYPH JJ NNS IN DT NN IN DT NNS . IN DT NNS VBP IN NNS MD VB RB JJ NNS , NN TO VB NNP NN NNP NNP NNP VBD IN `` PRP VBZ JJ TO VB DT JJ NN IN NNS , NNS IN DT NNS , CC NNS . '' RB , NNP VBD IN DT NNS RB VBD NNS IN NN . `` DT NN PRP VBP VBG IN NNS VBZ DT JJ NN IN NN , '' PRP VBD . `` PRP MD VB NNS VBP VBG IN DT RB VBN NN CC RB VBG RB . '' DT NNS MD VB VB DT NN MD RB VB IN DT NN . JJ NN VBZ VBN IN JJ NNS , JJ IN NN NNS , VBP JJ NN NNS IN JJ NNS IN NNP HYPH CD . DT NNS VBP VBN WRB JJ JJ NNS WDT VBP NNS IN RB IN DT NN , JJ IN DT NNPS , DT NNP NNP NNP CC DT NNP , RB VBP IN NNS IN JJ NNS IN NNS . WP VBZ PRP JJR IN DT NN IN DT NN NNS , RB , VBZ DT NN IN JJS NNS VBP RB VBG DT NN IN JJ NN . -LRB- JJ : NN , JJ NNS VBP NN IN NN IN VBG TO VB NNS : RB VBZ WP VBZ RB . -RRB- DT NN IN NN RB VBZ JJ NNS RB RBR JJ IN DT NN , VBG PRP$ NN . IN VBG RB , DT NNS VBP NNS RB JJR NN IN VBG PRP , VBG RB NNS POS NN TO VB , RB IN DT NN IN VBG DT NN . VB JJR IN DT JJ NN NN IN NNP . NN ."
966,993,mainstream,"RB PDT DT NNS IN NNP VBP : RB : IN NNS RB VBP JJ NN NNS , VBG IN DT NNP HYPH JJ NN VBN IN NNP . DT NNP NN VBD CD NN IN NNS VBP NNS VBP JJ TO VB PRP CC NNS . CC DT JJ NN VBD NNS VBP RB VBN IN JJ JJ NNS : DT NN VBN IN JJ NN . IN NN , CD NN IN NNS VBN VBD IN DT JJ NN , VBN IN CD NN IN NNS WP VBD PRP VBP RB . IN CD NNS DT NN VBD IN JJS CD NN , VBG IN NNP , NNP , DT NNP NNP CC NNP . RB DT NN IN DT CD NNS VBN VBD NNS MD VB DT NN IN WDT PRP VBP , WDT VBZ RB JJ . -LRB- DT NNS IN DT NN NN VBP VBN IN JJ NNS WDT VBP DT JJ NN . -RRB- DT NNS VBP DT NN IN DT NN TO VB NNPS VBP JJ NN IN NNS IN JJ NNS JJ IN NNS VBP DT NN IN DT NNP . `` DT NN NN VBZ VBG CC NNS VBP VBG CC DT VBZ DT NN IN JJ NN CC NN , '' NNP NNP NNP NN NNP NNP VBD IN DT NN NN . DT NN VBD IN NNP IN NNP VBZ DT NN IN DT JJS NN IN NN NN IN DT NN . JJR IN CD NNS IN NNS VBD VBN IN DT NNP NNP NNP CC CD NNS VBD JJ NN , NNP VBD , CC JJR IN CD NN IN NNS VBN VBD JJ IN NNS VBZ RB DT NN IN NN IN DT NNP . NNS JJ IN NNP CC NNP VBP VBN DT NN IN JJ NNS IN JJ NNS , IN NNS JJ IN NNP VBP VBG IN TO VB NNS NNS JJ . IN NNS MD VB DT JJ NN NNS , JJ IN DT NN CC JJ NN IN DT NN NN , `` RBR JJ NNS VBP RB JJ , '' VBG IN DT NNP NNP IN NNP NNP CC NNP . NNS VBP DT NN IN NNS CC JJ HYPH VBG NN NNS IN NN HYPH JJ NNS RB VBP DT NNS . CC DT JJ NN IN NNS IN CD NNS : NNP , NNP , DT NNP NNP , NNP CC NNP : RB VBP IN NNS MD VB DT NN IN WDT PRP VBP , VBG IN DT JJ NN . DT NN VBD NNS VBP RB VB DT NN IN NNS : CD NN VBD IN NNS MD VB JJ IN VBG JJ NNS . CC JJR IN DT NN IN NNS WDT VBP RB VBN DT NN IN DT JJ CD NNS VBD DT VBD IN PRP `` VBD RB VB DT NN TO VB VBN . '' IN DT NNS , JJ IN NN CC NN , NNS VBP VBN TO VB NN NNS DT CD NNS . IN DT NN IN NNPS VBP PRP$ NNS IN NN IN NNS , RB CD NN VBD PRP VBP NN NNS CC JJ NN , VBG IN DT NN , WDT NN NNS VBP VBN VBP VBG VBG NNS IN NN . NNS IN NNP CC NNP VBD DT NN IN NNS IN CD IN DT JJ NNS PRP VBD RB VBN DT NN IN DT JJ CD NNS . DT NN VBZ RB CD NN IN DT NN POS NN IN DT NN IN JJR NN IN NN JJ NNS . CC PRP RB VBD DT NN VBG DT NNP IN VBG NNS IN NNS IN NNS MD VB VBN RB . CD HYPH CD NN IN DT VBN VBD NN NNS MD VB VBN IN DT JJ NN , IN CD NN VBN NNP HYPH NN NN CC CD NN VBD JJ NN . `` PRP RB VBP RB VB DT NN . PRP MD VB DT NN NN . RB IN PRP VBD , PRP VBP RB VB DT NN TO VB CC DT VBZ WRB PRP VBP VBG JJ NN , '' NNP VBD , VBG DT JJ NN HYPH VBN NN IN JJ NNS IN JJ NN IN DT NN NN NN . JJ NN NNS IN NNP VBD TO `` VB DT NN '' IN VBG NN NNS IN NNP NNS IN CD ."
967,73,mainstream,"NN : PRP VBP DT NN VBZ VBN RB TO VB DT JJS NNS CC NNS IN NN NN . DT JJS NNS VBP RB . PRP VBP DT NNP VBZ DT JJ , NN HYPH VBN NN NN NN . PRP VBZ IN DT NN IN NNS WDT VBP NN HYPH JJ NNS CC VBP DT JJS NNS IN NN NN . DT NN VBZ NN NNS , NN HYPH NN NN NNS , NN CC NN NNS , CC DT JJ NN . TO VB VBG NN -LRB- NN -RRB- CC VB DT NN , UH VB NNP CC VB DT CD JJ NNS . IN PRP VBP RB VB NN , CC VB DT NN IN NN NNS , UH VB NNP IN DT NN IN VBG NN PRP MD VB TO VB . NFP VBG DT NNS : JJ JJS NN NNS IN NN"
968,508,mainstream,"DT RBS JJ CC RB IN NN NN NN , RB RB IN VBN NNS VBP JJ IN DT NNP NNP NNPS NN . DT NNP NNP NNP VBZ CD -LRB- CD -RRB- NNS IN PRP$ NN NN IN DT MD RB VB VBN IN PRP . JJ IN NNP NNP -LRB- VBG NNP NNP NNP NNP IN NNP NNP -RRB- PRP MD VB DT NN -LRB- JJ NN HYPH NN -RRB- IN : NFP PRP VBP DT NNP NNP NNP NNP . NFP PRP VBP JJ IN NNP NNP , IN DT NNP NNP NN , VBP RB RB VBN IN NNP NNP JJ IN NN CD NN . JJ NNS IN DT NNP HYPH CD CC NNP HYPH CD NN NN , VB DT JJ NN NN DT JJ NNS -LRB- JJ -RRB- , VB DT JJ NN NN NFP VB DT NN NN IN PRP$ VBN JJ NN -LRB- NNP , NN , NNP , NNP -RRB- IN NN CC NN . NFP DT NN NNS MD VB VBN IN DT VBN JJ NN -LRB- NNP , NNP , NNP , NNP -RRB- . NFP VB DT VBN NN NN CC DT VBG NN IN JJ NN IN CC VBG CC VBG DT NN IN DT NN NN , NN -LRB- AFX -RRB- . SYM NN IN NNP VBG PRP$ NN NN SYM CC NN . NFP VB DT NN NN CC VB PRP$ JJ NN . SYM NN IN NNP IN NN IN PRP$ NN NN NN CC NN . NFP VB DT JJ NN IN DT JJ NNS , VBG DT NNS IN DT NN NN VBN IN PRP$ VBN JJ NN IN DT JJ NN . PRP$ NN NN -RRB- MD VB VBN IN NNP NNP NNPS IN CD -LRB- CD -RRB- NN NNS IN NN . DT NN VBN IN NNS CD CC CD MD VB VBN IN CC NN CC NN IN DT NN NNS VBN IN DT NNPS IN NNP NNP CC NNP -LRB- NNP -RRB- . DT NN MD VB VBN JJ IN : NFP NNS VBP JJ IN DT NNS IN DT NNP . NFP DT VBN JJ NN VBZ RB DT NNP , NNP , NNP , CC NNP . IN DT NN IN NN , DT NN MD VB VBN CC VBN IN WRB TO VB NN . DT MD VB : NN : CD NN IN DT NN NN MD VB VBN VBN IN NN CD ."
969,440,conspiracy,"JJ NN VBZ DT JJ NN IN NN CC NN WRB RB RBR MD DT WP VBP IN NNS VBP DT NN IN NN NNS CC NN . IN JJ NN IN DT JJS NN IN DT NNP NNP NNP IN NNP , PRP$ NN NN NNS MD RB VB PRP$ NN VBN RP IN PRP . DT NN VBZ JJ TO VB PRP$ JJ JJ NN HYPH JJ NNS IN CD , CC PRP VBZ DT JJ NN IN DT NN IN NN NN NNS IN DT NNS IN CD . DT NNS VBD IN NN , IN NNS IN NNP NNP NNP , NNP , CC NNP CC NNP VBG DT JJS NN . DT NN VBZ DT NN RBR JJ , RB , WRB PRP VBP DT NNS IN DT NN , WDT VBD VBN IN DT NNP NNP NNP NNP NNP NNP , IN DT NNP NNP NNP POS NN NN NN , WDT VBZ VBN RP IN NN CC NN NN . PRP VBZ IN NN NN VBZ DT JJS WRB DT NN NNS VBP TO VB DT JJS . JJ . VB PRP VB DT NNS IN DT JJS NN NNS . IN NNP CC NNP , WRB DT CD HYPH NN NN IN NN NN VBD VBN IN CD IN CD , CD IN IN DT CD NNS VBZ DT VBN NN NN , VBN IN DT JJ NN IN CD IN IN DT CD . NN NN NNS RB IN NN , NN , CC NN VBP CD , CD , CC CD NN RB . PRP VBZ DT JJ NN IN NNP NNP NNP , WRB CD IN IN DT CD NNS VBZ NN CC NN VBD IN CD NN IN CD IN CD . RB , DT NN NN NNS IN NN , NN CC NN VBD CD , CD , CC CD NN RB . IN NNP , RB , NNS VBD IN CD NN IN DT JJ NN NN , CC CD IN IN DT CD NNS VBZ NN . DT NN NN NNS RB IN NN , NN CC NN VBD CD , CD , CC CD NN RB . DT NN IN DT NNS : VB NNP NNP NNP IN NN , JJ NNS IN NNP NNP NNP NN , JJ NN NNS , NN NNS CC JJR . CD JJ NNS , NNS CC NN . VB JJR IN DT NNP NNP NNP CC VB VB DT NN NN . IN PRP MD VB , DT NNS VBP DT JJ NN NN , CC PRP RB VBP JJ NN NNS . WP VBZ WRB PRP VBP DT NN IN DT NN IN DT RB JJR NN IN NN . IN NNP NN , RB CD IN IN DT CD NNS VBZ NN . VBZ PRP DT NN IN PRP$ NN NN NNS IN NN , NN CC NN VBP RB CD , CD CC CD NN RB . NN MD RB RB VB NN , CC EX VBZ RB DT NN RB WDT VBZ JJ VBG IN . IN NN IN DT NN , EX VBP NNS IN NNS IN NNS IN NNS IN RB JJ NNS VBG NN VBG NN . JJ NNS VBP RB VB DT JJ NN WRB PRP VBZ IN NN IN NN NN , CC RB DT NNS VBP VBN IN DT JJ NNS MD VB RB JJR . EX VBZ DT NN IN NNS VBG NNS IN NN , IN DT CD NN VBN IN DT NNP NNP NNP VBG DT JJ NN IN DT VBG NNS IN NN IN NNS WDT VBP NN CC NN NN . JJR NN MD VB VBN IN DT CD NN VBG IN JJ NN NNS VBD VBN IN NN NN IN NN . NNP VBZ PRP VBG IN DT JJ CD NNS IN DT NNPS , NNP CC NNP WRB PRP VBZ IN NN NNS . IN DT NN VBZ TO VB TO VB DT VBG NN , NN NNS VBP TO VB VBG DT NN DT NNS VBP CC VB RB WP PRP VBZ PRP VBP VBG IN PRP$ NNS IN NN CC WRB PRP MD VB PRP IN DT JJ CC JJ NN . VB NNP IN JJR NN IN NN NN NNS ."
970,1174,mainstream,"DT JJ NN VBD DT NN IN DT NNP NNP NNP NNP CC NNP NNP TO VB DT NN IN DT NNP IN NNP . NNP VBD PRP VBD VBN NN TO VB CD CD NNS IN DT NN HYPH CD NN , IN DT JJ NN VBG IN DT NN IN CD CD NNS . CC IN JJ NNS VBP RB JJ , NN VBZ RB VBN . DT NNP NN VBZ IN DT NN POS RBS HYPH JJ , IN DT JJ NN VBG PRP VBZ NNS TO VB JJ IN CD NNS POS NN . DT NN VBZ IN DT JJ NNS IN NN VBZ CD CD IN RB CD NNS VBP VBN . NNP VBD PRP VBZ NN NNS IN CD CD NNS IN DT RB HYPH VBN NN . IN DT NN IN NNP HYPH CD DT JJ NN IN NNS VBZ VBN RB IN DT NN NN . IN NNP , NNP VBD PRP MD RB VB NNS IN DT JJ NN JJ NN . PRP VBD PRP VBD DT NN MD RB VB CC IN NNS IN DT JJ NN NNS VBD JJ , PRP MD VB IN JJ NN NNS IN JJ NNS . RB DT NN IN DT NNS IN NN VBP VBN IN JJ NNS , DT NN IN NN CC NN , CC DT NN IN WDT JJS VBP . VBG DT NN IN NN VBZ VBN IN DT JJ NN IN VBG IN VBG NNS VBG JJ NNS . VB JJR : NNP VBZ IN NN IN JJ NNS IN `` NN '' NNS NNP VBD DT NNP HYPH CD NN PRP VBD VBG MD VB DT VBN JJ HYPH NN JJ NN IN CD NNS . CC PRP MD RB VB RP DT NN IN NNS , IN PRP VBP RB RB RB VBN IN JJ NNS IN DT NN . DT NN VBD PRP VBD VBG RB IN JJ NNS VBG DT NNP NNP NNP -LRB- NNP -RRB- TO VB DT JJ NN CC NN IN DT NN ."
971,1258,mainstream,"DT NNS VBP RB , CC DT JJ HYPH NNS VBP RB TO VB . CD NN WDT PRP MD VB TO RB VB RB VBZ `` NN HYPH NN NN , '' DT NN WDT VBZ VBN NN IN DT JJ NN , RB DT JJ JJ NNS . CD JJ NN IN NN HYPH NN VBZ IN DT NN VBZ DT NN IN PRP$ , PRP$ JJ NN IN DT NNS , CC IN DT JJ JJ `` JJ NNS , '' IN NNP NN NNP NNP RB VBD PRP VB TO VB VBN RB . PRP VBP RB . CC CC , IN JJS IN DT NN WDT PRP VBP VBN VBG IN IN NNS RB , PRP VBP TO VB VBG RP NN IN WP PRP VBZ , IN DT IN PRP VBZ JJ , CC RB JJ . NNS VBZ DT RB HYPH VBG NN IN NN HYPH NN -LRB- CC NN , IN NNP NNP VBD PRP IN CD -RRB- , CC RB PRP VBP JJ IN NN . NN PRP MD VB CD JJ NNS WDT VBP VBN JJ NN IN DT JJ NNS , IN DT NN IN PRP MD RB VB RB . IN JJ NNS , NN VBZ RB VBG VBN . RB , DT NN IN NN VBZ DT NN IN JJ NN . RB , RB , DT JJ NN VBZ TO VB DT NN CC NNS IN DT JJ NN , CC DT VBZ WRB NN VBZ IN NN -LRB- WDT VBZ RB DT JJ NN IN NN HYPH NN -RRB- . RB DT RBS RB HYPH VBN NN IN VBN NN NN VBZ RB IN DT NNS , WRB VBG NN VBD PRP JJ IN NN VBZ NN . DT NN NN VBD RB VB TO VB DT , RB IN PRP$ JJ JJ NN VBD PRP , IN PRP VBD IN PRP$ JJ NN VBD VBG PRP$ NNS , WDT IN NN VBD JJ NN IN PRP$ NN . IN NN , RB , IN NNS IN NNS CC RB NNS IN NN HYPH JJ NNS , DT NN VBD VBN TO VB DT NN CC VB RP NNS IN NNS IN NNS IN DT NNP RB , JJ NNS RB VBP , CC RB RB RB IN CD , DT JJS NN NN IN DT NNP , NNP NNP , VBD RB VBG TO VB DT NN IN NNS . PRP$ JJ NN VBZ RBR JJ , CC RB RB RBR JJ IN DT JJ NNS . PRP MD VB RB VBN PRP : PRP VBP VBG IN NN NN NN . IN JJ NNS , DT NN VBZ VBN VBG IN DT NN VBZ VBG JJR . DT NN IN NNS IN DT NNP NNP IN NNP NNP -LRB- NNP -RRB- VBD , IN RB JJ NNS , IN NNS VBD DT JJ NN IN JJ NN , RB IN IN PRP$ NN IN NN NNS CC DT NN PRP VBP IN DT NN . DT JJ NNP NN VBZ RB IN NNS VBP RB VBN CD NN IN NN , CC IN DT NN MD VB RB IN DT JJ JJ NNS . RB , DT NNS VBP RB IN NN . DT NN VBZ RB VBG JJR JJ NNS , JJ NNS CC NNS , CC VB HYPH NNS IN IN NN NNS -LRB- JJ IN DT JJ CC JJ NN HYPH IN IN NN IN NNP NNP NNP -RRB- . RB , DT NN NN NN VBZ JJ NN IN DT NN IN PRP$ NNS . RB IN VB IN JJ , JJR NNS IN NN , JJ NNS JJ IN NNP HYPH NNP CC NN NN NNS JJ IN DT NNP NNS VBP VBN JJ NNS IN NNS IN NN NNS TO VB NN IN DT NN IN NN NN . JJ IN DT NNS VBZ DT NNP NNP , DT NN HYPH NN HYPH VBN NN WP$ JJ NN VBZ TO VB NN IN DT NN IN NN NN . -LRB- NNP VBZ RB VBN TO VB NN IN DT NN IN NN CC NN . -RRB- NN NN NNS VBD IN DT NN NNS IN PRP VBD JJ TO VB NN NN IN NNS , RB IN VBG NN IN DT NN . RB , PRP$ NNS VBP VBN VBG . IN NNS , JJ NNP NNS VBD IN DT NN VBD VBG JJR . IN DT NN VBZ VBN RB JJR TO VB IN DT JJ NN , PRP VBP VBN PRP$ NN , CC RB PRP MD VB IN DT NN VBZ VBG RP , CC VB IN JJ NNS VBP JJ . PRP VBP RB JJ . DT NN IN DT NN VBZ , RB VBN , TO VB DT NNS IN NN NN NNS . RB , NN VBZ RB VB IN PRP VBP PRP CC RB . DT NN VBZ VBG JJR . NNP RB VBD PRP$ CD JJS NNS IN VBN NN . DT JJ NN NN VBZ VBN IN NNS IN NNS IN JJ IN DT NN , VBG DT JJ NN IN DT NN . EX VBZ DT NN TO VB DT MD RB VB VBG . NN NN NNS VBP RB VBG PRP IN VBG VBN IN NN CC NN NNS . PRP$ JJ CC JJ NN VBZ CD WDT VBZ VBN PRP IN CD NNS RB , CC PRP VBZ CD WDT RB MD RB VB RB : DT NN NN . DT VBZ CD IN DT RBS JJ NNS IN NN HYPH NN NN , IN NN PRP VBZ RB JJ , CC IN RB JJ NNS VBP VBN VBN IN DT NN . RB , VB PRP VB JJ IN DT NNS : NNS VBP CD IN DT JJS NNS IN JJ NN IN DT NN IN NN CC NN . NNS VBD TO VB IN DT NNS IN NN , NN , CC DT CD JJ NNS WDT VBP RB RB RB JJ IN NNS . NNP VBD CD NN VBN IN DT NN IN CD , IN CD IN NNP POS JJS JJ NN NNS . NNP VBZ RB VBN VBN IN RB DT NNS , CC DT NN WDT VBD IN CD VBZ RB VBN NN IN RB DT JJ NNS CC JJR IN CD NNS RB . DT IN DT NNS VBP IN IN NNS . JJ JJ NNS , VBG NNS , NN NN , CC JJ NN , VBP VBN VBN RB RB IN NNS WDT NNS IN DT NNP CC NNP RB RB VBP DT NN . DT NN VBZ DT JJ NN IN DT NN NN , WDT VBD VBN IN DT NNP IN DT JJ NNS : DT NN VBZ DT NN IN VBN NNS , CC JJ NNS VBD RB JJR , RB RB CD CD NNS IN NN IN CD NN . DT VBP DT NNS . RB WP VBD . DT JJ NN NN , VBN IN DT JJ NN IN RB JJ , RB NN HYPH JJ NNS , VBD IN CD IN DT NN IN DT JJ NN -LRB- RBR VBN WRB DT NN VBD VBN -RRB- VBG IN NNS VBD NN . DT NN VBD VBN IN JJ NN NNP NNP , WP RBR VBD PRP$ JJ NN IN IN PRP$ NN , WDT VBD VBG PRP$ NNS CC VBG NNS . RB , DT NN VBD VBN RP CC VBN IN JJ NNS IN JJ NNS , VBG JJ NN NN CC NNP NN NNP NNP CC JJ NN NNP NNP NNP NNP , DT NN IN JJ NNP NNP NNP NNP . NNP NNP . JJ NN VBZ RB IN DT NN NN , IN JJ NNS TO VB PRP . JJ NNS IN `` PRP$ NN VBD JJ IN PRP$ NN NN '' VBP VBN IN NN IN NNS VBP NN , CC IN NN HYPH NN , PRP VBP VBN TO VB JJ NNS RB . DT NNS MD VB RB JJ TO VB IN , IN JJ NNS VBP VBG IN NNS WP VBP JJ NN NNS VBG NN DT NNS RB RB VBP WP PRP VBP VBG . RB PRP MD RB VB TO VB PRP TO VB JJ CC VB RB : PRP$ NNS RB VBP VB JJ NN . PRP VBP RB JJ IN VBG IN NNS VBP NN TO VB IN PRP$ NNS POS NNS . PRP$ NNS VBP VBN IN NNP NNS CC NNS WP$ JJ NN VBZ TO VB CC VB DT JJ NNS IN NNS . RB IN EX VBD RB DT JJ NN IN NNS VBP NN , NNS VBP VBN NNS IN NNS VBG RB NNS IN NNS TO VB RB DT NN , CC DT NN VBZ RB , RB JJ : NNS VBP RB VB NN , CC VBP PRP VB DT JJ JJ JJ CC JJ NNS . NNS VBP VB NNS , RB , CC JJ NNS MD CC MD VB JJ . JJ NN VBZ RB VBN PRP , RB , JJ NNS IN NNS WP VBD IN RB JJ NNS , IN PRP$ NNS VBD RB VB PRP . DT NNS VBD RB VB TO VB . DT NN VBZ DT NN IN NN . DT NN IN PRP VBP IN DT `` JJ HYPH NN NN , '' IN VBG VBN NNS IN NNS IN NNS , NNS , CC NN HYPH NNS IN DT JJ NN , VBZ DT NN IN NNS POS NN TO VB PRP , RB IN DT NN IN DT NN . NN VBZ DT NN IN PRP VBZ , CC DT WP VBP TO VB PRP MD VB DT JJ HYPH NN NN , CC IN DT JJ NN , PRP MD RB VB . RB , IN DT RBR JJ NN , PRP VBP RB VBN IN NNS TO VB NN NNS IN WRB TO VB CC VB JJ NNS , JJ IN DT NNP IN NNP NN , NNP NNP , VBN IN NNP NNP CC NNP NNP . -LRB- UH , DT RB VBZ PRP$ NN . -RRB- IN DT NNS VBD : IN PRP VBP JJ , PRP VBP VBN DT NNS JJ IN JJ NNS IN NNP . VBG DT NN IN NN , NN VBZ RB , IN PRP , VBD DT NN IN NN , IN IN DT NN VBZ VBN RB IN WP VBD IN PRP . DT NN IN `` NN HYPH '' RB VBZ DT NN IN DT JJ NN MD VB DT NN RB . MD PRP VB `` NN HYPH NN HYPH NN '' TO VB RB . CC WP MD DT VB IN . VB PRP VB IN DT NNS MD VB PRP DT NN IN JJ NN IN NN . DT NN IN NN MD RB RB VB IN PRP ."
972,400,mainstream,"NN NN VBZ DT NN TO VB DT NN IN DT NN IN VBG RB DT WP VBP RBS JJ TO VB VBN . -LRB- CD -RRB- WRB NN VBZ JJ , NNS PRP MD VB VBN VBP VBN . VBG IN WRB RB DT NN VBZ , NNS WP MD VB VBN VBN MD VB NN , NNS , CC NNS . JJ NNS IN NNS MD VB VBN -LRB- DT NNS , DT NNS POS NNS , DT NN POS NNS POS NNS , FW . -RRB- . -LRB- CD -RRB- NN NN RB VBZ NN NN , VBG RP WP DT NN VBZ JJ TO VB CC VB VBN . DT MD VB JJ . IN DT NNS , PRP VBZ JJ TO VB NN IN DT NN IN WDT NNS VBP VBN JJ -LRB- RB HYPH VBN JJ NN -RRB- . IN EX VBZ DT JJ JJ NN NN , PRP MD VB JJ TO VB DT JJ NN IN WDT DT NN VBZ VBN , RB IN RB VBG NNS . -LRB- CD -RRB- JJ NNS VBP JJ NNS TO VB NN , CC RB VBP RB VB JJ NN . -LRB- CD -RRB- RB , RB IN DT IN DT JJ NN POS NNS VBP RB VBN , NN NN MD VB DT NN IN VBG VBN RB , IN DT JJ NNS POS NNS -LRB- JJ NN VBN -RRB- DT JJ NNS MD VB RB IN PRP VBP VBN RB IN NN , NN NN VBZ RB RBR JJ IN NNS VBG DT NN HYPH NN NN . -LRB- CD -RRB- WRB VBG IN DT JJ NN , NN NNS MD VB WDT VBZ JJS , NN NN CC JJ NN . IN DT NNS , PRP MD VB JJR TO RB VB DT RB VBN , JJ NNS -LRB- JJ IN NNS CC DT NN WDT VBZ JJ -RRB- MD VB CD NN CC DT JJ JJR , IN JJR NNS VBG NN HYPH NNS WRB DT JJ NN VBP VBN IN DT NN . -LRB- CD -RRB- NN NN VBD VBN IN DT NN IN NN . -LRB- CD -RRB- -LRB- CD -RRB- PRP VBD RB VBN RB IN DT NNP NN NN IN NNP NNP . -LRB- CD -RRB- -LRB- CD -RRB- IN CD , NN NNS VBD DT NN NN NN TO VB TO VB DT CD NNP NN NNP NN . DT VBD VBG RB DT RBS JJ TO VB VBN , JJ NNS IN VBN NNS , CC NNS IN DT NNS . DT NN VBN VBD NNP HYPH NNP . -LRB- CD -RRB- NN NN VBZ VBN VBN RB IN DT CD NNP NNP NN , IN RB CD NNS VBN . IN NNP CD , DT NNP VBD DT JJ NNS IN DT NN IN PRP$ NN , IN NN IN DT NNP NNP NNP NNP NNP NNP NNP , IN DT NN IN DT NN NN NN , VBG IN DT NN HYPH NN HYPH NN NN VBD VBN CD NN JJ IN VBG NNP NN , RB IN DT NN . -LRB- CD -RRB- -LRB- CD -RRB- , NN `` NN HYPH JJ NNP NN TO VB VBN IN VBN NNS CD NN IN NN '' . ADD ."
973,705,mainstream,"NNP : DT NNP NN VBD PRP$ NN POS JJ NNS CC VBD VBG PRP$ NNS WRB PRP VBD CD : CC VBD NNP IN NNP IN PRP VBZ JJ TO VB JJ NNS IN JJ NN WDT VBP NNS . NNP NNP IN NNP , NNP , VBD PRP$ NN POS `` NN , NN CC NN VBZ JJ , '' CC IN PRP VBD VBN IN JJ NNS WDT VBP PRP CC PRP$ NNS JJ IN NN HYPH JJ NNS IN DT JJ NNS NNS . `` PRP VBD RP IN PRP$ NN POS NNS IN NNS VBP JJ , '' NNP VBD DT NNP NN NN . PRP MD VB PRP$ JJ NNS CC VBD PRP RB VBD IN JJ NNS WDT `` VBP NN IN DT NN . '' JJ NNP , IN PRP$ NN POS NN CC VBG IN `` PRP$ NN VBD PRP IN DT NN NN , '' NNP VBD VBG RP IN PRP$ VBN NNS . PRP VBD NNS PRP VBZ JJ `` TO VB NNS IN WRB TO VB JJ NN '' CC TO VB PRP WRB JJ DT NNS RB VBP . DT NN VBZ VBG RP TO VB DT JJ NN IN NNS IN RB , DT NNP VBZ VBN JJR IN CD NNS IN CD NNS : VBG RB CD IN DT NN IN DT NNP NNP . NN VBZ CD IN DT RBS JJ NNS , JJ TO VB VBN IN NNS CC NNS IN CD NNS IN NN VBZ DT JJ NN . PRP VBZ JJ : CD IN CD NNS VBP NN , CC CD IN CD VBP NN NN WDT MD VB IN NNS , NN CC JJ NN . IN NNS VBP JJ IN DT NNP , NNS VBD CD NNS RB IN CD : CC JJ NNPS VBG RB , CC JJ NNS RB , MD RB VB IN DT NN . DT NN VBZ RB JJ CC RB JJ , NNP NNP , NNP NN POS NN NN , VBD DT NNP NNP , NNP , NNP CC NNPS NNP . IN NN , DT JJ CD HYPH NN NN IN JJR IN CD NNS VBN IN NNP VBD JJ NN IN EX VBZ DT NN IN NN IN DT NNS , NNS CC NN , CC NN , NN . DT NN HYPH NN NN VBD RB RB VBN IN DT NN CC RB VBZ VBN IN NN NNS . IN NNP IN NNP NNP IN NNP , NNS VBD VBN CC JJ NNS CC VBD : `` PRP$ NN VBZ RB VB IN NNP NN VBZ DT NN IN NN , VBZ NN IN JJ NNS CC VBZ VBN IN NN IN NN NNS IN NN . '' IN DT NNP , JJR IN CD NN IN DT NN RB VBZ RB VBN CC EX VBP NNS IN DT NN , VBG IN NNP POS JJ HYPH NN NN , WRB JJR NNS VBP VBN IN NN CC IN DT . PRP IN NN VBP DT NN IN NNS WP MD VB VBN : NNS WP VBP RB JJ CC NNS IN JJ NN NNS . NN IN DT NN IN NNS VBZ VBN TO VB NN , CC CD NNS , VBG NNP , VBP DT NN IN JJ NN IN `` JJ , JJ CC JJ NNS , '' VBG IN DT NNP NNP IN NNP NNPS . DT NN VBD DT NN IN DT NNP NNP IN NNP VBD DT NNS IN NNP , NNP CC NNP TO RBR VB NN NN VBN IN PRP$ NNS . `` PRP VBP DT NN , CC IN PRP$ NN , DT NN , TO VB RB TO VB DT JJ NN NN , '' VBD NNP NNP NNP , DT NN POS NN . NNP VBD JJ NNS IN PRP VBD IN NNP JJ NNS RB IN , `` PRP$ NNS VBP NNS VBP DT NN IN NN NN '' CC `` NNP VBZ WRB PRP VBP RB JJ . '' PRP VBD WRB TO VB IN VBG VBN IN PRP$ JJ . DT NNPS IN NNP NNP CC NNP VBZ DT NN HYPH IN HYPH NN IN NNS NNS CD IN CD WP VBP VBN NN NNS . NNP POS NN , NNP NNP , VBD DT NNP NNP IN NNP IN IN PRP VBD JJ IN WRB PRP$ NN VBD PRP RB IN `` PRP VBD RB VB IN NN PRP VBD . '' NNP VBD PRP VBD PRP$ NNS VBG DT JJ NN IN PRP VBD VBN , CC VBD WRB DT NN VBD VBN DT JJ NN TO VB DT NN . `` PRP VBP VBN PRP DT NN NN IN DT JJ NN , '' PRP VBD . NNP , DT JJ NN NN VBD DT NNP NN IN NNS VBP RB DT JJ NNS WP VBP JJR NN . `` JJS IN PRP$ NNS VBD RB RB VB PRP MD VB VBN IN PRP$ NNS POS NNS , '' NNP VBD . NNP NN NNP NNP IN NNP VBD IN DT NN . DT NNP NNP NNP CC NNP NNP VBZ NN IN DT NNP NNP NNP NNP POS NNP IN NNP NNP . DT NN VBZ RB JJ IN DT NN ."
974,859,conspiracy,"DT JJ NN IN NN VBZ VBN DT NN , CC PRP VBZ DT JJ RB TO VB RB HYPH VBN -LRB- NN -RRB- NNS VBN IN NN NNS . VBG IN NNS , DT NNP NNP CC NNP NNP -LRB- NNP -RRB- RB VBD DT NN , VBN IN NNP , WDT VBZ JJ NN NN CC DT NN NN VBN IN NN WDT VBZ VBN TO VB VB DT RBR JJ NN IN NNS . VBG IN NNP POS NN NN , DT NN VBZ JJ , WDT VBZ PRP VBZ NN NNS IN CD JJ NN NNS . DT NN POS NN , NNP NNPS NNP -LRB- NNP -RRB- , VBZ IN NNP VBZ VBN IN VBG NNS IN DT NN NN , DT NN IN NN , CC RB VBG PRP TO VB JJ NNS IN NN , DT NN NN NN WDT VBZ DT NN NN PRP TO VB DT NN RB . RB RB IN VB TO VB NNS DT `` JJ '' NN VBG NN NNS , NN NNS MD RB VB DT NN TO RB VB JJ NNS IN NN NN NN VBG NNS , WDT VBZ JJ TO VB NNS IN DT NN NN . CC PRP VBZ RB JJ TO VB IN DT NNS IN JJ NN NNS , VBG DT JJ NN NN NNP HYPH NNP NNP -LRB- NNP -RRB- , WDT VBZ VBN IN DT NN IN DT JJ NN NN . `` IN NNP HYPH NNP NNP -LRB- NN -RRB- VBZ VBN IN CD NNS IN NN IN DT JJ NN NN , DT NN TO VB NNP MD VB VBN IN JJ NN IN DT JJ NNS CC NNS , '' VBZ DT NN IN DT NN POS NN VBN `` NNS CC NNS . '' JJ JJ NN NNS VBP JJ NNS , JJ NNS , NNS , NN , VBN NN , NN , CC NN . VBG IN JJ NNS VBN IN NNP IN NNP POS NN NN , CD NN NNS RB VBD IN NNS IN DT NN . CC DT NN RB VBZ NNP VBZ JJ CC JJ , CC IN PRP VBZ RB CD NN JJ IN DT NNS IN NN IN NN , RB IN RB CD CC CD NNS . RB IN NNP , DT NNP RB VBD DT JJ NN NN VBN IN NNP WDT VBZ RB VBN VBG NN NN NNS . DT NN IN JJ NN NNP , NNP RB VBZ RB IN DT NN NNS , CC MD RB VB VBN RB RBR RB IN JJ NN NNS , WDT VBZ NN NNS MD VB PRP JJ CC VBG MD DT JJ NN VB DT NN . IN NNP , NNP VBD VBN JJ IN IN DT $ CD CD , NN HYPH VBN NN VBN IN DT NNP NNP IN NNP CC NNP NNPS -LRB- NNP -RRB- IN DT NN NN RB IN CD TO VB JJ NN NNS IN NNS . DT JJ NN VBZ TO VB JJ TO RB VB NNS IN NNS IN NNS IN JJ NN . RB , EX VBP RB CD JJ NNP NN NNS RB IN NN . CD IN PRP , WDT VBZ VBG VBN IN NNP , MD VB `` NNS IN JJ NN VBN IN NN NNS VBN `` NN HYPH IN NNS '' WDT VBP DT NN NN , '' VBG IN NNP ."
975,1345,mainstream,"VBG IN DT JJS NNS IN NNP NNP NNP , RB CD NN IN JJ NNS CC IN HYPH NNS VBP VBN VBN : IN DT JJ NN IN JJ HYPH NN IN HYPH NNS , RB . NN VBZ RB DT JJ NN WDT VBZ CC VBZ , CC MD RB VB VBN RP . JJ NN CD NNS VBD IN PRP . DT IN DT RBR JJ NNS VBP NN , NN IN DT NN -LRB- NN -RRB- CC NN -LRB- NN -RRB- CC NN -LRB- NN , NN -RRB- NNS , CC JJ NN . PRP MD VB DT JJ JJ NN IN DT NN CC MD VB IN NN . CC , IN DT NN IN NN , NN MD VB DT JJ NNS PRP MD VB . WDT VBZ WRB PRP VBZ RB DT RBR JJ IN RB JJ IN DT RBS JJ NNS VBP RB VBG VBN . JJ CC JJ IN IN JJ NNS DT NN HYPH NN VBZ VBN WDT VBZ IN NNS VBP PRP TO VB IN JJ NNS . VB PRP VB PRP : VBZ RB RB JJ HYPH NN . PRP VBZ JJ NN NN VBN IN NNS WP VBP JJ NN IN PRP$ JJ NN . CC NN IN DT NNS VBP RB VBN VBN TO VB , PRP VBZ JJ IN DT RBR JJ TO VB EX VBZ DT NN IN NN CC IN RB IN NNS VBP IN CD IN VBG IN DT NN NNS VBP JJ NNS , PRP VBZ JJS RB TO VB DT NN CC VB VBN . IN DT NN NN , JJ NNS RB MD VB VBN . PRP RB VBP RB VB RB WRB JJ : RB JJ : NN MD VB . CC IN JJ NNS , JJ IN NN -LRB- NNS , NNS CC NN -RRB- IN NNS , DT NNS VBP PRP VBP VBG PRP$ NN DT NN IN VBG TO VB PRP TO VB VBN . IN NN , PRP VBP VBG IN PRP$ NN POS NN , VBG DT NN IN PRP$ NN MD VB DT CD IN DT JJ CC RB JJ NNS WDT DT NNP VBZ IN . PRP VBP RB VBG RB JJ IN PRP VBP VBG PRP$ JJ JJ NN TO VB DT JJ JJ NN : WDT NNS VBP , CC VBP RB : IN DT NN IN PRP . DT VBZ IN IN NN TO VB RB , NN VBZ IN WP VBZ VBN IN NN NN . PRP VBZ CD IN DT RBS JJ NNS VBN IN NN . DT NN WP VBZ NNS VBZ IN JJ CD JJ NNS . DT VBZ IN TO VB PRP VBG , PRP VBP TO VB RB CD NN NN IN DT NN . IN JJ NNS , PRP VBP TO VB RB NN TO VB IN DT NN MD VB . DT NN JJ NNS MD VB JJ TO VB DT WP VBP RB JJ IN VBG VBN IN NN WP VBZ PRP . CC DT NN NN IN DT VBZ IN RB DT JJ NN IN NNS VBG DT NN VBZ DT RB JJ NN IN DT NNS WP MD VB VBN IN DT NN VBZ . CC DT JJ NN IN DT VBZ JJ NNS . DT VBZ WRB NNS VBZ RB VBG , CC VBG , IN DT NN IN JJ NNS VBG IN PRP$ NNS IN NNS WRB NNS VBZ RB JJ . NNP , IN NN , VBZ JJ IN PRP$ JJ NN NNS . RB DT NN EX VBZ VBN DT JJ NN NN IN NNP NNP , WRB RB JJ JJ NNS WP VBP VBN IN PRP$ NN VBZ JJ NN VBP VBN IN RB WRB PRP VBP VBN IN JJ JJ NNS . RB , VBN NNS IN NNS IN DT NNP VBP VBN IN CD NN IN NNP CC NNP . DT NN IN JJ IN DT MD VB VBN IN CD NN : DT VBN NN VBN NNP NNP . CD NNS RB , NNP NNP : PRP VBZ RB RBR VBN IN DT NN NNP , IN PRP VBD VBN RP : VBD DT NN VBG IN DT NNP VBD NN . DT VBN NNS VBD IN DT NN CC VBD DT NN NN RB JJ , IN DT JJ NNS . NNP POS NNS VBD JJ CC PRP VBD VBN IN VBG PRP$ NNS . RB IN PRP VBD VBN TO VB DT NN CC DT NN , DT NNS RB VBD TO VB PRP$ NNS TO VB VBN . NNP NN IN NNP VBD JJ NN IN DT JJ NN IN DT NN CC VBZ IN DT NNP NN NN NN IN CD NN ."
976,933,mainstream,"JJ NN IN NNP CD , NNP , DT NN NN , VBD DT JJ NNS IN DT RB VBN NN CD NN IN DT NN NN HYPH CD NN . DT NN VBD NNP POS NN VBG IN JJR IN CD NN CC VBD VB DT NN IN NNP NNP . IN EX VBD DT JJ NN IN DT NN , DT NN IN DT NN PRP NNS VBZ RB TO VB NN CC NN . IN DT JJ NNS VBP RB JJ , WP NNP VBZ RB VBN VBZ VBG DT NNS . PRP VBP DT NN NN CC VBD , IN JJ NN , VBG IN NN NN IN NNP CC NN NN . IN DT NN IN DT NN HYPH CD NN , PRP VBP VBN VBG DT NN IN JJR IN CD NN NNS TO VB NNS IN NN NNS WP VBP VBN VBN IN NN HYPH CD . DT NN IN DT NNP HYPH CD CC NNP NNP VBZ TO RB VB CC VB NN IN DT RB JJ NN . VBG DT NN IN NN NN , PRP VBD NNP POS NN NN VBG DT JJ NNS . DT NN VBZ DT NN TO VB DT JJ NN DT NN IN DT NN . NN VBD DT JJ NN NN IN NNP NNP VBD IN CD IN NN IN DT RBR JJ NN MD VB NN . IN PRP$ NN POS NN IN NN , NNP NNP VBD PRP$ NN RB TO VB PRP$ NN IN PRP . NN NNS VBP RB VBN IN DT NN CC NN IN JJ IN RB VBD JJ NNS . NNS VBP DT NN NN IN VBG NN HYPH VBG NNS VBN NNS , WDT VBP RP CC VBP IN DT JJ JJ NN RB VBZ RP . JJ NNS IN NNS VBP CC VBN NNS IN DT JJ NN WDT VBP JJ TO VB NN , CC PRP VBP VBN IN NN JJ NNS VBN NNS , WDT RB VB DT JJ NN . DT NN IN DT JJ NN NNP HYPH NNP HYPH CD VBZ DT NN HYPH JJ NN -LRB- NN -RRB- NN IN WDT DT NN VBZ IN DT NN CC JJ NNS . RB , VBG NNS VBN IN DT JJ NNS VBZ DT JJ NN IN IN DT NNS IN VBG JJ NNS IN JJ NNS IN JJ NNS . CC RB NNS VBP VBN DT JJ NN IN NN : NN NNS . RB IN VBG DT NN DT NN NN , NNS VBP VBG PRP NN , WDT VBZ DT JJ NN WDT DT NNS VBP CC VBP TO VB PRP$ JJ NNS . RB , RB IN DT JJ JJ NN NNS , DT NN NN VBZ DT JJ NN IN NN HYPH VBG JJ NNS IN DT NN , WDT DT NN NN VBZ TO VB DT JJ NN PRP . IN IN JJ NNS , DT NN IN DT NN VBZ RP DT NN POS NN NN TO VB DT NN . DT JJ NN IN NN NNS VBZ IN NNS MD VB DT NN NN IN NNS IN RB VBG DT JJ NNS TO VB DT NN IN DT JJ NN PRP . NNP HYPH VBN NNP NNP VBZ RB HYPH VBN NN CC NN IN DT JJ NN HYPH CD NN NN VBN NN SYM CD . PRP$ NNS IN DT NNP NNP IN NNP CC NNP NNPS -LRB- NNP -RRB- VBD RB VBG IN JJ NNP NNP JJ NN -LRB- NNP -RRB- NNS , WDT VBD DT RB JJ NN NN NN . RB RB RB IN DT JJ NN IN NNP HYPH NNP HYPH CD VBD JJ , NNP CC PRP$ NNS IN NNP VBD DT NN NN . IN IN IN NNP $ CD CD IN JJ NNS TO VB NN IN DT NN NN , NNP VBD VBG DT CD HYPH NNP NN -LRB- NNP SYM CD -RRB- IN NNP CD , CD . DT NN CD NN IN DT JJ NN , VBN IN DT NNP , NN IN DT NNP NNPS IN NNP -LRB- NNP -RRB- , VBD VBN TO VB DT NN , NN CC NN TO VB DT JJ NN IN CD NN NNS SYM CD , CD CC CD NNS . IN NNP CD , NNP VBD DT JJ NN CD NNS . NNP CD VBD RB JJ CC RB VBN , IN IN JJ NN CC NN IN JJR NNS . DT NNS VBD DT NN HYPH VBG NNS IN DT CD NNS IN NN . DT NNP HYPH CD VBD NNS WDT MD VB DT NN NN NN IN DT IN DT VBN NNS , IN DT CD NNS -LRB- NNS CD IN CD -RRB- . DT NN IN DT VBG NNS NN IN NN HYPH CD NN VBD JJ IN DT NN VBN IN NNS WP VBP VBN IN JJ NN HYPH NN HYPH CD NN . PRP VBZ JJ TO VB , RB , IN RB IN DT NNS IN NNP HYPH CD , DT NN NN VBZ RB JJ . WP VBZ RB VBN VBN JJ IN DT JJ NN , NNS VBD VBN IN RB CD IN DT CD NNS : CD DT IN DT CD CC CD NN NNS , WP VBD VBG NNS . VBG NNS VBP JJ IN DT JJ JJ HYPH VBG NN IN PRP RB RB VBP IN DT NN , CC PRP VBP DT NN . DT NN IN DT CD NNS VBZ RB VBN . DT VBZ JJ NN IN NNP HYPH CD VBZ RB RBR JJ IN JJR NNS . PRP VBZ JJ TO VB IN DT NN NN VBD VBN IN DT JJR NNS . RB , DT VBG NN NN IN DT VBG CD NNS VBD RB VBN . RB PRP VBZ JJ TO VB IN DT NNP HYPH CD VBD JJ IN PRP , CC IN DT NNS VBD RB JJ IN DT NN . DT NN CD NN IN NN HYPH CD VBZ RB VBN VBN IN DT NNP CC NNP NNP . IN DT NN DT NN MD VB CD NNS : JJ CC NN : IN CC DT NN , DT CD NN , CC DT CD NN NN VBN CD NNS RB . DT VBN NN IN DT JJR NN VBZ IN DT JJS CD NN NN IN NN CD VBD RB RB JJ . NNP VBZ NN CD NN TO VB IN NNP CC VBZ TO VB CD CD NNS IN DT NN RB RB . -LRB- VB NNS IN NN CC DT JJS NN . VB RP IN DT NNP POS NN . -RRB-"
977,1032,mainstream,"JJ JJ NN NNP VBZ PRP VBD RB VB DT NN IN NNP NNP NNP NNP TO VB JJ NNS IN DT JJ NN NN , IN DT JJ NN CC DT NN POS JJ NN VBG PRP VBD . NNP NN NN NNP HYPH NNP NNP VBD IN NNP `` EX VBD CC VBZ DT NN '' IN NNP '' CC DT JJ NNS '' TO VB RP DT NN CC `` TO VB NN NNS VBN '' IN JJ NN NN IN DT NNP NN . DT NNP HYPH VBN NN IN NNP CC NNP VBD NNS IN NNP VBD VBN TO VB RP JJ NNS IN DT NN POS NN NN , WDT VBZ RB VBG VBN IN NN IN DT NN HYPH VBN JJ NN . CC NNP , IN DT CD HYPH NN NN NN VBN RP IN NN , VBD TO VB WRB JJ JJ NNS VBD VBN : CC RB VBD : PDT DT NN , CC WRB RB DT NN POS JJ NN , NNP NNP , VBD NNP IN PRP VBD VBN VBN IN DT NNP NN WDT PRP RB VBD . NNP VBD IN DT NNP NN IN `` PRP VBZ RB JJ IN DT JJ NN VBZ DT NN CC IN PRP VBZ VBN RB IN DT NNP DT VBD RB DT NN IN PRP . '' PRP VBD , `` -LRB- NNP -RRB- VBD IN DT NN CC PRP RB VBD PRP CC VBD PRP WP PRP VBD IN PRP , CC PRP VBD RB IN DT VBD IN IN DT NN . '' NN NNP NNP VBD NNS IN NNP IN DT JJ NN `` VBZ VBN RB RB RP '' IN NNP POS VBN NN NN . PRP VBD , IN NN IN NNP POS NN , IN DT NN VBD RB VBN `` VBN . '' NNP NNP NNP , DT NN IN NNP POS JJ NN , VBD TO VB NNP POS NNS IN NNP POS NN NN , CC VBD IN NNP '' VBD RB VBG PDT DT NN WDT VBD RP IN RB RB PRP VBP RB VB WRB . '' EX VBP JJ NNS IN NNP POS NN . NN NNP NNP , DT NNP NN , VBD TO RB VB DT NN IN PRP VBD RBR DT NN IN DT NNP NNP NN WRB NNP RB VBD PRP IN PRP$ NN . NNP VBD VBN JJ NN IN NNP NNP , DT JJ NN IN DT NN . RB , IN NNP NNP VBD IN NNP MD VB JJ NN `` IN JJ NNS , RB VBN IN NN , '' CC VBD NN NN NNP IN JJ NN NN . NNP NNP VBD NNS IN DT NN TO VB NNP VBD VBN DT `` JJ '' NN IN DT NN JJ IN PRP$ NN IN NNP DT JJ NNS RBR . NNP NNP VBD DT NN VBD NNP IN IN PRP$ JJ NN IN NN WDT MD VB JJ TO VB DT NN NN . NNS RB , NNS IN NNP POS NN IN NNP VBP RB VBN DT NN POS NN : IN NNP , DT NNP NNP VBD IN NNP MD VB DT $ CD CD NN `` TO VB RP NN CC NN IN DT NN IN DT NN IN NNP . '' NN NNP NNP NNP NNP NNP VBD NNP PRP VBD JJ IN DT NN IN NN MD VB JJ IN NN IN NN . RB , JJ HYPH NN NNS VBP IN PRP MD VB DT NN CC JJR TO VB JJ NNS CC VB DT NN RB JJ . NNP NNP VBD DT $ CD CD NN MD VB DT NN `` TO VB RP DT NN '' CC VB DT NN `` RB RB IN JJ . '' PRP VBD IN DT NN NN RB IN NN MD RB VB IN JJ JJ JJ NNS . DT NN VBZ PRP MD VB RB DT CD NNS , IN DT NN IN DT NN VBZ RB JJ . NNP NNP NNP , NNP POS JJ NN NN , VBD NNS IN NNP IN DT NN VBD VBG `` RB TO VB DT JJ NN IN NN IN JJ NN . '' PRP VBD DT NN VBD JJ IN VBG RP DT NN `` RB RB CC IN JJ NNS . ''"
978,591,mainstream,"IN NNS IN NN , DT NN IN NN : DT RB HYPH VBN `` NN NN '' : VBZ TO JJ HYPH VB DT NN IN NN NNS VBN IN JJ NNS , VBG IN DT JJ NN . IN DT NN VBD RB VB NNS POS JJ NNS IN DT NN , PRP$ VBG NN IN DT NN POS JJ NNS VBZ IN VBG NN JJ NNS RB IN JJ NNS MD VB DT NNS IN DT NNS , DT NNS VBD . `` NN RB VBN NN NNS JJ IN DT JJ NNS VBN IN NNS IN NN , '' VBD NN NN NNP NNP , DT NN IN NNP NNP IN NNP NNP , NNP . -LRB- CD NNP NNPS IN NNP -RRB- DT NN VBD CD NNS CC NNS IN NN NN NNS WP VBD CD NNS IN NN NN IN PRP VBD DT NN JJ IN JJ NN . IN DT NN , DT NNS VBD CC NN JJ NN CC DT NN , CC VBD VBN TO VB DT JJ NNS IN NNS VBN IN DT NN IN PRP$ NNS . DT NNS VBD IN , VBN IN NN NNS , WRB NNS VBD NN PRP VBD JJR NN IN DT `` JJ NN , '' WDT VBZ NNS WDT VBP JJ NN CC VBP VBN IN NN , JJ NN CC JJ NN . IN NN , NN VBD TO VB DT NN IN DT NN POS JJ NNS WRB NNS VBD VBN IN DT NN WDT VBD RB JJ IN JJ NN , JJ IN VBG DT NN IN NNS VBN IN NNS IN NNS . IN JJ NNS , DT NN VBD TO VB VB DT NN IN DT NN IN JJ CC JJ NNS , VBG IN DT NN , VBN NN -LRB- NNP CD -RRB- IN DT NNP NNPS IN DT NNP NNP IN NNPS . RB , NNP VBD DT NNS VBP RB VB IN CD NN IN DT NN MD VB JJ NNS IN NNS IN NN . `` PRP VBZ IN EX VBZ DT NN IN DT NN WDT PRP VBP IN JJ CC JJ , CC PRP VBP TO VB WRB TO VB PRP TO VB DT NN IN JJ HYPH NN NN , '' PRP VBD . NN VBZ DT NN VBN IN DT NN , CC VBZ VBN TO VB VBN IN JJ NNS IN JJ NN , JJ IN JJ NN , NN CC NN . JJ NNS VBD VBN JJR NN NNS IN DT NN IN NNS IN NN IN IN RB VBG NNS , CC PRP VBD VBN VBN IN NN NNS MD VB NNS IN NN VB PRP$ NNS IN JJ NNS . RB , NNS WDT VBD DT JJ NNS IN VBG NN VBD JJ CC JJ NNS . IN DT NNS , NNS VBD DT NN IN NNS CC NNS IN NN IN NNS CC NNS , CC VBD RB JJ NNS , CC DT NN IN DT , IN NNS POS JJ NN . RB , IN DT JJ NN , WRB NNS VBD NN , PRP VBD RB VB DT JJR IN VBG JJ NNS VBN IN PRP$ NN IN DT NN POS NNS . CC DT JJR NN IN DT NN POS JJ NNS IN PRP VBD DT NN VBZ IN PRP MD VB DT NN IN JJ NNS . `` EX VBZ DT NN WRB DT NN VBZ PRP$ NN IN NN , CC PRP MD VB DT NN TO VB NNS IN DT JJ NN IN JJ NN , '' NNP VBD NNP . PRP VBZ JJ WRB DT NN VBZ DT NN CC VBZ IN JJR JJ NN . CD NN VBZ IN NN VBZ JJ NNS RBR JJ IN NNS IN NN , DT NNS VBD . PRP VBZ RB JJ IN DT NN VBZ DT NN VBG IN NNS VB RP IN DT NN NN VBG IN NNS CC , IN NN , VBZ JJ NN TO VB JJ IN NNS IN NN , DT NNS VBD ."
979,295,mainstream,"VBG IN NN NNS CC JJ NNS IN DT NNS VBN , EX VBP DT NN IN NNS IN DT NNS . IN JJ NNP , IN IN CD NN IN NNS IN NNP WDT VBP NNS CC NNS VBD VBN . DT NN NN NNS WP VBP NNS VBP VBN JJ TO VB IN DT NNS PRP VBP IN NN , IN PRP VBP JJ JJ NN . NNS VBP VBN JJ TO VB NNS IN NN NNS . JJ NNS VBP IN NN RB . CC NNS IN NN NN NNS WP MD RB VB VBN IN NN VBP VBG VBN TO VB IN NNP HYPH CD . JJ JJ NN NNS , VBG DT NNP , VBD RB VBN IN JJ NN NNS IN JJ VBP VBN IN DT NN VBD TO VB IN JJ NN VBN IN JJ NNS IN NNS VBG IN NNS . CC NNS VBP RB VBG IN DT JJ NN HYPH NN NN . VBG IN NNP HYPH CD VBZ VBN RB RB , VBG RB RB IN NN IN NN CC RB IN JJ NNS , DT NNP NNP NNP NNP , DT NN IN JJ NNS , VBZ VBG NNS TO VB PRP$ JJ NNS RB CC VB JJ , NN HYPH JJ NN NNS RB RB IN JJ . IN IN DT NN , NNP , WDT VBD VBN RB IN NN TO VB VBN IN JJ IN JJ NN NN , VBD TO VB CD NN NN NNS IN VBN NNS WDT MD VB RB VBN DT NN IN CD CD NNS . DT JJ NNS VBD IN NN NN NNS VBP NN HYPH IN HYPH NN . `` PRP MD RB VB NNS , '' VBD NNP NNP NNP , DT NN IN NN IN NNP IN NNP , IN WRB DT NNS VBD VBN . DT JJ NN JJ NN WDT VBD RB IN DT NN IN NNS CC NN NN NNS RB VBD DT NN ."
980,931,mainstream,"DT NNS , VBN IN DT NNP NNPS IN NNP , VBP RB VBN RB HYPH VBN CC VBN , CC NNP NNP NNP , NNP IN NNP NNP CC NNP , NNP NNP NNP , VBD DT JJ NNS `` JJ '' . PRP VBD : `` DT VBZ DT JJ NN , CC NN NNS MD VB JJ VBN IN DT NN TO VB IN DT NN WDT VBZ JJ NN MD DT NN VB JJ . '' DT JJ NN IN NNS IN RB CD NNS MD VB RB , IN DT NN VBG NNS IN NNS MD VB IN NNP . RB IN DT VBG NNS VBP JJ NNP POS NN MD RB VB JJ IN IN NNP CC NNP CD . NNP NN , NNP NNP , VBZ VBN DT NNP MD VB JJ NN IN DT NNS VBN IN PRP VBP RB VBN IN IN PRP MD VB RB VBN RB NN HYPH VBN . IN NN NN , NNS VBP VBG VBG NNS IN NNS JJ IN NNP , NN CC NN . JJ NNS VBP JJ CC , IN JJ JJ NNS VBP VBN VBN , NNS MD VB JJ IN DT NNS VBP JJ . DT NNP NNP HYPH VBN NN IN NN , RB DT NN NN , VBD VBN IN NNP NNP , DT NNP NNP , IN NNP IN DT `` JJ NN '' IN DT NN IN NNP HYPH CD . RB , DT NNS IN DT JJ NN IN NNP VBP IN PRP VBZ DT NNS IN NN IN VBN NNS IN CD IN CD NN NN . DT NN VBD PRP$ NN IN NNP CD , VBG NN NNS . CC IN NNP CD , DT NNS IN DT NNP HYPH VBN NN NN , WDT VBZ IN NNP NNS , VBD PRP MD VB IN DT NN PRP$ NNS VBD RB VB DT VBN NN . PRP VBZ RB VBN VBN IN NNP CC NNP VBP VBN RP TO VB DT NN NN , CC VBP TO VB DT NN JJ IN NN IN DT NN IN CD . NNP VBD PRP MD VB $ CD CD -LRB- $ CD CD -RRB- IN DT JJ NN NN IN DT NN IN JJ NNS IN DT NN NN . PRP$ NN IN DT CD NN NN NN IN NNP VBZ IN VBN NNS IN DT NNP NN TO VB DT NN CC JJ NN IN DT JJ NN VBD JJ NN IN NNP . NNP VBD NNS IN NNP IN PRP VBD VBN NN NNS IN DT NN CC PRP$ NN . IN NNP CD , DT JJ NN NN VBZ VBN JJ JJ NNS IN DT NN , VBG PRP VBD DT JJ NN IN CD NN NN IN DT WP VBD VBN PRP . DT NN VBZ VBG VBN IN DT NN NNP NNP NNP NNP -LRB- NNP -RRB- CC VBZ CD IN DT NNS IN JJR IN CD JJ NNS IN DT NN TO VB DT JJ NN IN DT NN . JJ NN , NNP , RB VBD JJ NNS IN PRP$ NN NN , VBG PRP VBD VBG TO VB IN JJ HYPH NN NN CD NNS IN NNP RB . NNP POS JJ NN IN DT NNP HYPH CD NN NN VBD IN NNP CD IN NNS VBD NNS VBN IN DT NNP IN NNP , IN NNS VBD DT NN IN CD CD NNS MD VB VBN RB . DT JJ HYPH NN NN VBZ VBG VBN IN NNP NNP , NNP CC NNP . DT NN POS JJ NN NN WDT RB VBZ DT NN IN NN VBZ VBG VBN IN NNP NNS VBG JJ NNS IN JJ NNS . IN DT NN VBN IN NNP NNP , DT NNP NNP , IN DT `` JJ NN '' , DT JJ NN NN VBD VBN TO RB VB DT NNS IN NN IN DT RBS JJ NNS . IN NNP CD , NNP NNP VBD DT NN IN DT `` JJS NN RB '' IN DT NN IN NN , CC IN NNP CC RB . DT NN VBZ VBN VBG NN IN NNP IN NN DT NNS VBD JJ . EX VBP RB NNS IN CD NNS , CC JJ TO VB IN DT JJ NN IN DT NN . DT NN : RB VBN TO VB NN , JJ NNS CC NN : VBZ RB $ CD IN DT JJ NN IN NN CC VBZ VBN TO VB DT JJ NN IN DT NN . NNS IN NNP NNP , WP VBP VBN VBG NNS IN DT NN IN NNS IN NNP , VBD IN DT CD HYPH NN NN IN NN VBZ DT NN IN NN IN NNS IN NNS IN CD NN . DT NNS VBD DT NN MD VB DT NN IN NN IN DT RBS JJ NNS . IN NNP CD , DT NN VBD DT NN VBN TO `` RB VB DT NN NN '' , RB RB IN VB RP NN IN PRP MD VB RB VBN CC VBN IN JJ NNS . PRP VBZ VBN IN NNP NNP NNP CC NNP NNP NNP NNP , DT NN JJ JJ NN , CC NNS MD VB NNP CC DT NNP NNP . DT NN VBZ RB VBN $ CD CD TO VB IN CD NN NN NNS , JJ IN DT NN IN DT NNS IN DT NNP IN NNP CC NNP NNP NNP . IN NNP CD , DT NN IN DT JJ $ CD CD IN DT NNP CC JJ NNS VBD DT NN RB RB . DT JJ NNS RBR DT NNP NNP , NNP NNP VBD DT JJ $ CD CD IN JJ NN `` TO VB VB PRP$ NN '' . PRP VBD : `` DT JJ NN MD VB NN HYPH VB DT NNP NN IN IN IN JJ NNS VBP JJ PRP VBP NNS TO VB VBG DT NNP NN RB RB . '' TO VB DT NNP NN VB DT NN , NNP NNP VBZ VBN DT NNP JJ NNS NN NN NN VBZ VBN TO VB IN NN CD , DT NN RB IN NN . PRP VBD : `` TO RB VB PRP$ JJ NN NNS JJ NN , PRP VBD DT NN MD VB VBG DT NNP JJ NNS NN NN NN , WDT VBZ VBN IN NNP IN NNP . `` CC NN PRP MD VB PRP MD VB RP IN DT JJR $ CD CD IN DT NN VBG IN PRP VBZ IN NN CD , DT JJ CD NNS RB IN NN . `` DT NN , WDT VBZ RB IN NN , MD VB NN TO VB JJ NN NNS TO VB DT JJ NNP NN IN RB JJ IN CD NNS . '' WRB RB VBZ PRP VB TO VB DT NN CC WRB ."
981,730,conspiracy,"JJ NN NN IN NNP MD VB DT NNS IN VBG DT NN DT JJ NN IN NN WDT VBD VBN IN NNP VBZ VBN VBN TO VB DT JJ NN WDT NNS VBP MD RB VB DT NNS TO VB DT NN IN DT NNP NN -LRB- NNP SYM CD -RRB- IN JJ . NNS IN CC NNP CC NNP VBP VBG IN DT VBN NN IN NN VBZ DT RB JJ NN WRB PRP VBZ IN VBG NN IN DT NN IN JJ JJ JJ NN -LRB- NNP -RRB- . RB VBN , DT NN IN DT NN NN RB IN JJ NN RB MD RB VB IN DT JJ NN , CC DT JJ VBN NN IN DT NN . DT NN IN DT VBN NN VBD IN NN IN DT NN NN WDT RB VBZ DT NNP NN -LRB- NNP SYM CD -RRB- TO VB IN JJ JJ NNS . DT NN RB VBZ NNS VBG NN , DT NN VBN IN DT JJ NN NNS IN DT NNS . IN VBG DT NN , VBD NN VBZ DT NN NN TO VB NNS IN NN , WDT VBZ WRB NN NNS VBP VBN VBG TO VB RP IN NNS WDT MD VB PRP . CC DT NN VBN IN DT JJ NN IN NN VBZ IN DT JJ JJ NN MD VB JJ TO VB PRP IN VBG NN . `` DT NN IN DT NN VBD DT NN IN NNP HYPH NNP HYPH CD NN WDT VBD NN -LRB- NN WDT DT NN VBZ PRP IN -RRB- NN MD VB IN DT NN , '' VBD DT NN IN NNS IN NNP NNP IN NNP CC DT NNP NNP NNP IN NNP IN NNP . `` DT VBZ JJ NN NN IN NNP HYPH NNP HYPH CD VBZ IN JJ NN IN VBG JJ . '' VB JJ TO VB RB IN DT NNP NNP NNP IN NNP NNP , DT NNP NNP , VBZ DT JJR NN IN WRB NN NNS VBP JJ TO VB IN DT NNP NN -LRB- NNP HYPH CD -RRB- NNS VBP RB VBN IN NNP : PRP VBD DT NNP NNP IN NNP CD NNS TO VB JJ NN IN VBG NN NNS IN VBN NN WP VBZ RBR JJ IN DT NN VBZ DT NN IN PRP VBD CD NNS IN DT JJ NN NN IN DT VBN NN NN TO VB VBN IN DT NNP NNP IN NNP , WDT VBD PRP DT NN RB IN PRP VBD VBN IN DT NN IN NNP . WRB PRP VBD DT JJ NN NN RB RB TO VB PRP VBZ VBN JJR NNS IN EX VBP NNS IN IN RB WRB JJ DT NN RB VBZ . RB RBR JJ VBZ DT NN VBN RP IN DT NNP NNP NNP NNP , RB DT JJ JJ NN NN NN , IN EX VBZ RB JJR TO VB IN DT NN IN NNS . `` -LRB- NN -RRB- RB VBZ JJ NN VBG IN NNS IN NNS VBN CC VBN VBP RB DT NN IN DT NN : CC JJ NN VBZ DT NN IN JJ NNS MD VB JJ NNS IN DT JJ NN DT NN NN VBZ , '' DT NN VBD . RB RB , DT NN VBZ JJ TO VB CD , CD , CC RB CD , IN DT NN IN NN NN NNP NNP , JJ NNS IN DT NNP NN -LRB- NNP SYM CD -RRB- RB RB IN JJ . NNS RB VBP VBG IN NN VB VBN IN CD CC DT IN PRP IN NN TO RB RB VB VBN TO VB DT JJ NN IN NN IN DT VBG NN . `` EX VBZ DT NN IN DT NN IN NN , '' VBD RP CD NNP NN NN IN WRB DT JJ NN IN DT NN NN VBD JJ IN DT NN . `` PRP MD VB DT NN NN WDT VBZ PRP$ NN VB DT JJ NNS TO VB JJ NNS , CC PRP VBZ RB VB PRP IN DT NN . EX VBD CC VBZ DT JJ NN IN NN , NNP , FW . '' JJR IN DT JJS NN IN DT NNP NN -LRB- NNP SYM CD -RRB- VBZ JJ IN NN NNS ."
982,659,mainstream,"-LRB- NNP -RRB- : DT NNP NNP VBD NNP NN NNS IN NNP TO VB RBR RB IN VBG NNS JJ IN NNS CC NN , VBG NNS IN PRP VBD IN DT RBS JJ CC NN HYPH JJ JJ NN NNS . VBG RP DT NN POS NNS , NN CC NN NN NN NNP NNP VBD DT NNP NNP NN NNS MD VB CC VB JJ CC JJ NN NNS IN CD CC VB IN PRP DT NN IN IN JJS CD NN NN IN NNS . NN IN DT NNP NNP IN NNP NNP CC NNP -LRB- NNP -RRB- VBP IN JJ NNP NNS VBP VBG JJ NNS IN NNS , DT RB JJ NN WDT MD VB . DT NNP VBZ RB VBN IN DT NN IN JJ NN HYPH JJ NNS IN IN JJ NN NN . `` JJ NNS VBP RB VBN IN JJ NNS , '' VBD NNP . `` CD NN NN POS NN NN VBZ DT NN CC NN IN NNS IN NN IN DT NNP . VBG IN DT NN VBZ IN DT IN PRP$ NNS . '' DT NNP RB VBD IN DT NN IN JJ NNS IN NN NN CC JJ NNS IN JJR NN HYPH NNS TO VB NNS IN NNS CC NNS . PRP RB VBD VBG DT JJ NN NN NN TO VB JJ , JJ CC VBN NN RB IN DT NNS CC NN IN NNS . DT NN VBD PRP MD VB DT NNS IN DT CD NN NNS CC VB TO VB PRP VBP VBN IN NN IN DT NN IN DT NN , IN JJ NN IN NN . NNP NNS VBP IN IN DT CD NNS IN NNP CD , CD IN NNP CD , CD , JJR IN CD NNS NNS VBD VBN IN DT JJ NN NN . DT NNP RB VBZ IN IN JJS CD NNS DT NN IN NNP VBP IN NN , RB IN IN JJ NN NN ."
983,1119,mainstream,"NN VBZ DT RB JJ JJ NN WDT MD VB RB JJ CC RB VB IN JJ NNS . PRP VBZ RB JJ IN DT NNP IN IN DT NN IN NN . NN MD VB NNS IN PRP VBP RB VBN VBN CC VBP RB VBN PRP RB , IN PRP VBZ RBS JJ IN JJ NNS . DT NN RB VBZ IN RB CD IN CD NNS . DT JJ NNS IN NNS VBP RB CD NNS IN PRP VBP VBN . SYM JJ HYPH JJ NNS , JJ IN DT JJ NN , NN CC DT NN SYM JJ , JJ NNS WDT MD VB JJ IN NN , DT JJ NN -LRB- NN -RRB- , WDT MD VB RB CD NN SYM JJ JJ HYPH JJ NNS IN DT NN IN DT NNS DT JJ NNS RBR , DT JJ HYPH JJ JJ NN MD VB . DT RB VBZ IN DT NN CC JJ NN IN VBG RB IN DT NN IN DT NN . IN DT NN PRP MD VB JJ TO VB WP TO VB IN PRP$ NN VBZ JJ . PRP VBZ JJ TO VB PRP$ NNS CC VB JJ NN IN PRP VBP PRP . WRB TO VB DT NN PRP MD VB DT NN RB RB IN JJ IN PRP VBP IN PRP CC PRP$ NN MD VB NNS . PRP VBZ JJS TO VB IN PRP$ NN IN PRP$ NN NN MD VB TO VB NNS TO VB DT NN IN VBG DT NN IN NNS . PRP MD RB VB DT NN IN PRP VBP VBN IN JJ NN IN NN WP VBZ NNS CC VBP RB : SYM VBN RB VBN IN CD NNS IN DT NN NN NFP VBD DT NN RB PRP MD VB DT RB IN PRP VBP RB VB DT NNS . NNS MD VB JJ , CC MD RB VB IN RB CD IN CD NNS IN VBG DT JJR NNS . IN PRP VBP VBN NNS , PRP$ NN VBZ RP NN -LRB- NN -RRB- IN DT NN CC PRP RB JJ PRP MD VB PRP RB . CC PRP MD VB IN JJ CC RB NN HYPH VBG NNS IN DT NNS . DT VBP NNS IN DT NNS -LRB- NN -RRB- CC NN -LRB- NN -RRB- . DT NNS NN VBZ VBN IN DT NNS IN JJ NNS WDT VBP IN IN DT NN CC NN WRB DT VBN NN VBZ CC VBZ . PRP MD RB VB NNS IN : NFP VBG DT NN DT NNS VBP VBN RP CC RB VBG PRP$ NNS IN PRP$ NN CC NN -LRB- DT NN MD VB IN NNS IN DT JJ NNS -RRB- NNS IN NNS VBP JJ IN WRB DT NNS VBP IN RB CD NNS IN DT NN RB VBZ . WRB NN MD VB VBN NN MD VB VBN IN VBG DT NNS , NNS CC NN -LRB- NN -RRB- NN . DT VBZ VBN IN CD NNS IN NN IN DT NNP NN NN NN . DT JJ NN VBZ VBN WRB PRP$ NN VBZ RB CD NNS JJ , CC DT JJ NN VBZ VBN IN CD NNS CC CD NNS . NNS CC JJR NNS MD VB VBN IN DT NN IN PRP VBP RB VBN RB VBN RB . VB DT NN IN VBG DT NN . IN DT NN NN VBZ RB JJ IN PRP , DT NN VBN JJ JJ NN -LRB- NN -RRB- MD VB VBN IN PRP VBP IN JJ NN IN VBG NNS . WRB PRP MD VB DT NNS IN NNS EX VBP JJ NNS PRP MD VB TO VB VB PRP$ NNS CC VB DT NN IN VBG DT NN . NFP VBG NN CC NN TO VB NN , NNS CC NNS -LRB- NN MD RB VB VBN IN NNS IN CD NNS JJ -RRB- NFP VBG DT NNS TO VB VB NN NN SYM VBG JJ NN NN TO VB DT NNS , VBG IN NN CC NN IN IN JJS CD NNS IN WRB DT NN RB VBZ IN JJ NNS , RB IN EX VBP NNS , PRP CC PRP$ NN MD VB TO VB VBN IN NN IN NN ."
984,1030,conspiracy,"NN TO VB RP `` RB '' IN NN . JJ JJ NNP NN NNP NNP VBZ EX VBZ `` JJ NN '' IN DT NNP HYPH CD MD VB `` VBG RP IN PRP '' IN DT NN VBZ RP IN DT NN , DT VBG NN , RB DT NNP NNP NNP POS -LRB- NNP -RRB- JJ NN VBZ VBN . `` EX VBZ DT JJ NN IN DT NN MD VB RP RB IN DT NN VBZ VBN , '' NNP NNP , DT NN IN DT NNP IN NNP POS JJ NN , VBD IN NNP . DT NN VBD PDT DT NN , VBG NNP RBR VB IN PRP VBD UH JJ NN CC PRP VBD VBG DT `` JJ NN '' DT MD VB JJ IN DT JJ `` JJ NN . '' DT NN VBD RP TO VB IN DT NN VBZ `` WP MD VB IN JJ '' CC VBD DT NN TO VB IN JJ NN NNS . NNS CC NNS IN DT NN VBP VBN VBG TO VB DT NN IN NNP HYPH CD , WDT VBZ VBN JJR IN CD NNS RB RB , VBG IN NNP NNP NNP . RBR DT NN , DT NNP VBD IN CD NN NNS VBP RB VBG JJ NNS , IN DT CD NNS VBP RB IN JJ NN . NNPS VBG NNP CC NNP VBP VBN VBG NNS IN NNS . RB , PRP VBZ RB JJ WRB DT JJ NN MD VB JJ , VBN IN JJ NN VBZ VBN TO VB NNS CC RB NNS . RB , DT NN IN DT NNP NNP NNP IN NNP CC NNP NNPS , NNP NNP , VBZ EX VBZ `` DT NN IN DT NN VBZ RB VBG TO VB JJ . '' IN NNS IN NN CC NN , EX VBZ RB DT NN IN DT JJ JJ JJ NN , VBN IN NNP , WDT VBD PRP$ JJ NN IN CD , CC IN DT NNP NNP JJ NN -LRB- NNP -RRB- , WDT VBD PRP$ JJ NN IN CD . DT NN VBD VBN : NNP , NNP CD , CD IN CD NN"
985,709,conspiracy,"NNP NNP NNP NNP NNS WRB PRP VBZ `` DT NNP VBZ RB DT NN NN '' IN JJS JJ NNS VBP VBN VBN IN DT NNS PRP VBP VBN TO VB , DT NNP VBZ VBN RB JJR IN DT NN IN DT NN NN , VBZ NNP NNP NNP NNP , DT VBG NN IN DT NN NN NN . TO VB , NNP VBZ IN DT NN IN NNP NNP IN NNP NNP , DT JJ NN IN DT NNP IN CD SYM CD , VBD VBN IN DT NN IN NNS VBG CD HYPH NN NNS IN VBG NN NN NNP , DT NN IN NN NN NNP NNP , CC DT NN IN JJ NNS WDT NNS IN DT NNP VBD VBN RP IN IN JJ IN JJ NN . IN NNP NNP VBD RP TO VBD DT NN IN DT NNP POS NN NN , NNP NNP , DT NNP NN IN CD SYM CD VBD TO VB IN VBG VBN VBG NNS IN NNP POS NN IN VBG PRP$ NN . IN NN IN VBG IN NN NNS , DT NNP PRP RB VBZ DT NNS IN JJ NNS , VBG NNS IN IN IN $ CD CD IN NN IN PRP$ NNS VBP PRP . NN NNS RB VBP JJ NN , VBG PRP IN VBG VBN IN NN . DT JJ CD NN NNS , `` DT NN NN MD VB JJ IN DT JJ NN IN NNS VBG IN DT NN HYPH JJ NN CC NN '' . NNP RB VBZ RP IN DT JJ NNS WDT VBP NNS VBP VBN VBN IN JJ NNS IN JJ NNS , JJ IN NN HYPH VBN NNS CC JJ JJ NNS WDT VBD VBN TO VB NN IN VBG VBN IN NN NNS . `` TO VB IN DT JJ NNS RB VBP JJ IN DT JJ NN CC RB WRB PRP VBZ IN NNS , PRP VBD NNP CC PRP VBP RB VBG TO VB DT WRB PRP VBP PRP MD RB VB VBN . '' NFP NNP NNP NNP , NNP NNP NNP NNP VBZ VBN DT NN IN DT NN NN NN IN IN PRP$ NN IN DT JJ NN NN , NN IN DT NNP POS NNP NNP NNP , CC PRP$ NN IN JJ NN NNP . NNP NNP POS NN . NNP NNP VBZ DT NN RB RB IN DT NN NN CC JJ NN IN NNP NNP . IN PRP MD VB TO VB JJR IN PRP$ NN , PRP MD VB PRP$ NN , CC VB PRP IN DT JJ NN JJ NN NNS . DT NN -LRB- NNP NNP NNP NNP VBZ WRB PRP VBZ `` DT NNP VBZ RB DT NNP NN '' -RRB- IN RB VBN CC VBN IN NNP NNP CC VBZ VBN RB IN DT NNP NNP NN IN NN IN NNP NNP CC NNP . PRP MD VB VBN RB IN JJ NN , NN NN , CC DT NN NN ."
986,99,mainstream,"IN DT NN , CD IN DT JJS NNS VBZ VBN VBG IN VBG RB . IN JJ NN VBZ RB VBN DT NN IN DT NN IN NNP NNP NN , PRP VBZ RB VBN DT NN : CD WDT JJ IN PRP VBP RB VBG VBN IN . `` PRP VBZ VBN JJ TO VB NN CC NN NN , IN EX VBZ RB DT JJ NN NN CC NN IN NN NNS CC NN TO VB , '' VBD CD NN IN NNP . `` VBG JJ TO VB PRP$ NNS , NNS , CC NN VBZ VBN PRP VB RB JJ , '' DT NN VBD . `` IN NN RB VBZ TO VB PRP VBN , PRP VBZ RB DT NN IN IN HYPH NN NN . '' CD NN WDT VBZ VBN VB DT IN PRP IN NNP VBN IN DT JJ NN VBZ PRP$ NN : VBG JJ , JJ NN NN CC NN TO VB PRP , PRP$ NNS , VB PRP$ JJS NNS . DT VBZ RBR JJ IN RB . PRP VBP VBN DT NNP HYPH CD NN WDT RB RB VBZ PRP DT JJS NN IN DT NN CC RB VBZ NN TO VB PRP CC PRP$ VBN NNS VB RB CC RB JJ . DT NN , PRP VBD TO VB WRB TO VB JJ IN VBG IN NN , CC PRP VBD JJ IN PRP$ NNS IN JJ NN CC NN , WDT MD VB JJ NNS IN IN HYPH NN NN IN NN . PRP VBP RB VBN JJ TO VB NNS IN DT JJ NN . PRP RB VBD IN DT VBN NN IN NNP WP VBD IN PRP$ NN IN VBG IN NNS IN NN HYPH CD CC WRB PRP VBZ VBG JJ NN . IN DT NN , CD NN VBZ IN PRP$ NNS VBG DT NN IN NN NNS IN VBG NNS IN NN HYPH CD . CD NN WDT VBZ IN DT NN IN PRP$ NNS VBZ : WRB MD EX VB DT NN IN NNP HYPH CD . DT NN , PRP VBD IN CD NN WDT VBZ DT NN NN MD VB DT NN . NNS VBP TO VB DT NN IN RB CD JJ JJ NN IN NNP . JJ NN IN DT VBZ RB RB JJ RB RB , WDT VBZ WRB PRP VBP VBN DT NN VBG DT NNS TO VB JJ . PRP$ RBS JJ NN VBZ DT NN IN DT NNP NNP WDT VBZ DT NN HYPH CD NN : WDT '' VBZ DT JJ NN NN TO VB DT NN IN NN HYPH NN HYPH CD WDT VBZ VBN IN NN '' : MD VB JJ IN NN . IN NN VBZ , PRP VBZ JJ RB TO VB NN CC TO VB NN WRB JJ , VB PRP IN DT NN NN IN NNS , VBG DT NN , VBG IN NN , CC VBG NN IN DT NN . PRP$ NN IN VBG IN PRP$ JJ NN IN DT NN VBZ DT JJ NNS . JJ NN VBZ NNP NNP NNP NNP , CC PRP MD VB VBG RB JJR NN IN WRB TO VB IN PRP$ JJ RB HYPH NN IN DT JJ NN . IN DT IN PRP RB IN NNP , VB JJ ."
987,728,mainstream,"JJR IN CD NNS IN NNP VBP VBN TO VB IN DT JJ NN : WDT VBZ JJR IN CD IN CD NNS . IN PRP VBP PRP$ NNS , DT VBZ CD CD NNS WP VBP IN NN IN NN PRP$ JJ NNS CC IN PRP VBZ DT JJ NN , DT JJ NN MD VB NNS POS NNS . CC NNP NNP , IN NNP , NNP , VBZ VBG NNS IN NN VBZ RB DT JJ NN TO VB IN DT NN . CC DT NN , WP VBZ IN PRP$ NN NN , VBZ TO VB PRP$ NN IN DT JJ NN , IN JJ NNS TO VB RP NNP NNP CC VB NNS IN NNS RB . DT CD HYPH NN HYPH JJ VBD RB VBN IN NNP NNP NNP -LRB- NNP -RRB- NN CD NNS RB IN JJ NNS IN NNS CC VBG VBN , IN CD NN VBG PRP PRP MD RB VB NN IN '' PRP VBZ DT NN '' . VBG IN NNP , PRP VBD : `` RB IN DT , PRP VBD DT JJ NN TO VB DT NN , TO VB PRP VBD RB IN PRP$ NN CC PRP VBD VBG RP DT NN . `` CC RB PRP VBD DT JJ NN VBG PRP VBD DT RB , PRP VBP VBN PRP$ JJ NN RB VBG DT CC PRP VBZ PRP VB IN PRP$ NN MD VB VBN JJ . `` PRP MD VB VBN DT NN PRP VBD RB RB , PRP MD VB VBN JJR IN PRP . '' IN PRP RB VBD PRP$ NN , PRP VBD TO VB VBN IN DT JJ NN NN CC VBD JJ TO VB IN NNS WP VBD VBN `` VBN CC VBN RP '' IN JJ NNS CC RB NNS CC NN . CC DT VBZ WRB `` VBP PRP VB JJ CC '' VBD . DT JJ NN VBD IN DT NNP NN VBN NNP NNP , VBG TO `` VB '' NN IN DT NN WDT NNS IN DT NN IN PRP MD VB . NNP VBD TO VB NNS IN PRP CC NNS IN DT NN TO VB IN JJ NNS VBP RB JJ IN NN JJ , IN NN NNS , NNS , NNS , NNS CC NN NNS RB VBG RP TO VB CC VBG PRP$ NN . PRP VBD : `` WRB PRP VBD NNS IN PRP$ NN CC WP PRP VBD VBG PRP MD RB VB NNS IN `` CC PRP VBP RB VB JJ '' CC `` PRP VBP RB JJ . '' `` PRP VBP VBG TO VB PRP VB JJR CC VBG PRP , PRP VBP RB VB TO VB JJ CC EX VBZ DT NN IN NN . `` PRP MD RB VB RB IN VBG IN PRP IN PRP VBP NN . PRP VBP IN DT NN , DT NN , DT NN . PRP VBP JJ NNS CC PRP VBP PRP$ JJ NNS . `` NNS VBP RB VB WRB TO VB IN PRP WRB PRP VBP PRP VBP NN CC PRP VBP RB RB RB JJ . '' PRP RB VBZ JJR IN CD NNS IN NNP CC RB CD NNS VBP VBN PRP$ NN IN NNP . CC NNS CC NN NNS VBP VBN IN NN IN NNP TO VB PRP , IN NNS VBG PRP VBZ VBN PRP$ NNS CC NNS VB RB RB RBR JJ IN PRP$ JJ NN IN IN DT NN . NNP VBD NNP : `` NNS RB VBP RB VB NN . RB DT NN PRP VBD DT NN WRB NN VBD NN IN NN . `` PRP VBP NNS TO VB PRP MD VB IN PRP , IN PRP VBP TO VB NN PRP MD VB DT NN IN NN ."
988,321,mainstream,"IN DT NNS NN VBZ IN DT NN , NNS IN NNS IN NNS VBP IN DT NN NN : JJ IN PRP VBP RB VBN , DT JJ JJ IN VBG DT NN IN JJ NNS . DT NNP NN NN IN NN NN NNS VBD IN IN JJR IN CD JJ CC JJ NNS IN CD NNS , IN JJS DT NN IN NN NNS VBD CC JJ NN NNS CC VBD VBN IN NN IN VBG PRP$ NNS . IN DT NNS , NNS VBP DT IN DT NN NN , VBG RP IN JJ NNS VBP VBN IN JJS CD NN . `` PRP VBP TO VB PDT DT NN IN PRP MD VB DT NN IN VBG DT NN , '' VBZ NNP NNP , NN IN JJ NN CC NN NN IN NNP POS NNP IN NNP NNP . `` DT NN IN NN NN CC NN WDT PRP VBZ TO VB DT VBZ JJ . CC IN NNS , PRP VBP RB RB VB NN . '' IN DT NN , PRP VBD CD NNS IN CD VBG TO VB DT NN NN IN NNP . IN DT NN , WDT VBD IN CD NNS CC VBD IN JJS CD NN , PDT DT CD VBN NNS VBD IN NNS IN JJ NN NN . NNS IN NN NNS CC DT NN IN NNS WP MD VB VBN NN IN DT NNS MD RB VB NN IN NN : VBG NNS VBD TO VB VBN RB CC NNS VBN IN IN NN IN RB RB IN CD NNS . DT NN VBD DT NNS RB $ CD CC CD VBN NNS IN NN , RB IN IN NNS , DT NN IN DT NNPS IN NNP NNP CC NNP VBD . IN DT WP VBD RB JJ IN PRP$ NN NN , RB CD NN VBD VBN TO VB DT NN . `` JJS IN DT NN , PRP VBZ RB VB PRP : DT NNS VBP RB JJ IN PRP MD RB VB DT NN , '' NNP VBZ . `` CC WRB PRP VBZ VB , PRP VBZ DT RB JJ NN . '' NNS VBP IN NN IN PRP$ NNS IN NNS IN NNS . IN JJ HYPH NN NNS , NN IN NNS VBZ RB VBN DT NN . RB VBN NNS RB VBP IN NN IN NN CC IN DT JJ NN IN NNS . IN DT NNS , NNS JJ IN PRP$ NNS VBG JJR NNS VBP VBN TO VB CC VB DT NN NN . NNP VBD VBN CC JJ NNS MD VB DT JJ NN IN NNS VBP NNS CC NN . RB CD IN DT NNS IN DT JJS JJ NN NNS VBD IN NNP NNP POS NNP NNP NNP . IN DT NN IN NNS IN DT RBS JJ NNS , RB JJ IN CD IN IN DT CD NNS VBP NN IN DT NN POS JJ NN NN IN NNS VBG DT NNS CC PRP$ NN NN . `` PRP VBP DT VBZ JJ , '' VBZ NNP NNP , DT NN POS NN IN NN , CC PRP VBZ RP IN JJ NNS IN JJS NNS VBP VBN IN JJS DT IN PRP$ NNS CC IN RB IN NNS VBP CD NN NN : RB IN DT VBN CD : PRP RB VBP CD NN NN . IN DT NN IN NNS WDT VBD IN JJ NNP , RB DT JJ NN VBZ VBN IN NNS IN DT NN POS NNS , PRP VBZ . `` RB JJS IN PRP$ NNS WP VBP NNS VBP DT NNS , '' PRP VBZ . `` DT NNS VBP IN DT JJS NN VBN . '' IN PRP : CC DT IN DT NNS IN DT NN WP$ NN NN VBZ VBN IN `` JJ '' CC `` JJ '' : RB VBP RB VBN RP IN NNS VBZ RBR JJ . IN NNP , CD NNS VBP JJ NN NNS IN CD NN . NNS VBP CD NNS TO VB PRP$ NNS VBN RP , NN NN NNP NNP VBZ . NNP POS NN VBZ RB VB CC VB RP IN DT JJ NN NNS VBN IN DT NN , PRP VBZ . JJR IN PDT DT NNS IN JJ JJ NN VBP IN NNP NNP POS NNP NN NN , CC RB DT `` JJ '' NN IN NNS VBP VBN VBN IN IN NN IN NN TO VB IN DT NN . NNP NNP NN NN NNS MD RB VB WRB JJ NNS VBD VBN VBN IN IN NN IN RB VBG PRP$ NNS . `` DT VBZ RB DT JJ NN , '' NNP VBZ . `` PRP VBP DT NNS TO VB IN NN . '' NN NNP NNP IN NNP NNP POS NNP NNP VBD PRP$ NN VBD VBN IN JJ NNS WP VBP RB IN NNS RB VBP RP . `` PRP VBP VB IN DT NNS RB VBP , CC DT NN IN PRP VBP RB , '' PRP VBZ . TO VB IN DT NN IN JJ NNS , NNP NN VBD NN NNS VBN IN JJR IN CD JJ CC JJ NNS IN CD NNS IN DT NN . PDT DT NNS VBP RB VB NNS TO VB JJ NNS : NNP , NNP , NNP , NNP NNP CC NNP VBP IN DT . DT VBP DT NN RB : NNP NN VBZ IN DT NN MD VB DT NN IN DT NNS WP VBP RB RB VBN . IN NNP , NN NN VBZ NNS IN NN IN DT NNS VBP VBN TO VB RB IN NN NNS . DT NN , JJ NNS IN CD NNP JJ NNS : IN NNP NNP CC NNP NNP : VBD VBN TO VB RB IN NNS NNS VBD VBN . VBG IN NNP , NNP POS NNP NNP NNP NN MD RB VB NNS TO VB NN IN PRP VBP PDT PRP$ NNS IN NN CC VB DT NN . DT NN VBZ CD NNS WDT VBD JJ NN NNS RB CD NN IN DT NN IN DT NN NN . NN NNP NNP VBZ DT NNS VBP RB IN IN JJ NN CC JJ JJ NN NN . JJ NN , DT NN VBD NNS WRB TO RB VB CC VB RP IN NNS . `` PRP VBP VBN DT VB IN NNS WRB PRP VBP DT NN , CC DT NN NN VBZ IN CD NN IN CD NN , PRP VBD RB RB JJ NN , '' PRP VBZ . NNP VBZ PRP$ NN VBZ TO VB IN NNS VBP PDT PRP$ NNS . NN NNS VBP NNS IN NNS IN JJ NN CC NN HYPH VBN NNS . IN NNS WRB NNS RB VBP RB RB VB DT NN , NN NNS VBP NN NNS . NNS VBP DT NN POS NN NN TO VB IN NN IN NN IN NNS VBZ RB VBN VBN IN DT NN . `` PRP VBP VB DT NN IN IN PRP VBZ DT NN IN NNS TO VB DT NN , '' VBZ NNP NNP , NN NN IN NN IN DT NNP POS NN NNS NN . `` CC PRP VBZ IN PRP$ JJS NN , IN PRP VBP PRP$ NNS VBP VBN . '' NNP NNP CC NNP NNP VBD IN DT NN"
989,378,mainstream,"VBG DT JJ CC JJ NN IN NN HYPH CD MD VB JJ IN VBG DT NN . IN DT NN , NNP NNPS VBZ DT NN IN CD JJ NN VBG TO VB RB DT . NNP VBZ VBG RB TO VB JJ NN IN DT NN IN DT NN . CD NN VBG TO VB DT VBZ NNP HYPH NN HYPH NNP HYPH CD . IN NN IN VBG RP NN NNS IN NNS CC JJ JJ NN NNS , DT NN MD RB VB DT NN IN DT JJ NNS CC NNS IN DT NN . DT NN VBZ TO VB RB JJ NN IN JJ IN NNP HYPH CD , CC TO VB JJ DT JJ NN VBZ VBN IN DT NNS CC VBG NNS . DT JJ NN VBZ NN IN NNS CC NNS NNS WRB DT NN MD VB VBN . DT NNP HYPH NNP HYPH NNP HYPH CD NN VBZ VBN IN $ CD CD NNS IN JJ NN CC NN NNS , IN NN IN DT NNP NNP NNP . PRP VBZ CD NNS , RB JJ NNS IN DT CD JJ NNS , VBG NNP CC NNP . NN IN DT IN DT NNS VBN IN DT NN VBZ VBN IN NNP . RB , NNS , IN DT NNP NNP NNP , VBP VBG DT NN IN DT VBN NN NNS . RB RB , PRP VBP PRP VBP VBN CD NNS IN NNP HYPH NNP CD , IN RB JJ NNS . `` IN DT RB JJ NN PRP VBP VBG TO VB IN EX VBP JJ NNS IN DT NN , WP PRP$ NN VBZ IN DT NNS WDT VBP VBG IN `` PRP HYPH VBP '' CC RB PRP MD VB JJ IN WRB DT NN CC DT NNS VBP , TO VB IN DT IN DT NNS VBP RB IN DT NNS CC NNS , '' VBZ NN , NNP NNP . DT NN VBZ RB VBG DT NN TO VB WDT NNS MD VB IN NN NN VBG VBN IN DT NN CC WRB DT NN MD VB RBR JJ NNS IN DT NN . NNS VBP PRP MD VB RB DT CD NNS TO VB DT RB VBG NN CC CD IN DT JJ NNS IN VBG NN IN NNS VBZ TO VB NN IN NN TO VB DT NN IN DT NN RB RB IN JJ . `` DT JJ NN VBZ RB VB NN IN DT NN IN DT NN . PRP VBP DT JJ NN . PRP VBP VBN : NNS , NNS , JJ NNS , RB PRP VBZ DT JJ , JJ NN WDT PRP VBP MD VB JJ NNS IN JJ NN , '' VBZ NNP NNP , NN IN DT NNP HYPH NNP HYPH NNP HYPH CD NN ."
990,943,mainstream,"DT NN IN JJ NN IN DT NN VBZ JJ NN IN JJ NN IN DT NN CC NN IN NNS . DT JJS NN VBZ DT JJ JJ NNS VBG DT JJ NN WDT RB JJ JJ NNS VBP . PRP VBP VBN VBG IN DT JJ NN IN NNP IN DT NN RB RB PRP VBP VBN JJS IN DT NNS VBN TO VB NNS IN VBG PRP$ NNS . DT JJ NN VBZ NNS VBP JJ NNS , PRP VBP RB VBN VBN CC VBP DT NNS IN JJ NNS . DT IN DT VBZ RB VBN RP IN DT JJ NN VBN TO VB PRP . RB , PRP VBZ DT IN DT NN VBZ VBG NN . PRP VBP RB VBG DT NN IN JJ NN JJ NNS IN DT NN , VBG NNS , NN NN CC RB NN , WDT VBD DT JJ CD HYPH NN HYPH JJ IN NNP RB . RB PRP VBD RB DT NN TO VB DT IN DT NNS VBP IN DT NN WDT VBD IN DT NNP NN IN NNP NN CC IN NNP NN WRB DT NN VBZ TO VB DT NN HYPH JJ NN IN NNS VBG NN . PRP VBZ DT JJ NNS JJ WDT MD RB VB JJ . DT NN VBZ DT NN NN IN DT NNP NNP , DT NN WP VBD DT NN NN CC VBD VBN IN DT NNP NNPS NN IN NN NNS . IN DT NN POS NNS , NNP VBD RB VB IN NN . RB , PRP$ JJ JJ JJ NN VBD VBN TO VB VBN IN NN , VBG IN DT NN IN DT NN NN IN DT NN HYPH JJ NNS . DT NN VBD VBN IN NN IN NNS VBP NN CC DT VBZ RB RB JJ . RB , PRP VBZ DT NN IN JJ NN IN DT NN CC DT VBG NN IN JJ NNS TO VB DT NN NN . PRP VBZ RB JJ TO VB IN JJ NN CC JJ NN VBP RB JJ NNS IN NN . TO VB NN IN DT NN VBZ RB RB JJR IN CD NN NN : VBN IN CD NN CC DT NN : IN DT JJ NN . DT NN VBZ RB RB VBN IN DT NN IN PRP$ NN CC VBZ RB JJR NN IN DT NN JJR IN CD NN . IN DT NNP NNP NNP NNP NNP VBZ DT JJ NN TO VB NNS WP VBP JJ NNS IN NN , PRP POS NNS VBP RB IN NN IN DT JJ NN . PRP VBP RB RB VB PRP$ NNS IN DT NN IN DT NNS CC DT NNS VBP VB WDT VBZ WRB NNS JJ IN DT VBP IN CD NNS -LRB- NNP VBZ RB RB VB CD -RRB- . DT NNP NNS RB VBP NN TO VB NN NNS IN VBG VBN IN IN NN , CC RB RB IN PRP MD RB VB IN NNP NNP PRP VBP VB DT JJ NN . WRB PRP VBZ IN JJ NN IN NNS VBG NN , EX RB VBZ RB DT IN JJ NN . CC DT NN IN DT NN VBZ VBN VBN RB . RB , DT JJS NN TO VB IN DT NN IN DT NN NN CC NN VBD DT NNS VBN IN NNP IN NNP CD IN NNP CD IN WDT CD NN VBD VBN DT NN NN . DT NN VBD EX VBD DT NN IN DT NN NN CC DT NN IN NN . RBR RB , DT NNP IN NNP IN DT NNP NNPS RB VBD IN DT NN IN JJ NNS IN CD NNS , VBG DT NNP . PRP VBD `` JJ NN NNS VBP VBN IN CC RB VBN IN NNS '' . UH , NN NNS VBP TO VB CC IN PRP VBP RB JJ WRB , CD NN VBG IN DT NN VBZ JJR NN . NNP : DT NN VBG NN IN NNS WDT VBD VBN IN CD , CD : VBD RB VBN TO VB DT NN . CC IN PRP VBD DT NN , PRP MD VB DT NN IN NN NNS IN PRP POS NN VBD VBN . RB , DT NN VBZ JJ . CC EX VBZ DT NN IN NNS IN NNS VBG IN NN VBG NN : NNP POS RBS JJ NN NNP NNP VBZ VBN PRP JJ NNS IN DT NN IN JJ NN NN NNS IN NNP CC NNP NNP NNP CC IN PRP$ NNS . RB , PRP$ NN NNP VBZ RB VBN IN EX VBG DT VBN NN IN NN . PDT DT VBZ RB VBN TO VB IN DT NN WDT DT NN IN NN MD VB IN NNS . NN VBZ RB VBN IN IN DT JJ NN IN NNS VBP TO VB JJ NNS , VBG DT CD NNS JJ . DT VBZ DT JJ NN RB IN DT JJ NN . RB , EX VBZ DT NN IN NNS WP VBP JJ IN JJ NNS IN VBG DT NN IN NNS , RB IN VBG DT JJ NNS IN NN . CC IN DT NN , NN VBZ VBG NNS IN NN IN VBG IN NN JJ NNS . CC DT VBZ RB VBG NN ."
991,1038,mainstream,"NNP NNS VBP VBG DT NN IN DT NN IN JJ NNS CC JJ NNS VBG TO VB VBN IN NNS IN DT NN IN DT NN IN DT NN IN CD NNS IN DT NN . NNP NNP NNP , DT NN NN CC NN IN NNPS IN NNP , VBD PRP VBZ VBN DT NN IN JJ NNS RB WP VBD NNS TO VB DT NNS , NNS CC NN -LRB- NNP -RRB- NN IN NNS IN DT NN . `` DT IN PRP VBD PRP$ NNS VBD IN NN IN IN JJ NNS IN NN WDT PRP VBD , '' NNP VBD . `` NNS VBD VBN JJ -LRB- TO VB VBN -RRB- IN IN NN IN NN NNS . '' NNP VBD DT NN IN PRP$ NN VBZ VBN DT NN IN JJ NNS VBG TO VB VBN , CC PRP VBZ VBN JJ NNS IN DT NN IN JJ NNS RB IN DT NN CC RB . `` PRP VBP VBN IN NNS IN NNP CC RB NNS IN DT NN VBG IN NNS VBP VBG DT NNS IN DT NN TO VB DT NN WDT PRP$ NNS VBD VBN IN PRP , '' PRP VBD . `` CC JJ VBP VBG DT JJ NN , WDT VBZ TO VB PRP CC RB , IN JJ NNS , DT VBZ VBG DT NNS IN PRP , IN RB NN MD VB DT NN . '' IN DT NNS NNP VBD VBZ NNP NNP , WP VBD DT NNS IN DT NN IN PRP$ NN VBD JJ NNS MD RB VB `` VBN JJ IN NNS . '' `` PRP VBD JJR `` JJ '' NNS , VBG NN CC JJ NNS , '' DT CD HYPH NN HYPH JJ VBD IN DT NN NN NNP . `` NN PRP$ NN VBD VBD IN PRP$ JJS NNS IN NN . PRP RB VBP PRP VBD RB JJ NN IN JJ NNS PRP VBD RB CC VBD RB VB WDT JJ NNS RB VBG PRP$ NN VBZ IN CC PRP$ NN , DT NN POS NN CC DT JJ NN HYPH VBG NNS PRP VBZ IN HYPH VB NNS IN . `` IN DT JJ NN IN NNS IN NNP , PRP VBD RB DT NN RB , PRP VBD DT JJ NN IN JJ NN , '' NNP VBD IN PRP$ NN TO VB VBN . RB RB , CD NNS IN NNS VBP VBN VBN IN DT CD JJ HYPH NN NNS IN NNP , DT NN WDT VBD IN DT JJ NNP NN VBD DT NN IN DT NN NN IN NNP , WRB DT RB JJ NN VBZ JJ . NNS IN DT NN VBP NN NNS WDT MD VB IN NN , NN , NN CC NN , CC NN IN DT NN . NN , WDT VBZ VBN IN JJ NNS IN DT VBN NN VBZ CC VBZ , MD RB VB DT NN . DT NNP NNP NNP VBZ EX VBD CD NNS IN NNS RB IN CD , JJS IN PRP NNS IN NN CD . IN NNS VBD VBN RB VBN IN NNP IN CD , NNS VBN IN NNS MD VB JJ NNS IN DT NN RB VBG IN NNP , VBG DT NN IN DT NN CC VBG DT IN NN IN NN . DT NNS : NNS , NNS IN JJ JJ NN NNS CC DT VBG NN : MD VB VBN CC MD VB IN `` NN '' NN TO VB NN . NNS IN NN VBP DT WP VBP RB TO VB VBN , RB VBN IN DT JJ HYPH VBN CD NNP NN WDT VBD DT NNP NN VBD VBN IN NN IN NNS . NNP VBD JJ NNS IN NNP VBP RB VBN IN NNS CC NNS IN PRP$ NNS WDT VBP IN DT IN PRP$ NNS , VBG PRP TO VB IN VBN NN , '' CC PRP VBP RB VBG IN NN VBZ JJ CC JJ . '' NNP VBD , VBG PRP$ NNS VBP RB VBN CC VBP NN . `` PRP VBP NN VBP VBN RB IN DT NN CC VBP DT JJR NN IN WDT NNS VBP JJ , CC IN RB JJ NN RB RB , MD VB NN RB , '' PRP VBD . NNP NNP NNP , NNP POS JJ JJ NN NN , VBD DT NNP NN VBZ RB RB JJ , CC PRP VBZ CD IN DT RBS JJ NNS NNS VBP IN VBG NN . `` IN NN VBZ VBG IN TO VB VBN CC RB , PRP VBZ DT RB JJ NN RB TO VB RB CC VB IN PRP$ NN NN IN PRP VBP NNS CC VB PRP VBN CC VB PRP VBN , '' NNP VBD . `` PRP VBP RB VB PRP VBZ RB JJ RB TO VB PRP$ NNS NN RP IN NN . '' DT VBZ RB JJ IN NN VBG TO VB IN DT JJ NNP NN IN NNS WRB DT NN VBZ RB VBN , PRP VBD . NN VBZ DT JJ NN IN JJ NNS IN DT NN , VBG IN NNS IN NNP , NNP , DT NNP CC NNP . DT NNP VBZ RB VBG NN HYPH JJ NNS , IN CD NNS IN NNS VBN IN CD NNS IN NNP CD CC NNP CD , IN NNP CC NNP NNP NNS RB RB VBN IN DT NN , VBZ DT NN IN DT NNPS IN NNP NNP ."
992,878,conspiracy,"NNP NNP , JJ NNP , CC NNP NNPS : DT NN IN NNP NNP CC NNP NNP WRB PRP VBZ IN NNS , NNP NNP CC NNP NNP VBP PRP . PRP VBP WRB DT NN NN VBZ VBG DT NN TO VB NNP NNP NNP IN NN TO VB DT NN IN JJ JJ NN VBG NNS IN JJ JJ NN . IN JJ NN IN PRP$ JJ NNS , NNP NNP CC NNP NNP VBP VBN DT NN TO VB TO VB DT NN IN NNS CC NN . IN DT JJ NNS IN DT JJ NNS WP MD VB IN NN TO VB NN WP VBZ JJ NN NN , NNP CC NNP VBP VBN DT JJ , VBN NN WDT VBZ DT NN IN DT NNP NNP NN NN WDT VBZ JJ IN VBG DT NN IN NNP NNP NNP IN PRP MD VB DT JJ NNS IN DT JJ JJ NN . NNP NNP NNP VBZ VBG VBN TO VB DT JJ NN IN VBG VBN IN IN DT JJ NN VBZ IN VBN IN JJ NNS CC VBZ NN NNS , IN RB JJ NNS IN NN NNS CC JJ NN NNS . PRP VBZ PRP$ RBS JJ NN IN NNP NNP CC NNS IN NNS IN NN IN DT NN VBP VBG VBN IN DT JJ NN NN VBN IN NN NNS VBG IN DT NN IN DT NN VBN IN DT NNP IN CD IN NNP NNP CC PRP$ NNS . DT NN IN DT NNP VBD DT NN IN DT NN IN NNP POS NNP NNP NNP , DT NN NN WRB JJ NN NNS IN DT NN IN NN NNS VBD IN NN CC NN . NNP NNP RB VBZ PDT DT NNS IN DT NNP CC VBZ DT JJ NN . IN JJ NN , NNP NNP POS JJ NN -LRB- ADD VBG CD NNS IN JJ NN NN CC NN RB VBD DT NN RB IN IN CC RB NNS VBP NN , CC DT NNP POS NN VBZ PRP RB JJR IN VBG DT JJ NN . NNP NNP VBZ CD IN DT NN POS RBS VBN CC RB HYPH VBN NNS . PRP VBZ VBN NNS IN NNS -LRB- ADD IN CD IN RB HYPH VBN NN HYPH VBN NNS RB IN DT NN . PRP$ NN VBG DT NN NN IN NNS IN NN CC PRP$ NN IN JJ NNS TO VB NN NN VBZ VBN VB DT NN CC NN IN NNS IN NNS IN NN . IN DT JJ NN , NNS IN PRP$ NN VBP VBN VBG IN DT RB JJ JJ NN WDT MD VB DT NN IN DT JJ NN IN NNS IN DT NN NN RB CC IN DT : VB NNS WP VBP VBN VBN IN NNS WP VBP RB VBN DT NNS CC VBP IN DT NN IN NN VBZ JJ CC DT JJ . JJ NNS VBP JJ IN DT RB JJ NN VBZ RB RB VBN , CC IN DT NN VBG DT NN NN VBZ RB VBN VBN VBG DT NN IN JJ NN . NNP NNP VBZ DT NN , IN IN CD JJ JJ NNS IN NNS IN DT NNP IN NNP , DT NNP IN NNP , CC DT NNP IN NNP , IN DT NN IN NNS WDT VBP DT NN IN VBN IN JJ JJ NNS VBG NNS . DT JJ NN IN DT NN NN VBD VBN CD NNS RB IN DT JJ JJ NN NNP , CC VBD IN DT JJ CD NNS IN NN WRB DT VBN NNS VBD DT JJ NN IN NN NN , VBG DT NNP NN NN . DT NNS , WDT PRP MD VB IN PRP RB -LRB- NNP VBD JJ . VBN NNS , IN PRP$ JJ NNS , VBD DT NN IN JJ NNS WDT VBP JJ IN NN . NNP NNP CC PRP$ JJ NNS VBP IN DT NN IN VBG PRP$ JJ NN , WDT VBD DT NNS IN DT NNP NN NN NN IN DT JJ NN NN . PRP VBZ PRP$ NN IN DT NN IN NN IN DT VBN NNS IN DT JJ NNS VBZ CC JJ CC JJ . EX VBZ DT NN IN DT NN IN DT NN NN MD VB JJ NN IN DT NN IN IN HYPH NN IN JJ NNS VBZ VBG IN JJ NN , VBG NN . DT NN IN DT NN IN NN NNS CC JJ NN NNS MD VB JJ . VBG VBN DT NN IN DT NN HYPH NN NN IN RB RB IN VBG RB IN DT JJ NN IN NN NNS IN DT NN , PRP VBZ DT NN IN PRP MD VB TO VB DT JJ NN . IN DT NNS , DT NN TO VB DT NN IN NNP NNP CC PRP$ NNS IN VBG VBN VBZ JJ , CC VBG DT NN . JJ NNS VBP JJ NN IN NN IN VBG DT NNS WDT VBP DT NN IN DT NN NN , RB RB WRB RB HYPH VBN CC JJ DT NN MD VB . NNP , DT RB HYPH VBN JJ NN , VBZ JJ NN IN RB VBG DT JJ NN IN DT VBN NN NN . DT NN VBZ VBN RB VBN IN DT NN DT NNP NN , CC NNP NNP POS NN NN , VBP VBN VBN . VBN IN DT JJ NNS CC PRP$ RB HYPH VBN NNS , NNP NNP VBZ VBG VBN IN DT RB HYPH VBN NN NN VBN TO VB DT JJ JJ NN IN VBG DT NN IN NN . WDT JJ NN MD VB TO VB IN NN IN DT NN NN . RB , WRB RB , IN CD NNS IN NN , VBD DT NNP CC NNP RB VB . VBZ PRP NN IN DT NN NN VBZ RB VBG VBN IN JJ NNS IN NN CC NN . PRP VBP DT NN TO VB DT JJ NN IN DT JJ NN IN DT NN NN VBN RB CC TO VB VBG DT RB JJ NN : WP VBD DT JJ NN IN DT CD NNS WDT VBD VBN VBG DT NNP NN NN CC WRB VBD DT VB IN DT JJ NNS . DT NNP NN NN VBZ VBN IN CD NNS VBN IN PRP$ NNS IN DT NNS IN CD NN , RB VBG DT JJ NN IN NN . DT NN IN NNP NNP CC PRP$ NNS VBZ TO VB VBN IN DT NN TO RB , RB IN NN , JJ NN . DT NN VBD VBN : NNP , NNP CD , CD IN CD NN"
993,461,mainstream,"-LRB- NNP -RRB- : DT NNP NNPS VBZ IN DT NN IN PRP$ JJS NNS NN IN CD NNS , IN DT NN RB VBG NNS WP VBP VBN TO VB DT VBN CD NNS IN DT JJ NN NN . IN DT JJ NN IN NNS NNS VBP JJ NNS , IN IN CD NN IN NNS IN DT JJ NN VBP NNS WP VBD IN JJS CD NN IN DT NNS HYPH NNS HYPH NN NN . DT NNP NNPS IN NNP NNP CC NNP VBZ VBN NNS IN WRB NNS MD VB TO VB DT JJ NN IN DT NN NN : WDT NNS VBP VBN IN JJ NN . DT NNP VBZ NN NNS , NN NNS , NNS WP VBP VBG RB CC DT WP VBP IN NNS WRB NNS VBP VBG TO VB IN JJ NN . WRB MD NNS VB JJ PRP VBP VBG IN DT NN . NNS VBN IN CD , WRB DT NN VBD RB JJ IN DT NNP NNPS , VBP VBN TO VB JJ IN PRP MD RB VB VBN VBN RB IN DT NN . NN NNS MD RB VB NN . NNS WP VBP VBN DT VBN NN IN NNS MD VB VBN NN . NNS WP VBP IN JJ HYPH NN NNS CC VBP IN NNS VBG DT NN , WDT VBP NNS IN NNP NNP NNP , NNP NNP , NNP NNP : NNP NNP , NNP , CC NNS IN NNP , RB RB IN NN HYPH NN NNS , VBP TO VB VBN CD NNS TO VB NN . NNS WP VBP RB VB IN NNS WRB EX VBZ DT NN , CC WP VBP VBN IN JJS CD NN IN DT NN MD RB VB JJ . DT VBZ RB JJ IN NNS RB RB IN NN . DT NNP VBZ IN DT NNS WP VBP NN IN PRP$ NN VBP DT NN . WP IN NNS VBN IN CD CC CD . PRP VBZ IN WDT NN IN NN PRP VBD . NNS IN VBN NN VBG IN PRP VBD DT JJ NN NN VBP RB VB TO VB . DT WP VBD DT JJ , CC `` VBN '' NN , MD VB IN DT NN VBD VBN TO VB JJ . VBP EX DT NNS WP DT NN MD VB IN VBG DT NN . DT NNP VBZ JJ NN , NNS WP VBP VBN NN NNS , CC WP VBD DT NN IN DT JJ CD NNS TO VB PRP$ NN POS NN IN VBG VBN IN NNS . -LRB- DT NN VBZ VBN VBN TO VB DT NN IN `` NN '' , IN DT JJ NN -RRB- ."
994,1145,conspiracy,"CD JJ NNS VBP VBN JJ NNS IN NN VBN IN DT JJ NN , IN JJ NN NNS VBP EX VBP RB JJR NNS VBG VBN IN NNS VBG IN NNS IN IN DT NN . IN DT NN RB JJ NN , DT NNP NNP NNP CC NNS VBD CD JJ NN NNS VBN IN DT NN IN NNP , NNP , NNP NNP NNP CC NNP . CD NNS RB IN NNP VBP JJ NNS CC NNS VBP VBN VBN IN NNP , VBG DT CD NNS WRB NN VBZ JJ , NNP CC NNP . IN JJ NNS , DT JJ NN IN JJ NN NN MD VB IN DT NN JJ IN VBG JJ NNS . PDT DT JJ NN HYPH VBN NN NNS VBP VBN VBN IN DT NN CD NN VBN IN DT NN . NN CD JJ NN VBD VBN NNS RB . NNP VBZ DT RB JJ NN WDT VBZ IN VBN NN CC NN CC RB VBZ NNS IN CD . RB CD IN CD NNS VBZ IN NN . IN DT , DT JJ NN VBP WRB PRP$ NN NNS VBP VBN . NFP DT JJ NN WDT VBZ `` RB IN NN '' NNS JJ NN VBD $ CD CD TO VB NN IN NN IN DT NN NN WDT VBD IN CD CC VBD TO VB RP NN IN CD . IN RB , JJ JJ NNS VBP VBN VBN . TO VB NN , JJR IN CD NN IN DT NN VBZ TO VB VBN . PRP CC NNS VBP RB VBN IN JJ NN NNS IN PRP VBP JJ CC MD VB RB VBN , VBG RB CD NNS IN NN . JJ NNS VBP DT RBR JJ JJ NN NN WDT VBZ DT VBN NN JJ IN VBG NN . DT NNP NNP NNP , DT NN VBN RP IN NNP TO VB NN NN , VBD IN DT NN DT NN IN NN HYPH VBN NN NN VBZ `` VBG JJ IN NNP NNP , VBG JJ NNS CC VBG JJ NNS CC NNS IN DT JJ NN NN . '' NFP DT NN IN NNP : WRB DT JJ NN CC JJ NNS VBD DT JJ NN DT NN VBD NNS VBD RB `` VBG RB '' TO VB DT RB VBN NN NN IN VBG DT NN HYPH VBN NNS IN CD NNS IN NN . PRP VBD DT JJ NN IN NNP CC PRP$ NNS IN VBG JJ NN HYPH VBN NN NNS IN `` JJ '' CC VBD `` JJ NN '' IN WRB TO VB DT NN VBD VBN ."
995,922,conspiracy,"VBZ DT JJ NN `` VBN '' IN VBG JJ NN NNS CC NNS . RB , PRP VBP TO VB JJ NN NNP NNP -LRB- NNP HYPH NNP -RRB- IN VBG DT NN JJ , VBG NN HYPH IN HYPH NN , CC VBG NNP NNP POS `` NN NN : NNP NNP VBZ NN IN NNPS CC NNP VBD VBN . '' NNP NNP VBD DT NN IN DT `` NNP NNP NNP TO NNP PRP$ NNPS '' WDT VBD NN IN DT NNP , NNP , NNPS IN NNP NNP CC NNP NN NNP CD SYM CD , CD CC IN WDT PRP VBD RB RB , WRB VBP JJ NNS IN DT JJ NN , JJ NN IN VBG DT JJ NN VBG NNS POS NN . NNP NNP NNP , NNP , DT NN , VBZ IN DT NNS IN NN IN NNS CC DT NN PRP VBZ RB IN JJ JJ JJ HYPH JJ NNS . VB NN IN WP VBZ VBN IN DT CD NN NN IN DT NN . PRP MD VB JJ NN MD VB VBN IN JJ RB TO VB , CC VB . RB , DT VBZ RB DT NN VBG NNP NNP POS `` JJ NNS '' : NNS . IN DT WP VBP RB JJ IN DT NN HYPH NN NN , RB VBZ `` DT JJS NN IN DT NN , NN NN PRP VBP RB VBN '' IN VBN IN NN NN NNP NNP , NN , WP VBZ IN DT NNP NNP NNP IN DT NNP NNP IN NNP -LRB- NNP -RRB- . IN DT IN HYPH NN NN IN NN NNS , NNP NNP NNP , NNP , VBZ , `` WP DT NNP NNS VBP IN NNS . '' IN PDT DT JJ NNS VBG IN NNS CC NNS , WRB VBZ RB DT JJ NNP NN VBG DT . WP VBZ VBN PRP VBN . RB , VBZ DT JJ NN RB VBG NNP NNS CC NN NNS IN DT NN IN DT JJ , JJ NNS IN NNS . IN RB , DT VBZ RB RB NN . MD RB PRP VB VBG WRB DT VBZ VBG IN CC NN CC JJ NN NNS , CC NNP . NNP NNP NNP -LRB- NN -RRB- VBZ DT VBN JJ NN WP VBD JJ NNS IN NNP CC NNP NNP NNPS , NNP IN NNP NNP CC NNP CC NNP NNPS . PRP$ NN VBZ VBN VBN IN JJ CC NN NNS IN DT JJ NNS . NNP VBD JJ NNS IN NN NNS IN IN VBG NNS CC NNS IN NNS , NNS , CC JJ NN NNS . PRP VBZ VBN DT NN NN NN CD NNS CC NN . NNP POS JJS NN , VBN NNP CD , CD , VBZ NN NNP , WP PRP VBP RB VB IN NNS , JJ IN NNP . PRP$ CD NN DT NN NN , JJ NN NN NN , DT NN IN JJ CC JJ NNS , VBZ JJ IN NNP CC IN DT NNP NN . CD IN NNP POS RBR JJ NNS IN NNP VBP PRP$ NNP NNPS CC DT NN IN PRP$ NN , DT NN IN WP VBZ RB VBG PRP JJ -LRB- CD -RRB- CC NN , WRB MD PRP VB PRP IN VBG PRP$ NN , DT JJ NN IN DT NN NN -LRB- CD -RRB- NFP DT NN VBD VBN IN NNP NNP NFP IN NNP NNP IN NNP . VB NNP NNP IN NNP . NFP NN NN NNS TO VB DT NN IN VBG DT NN IN NNS CC NN ."
996,142,mainstream,"DT JJ NNP NNS VBP VBN VBN IN DT NN NN WDT NNS VBP CD NN JJ MD VB . IN IN CD NNS VBN IN DT JJ NN , CD NNS VBP VBN VBN TO VB DT NN . DT NN VBD VBN IN DT NN IN NNP NNP IN DT NN IN CD NNS . NN IN DT VBN IN DT NN MD VB DT NN HYPH CD NN , CC NN MD VB DT NN NN WDT VBZ IN NN , CC RB NN . DT NN IN DT NN VBZ NNS MD RB VB WDT NN PRP VBP VBN , CC NNS MD . NNP NNP , CD IN DT CD VBN TO RB VB CD IN DT NNS , VBD : `` PRP VBP DT NN , RB PRP VBD TO VB TO VB DT JJ NN WRB PRP MD . '' VB DT NN NNS RB IN PRP$ JJ NN NNP NNP , NN IN NN IN DT NNP NNP , VBD DT JJ NN CC VBD PRP VBD CD NN JJ DT NN MD VB JJ , VBZ DT NNP . PRP VBD : `` RB PRP VBP DT JJ NN IN NN IN DT NN . `` IN NN , PRP VBP TO VB PRP CC VB NNS IN NNS . `` PRP VBP TO VB PRP RB VBZ CC VBZ NNS VBG VBN IN NN IN VBG DT NN IN DT JJR NN . '' DT NN VBZ VBN IN DT VBN NN IN DT JJ JJ NN VBN IN NNS CC VBZ VBN VBN IN PRP MD VB IN NNS . IN VBG VBN IN DT NN , PRP VBZ DT NNS WDT VBP TO VB NN NNS . DT PRP VB HYPH VBZ DT NN NN , VBG PRP TO VB NNS TO VB NN NN HYPH NNS WDT VBP DT NN . IN DT NN VBZ TO VB NN RB , DT JJ NNS CC NN HYPH NNS VBP VBN TO VB CC VB RP DT NN . IN DT VBG NNS , DT CD NNS IN NNS , NN WP VBD DT NN NN CC DT WP VBD RB , MD VB VBN TO VB IN DT NN VBZ VBN JJ . NNP NNP NNP , VBG DT NN , VBD : `` PRP VBP VBG DT NN IN DT NN NN . `` IN PRP VBP RB VB PRP PRP MD RB VB JJ TO VB IN DT NN VBZ IN DT JJ JJ NNS . `` CC PRP VBP VB EX MD VB JJ NNS IN DT NN IN DT NN VBZ RB VBN RB . '' DT JJR NN IN RB CD NNS VBZ VBN TO VB VBN IN DT JJ JJ NNS ."
997,1331,conspiracy,"DT NN NN NN VBZ VBN IN DT JJ CD NNS IN NN IN RB CD DT VBZ IN DT NN IN NN IN NNP , `` PRP VBP CD IN JJ WP VBD DT NN TO VB DT JJ NN NN IN NN . NN VBZ JJ IN NN IN JJ NNS . '' PRP VBP VBN VBN TO VB IN DT NN IN NN . DT NN IN NNS MD VB TO VB NNS IN RB VBG PRP$ VBN NNS VBZ RB JJ TO VB . PRP VBP IN DT NNS IN DT NN WDT VBZ VBG `` NNS '' WDT VBP JJ NN CC NN . DT VBP NNS , NNS CC NNS FW . PRP VBP RB VBN DT JJS NN IN JJ NN : NNP , NNP , NNP , NNP , NNP . RB DT CD CD NNS VBD VBN , CC DT VBZ RB VBG NNS . PRP VBP VBG DT `` NN '' CC DT NNS VBP RB VB . DT VBZ IN DT NNS DT VBP PRP$ NNS IN DT JJ JJ NN . IN DT JJ NN VBZ VBG IN DT NN , PRP VBP RB VBG PRP$ NN . DT NN VBZ NNP POS NN . IN NNPS , DT VBZ NNP POS NNP IN NNP . DT NN : TO VB NNP . NNP VBD IN DT NN . NNP VBZ TO VB VBN IN PRP$ NNP . DT NN `` NNP '' VBD JJ NN IN PRP VBZ `` DT JJ NN VBG IN DT NN IN NNS MD VB IN NN , VB JJ DT RB VBG JJ NN , -LRB- PRP -RRB- VBZ IN DT NN IN VBG DT NN VBZ RB JJ IN DT JJ NNS , VBZ RB RB JJ , JJ , JJ , NN . DT JJ NN IN DT NN IN NN CC NN IN DT NN IN NN CC NN MD VB TO VB DT NN PRP , MD RB PRP . '' PRP VBD IN PRP VBD IN IN NN . IN DT NN IN DT JJ NN , JJ NNS VBD VBN IN NN NNS IN NNP NNP CC NNP NNP . WP VBZ NN CC DT NN TO `` VB PRP DT , '' CC TO VB NN JJ IN IN NN . NN VBZ DT JJ NN WDT VBZ TO `` VB '' PRP RB IN NNP , CC IN JJ NN NN CC JJ NN . PRP VBD RB DT JJ NN IN DT NNP NNP TO VB IN VBG DT NN NN , DT JJ NN , DT NN NN FW IN VBG TO VB DT JJ NN . NNP CC PRP$ NN VBP VBN IN DT NN IN DT NN `` NN '' CC NN NN . RB DT NN VBZ TO VB DT NN POS NN IN DT JJ VBN NN IN DT JJR EX VBZ IN PRP CC PRP , DT RBR EX MD VB IN NNP CC PRP$ NNS . DT NN RB VBZ NN NN . NNP NNP , NNP NNP , NNP NNP VBP IN DT JJ JJ WDT VBP VBN NNS IN VBG DT NN IN NN , NN , NNS CC NN VBG DT NNP NNPS CC `` NNP NNP . '' NNP VBD DT NN IN DT NN , DT NNP CC VBZ DT NNS IN DT NN NN NN HYPH CD . IN DT JJ CD NNS , NNS IN JJ NNS VBP VBN VBN IN `` NN NN '' VBN TO VB NN IN NN CC NN , VBG JJ NN CC NN . IN `` DT NNP IN NNP '' -LRB- CD -RRB- , NNP NNP NNP VBZ IN IN CD , DT NN IN NN NN NNS IN NNP NNP VBD CD JJ -LRB- CC RB RB VBN -RRB- NNS , CD NNP NNPS CC CD NNS IN DT NNP NN -LRB- VBN CD -RRB- . `` DT JJ NN IN NN NN NN VBZ RB CD IN NNS IN IN NN CC IN NNS IN IN NN , '' PRP VBD -LRB- CD -RRB- . IN DT JJ NN , DT NNP VBP IN `` JJ NN '' CC VBG NN . IN NN CC NN NN , PRP VBP PRP VB NN IN DT NN , JJ NN RB IN IN DT NN IN DT JJ NN -LRB- FW DT JJ NN -RRB- VBG IN NNS . DT NN NN VBZ TO VB CC VB JJ NNS IN NN TO VB CC VB DT NN . NN VBZ DT JJ NN . PRP VBZ TO VB IN VBG NNS JJ NN IN DT NN WRB IN NN PRP VBZ VBN IN VBG NNS IN VBG NN IN NN . IN DT NN IN JJ NN , `` DT NNP NNP '' -LRB- CD -RRB- NNP NNP VBZ DT JJ NN IN NNS CC JJ NN NN NNS : `` PRP VBD VBN IN JJ NN IN NN , NN , DT NN IN JJ NN NNS , PRP VBD DT NN , CC DT NN IN DT JJ NN . CC IN DT , PRP VBD VBN TO VB PRP$ NNS IN NN WDT VBD JJ NN , VBD DT JJ NN , VBD DT NN IN NN CC NN , VBD RB JJ , CC VBD VBN IN DT NNS IN NNS , '' -LRB- CD -RRB- RB NNP VBZ VBG IN NNS . VBG DT NN IN PRP$ NNS IN DT JJ NN CC NN IN NNP NNS VBZ JJ NN IN DT RBS JJ NN . NNP , WP VBD DT NN IN PRP VBD DT VBN JJ NN , MD VB VBN VBN IN DT NN NN . RB PRP VBD VBN IN DT JJ NN CC VBD JJ NNS CC NNS IN NNP , NNP CC NNP . NNP NN VBD PRP$ NN `` DT JJ NN , JJ IN JJ NN '' CC NN , JJ NN , NNP NNP VBD PRP VBD `` DT JJS , JJ , JJ , RBS JJ CC JJ NN IN JJ NN POS JJS NN . '' VBP PRP VB JJ NN IN DT NN VBZ CD HYPH NN NN NN , CC NNP CC PRP$ NN VB DT NN . PRP VBP WDT NNS , NNS CC NNS VBP NN , WDT NNS VBP VBN CC VBN , WDT NNS VBP VBN . PRP VBP VBN TO VB IN NNS WDT VBP RB VB NN . DT VBZ WRB PRP VBP RB JJ IN NN . DT VBZ WRB PRP VBP NN VBN . IN DT JJ NN , NNP NNP , VBZ VBG PRP$ JJ NN `` DT NNP NNPS '' IN NNP . DT `` NN , '' WDT VBZ NNS VBG IN PRP$ NNS IN NN NNS CC VBG JJ NNS IN JJ NN IN NNS , NNS IN JJ NN . IN NN , PRP VBZ DT NN IN NN . NN VBZ DT NN POS NN NN . IN CD , WRB `` DT NNP NNP '' VBD VBN PRP VBP VBN DT JJ NN IN DT NN . JJR IN NN IN DT NNS VBP RB VBN IN IN NN : DT NN IN JJ NN NNS VBZ VBN . IN `` DT NNP NNP , '' NNP NNP VBZ : `` JJS IN PRP$ JJ NNS , NN , NN NNS , NN , JJ NN , NN CC NN NN , NN , NN , NNS , VBP NNS , JJ CC JJ , IN DT NN IN DT JJ NN -LRB- NN -RRB- . '' PRP VBP RB VBG IN NN . DT NNP NN VBZ VBN VBN IN CD IN CD NNS IN NN , DT JJ CC NNP VBZ CD . -LRB- PRP VBP CD RB IN NN . -RRB- NNP -LRB- CD NNS -RRB- VBZ VBN JJ . IN DT `` NNP IN DT NNP , '' NNP NNP VBZ IN NN NN VBZ JJ IN DT JJ NN IN DT NNP . NN VBZ DT RBS JJ NN . IN DT NN IN JJ NNS , DT NN MD VB VBN IN NN CC VBN IN PRP$ NN IN NN . DT NN MD VB VBN IN DT NN IN NN VBZ TO VB NN CC NN IN NN CC NNS . CC NN CC NN MD VB JJ TO VB PRP$ NNS JJ CC JJ NN . RB , IN NNS CC NNS , DT JJ NNS IN JJ NN VBP VBN IN DT JJ NN . JJ NNS VBP VBN IN JJ NN , NN CC NN VBP RB JJ . NN IN DT JJ NN VBZ DT NN IN NN WDT VBZ `` JJ '' CC `` JJ . '' NNP POS NN IN NNS IN NN NN NNS VBZ JJ . NNP NNP , NN IN DT NNP NN , VBD NNS IN DT NN NN . NNS . DT JJ NN RB VBZ NN . DT NNP VBP DT NN POS NN TO VB RB JJR . MD EX VB DT NN IN DT VBZ DT NN POS NN . DT JJ NN IN NNP NNP NNP , CD IN NNP POS FW NN NNS IN JJ NN : DT JJ NN NN VBG DT RB HYPH VBN NNS IN JJ NN , NNP NNP VBZ VBN RP CC RB VBN IN DT NN NN WRB NNP NNP IN PRP$ NN VBN NN NN , DT NNP NNP NNP NNP VBD DT JJ NN WP VBD DT NN NNS IN DT JJ , JJ NN , VBG JJ JJ NN . VBG RP DT NNS IN JJ NN . IN VBG RP PDT DT JJ NN VBN NN , NN NN VB RP NNS WP VBP CC VBD RB VBN IN NNP NNP NN IN VBD JJ JJ JJ NN . RB VBG PRP NNS . IN NN PRP VBP WP VBZ IN NN VBZ RB JJ JJ NN . DT NN WP MD VB CD NNS MD VB PDT DT NN NNS , FW , NNP NNP , NNP NNP NNP , NNP CC RB RB CC RB RB . WDT WP VBZ IN NN IN DT NNP NN NNS . IN NNP NNP VBD IN PRP$ NN NNP NNP , `` PRP RB VBP TO VB JJ , PRP VBP RB VB TO VB JJ . '' RB IN PRP VBP VBN DT NN IN DT NNS IN DT NN IN RB VBN NN IN NNP NNP POS JJR NN IN DT NN , NNP NNP NNP NNP . WDT VBZ PRP IN DT NN NN NN CC NN IN PRP$ NN VBZ DT NN NN . DT MD VB JJ IN PRP$ JJ NN IN VBG NN RB RP . PRP VBP IN DT JJ NNS NNP . PRP VBP IN DT NN RB IN NN MD RB VB PRP$ NN , CC PRP VBP RB VBG PRP$ NN"
998,539,conspiracy,"NNP VBZ RB TO VB DT `` NN NN '' TO VB `` NNP NNP NNP , '' DT JJ HYPH NN NN TO VB CD CD JJ , JJ NNS IN NNP IN DT NN IN DT NN . DT NN VBG VBN IN DT NN VBZ DT JJ NN IN NNP , DT JJ NN WDT VBD IN DT JJ HYPH NN NN NN NN IN PRP$ $ CD CD NN IN DT NNP . NNP POS NN NN VBD CD NNS CC VBD DT NNS IN DT NN IN DT NN . IN DT NNS IN VBG NN IN JJ NNS , NNP NNP VBZ RB VBG IN NN IN NNP NNP NNS TO VB DT JJ NNS IN JJ NN NNS IN NN TO VB NNP NNP NNS CC VB TO VB DT NN NN IN NN IN DT NNP NNS . CC RB IN VBG TO VB IN DT NN WDT VBZ DT JJ NN , PRP VBD DT NN NN WDT VBZ DT JJS JJ NN IN DT JJ NN NN . NNP NNP , DT JJ NNP NN , MD VB `` NNP NNP NNP , '' NNP POS NN TO VB DT NN NN NN IN NNP HYPH CD , VBG IN DT NN NN . NNP VBZ TO VB IN DT JJ NN , CC MD VB VBN IN NNP NNP NNP NNP , DT NN IN NNP NNPS NNP NNP NNP . IN PRP VBP VBG WRB DT NNP NNP NN VBZ VBG VBN IN DT NNP NN NN , PRP VBZ IN NNP VBZ RB VBN PRP VBZ VBG TO `` RB VB '' DT NNP NN TO VB DT NN , VBG IN NNP NNP : `` PRP VBP VBG PRP$ JJ CC JJ NNS CC PRP VBP VBG PRP$ NN IN DT NN IN PRP VBP VB DT NN . PRP VBP , PRP VBZ DT JJ NN TO VB DT NN . PRP$ NN VBZ RB VBG VBN RB IN DT NN IN DT NN PRP VBP VBG TO VB JJ TO VB PRP IN DT NN IN NNS RB , RB RB , '' DT NN VBD PRP VBZ RB JJ IN NNP VBZ VBG DT JJ HYPH VBN VBN NN NN WDT VBZ JJ NNS , `` IN DT NN IN NNS RB , RB RB . '' WRB MD DT NNP NN VB VBN TO VB DT NN . IN , IN NN , DT NN MD RB VB JJ . NNP NNP VBZ VBG TO VB DT NNP NNPS NN TO VB VB NNS IN NNPS IN PRP$ NN . NNP VBZ VBN RP NNP CC VBZ RB VBG TO VB DT JJ NNS IN JJ JJ NN NNS IN NNP NNP POS JJ NN NNS . DT JJ `` NN NN NN '' NN VBZ IN VBG NN NNS CC JJ NNS IN NN TO VB RP DT JJ , JJ , JJ NN WDT MD VB VBN IN PRP IN NN . DT VBZ WRB DT NN VBZ RB TO VB VBN IN DT NNP NNPS TO VB NNS . NNP VBZ VBN PRP$ NN CC DT JJ NNS . PRP VBZ RB DT NN IN NNP NNP CC DT JJ NNS NN NN WDT VBZ JJ NNS IN JJ NNS , RB IN DT NN . PRP MD RB VB RB DT JJ NN , RB . NN DT NNP IN NNP VBD DT NN NN VBG PRP$ NN TO VB CD CD `` NN '' NN NN NNS TO VB JJ IN DT NN NN . IN VBN IN DT NNP NN , DT NNP NN VBZ NN NN CC NN NN VBN IN JJ NN NN IN DT NN NN : IN DT JJ NN , NN NN IN DT NNP VBN NN , NNP MD VB DT JJ . IN VBG DT NN , DT NN NN MD VB JJ TO VB DT JJ JJ NN CC `` VB '' DT VBN NN IN PRP$ NN , VBG DT NNP NN POS JJ JJ NN , NN NN CC NN , NN . DT NN RB VBZ DT NNS IN DT NN HYPH VBN NN NN . VBN NN NNS VBZ NN NNS DT VBG JJ HYPH NN '' NN NN . '' RB DT NN MD VB `` VBN '' IN NNP TO VB VBN NNS WDT VBP VBN IN NN CC NN NN NNS , VBN IN PRP$ JJ NN CC VBN IN DT NN NN WDT MD IN NN VB VBN RB RB TO VB `` NN NNS '' CC JJ NNP JJ NNS VBN IN JJ NN . VBP PRP VBG DT NN RB . NNP NNP NNP . NN NNP NNP . JJ NN NN IN `` NN '' NN . NNP IN NNP . JJ NN . `` NN NN '' NN IN NN CC NN . VBP PRP VBG DT NN RB . PRP VBP JJ TO VB VBN , VBN CC VBN , RB RB VBN IN DT JJ NN IN DT NNP NN . NNP VBZ VBN PRP RP IN DT NN NN , CC PRP VBZ RB TO VB RP DT JJ HYPH JJ NN IN NNP . DT VBZ VBG TO VB JJS IN PRP$ VBG NN IN PRP , IN DT NN , WDT VBZ WRB PRP$ NNS IN VBG VBN VBP VBG IN DT NN . PRP VBD RB VBN RB DT CD IN CD NN IN PRP VBG NN , CC RB PRP VBP DT CD IN CD NN IN PRP MD RB VB DT NN TO VB DT NNS CC VB PRP DT JJ NN , VBG NN IN DT JJ `` NN '' IN PRP VBD VB IN PRP$ JJ NN NN CC DT NN IN IN DT JJ NNS IN DT NN NN . PRP VBP VBG IN NNP TO VB IN DT JJ HYPH VBN NNS VBP VBN TO VB JJ CC JJ . CC IN NNP MD RB VB DT NN , PRP MD VB PRP MD VB JJ . NNP VBZ VBG IN DT NNS IN JJ NNS WP VBD RP JJ NN IN PRP$ JJ NNS DT VBZ NNP VBZ VBG PRP RP IN DT NNS IN NNP , NNP CC NNP NNP TO VB RP IN NN IN DT JJ NN WP NN VBD PRP$ JJ NNS IN NN TO VB PRP$ JJ NN NNS . VB IN DT NNS . DT NNP NN . DT NNP NN NN . DT `` JJ NN '' IN DT NNP NN TO `` VB '' DT NNS . VB IN WP VBZ VBG DT NNP NNP NN NN : NNP NNP , DT NN IN DT NNP WP VBD NN IN DT NNP NN NN WDT VBD DT RB JJ NN WDT VBZ RB VBG PRP$ NN CC VBG IN VBN NNS . VB IN WRB DT NN VBZ VBN VBN IN NNP , NNP NNP CC DT NNPS . RB VB WRB . IN PRP VBP RB VBG IN DT JJ JJ NN . NNP NNP VBZ VBN DT NNP NNP , CC PRP RB VBP DT NN CC NNP NNP . RB PRP VBP VBG IN PRP$ NN , CC NN WP VBZ MD RB VB RB VBN IN DT VBN NN NN WDT VBD RB VBN IN JJ JJ NNS CC JJ NN NNS . NNP NNP VBZ RB RB HYPH IN IN NNP NNP CC PRP$ JJ NN IN JJ JJ NN CC NN . VB DT NNS . VB DT NNS . DT NN VBZ RB JJ , RB IN DT IN PRP WP VBD IN NNP CC VBD PRP IN CD . NNP VBZ RB DT NN IN NNP NNP CC DT NN NN . VB TO VB DT JJ NN IN NNP CC NNP NNP . IN PRP VBP PRP TO VB VBN IN DT NN NN , PRP MD VB VBN IN DT JJ NN IN DT NNP , NNP `` NNP HYPH CD '' NNS NN JJ NN ."
999,1165,mainstream,"PRP VBZ CD NNS IN NNP NNP NNP VBD NN VBG DT JJ NN IN DT NN NN CC NN . IN CC PRP CC PRP$ NN VBP VBN VBN , DT NNP NN RB VBZ DT JJ NN . DT MD VB JJ , VBN IN NNP NN NNS RB VBP DT NN PRP VBD IN PRP$ NNS VBD VBN IN CD . JJ NN NN NN IN NNP RB VBZ IN CD NN IN NNP CC CD NN IN NNP , CC JJS JJ NNS IN DT NNS VBP NNS VBP VBG IN DT JJ CD NN NN DT NNP NNP NNP VBZ VBZ VBN TO VB NN NN CC VB JJ NN . CC IN CD PRP VBD IN CD NN IN NNP CC CD NN IN NNP . DT VBZ JJR IN CD NNS VBD RB VBN IN DT NN RB . EX VBZ RB DT JJ NN IN NNS WP VBP RB VBN CC DT VBZ VBN DT NNS NN TO VB , RB VBG NNS WP VBP RB JJ TO VB VBN DT NN NN . EX VBD CD VBN NNS IN NNS IN NNP CC NNP IN CD , DT JJS NN IN CD NNS . DT NN IN NNS IN DT JJ NNP NN VBZ VBN CD . `` DT NN NN IN DT RBS VBN RB VBZ DT NN IN DT NNP NN , RB RB JJ VBP IN DT CD HYPH CD NN NN '' , VBD NNP NNP NNP , JJ NN , NNP NNP NNP . NNS MD VB CD NNS IN DT NN NN , IN RB CD NNS CC DT JJ NN NN . DT JJ VBZ RB CD NN NN IN NNS , IN CD NNS VBZ CD SYM CD NN NN . IN NNP PRP VBZ VBN DT JJ NN IN NNS TO VB NNS TO VB PRP$ NNS VBN . NNS RB VBP VBN VBN IN JJ NN NNS IN VBG PRP$ NNS IN JJ NN HYPH IN NN NNS . CC NN NNS VBP NNS RB TO VB JJ CC RB VB IN PRP VBP DT NN IN NNS IN PRP$ NN IN VBG PRP$ NNS VBN . `` DT NN VBZ IN PRP VBZ RB RB JJ TO VB VBN , DT VBZ CC NNS CC JJ NNS . `` NNS WP VBP JJ IN PRP$ NNS VBP VBN DT NN NN MD VB IN PRP$ NN , '' VBD NNP NNP . NN VBZ DT RB JJ JJ NN . JJ IN DT NN IN DT NN PRP VBD DT JJ JJ NN NN . IN CD EX VBD CD NNS IN NNP CC NNP CC CD NNS . PRP VBZ DT JJ NN IN DT NN , CC MD VB IN NN CC NN . RB EX VBP VBN DT NNS RB RB IN DT JJ NN , CC RB CD IN CD NNS VBN VBZ NN NN . IN NN NNS MD VB VBN HYPH IN NN PRP VBZ DT NN NN . DT NN IN DT NN VBZ VBN TO VB DT NN , IN RB DT NNS IN DT NNP NNPS VBP VBN . DT VBD TO VB DT NN RB IN JJ NNS IN DT JJ NN IN NNS . DT NN IN NNP CC NNS IN DT NNP VBD DT JJ NN IN NNS IN NN IN DT NN IN NNP NNP NNP , NNP IN NNP IN DT CD VBZ . `` NN VBZ JJ CC IN DT NNS PRP MD VB JJ . VBG NN VBZ NNS IN NN . `` IN PRP VBP TO VB JJ NNS NNS MD VB IN PRP , IN DT NN EX MD VB DT NN NN . `` DT NN IN NNP VBZ RB JJ , EX VBZ DT NN IN DT NN CC NN . '' WP VBZ IN DT NNS CC NNS RB VBZ IN WRB NNS VBP CC VBP IN DT JJ NN NN ."
1000,600,mainstream,"IN NN NNS VBP IN NN , NNS VBP VBG PRP$ JJ NN IN NNS WDT VBP IN WRB RB JJ NNS VBP JJ TO VB . DT NN , RB RB , VBZ JJ . IN NNP CD , NNP NN NN NNP VBD DT JJ NNS IN DT JJ NN : PRP$ NN HYPH CD NN VBD DT JJ NN IN NNS , CC VBD NNS IN NN NNS IN DT NN NN HYPH NN HYPH CD . DT NNS : WDT DT NN , VBN IN NNP , NNP , VBD IN DT NN NN : VBD RB VBN IN JJ CC VBD NN NNS VBG . CC DT NNS VBP IN IN DT NNS VBP RB VBN VBN , PRP VBP DT NNS VBN TO RB VB DT NNS . NNS IN JJ RB HYPH VBN NNS VBP IN PRP VBP VBN NNS IN DT NNS IN NNS VBN IN NNP HYPH NNP HYPH CD : CC RB IN DT JJ NNS IN DT NN . CD : DT NN VBG VBN IN DT NNP IN NNP , NNP , WDT VBZ RB IN JJ NNS : VBD CD NNS IN NN , CC DT NNS POS NNS VBD RB JJ NN IN VBD DT IN JJ NNS , NNS VBD JJ NN IN DT NN NN . DT JJ NN VBD JJ NNS IN PRP$ JJ NN POS JJ NN NNS DT NN . IN NNS , DT CD NNS VBP VBG RB IN JJ NNS . DT JJ NNS VBP VBN RB TO VB NN , CC JJR JJ NNS VBN TO VB IN DT NNS MD RB VB NNS IN NN HYPH CD MD VB IN DT JJ JJ NNS . RB , DT JJ NNS VBP NNS IN IN WRB NN NNS MD VB DT JJ JJ NN . NNS VBP IN NN NNS MD VB JJ IN VBG WRB NN NNS VBP , IN IN DT RBS JJ NNS MD VB VBN RB CC RB VBN . `` PRP MD VB NNS IN DT NN WDT VBP JJ IN NNS IN CD CC CD NNS , '' VBZ NNP NNP , DT NN IN DT NNP IN NNP . `` CC PRP VBP VBG TO VB TO VB IN PRP TO VB JJ HYPH CC JJ HYPH NN NNS . '' NNP POS NN , WDT VBZ VBG VBN IN DT NNP NNP NNP IN NNP CC NNP NNPS -LRB- NNP -RRB- IN NNP , NNP , VBD NN NN IN NNS IN NNP . DT NN VBZ IN NN NNS IN VBG DT NN POS NN NN : PRP VBZ JJ NNS TO VB RP DT JJ NN , VBG DT NN NN . IN JJ NNP HYPH VBN NNS VBP JJ TO VB , NN VBZ RB VBN VBN RB IN DT NN . IN PRP$ NN NN , DT NN VBD IN CD NN NNS WP VBD CD CC CD NNS IN DT NN VBD DT JJ JJ NN IN DT NN . NNS VBD NN HYPH VBG NNS IN CD NNS , CC VBD NNS JJ IN CC JJR IN DT VBN IN DT NN IN NNS WP VBP VBN IN NN HYPH CD . NNP NNP , NNP POS JJ JJ NN , VBD IN DT NN IN NNS IN DT NN NNS VBP RB IN DT NN VBG NN . `` IN PRP VBP IN DT NN IN NNS WP VBD NN , DT MD VB JJ , '' NNP VBD . CC PRP VBZ RB IN RB JJ IN DT NNS VBP JJ TO VB NNS IN NN , IN NNP VBZ RB VBN PRP$ NNS , VBZ NNP NNP , DT NN NN IN NNP NNP IN NNP IN NNP , NNP . `` PRP VBP RB JJ IN DT VBZ RB DT JJ NN , '' NNP VBZ . PRP VBZ IN DT NNP CD NN NN WDT VBD IN JJS NNS WP VBP VBN IN NN HYPH CD IN NN VBP RB VB JJ NNS IN `` VBG NNS '' , WDT VBP DT NN IN VBG NNS . NNP VBD DT JJ NNS IN CD NN NNS CC VBD PRP$ NNS TO VB JJ IN DT IN VBN NNS . NNP RB VBZ NNS IN DT NNP NN POS JJ NNS , WDT VBD IN NNS VBD JJ NNS IN VBG NNS IN VBG CD NN IN DT NN -LRB- DT JJ NN WDT VBZ VBG VBN IN JJ NNS -RRB- . `` PRP VBZ IN DT NNS VBP TO VB RB JJR TO VB NN , '' VBZ NNP . DT NN VBZ DT VBN IN DT NN NN WDT VBZ VBN RB VBN TO VB DT NN NN . NNP VBZ IN DT NN VBG VBN IN NNP NNP IN NNP VBZ TO VB VBN DT RBR JJ NN NN IN NN NNS WDT VBD CD NNS , IN VBN IN DT NNP CD NN IN NNP . DT NN VBZ VBN IN RB VBN NN HYPH NN HYPH CD NNS . DT NN RB VBZ DT JJ NN IN DT JJ NN WDT VBZ NNS IN NN HYPH CD , CC DT NNS IN VBG NNS VBN IN DT NNS IN DT NNP NNP MD VB JJ TO VB NNS IN NN , VBZ NNP NNP , DT JJ NN IN NNP NNP IN NNP NNP , NNP , WP VBZ DT NN IN NNP POS JJ NN NN . IN RB , DT JJ NN MD RB VB NNS RB . `` WP PRP VBP RB VB VBZ WRB RB PRP MD VB , '' PRP VBZ . RB JJR NNS VBP IN NNS VBG IN NNS MD VB NNS IN NN . NNP VBD PRP$ NN VBD DT NN VBG IN DT NNS IN NNS . DT NNS VBD VBN VBN IN DT NN IN DT NN WDT VBD RB VBN TO VB PRP VB NN NNS , WDT VBP RB RB JJ IN NNP HYPH NNP HYPH CD , VBG IN NNP POS NN . CC DT NN VBZ DT NN IN JJS NNS , VBG NNP POS , VBP TO VB DT JJ NN , CC DT MD VB DT NNS POS NN IN NN . DT NNP NNS VBD VBN DT RB JJ NN IN NN IN VBG DT NN , VBZ NNP NNP , DT NNP NN WP VBD DT NN IN NNP NNP , DT NN IN NNP POS NNS IN NNP , NNP . DT MD VB WRB DT VBN NNS VBD RB RB JJ NN HYPH NN HYPH CD JJ NNS IN PRP$ NNS IN NN NNS , RB IN DT VBN NNS VBD RB VB DT NNS IN NN . VBG JJ NNS VBZ IN DT NNS VBP VBN IN DT NN , CC PRP MD RB VB JJ NNS . DT NNP NN VBD RB VB IN DT NN VBD RB JJ , NNP VBZ , CC DT JJ NN MD VB NN NNS VBN IN DT NNS POS NN NN , CC DT NNS DT NNS VBD , RB IN DT JJ NN . RB , DT NN VBZ `` DT NN '' WDT VBZ DT NN IN VBN NNS MD RB VB DT NN , VBZ NNP NNP , DT NN IN DT NNP IN NNP NNP IN NNP NNP IN NNP . `` RB , PRP VBP DT NN WDT MD VB IN NN CC IN NN , IN IN PRP MD NN IN VB DT NN , '' PRP VBZ . CD NN TO VB RP IN NNS MD VB NN MD VB TO VB PRP IN NNS WDT VBP RB JJ IN DT NN CC VBP JJ IN VBG PRP , JJ IN NNS CC NNS , VBZ NNP . PRP CC JJ NNS RB VBP RP IN NNS VBP RB JJ NNS IN NN NN , CC PRP VBP IN NNS MD VB VBN IN NNS WDT VBP RBR JJ NN . IN VBG NNS POS JJ NN VBZ JJ , DT JJS NNS VBP JJR IN NN , VB NNS . DT NNP NN VBD JJ JJ CC DT JJ NN NNS IN NN NNS . DT VBN NNP CC NNP NNS VBD RB VB DT VBN NN IN NN : DT JJ NN , IN DT VBN NN IN DT JJ NN WDT VBZ NN -LRB- JJ JJ JJ NN -RRB- VBD NNS IN DT IN NNS . NNP NNP , DT NN IN DT NNP IN NNP IN NNP NNP , VBZ IN DT NN NNS VBN RB RB MD VB NN NNS RB RB RB . `` NNS VBP VBG RB JJS PRP MD , '' PRP VBZ . NN IN DT NNS WDT PRP VBZ VBN MD VB NNS IN VBG RP IN NNS IN NNS TO VB IN DT NNS VBP , PRP VBZ . NNP MD RB VB DT NN CD NN VBG CD NNS . PRP VBZ TO VB DT NN CD NN NN IN NNP , TO VB IN DT NN MD VB NN IN JJ HYPH NN NNS , JJ IN NN HYPH NN NNS CC NNS IN JJ JJ NNS . NNP VBD IN JJ NN NNS , VBG DT IN NNS , VBD IN NN , CC IN PRP VBD RB RB JJ WDT NN MD RBS VB IN CC WRB DT NN VBZ . DT NNP NN VBZ RB VBN JJR IN CD NNS IN PRP$ NNP NN . DT NNS VBP VBN DT NN , RB DT NN MD VB NNS TO VB IN DT NN VBZ IN NNS IN DT VBG NNS . DT NN IN NN NNS IN DT NN POS NN NN VBD JJ , NNP VBZ . `` PRP VBP RB RB VB DT JJR NNS IN NN NNS TO VB , '' PRP VBZ . `` IN PRP VBP JJ NN , PRP VBP VBN JJ NN , CC DT VBZ WP VBZ . '' DT NN VBZ VBN IN NN CC VBD RB VBN IN NNP CD CD . VB JJR IN DT NN NN IN JJ NNP RB . CC VB NN IN PRP$ JJ NN IN NNS RB ."
1001,578,mainstream,"JJ NN NN NNS VBP VBN VBG RP NNS IN PRP$ NN CC NN NNS : RB RB IN DT JJ NNS . RB , NNP VBZ PRP MD VB IN CD NNS IN DT NNP , CC CD IN NNP , IN DT JJ NNS IN DT NN , VBD PRP$ NN HYPH VBN NN VBZ DT JJ NN . NNP VBZ TO VB IN NNS IN NNP , NNP , CC NNP , NNP , RB RB IN NNP NNP IN DT JJ NNS IN PRP$ NN NN NN HYPH NN . DT NN VBZ IN JJ NN IN CD NNS IN NN NNP , WDT MD VB NNS IN JJ NN . DT NN VBZ JJ NN NN IN NNP NNP CC NN NN NN IN NNP . DT NNP NN VBZ VBN TO VB NN CC NN . RB IN NNP POS NNP NNS , DT NN VBZ VBN DT NN IN NNP , NNP , IN DT NN HYPH CD NN NN NN . DT NN VBZ TO VB JJ NNS RB RB . IN PRP$ NN , NNP VBZ TO VB NN IN CD IN PRP$ NNS IN NNP . NNP VBZ PRP MD VB NNS IN NNS IN DT NN IN CD : WDT MD VB DT JJ NN : CC RB VB NNS IN NNS IN CD . RB IN DT NNS RB VBD JJ NN CC VBP RB VBN DT NNS , NNP NNS VBP VBG NNS TO VB IN DT JJ NN RB . DT VBP VBG NN TO VB DT NN NN , VBG NNS , VBG `` JJ '' NN NNS CC VBG JJ NN . IN JJ NNS , NNP VBZ VBG DT NN '' IN NN , '' CC IN DT NN VBZ NN , TO VB JJ NN PRP MD VB TO VB IN DT NNS VBP RP JJ . JJ : NNP , NNP NN JJ NNP NN IN NN HYPH CD NN IN NN IN DT NN , NNP NNP NNP NNP VBD IN DT NN IN PRP VBZ `` RB JJ IN CD IN DT JJS JJ NN NNS IN DT NN VBZ DT NNP NN RB RB IN NNP , '' VBG WRB JJ NN NNS VBP VBN DT NNP NNP HYPH CD NN . NNP VBZ RB JJ IN VBG IN DT JJ NN HYPH CD NN NN HYPH NN . NN IN DT NN NNP CC NNP VBD PRP$ JJ NN HYPH NN VBD TO VB NN IN DT JJ NN IN CD . DT NNS , CC NNP CC NNP CC NNP , VBP DT JJS NN NNS IN DT NN . NNP CC NNP , RB , VBZ VBN JJ NN NNS IN PRP$ JJ NN HYPH CD NN NN IN NNS TO VB JJR IN CD CD NNS . DT NNP NNP NN POS NN IN NNP NNP VBD VBN TO VB NNP NN IN JJ NNS , DT NNP NNP NNP VBD . NNP VBZ RB VBN DT NN IN NNP . RB , NNP VBZ VBN RP TO VB CC VB NNS IN DT NNP IN NNP POS JJ NN , WDT VBZ VBG RB . CC NNP , WDT VBZ CD IN DT RBS JJ NNP HYPH CD NN NNS , VBZ VBN DT NN NN IN NNP IN IN IN DT CD NNS IN NN . NNP IN NNP VBD PRP VBZ VBN NNP NN TO VB NN CD NN CC VBZ VBG NN CD NN IN DT `` JJ NN . ''"
1002,819,mainstream,"CD NN IN DT JJ NNS , NNP NNP , DT NN CC NN IN DT NNP , VBD VBG DT NN IN DT NNP NNP NN VBN NNP NNP . IN DT NN CC NN HYPH NN IN DT JJ NN , DT CD NNS VBD IN VBG IN NN , WDT VBD RB DT NN IN DT NN POS NN , IN NN IN DT NN , DT JJ NN , IN DT NN . IN DT NN , DT NNS VBD NNS VBG DT NN IN NNS , CC NNP NNP VBD RB CD IN PRP . IN PRP$ NN , IN DT NNP NNP , NNP VBD NNP TO VB PDT DT NN , CC RB RB DT NN VBD DT NN IN DT NN . DT NN VBD NN , RB IN NNP NNPS , WP$ NN VBZ IN NN VBZ DT NN IN NN . -LRB- DT NN POS NN NN VBD DT NN RB RB , VBG IN NNP , `` PRP VBP RB VB TO VB DT NNS WDT MD VB VBN IN NN . '' -RRB- TO VB DT NNS , NNP CC NNS VBD DT JJ NN , PRP MD VB NN IN PRP VBD DT NNS IN PRP$ NN . IN CD , DT NN VBD , CD CD , VBG NNP NNP DT JJ NN TO VB DT NN NN IN DT JJ NN . IN DT NN IN DT NN , CD HYPH CD JJ NNS VBD DT NN IN PDT DT NN , PRP VBZ VBN TO VB DT JJ NN IN NNS WP , IN NNS WDT RB VBP NN TO VB IN NN , VBP VBN IN NN . PRP VBP RB , CC RB , VBN IN NNS ."
1003,1274,mainstream,"DT NN WDT VBZ CC VBZ DT NN POS JJ JJ NNS IN HYPH NN TO VB NN NNS DT NNP NNP POS JJ , JJ NN NN VBZ JJ NNS CC MD CD NN VB VB NN , JJ NNS , JJ NNS , NN HYPH NN NNS , RB RB IN VB IN JJ NNS , NNS , CC NNS . DT NN VBZ DT JJ NN NN VBG NN NNS CC NNS IN DT NN POS NNS . DT NN VBD RB VBN TO VB JJ NN IN NN : IN DT JJ NN , CD NN IN NNS VBN IN CD NNS IN DT NN -LRB- NNS WDT MD VB RB VBN IN NN IN RB CD NNS -RRB- VBD JJ NN NN . DT JJ NN NN VBZ RB VBG VBN IN DT NN CD JJ NN IN NN IN DT NNP NNP NNP NNP . JJS JJ NN NNS JJ NN VBP NNS TO RB VB DT NN POS NN NNS IN DT NN , RB VB CC VB PRP RB IN DT NN . DT NNP NNP POS JJ NN VBZ DT JJ NN HYPH IN NN IN DT NN IN DT NN WDT VBZ VBN IN NN HYPH VBN NNS . DT NN VBZ VBN IN DT NN , CC VBZ VBN TO VB CC VB DT NN POS JJ NN NNS '' IN NN , '' VBG PRP TO VB IN DT NN , VB RP IN NN NNS , RB VB PRP . RB IN JJ NNS , DT JJ NN MD RB VB VBN IN DT NN TO VB NN HYPH NN NNS . DT NN VBZ VBN VBN ."
1004,337,conspiracy,"`` NNP VB PDT DT NNP NNPS '' DT VB IN DT NNS . IN DT NN IN PDT DT NNS IN DT NN . WP VBZ IN DT NN . DT VBP RB DT IN DT NNS VBN TO VB DT NN . NN NN -LRB- NN -RRB- NN RB VBN IN NN NN -LRB- DT VBZ VBN IN DT NN , NN -RRB- NN DT VBN NN VBG NN NN WDT VBZ VBN IN NNP NN CC NNS RB NN VBG IN NN NNS -LRB- PRP VBZ VBN IN DT NN TO VB NN NN -RRB- NNP -LRB- VBN IN DT NN NN , NN -RRB- MD VB IN NN NN CC JJ NN NNP , NNP -LRB- VBN IN NN -RRB- VBP VBN JJ NNS IN DT NNS DT NNS VBP VBN CC VBN IN NN CC JJ NNS IN NN NN NN , NN NN , JJ NN NN NNS , NN NN , JJ NN NNS -LRB- DT VBN NNS IN VBN NNS IN IN DT NN IN NN , NN NN , CC NN NNS -RRB- DT NN IN NN NNS VBZ IN IN JJ NN IN DT NN IN DT NN NNS , VBZ IN NN NN CC NN MD VB VBN IN CD NN IN DT CC JJ NN NNS MD VB JJ NN NN NN NNS IN IN CD IN CD IN NN WDT VBZ IN NN NN CD -LRB- VBG DT JJ NN VBN -RRB- WDT VBZ JJ NNS -LRB- VBG NN -RRB- WDT JJ NNS MD VB VBG IN WDT PRP VBP RB VB IN . IN DT NNP NNPS IN NNP NNP NNP NN NN IN JJ NNS IN NN JJ NNS VB IN DT NN IN NNS JJ NNS VBG JJ NN , JJ IN DT NN NN , VB NN FW CC JJ NN NN . NN , VB DT NN NNS NN RB . VBP PRP VB DT NNS VBN IN PRP$ CC PRP$ NNS POS NNS . IN DT JJ JJ CC , CC VBN NNS VBZ DT RB JJ NNP -LRB- NN -RRB- . RB , NN CC NN VBP NN NNS . CC WRB IN DT `` VBN NN JJ NN NNS '' IN NN . NNS VBP VBN `` JJ NN '' NN -LRB- NN -RRB- IN JJ NNS . VBP PRP VB JJ . `` TO VB DT NN PRP MD RB VB VBN IN VBN PRP MD VB VBN . '' DT VBZ DT NN IN DT NN . `` RB CD CD JJ NNS , DT -LRB- JJ -RRB- NN CC DT JJR NN IN NN NN '' PRP VBZ VBG JJ . -LRB- PRP -RRB- PRP$ NNS VBP DT NN . PRP$ RB HYPH NN , PRP$ NN CC DT IN DT VBG NNS VBP IN WRB CC IN PRP VBP RB . IN PRP$ NN , VB IN JJ NNS IN DT JJ NN , VBZ PRP IN JJ NNS CC IN WP VBZ JJ VB IN NN CD IN PRP$ NN NNS . PRP$ NNS VBP DT JJ NN IN DT RB CD CD JJ NNS VBN DT NN CC DT NN MD VB IN DT RB RB VBN -LRB- JJ -RRB- IN NNP . -LRB- NNP CD -RRB- DT NN IN DT NNP NNP NNP POS NNP NN , DT NNP NNP IN NNP NNPS , NNP NNP CC NNP NNPS , NNP NNPS , DT NNP NNP , DT NNP NNP CC DT NNP NNP NNP . `` RB CD CD JJ CC JJ NNS VBP VBN DT NN , VBG IN JJ CD CD NNS VBP VBN NN HYPH JJ , VBG IN DT NNP NNP NNP PRP MD VB , RB IN DT RBS JJ NN , WRB PRP MD VB JJ IN DT JJ CC RB VBN NNS IN JJ NN IN DT NN MD RB VB CC VB NNS IN NN IN DT JJ NNS IN DT NNP NNP NNP IN PRP$ IN PRP VBZ DT JJ CC NN VBG NNS IN DT NN , PRP MD VB RBR JJ TO VB IN DT JJ NN NNS VBP DT VBG NN IN DT NN IN NN NN RB . VBG DT NNS IN DT NNP NNPS IN DT NN , WDT VBP RBR CC RBR JJ IN DT NN IN DT JJ NN , IN DT NN IN DT NNS DT NN NN VBD RB CD IN CD NNS . IN CD PRP VBD VBN IN RB CD IN CD , CC NN PRP MD VB CD IN DT CD NNPS RB VBG . WRB , WP VBP PRP VBG IN . IN CD IN CD DT NNS CC RB NN . PRP MD RB VB IN DT NN IN DT NN NNS , VBG DT JJ CC NN VBG NNS IN DT NN IN DT NNS , NNS CC NNS VBZ RB VBN IN NN CC NN CC IN PRP VBZ VBN IN VBG NNS CC NN IN NNS CC NNS . IN IN DT NN IN DT JJ CC VBN NN , DT NN IN NNS CC NNS , DT JJ VBN NN , DT NN IN JJ IN DT NN , DT NN IN DT JJ NN IN DT NN NNS , IN NNS , NNS , CC NN , CC IN JJ IN DT NN NNS IN NN IN DT NN , VBP RB RB JJ TO VB IN DT VBN JJ NN . PRP VBP PRP TO VB IN DT JJ CC JJ IN DT VBN NNS IN NN , VBG JJ NNS , NN NN , NN , NN CC NN . VB DT IN DT NN VBN IN DT NNP NNP NNP IN DT JJ NN IN VBG , `` JJ NNS IN NNS VBP RB JJ '' , PRP MD VB IN DT `` NNS '' , DT `` NNS '' IN DT JJ NN NN VBP RB JJ NNS , NN IN NN CC NN CC VBP PRP VB JJ NNS RB IN JJ NNS TO VB . VBP PRP VBG RB IN JJ , JJ IN PRP TO VB . VBP PRP RB VBN IN JJ NNS , RB RB VBN , VBN CC VBN CC RB IN . NNP VBD IN RB CC RB JJ NNS . DT JJ NN IN WDT JJ NN , NN , NN CC NN NN MD VB IN DT NN . VB IN NN VBN IN JJ NNS , DT NNS WP RB VBP DT NN . . DT RB VBN `` NNP NNP NNP '' , VBP VBG DT JJ NN IN `` NNP , NNP , NNP '' . RB , RB VBG DT `` NN '' RB , VBG IN DT NNS , IN NN IN DT `` NN '' WDT VBZ VBN RP TO VB , PRP VBP DT VBN VBN `` NN '' IN DT NN . -LRB- VBN VBG NNP NNP POS NN `` CC DT NNP MD VB PRP NNP '' -RRB- VBP DT JJ NN NN NNS RB NN IN DT JJR NN CC NN , VBG NN IN DT NN . IN PRP VBP IN PRP$ JJ VBN NN PRP MD VB DT JJ NN , VBG DT JJ NNS . . RB VBG DT NN NN , VBG NN VBG DT JJ NN IN DT JJ NN CC VBG DT NNS IN DT NN IN JJ NNS VBG JJR RP DT JJ NN . IN PRP VBP IN DT , DT JJ NN VBZ VBN IN VBG DT NN IN IN PRP VBP RB VB NN PRP$ NNS MD VB RP . RB VBG DT NN IN VBG NN IN DT NN NNS CC VBG PRP IN NN , NNS , NNS , NNS CC IN JJ JJ NNS . DT NNS IN DT NN , DT NNS IN DT NN , NN , IN DT NNS FW . RB NN IN JJ . DT JJ IN DT NN IN NN . VBG DT NN IN VBG DT NNS IN DT NN VBZ VBN IN IN NN CC DT NNS IN NNS VBP VBG IN DT NN . VBG DT NN , `` VBG CC VBG NNS , NNS TO VB DT NNS VBG PRP$ NN NN '' . CC WRB NNS VBP VBG IN NNS , NNS CC NNS IN IN DT NNS VBP VBN IN DT , VBG IN RB PRP$ VBN NNS VBP VBN TO VB DT JJ NNS . IN DT NN PRP VBP NNS WP VBP VBG JJ , VBG , VBG TO VB PRP$ JJ JJ NNS . IN NN DT JJ NNS IN VBG NN VBP VBN . IN NN NN NN , NNS IN VBN CC VBN NNS VBP VBN IN DT NN IN DT VBN NN . RB VBG DT NN , `` NN VBZ VBN IN DT NN , VBG NN . NNS VBP VBN CC JJ TO VB PRP$ NN IN DT NNS , NNS CC JJ NN NNS . DT NNS IN DT NN IN DT JJ NN IN NN MD VB VBG NN . DT WP VBP DT NN IN JJ NNS , VBP PRP$ NN IN DT JJ NN NNS , DT IN DT JJ NN NNS IN DT NN IN NNP , CC DT IN DT NNS IN NNP IN DT NNP NNP NNP . DT NN IN NNS IN DT CC JJ NNS VBP JJR IN JJ TO VB RP PDT DT NN IN PRP VBP DT NNS , DT NN , VB DT NNS , VB DT NN , CC JJ NN CC VBP WP NNS MD VB CC WDT NNS MD VB . CC WRB NNS VBP VBG NN , NN JJ IN PRP$ NNS CC NNS IN DT VBP RB VBN VBG NN , NN CC NNS CC JJ IN JJ NNS IN DT VBZ RB VBN IN DT JJ NN . . IN NN JJ NNS MD VB JJ IN JJ RBR JJ NNS , RB PRP MD VBG WP PRP VBZ TO VB IN DT NN , CC IN DT JJ NN VBG TO VB PRP$ HYPH RB VBN NNS NN IN DT NN . NNS MD VB DT JJ NN CC VB RB IN VBG RP PRP$ NN IN DT NN NN WDT NNS . NNS VBP VBG JJR NNS IN NNS CC NN NNS VBN . VBG IN PDT DT NN NN PRP VBZ JJ RB IN NNS VBP RB VBG JJ NN , NNS VBP RB VBN IN PDT DT JJ NNS IN DT NNS . IN JJ NNS JJS IN DT NN VBZ VBN IN DT NNS . DT JJ NN RB VBZ DT JJ NN IN DT JJ NN IN DT WDT VBZ VBN CC VBN IN DT NNS IN DT NN NN . DT JJ NN TO VB VBN VBZ IN DT JJ NN NN VBZ VBN TO VB DT JJ NN , TO VB PRP JJ , JJR TO VB IN VBG JJ TO VB NN . DT JJ JJ NN VBZ TO VB DT NN CC NN IN PRP$ NN TO VB IN DT NN , TO VB JJ IN DT NN IN NNS VBG PRP$ JJ NN IN NN . JJ IN PRP$ JJ NNS NNS RB , IN NN , VBD RB VB NNS IN DT NN NN CC JJR IN DT JJ NN IN WP DT NN VBD VBN IN DT JJ NN . CC IN DT NN VBD RB VB DT `` NN '' PRP$ , PRP$ JJ NN NN MD VB VBN . VB IN NN PRP VBP RB VBG VBN RB TO VB NNS IN DT NN CC TO VB IN EX VBZ RB CD NN IN VBG IN PRP , VBG PRP IN NNS . NN POS , VBG PRP$ NN , MD RB VB JJ TO VB RB IN PRP$ NN NN WP VBZ DT NN CC WP VBZ DT JJS IN PRP$ NN . RB PRP$ NNS VBD JJR IN VBG DT NN NNS IN NN JJR IN PDT DT RB VBN `` NN NNS '' IN DT NN IN PRP$ RBS JJ NNS . DT NN VBZ WP PRP MD VB . WRB MD PRP VB NNS IN NNS IN VBG WP PRP MD CC MD RB VB IN DT NN IN NN , IN PRP VBZ PRP$ NN CC NN IN PRP VBP CC VBP RB JJ TO VB PRP$ NN . CC PRP VBZ DT NN IN DT NNS TO VB PDT DT NNS CC DT NNS IN DT NNS IN DT JJ CC JJ NN IN DT JJ NN MD VB VBN . IN NN TO VB DT JJ NN IN VBG NNS , NNS VBP TO VB VBN , VBG CC VBG PRP$ NNS . IN DT VBZ RB VB , DT JJ NN MD VB CC VB CC VB JJR . CC IN DT IN PRP VBP IN DT JJ JJ NN , IN DT NN VBZ DT NN IN PRP$ JJ NN , PRP VBZ RB PRP$ NN TO VB NNS , NNS , NNS , NN NNS WRB CC WRB PRP MD . IN IN IN DT VBN JJ NNS , DT NN IN DT JJ NN , DT JJ VBN NN IN DT NN IN NNS PRP VBZ RB JJ TO VB NNS TO VB VBN . PRP MD VB JJ IN JJ TO VB CC VB DT JJ NN CC VBG IN DT NNS CC RB DT NN POS NN NN , DT NN MD CC MD VB VBN . `` TO VB DT NN PRP MD RB VB VBN IN VBN PRP MD VB VBN . '' IN DT NN PRP VBP VBN DT IN PRP TO VB CC TO VB PRP RP . DT JJ NN NNS MD RB VB IN DT NNS IN NN IN CD IN DT JJS NNS IN JJ NN . VB PRP VB IN VBG , IN VBG CC VB PRP VB CC VB , CC VB `` DT NNP NNPS NNP '' IN DT JJ NN VBN CC VBN IN DT NN IN NNP . IN PRP TO VB . DT JJ NN IN NNS CC NN DT NNP NNP IN NNPS CC NNP VBZ DT NN VBN IN VBG IN DT NNS , RB JJ , VBP JJ NN IN DT NNS . JJ NN NNS IN VBG DT NNS DT JJ NN IN NNS , NNS , NN NNS , NNP NNS CC JJ NNS NNP VBD IN NNS IN JJ NNS MD VB VBN DT NN IN PRP$ JJ NN TO VB PDT DT NN POS NNS . DT NNP NNP IN NNPS CC NNPS -LRB- NNP -RRB- RB VBD DT NN NN IN DT NNP NNP NNP IN NNP , NNP . VBG DT NN `` DT NNP POS NNP , '' DT NNP NNS VBD IN NNS VBP DT NN IN JJ NN CC IN VBG DT IN DT NN POS NNS IN JJ NNS VBZ RB RB DT JJ NN , CC DT JJ NN IN DT JJ , JJ NN NN . `` NNS , NNS CC NNS MD VB RB TO VB DT NN NNS WDT PRP VBP IN VBN IN NNS IN DT NN , '' VBD NNP NNP , NN IN DT NNP CC NNP NNP NNP . `` DT NN VBZ NN IN DT NNS , CC NNS IN NNS MD VB VBN . PRP MD , CC PRP MD , VB DT RB . '' DT IN DT JJ NN NNS : NN VBN NN CC JJ NN VBG NN JJ VBG NN NNS CC JJ NNS NN NN NN NN JJ NN JJ NNS NN NN NN NN NN VBP JJ NN NN JJ NNS JJ NN NN NN NN JJ NN NN JJ NN IN DT JJ NN NN IN NNS NN NN DT NNP IN DT NNP NNP LS . DT JJ NN CC NN NN IN DT JJ NN VBZ TO VB NNS IN JJ NNS IN JJ NNS CC TO VB JJ NNS TO VB VBG NNS . LS . IN DT JJ NN , DT JJ NN VBZ DT NN IN VBG NNS . DT NN IN DT NN RB VBZ DT JJ NN NN IN NN NNS IN DT NN IN NNS . RB , JJ NNS VBP RB VBN TO VB NNS , CC RB TO VB . LS . IN NN NNS IN NNS VBP VBN CC VBN , DT JJ NN VBZ DT JJ NN TO VB , VB CC VB DT JJ NNS IN NN TO VB JJ IN NNS VBP IN DT JJ NN IN DT JJ NN NN NN . LS . DT JJ NN IN DT JJ NN PRP VBZ DT JJ NN WRB DT JJ NN VBZ VBN VBN IN DT NN IN DT RBS JJ NNS JJ IN JJ NN , JJ NN NN , NN NN , NN , NN , CC NN , CC WRB DT NNS VBP IN NNS IN DT JJ NN . LS . IN DT JJ JJ NNS , DT JJ NN VBZ RB VBN DT JJ NN IN DT NN NN `` NNP NNP '' IN DT NN TO VB DT NN NN IN NN IN NNS CC TO VB JJ NN IN JJ NNS IN DT JJ NN . LS . IN DT JJ NN , DT JJ NNS VBP JJ NN IN DT NNS CC NNS IN NN NNS CC NN HYPH VBG NN NNS VBP VBN CC RB VBN . LS . IN NN TO VB DT NN NN IN DT JJ NN , DT NN IN JJ NNS VBZ VBN TO VB NN , VB JJ NNS -LRB- FW NNP -RRB- , CC VB JJ NN CC NN . JJ NN NNS CC NN NNS VBP VBN IN VBG DT NN . LS NNS IN NNS CC NNS IN DT NN VBP VBN RB : DT JJ NN IN PRP$ NN VBZ VBN RP TO VB DT VBG NNS IN DT JJ NN . IN NN , PRP VBP VBN DT NN WDT VBZ RB RB VB . IN NNP NNP : DT NNP IN DT NNP NNP NN JJR NN IN CD JJ JJ NNS , WDT DT NN VBP PRP$ NN IN DT NN . DT IN DT CD NNS VBZ IN JJS CD NNS : DT NN NN , DT JJ NN , DT JJ NN NN NN CC DT NN IN JJ NNS . IN NNP NNP `` DT JJS NN IN NN NN VBZ IN DT JJ CC JJ NNS VBN TO VB PRP IN JJ NN '' . NFP NNP NNP NNP NN CC NN `` JJ NNS VBP VBN IN DT JJ HYPH NN NNS VBN IN DT NNP VBP VBN TO VB DT JJ NN IN DT NNS IN WDT PRP VBD VBN TO VB NN '' . NFP NNP NNP NNP HYPH NN IN NNP NNP `` JJ RB VBP DT JJ NN IN DT NNP CC NNP NN NN , VBG VBN IN NN NN NN VBZ VBN RB JJ IN DT JJ NN IN NN IN DT NN '' . NNP NNP NNP NNP NN , NNP VBD PRP VB . IN CD NN IN DT NN IN NN NNS IN JJ NN VBD RB NN VBD . IN RB DT NN NN IN DT NNP IN DT JJ CD NNS VBZ VBN VBN IN DT NN PRP , DT JJ NN VBN IN DT JJ NNS . DT NN IN DT NN NN NN VBD VBN IN CD NNS IN CD IN $ CD IN CD . DT NN NN VBD VBG RP $ CD IN NN TO VB JJ NNS CC NNS VBG VBN RP IN NNS IN NN VBN NNS CC NNS WP VBP IN NN . NNS VBN TO VB JJS VB IN NN JJ NN IN NNS NN VBZ JJ IN NNS , NNS RB IN DT NN . IN NNP NNP IN DT JJ NN NNS IN NNP VBP RB VBN RP PRP$ NN IN VBG NN NNS CC IN DT NN PRP VBP VBN NNS WDT VBP CD IN DT DT JJ NNS IN DT NN POS NN : NN IN NN . NN VBZ JJ IN NNS , WP VBZ RB IN DT NN NN DT JJ NN IN NN IN DT JJ NN IN NNS CC JJ NN VBG JJ NN NN CC NN . NN VBZ DT JJ JJS NN IN NNS -LRB- JJ NN NN -RRB- NNP NNP NNP NNP VBZ RB VBN VBN IN NN , PRP VBZ VBG IN DT NN CC JJ JJ NNS IN JJ CC JJ NN . WRB DT JJ , JJ NN NN VBD VBN IN DT CD CD NNS IN DT NNP NNPS IN CD , IN CD NNS EX VBD JJ NN IN JJ NN IN DT VBN CC DT IN PRP$ NNS CC JJ NNS . DT NNP NNP NNP VBD DT NN IN CD NNS . EX VBZ DT NN IN NNS IN NN : JJ IN WP PRP MD VB VBN RB IN DT IN DT WP VBP VBG IN DT NN IN JJ NN IN DT NNP NNPS , NNS VBP RB VB NNS . DT VBN CC VBN `` NN '' IN NNS IN NN CC NN , CC NNP NN VBZ DT NN RB VBN IN RB DT JJS NNS POS NN . NNP VBD IN DT NN RP , RB NNS VBD NNS IN DT NNP VBD TO VB DT JJ `` NN '' NN . JJ NN IN DT NNP VBZ RB DT JJ NN IN DT JJ NN , NN IN NN CC TO RB JJ JJ NN CC VBZ JJ NN . PRP MD VB VBN IN DT NNP VBZ TO VB VBG TO VB DT NN IN NN IN DT CC IN DT NNS IN NN . NN VBZ IN NN . DT JJ NN IN NNS CC JJ NNS VBG JJ NN NN CC NN VBG NNS VBN IN NN IN NNS , VBN NNS , VBN NNS CC NNS , NN , NN CC NN VBZ DT NN IN NNP POS NN CC JJR IN DT NN IN NN IN DT NN . NNP NNP CD SYM CD CC NNP CD CC CD VBZ PRP RB TO VB DT NN IN NNP , PRP$ NNS , IN NN JJ , WDT VBZ JJ NNS RB VBN TO VB PRP JJ CC JJ CC TO VB DT JJ NN CC NN IN DT JJ NN . DT NNP NNP NNP NNP -LRB- NNP -RRB- VBD IN NNP NNPS NNP -LRB- NNP -RRB- VBZ IN PRP VBP VBN NN IN DT NNP IN NNP NNP IN DT NNP IN NNP CC NNP NNPS -LRB- NNP -RRB- VBZ VBG TO RB VB NNS IN NNS CC NNS VBG NN CC IN NNS IN DT NN VBP VBG TO VB NNS CC NNS WDT VBP IN NN . NN NNS VBP RB CD NNS RB VBN IN NNS CC NNP HYPH NNP VBD DT VBN CD NNS DT NN VBN IN NNS . CD NNS POS NNS IN CD NNS VBD VBN IN NNP HYPH NNP . IN NNP NNP , RB CD IN IN CD NNS POS NNS VBD IN PRP VBP DT NN CC NN VBG NN . DT JJ NN NN IN NN VBD NN CC NN IN NNS IN DT NN CC DT JJ NN VBZ WRB JJR CC JJR NNS VBP VBG NN IN JJ NN . DT NNS VBP RB VB TO VB VBN IN NN NN , PRP VBP VBN IN JJ NN TO VB DT JJ NN , CC NN NNS VBP DT NN IN VBN NN . VBG NNP VBZ VBN IN VBG VBN NNS NNS VBP IN DT NN POS NN IN VBG NNP POS VBZ VBN IN VBG VBN NNS CC DT VBG JJ HYPH NN NN IN NN HYPH VBN NN . VBN CD NN VBN IN NN NN VBP CD NN NN RBR JJ TO VB NN , NN CC NN NN IN JJR NN . VBG VBN NNS IN DT NN RB VBZ NNS IN CD NNS JJR NN IN VBG JJ NNS , VBZ NN VBN NN IN DT NN NN IN NNP . PRP VBZ JJ NN IN NNS VBG EX VBZ DT NN IN JJ NN IN VBG NN IN NNS CC DT NN IN DT NN IN NN NN NNS . RB CD CD NNS VBP VBN NN VBN , IN JJ NNS JJR VBP NN NNS , JJ NNS CC JJ NNS VBN IN NN `` VBZ NN VB DT NN NN IN NN NN CC NN . '' NN -LRB- CD -RRB- NN CD , NN CD , NNP CD : NNP , NNP : NNP , NNP : NNP , NNP : FW FW . NNS IN DT NNP NNP CC NNP NNP , VBN IN DT NN IN NNP NNP NNS , VBD DT JJR NN IN NN CC NN NNS IN VBN NNS . NNP NNP -LRB- ADD NNP -RRB- EX VBP JJ NNS IN NN , CC CD WDT VBZ JJ NN VBZ NNS . IN JJ NNS , NNS WP VBD DT NN IN NN IN DT NN VBD VBN IN PRP VBD JJ . IN JJ NNS , PRP VBD VBN -LRB- CC VBD PRP -RRB- IN DT NN NN CC NN PRP VBD VBD IN DT NN IN PRP$ NN CC NN . NNS VBP IN DT NN POS NN IN VBG NN HYPH JJ NN NNS CC NN VBZ VBN IN VBG VBN NNS CC DT VBG JJ HYPH NN NN IN NN HYPH VBN NN . NNS CC NN IN JJ NN NNS IN NNS -LRB- NN -RRB- CD CD VBG NN NN NN NN CC JJ NN : NN IN JJ NN IN NN NNS : CD IN DT NNS IN NNS MD IN NN VB VBG DT JJ NN IN NNS VBD JJ IN NNP IN CD , WRB NNS IN DT NNP IN NNP VBD DT NN IN JJ NNS VBG RB IN DT NN MD VB NN IN JJ JJ NN . NNS CC NN IN JJ JJ NN IN NNS NN NN CC DT NN IN NN JJ CC JJ NNS RB VBG , NN VBZ VBN IN DT NN NN , CC VBZ DT NN IN DT NN IN NN VBN IN NN , RB VBN IN NN NN : NNS VBP RB VB DT JJ NN IN DT NNS , CC PRP VBP VBN IN NNS . NNS VBP RB VBN IN NN MD VB VBN IN NNS , NNS . CD IN DT JJ NNS IN NN VBZ IN PRP VBZ DT JJ NN IN JJ , JJ , JJ , JJ CC JJ NNS . IN VBG DT VBN NN IN NNS , DT JJ CC NN NN VBP DT RB HYPH VBN NN IN IN PRP VBD RB IN NNS DT VBN NNS MD RB VB VBN IN DT JJ NN NNS IN DT NN . CD IN PRP$ JJ NNS VBZ NN . PRP RB VBP IN DT NNS IN NN NN NNS VBG IN NNS IN DT JJ NN IN DT NN CC IN JJ IN DT JJ NNS CC JJ NNS , CC PRP MD VB PRP VB IN NN NN VBD VBN PRP IN DT JJ NN . NN MD VB RB IN DT NN . RB RB VBD DT NN NN VB NN TO VB IN DT NN IN NN NN -LRB- CC NN IN JJ -RRB- , NN VBZ IN NNS IN DT CC JJ NNS , RB NN , JJ NN -LRB- NN , NN CC NN -RRB- CC NN : VBD JJ IN PRP$ NN . DT NN IN NNS RB VBN IN NN VBD TO VB IN DT NN IN NNS IN NN CC NN CC JJS IN DT NN VBD RB IN DT JJ NN IN NN NN . NNP NNP NNP NNP VBZ VBN NN IN NNS NN CC NN CC VBD DT NN NN . DT CD NNS VBD RB NN JJ RB VBN IN NN NNS CC NNS IN NN IN DT NN NN . RB EX VBP VBN NNS VBN IN JJ NNS VBG DT JJ NN IN NN NN CC NN . NN : CD NNS IN NNP NN VBZ IN NNS VBP DT NNP NN IN DT NNP NNP IN NNP NNP , NNP . IN DT NN TO VB RP IN PRP MD VB JJ HYPH NN NNP NNP -LRB- NNP -RRB- NN NN IN NNS RB JJ IN CD NNS JJ -LRB- VBG VBG JJ NN CC NN IN NN IN DT JJ NN IN NNS -RRB- IN NN TO VB PRP$ JJ JJ NNS CC VB PRP IN NN HYPH VBN NNS , JJ `` NNS '' IN DT NNP CC NNP NNP NNP VBD NNS IN NNS IN DT NNP NNP IN DT JJ NN WDT RB VBD JJ JJ NN CC DT NNS IN DT JJ NN IN NNS . RB , IN DT NNP NNPS , IN DT NN IN NNP NNP , JJR IN CD CD HYPH NN JJ JJ CC JJ NNS IN JJ NN NNP NNP VBD `` VBN '' IN DT NN VBG IN NNP CD . DT NN VBD VBN IN NNP CD , IN JJR IN CD NN IN JJ NN , IN VBN NNS IN NN NN NNS IN NNP IN NN NNS VBD VBG IN JJR IN VBN NNS CD NNS IN CD NNS IN NN . IN DT JJ CD POS DT NNP -LRB- NNP NNP NNP -RRB- VBZ VBN VBG JJ NN NNS IN NNP IN DT NN IN NNS NNP , NNP , CC DT NNPS . IN CD NN IN DT NN NNS VBD . DT NN NNS VBD IN CD NNS IN CD NNS CC CD NN IN DT NNS NN . DT NN NNS VBD VBN RB IN NN NN CD SYM CD NNS CC NNS VBD VBN . JJR NN NNS VBD RP WRB JJ IN DT JJ NNS WP VBD VBN DT NN NN VBD TO VB NN CC JJ NNS . WRB JJ NNS IN DT NN NN VBD VBN IN NNS JJ IN DT NNS VBD JJ NN NN -LRB- NN -RRB- WDT DT NN VBZ TO VB NN . RB WP VBZ DT DT VB . UH WRB NNP VBZ VBN IN DT NN IN DT NN JJ NN -LRB- DT NN NN VBZ VBN IN DT JJ NN VBZ RB VB PRP POS JJ RB VBG NN NN -RRB- DT NN MD RB VB TO VB NNS IN NN . RB WRB DT NN VBZ JJ CC DT JJ NN IN JJ NN NNS VBZ VBN RP IN PRP$ NN , PRP RB VBZ JJ TO VB DT NN CC PRP MD VB . WRB RB VBN JJ NNS VBP JJ NN , NN , NN CC JJ NN , VBG JJ NNS VBG NN NNS , NN CC JJ JJ NNS , VBG JJ JJ NNS TO VB DT NN IN DT JJ NN , VB NN CC VB JJ NN IN VBG NN NNS IN RB VBN JJ NN . `` IN NNS IN WDT EX VBZ DT VBN NN IN DT NN , JJ NN VBZ JJ . PRP VBZ JJ TO VB DT NN IN NN CC DT NN -LRB- NN NN -RRB- WDT VBZ PRP . '' NNP IN DT NNP NNP NNP NNP CD , CD , CD NNS VBP RB DT JJ JJ NN HYPH NNS WDT NNS VBP IN JJ NNS IN JJ NNS . DT NNS IN DT NNP NNP VBD VBN JJ NN , RB . DT NNS VBD DT NN IN NNS IN VBG JJ NNS CC NNS IN DT NN . PRP VBP VB DT NNP NNP NNPS VBD VBN IN JJ NNS IN DT NN , CC WP IN PDT DT NN WP VBP VBG JJ DT WP VBD RB RB VB RB . WRB VBP JJ NNS VBG VBN , NNS WP VBD JJ NNS VBP VBG RP IN WRB PRP$ JJ NNS VBP VBG CC NN IN WP PRP VBD VBD RB RB VBN . DT NN VBZ PRP$ NNS VBP VBG IN DT JJ NNS CC DT NN VBZ TO VB NN CC RB EX VBZ NN IN VBG NNS JJ NNS IN PRP$ JJ NNS CC NNS IN DT NN CC RB DT JJ NN . `` DT JJ NN IN DT NNP NNP VBZ IN DT NN NN '' VBZ DT JJ NN IN DT JJ NN : NN . '' DT NNPS `` JJ NNS , JJ HYPH JJ NN , CC NN NN NNS '' IN DT WP VBP DT NN VBP VBN IN DT NN IN DT JJ NN IN `` JJ JJ NN '' WDT VBZ NNS IN JJ NN , NNP NNP , CC NNP NNP NNS CC NNS . DT JJ HYPH NN NNS IN DT NN NN VBP RB VBN VBN , CC DT JJ NNS VBP JJ NNS , NNS , NNS , NN NNS , NN NNS , JJ NN , NN TO VB CC VB , VBG NN HYPH JJ NN , NN IN NN CC JJ NN . '' NNP , NNP CD , NNP , DT NNP NNP NNP VBD NN IN JJR NNS IN DT NN NN VBN TO VB NNS IN VBG NNS IN JJ NNS , VBG NN . CC DT NNP NN NN VBZ VBG NN IN DT NN NN WDT VBD NNS IN NNS CC VBD NNS IN JJ NNS IN DT NNPS . IN VBN IN DT NNP IN NN IN DT NNP NNP IN NNP CC DT NNP NNP NNP , NNS IN NN NNS VBD VBN DT NN WDT VBD VBN IN DT NN VBN IN JJ NNP NNP -LRB- NNP -RRB- , DT JJ NN . DT JJR NN VBD RB NNS . DT JJ NNP NN NN NN RB VBZ VBN RB IN NNS IN NN NNS . NNP NNP NNP NN NNP NNP VBD DT VBN NN IN NNP CC NNP NNP NN , VBG PRP TO RB VB DT NN NNS IN DT NN WDT VBD PDT DT JJ NN IN DT NNPS . '' `` PRP VBP RB VBG DT NNPS IN DT VBN NNS IN DT NNPS , CC PRP$ NN VBZ JJ NNS IN DT JJ CD , CC PRP VBZ VBN IN DT JJ JJ NN , DT NNP NNP NNP , '' VBD NNP . NNP VBZ RB VBG DT NNPS TO VB PRP$ JJ NN IN NN CC PRP$ NN IN DT NN MD VB VBN IN NN NNS WDT VBP VBN VBG NNS IN RB VBN NNS IN DT NN IN NN . NNP NNP VBZ NN IN NNP NNP NNP , DT NN POS JJS HYPH JJ JJ NN IN JJR IN CD NNS . DT , NN NN CD , NNP , NNP CD , CD DT JJ NN IN NNP NNP NNP , DT VBG NN IN NNP , NNP , VBZ DT JJ NN IN DT NN IN JJ NNS MD VB VBN IN DT NN NNS , NNS CC NN , CC NN , NN RB VBN IN NNS IN NN CD NNS , DT NN DT NNPS IN NNP NNP CC NNP VBP VBZ RB JJ . DT JJ NN IN JJ NN NNS VBG IN DT NN IN NNS DT VBZ DT NN IN JJ NN NNS VBG IN DT NNS CC NN IN NNS . PRP MD VB VBG JJR RB VB RB TO VB WP VBZ VBN VBN . NNP VBN IN NNP , NNP , CC NNP NNP NNP NN CD DT CD CD -LRB- CD -RRB- NNP NN VBG NNP , NNP , CC NNP NNP NNP NNP CD -LRB- CD NN -RRB- NNP NNP NNP NNPS , NNPS , CC NNP NNP NNP NNP IN NNP CD CD -LRB- NNS . -RRB- DT NNP HYPH JJ NN IN NNP NNP VBN IN NNP , NNPS CC NNP NNP -LRB- NNP NNP NNP CD NNP CD NN CD -RRB- JJ NN NN IN NNS CC NN NN IN DT NN -LRB- JJ NNP NN IN NNP NNP CD , CD NN CD -RRB- -LRB- CD NN -RRB- NNS IN JJ NN IN NNS , NNS , CC NN NN NN IN NN IN NNP CD -LRB- NNS . -RRB- VBZ NNP NNP NN DT NN IN JJ NN -LRB- NNP NNS CD CD NN CD -RRB- -LRB- NNS -RRB- JJ NN IN NNP NN NNP NNP NNP CD CD -LRB- NN -RRB- DT JJ NN HYPH NN NN NN IN DT RB VBN NN -LRB- NNP NNP IN NNP CD NNP CD DT CD -RRB- -LRB- CD -RRB- JJ NNS VBG NNP NNP HYPH NNP NNP -LRB- NNP NNP CD , NNP CD NNP CD -RRB- -LRB- NNS -RRB- DT JJ NN IN NNS IN JJ NN CC NN NNS -LRB- NNP NNP IN NN NN CD NN -RRB- -LRB- NNS . -RRB- NN NN IN NNP HYPH NNP NNP NNPS -LRB- DT VBZ IN NNP HYPH NNP NN -RRB- NNP NNP CD CD -LRB- NN -RRB- NN IN NN VBG IN NNP , NNP CC NNP NNP IN NNP CC NNP CD NNP CD -LRB- NNS -RRB- NNP NNP NNP NNP IN NNP NNP NNP CD -LRB- NN -RRB- NN VBN IN NNP , NNP , CC NNP NNP NNP IN CD RB CD -LRB- NNS -RRB- NN NN CC JJ NNS NNP NNP CD -LRB- NNS -RRB- NNP NNP CC NNP NNP NNP NNP NNP NN NN CD CD -LRB- CD NN -RRB- NN NNP NNP NNP NNP CD NN CD -LRB- NNS -RRB- NN JJ NN NNP NNP NNP NNP IN NNP CD -LRB- CD NN -RRB- JJR IN NNP NNP NNP NNP NNP NNP NNP IN NNP NNP CD -LRB- NNS -RRB- JJ NNS IN NNP NNP NNP NNPS NNP IN NNP NNP CD -LRB- NNS -RRB- NN VBG NN NN NN NNP NNP NNP NNP CD CD -LRB- CD NN -RRB- JJ NN NN NN IN JJ NNS VBG JJ NN IN NN NN CC NN NN NNP NNP CD -LRB- NN -RRB- NN NN CC NN : VBZ EX DT NN . NNP CD NN CD DT CD -LRB- CD NNS -RRB- JJ NNS IN NNP NNP NNP NNP IN NNP CD : CD -LRB- NNS -RRB- NNS VBG JJ NN NN NN NNP CD CD -LRB- CD NNS -RRB- JJ NNS IN NN , NN , CC NN NN NN NN NNP CD FW CD NN -RRB- NNS VBG NN NNS NNP IN NNP NNP CD RB CD -LRB- NNS -RRB- JJ JJ NNS VBG NNP NNP NNP NNP NNP CD : CD -LRB- NNS -RRB- JJ NN NN NNS IN NNP NNPS IN NNP NNP NNP NNP NNP NNP IN NNP NNP CD -LRB- NNS -RRB- JJ NN NN NN IN NN NNP NNP CD NNP CD JJ JJ NN NN NN IN NN NN NN CC NN NNS IN NN NN NN NN NN IN JJ NN NN NN NN NN CD -LRB- NNS -RRB- JJ NNPS IN NNPS NNPS IN NNP NNP CD NNP CD -LRB- NNS -RRB- NN NNP NNP NNP CD -LRB- CD -RRB- JJ NN JJ JJ NNS -LRB- DT VBZ IN NNS VBG NN IN IN NN IN NN -RRB- JJ NNP NNP CD -LRB- NN NN NN CC NNP NNP NNP NNP NNP NNP NNP CD -LRB- CD NN -RRB- JJ NNS IN DT NNP NNP IN NNP NNP NNP NNP NNP CD CD -LRB- NN -RRB- JJ NNPS IN NNP NNPS IN NNP NNP CD -LRB- CD NNS -RRB- JJ NN CC NN NNP NNP CD -LRB- CD NNS -RRB- NN IN NN VBZ IN JJR NNP NNP NNP NNP CD -LRB- CD NN -RRB- JJ JJ NN IN NN HYPH NN NN , NN NN CC JJ NN NN NNP NNP NNP NNP CD NN CD RB CD -LRB- NNS -RRB- NNP NN CC NNP NNP NNPS : NNP NNP NNP CD -LRB- NNS -RRB- NNS IN NN HYPH NN NN -LRB- NN -RRB- NN NNS CC NN , VBN JJ NN NN NNP -LRB- NNP -RRB- : DT NN NNP NNP CD -LRB- NNS -RRB- VB DT RBR JJ NN IN NNS IN NNP NNP NNS VBG IN DT NN IN NNS DT NN IN NN NN IN NNP NNPS -LRB- NNP -RRB- NN NN VBZ NNP NN NN NN DT NN HYPH IN HYPH NN NN IN NN NNS VBZ RB VBN IN DT NNP HYPH VBN JJ NN . NN IN NN CC NN NN : VBG DT NN IN DT NN -LRB- NNP NN NN -RRB- NN , PRP VBP VBG TO VB PRP$ NN IN NNS IN NN NN . IN DT JJ JJ NNS , PRP VBP VBN VBG IN CD JJ NN NNS . DT NNP CC NNP NNP -LRB- NNP -RRB- CC DT NNPS IN NNP NNP CC NNP -LRB- NNP -RRB- VBP IN DT JJ NNS TO VB PRP VB NN NNS WDT VBP DT NN IN DT NN . PRP VBP VBN RB RB IN NNS IN NN . PRP VBP VBN DT JJ JJ NN IN IN DT JJ NN VBZ RB JJ NN IN DT NNS . IN DT NN PRP VBD , PRP VBP PRP VBP . NN IN NN CC NN NN -LRB- NNP NNP NNP -RRB- NN DT NN VBZ DT NN , VBG PDT DT NNS WDT VBP VBN VBN IN NNS . VB PRP DT VB RP CC VB DT NNS IN DT JJ NNS WP MD RB VB IN PRP CC VB DT NNS IN VBG IN DT NN POS NN . PRP$ NNS CC NNS VBP RP IN PDT DT NNS CC PRP$ NNS WP POS NNS VBP VBN VBN IN NNS . DT NN VBZ VBN IN PDT DT NNS WDT VBP VBN VBN IN NNS NN . VB IN NN CD IN DT `` NN NNS '' IN DT VBG NNS : WRB DT NNP NNP VBZ DT JJ NN -LRB- NNS CC NNS -RRB- NFP NNP NNPS NNP NN TO VB NN IN NNP NNP NNP POS NN CC NFP NN NNS -LRB- NNP NNP NNP , CD CD NNP CD -RRB- NFP NNP CC NNP NNP CC NNP NNP VBP $ CD CD TO VB DT NN NFP TO VB NN IN NN CD NFP WP IN NN : -LRB- JJR -RRB- NNS IN NN IN DT JJ CC JJ NNS TO VB JJ NN -LRB- NNP CD -RRB- NFP WDT NN IN NNS NNS CC NNS -LRB- NNP CD -RRB- NFP DT NN IN VBN IN NNP HYPH VBN JJ NNS WP RB VB HYPH NN NNS CC IN JJ NN NNS RB NFP CC RB JJR NNS . IN NN CD IN DT NN NNS"
1005,535,mainstream,"JJ NN CC NN NNS MD VB TO VB IN DT NNS VBN IN DT NN IN NNS VBP VBN DT NN RB IN DT NN VBZ JJ . DT VBZ VBG IN DT VBG NN CC NN , NNP NNP -LRB- DT NNP NNP -RRB- , WP VBD NNS MD VB NNS VBN IN `` VBN HYPH RP CC VBN RP NNS '' CC IN `` JJ NNS '' . SYM VB JJR : PDT DT NNS CC NN NNS VBN IN IN NN `` RB , VB TO VB DT NN IN NNS IN DT JJ NN WDT VBP VBN IN JJ NN , IN DT NN , CC IN JJ VBN NNS : IN JJ NNS , '' NNP VBD DT NNP . JJR HYPH NN NNS WDT VBP NNS IN NN CC NN VBP RB JJ TO VB IN IN DT NN , RB NNP VBD TO VB `` TO VB DT NN IN JJ HYPH NN NNS '' . CC PRP VBD IN NN NNS CC NNS '' IN DT NNP , NNP , CC NNP '' VBP JJ NNS IN NNS VBN IN VBN NNS . RB , DT NNP NN NNP NNP : WP VBD DT NNP IN NN HYPH NN IN NN CD IN DT NNP NN VBD RB VBN IN DT NN VBD : VBD PRP VBZ `` RB VBN '' JJ NN NNS MD VB JJ TO VB IN DT RB JJ NN . `` PRP VBZ RB JJ TO VB DT JJ NN NN RB IN DT JJ NN IN NNS , VBG PRP IN NNS , '' PRP VBD . `` PRP VBZ IN VBG DT NN RB CC PRP MD RB VB DT NN RB CD NNS RB IN DT JJ NN . '' PRP VBD IN PRP VBZ RB VB JJ NN MD VB JJ TO VB IN `` DT NN IN NN CC NN VBZ JJ '' . DT NNS VBD NNS IN DT NN IN DT JJ NN NN IN NNP NNP VBD DT NN VBZ VBN DT `` JJ '' NN . NNP NNP IN NNP NNP NNP VBD CD NN CC NN NNS VBP VBN VBN IN DT NN IN IN DT JJ NN . PRP VBD EX MD VB `` NNS WDT MD RB VB DT NN IN NN . '' NNP NN NNP IN NNP CC NNP NNP POS JJ NN NN DT NNP , VBG NNP NNP CC NNP NNP , VBD VBG VBN IN DT NN CC VBP RB IN NN . NNP VBD NNP NNP NNP IN DT NNP POS NN MD VB DT JJ NN . `` DT VBZ DT NN WDT VBZ VBN IN IN DT NNP NN NN IN NNP , '' PRP VBD . `` NNP NNP VBD IN DT NN IN DT CC EX VBD NNS IN NNS IN NNS IN NNS IN NNS IN DT NN NN . '' RB , DT NN NN MD VB DT NN NN $ CD CD -LRB- $ CD -RRB- , VBG IN NNS ."
1006,375,mainstream,"CD NNS VBD EX MD VB DT NN , CC JJR NN VBZ VBN . NNS VBP NN NN IN NN MD RB VB DT NN IN NN IN DT NN . NNP NNS PRP VBP NN JJ TO VB PRP$ NNS JJ . CC , WP VBP PRP VB IN DT JJ NN PRP VBP VBZ VBG PRP . CD JJ NNS VBP VBN DT NN IN RB JJ NNS IN NN NN CC NNS POS NN IN NN NN NN -LRB- NNP -RRB- . CD NN , VBN IN , VBD CD NNS IN NNP , NNP , IN CD IN CD . NNS VBD EX VBD DT NN IN NN IN JJ NN IN NN NN IN NN CC JJR NN IN NN NN . DT JJ NN , VBN IN NNP NNP , VBD JJR IN CD NNS VBN IN NNP IN CD CC CD . PRP VBD IN NN NN NN IN DT JJ NNS IN NN CC RBR VBD RB VBN IN NN . `` DT NN VBD DT JJ NN IN NN IN NNS VBN IN NN IN CD IN DT NNS : JJ NN . IN PRP VBZ DT JJ NN , IN JJ NNS VBP VBN , PRP MD RB VB JJ NNS , '' NNP NNP , NN , NN IN NN CC JJ NN NNS , NN , NN , CC NN IN DT NNP IN NNP IN NNP NNP NNP NNP IN NNP , VBD NNP . `` PRP VBZ DT JJ NN CC VBZ IN NN NN MD VB VBN RBR VBG WRB PRP VBZ IN NN , '' PRP VBD . RB , DT NN VBD IN NN NN VBZ VBG NN . DT NNS VBP RB VBN IN NNS IN DT NN IN NN NN VBP IN DT JJR NN . DT NN RB IN WP VBZ NNP IN JJ NNS EX VBP VBN DT NN IN NNS VBG TO VB VBN DT NN IN CD NN CC DT CC DT VBN NN IN NN . NN , VBN IN DT NN NN NNP , VBZ DT JJ NN . NN VBN IN DT NNP NNP IN NNP VBD EX VBZ NN IN VBG NN IN CD NNS CC JJR IN NN VBD VBN IN DT CD NN NN . VB JJ . IN NN PRP VBZ : CC VBZ PRP RB JJ IN PRP VBZ . JJ NN VBZ DT NN NN MD VB IN DT NN IN NNS . DT NN POS NNS RB VBP DT JJ NN IN JJ NN . IN DT NN NN NNS , DT VBD RB DT JJ NN . `` JJ NNS MD RB VB DT NN . PRP MD VB DT VBN JJ NN TO VB IN NN VBD NN , '' VBD NNP . RB DT NN VBZ DT NN NN . NN WDT VBD RB VBN IN DT NNP IN NNP NNP VBD VBN IN NN IN JJ NNS -LRB- VBN TO VB DT JJR JJ NN -RRB- RB VBD NN IN NNS . RB , JJ NNS VBD DT JJ NN IN DT NN CC VBD JJ NNS IN WRB DT NNS VBD IN DT NN . EX VBD RB NN IN DT IN DT NNS MD VB VBN VBN . DT NN , VBG RB CD NNS , VBD IN CD . DT NN VBD IN NNS IN NN VBD RB IN DT NNS VBD VBN DT NN -LRB- NNS , NNS , CC NN -RRB- NN . DT NN VBD VBN IN NN -LRB- DT NN IN NN -RRB- IN DT NN . RB , DT NNS IN JJ JJ NNP , JJ , CC JJ NNS VBP IN , IN DT NN IN NN NN VBZ VBN JJ CC VBN , DT NN IN NNS VBN IN NN VBZ VBN . DT JJ NN RB VBD VBG NNS VBG NN , CC NN NNS VBD TO VB . `` DT NN IN NNS VBP NN VBZ VBN RB VBN IN DT JJ NN , '' VBD NNP . VBG IN DT NN NN MD VB JJ IN `` EX VBZ DT JJ NN , IN DT NN NN , TO VB DT NNS . NNS VBP IN DT NN POS NN CC NN TO VB DT NN . '' RB NNS VBP IN VBN JJ NNS TO VB NN . CC , IN DT JJ NN IN DT NNP CC NNP NNP -LRB- NNP -RRB- IN DT NNP NNP NNP CC DT NNP NNP IN NNPS IN DT NNP NNP NNP , DT NNS IN VBG NN VBP VBN . NNP VBD VBN IN DT JJ NN IN DT NN WDT VBZ JJ NNS . RB , EX VBZ VBN NN IN NN , IN NNS RB RB IN NNS . VBD IN DT MD VB DT NN IN NN VBG VBN , NNP VBD `` PRP MD RB VB RB , CC RB VBG CC VBG JJ NNS VBZ DT NN , IN VBZ VBN NN CC NN NNS . '' JJ NN VBZ IN NN NN VBZ VBN IN DT VBN NN IN NN IN NNS VBN IN NN CC NN . JJ NNS VBP VBN VBN , CC NN VBP VBN VBN IN DT NN IN NN . VBN NNS IN NN MD VB DT NN TO VB IN NNS IN DT JJ NNS VBN IN NNS CC VBN NNS IN NN . IN EX VBZ DT JJ NN IN NN , NN VBZ VBG VBN TO VB CD ."
1007,1257,mainstream,"`` IN NNS , PRP$ NN VBZ TO VB NNS IN DT NNS , TO VB JJ IN PRP VBP JJ IN DT NN , '' VBZ NNP NNP NNP IN JJ NN IN JJ NN IN IN DT JJ NN -LRB- NNP HYPH CD -RRB- NN , NNS VBP VBG IN CC WRB PRP VBZ JJ TO VB PRP$ NNS IN DT NN , IN IN DT JJ NN CC IN PRP$ NN VBZ JJ . `` DT NNP NNP IN NNP VBZ IN PRP VBP RP IN -LRB- JJ -RRB- NN HYPH NNS CC PRP VBP DT IN CD IN DT VBZ WP VBZ DT NNS , CC PRP VBP DT NN , '' NNP NNP NNP NNP , NNP , NN IN DT NNP NNP IN NNP -LRB- NNP -RRB- VBZ NNPS . `` EX VBZ DT RB JJ NN IN NNS RB TO VB PRP$ NNS , '' PRP VBZ . `` IN PRP VBP DT , PRP MD VB PRP IN NN IN VBG DT NN HYPH JJ NN NN IN NNS CC NN NN , '' NNP VBZ . `` RB IN DT JJ NN , IN NN HYPH CD , RB NN VBZ PRP RB IN DT JJ NNS , EX VBZ DT NN VB IN RB , '' PRP VBZ . `` RB VB RB TO VB PRP RP RB . PRP VBP TO VB RB JJ IN IN NN IN PRP MD . '' WRB NNS VBP VBG PRP$ NNS TO NN CD NNP VBZ NNS IN PRP VBZ NNS POS NN IN VBG PRP$ NNS IN DT NN POS NN IN DT NN , CC VBZ IN NNS IN DT NN VBP VBG NNS TO VB NN IN NNS IN DT JJ NN . `` NNS VBP VBG NN IN PRP$ NN TO VB JJ IN PRP VBP NNS JJ IN PRP VBP VB TO VB IN PRP$ NNS , '' NNP VBZ . `` PRP VBP VBG TO VB `` JJ '' CC `` UH POS NNS . PRP VBP VBG TO VB JJ NN IN DT NNS WDT VBP IN PRP$ NN . '' IN NN IN `` JJ '' NN IN NN NNS , PRP VBZ , `` NNS VBP VBG NN , CC IN JJS NNS CC NNS WRB PRP VBP NNS , IN RB NNS CC NN NNS . '' PRP VBZ IN JJ NNS VBP RB VBG `` RB '' NNS IN JJ NN HYPH NNS IN DT NN CC VBG JJ NNS IN DT NN . IN PRP$ JJ NN , NNP VBZ NNS TO VB IN PRP$ NNS IN PRP VBZ PRP$ NN TO VB VBN . JJ NNS VBP VBG IN NN . `` JJS NNS VBP VBN NN TO VB DT NN IN DT JJ NN WDT PRP MD IN DT NN TO VB IN PRP RB VBP TO VB PRP IN NN , '' PRP VBZ . NNS VBP RB DT JJ NN TO VB NN NNS `` DT JJ JJ NN PRP VBP RB JJ IN VBG RB CC DT JJR DT VBZ VBZ DT JJ NN IN PRP$ NNS , '' NNP VBZ NNPS . `` PRP$ NNS VBP VBN VBN . EX VBP JJ NNS WP VBP IN DT NN IN NN : RB , RB , DT IN DT NNS : WDT RB VBZ PRP$ NNS IN NN . '' NNP VBZ IN NNS IN DT NNS VBP JJ TO VB RP , RB VBG IN DT NN IN PRP$ NNS , VBG PRP `` DT NN IN NN . '' DT VBZ DT NN PRP VBZ NNS MD VB RP PRP$ NNS POS JJ NNS , IN NNS VBP VBN TO VB DT CC MD VB NN . `` PRP RB VBP TO VB PRP$ NNS IN DT NNS , '' PRP VBZ . `` PRP VBP TO VB VBG PRP$ JJ NNS , TO VB PRP$ NNS VB IN DT IN DT NN IN NN MD RB RB VB DT JJ NN . '' `` PRP$ NN IN NNS VBZ TO VB PRP$ NNS , '' NNP VBZ . `` PRP VBP VBN TO VB VB IN DT IN DT NN CC NN CC NN , CC PRP VBP NNS WDT PRP VBP IN DT VBP RB VBG NNS , RB IN PRP VBZ RB , DT MD VB JJ TO VB PRP RB . '' `` PRP VBP DT JJS NN WDT NNS VBP TO VB VBZ IN NN NNS VBP JJ . PRP VBP RB IN PRP VBP TO VB NN IN DT NNS CC PRP MD VB NN IN PRP DT NN PRP VBP TO , '' NNP VBZ . IN NN IN DT NN NN RB VBZ , NNP VBZ VBN IN VBG DT RBS JJ NNS IN PRP$ NN . DT IN DT NN IN DT NN MD VB VBN IN NN . IN DT JJS IN NNP SYM CD , NNS VBP VBN TO VB JJ NNS IN NNP , NNP , CC JJ JJ NN NNS . TO VB VB NNS CC NNS IN DT JJ NNS IN NN HYPH VBG JJ NNS , VB IN JJ NN RB ."
1008,830,mainstream,"NNP NN NNS VBP VBG VBG DT NN TO VB NNS JJ IN NN HYPH JJ NNS IN PRP VBP IN DT JJ JJ NNS . DT NNP NNP NNPS NNP MD VB DT NN , VBN RB IN DT NNP NNP NNP , IN NNP WDT MD VB DT NN NN NN TO VB NNS JJ IN CD NNS , VBG NN , NN , NN , NNS , NNS , NN , JJ NN -LRB- NN -RRB- , NN -LRB- NN NN -RRB- CC NN -LRB- NN NN -RRB- . DT NN VBZ DT NN IN NNS CC NNS WP MD VB VBN IN IN DT NN CC JJ JJ NN . `` PRP VBP IN EX VBZ DT JJ NN NN , '' VBD NNP NNP , NN IN DT NNP NNP NNP . `` PRP VBP NNS POS NNS IN IN JJS CD CC DT NN NNS DT NN . IN NNS VBP VBG TO -LRB- VB -RRB- DT VBZ DT JJ NN IN PRP TO VB IN . '' NN NNS IN NNP VBP VBN IN JJ NNS , IN NN NNS IN NN , PRP VBD . JJ NNS VBP TO VB DT VBN NN WDT DT NNS , RB DT NN NN , VBZ NN . NNP , WP VBZ DT NN CC VBZ VBN IN NNS IN NN , VBD PRP VBZ RB VBN DT RB HYPH VBN NN IN DT NNS IN EX VBZ DT NN . `` PRP VBZ RB JJ . DT PRP MD VB VBZ VB DT NNS CC VB TO VB WP RB VBP , NNS , '' PRP VBD . DT VBZ DT JJ NN DT NNP NNP NNP VBZ VBN TO VB DT NN IN DT NNP NNP NNPS NNP NN TO VB DT NN TO VB NNS JJ . DT JJ NN VBD VBN IN CD . NNP VBD DT NN POS NN VBZ JJR CC VBZ JJR NN . PRP VBZ JJ NNS VBP DT NN NN CC VBG PRP VBZ NNS DT JJR NN , RB IN NNS WP MD VB VBN IN IN NN NNS . DT NN VBD IN DT NN IN NNP PRP VBZ RB VBG DT NN IN DT NN WDT MD VB NNS JJ , IN PRP VBZ VBG TO VB NN NNS . DT JJS NNS IN DT NN , VBN IN DT CD NNP NNP NNP NNP NNP , VBZ RB CD IN IN CD CD HYPH NN HYPH JJ NNPS VBD PDT DT NN NNS JJ TO VB VBN JJ IN PRP$ NN . RB CD NN IN CD NN NNS VBD PRP$ VBN NNS IN NN , NN CC NN . CD NN NN IN CD NN NNS IN CD VBD DT NN NN , CC CD NN NN VBD PRP$ NNS NN . NN NNS MD VB DT NN NN IN NNS TO VB RB CD NN NN IN PRP VBZ RB JJ . DT NNP NNP HYPH NNP NNP NN VBZ DT JJ NN IN NN , DT NN VBD , IN IN JJ NNS IN DT NN , DT NN NN VBZ VBN DT JJ NN IN NN NN NNS IN DT JJ JJ NNS . NNP NNP VBZ PRP VBZ `` JJ NNS '' TO VB RP IN NNS TO VB NNS . DT NNS VBP NNS VBN IN NNS WRB NNS VBP CD NNS , CD NNS CC CD HYPH CC HYPH DT HYPH NN NNS JJ VBG PRP IN DT JJ NNS PRP VBP . DT NN RB VBZ DT `` NN NN '' IN NNS IN NN CD , WDT VBZ RP DT NN POS NN NN . DT NN IN DT NN IN NNP NNP NNP NNP NNP VBD NNP VBZ VBG IN DT JJ NN POS NNP NNP NNP TO VB DT NN IN NNS CC NN VBN IN `` JJ NNS . '' RB CD NNS IN NNP VBP NNS IN NN NNS : NNP NNP CC NNP . IN NNP , NNS WP MD VB PRP$ NN TO VB JJ IN JJ NNS IN NNS VBP VBN TO RB VB DT JJ NN IN NN NN IN DT JJ NN NN NN ."
1009,190,mainstream,"UH NN NNS , MD PRP VB TO VB DT NN IN PRP$ NN JJ DT NN . VB RP RB NN NNS VBG IN IN CD NNS RB VBP VBN VBN RB IN DT NN IN NNP : IN DT NN . DT NNS VBD VBN CD CD IN CD CD NNS RB , WRB CD NNS VBD DT NN IN DT NN . DT NN VBD RB IN DT NN POS NN , CC JJ NNS VBP VBN CC VBN DT NNS , CC DT NNS VBP RB IN DT NN POS NN , CD NNS RB . NNS VBP DT NNS RB VBP IN DT JJ NN IN NN , DT NN IN JJ HYPH JJ JJ NN WDT VBZ DT IN DT JJS NNS RB TO VB IN NNP . VB JJR NN NNS : JJ NNS IN DT JJS NNS . JJR NN IN JJ NN MD VB VBG NNS VB PRP , NN NNS VBP . NN NN VBZ VBN JJ NNS IN DT JJ NN , IN JJ NN IN `` VBN '' NN : NNS VBP IN JJ NNS IN NNS WDT VBP VBN RB VBN IN NNS -LRB- IN NN , IN NNS VBG IN NNS RB IN NNS -RRB- . CC `` NN HYPH VBN '' NNS -LRB- JJ IN NNP NNP -RRB- CC `` JJ '' NNS MD VB JJ NN , CC MD VB JJR IN NNS JJ IN VBG JJ NNS IN NN CC VBG NN . IN DT , NNS VBP WRB TO VB IN VBG RB , RB IN VBG VBN WDT NNS VBP JJ . `` NNS VBP RB VB DT JJ NN , '' VBZ NN HYPH NN NN NNP NNP . DT NN IN NN CC NNS , VBN NN , VBZ DT RB HYPH VBN NN IN DT NN IN NN , NNS NN , NN , NN CC JJ NNS . -LRB- WRB NN VBZ IN DT JJ NN VBZ RB RB VBN . -RRB- NN POS JJ NN VBZ JJ : IN NN , DT JJ NN IN DT NN POS NN NN VBZ IN NN IN PRP$ JJ NNS . CC DT JJ NN VBZ WRB TO VB NN IN NN NNS TO VB PRP TO VB JJR NNS . NNS VBP VBN DT NN WDT VBZ CD IN DT NN POS RBS RB VBN NNS . DT NN VBZ RP NN NN -LRB- NN -RRB- IN PRP$ JJ NNS IN PRP MD VB VBN IN RB HYPH JJ NN , NNS VBP DT NNP NNP . VB IN DT NN NN IN NNP , NNP NNPS CC NNP . WRB NN VBZ VBN IN DT NNS IN NN NN VBZ IN JJ NN CC , RB , DT JJ NN IN NN : CC RB JJ , DT DT HYPH RB HYPH JJ NN IN VBG NN VBZ JJ , VBZ NNP NNP . PRP VBZ DT NN NN IN NN CC NN IN NN NNP NNP WDT VBZ PRP IN NN , IN DT JJ NN , VBZ VBN IN DT NNS CC NNS IN NN . CD JJS NN NNS DT NN NNP NNP POS NN IN DT JJ CD NN NNS TO VB DT NN VBZ NN IN NN , WRB PRP VBP NNS CC VBG NN . NNP NNP VBZ DT JJ JJ NN IN DT NNP NNP CC NNP NNP -LRB- NNP -RRB- CC DT NN . `` DT NN POS NN VBZ IN DT NN IN DT JJ NNS WDT VBP RB , '' VBZ NNP . `` DT VBZ DT NN VBD TO VB DT JJ NN . '' -LRB- NN NFP CD NNS VBN -RRB-"
1010,979,mainstream,"NNP HYPH VBN NNS VBP VBG NNS TO VB CC VB JJ NN NNS IN VBG TO VB JJ NNS , NNS , CC NNS . DT VBP DT NN IN VBG NNS , DT VBP DT NN NN NN , CC DT VBP JJ NN . IN NNP HYPH CD , NNP NNS , VBG IN NNP , NNP , CC NNP , NNP , VBP VBG DT JJ NN NN . NNP VBZ VBG DT VBN , VBN JJ NN TO VB DT NN CC NN IN NN IN VBN NNS VBN IN NN HYPH CD . DT NN MD VB VBN TO VB JJ JJ NNS . DT JJ NNP HYPH VBN JJ NN VBZ VBG IN DT NN IN NN CC NN MD VB NN CC NN IN NN HYPH CD . NNP RB VBZ VBG JJ JJ HYPH NN JJ CC JJ HYPH VBG NNS IN NN IN NN HYPH CD . DT NNP NNP NNP NNP -LRB- NNP -RRB- VBZ VBG IN JJ NN NN IN NNS CC NNS IN NN , JJ NN NNS CC NN TO VB DT NN NN . PRP VBD IN DT NN NN NNP , NNP , TO VB DT JJ NN NN -LRB- NN -RRB- NN VBN TO VB NN , CC RB VBD IN NNP HYPH CD . DT NN CD JJ NN IN DT NN VBZ VBG VBN IN DT NNP NNP NNP NNP NNP NNP IN NNP , NNP NNP IN NNP CC DT NNP NNP NNP IN NNP , NNP . IN DT NN CD JJ NN , DT NN VBZ VBN IN JJ NNS TO VB IN PRP VBZ JJ CC VBZ DT JJ NN . JJ NN TO VB DT NN POS NN CC NN : WDT MD VB DT NN CD , NN CD NN CC NN CD JJ NN : VBZ NN . PRP VBZ JJ TO VB IN DT NN HYPH CD NN RB MD RB VB RB JJ IN DT NN IN RB IN CD . NNP NNS IN NNP NNP NNP VBP VBG IN NNP NNP NNS IN DT NN IN DT NN NN HYPH VBN NN NN IN NNP HYPH CD . IN NN , NNP HYPH VBN NNS RB VBP VBG TO VB IN NN NNS VBN IN NN VBP JJ IN NN HYPH CD . NNS VBG NNP VBP VBG TO VB NNS WDT VBP DT JJ NN NN IN DT JJ , VBN NN NN , WDT VBZ DT NN IN NN WDT VBZ DT NN IN DT NN NN WDT VBZ VBN VBN IN DT NN IN PRP MD VB NN . NNPS CC NNP NNP NNS VBP VBG NN VBN IN NNP NN NN TO VB NN NNS . CD NN IN NNP VBZ VBG JJ NNS : VBN IN DT VBN NN NN CC VBN NN NNS : WDT VBP JJ NNS IN DT NN NN NN . NNP VBZ RB VBN DT JJ NN IN CD JJ NN HYPH VBN NNS , WDT VBP DT NN IN VBG CC VBG NNS . NNP VBD DT NN CD JJ NN IN NN HYPH CD , DT JJ NN NN VBN IN NNS WDT VBP JJ NNS . DT VBD VBN TO VB JJ CC RB VBN IN JJ NNS . RBR RB , NNP VBD DT NN CD JJ NN IN DT NN IN CD JJ NNS , NN CC NNP CD , CC VBD DT NN VBD RB JJ CC RB VBN . VBG IN NN IN NN CD NN NNS VBG NN HYPH CD VBZ RB JJ IN NNS WRB NNP VBZ JJ , VBG DT NNP IN NNP NNP ."
1011,474,mainstream,"NNP , NNP -LRB- NNP -RRB- , NN NN NN NNP NNP VBD PRP$ NNS IN DT NN NNP , VBG NNS IN DT JJ HYPH IN HYPH PRP$ HYPH NN , RP HYPH NN NN IN PRP$ NNP NN NN NN NN . NNP , DT JJ NN VBN TO VB NN NN IN DT NNP NNPS , RB VBD PRP$ JJ JJ NN NNS , DT CD HYPH NN NN HYPH NN IN PRP$ JJ CC JJ NNS . VBG IN DT JJS NNS , DT JJ NN IN NN NN VBZ DT JJ JJ NN IN NNS , CC CD NNS MD VB VBN IN NNS CD NNS IN CD NNS IN NN . `` DT VBP RB JJ NNS , '' VBD NNP NNP , NN CC NN IN NNP NNP , `` IN PRP RB RB VBP JJ RB RB DT NN IN NN NN -LRB- NN -RRB- CD NNP NNP VBN IN NNP NNP , CC RB DT NN IN DT NN VBZ DT NN NN JJ IN DT VBN IN JJ NN NN IN DT NN NNS VBN . '' VBG IN NNP , EX VBD DT JJ JJ NNS VBN IN NN . IN DT NNS VBD VBN IN DT NN NN IN DT NN , NNS VBD VBN IN DT NN NN NN NN NN , WRB DT NN VBZ VBN IN NNS TO VB NN : DT NN NN CC NN NN , WRB NN NN VBZ VBN , CC DT NN CC NN NN , WRB JJ NN NNS CC JJ NNS VBP VBN . IN NN IN NNS IN NNS IN DT NN IN NN , NNP NNP , NN IN NN NN NNP NNP , VBD PRP VBZ CD NNS IN HYPH NN CD NNS DT NN , CD NNS DT NN . NNP VBD DT NN VBZ VBG CD CD NNS DT NN , CC DT MD VB IN RB CD CD CC CD CD IN JJ NNP . IN DT NN IN DT NN , NNP MD VB VBN CD CD NNS IN NN NN , VBG IN DT NN . VBG IN NNP , NNP MD VB IN NN TO VB DT JJ CD CD NNS VBN IN DT NNP NNP IN NNP CC NNP NNPS IN DT NN IN DT NN . `` PRP VBP RB VBG RB RB IN PRP MD , '' NNP VBD . `` NN MD VB TO VB JJR NN RB CC PRP VBP WP PRP VBP . DT RB IN NN MD VB DT NN IN NN . '' NNP RB MD VB CD CD NNS IN JJ NN NN IN DT NN IN DT NN , DT NN VBD . IN DT NN IN DT NN , `` CD CD NNS IN DT NNS -LRB- JJ CC NN -RRB- MD VB IN DT NN , '' NNP VBD . PRP VBD IN PRP VBZ JJ TO VB IN CD NN IN DT NN NN VBZ NN CC NN NN , RB VBG DT NN . NNP , DT JJS NN NN IN DT NN , VBZ JJR IN CD NN IN DT NN NN VBN IN DT NNP NNPS CC RB CD NN IN DT NN POS NN ."
1012,17,mainstream,"NNP NNP -LRB- NNP NN -RRB- NNP POS NN NN VBD RB RB IN CD NN IN NNP IN DT NN NN VBD VBG JJ NNS IN PRP$ NN NN . IN JJ NNS VBD RP , CD NNS VBD RB VBG IN DT NNS . NNP POS JJ JJ NN CC JJ JJ NN VBD NNS CC VBD RB $ CD CD IN NNS VBN IN NNP CC NNP , NNP NNS VBN IN NNP NNP VBP . DT NNS VBD VBN NNP NNP IN NNS VBD NNP IN VBG VBG NN NN NNS . NNP POS NN NN VBD IN $ CD CD , RB IN DT NN VBZ DT VBN NNS . IN VBG IN RB JJ IN $ CD IN NNP , NNP POS NN NN VBZ RB VBN IN $ CD IN JJ NNS VBP VBN DT NN IN DT JJ NNS . DT NNS NNS VBD VBN IN JJ NN NN NNS , VBN IN CD SYM CD NNS , WDT VBD RP JJ NN NNS IN NN NNS CC IN NN NNS . NNP NNP , NNP POS JJ JJ NN , VBD CD NNS IN $ CD CD IN NNP , NNS VBP . PRP RB RB VBD PRP IN $ CD CD , VBG DT NN IN $ CD CD . DT JJ NN , NNP NNP , NNP POS JJ JJ NN , VBD $ CD CD TO VB NNS . PRP RB VBD DT NNS IN $ CD CD , VBG DT NN IN $ CD CD . NNP VBD DT NNS VBD VBN IN CD SYM CD NN NNS WDT VBD VBN IN NN . `` DT NNS VBP VBG RB JJ IN DT NN NNS , '' DT NN VBD . IN DT JJ NN IN DT NNS MD VB NNS , NNP NNP , NN IN NNP NNP NNP , VBD DT NN NNS VBD RB VB TO VB DT JJ JJ NNS . `` IN PRP$ NN , EX VBZ NN JJ IN DT NNS , '' NNP VBD . `` PRP VBZ WP DT CD HYPH CD NN VBZ VBN IN , VBG DT NNS VBP VBN . '' DT NNS VBP WRB CC WRB JJ NNS NN NNS , VBG NNS CC NNS , VBP VBN TO VB . DT NNS VBP RB VBN RB , IN DT NNS VBG DT NN . NNP , DT NNP , RB VBD NN NNS JJ IN DT NN NN . IN NNP CD , RB NNS IN DT NNS VBD VBN , NNP VBD CD NNS IN NN JJ $ CD CD . NNP NNP , NN IN NN NNS IN NNP , VBD EX MD RB VB DT `` JJ NN IN PRP VBD CC VBD PRP$ CD HYPH CD NN IN IN NN IN NN NN NN . '' `` PRP VBZ RB JJ IN NNS TO VB NNS PRP VBP , CC VBZ PRP JJ IN PRP TO VB IN DT JJ NN NN , '' NNP VBD IN DT NN . NNP POS NN NN VBD CD NN IN $ CD IN NNP IN NN NN NNP VBD IN NN NNS VBD DT NN VBD RB VB JJ NN TO VB WRB JJ DT NN CD NNS VBP . IN NNP , NNP VBD IN $ CD , RB CD NN IN PRP$ NNP NN . `` PRP MD VB JJ IN DT NN NN IN NNP POS NN NN VBZ TO VB RB IN PDT DT NN , '' NNP VBD . `` IN DT NNS VBD VBN , PRP VBD RB JJ NN IN PRP VBD CC VBD IN DT JJ NN IN DT NN IN NNS , '' NNP VBD IN DT NNP NN NN . DT VBZ DT NN WRB PRP VBP RB JJ IN PRP . '' NNP VBZ CD IN DT JJ NNS TO VB DT NN IN NNP HYPH CD , WDT VBZ VBN JJR IN CD NNPS . DT NN NN POS NN VBZ VBG NNS WDT VBP IN DT NN CC VBP PRP IN VBG JJ NNS . NNP VBD PRP$ NN VBD NNS IN NNS CC VBD NNS IN CD IN PRP . DT CD VBN VBG NNS IN DT NN IN NNS VBG CC VBG DT NNS VBN IN NNS WP VBP RB VBN IN NNP HYPH CD , DT NN VBD . IN JJ NNS VBP RB , NNP VBZ VBN PRP$ NN MD VB JJ IN DT NN RB RB IN NNP . NNP NNP , DT JJ NN NN IN DT NNP IN NNP , VBD DT NNP NN NNS VBP WRB PRP VBZ RB VBN NNS MD RB VB NN IN PRP VBP IN DT NN . `` RB IN PRP MD VB VBN RB , DT NNS VBP JJ IN PRP VBZ PRP VBP DT JJR NN TO VB PRP$ NN , '' VBD NNP . `` PRP VBZ DT NN IN NN IN PRP$ NN VBG RB . ''"
1013,426,mainstream,"VBG NNS MD VB TO VB JJ RB IN NNP POS NN IN NN VBZ VBN IN NNP CD , CC DT NN VBZ DT NN IN `` JJ NN . '' DT NNP NNP VBD NN DT NN NN NNS NN WDT MD VB VBN RB VBG DT NN IN DT NN IN NN . DT NN NN MD VB IN DT NNP NNP NN , WRB PRP VBZ VBN TO VB VBN . IN PRP , NNP HYPH CD VBZ VBN DT `` JJ JJ JJ NN , '' IN DT NN IN NN , NN CC NN TO VB DT NN IN DT NN IN NN . NNP POS CD NNS MD VB VBG JJ NN NN IN NNP TO VB DT NNP NNP NNP POS NN TO VB IN JJ NN NNS . NN NNS MD VB VBN IN DT VBN NNP HYPH CD NNS RB RB IN JJ , TO VB CC VB DT JJ JJ NNS . NN NNS VBP VBN IN DT JJ NN IN JJ NNS CC DT NN VBZ VBN VBN IN RB CD NNS IN NN , RB JJR IN RBR IN DT NN IN DT NN IN NNP . NNS TO VB NN IN DT JJ NN NN CC NN NNS IN NNS NN NNS CC NNS VBG IN NNS VBP TO VB VBN IN NN , IN NN TO VB JJ NN IN JJ NNS IN DT NNS CC DT NNS WP VBP NN IN PRP , CC TO VB PRP$ NN NN RB JJ . JJ NN IN NNS IN JJ NNS MD VB , IN JJ NNS IN IN CD NNS IN RB VBG IN DT NN . NNP POS JJ NN VBD IN NNP IN DT MD VB IN NN CD NNS CC JJR . RB VBZ WP JJ TO VB , VBG IN DT NN : DT NNS VBN IN DT NN VBP RB VB DT NN NN . DT NN POS JJ NN CC NN NNP NNP NNP NNP VBD IN DT NN NN NNP , IN `` IN PRP VBP JJR NN IN DT NN , CC PRP VBP RBR VBN IN DT NN , IN PRP VBP DT NN , CC DT JJ NN , DT NN MD VB VBG DT NN IN PRP$ NN . ''"
1014,404,mainstream,"DT NN VBD PRP VBD IN NNS IN NNS TO VB DT NN NN IN DT NNS , CC NNS , WDT MD VB TO VB RP NN IN JJ NNS IN NN HYPH CD , DT NN VBN IN DT JJ NN . DT NN MD VB DT JJ NN IN IN JJS CD JJ NNS IN DT JJ NN RB VBG VBN IN DT NN , VBG CD IN NNP , IN WP NNP VBD DT NN NN IN NNP . NNS , DT JJ NN IN DT JJ NN NN , VBP VBN VBN TO VB JJR CC RBR HYPH VBG NN IN NNS CC VB IN JJR NN IN DT NN IN DT NN , VBG NN IN JJR HYPH NN NN . NNP MD RB VB DT NN POS NNS , VBG RB IN NN MD VB NN IN NNS IN NNP CC NNP NNP CC IN PRP MD VB DT NN IN NN NN CC NN IN JJ NNS . DT NN VBZ CD IN DT JJ JJ NNS VBG IN NNS TO VB DT JJ NN WDT RB WDT VBZ DT NN CC VBZ VBN RB CD NNS . `` PRP VBP IN JJR IN CD NN MD VB VBN TO VB DT JJ NN CC PRP VBP VBG IN NNS IN DT NN TO VB RB , '' VBD NNP NNP NNPS NN NNP NNP . RB RB IN PRP$ NN IN NNP , NNP VBZ VBN DT NN IN NNS VBG JJ NN NNS NNP NNPS CC NNP NNP , RB RB IN DT NNP IN NNP , NNP ."
1015,138,mainstream,"NNP NNP , DT NN IN JJ NN IN NNP NNP NNP CC DT NN IN DT NNP NNP NNP IN NNP HYPH CD , VBD : `` PRP VBP RB RB VB DT NN WDT VBZ JJ CC JJ IN DT NN . `` RB IN DT JJ NN , PRP VBP VBG TO VB TO VB NNS TO VB IN PRP$ NNS IN DT NN IN DT JJ NN . `` DT VBZ VBG DT WP VBP NNS IN DT NN CC RB PRP$ NNS . JJR NNS MD VB TO VB VBN . IN NN , NN NN IN VBG IN NNS MD VB TO VB VBN . DT VBZ VBG TO VB DT JJ JJ IN PRP DT . '' RB , NNP NNP , DT NN IN NN IN NNP NNP , VBD DT NNS IN VBG DT NN IN NN HYPH CD VBP `` RB JJ '' . PRP VBD PRP$ NN VBZ VBG IN JJ NN NNS CC NNS IN JJ NNS MD VB IN DT NN PRP VBZ `` CD NN JJ '' MD VB . PRP VBD : `` DT NNS VBP RB JJ , CC PRP VBZ RB RB RB JJ . '' IN NNS IN DT NN VBP IN DT NN , DT JJ NN VBZ NNS VBN IN NN NN MD VB VB DT NN JJ IN NN HYPH CD ."
1016,1130,mainstream,"NNP -LRB- NNP -RRB- , NNP NNP -LRB- NNP -RRB- VBZ VBN DT NN IN JJ NNS TO VB DT NN IN PRP$ JJ NN IN DT NN , DT JJ NN POS JJS NN TO VB PRP$ NN TO VB VB DT NN . DT NN VBZ IN IN IN CD CD NNS IN DT NN , VBN IN DT NNP IN NNP , DT NN VBD IN NNP , VBG IN PRP VBD VBG TO VB NN IN DT NN , WDT PRP VBD PRP MD VB IN DT NN IN DT NN . DT NN VBZ RB IN JJ NNS . IN DT NN VBZ VBP NNS DT NN VBZ JJ CC JJ , NNS MD VB VBN TO VB IN DT NN IN CD . DT NN VBZ DT JJ NN VBN IN NNP POS NNP NNPS NNP -LRB- NNP -RRB- , DT NN VBN IN NNP , NNP , NNP CC DT NNPS TO VB NN NNS IN DT NN NNS RB RB IN JJ . `` DT MD VB IN NNS IN NNS IN NNS IN NNP MD VB NN IN DT NN , IN NN IN PRP VBZ CC PRP MD VB IN IN DT NN IN NN , '' DT NN POS JJ NN , NNP NNP VBD NNS . PRP VBD PRP VBZ `` JJ NN '' IN PRP MD VB , VBN IN JJ NNS . DT NN `` MD VB RB IN DT NNP NNP CC JJ NNS IN NNP TO VB NN IN NNP VBZ VBN IN DT NN , '' PRP VBD . `` PRP VBP DT RB NN HYPH JJ NN NN IN NNP '' IN NNS VBN RP IN DT NNPS , NNP , NNP CC NNP , IN NNS , PRP VBD . DT NNS VBP IN DT NNP NN NNS . DT CD NNS WDT VBD DT NN MD VB IN DT JJ NN , WDT VBZ RB VBN VBN , CC DT NN VBZ JJ NNS TO VB PRP IN DT JJ NNS , DT NN IN DT JJ NN NN VBD . NNP , NNP , NNP CC NNP VBP RB VBN NN , PRP VBD . DT NNP NNPS CC NNP NNPS NNP NNP -LRB- NNP -RRB- VBZ VBN DT NN IN NNP CD NNS IN DT NN IN NNS VBD JJ NN CC NN , NNP VBD . IN DT NN IN NNP NNP NNPS IN NNP , NNP VBD TO VB PRP$ NNS IN DT IN DT NNP NNP , NNP POS NNP NNP VBD . DT NN VBZ DT JJS IN NNP TO VB TO VB PRP$ NN IN NNS WP VBP VBN TO VB NN NNS IN JJ NN NN NNS . PRP VBZ VBN NN NNS RB TO VB PRP$ NN IN VBG CD CD NNS IN DT NN , VBG IN CD NNP NNP HYPH VBN NNS CC DT $ CD CD -LRB- CD CD NNS -RRB- NN IN DT NNP NN . DT NN MD VB DT JJ CD CD NNS IN DT CD CD RB VBN IN DT NN , NNP VBD . EX VBP DT VBN NNS CC NNS IN NN HYPH CD , DT RB JJ JJ NN VBN IN DT JJ NN . `` JJ NNS IN DT NN VBP RB VBN NNS , NNP VBZ RB RB . DT JJ VBN NN IN DT NN IN NN NNS MD VB VBN NN IN DT NNP NNS IN DT NN , '' NNP NNP NNP NNP NNP VBD ."
1017,781,mainstream,"NNS VBP DT NN IN NNS TO VB NN , NN , CC VB WRB NNS VBP PRP DT JJS . CD NN IN NNS TO VB PRP$ NNS POS NN IN DT NN VBZ IN NN NN IN PRP$ JJ NN CC DT IN DT NN . DT NN POS NN VBZ IN WRB NNS VBP IN DT NN , PRP VBZ NNS VB RBR RB IN PRP CC RBR VBN IN PRP$ NNS . CC TO VB DT NNS , NNS MD VB IN NN , CC VB JJ IN WRB CC WRB JJ PRP VBP VBG . PRP MD VB IN NNS VBP TO VB RP DT JJS IN NNS , CC DT VBZ RB VBN IN WRB PRP VBP PRP$ NNS , IN JJS . IN NN , NNS VBP PRP TO VB NNS IN RBR JJ CC JJ IN PRP RB VBP . DT VBZ RB WRB NNP NNS VBP RB RB VBN IN NNS IN NN . CC NN VBZ VBN IN NNS WP NN HYPH NN VBP TO VB VBN IN DT RBS JJ . VBG CD , PRP VBD RB VBN IN NN NN IN PRP VBD DT NN IN DT NN . IN PRP$ NN PRP VBD IN NN NN HYPH NN , JJ IN VBG PRP POS JJ NN CC VBG RP PRP POS JJ NNS , VBD NNS TO VB RBR RB IN PRP$ NNS CC RBR VBN IN PRP$ NNS IN NNS . DT NN VBZ VBN VBN IN JJ NN IN DT NN CC NN WDT VBZ IN WRB NNS VBP NN HYPH JJ NN , PRP VBZ PRP VB PRP IN VBG JJR JJ NNS CC IN VBG DT JJR NN NN : VBG IN JJR JJ NNS . RBR RB , PRP VBP VBN NNS VBP RP TO VB PRP$ NNS IN DT NN IN VBG RB TO VB RP NNS : RB DT WP MD RB VB IN NN . IN NN , RB IN DT IN NNP POS NNS VBP VBN , NN NNP NNP VBZ VBN IN DT NN MD VB TO VB DT NNS , VBG DT TO VB IN DT NNS HYPH VBN NN MD VB DT NN IN JJ NNS MD VB . JJ NNS WP VBP VBN IN DT NNS VBP NNP NN NNP NNP , NNP NN NNP NNP , NNP CC NNP NN NNP NNP , NNP NNP NN NNP NNP , NNP NN NNP NNP , NNP IN NNP NN NNP NNP , NNP NN NNP NNP NNP NNP , CC NNP NN NNP NNP , NNP NN NNP NNP . RB , WP MD NNS VB IN DT NN TO VB PRP$ NNS CC WRB MD PRP VB JJ IN PRP$ VBG VBZ DT NN . JJ NNS VBP IN CD NNS : VBG DT IN DT JJ NNS IN PRP$ NN , VBG IN DT JJR NN IN NN , CC VBG RB JJ RB WRB PRP VBZ JJ . NN HYPH NN VBZ RB RB IN DT NN VBG WP VBZ JJ . IN PRP VBP VBG TO VB PRP$ NNS TO VB , PRP VBP TO VB RB RB . IN PRP VBP PRP$ NN TO VB RB , PRP IN DT NN MD VB RB . IN PRP VBP PRP$ NN TO VB RB IN DT NNS , PRP MD VB RB RB IN PRP . DT NN VBZ DT NN WP VBZ PRP$ NN IN DT JJ NN IN PRP VBP IN PRP$ NN . NNP NNP NN NNP NNP , VBN PRP$ NN IN DT NN CC VBZ VBG NN NNS IN JJ HYPH NN NNS TO VB VB NNP HYPH CD . NNP RB VBD PRP$ NNS TO VB NN IN PRP$ NNS CC VBZ VBN VBN JJ JJ NNS . IN DT NN , NNP VBZ RB VBN : IN JJS IN DT NN : IN DT NN IN NN IN PRP$ NN TO VB NNS . JJ NNS WP$ JJ NNS VBP VBN PRP$ NNS VBP NNP , NNP , NNP , CC NNP . IN PRP$ JJ NN IN NN , RB VBN NNS , NNS , CC NNS IN JJ NNS IN NNP VBP VBG NN NNS TO VB VB RP IN DT JJ NNS WDT JJR NN VBZ VBG . RB NN NNS , IN NNP NNP , NNP NNP POS JJ NN , VBP VBG NN NNS . RB DT IN PRP VBP NNS WP MD VB DT NN TO VB NNS POS NNS VBG CC VB RP PRP$ NN IN DT NN . CC EX VBP RB NNS TO VB IN PRP$ NNS . JJ NNS IN VBG NN TO VB VBN RB IN PRP$ NNS IN DT NN NN NN MD VB DT JJ NN IN VBG DT NN IN DT NN . IN PRP$ NN VBZ DT NN NN NN , PRP MD VB DT IN PRP$ NN RP IN PRP$ NN NNS WP VBP PRP . WRB PRP VBP DT NN , VBG IN IN PRP$ NNS MD VB IN PRP MD VB RBR VBN IN VBG IN DT NN IN CC IN DT NN . CC , VBG DT NN IN NN NN , DT MD VB DT NN IN VBG IN DT NNP HYPH CD NN : CC RB . JJ NNS VBP VBG JJ NNS IN JJ JJ NNS CC JJ NN NNS IN NNS . RB , PRP VBP VBN NNS VB RP TO VB VB NNS VBN TO VB DT NNS IN DT NN . NNP , NNP , NNP CC NNP VBP VBN RP NNS TO VB NNS IN NNP RB VBD DT NN CC NNS IN PRP$ JJ NNS , VBG NN TO VB PRP IN JJ TO VB VB NNS IN NN IN NNP HYPH CD . CC , WDT DT NN , PRP VBZ JJ TO VB DT NN IN NN , NN , CC DT NNS IN PRP$ NN IN IN NNS MD VB WRB PRP VBP VBG PRP . WRB NNP NN NNP NNP VBD RB TO VB DT NNS IN DT JJ CD NNS , PRP VBD PRP IN DT JJ NN IN NNP -LRB- NN -RRB- CC VBG , VBG IN NNS RB VB TO VB DT NNS PRP VBD RP IN DT NN , JJ IN NN NNS CC NN NNS . NNS MD VB JJ IN WRB PRP$ NNS VBP JJ IN DT NN POS NNS . IN DT NN VBZ RB JJ , EX MD VB NN . NN VBZ IN PRP VBP DT JJ NN CC WRB NNS NN HYPH NN , PRP VBP TO VB WRB DT NN MD VB VBG PRP CC VB IN WP PRP VBP RB VBG -LRB- IN IN CC RB DT NNS VBP VBG PRP$ NNS -RRB- . DT RBR JJ IN PRP MD VB IN NNP CC NNP POS NN TO VB DT CD NNS TO VB DT NNP HYPH CD NN VBD VBN IN NN . CC , WRB NN NNP NNP VBD DT NN IN PRP$ NN TO VB DT NN IN NNS CC PRP VBD IN PRP MD VB DT NN IN DT RB HYPH IN HYPH NN NN , DT NN VBZ IN NN . IN NN IN VBG WRB PRP VBP VBG DT NN , NNS MD VB JJ IN WP DT NN VBZ IN . IN DT NN RB VBZ CD NN IN PRP$ NN IN DT NN , PRP MD VB WP DT NN VBZ CC WP RB VBZ VBG IN DT NN . IN NN , NNP NNP VBZ VBG $ CD CD IN PRP$ NNP NN -LRB- CD NN IN PRP$ NN -RRB- TO VB NNP HYPH CD NN . RB RB VBZ PRP VBG RP DT NN , PRP RB VBD DT NNP NN VBG WRB DT NNS MD VB VBN . JJ NN VBZ JJ IN DT NN . NNP POS NN NNP NNP VBZ VBG CD NN IN PRP$ NN CC JJ NNS IN DT NN IN NNP HYPH CD . CC DT NN VBD IN NN IN DT NN IN DT NN IN NN IN NNS IN DT NN IN NNP NNS . RB WRB PRP VBP RB IN DT NN , CD NN IN NNS VBP NNS VBP RB VBG RB TO VB NN . CC DT VBZ IN DT NN IN DT NN . CD NN VBD IN NNS WDT VBD RBR JJ VBD JJR NN , NN , CC NN IN DT WDT VBD RBR JJ . IN NN , VBG NN MD IN NN VB NN . NNS VBP DT NN IN NNS TO VB NN , NN , CC VB WRB NNS VBP PRP DT JJS . VBG IN NNP NNP NN NNP NNP VBD PRP$ NN IN $ CD IN VBG TO VB PRP$ NNS CC IN NNP NNPS NN , NNP NNP , VBD RP PRP$ NN CC VBD $ CD NNS IN DT NNS IN PRP$ NNS VBZ JJR IN VB DT NNS IN PRP$ NNS . DT JJ NNS IN NN VBP IN DT NN IN NN MD VB NN CC NN IN DT NN IN PRP , CC VB DT NN DT NN IN PRP VBP VBG IN DT NN ."
1018,1253,mainstream,"CD HYPH NN HYPH JJ NNP NNP VBZ VBN RB VBN CC VBN IN DT NN IN DT NNP , NNP , NN NN WRB PRP VBD . PRP$ NN RBR VBD IN CD IN DT RBS JJ NNS IN NN , NN CC NN NN IN JJ NN . RB IN NNP POS NN VBD CD JJ NNS WDT VBD TO VB DT NN IN NNP NNP , DT NN NN IN DT NN . NNP VBD VBN , CC PRP RB VBD JJ IN DT NNS VBD DT NN NN IN DT RB JJ NNP NNP TO VB RP PRP$ JJ NN . NNP VBD DT NN POS NN , DT JJ NN , CC DT RB HYPH VBN JJ . NNP RB VBD TO VB DT NN IN NNP NNP , DT JJ NN IN DT NN . IN DT NN IN NNP POS NNS , PRP RB VBD NN . DT NN POS NN VBD NNP NNP , DT JJ NN CC NN IN NNP POS NN NN , NNP NNP . RB , NNP VBD NNP , `` UH , PRP MD VB DT NN NN IN NNP , CC WRB VBP PRP VB DT NN TO VB DT NNP NN . '' NNP VBD VBN IN NNP NNP NNP , WP VBD DT RB JJ NN TO VB RB RB IN PRP VBD RB VBN IN NNP POS NN IN NNP VBD VBN IN NNP POS NN IN JJR IN CD NN . DT NN VBD VBN IN NNP POS NNS CC NNS IN PRP$ JJ NN , NNP . DT NN VBD VBN IN DT NN IN DT JJ NN IN NN IN NNP . NNP NN NNP NNP VBD PRP$ JJ NN CC RB VBD IN NNP VBD RB JJ . CD NNS IN PRP$ NN VBD , NNP VBD NNP POS NN NN IN DT NN IN PRP MD RB VB VBN WRB DT NN VBD RP . RB , NNP VBD JJ NNS : PRP VBD PRP$ NNS TO VB DT NNPS IN NNP NNP . NNS IN JJ NNS IN NNP VBD VBN TO VB DT NN IN NNS VBD TO VB DT NN NN . DT NNPS IN NNP NNP RB VBD PRP$ NN IN DT NN NN WRB NNP VBD VBN . PRP VBD DT NN CC DT NNS CC VBD NNP , VBG PRP IN NNP , NNP POS NN . RB PRP VBD VBN IN NN IN DT JJ NN NN . NNS IN NNS VBD TO VB CC VB PRP$ NN VBN IN NN IN PRP$ JJ NN . DT NNS VBD NN TO VB DT NN . IN JJS IN DT NN VBD VBN CC VBN IN DT NN , NNP VBD RB JJ IN NNP . IN NN , PRP VBD VBN IN DT NNP NNP IN CD . NNP VBD RB VB DT JJ NN IN CD , IN DT NNS IN PRP$ NN VBD PRP IN PRP$ NN TO VB PRP$ NN ."
1019,638,mainstream,"IN NNP CD , CD , DT NN IN NNS IN NNP NNP NNP IN NNP , NNP , VBP DT JJ NNS IN DT JJ NN NN VBN IN NNP NNP NNP . IN RB RB JJ IN DT NN CC NN , NN VBD DT RB JJ NN WDT VBD IN JJ NNS CC VBD JJ TO VB . VBG DT NN NNS CC RB DT JJ JJ NN , NN VBD NN NN , NN CC RB NN . RB IN NN RB VBN IN DT JJ NN IN DT JJ NN IN DT JJ NN , NN RB VBD , VBG RB NNS CC RB NNS RB RB . DT RBS JJ NN IN DT CD NN IN NNP VBD JJ NNP NNP NNP NNP , RB DT JJ NN . DT NN VBD RB , VBG PRP$ NNS RB VBN . IN DT JJ NNS , DT NNP IN NNP , DT JJ NN VBN IN NNP NNP POS NN TO VB DT NN TO VB IN NN , VBD NNP NNP NNP , NN IN DT NNP NNP NNP IN DT NNP IN NNP . NNP VBD IN NN VBD RB JJ IN CD NNS IN CD JJ NNS , CC IN DT JJ NN VBD TO VB DT CD . IN VBG NNS IN DT NN NN CC RB VBG , CC `` VBG '' PRP IN VBG DT JJ VBN NN , NNP VBD PRP$ NN , WDT VBD JJ TO VB IN VBG DT NN . IN JJ NNS VBD IN CD , NN VBD IN DT JJ NN JJ CD SYM CD NN DT NN VBD DT JJ NN IN DT CD NNS . IN PRP VBD VBN IN DT NNS VBD RB VBN IN CD JJ NN IN DT NN , NN NNS VBD VBN , CC IN NNP CD DT CD CD NNS VBD VBN VBN . NNS IN NN IN DT NNP VBD IN CD IN CD IN CD IN CD , CC IN CD DT CD JJ NNS VBD VBG NNP POS NN . DT JJR NN IN DT NN NN , VBN IN NNP NNP , VBD DT VBN NN IN DT JJ NN CC VBD VBN RB IN VBN . PRP VBD VBN IN CD CC RB VBD RBR JJ IN NNP POS NN , IN PRP VBD JJR TO VB CC JJR IN NNS TO VB . EX VBZ RB DT NN IN NN IN PRP VBZ VBN VBN , CC DT NN IN NNS VBZ RB VBN NN IN DT NNP NNPS . VBG IN DT NNP NNP NNP , NN NNS VBP VBN VBN IN CD NN CC VBZ RB IN DT NN POS JJS CC RBS VBN NNS . WP VBZ TO VB DT NN IN VBG DT NN IN DT NN . VB JJR : CD NNS PRP MD RB VB IN NNP NNP"
1020,748,conspiracy,"JJ NN : NN IN NN WP VBD NNS IN NN VBN VBG IN NN NNP NNP NNP VBD NNS WP$ NNS VBD VBN TO VB VBN VBN IN NNS DT JJ NN NN CC NN NN VBD VBN JJ VBG IN DT NNP NNP NN JJ NN IN WP JJ VBP VBG JJ NNS . DT NN VBD DT NN IN NNP NNP NNP NNP IN DT NNP NNP NNP IN NNP NNP , NNP NNP , JJ NNP NN . `` NNP VBD DT NN NN IN DT NN , WDT VBD TO VB NN VBN , VBG IN NNS , '' VBD NNP . IN DT NN NN , DT NNP NNP NNP POS NNP VBD , `` NNS IN DT NNP NNP NNP NNP VBD IN DT NN CC VBD DT NN IN DT NN . '' DT NN IN DT NN VBZ JJ , CC DT NNS IN DT NN VBP RB RB JJ . NNP NNP VBD DT JJ NN IN NNP , NNP , WDT VBD IN `` VBG NNS IN NN NN NN , NN , CC JJ JJ CC JJ NNS . '' IN JJ NNS , NNP NNP POS NNP NNP RB VBD RP `` NN NN '' NNS , VBG DT JJ NN TO VB DT VBG NN IN DT NN IN NN NN . NNP NNP VBD DT NN TO VB DT NN IN DT NN IN PRP$ JJ NN VBD DT NN VBG JJ NN . `` NNP VBD PRP JJR IN NN IN JJ NN VBD , '' DT NN RB VBD IN DT NN , VBG IN DT NNP NNP POS NNP NNP . IN NN IN VBG NNS , NNP VBZ RB VBN NN NN IN JJ NN IN NN IN NN HYPH VBN NNS CC VBD NN CC NN IN DT NNP NNP NNP NNP NNP , WDT IN CD NN VBD DT RB HYPH VBN NN NN NNP NNP NNP IN `` NN NN . '' DT NNS VBG NNP POS NN VBP VBN PDT DT RBR JJ IN DT JJ NN NN VBN IN DT NNP IN PRP$ NNS . `` DT NNP VBZ RB TO VB WRB NNS VBD DT NN IN DT NN , RB DT JJ NN WP VBZ VBN JJ IN RB IN DT NN , '' VBD DT NNP NNP NNP . JJ NN NNS VBN IN NNP POS NN VBP VBN IN NNS IN NNS WP VBP DT VBN NN VBD PRP$ NNS IN DT JJR . `` NNP NNP VBD PRP$ NN POS NN IN PRP$ NN VBD VBN IN NN . PRP VBD NNS , `` CD NNP NN NNS . `` IN CD , PRP$ NN VBZ RB VBG IN DT JJ NN NN IN PRP . PRP VBP PRP DT NN . '' `` PRP MD RB VB JJ CC JJ IN NNP NNP VBG PRP$ NN IN NN , '' DT NN VBZ . `` NNS VBP VBN PRP$ NN POS NN IN IN PRP MD VB RP CC VB DT JJ JJ NN . NNP NNP MD VB VBN RB . '' DT NNP NN VBZ RB VBN VBN RP IN CD IN NNP POS NN NNS VBG `` TO VB DT NNS IN DT JJ NNS VBG IN IN DT NN IN NNP NNP , VBG DT JJ NN IN DT NN IN JJ NN . '' IN PRP$ NN VBG DT NN VB IN NN , JJ VBP RB VBG DT NN POS NN TO VB NN IN DT NN . `` NN HYPH VBN . IN DT NN . PRP VBP RB VBG DT , '' CD NN IN DT NNP NNS NN NNS . `` DT VBD DT NN WP VBD NN IN NNS IN DT NNS . DT VBD DT JJ NN IN DT VBG JJ NN . JJ , CC DT VBZ IN NN CC NN NN . '' DT NN VBD DT RBR JJ NN : `` PRP VBD RB VB PRP . PRP VBD VBN IN WP PRP VBD VBG IN , WP PRP VBD , CC WP PRP VBD VBG IN PRP . PRP VBD JJ NN JJ NN IN JJ NNS TO VB . PRP VBD VBN . VBD . VBN . WRB MD DT NN WP VBD NN IN NNS CC MD VB RB VB PRP IN DT NN . CC VB PRP IN DT NN . DT VBZ JJ . NN . '' NN NNS IN NNP NNP VBP RB VBG IN DT NNP NNP NNP NN NN IN NNP , NNP . DT NN VBD VBN : NNP , NNP CD , CD IN CD NN"
1021,1098,mainstream,"CD NNS IN NNP NNP NNP NNP NN VBP VBN PRP$ NN NNS VBG , IN PRP VBZ NN IN `` JJ '' NN NN . IN VBN NNS IN NN NNS TO VB JJ NNS WDT VBP TO VB DT NN IN NNS , NNP NNP NNP VBZ CD IN DT NN IN JJ JJ NNS . PRP VBD DT NN IN CD IN DT NN NN WDT VBZ VBN VBN IN DT JJ NN IN NNS CC VBG DT NN IN NN NNS . EX VBZ DT JJ NN IN DT NN IN DT NN , NN , CC NN . JJ NNP NN NN NNP NNP NNP , JJ NNP NNP NNP NNP NNP CD CC NNP NNP NNP VBP VBN IN PRP MD RB RBR VB IN CC VB PRP TO VB JJ NNS , RB IN DT NN IN DT NN NN WDT VBZ VBN CD NNS IN DT NNP . PRP VBD DT NNS `` JJ '' . `` NNP NNP NNP NNP : NNP CC NNP POS NN CC NNP POS NN : VBZ NN IN DT NN TO VB DT NNS VBN IN VBG DT NN IN JJ JJ NNS , '' DT CD VBD IN DT NN NN IN NNP . VBG IN DT JJS NNS IN DT NNP IN NNP NNP CC NNP -LRB- NNP -RRB- EX VBP VBN CD NNS IN NNS VBN IN CD NNP , VBG NNS IN NNP NNP NN CC RB WRB NN NNS VBP NN . `` DT JJ NNS VBP VBN IN DT VBG NN CC NN IN NNS : VBN IN NN NNS , '' DT CD NN NNS VBD , VBG IN NNP NNP NNP : DT NN IN JJ NN NNP NNP NNP : '' VBD TO VB JJ NN IN JJ NN CC VBZ JJ IN VBG NN IN DT NN IN NNS . '' VBG RP NNP NNP NNP NN , NNP NNP NNP NNP , DT NN HYPH NNP VBZ WDT DT NNP NN VBZ DT JJ NN IN JJ NN NN : PRP VBZ : `` NNP NNP VBD DT NNP NNP NNP IN CD TO , IN DT NNS IN DT NNP NN , `` VB RB RB IN JJ DT NN IN DT NN , RB IN DT NN NNS , IN JJ NN NN . '' '' IN DT NNS IN NNP NNP VBD IN DT NNP NNP NNP CD , NNP NNP NNP VBD NNS IN DT NN VBD VBG DT NN NN NN NN , CC VBD VBN VBN TO VB RP DT NN . NNP NNP POS NN RBR VBD IN DT NN VBD VBN RB VBG IN DT NN IN VBG RP PDT DT NN . NNP NNP PRP VBZ DT NN IN VBG NN IN NNS : IN DT NN IN NN : VBG IN CD : `` JJ JJ NN VBZ IN NN , VBZ VBN IN JJ NN IN JJ NNS , VBZ RB VB JJ CC VBZ : NNP . JJ JJ NNS . '' PRP RB VBD DT JJ NN IN DT JJ NN . RB , VBN DT NN IN WP VBZ DT JJ JJ HYPH NN NN IN NNS IN NNS , NNP NNP VBD JJ NN IN NNS `` VBP TO VB PRP$ NNS '' VBG IN `` NNS VBP RB JJ . ''"
1022,1061,mainstream,"DT NN NN VBZ VBN NNS IN DT NN NN NN WDT MD VB NNS TO VB NN NNS CC JJ NNS IN DT NN IN DT NN . DT NN IN DT `` NNP '' VBD VBN IN NNP POS NNP NNP , CC VBZ DT NN , NN NN CC DT NN IN NN NN . IN DT NN IN NNP NNP NNP , DT NN IN DT NN VBD PRP VBP PRP MD VB NNS RB IN NNS CC IN NNS IN DT NN IN JJ NN . `` NNP VBZ DT NN IN VBG NNS RB NN , '' VBD NNP NNP , NN IN NNS IN NNP NNP . `` PRP VBZ DT JJ NN WDT NN IN VBZ PRP$ NN CC PRP$ NN IN NNS IN VBG JJ IN JJ NNS CC NNS IN DT JJ NN . '' IN VBG DT JJ NN , NN HYPH RP NNS MD RB VB VBN IN DT NN TO VB NN CC NN IN VBG PRP . NNP VBD IN NNS MD RB VB DT NN IN NNS , IN NN JJ IN VBG PRP IN DT NN . `` PRP VBD PRP RB VBP TO VB DT NN IN NNS VBP RB VBG RP . NNS VBP RB VBG TO VB CC RB VBG JJ NN NNS . IN PRP$ NN , PRP VBP VBG TO VB NN JJ IN NN IN PRP$ NN VBZ IN PRP$ JJ NN RB IN VBG PRP , '' NNP VBD . DT NN VBZ RB VBG IN PRP$ JJ NN IN DT JJ NN . DT NN VBZ IN DT NN IN NNP VBD NNP POS JJ `` RB VBN '' NN JJ NN , IN VBG JJ NN . DT NN IN NNP NNP NN NNP NNP VBD RB VBN DT NN IN DT NN CC NN NN IN NN NNP NNP VBD DT JJ NN NNS VBN IN DT NN , NNP , VBD RB JJ IN NN NNS . PRP RB VBD RB JJ NN -LRB- NNP CD -RRB- IN NNP VBD DT NN IN CD NNS IN NN TO VB IN DT NN POS NN . NN NNS IN DT NNP VBP RB VBN IN JJ NNS MD RB VB IN NN CD , IN DT NN VBG IN JJS JJ NN HYPH NNS MD RB VB IN DT NN VBZ VBN IN VBG NNS RB . IN DT NNP , NNS VBP VBN IN PRP$ NNS CC NNS IN JJ NNS VBD TO VB VBN IN DT NNP RB IN DT NN IN NN NN NNS . JJ NNS JJ IN NNP VBP RB VBN VBG NN HYPH IN NNS : IN NNS VBG NNS IN DT NN IN PRP$ JJ NNS ."
1023,487,mainstream,"NNS VBP JJ IN NNS IN NNS IN PRP$ NN -LRB- CD NN -RRB- , CC RB , PRP MD VB RB VBN IN NN NNS CC MD RB VB IN NNS TO VB JJ JJ NNS . NNS MD VB DT NN IN VBN NNS IN DT JJ NN VBG NNS -LRB- NNS -RRB- . CD , CD IN JJ NN IN NN , NN NNS VBP VBN TO VB JJ NN NNS , JJ IN NNS VBG RB IN DT NN NN -LRB- NN -RRB- NN WDT MD VB DT NN IN NN , CC IN VBG NN NN NN CC VBG NN . CD , CD TO VB NN NN , JJ NNS IN NNS VBP VBN VBN IN DT NN IN NN NN NNS JJ IN JJ NNS , NN NN NNS -LRB- NNS -RRB- , NNS , NNS , NNS , NNS , JJ NN NNS -LRB- NN -RRB- , CC JJ NNS , WDT VBP VBN RB IN `` JJ '' CC `` JJ '' NN NNS . NNS VBP JJ NNS WDT MD VB VBN IN JJ JJ NNS JJ IN DT NNP NNP CC NNP CD NN NN VBZ DT NN NN WDT VBZ DT NN TO VB IN JJ JJ NNS . RB , JJ NNS VBP CD NN IN NN CC VBP CC DT JJ CC JJ NN . CD RB , DT NN MD NN VB IN PRP$ JJ NN CC WRB VBN IN DT NN NN , PRP MD VB DT NNS IN PRP$ NN IN NN CC VB DT JJ NN . CD , CD DT NNS IN NN NNS VBP JJ NN , JJ NN NN , JJ NN , CC DT JJ NN NN WDT VBZ PRP DT RB VBN IN JJ -LRB- NN -RRB- NN CD RB , PRP MD VB VBN IN DT JJ NN , WRB PRP MD VB DT NNS IN NN IN NN NN JJ IN VBG NN NNS IN DT JJ NN . CD IN NN NN , DT JJ NNS VBP RB VBN IN NN NNS IN JJ NN . RB , IN PRP TO VB RB , DT NN NNS VBP TO VB IN JJ NN CC NN TO RB VB NN NN . CD RB IN DT , DT NNS IN VBG JJ NN NNS , CC NN IN JJ JJ JJ NNS , VBP JJ NNS . RB , NN NN CC NN NN IN JJ NNS VBD VBN IN JJR NNS . CD , CD NNP NN NNS VBP VBN VBN IN DT NN IN DT JJ NN NN , WRB DT NN NN NN IN NN NN NN -LRB- NN -RRB- VBD VBN IN CD NNS IN VBN NN NN -LRB- NNP -RRB- . NNP VBZ DT NN IN NN NN , DT NN NN IN DT NN NN , WDT VBZ RB VBN IN DT JJ NN NN NN NNS , RB VBG PRP CD IN DT JJ NNS IN JJ NN NN NN . DT NNS VBD IN NNP VBD RB VBN IN DT NN NN CC DT JJ NN -LRB- NNP -RRB- VBD JJ NN IN NNS . VBN NN VBD VBN TO VB NNP NN -LRB- NN IN CD IN NN CD NN NN -RRB- , RB RB IN JJ JJ NN NNS . WRB VBN NNS VBD RB VBN IN NN , NN , CD -LRB- NN -RRB- NN NN , NN NNS VBD RB JJR NNS IN DT NN NNS VBN IN DT NN NN , IN NN IN DT CD NN NN NN . CD IN DT JJ NN , DT NN NN IN CD JJ NNS VBG IN DT NN NN NN NNP -LRB- NN , DT NN -RRB- NN VBD VBN IN NN NN NN NN NNS CC RB VBN IN DT NN NN . JJ NN IN NNS IN DT JJ NN VBG NNP VBD VBN TO VB JJ NN NN IN DT NN IN DT JJ NN . RB , DT NNS IN NN NNS VBD RB JJ , VBG IN DT VBN NN VBD JJ IN NN CC DT NNS IN NN NN MD VB VBN TO VB NN . CD NN CC NN VBN NNS IN NN NNS MD RB VB RB VBN IN NN NN IN IN PRP$ NN IN VBG IN NN NNS . IN DT JJ NN , NNS WDT VBD RB VBN IN VBN NNS VBN IN NN NNS -LRB- NNP SYM CD -RRB- VBD RB VBN RB IN VBG VBN IN DT JJ NN IN DT NN -LRB- $ CD NNS NN -RRB- . RB JJ VBD DT NN IN IN DT NN IN NN NNS , DT VBN NNS RB VBD JJ TO VB RB CD NN JJ NN IN DT NNS , VBG IN DT NNS PRP VBP JJ IN NN . CD DT NN IN NN RB VBD VBN CC VBZ VBN VBN IN DT NN IN JJ NN NNS IN NNS IN NN IN DT VBN NNS . NN JJ NNS -LRB- NNS -RRB- VBP NN VBG CC VBG NNS WDT VBP JJ IN JJ JJ NN . CD NNS MD VB VBN IN JJ NN NNS , WDT VBP NN , NN , NN , CC NN NN NNS . PRP MD VB VBN IN CC NN NNS CC NNS IN NN NN IN IN PRP$ JJ NNS JJ IN VBG JJ NN IN JJ NN , JJ NN NN , CC NN TO VB JJ CC JJ JJ NNS . CD DT JJ NN IN NN HYPH VBN NNS VBZ IN DT NN NN IN DT NN MD VB NNS IN DT JJ NN IN DT JJ NN TO VB DT JJ JJ NN . CD PRP VBP VBN RB VBN TO VB NNP NN CC VB JJ NN NNS VBG NN IN NN NN NNS CD , CD EX VBP JJ VBN JJ JJ NN HYPH VBN NNS JJ IN NNP , NN , CC NNP NNP IN JJ NN -LRB- NN -RRB- CC DT JJ NN NNP NN NN IN NN NN NN -LRB- NN -RRB- . NNP JJ NNS VBP RB VBN IN DT JJ NN IN DT NN IN DT JJ NN NN . CD TO VB DT JJ NN HYPH VBN NN , DT RBS JJ NN NN VBZ TO VB VBN CC NNS VBP TO VB VBN IN VBG DT NNS . TO VB DT , DT JJ NN VBN NN VBZ TO VB VBN IN NN IN PRP$ NNS CC JJ NN NNS IN NN IN JJ . NN IN NN JJ NNS VBP VBN RB VBN IN DT NN IN NN NNS , IN JJ NNS IN VBG NN IN DT NN . DT NN NN HYPH VBN NN NN VBG IN NN NN , NN , CC NN NN -LRB- NN -RRB- -LRB- NNP NN , NNP -RRB- VBD VBN TO RB VB JJ JJ CC JJ NN NNS IN NNS WRB VBN CC IN DT JJ -LRB- NN -RRB- CC JJ NN NNS . RB , RB CD NN IN NN NNS VBD VBN TO VB DT CD NN NN NN IN DT JJ NN IN NN NN CD DT NN VBD IN NN NN NNS VBG NN , NN , CC NNP NNS VBD JJ NN NNS IN JJR NN CC NN IN DT JJ VBN NNS IN NNS CC NNS . CD NN NN VBZ DT NNP HYPH VBN NN NN WDT VBZ VBN RB VBN TO VB DT NN NN IN CD NNP NNS IN JJ , NN , CC JJ NN NN NNS . PRP VBD VBN TO VB VBN NNS IN DT JJ NN IN JJ NN NN NNS -LRB- NN CC NN -RRB- CD , CD RB , NN NN VBD JJ TO VB DT NN IN JJ NNS CC VB NN WRB VBN IN NNS . CD NNP VBZ DT NN NN HYPH VBN NN NN VBG IN DT NN NN NN NN -LRB- NNP -RRB- NNS VBN IN CD VBN NNS IN NNP CC NN NN . NN IN NNP VBD IN DT NN IN JJ CC JJ NNS , WDT VBD IN CD NN NN IN DT JJ NN NN IN NN IN NNS . IN NN , NN NN IN VBN NNS RB VBD NN IN JJ NN IN JJ NNS . CD DT JJ NN WDT RB RB VBD NNP NNS IN NNS IN CD NNP NN CC NN -LRB- NN -RRB- NNS VBD VBN TO VB JJ JJ CC NN JJ NN IN NNS . CD DT JJ NN NN WDT VBZ JJ NNS IN JJ NN NNS MD VB IN JJ NN . NNS VBN IN DT NN IN NN NNS VBG CD JJ NN NNS IN NN NN NNS -LRB- NN , NN , NN , CC NN -RRB- VBD VBN IN JJ NNS IN JJ NNS CC RB JJ JJ JJ NNS WDT VBD RB VBN IN DT NN . CD DT JJ NNP NN NNS VBP VBN VBN IN NNS IN JJ NNS . IN NN , NNP NNS IN NN NN , NNP CD -LRB- NN -RRB- VBD VBN IN NNS CC VBD JJ NN CC NN NNS , WRB CD NN IN NNS WP VBD DT JJ NN IN NN VBN SYM CD NN NN -LRB- NN -RRB- NN . CD IN DT JJ NNP NN NN -LRB- NN -RRB- NN , DT NN IN NNP NN NN VBD VBN TO VB JJ NNS . IN DT NN PRP JJ NN , CD NN IN NNS VBG JJ NN NN NN VBN NN NNS VBN IN CD NN IN DT NN WP VBD DT JJR NN IN JJ NN . CD NNP , WDT VBZ DT JJ NNP NN IN NN NN NN , VBD VBN IN JJR NNS -LRB- CD NNS JJ -RRB- IN NN CD JJ NN CC VBD TO VB JJ NN NNS . CD , CD RB , DT NNP NNP NN NN VBG IN NN , NN , CC CD NN NN NNS VBZ VBG VBN IN JJ NNS IN NN CD JJ NN CD RB , NNS MD VB VBN IN JJ NN TO VB JJ NN , JJ IN JJ NNS TO RB VB NN . NNP NNP NNP VBD DT NN IN VBG DT VBN NN NN NN IN NN NNS VBN IN NN CC NN NNS . PRP VBD IN DT JJ NNS VBD JJR NN CC NN NNS CC NN NNS WRB VBN IN NN NNS IN DT NN NN . DT NN NNS RB RB VBD JJ NN IN DT JJ NN NN NN , CC PRP RB VBD JJ NN IN VBG DT CD NN NN NN WRB VBN IN DT JJ NN IN JJ NN NN . CD NNS IN DT JJ NN VBD IN DT NN NN NN NN -LRB- NN -RRB- VBD RB JJ IN DT NN IN JJ NN -LRB- CD NNS JJ -RRB- . CD DT NN NN , NNP SYM NNP -LRB- NNP -RRB- , WDT VBZ IN NN NN NN NN CD NN VBN IN NNP NN VBD VBN IN JJ , JJ NNS CC VBN TO VB JJ CC JJ IN JJ NNS -LRB- CD NNS -RRB- CD RB , IN JJR NNS -LRB- CD CC CD NN -RRB- , DT NN VBD VBN IN JJ NNS IN IN VBN NNS IN NN NN . NN NNS VBP RB JJ , CC EX VBZ DT JJ NN IN PRP IN NNS , RB , PRP VBP JJR IN JJ NN NNP FW NNP VBD IN NN NNS MD VB VBN RP IN NNS RB RB IN DT NN NN . CD NN NN NNS VBP NN NN NNS TO VB NNS CC NNS IN DT NN IN DT NN . DT NN NN VBZ RB JJ IN DT NNS IN NN . IN NN , NN NN NN NNS NN CC CD MD VB RB CD NNS IN NN CC NN IN CD SYM CD NN NNS . NNP CD NN IN NN NN VBZ JJR NN NN IN IN IN CD NNS IN PRP$ JJ NN , RB , RB NNS CC JJ NNS MD VB VBN . DT NN CD NN IN NN NN IN JJ NN NN VBZ JJR NNS , RBR RB . CD : CD JJ NNS VBP VBN VBN IN NN NN IN NN NN NN . DT JJ NN VBD NN VBN NN -LRB- NNP -RRB- IN NN NN IN JJ NN CC VBN NNS VBD JJ TO VB NN NNS CC NN SYM NNP VBZ JJ IN NNP . DT NN NN VBD NNS IN CC NN CC NNP NN NNS WDT VBD VBN IN JJ NN . CD CD JJ NNS , WDT VBD NNP NN IN NN CC CD NNS , VBD IN DT NN NN VBD JJ NN NNS IN CD JJ -LRB- NNP -RRB- NNS , WRB DT JJ NN NN VBD VBN IN JJ NN IN NN CC NN NN . CD , CD NN IN NNP NN IN DT NN NN NNS VBZ JJ IN VBG DT JJ NN , IN NNP NNS WDT VBD RB VBN IN NN NNS VBD RB VB NN IN NN . CD DT NN , WDT RB VBD NNP IN NN NN NN NN NNS , VBD DT JJ NN IN JJ NN CC NN NNS IN NNS CC RB VBD DT NNS IN DT JJ NN IN DT NN NN CD DT NN IN NN NNS WDT VBP VBN VBN IN JJ JJ NN VBZ DT NN HYPH NNP NN IN NN , NNP -LRB- NN -RRB- WDT VBZ DT NN IN NNP NN NNP . PRP VBD VBN TO VB JJR NN NN VBN IN DT JJ NN WDT VBD VBN IN NN , CC JJ NN CC NN NN IN JJ NNS . CD RB , DT JJ NN IN DT NN IN DT NNS IN DT NN VBZ DT NN IN VBG NN NNS IN VBN NNS , RB VBG PRP$ JJ NN IN NN NN CC NN , CD NNS VBP JJ NNS WDT VBP PRP JJ TO VB VBN IN NN NN , VBG VBG JJ NNS CC DT JJ NN NN , RB RB IN VBG JJ CC JJ . PRP VBP JJ NNS IN RB VBN NN NNS . CD , CD NNS RB NN IN NN CC PRP$ NNS CC MD VB IN NN NNS , VBN PRP$ NN TO VB DT NN NN CC VB NN JJ JJ NNS . CD NNP NNPS VBP VBN RB VBN IN NN NN NNS CC VBN TO VB JJ NN CC JJ NN NN . PRP VBD VBN IN DT NN NN VBN NN NN VBN JJ NN IN DT NN NN CC JJ NN NNS VBP VBN VBN IN NN NN RB . CD NNP VBZ VBN IN DT NNP NNP IN NN IN NNS CC NN , CC RB PRP VBP DT JJ NNS JJ IN JJ NN CC JJ NN NN WDT VBP TO VB VBN IN VBG VBN IN NN NN NN NN . CD RB , NN NN NN NN CC NN MD VB VBN IN NN IN NN IN NN NN NN . WRB DT NNS VBD VBN TO VB JJ VBN NN NN CC VBN IN NNS , JJ NN NNS VBD VBN IN VBN NNS CC NNS CD"
1024,122,mainstream,"IN DT NN VBN IN NNP , NNP VBD IN DT NN IN NNS IN NNP CC NNP , VBN IN DT JJ CD NNS IN CD , VBD JJ IN IN JJ VBN NNS IN JJ NN , JJ NNS CC DT JJ NN IN VBG NNS JJ IN IN NN CC NN . NNP HYPH CD MD `` RB RB VB DT NN , '' IN NNS JJ TO VB RP IN NN NNS IN NN IN VBG PRP CC PRP$ NNS IN DT JJ NN , CC NN NNS VBG JJ JJ NN , DT NN VBD . IN NN , NNP VBZ VBG DT NNP IN DT NNP NNP IN DT NNP TO VB NN HYPH RP NNS CC VB NN NNS TO VB DT NNS IN NN HYPH VBG NNS . PRP RB VBD IN JJ NNS TO VB RP PRP$ JJ NNS IN DT NN . `` IN DT JJ NN IN NN NN VBZ , PRP MD VB DT NNS VBN IN DT JJ CD NNS IN VBG JJ NN HYPH JJ NNS JJ IN NNS '' , VBD NNP NNP , NNP POS NN IN DT NNP NNP IN DT NNP . `` DT JJR DT NN IN JJ CC RB HYPH VBN NNS , DT JJR DT NN IN NN NNS : CC DT MD RB VB DT RB VBN NN NN '' , NNP NNP VBD . DT NN VBZ RB JJ IN DT NNP NNP IN DT NNP . IN CD NNP , NNP VBD IN NNS POS NNS VBP IN NN IN NNP HYPH CD NNS VBP DT NN IN NNS WDT VBP RB IN JJ NN . IN DT JJ CD NNS IN DT NN IN DT NNP NNP IN DT NNP , NN IN NNS IN JJ NN NNS : VBG NN NN , NN , NN , NN NN CC NN , VBD RP IN CD IN CD NN NN , NNP VBD IN NNP . NN NN NN VBD IN CD NN NN IN DT VBN NN NN -LRB- NN -RRB- CC CD NN NN IN DT JJ NN IN NN CD NN . NN IN JJ NNS IN NN , NN , JJ NN CC NN VBD IN RB CD CC CD NN NN . VBG NNS IN NNS , NNP VBD IN CD NNS IN DT NNP NNP IN DT NNP VBP RB VBN DT JJ NN NN CC CD VBD RB VB DT NN IN DT NN HYPH NN HYPH NN NN HYPH NN NN HYPH NN NN . DT CD NNS VBP RB VBN VBN IN JJ NN CC CD VBP RB VBN VBN IN NNS . -LRB- DT NNP NNP IN DT NNP VBD DT NN POS JJS NN NN IN CD , IN DT NN VBN . -RRB- IN DT NN WRB RB CD NN NN IN NNS VBP RB VBN IN PRP$ JJ NN , DT NNS VBP JJ , NNP VBD , VBG IN DT NNP NNP IN DT NNP VBZ VBG PRP$ NN HYPH JJ NN CC IN NNS CC JJ NN MD VB IN NN NNS . PDT DT NN MD VB DT JJ NN IN JJ NNS IN NNS VBN IN NN CC NN , CC WP VBP IN JJ NNS IN DT NN , PRP VBD ."
1025,1004,mainstream,"NNS IN DT NNP NNP NNPS IN DT NNP NNP NNP VBP IN DT NN IN NNP , NNP , NNP , NNP CD , CD . IN DT CD HYPH NN NN NN IN WDT PRP MD VB JJ TO VB IN NNP IN DT JJ NN IN DT NN , PRP MD RB VB RB IN DT NNP NNP RB IN NNP CC VB JJS IN PRP$ NNS IN DT NN RB DT VBN NN IN DT NN IN NNP CD . -LRB- NNP NNP , NNP NN IN NNP -RRB- NNS IN DT NNP NNP NNPS IN DT NNP NNP NNP VBP IN DT NN IN NNP , NNP , NNP , NNP CD , CD . IN DT CD HYPH NN NN NN IN WDT PRP MD VB JJ TO VB IN NNP IN DT JJ NN IN DT NN , PRP MD RB VB RB IN DT NNP NNP RB IN NNP CC VB JJS IN PRP$ NNS IN DT NN RB DT VBN NN IN DT NN IN NNP CD . -LRB- NNP NNP , NNP NN IN NNP -RRB- NNP , NNP -LRB- NNP -RRB- : DT NNP NNP NNP POS VBN NN IN NN IN NNP CD IN DT CD HYPH NN NN IN DT NN NN VBZ VBG VBN IN IN JJS CD NN WP VBZ TO VB DT JJ NN NN . PRP VBZ VBN DT JJ NNS IN DT JJ NN , IN NNP NNS NNP NNP NNP IN NNP VBG NNP NNP NNP NNP POS NN IN DT NNP TO VB DT `` DT NN , DT NN '' NN IN NNS VBP DT NN TO VB NN . NNP NNP NNPS NN NNP NNP VBZ VBN TO VB DT JJ NN NN CC VBD PRP MD VB `` NN '' IN PRP VBD VBN TO . RB , NNP NNP NNS NNP NNP , NNP NNP CC NNP NNP VBD VBN IN JJ NN TO VB VBN RP DT NN IN DT NNP POS NN NN WDT VBD NNS MD VB PRP VBP IN DT JJ NN IN VBG NN IN PRP VBP IN DT NN . JJ NNS VBP VBN DT NNP IN NNS VBG NN IN NN IN NNP HYPH CD : IN WDT EX VBZ DT NN RB : MD VB IN JJ NNS CC MD VB RB IN DT NN . RBR NNP , IN DT JJ NN , DT NNP NNP NNP NNP VBD DT NN NN NN TO VB NNP NNS TO VB IN PRP VBP TO VB VBN . `` DT NN VBZ VBN VBN RP . PRP VBD TO VB PRP VBP IN RB VBG PRP -LRB- NN -RRB- WDT MD VB PRP RB IN NN : UH PRP VBP RB VB DT , '' DT NN VBD . `` RB PRP VBP VBN DT TO VB IN PRP VBP VBN VBN IN PRP$ JJ NN IN PRP VBP IN NN . PRP MD VB VBN IN DT IN DT JJ NN TO VB JJ . RB IN DT NN VBZ RB VB DT NN PRP MD RB VB JJ TO VB . '' NNP VBD RB VBN DT NN IN DT NN VBG NNS VBP VBG IN JJR NN IN VBG NN IN DT NN . `` PRP MD RB VB VBN IN VBG NNS WDT MD VB PRP$ NN CC DT NN IN PRP$ NN , '' PRP VBD IN JJ NN . `` VBG PRP DT NN IN VB DT NN CC VB VBN RP VBZ NN CC VBG JJ JJ NN VBZ JJ . '' NNP VBD DT NNP VBD PRP JJ IN DT JJ NN IN NN NNS VBD TO VB VBN IN NN IN NN IN DT NN TO VB DT NN , IN IN DT NNS VBN IN NNS . `` DT NNS VBD JJ CC DT NNS VBD VBN IN DT NNP IN DT NN VBD VBN TO VB PRP TO VB RB , '' NNP VBD . `` PRP VBD NN , RB , IN DT NNS TO VB IN NNP NNP , CC PRP VBD DT VBN IN DT NN NN . CC DT NN NN VBD VBN IN DT NNS VBN IN DT NNP . RB PRP VBP PRP VBZ RB JJ HYPH NN . '' DT NNP NNP NNPS NNS CC NN VBD IN NNP , RB IN NNP IN NNP NNP NNP NN , JJ NN IN VBG VBN NN NN TO VB NNP IN DT JJ NN IN JJ NNS . PRP MD VB IN NN IN CD NNS IN WDT PRP MD VB JJ TO VB IN DT JJ NN , CC PRP MD RB VB IN PRP$ NNS IN DT NNP NN VBZ IN NNP . CD NNP NNS VBD VBN IN DT NN VBD VBN IN NNP CD WRB NNP VBD VBG IN NN . DT NNP VBZ DT CD HYPH NN NN IN DT VBN NN IN DT JJ NN TO VB VBN IN NNP CD . DT NN NNS VBP RB VBN VBN , IN JJS VBP VBN TO VB IN NNP NNP NNP NN . JJ NN CC NN NNP NNP VBZ PRP MD VB WRB DT NN NN VBZ VBN PDT DT NN IN DT NNP NN , VBG DT NN NN VBD VBN IN NNS DT NN IN DT CD NNS . NNP VBD PRP VBD NN IN NNS TO VB DT NN NN IN PRP$ JJ NN CC VBD EX VBD NNS IN JJ NNS CC PRP MD VB NN IN DT NNS . `` DT JJ JJ NN VBZ VB NN , PRP VBZ VB NN , RB IN JJ NNS WDT MD VB NN JJ IN DT NN WDT VBZ RB VB TO VB PRP$ NNS , CC DT VBZ DT RB JJR NN , '' NNP VBD IN DT NNP NNP IN NNPS NN . VB NN NN NN IN DT NN NN IN NNP CC ADD"
1026,606,mainstream,"JJ NNS NNP VBZ VBG IN DT NNS IN DT NN POS JJ NN TO VB IN DT JJ NN VBN IN NNP MD VB VBN TO VB NN HYPH CD , VBG IN DT NN VBN IN NNP NNP . DT NN IN NNP , WDT VBD NN IN NNP NNP IN NN IN NNP CD , VBZ DT NN IN DT NN POS NNP NNP CC NNP NNP NNP -LRB- NNP -RRB- , VBG IN DT NN VBN IN DT JJ JJ NN . `` JJ NNS VBP NN MD VB JJ NN IN DT NN IN NN HYPH CD , '' VBD NNP NNP , JJ JJ NN IN JJ NNS IN NNP , IN DT NNP CD NN IN NNP IN NNP NNPS NNP JJ NNP NNP NNP . `` IN DT NN NN VBZ RB VBG VBN IN NNP IN DT NN IN NN NNS . NNP MD VB VBG DT NNS IN DT NNS . '' `` JJ NNPS MD VB JJ IN DT NN '' NNP VBD NNP NNPS MD VB VBN IN NN VBZ VBN TO VB JJ IN NNP HYPH CD . `` JJ NNPS MD VB JJ IN DT NN WRB PRP VBZ IN NNS CC NNS , '' NNP VBD IN DT NN IN NNP NNP . `` WRB PRP VBZ IN NNS CC NNS , PRP VBP CD IN DT RBS JJ NNS . '' NNP VBD NNP NNP POS NNS IN NNP NNP . NNP NNP VBD PRP MD RB VB IN DT NNS IN DT NN IN JJ NN . NNP HYPH VBN NN NN NNP NNP VBZ VBG DT NNS IN NN , WDT VBZ RB IN PRP$ JJ NN , VBG CD NNS IN CD JJ HYPH NN NN NNS IN NNP . DT NNS VBP VBN RB CD NN HYPH CD HYPH JJ NNS . NNP NNP NN NNP NNP VBD IN DT NN NN IN DT NNS VBP TO VB IN NN MD VB JJ RB RB IN DT NN , CC RB IN DT NN TO VB NN HYPH CD NN . MD VB VBN IN NN NNP VBD DT JJ NN MD VB VBN IN NN NN , VBG PRP VBZ RB VB TO VB VBN IN DT NN CC MD VB VBN RB CC RB TO VB DT NN HYPH CD NNS . `` DT NNS IN DT NN , IN IN NN PRP VBP JJ CC VBP DT NN TO RB VB JJ NNS IN NN HYPH CD NNS , MD RB VB NNS IN JJ NNS CC JJ NNS WRB NNS IN NNS MD VB , '' DT NN VBD . `` VBG JJ TO VB NNS VBZ NNS RB , CC DT NN VBZ DT JJ NN IN VBG JJ JJ NN IN DT NN . '' NNP VBD PRP$ NN `` MD VB TO VB '' IN NNP IN NNP VBD NN IN NN HYPH CD NN IN NNP . NNP VBZ NNP VBZ VBN JJ TO VB NNS IN NNP NNPS IN JJ NNS TO VB NNS VB IN NNP HYPH CD IN DT JJ NN NNS CC VBG JJ NNS IN JJ JJ NN . `` DT NNS PRP VBP IN NNP NNP NN VBZ IN PRP VBP PRP VBP VBG DT JJ NN DT VBG NN WRB PRP VBZ IN PRP$ NN IN NNP HYPH CD , '' VBD NNP . PRP VBD RB DT NN IN DT JJ NN TO VB IN NNP POS NNP CD NN , VBN IN CD NNS , VBG NNP VB NN IN NN IN DT JJ NN IN NNS IN JJ NNS NN . `` PRP RB RB VBP PRP$ NNS IN NNP VBP JJ NN TO VB , VB , VB CC VB DT JJ NNS CC JJ NNS IN NNP NNPS IN NN TO VB IN DT NNP HYPH NN HYPH CD NN CC IN DT VBG CC JJ NNS IN NN HYPH CD NN IN NNP NNPS , '' NNP VBD IN PRP$ NN , WDT VBD CD NNS WDT VBD DT NN . NNP , WDT VBZ RB VBN IN PRP$ NN NN NNP , VBD VBN IN DT JJ NN IN DT NNS WDT VBD VBN IN NNP NNP NNP , VBG IN DT NNP NNP . NNP VBD NN IN NNP IN DT NNS , DT NN VBD . DT NN VBD VBN IN NNP IN CD IN NN NN CC TO VB IN DT NN IN DT NN NN NN , VBG IN NNP , WDT VBZ DT JJ HYPH NN NN IN DT JJ NN . DT NN VBZ VBN IN NN NNS JJ IN NN . PRP VBZ DT NN POS NN TO VB DT NN IN JJ NN NNS WDT VBP DT NN , VBD NNP . DT NN VBZ DT JJ NN WDT VBZ JJ NN NNS WDT VBZ IN DT NN IN NN , PRP VBD . PRP MD VB JJ IN JJ NNS IN PRP MD VB NNS IN DT NN . `` IN EX VBZ JJ NN WDT VBZ PRP RBS VBN IN DT NN , DT NN MD VB VBN IN JJ NNS , '' NNP VBD . `` PRP VBZ JJ IN DT NN TO VB DT JJ JJ NN CC VB NNS IN NN TO VB DT NN IN PRP . '' NNP RB VBD PRP VBD VBN DT VBN NN IN NN TO VB NN HYPH CD IN PRP$ NNS VBD PRP MD VB DT NN IN NN IN CD IN CD NNS . DT NN VBZ RB VBG VBN IN NNP IN NNP HYPH CD NN IN VBN NNS , CC NNP VBZ RB VBG VBG DT NN IN NN NN HYPH CD NN , VBG IN NNS IN JJ NN . NNP VBD DT JJ NN VBZ VBN IN JJ HYPH NN NN NNS IN PRP VBP DT `` JJ NN '' CC VBP IN DT JJS NN IN NN HYPH CD NNS IN DT NN . `` EX VBZ RB DT NN RB TO VB DT NN CC VB DT NNS RB RB IN JJ , '' NNP VBD . `` IN NNS IN JJS DT NN RB , DT JJ CC JJ HYPH VBN NN -LRB- MD RB VB -RRB- JJ TO VB IN NNS DT NN `` JJR '' NNS MD . ''"
1027,497,conspiracy,"IN NN IN DT NNP IN NNP , NNS IN NNP POS NNP NNP NNP VBP VBN DT JJ NN NN IN NNS WDT PRP VBP VBZ JJ NN IN DT NN IN NN . `` WRB VBG NNS , NNS RB VBP DT JJ NNS IN DT NNP NNP IN NNP NNPS , VBG DT NNS IN DT NN CC DT NN NN IN DT NN . DT NN VBZ VBN IN DT NN IN DT RBS JJ NN IN NN WDT VBZ IN NN NN NNS VBZ JJ NN : NN IN DT NN . JJ NNS VBN IN DT NNP IN NNP NNP CC NNP IN NNP NNP , NNP , NNP , DT NNP POS NNP IN NNP NNP IN DT NNP IN NNP NNP IN NNP NNP , CC DT NN IN NNS VBP IN VBG NNS IN DT NN IN DT NN POS NN VBZ TO VB RB JJ IN NNS IN JJ NNS . DT NNS VBP NN NN MD VB JJ NN IN DT NN VBG IN DT NN RB JJR , RBR JJ CC RBR JJ IN DT NN , WDT MD VB JJR NNS TO VB DT NN IN PRP$ NN WRB PRP VBZ . `` CD SYM CD HYPH NN HYPH JJ NN VBZ NN NN DT NN CC NNS IN NNS NFP VBN NN NN IN NN TO VB NN IN CD NNS IN NNP PRP VBP IN PRP DT JJR NN VBZ , IN PRP VBP EX VBZ DT RB JJ NN DT NN VBZ VBG TO VB NN , CC RB RB DT NN IN PRP VBP PRP VBP NN IN DT , WRB MD PRP VB PRP$ NNS DT NN IN DT . DT NN VBZ TO VB DT JJ CC VBN NN IN NNS CC IN CC RB TO VB PRP IN PRP$ NNS -LRB- CC CC NNS RB , IN DT NN -RRB- . DT NNS VBP JJ . JJ NN . NN CD : NN TO VB RB VBN , IN NNS IN JJ NN"
1028,283,mainstream,"DT NNP NN VBN TO VB IN NNS , NNS CC NN MD VB IN NN , NNS VBP . NNS IN DT NNP IN NNP VBP DT NNP NN , WDT VBZ RB VBN IN DT NNS IN CD HYPH NNS HYPH JJ , MD VB DT NN WRB NNS VBP RB RB RB VBN IN NNP HYPH CD . NFP VB PRP$ NN JJ NN IN DT JJS NN CC NNS PRP VBP VBN IN DT JJ NNS IN NNS , NNS CC NN NNS VBP DT JJ NN IN JJ NNS IN DT NN VBG NNP HYPH CD , VBN IN NNP HYPH NNP HYPH CD . PRP$ NN VBZ IN NNS VBP VBG TO VB IN DT NNP NN , VBN IN JJ NNPS TO VB NN , MD RB VB IN NN . DT NNP NNS VBD PRP$ NN IN DT NNP NN IN VBG DT NN IN NN NNS . PRP VBD IN DT `` NN NN '' IN NNP HYPH NN HYPH CD VBZ CD NN NN JJ IN DT NNS `` NN NN '' . PRP VBZ RB VBN IN DT VBZ JJ RB TO VB DT JJ JJ JJ NN , CC DT VBZ JJ TO VB DT NN IN JJ NN . VBG IN DT NN , WDT VBZ RB RB VBN NN HYPH VBN , DT NNS VBD : `` PRP VBP IN NNP MD VB IN JJ NN IN NNP HYPH CD NN . `` PRP RB VBP IN NN IN IN HYPH NN NN NNS IN DT NN NN VBZ JJR NN IN DT NN HYPH JJ CC JJ NN . '' DT NNS VBD IN JJ NNS IN JJ JJ NNS VBP VBN TO VB IN DT NNP NN MD VB DT NN IN NNP HYPH CD . DT NNP VBZ DT JJ CC JJ VBN NN WDT VBZ RB VBN TO VB IN CD JJ NNS : NNS , NNS CC NN : IN DT JJ NN . DT JJ NN IN NN NN VBZ CD NNS , CC VBZ VBN IN CD NN IN NN , CC IN RB CD NNS CD NNS . RB , CD NN NN IN CD HYPH NN HYPH NNS VBP VBN DT JJ NN , DT NNP NNP NNP -LRB- NNP -RRB- NN , CC RB CD NN NN VBP VBN DT JJ . RBR DT NN , NNS VBD IN DT NN IN NN VBZ VBN DT NNP IN NN IN DT NN NN IN DT NN NN . NNP VBZ VBN IN CD CD NNS IN CD NNS MD RB VB VBN IN NNP HYPH CD VBZ JJ NN CC NNS NN IN NN NNS . IN NN IN DT , JJ JJ NNS VBN IN DT JJ NNS CC JJ NNS VBD RP IN DT NNP NN WRB PRP VBD NNS . DT VBZ IN IN CD NNP NN NNP NNP VBD NNS IN DT NN IN VBG EX VBD DT NN IN DT NN NN CC NN . PRP$ NNS , VBN IN JJ NN DT NNP , VBP VBN TO VB VBN IN JJ NNS IN NNS VBG PRP$ NNS DT NN . DT NNP VBD DT NN IN CD IN NNP POS NN VBD VBN TO VB VBN `` JJ '' IN DT NNP NNP NNP . PRP VBD RB VBN RP IN DT NN VBD VBN JJ IN DT NNP NNP NNP IN CD . DT JJ CD NN NNS VBP RB VBG VBN TO VB IN PRP MD VB IN DT JJ NN NN . CD NN VBG VBN VBZ DT NNP NNP HYPH NNP -LRB- NNP -RRB- NN , WDT VBD VBN DT NN RB TO VB NN IN NNP : DT JJ NN NN . NNS VBP DT NN MD VB NNS IN NN NNP HYPH CD CC VBP VBN TO VB RP NNS IN CD NNS . IN NN IN DT CD NN NN , DT CD NN NNS IN NNS IN NNP MD VB VBN DT NN NN , NNP VBD . NNS IN DT NNP NNP POS NNP NNP IN NNP VBD : `` IN RB VBN IN NN , CC RB VBN IN RB CD CD NNS RB IN DT NN , NNP RB VBZ NNS POS `` NN POS NN , VBG PRP TO VB IN NNS IN JJR NN . '' DT NNS MD VB VBN IN DT NN IN NNS VBG JJ HYPH NN NN IN NN NNS . IN JJ , PRP MD VB DT NN , WDT VBZ RB RB IN $ CD DT NN , MD VB DT JJ CC RB JJ NN IN VBG RP NN . NN NN , NNP NNP , DT NN IN JJ JJ NNS IN DT NNP IN NNP CC NN IN DT JJ NNS NN IN DT NN POS NNP NNP POS NNP , VBD : `` DT NN VBZ RB VBG . '' DT VBG NNS MD VB VBN IN JJ NN CC NN , IN NNS VBP DT NN NN RB IN NN TO VB DT NN IN NN . NNS MD VB NN NNS IN DT NN CC NN IN DT NN TO VB WP VBD NN , CC NNS MD VB DT NNS . RB IN DT NN , NNS MD VB DT NNS IN DT NN IN DT NN NN VBZ JJ . IN NNP , NNS IN NNS VBD IN DT NNP NN VBZ IN NN CC JJ JJ NNS : VBG DT NN POS JJ NN NN CC RB DT NN IN JJ NN NNS . NNP NNP VBD : `` PRP MD VB DT JJ NN IN IN PRP VBZ JJR IN DT JJ NN IN JJ NNS , DT JJ NN IN JJ NNS CC NN IN DT NN RBR VBN NN . '' PRP VBZ RB VBN IN DT JJ NN VBZ VBN IN NNP NNP IN NNP . PRP VBD : `` PRP VBP TO VB IN DT JJ NN IN PRP MD VB NN NN NNS . `` CC EX VBZ VBG TO VB DT JJ NN TO VB DT NN IN NN WDT PRP$ NN NN NNS VBP JJ . '' PRP VBZ VBN IN IN DT NNS VBP DT JJ JJ NN , DT NN MD VB JJ IN DT NN IN NNS ."
1029,48,conspiracy,"DT NN VBZ RB TO VB DT JJ NN IN PRP$ NN TO VB RP PRP$ JJ NNS IN JJ NNS . CC RB IN JJ NNS IN DT NN , DT NN RB RB VBZ IN NN RB TO VB DT VBN NN . IN DT WP VBP TO VB PRP CC PRP$ NNS , PRP VBZ RB RB JJ IN DT JJ NNS CC NNS VBP JJ CC IN PRP$ NNS . DT NN IN DT NN VBZ RB TO VB DT JJ CC RB JJ NN IN PRP$ NN WDT VBZ PRP IN NN TO VB PRP VB PRP$ NNS . RB PRP MD VB JJ NNS IN NNS , NNS , NNS CC NNS JJ IN PRP$ NN IN VBN NN WRB PRP VBZ IN NNS , NNS CC NN . IN PRP VBP RB VB DT NN VBG DT NNS , PRP VBP PRP TO VB DT JJ NN CC VBG NNS WDT PRP MD RB VB CC VB IN DT NN . PRP VBP IN PRP MD VB DT NN IN DT NN JJ IN PRP VBP DT NN VB JJ IN RB JJ NNS IN JJ . UH VB JJ IN PRP IN PRP VBP CC VBP JJR NN CC NNS . PRP VBP PDT DT WP VBP VBN PRP$ NN CC NN IN NN . WRB TO VB DT NN -LRB- IN NN CC NN -RRB- IN : NN : NN VBZ . NN : PRP IN NN IN NN -LRB- NNP -RRB- VBP PRP NN WDT VBZ RB VBN IN DT JJ NN , CC RB MD VB JJ . DT NNS , NNS , NNS , CC , CC NN PRP VBP VBP RB RB VBN , VBN , VBN , CC VBN TO IN VB IN NNP , PRP$ NN NN , NNS , DT WP VBP IN NNP , CC DT WP VBP PRP$ NN . RB , PRP VBP RB JJ . UH VB NN . VB JJ NN , PRP$ JJ NN CC PRP$ JJ NN IN NNP , NNP CC JJ NNPS TO VB PRP VB WP VBZ JJ CC WP VBZ RB . IN VBG NN CC VBG NN , PRP VBZ PRP$ NN TO VB NN CC NN IN JJR NNS TO VB PRP IN NN IN DT NN IN DT NN NN ."
1030,379,mainstream,"WP VBZ NNP IN NNP . NN -LRB- RB VBN JJ NN -RRB- VBZ DT NN IN NN WDT VBZ DT NN POS JJ NN VB NN . PRP MD VB CC VB DT NN IN NN NNS . PRP MD RB VB DT NN NN VB JJR IN VBG NN NNS . NNS IN NN MD VB NN -LRB- FW HYPH FW HYPH FW HYPH FW HYPH UH HYPH FW -RRB- IN IN JJ NNS IN NN , IN NN CC NN NN . WP VBZ DT NN NN VB . DT NN NN VBZ DT NN POS NN IN JJ NNS -LRB- IN NN CC NNS -RRB- CC JJ NNS WDT VBP NN . IN DT NN IN NNS VBN DT NN NN , DT NN NN VBZ DT NNS . DT NN NN VBZ DT NN IN NNS , NNS , CC NNS WDT VBP RB TO VB DT NN . DT NN IN JJ NN NN , VBN DT NN , VBZ DT JJ NN IN DT NN POS NN NN . NNS VBP IN NNS IN DT NN , NNS , CC NN NNS . PRP VBP JJ NNS IN DT NN CC VBP PRP . WP VBP DT NNS IN NN . NNS IN NN NNS VBP TO VB NN VBP : NFP NN HYPH NN NNS -LRB- JJ NNS -RRB- . DT NN NNS -LRB- NN HYPH NN NNS -RRB- VBP DT NN NN VB IN VBG TO VB IN JJ NNS -LRB- NNS -RRB- VBN IN NN NNS . DT NN -LRB- FW HYPH FW HYPH FW HYPH FW -RRB- NNS VBP NN NNS IN IN PRP MD VB RBR VBN CC RB VBN IN DT NN NN . SYM JJ NNS . DT VBP DT NN NN IN DT JJ NN , VBG PRP VB NN NNS . NFP NN -LRB- FW HYPH FW HYPH FW HYPH FW -RRB- NN NN . DT NNS -LRB- VBN JJ NNS -RRB- MD VB VBN IN DT NN IN PRP VBP CC VBP NN NNS . PRP RB MD VB VB DT NN NN TO VB DT NN NNS . SYM NN NNS . DT NNS VBP RB VB NNS , IN DT NN CC NN NNS VBP . RB , PRP VBP IN NN IN VBG DT JJ NN POS NN IN NN NNS IN DT NN . SYM NN NN HYPH NN NN . NNS VBP DT NN HYPH NNS -LRB- DT NN IN JJ NN NN -RRB- IN DT NN POS NN CC VBP PRP IN DT NN IN PRP MD VB CC VB NN NNS . RB , NNS VBD DT VBD NN HYPH NNS RB IN DT NN POS NN . SYM JJ NN HYPH NN NNS -LRB- NN -RRB- . DT NN NNS MD VB DT NN HYPH NN IN DT NN NN . WRB DT CD NNS VBP VBN , DT NN HYPH NN VBZ DT NN NN . NNS VBP NN IN JJ NNS IN NN , JJ IN NN , NN , NN NN , CC NNS . IN NNS , NN VBZ RB VBN IN DT JJ HYPH NN NN . IN DT NN POS NN VBZ RB VBN IN DT JJ NN , DT NN NN VBZ IN DT NN IN NN MD VB IN NN . WRB VBZ NNP VBN . NNS VBP NN IN DT NN WDT VBZ JJS IN DT NN POS NN . DT VBP : NFP JJ -LRB- NN -RRB- : DT NN VBZ VBN IN DT NN SYM JJ -LRB- IN NN -RRB- : NNS CC NN VBP VBN , JJ -LRB- IN DT NN -RRB- : DT NN VBZ VBN IN DT NN IN DT NNS IN JJ NN NN WP VBP DT NNS IN NN . NN NNS MD VB IN DT JJ NNS IN NN CC DT NNS IN NN PRP VBP . DT NN NNS MD VB JJ IN JJ . NN VBZ NN IN VBG NN . PRP VBZ RB JJ TO VB IN PRP MD VB DT JJ HYPH NN NN . IN PRP VBZ , DT VBZ PRP MD VB VBN RB TO VB NN RB IN NN CC NN NN . VBG DT NN VBG VBN IN NN MD VB JJ IN DT NN . CC PRP VBP RB JJ . TO VB NN , VB IN NN IN DT NN NN CC DT NN JJ NN . JJ NNS VBP JJ TO VB PRP CC PRP$ NN . PRP RB MD VB NN CC NN RB IN :"
1031,537,mainstream,"IN NN NN CD -LRB- NNP SYM CD -RRB- VBP HYPH IN HYPH NN NNS VBP VBG IN PRP$ NN , PRP MD VB WRB TO VB JJ NNS CC VB PRP$ NN . RB VBZ WP PRP VBP TO VB . IN PRP VBP RP VB NN WRB PRP VBP . IN DT NNP , NN NNS VBP IN NNS CC NNS . IN PRP VBP RP , VB PRP$ NN CC NN NN NN POS NN IN NN IN JJ NNS VBN IN VBG DT NN IN DT NN . DT JJS NN TO VB PRP IN DT NN VBZ TO VB NN . IN PRP VBP RP , VB DT NN NN VBG . VB DT NN IN RB CD NNS -LRB- CD NNS -RRB- IN NNS IN DT NN VBZ VBG IN PRP$ NN , RB IN PRP VBP DT JJR NN IN JJ NN . VB JJ NN IN NN WP VBZ JJ CC VBZ NNS . RB , VB JJ NNS CC JJ NNS . IN NN , VB JJ NN . VB PRP$ NNS RB IN NN CC NN IN IN JJS CD NNS , CC VB DT NN HYPH VBN NN NN WDT VBZ IN JJS CD NN NN . VB PRP$ NN CC NN IN PRP$ NN CC DT NN WRB PRP VBP CC VB CC RB VB PRP$ NNS CC VB NN NN . RB , VB VBG PRP$ NNS , NN CC NN . IN PRP VBP JJ , VB RB . VB RB VB JJ NNS IN PRP VBP VBG TO VB JJ NN . VB VBG JJ NN IN PRP VBP JJ . CC IN PRP VBP IN JJR NN IN JJ NN , VB RB VB RP IN DT NN RB RB . PRP VBZ JJR TO VB RB . IN JJ NNS IN PRP$ NN VBP IN NN CC VB NNS WRB JJ NN VBZ RB JJ , PRP VBZ VBN IN PRP VBP PRP IN PRP . IN VBG JJ NNS TO VB , VB JJ NN NNS IN VBG JJ JJ NNS . IN VBG VB DT NNS IN DT NNP NNPS IN NNP NNP CC NNP -LRB- NNP -RRB- CC DT NNP NNP NNP -LRB- NNP -RRB- IN NN NNS CC NN HYPH NN NNS . VB VBG DT NNP NNP NNP NNP POS NN CC PRP$ NN POS NN IN JJ NN . VB DT NNS VBN IN JJ NNS IN NN . EX MD VB DT NN IN VBG DT NN IN DT JJ NN IN JJ NNS IN NN VBP VBN . IN DT NN CC NN , VBG CC VBG IN CD NNS -LRB- CD NNS -RRB- IN NNS IN DT JJ NN MD VB PRP IN NN IN VBG CC VBG DT NN . VBG IN NN CC JJ NN RB VBZ NNS WDT MD VB PRP IN JJ NN IN VBN NNS . IN PRP VBP VBG IN VBG DT NN NN , VB DT NN POS NN TO VB IN NNS VBG VBN CC IN NNS , JJ IN DT NN CC NN , MD VB JJ . VB NN NNS IN PRP . WRB PRP VBP IN PRP$ NN , VB DT JJ HYPH NN NNS , JJ IN NN NNS , VB NN NNS , NN NNS CC DT JJ NN . VB NNS , NNS CC NN -LRB- JJ IN VBN NN -RRB- IN VBG . RB , VB DT NN POS NN NN IN VBG DT NN . IN PRP VBP IN DT NN , VB DT NN POS NN NNS . VBP DT NNS VBG NN NN NNS , RB VBG JJ HYPH NN NNS CC VBG JJ NN . VBZ EX JJ NN . VBP NNS VBN RB RB RB IN DT JJ TO VB IN JJ NN . VBZ DT NN JJ CC JJ . RB , DT NN MD RB VB NN NNS , NNS CC NN HYPH NN NNS WDT VBP NNS TO VB JJ NNS CC NNS . IN PRP VBP TO VB IN NN IN NN , VB DT NN IN IN JJS CD NNS -LRB- CD NNS -RRB- IN NNS . IN JJ , VB NN NN . WRB VBG NN , VB TO VB RB CC IN DT NN TO VB NN IN NNS . IN PRP VBP VBG NN VBN , VB IN PRP TO VB VBN IN PRP$ NN IN DT JJ NN , JJ IN DT NN CC PRP$ NN POS NN . RB , VB IN JJS CD NNS -LRB- CD NNS -RRB- RB IN DT NN NN . IN PRP VBP VBG RP PRP$ NN IN DT NN , VB JJ NN IN VBG IN DT NN NN . IN VBG RP PRP$ NN , VB PRP$ NNS CC VB NN NN . IN VBG IN DT NN IN NN , VB TO VB IN DT NN IN NNS VBZ VBG VBN CC WRB DT MD VB PRP$ NN . VB RP NNS VBN IN JJ , RB HYPH VBN NNS . VB JJ NN IN NNS . RB , VB NN IN RB VBN NNS , JJ IN NNS . VB DT NNS IN DT JJ NN NN . IN NN VBZ VBN IN DT NN , VB IN VBN NNS . IN VBG IN DT NN , VB TO VB IN PRP VBZ VBG WRB JJ NNS VBP VBN RP IN DT JJ NN . PRP MD VB TO VB DT NN IN NN IN NN , IN NN VBG DT NN IN NNS . VB IN DT NN POS NN CC VBG NNS CC IN PRP MD VB JJ TO VB DT NN NN CC NN . IN PRP VBP JJ IN NN NN NNS , VB IN PRP VBP VBG VBN . PRP$ NN MD RB VB JJ NN IN VBG NN IN DT JJ NN NN CC IN VBG RP NNS IN NN . VB DT NN POS NNS CC VB IN JJS CD NNS -LRB- CD NNS -RRB- RB IN JJ NNS . JJ NN IN CC IN VBG PRP . DT NN WDT VBZ JJ TO VB , JJ IN NN NNS CC NN NNS , MD RB VB JJ . IN PRP VBP IN JJR NN IN JJ NN , PRP MD VB VBG TO VB IN DT NN . VB IN PRP$ NN VBZ JJ NNS CC NN . WRB VBG DT NN CC NN NN , VB IN NN NNS . PRP MD VB VBN TO VB PRP$ NN RB , VB PRP$ NN IN NN TO VB NN IN DT NN NN , CC VB IN PRP$ NN CC RB IN PRP$ NN VBZ . IN NN , PRP MD VB IN DT NN VBZ VBG VB NN . VBG VB NN MD VB DT NN IN NNS . RB , DT NN MD VB NNS TO VB WRB JJ NNS VBP IN DT NN IN DT JJ NN . PRP MD VB IN DT NN POS NN NNS . VBZ DT NN RB VBG RP JJ HYPH NN NNS . VBP NNS CC NNS VBN IN PRP VBP VBN . VBZ DT NN VBG NN NN NNS CC RB VBG PRP$ NNS . VBP PRP VBG JJ HYPH VB NNS IN NN CC JJ NN . RB , VB IN NN NN NNS . IN VBG TO VB PRP$ NNS , VB VBG DT NN POS NN TO VB IN DT NNS VBG VBN . IN JJR NNS , VB DT NN . TO VB JJ NN JJ , VB DT NN NN RB IN DT NN CC RB IN NN , WRB DT NN MD VB RBR JJ . IN PRP VBP IN JJR NN IN JJ NN , VB RP IN DT NN VBZ JJ NNS IN NNS IN PRP$ NN CC NN IN DT NNS . PRP MD RB VB VBG PRP$ NNS RB IN NN NN CC NN NN . IN DT NN , VB DT NN IN DT NN NN CC NN . VB IN JJS CD NNS -LRB- CD NNS -RRB- RB IN NNS IN NN CC IN NNS . IN JJ , VB IN VBG NN CC DT NN CC VB NN NN IN VBG . RB , VB NN NN IN PRP VBP DT NN . WRB PRP VBP RB , VB PRP$ NNS . IN NNS IN DT NN , VB DT NN , IN JJ . VB DT NN NN IN DT VBG NN IN VBG PRP . WRB PRP VBP VBN , VB NN NN . VB PRP$ NNS WRB PRP VBP RB . IN VBG NN VB RP DT NNS CC NNS PRP MD VB TO VB . IN PRP VBP VBG , VB NN NN . VB PRP$ NNS WRB PRP VBP RB CC DT JJ NN PRP VBP IN DT NN . VB TO VB CC VB RP DT IN PRP$ NNS IN DT JJ NN . IN JJ , VB RP NN NNS RB IN NN CC VB DT NN HYPH IN NN , NN NN , NN NN CC JJ NN NN . VB PRP$ NN CC NN IN PRP MD VB DT JJR NN IN NN IN IN PRP VBP RB VB TO VB DT NN RB RB . IN VBG DT NN , VB IN WDT NNS PRP$ NN NN VBZ VBG TO VB DT NN IN DT NN . RB , DT NN IN NNS IN DT NN MD VB VBN TO VB IN JJ NN CC PRP MD VB JJ TO VB RP CC RP VBG JJ NNS . NN NNS , JJ NNS CC DT NNS PRP MD VB MD VB RB VBN , VBN CC VBN . VB IN DT NN NN IN NNS , NNS CC JJ JJ NNS . NN NNS MD VB NN HYPH NN CC NN NNS CC VB NN TO VB PRP , JJ IN NNS CC NNS . IN VBG RP , VB IN NN CC JJ NNS TO VB IN NNS , JJ NNS , JJ NNS IN NN , NNS CC NN NNS VBP JJ . IN DT NNP , DT NNP NNP NNP MD VB IN DT NN HYPH IN HYPH NN NN IN DT JJ NN MD VB . IN DT NN VBZ VBG TO VB JJ , VB IN NNS CC NN NN VBZ RB VBP JJ . VB DT NN WDT VBZ JJ IN NN . NN RB VBZ NNS , WDT MD VB PRP IN DT NN . VB NN IN PRP CC NNS WRB VBG NN NNS . IN IN DT NN , VB IN JJ NNS , NNS CC NNS WDT VBP PRP TO VB DT NN IN CD NNS -LRB- CD NNS -RRB- IN NNS . VB VBN NNS . IN NNS VBP TO VB , NNS MD VB . VB VBN . RB , VB RB VB JJ TO VB NNS . IN PRP VBP RB VB JJ IN DT NN POS NN NNS , VB PRP$ NN . VBG PRP$ NN VBZ JJ PRP ."
1032,468,mainstream,"DT NNPS `` JJ NN VBZ VBN IN NNP HYPH NNP , CC RB PRP$ CD NN `` DT NNPS '' . DT NN VBP RB VBG IN PRP$ JJ NN NN CC , IN DT JJ NN IN NNP , NN NNP NNP -LRB- NNP , DT NNP , NNP NNP -RRB- VBD IN DT NN VBP JJ TO VB DT NN JJ IN DT IN DT NNP NN POS RBS JJ NN NN . `` RBS RB PRP VBP VBN VBG IN DT NNPS RB CC PRP VBD UH , `` UH , `` DT NNPS '' , `` DT NNPS '' . , '' VBD NNP , WP VBD DT NNP HYPH NNP NN . RBR DT NN NNS NN NN NNP NNP VBD IN DT NN VBD VBG IN DT `` DT NN CC DT NN , RB IN NNP '' TO VB IN PRP$ JJ NN . IN DT NN IN CD , NN NNP NNP VBD DT NN MD RB VB VBG PRP$ JJ NN DT NN RB , VBG IN PRP VBD RB VBN VBG DT NN HYPH RP IN CD POS `` NN IN NN '' , CC IN DT `` JJ NN '' . PRP VBD : `` PRP VBP RB VBN IN PDT DT JJ NN RB PRP VBP RB RB VBN VBG DT JJ NN . PRP NN IN VBP IN VBG IN NNS VBP VBG TO VB PRP RBR IN RB PRP VBP JJ TO VB PRP RP . '' PRP VBD : `` PRP VBP RB VBN IN VBG PRP DT NN RB . WRB PRP VBP IN PRP VBP VBN DT JJS NN PRP VBP JJ IN VBG , WDT VBZ RB RBR RB IN RBR , RB PRP MD VB PRP RP CC PRP VBP RB IN VBG DT RB . '' DT NN POS JJ NN , DT `` NNP NNP '' NNP , VBD VBN IN PRP$ NNP NNS IN NNP CD IN NNP NNP IN NNP , NNP NNP , IN NNS NNP NNP -LRB- NNP , NNP , NNP -RRB- CC NNP NNP -LRB- NNP , NNP NNP , NNP NNP -RRB- ."
1033,267,mainstream,"IN PRP$ NN VBD VBN IN DT NN CC VBN IN NN CC NN , MD PRP VB JJ TO VB . MD PRP VB PRP . IN JJ IN DT JJ NN , NNS VBD DT NN IN DT NN NN VBD UH . CC EX VBZ VBG NN VBG DT NN VBZ DT NN TO VB RB , CC RB TO VB NN . IN DT NN DT NN VBP NNP NNP NNS NNP NNP , NNP NNP CC NNP NNP NNP . PRP VBP IN JJ NN IN DT NN CC NN VBZ RB JJ IN NN VBZ DT NN , CC WP DT `` VBN NN '' VBZ IN NNS IN NN CC NN HYPH JJ NN NN . IN JJ NNS , PRP VBP IN DT NN IN DT NN , NN IN DT NN POS JJS NN , CC VBP WP DT JJ NN NN IN NN HYPH CD IN NNS WP VBD NN MD VB . DT NN RB VBP DT VBG NN IN DT JJS JJ NN -LRB- CD NNS -RRB- VBZ VBN VBN IN DT NNP . TO VB RP JJR , VB IN NN , NNS . UH VB IN NNP NNP NNP IN DT NNPS POS NNP NN IN DT NNP NNP NNPS : ADD"
1034,898,mainstream,"NNP NNP NNP -LRB- VBN CD NNP CD -RRB- VBZ DT JJ NN VBG IN JJ NNS , NNS , NN , CC NN . PRP VBZ DT NN IN DT NN NN . NNP VBZ DT NNP NNP NNP NNP IN NNP , NNP IN NNP IN DT NNP NNP IN NNP IN DT NNP IN NNP , NNP NNP IN DT NNP IN NNP NNPS -LRB- CD CD -RRB- , CC DT NNP IN DT NNP NNP NNP IN DT NNP POS NNP IN NNP . PRP VBZ VBN DT NN IN DT NNPS IN NNP NNP -LRB- NNP -RRB- NNP NNP IN NNP NNPS . -LRB- CD -RRB- NNP VBZ DT NN NN IN DT NNP IN CD -LRB- CD -RRB- CC DT NNP NN NN IN DT NNP NNP NNP -LRB- NNP -RRB- . -LRB- CD -RRB- NNP VBZ VBN JJR IN CD NNS IN JJ CC JJ NNS IN DT NNS IN NN HYPH JJ NN NNS CC NN NN , -LRB- CD -RRB- CC VBZ DT NN CC NN IN NNS IN NNS , NN , CC NNS . PRP VBZ CD IN DT RBS JJ NNS IN DT JJ NN IN NNS VBP DT NN IN NN . IN DT NN , PRP VBZ VBN DT JJ NN IN NN NN CC NN NNS . -LRB- CD -RRB- -LRB- CD -RRB- -LRB- CD -RRB- NNP VBD RP IN NNP , DT NN IN DT NN . PRP VBD IN PRP$ NN POS NNS NNS CC VBD RB IN DT JJ NNS VBN IN NNS , RB VBG DT JJ CC JJ NN IN NN . -LRB- CD -RRB- WRB PRP VBD CD NNS JJ , PRP VBD VBN IN DT NN NN TO VB IN NN NN , DT NN VBD PRP TO VB NNS IN JJ CC JJ , CC VBD PRP IN DT CD NNS IN DT NN IN DT NN NN . -LRB- CD -LRB- CD -RRB- NNP VBD TO VB DT NN , DT JJ IN PRP$ NN . -LRB- CD -RRB- NNP VBD PRP$ NN POS NN IN NNP NNP CC PRP$ NNP IN DT NNP IN NNP , NNP . CD IN PRP$ NNS IN DT NNP POS NNP IN NNP VBD NNP NNP , WP VBD JJ IN DT JJ NNS IN NN NN . -LRB- CD -RRB- IN CD NNP VBD VBN DT VBG NN IN NN NNS . PRP VBD VBN IN NN NNS , JJ IN WP VBP NNS VBP NN , DT NN WDT VBZ VBN VBN IN JJ JJ NNS CC JJ NNS . -LRB- CD -RRB- -LRB- CD -RRB- -LRB- CD -RRB- PRP VBD DT NN NN -LRB- WRB . -RRB- CC VBD NN IN DT JJ NN IN NNS IN DT NNP . -LRB- CD -RRB- PRP$ CD NN NNP POS NNP NNPS VBD DT NN IN DT NN NN IN DT NNP -LRB- CD -RRB- PRP VBD DT NNS IN DT NN IN DT NNP IN NNP NNP IN NNP POS NNP IN NNP . -LRB- CD -RRB- NNP VBZ IN DT NN IN DT NNP NNP IN NNP CC NNP . -LRB- CD -RRB- IN CD , NNP NNP VBD IN DT NN NN NN VBN IN NNP NNP IN WDT PRP VBD IN JJ NNS . -LRB- CD -RRB- NNP VBD IN CD NNS IN DT NN IN DT JJ CC JJ NN IN NN , WDT VBZ DT NN IN NN , -LRB- CD -RRB- CC WDT VBZ RB CD NNS DT NN RB , RB NN RB JJ IN NN VBZ : JJS NNS VBP IN DT NNP . -LRB- CD -RRB- PRP$ NN IN DT NN VBD IN DT NN IN DT CD HYPH NN HYPH JJ NN IN NN HYPH VBN NN IN IN PRP$ NN IN DT JJ NN IN CD . CD -RRB- -LRB- CD -RRB- IN IN PRP$ NNS NNP NNP CC NNP NNP , NNP VBD NNP , -LRB- CD -RRB- DT JJ NN NN VBN IN NNP CC NNP IN CD , NNP VBZ VBN CD IN CD NNS RB VBN IN NN . -LRB- CD -RRB- IN NNP CD , NNP VBD VBN IN NN IN DT VBN NNP NN NN , VBG PRP$ NN IN DT NNP CC NNP NNP . -LRB- CD -RRB- -LRB- CD -RRB- NN NNS VBD IN NNP VBD JJ CC JJ , IN DT NN IN JJ NNS JJ IN NN . -LRB- CD -RRB- NNP VBZ VBN VBN -LRB- IN NNP NNP -RRB- IN VBG NNS IN NNS DT NN . -LRB- CD -RRB- NNP VBD DT JJ NN IN NN IN PRP$ NN IN NNP . -LRB- CD -RRB- NNP VBD VBN DT NN IN DT NNP IN NNP NNP , IN CD . -LRB- CD -RRB- IN CD , IN DT NN IN NNS IN NN , NNP VBD DT JJ NN IN DT NNP POS JJ NN TO VB IN DT NN TO VB NN NN IN NNS IN NNS IN NNPS . PRP RBR VBD IN CD NNS CD CC DT NNP IN NNP NNP IN DT NN IN NN IN NNS VBG DT NN VBD DT NN IN VBG NN IN DT NNP IN DT NN . -LRB- CD -RRB- IN NNP CD , NNP NNP CC NNP VBD DT NNP POS NNP IN NNP VBZ DT NN IN DT NN IN NN NNS IN JJ NNS POS NN IN NN . -LRB- CD -RRB- NNP VBZ JJ NN IN NN WRB PRP VBZ JJ NN CC NN IN JJ NNS WDT VBP , IN JJ NNS WDT VBP RB . PRP$ NNS CC NNS VBP IN NN CC NN IN NN IN NNS IN JJ NNS . IN CD NNP VBD DT NN VBP PRP VB IN NNP . : DT NNP CC NNP IN NNP NNP . -LRB- CD -RRB- NNP VBZ IN DT NN IN DT NN '' VBZ TO VB DT JJ NN IN DT NN IN NNP NNP : TO VB NN IN NN . '' CC IN `` EX VBZ RB NN WDT VBZ CC NN WDT VBZ RB . '' -LRB- NN LS -RRB- CD IN NNP POS NNS VBZ DT NN NNS PRP VBZ NNS IN NNP NNP MD RB VB , IN DT CD NN IN DT NNP IN NNP NNP VBD `` PRP VBZ RB JJ TO VB NNS WRB PRP VBP PRP . '' -LRB- CD -RRB- NNP VBZ VBN IN DT NNP NNP NNP CC NNP NNP IN CD MD VB VBN TO VB JJ NN CC NN IN NN NNS . -LRB- CD -RRB- NNP VBZ VBN NNP NNP IN NNS IN NNS IN NN IN IN PRP$ NN IN NNP . -LRB- CD -RRB- NNP VBZ DT NN IN JJ NNS , VBG DT NNP NNP NNP NNP IN NNP IN NNP IN DT NNP IN NNP NNP NNP , DT NNP NNP NNP IN NNP NNP IN DT NNP NNPS NNP IN NNP , DT CD NNP NNP NNP IN NNP NNP CC DT NNP NNP NNP NNP IN DT NNP NNPS IN NNP . -LRB- CD -RRB- IN CD , NNP VBD VBN DT NNP NNP NNP NNP NNP IN DT NNP NNP NNP IN NNP , NNP IN PRP$ NN IN DT JJ NN NN CC PRP$ NN IN VBG NN . -LRB- CD -RRB- IN CD NNP VBD VBN IN DT NNP NNP NNP IN DT CD NNP NNP NNP . -LRB- CD -RRB- NNP VBD DT NN POS $ CD NN IN DT NNP NNP NNP IN DT NNP POS NNP IN NNP . -LRB- CD -RRB- RB IN CD , NNP VBD VBN IN DT NNP IN NNP IN DT NN POS JJ NN . -LRB- CD -RRB- IN CD NNP VBD VBN IN DT NNP NNP NNP NNP IN NNP NNP IN DT NNP IN NNP NNP -LRB- NNP -RRB- IN VBP PRP VB IN NNP . DT NNP CC NNP IN NNP NNP . `` NNP VBZ DT JJ NN , VBZ DT NN IN DT NNS IN JJ NN , MD VB JJ , JJ JJR . '' -LRB- CD -RRB- NNP NNP VBD IN NNP '' VBZ VBN DT NN IN NN IN DT JJ NN NNS CC NN NNS . '' NNP VBD IN NNP VBD RB VBN VBN IN NN IN JJ NNS , VBG NNS JJ IN VBG NNP POS NNS IN NN NNS CC VBG NNS WRB NNP VBZ JJ NN NN NN NNS . -LRB- CD -RRB- IN DT CD NN NN NN IN NNP , NNP , JJ NN NNP NNP NNP , NNP VBD NNP POS NNS IN NN NNS , VBG PRP DT `` NN NN IN DT NN `` NN '' . '' -LRB- CD -RRB- RB IN CD , NNP NNP VBD DT NN IN NNP NNP VBG NNP POS NN , VBG PRP$ JJ NNS IN NN NNS . -LRB- CD -RRB- NNP VBD PRP VBZ JJ IN DT NN CC IN PRP VBZ RB VB PRP$ NNS . -LRB- CD -RRB- NNP NNP NNP , DT NN IN DT NNP NNP NN , VBD RB IN PRP MD `` VB JJ '' IN NNP `` VBD JJ '' . -LRB- CD -RRB- JJ NN VBZ VBN NNS IN NNP POS NN . NNP NNP , DT NN CC NN NN IN NNP NNP NNP , VBZ VBN VBN IN DT NNP NN : NNP VBZ VBN CC VBN JJ NNS IN NNS , NN CC DT NN , CC NNS , RB RB IN NNS IN JJ NNS IN DT NN . NNP NNP , DT NN NN IN DT NNP NNP NNP IN NNP , VBD IN NNP NN IN NNP POS JJ NNPS : IN `` DT NNP NNP '' -LRB- VB NNP NNP NN -RRB- , NNP VBZ NN VBG IN DT JJ NN NN NN WDT VBD DT NN IN VBG NN IN RB VBN NNS CC VBG DT NN IN JJ NNS . NNP NNS IN DT NN IN JJ NNS IN NN NNS , VBG IN JJ NNS VBP IN JJ NN . -LRB- CD -RRB- NFP NN NNP , NNP NNP -LRB- CD -RRB- . JJ : WRB JJ NN VBZ RB NNP NNP . NNP . SYM NN NNP , NNP NNP -LRB- CD -RRB- . JJ NN : CC WRB NNS , NNS , CC NNS VBP RB PRP$ JJS NN IN NN NN . NNP NNP NNP . NNP . NFP NN NNP , NNP NNP -LRB- CD -RRB- . NNP POS NNP : NNP NNPS IN NNP VBN JJ . NNP NNP . NNP . NFP NN NNP , NNP NNP -LRB- CD -RRB- . VBP PRP VB IN NNP . DT NNP CC NNP IN NNP NNP . NNP . NNP . SYM NN NNP NNP NNP : NNP NNP NNP : NNP NNP NNP -LRB- NN -RRB- -LRB- CD -RRB- . PRP$ NNP POS JJS NN : WRB NNS VBP JJ CC NN NNS . NNP , NNP : NNP CC NNP NNPS . NNP . NFP NN NNP , NNP NNP -LRB- CD -RRB- . JJ NNS : WRB DT NNP NNP VBZ PRP DT . JJ NNS . NNP . NFP NN NNP , NNP NNP -LRB- CD -RRB- . NNP POS JJ NNPS : NNP NN , NNP NNP , CC DT NN IN DT NN . NNP NNP NNP . NNP . NFP NN NNP , NNP NNP -LRB- CD -RRB- . VBN : CD NNP NNP TO VB DT NNP POS JJS NNPS . NNP NNPS , NNP . NNP . NFP NN NNP , NNP NNP -LRB- CD -RRB- . DT NNP NNP : WRB NNP POS NNP NNP NNP VBD IN DT VBG NN NN . NNP NNP NNP . NNP . NFP NN NNP , NNP NNP : NNP , NNP NNP -LRB- CD -RRB- . NNS : WP DT NN MD VB . NNP . NNP . NFP NN NNP , NNP NNP : NNP HYPH NNP , NNP : NNP , NNP NNP -LRB- CD -RRB- . VBG DT NN NN : DT NN POS NN IN NNS , NNS , NN NNS , CC JJ NNS . NNP NNP . NNP . NFP NN NNP , NNP : NNP , NNP -LRB- CD -RRB- . `` VBG NNS POS NNS : VBP NNS VB JJ NNS , NNS , NNS , CC NNS . '' . NNS . CD -LRB- CD -RRB- : CD . NN . NNP CD CD . NNP CD . NFP NN NNP NNP , NNP NNP , NNP NNP , NNP NNP , NNP NNP -LRB- CD -RRB- . `` NN IN NN HYPH VBG NN NNS IN JJ IN JJ JJ NNS MD VB JJ NN HYPH JJ NN VBG JJ NN '' . NNP NNP . CD -LRB- CD -RRB- : CD . NN CD . NFP NN NNP NNP , NN NNP , NNP NNP -LRB- CD -RRB- . `` NN IN NN HYPH VBN NN IN NN IN NN NN NN IN NNS '' . NNP IN NNP . CD -LRB- CD -RRB- : CD CD . CD . NN . NNP CD . NFP NN NNP NN , NNP NNP -LRB- CD -RRB- . `` NN IN NN HYPH JJ NN NN NNS IN NN HYPH VBN JJ NN IN JJ NN '' . NNP IN NNP . CD -LRB- CD -RRB- : CD CD . CD . NN . NNP CD . NFP NN NNP NNP , NNP NNP -LRB- CD -RRB- . `` NN HYPH JJ NNS VBP VBN IN JJ NNS IN CC JJ CC JJ JJ NNS '' . NNP NNP CD -LRB- CD -RRB- : CD . CD . NNP CD . NFP NN NNP NNP , NNP NNP , NNP NNP , NNP NNP , NNP NNP -LRB- CD -RRB- . `` JJ NN IN NN HYPH JJ NN CC NN NN NN NNS IN NN IN NN '' . NNP IN NNP . CD -LRB- CD -RRB- : CD SYM CD . CD . NN . NNP CD . NFP NN NNP NNP , NNP NNP , NNP NNP , NNP NNP , NNP NNP -LRB- CD -RRB- . `` VBN NN CC JJ NN VBN IN JJ NN IN NNS IN JJ NN '' . NNP IN NNP . CD -LRB- CD -RRB- : CD CD . CD . NN . NNP CD . NFP NN NNP NNP , NNP NNP , NNP NNP , NNP NNP , NNP NNP -LRB- CD -RRB- . `` JJ NNS IN NN IN NN NN IN JJ NN IN NNS '' . NNP NNP CD -LRB- CD -RRB- : CD CD . CD . NNP . NNP CD . NFP NN NNP NNP , NN NNP , NNP NNP -LRB- CD -RRB- . `` NN IN NN IN NN IN DT JJ NN NN NN CC VBN NN NN IN NNS '' . NN . CD -LRB- CD -RRB- : CD CD . NN NN CD SYM NN NNP NNP , NNP NNP , NNP NNP , NNP NNP -LRB- CD -RRB- . `` NN HYPH VBN NNS VBP VBN RB IN NN HYPH VBN JJ NNS IN JJ NN IN NNS '' . NN CD -LRB- CD -RRB- : CD SYM CD . NN SYM NN CD . SYM NN NNP , NNP NNP -LRB- CD CD -RRB- . `` JJ NNS VBP JJ , CC VBP DT IN PRP RB VB . '' . DT NNP NNP . NFP NN NNP , NNP NNP -LRB- CD SYM CD SYM CD -RRB- . `` NN TO VB CC DT NN PRP '' . NNP NNP NNP . NFP IN NNP , NNP CD , CD , NNP NNP VBZ `` VBP PRP VB IN NNP '' IN DT NNP NNP . SYM NN `` DT NNPS IN PRP . NNP NNP CC NNP NNP NNP '' IN NNP , NNP CD , CD , NNP NN , NNP NNP , NNP , NN CC NN IN DT NNP IN NNPS IN NNP , VBZ NNP NNP , NNP CC NNP NNP . NFP DT NNPS IN DT NNP NNP , NNP NNP , NNP NNP NNP CD , CD . NN IN NN SYM NN IN NNP IN VBG PRP RP IN NNP NNP NFP"
1035,561,mainstream,"RB , NNP NN VBZ VBN IN CD NN IN NNS , JJS IN WDT VBP NNS VBN IN NN IN DT JJ NN IN NN . JJ NNS NN VBZ VBN TO VB JJ NN , NN . IN DT NNP VBD DT NN TO VB `` JJ '' TO VB IN NNS NN MD VB JJ NN , EX VBZ DT NN IN NN IN NN , NN NNS WP$ NN VBZ CD IN CD NNS VBG NNS HYPH VBG NN , VBN IN DT NN IN CD NN NNS . CD RB RB VBP JJ NNS VBN TO VB DT JJ , JJ , CC NN NN . IN RB CD NNP NN VBD JJ NN NN NN , DT JJ NN IN NN NN , VBN IN DT RB JJ CD HYPH NN HYPH JJ NN WP VBD DT JJ NN IN NN CC NN NN . JJ HYPH NN NNS VBG NNP NN VBD VBN IN DT NNS . RB DT VBD JJ NNS VBG IN DT CD SYM IN CD HYPH NN NN NN IN WDT NN MD VB NN IN NN NN . DT NNS WDT VBD IN DT NNP NN NN VBD RB VBN IN NN IN NNP NN . JJS JJ NNS VBD VBN IN JJ NN NN VBD VBN IN DT NN . DT JJ NN VBD JJ NN , DT NN NN IN VBN NN IN CD IN CD NNS VBG NN . RBS VBN NNS IN VBN NN IN DT NN . IN DT NNS , JJ NNS IN VBN NNS VBD IN DT JJ NNS CC NNS . JJ , RB , VBD NN IN PRP$ NN NN IN DT CD NNS IN VBN NNS VBN IN DT NNP . JJ NN NN -LRB- NNP -RRB- NNS VBP RB VBN VBN , JJR IN NN IN PRP NNS . JJ NNS VBD IN DT JJ VBG VBN IN IN DT JJ NN IN JJ NNS TO VB NNS . JJ NN IN NNS IN JJ NN VBD DT NN IN DT NN IN DT NNS VBG DT JJ NN , VBG DT JJ NN IN NN NN IN NN IN DT NN NNS RB . IN RB , NNS IN NN HYPH JJ NN CC NN VBP VBN VBN . NNS VBG NN IN NN NN VBP CD NN IN NNS RB . JJS VBP VBN IN NN IN JJ NNS WP VBD NN IN DT NN NN CC IN NN . IN DT NN IN NNS , JJ CC JJ NN CC NN VBD CD IN CD NNS -LRB- JJ , CD NNS -RRB- IN NN NN . NN CC NN VBD DT JJ NNS . DT JJ NN IN CD JJ NN NNS VBN VBG IN CD VBD CD NN IN JJ NN CC JJ VBN NNS JJ IN DT IN JJ NN NN CC CD NN IN DT NN IN JJ HYPH JJ NNS . IN CD NN IN CD NN IN JJ -LRB- NN HYPH JJ -RRB- NNS MD VB JJ NN IN DT RB VBN NN NN , IN DT JJR NN -LRB- IN IN CD NN -RRB- VBG DT NN IN JJ NN , PRP VBZ RBR JJ WDT NN , IN DT , DT NN VBZ IN VBG JJ CC JJ NN -LRB- NN , NN CC NN -RRB- . CD VBN IN DT CD NNP NN IN JJ NN MD VB VBN IN NN NN , DT JJ NN VBD DT NN TO VB NNS JJ IN NN IN NN . VBG DT JJ NN POS NN IN DT NNS , DT NNP VBD JJ NN IN DT NNP IN DT CD JJ NN CC VBD JJ IN DT NN POS NNS IN DT CD JJ NN . CD DT JJ NN IN DT NNS VBN IN DT NNP CC DT VBN IN DT NN VBZ VBN DT NN POS NN TO VB NN , DT JJ NN WDT VBZ JJ TO VB , IN JJ NNS IN NN . NNS IN NN VBP VBN IN CD NNS VBG VBN CC CD VBG VBN . JJ NN VBN IN DT NNP NN , VBG JJ NN NNS CC DT JJ JJ HYPH JJ NN , VBZ VBN VBN NNS . IN NN NN VBZ VB JJ NN , PRP MD VB IN DT NN VBZ JJ . CD"
1036,1150,conspiracy,"PRP VBP PRP VBP VBN VBG DT IN NNP , CC PRP VBZ IN NNS VBP VBG JJR , RB JJR . VB IN DT NN IN NNP NN `` CD NNS IN NNP IN NN . '' DT VBZ WP DT NNP NNP NNP VBZ PRP MD VB VBG IN NNP NNP IN DT JJ NNS . RB , WRB VBP EX DT NN NNS IN IN NNP NNP . VBP DT NNS IN DT NNP RB VB DT NN IN NN . DT VBZ DT NN CD NN IN JJ NN , CC JJ NNS CC NNS VBP VBG DT JJ NN . WRB RB RB VB NNS IN VBG IN DT NNP . JJ JJ NNS VBP VBG NNS IN NNP NNP , CC DT VBZ RB WDT NNS VBG DT VBN NNS VBD . RB DT NNP DT NNP VBZ PRP MD RB VB DT NN IN DT NN NN . WP . PRP VBP JJR NNS WP VBP RB VBN IN DT NNP . VBZ DT RB JJ TO VB JJ . RB , EX VBP DT JJ NNS WP VBP VBN IN NNP MD VB CC VB JJ . IN DT VBZ , VB NN IN DT JJ NN IN DT NN . DT NN NN VBZ VBG DT JJ NNS . VB IN WRB DT NNP NN VBD DT JJ NN IN PRP VBD CD NNS . DT NN VBZ `` NN NNS NN NNS IN NN NN . '' RB . NN NNS . PRP VBP DT NNP NN VBZ RB VB DT NNP POS NNP NNP IN NNP NNPS CC DT NNP NNP NNP VBZ JJ CC RB NN . NN NNS . UH VB VBG PRP NNS , CC RB VB DT NN `` NN NN NNS '' IN DT VBZ WP PRP VBP . JJ NNP NNP NNP NNP NNP NNP NNP VBD DT NN VBD IN DT NNP NNP NNP CC VBD NNS IN DT NNP , CC DT VBZ DT JJ NN DT NN NN VBD . PRP MD VB RB RB JJ NN IN NNS IN JJ NNS . RB , IN JJ NN , NNP VBZ DT JJ NN CD NN IN DT NN , VBG IN DT NNP NNP NNP . DT VBZ JJ . NNP VBZ DT NN CD NN IN DT NN , CC PRP MD RB VB NN CD RB . DT VBZ WP VBZ WRB PRP VBP PDT PRP$ NN IN DT NN TO VB DT JJ NNS . NNP VBD RB VB DT IN PRP$ NN . WRB MD DT NNP NN VB DT NN NN NN WRB PRP VBZ NN CD . WRB MD DT NNP NN VB DT NN NN IN JJ NN WDT VBZ VBG IN NNS CC NNS DT NN . JJ NN VB . IN DT NN , DT NN NN VBZ RB . DT CD RB JJ NNS IN NN IN DT NN , NNP CC DT NNP NNP , VBP RB VBG RB IN DT NNP . IN NNP , EX VBZ DT VBN NN , CC DT VBZ JJ . WP VBZ RB JJ VBZ JJ NN VBG VBN IN NNP CC DT NNP CC NNP . NNP VBZ RB JJ . DT NN IN NNP , NNP NNP , VBZ VBG NNS VB NNS , CC WP PRP VBZ `` NN , '' VBZ RB VB CC VBZ DT `` JJ '' NN . PRP RB VBD NN IN NNP VBZ DT JJ NN CC VBD IN VBG NN . DT NNP NN VBZ RB IN RB . IN DT NNP NNP , DT NN NN IN DT NNP NNP VBZ RB VBG RB CC , RB , NNP NNP VBD PRP . RB IN DT NN NNS VBP , DT NNP NNP VBZ RB VBG NN CC VBZ RB JJ IN NNP . RB , DT NNPS , RB RB IN NNS , VBP RB RB TO VB RP DT NNP NNP , CC RB VB RP NNP IN NNP IN DT JJ NN . UH , EX VBZ CD RB JJ NN IN DT NN CC DT VBZ NNP VBZ VBG NNP CC VBZ VBN IN JJR NN IN EX VBP NNS TO VB PRP RP . RB , NNP NNP POS NN IN CD NNS VBD VBN RP IN NN NN . DT VBD DT JJ JJR IN DT NN IN PRP VBD DT JJ NN IN NNP IN DT NN CC NN NN NN MD VB IN DT NN IN CD . VBD PRP DT NN PRP$ NN VBD VBN RP . RB , CC RB RB , RB RB . NNP NNP VBZ IN NNS IN NN CC NN IN NNP CC DT NNP . PRP VBP VBN IN NNP IN NN , CC PRP RB VBZ RB VB WRB PRP$ NN VBD VBN RP . PRP VBD PRP PRP VBZ VBN NNP IN DT NN NN , CC PRP VBZ RB VBN VBN . PRP MD VB PRP RB RB IN PRP VBZ JJ . PRP VBP IN WRB NNP NNP VBD IN NNP DT JJ JJR IN DT NN RB CC VBD NN CC NN NN VBZ VBG TO VB DT NN , PRP VBZ RB VBG DT NN RB . PRP$ JJ NN VBZ IN NN CC NN VBZ IN RB JJ NN , CC IN PRP VBP RB VB DT NN , PRP MD RB VB DT NN . VB NNP NNP IN PRP VBZ DT NNS CC JJR IN DT NNP NNP NN HYPH NNP ."
1037,1029,mainstream,"DT NNP NN NN , VBN IN NNP NNP , NN , NN IN DT NNP NNP NNP NNP IN NNP NNP CC NNP CC NNP NNP IN NNP IN NNP NNP NNP , VBZ DT JJ NN HYPH VBN NN NN IN NNP HYPH CD . PRP VBZ DT NN HYPH VBN NN -LRB- NN -RRB- : DT JJ JJ NN : IN DT NN NN IN VBG DT JJ NN . IN DT JJ NN , DT NN VBZ VBN DT NN IN JJ NN CC JJ NNS TO RB VB PRP$ NN TO VB DT NN HYPH CD NN IN DT NN . NFP DT RB HYPH VBN NNP NNP NNP IN DT NNP IN NNP MD VB TO VB DT JJ NNS VBN IN DT NNP TO VB DT NN CC NN IN DT NN . SYM NNP , DT NNP NN CC DT NN NN IN NN NN , VBZ VBN DT NN TO VB DT JJ JJ NN . NNP MD VB VBG DT NN DT NN IN DT NNP NN NN VBZ JJ NNS . NFP VBG JJ NNS NNS NNP , NNP , CC NNP VBP VBN RP TO VB JJ NN IN JJ NN NN , NN IN NN NN IN JJ NN NN NNS , CC JJ NNS TO VB JJ NN . RB , DT NNP NNP IN NNP NNP -LRB- NNP -RRB- VBD NN NNS , VBG RB $ CD CD TO VB JJ NN HYPH CD NN NNS , VBG NNP . NNP NNP POS NN VBZ TO VB JJ NN NN . TO VB DT JJS NN , VB DT NNP . NN CC NN NN ."
1038,1324,conspiracy,"IN RB VBG RB IN NNS IN DT `` NN DT '' IN NNP POS NN NNS , NNP NNP VBZ RB RB IN VBG DT NN NN VBG VBN IN NNP , CC PRP RB RB VBZ DT NN MD VB DT NNP NN . RB RBR RB , NNP POS JJ `` NN NN , '' DT JJ NN IN DT JJ NN NN NNP : WDT VBD IN JJ HYPH NN NN NNS CC DT JJ , JJ NN NN : VBZ RB VBG RP IN NNS IN NNS IN NN NN NNS IN NNP VBD DT JJ NNS NN IN PRP$ NN NNS , WDT VBP RB IN NN CD CC RB VBD CD NNS . IN NN IN DT CD NNS VBD RB , NNP VBZ RB VBN NNP POS NN MD VB DT NN . NNP VBD IN DT NN , RB VBG DT NN , '' VBD RB VBN TO VB JJ CC RB HYPH VBN . '' NNP VBZ RB VB TO VB IN NN CD NNS VBG RB CD NNS MD RB VB IN DT NN VBZ `` JJ . '' RB IN CD NNS VBD RB VB IN DT JJ NNS , NNP VBZ DT NN VBZ JJ TO VB IN NNS IN NNS IN JJ JJ HYPH NN NNS . DT VBZ WRB PRP VBP TO VB JJ VBG NN IN NNP NNS WP VBP JJ TO VB JJ NN CC VBP RB VB WRB NN VBZ . IN NNP POS NNS , NN NN RB VBZ JJ IN PRP VBZ PRP JJ NN IN DT NN CD NNS , CC PDT DT NN NNS VBD VBG JJ . NN WP VBZ DT `` NN '' VBZ VBG TO VB RB IN CD CD NNS VBG JJ : JJS IN WP VBP VBG VBN TO VB JJ : VBZ NN NN , IN DT NN . DT NN CD NN VBZ RB VBN TO VB IN DT NN NN VBZ NNS . PRP VBZ RB VBN NNS IN JJ HYPH NN NN IN DT RB VBG NNP NN , WDT VBZ PRP$ JJ NN RB RB IN PRP MD VB DT NNS JJ DT NN PRP VBP VBN . EX MD RB VB DT NN WDT VBZ IN DT NNP NN , RB IN EX VBD RB DT NN WDT MD VB VBN IN NNP HYPH NNP HYPH CD . NNP POS NN NN VBZ IN NNS IN DT NN NN VBZ VBN DT NN VBD VBN IN NNP , NNP NN , CD IN CD NN CC VBZ VBN IN NN , NN , NNP , NN NNP , NNP , NNP NNP NNP . PRP MD VB DT NNS IN DT NN IN DT NN CD NN ."
1039,1116,mainstream,"-LRB- NNP -RRB- IN DT NN VBZ TO VB DT JJ NN HYPH CD NN , DT NNS VBP DT VBG NN WDT RB NN RB VBZ MD VB . EX VBZ NN IN NN IN VBG NNS JJ IN NN NNS VBP NNS IN DT JJ NN IN NNS CC PRP JJ VBG PRP RP IN DT JJ NN , DT NN IN NNS VBD IN NNP NNP NNP . DT JJ NN NN VBZ JJ , JJ , JJ TO VB CC RB JJ , IN JJR IN CD CD NNS VBN CC VBN RB IN JJR IN CD NNS , VBG IN DT NN , WDT VBZ CD IN DT NNS WP VBD NNP CC DT NN NN IN DT NNP CC NNP NNP . DT NN VBZ RB VBN NN RB . DT JJ NN NN VBZ DT VBN NN IN DT NN NN . DT JJ VBN NNS VBP DT JJ CC JJ HYPH VBG JJ NN , NN NNS VBD . PRP VBP JJR TO VB IN JJ NNS WDT RB VBP DT NN IN JJ NN IN DT NN , CC DT NNP CC JJ NNS VBG IN NN NNS VBP VBG IN JJR NNS . PRP MD VB NN TO IN JJS VB PRP TO VB PRP VBP PRP VBZ IN NN , VBD NNP NNP IN DT NNP CC NNP NNP NNP IN DT NNP IN NNP NNP IN DT NNP IN NNP NNP IN NNP , IN IN PRP$ NNS . NNP VBD DT NN WDT VBZ NN IN NNP VBZ JJ NN IN NN IN DT NNP POS NN NN . `` PRP VBP DT NN IN NN -LRB- JJ NN NN -RRB- TO VB CC VB NN HYPH CD . CC NN CC NN VBP JJ HYPH NN NN NNS , RB , PRP VBZ JJ IN PRP MD VB CC VB VBN IN JJ JJ NN NNS , '' PRP VBD . '' , JJ NN NN IN JJ , MD VB JJ NN IN NN NN . '' DT JJ NN NN VBZ NN NNS , PRP VBD . NN NN VBZ VBN WRB DT NN IN DT VBN NN , CD NN IN CD NN , VBZ NN IN DT JJ NN , CC IN PRP VBP VBN VBN CC VBN , CC IN NN . IN NN IN VBG JJ NNS , PRP MD RB VB DT NN IN DT JJ NN IN VBG DT NN IN JJ NNS , NNP , NNP CC NNS VBD . `` DT NN IN NNS IN IN NN VBZ RB JJ , '' PRP VBD . PRP MD VB DT NN HYPH JJ NN , CC RB IN RB CD IN IN DT CD CD NNS VBN , CC RB RB IN JJ NNS . NNS VBP IN DT NNS IN NN VBP IN DT JJ NNS VBN . `` JJ JJ VBN JJ NNS JJ IN DT IN NNS CC NN VBP RB VBN VBN IN VBN JJ JJ NNS IN JJ NNS , '' PRP VBD . `` IN NNP , WRB NNS NN VBD VBN IN DT NN , DT JJ NN IN NNS VBD IN JJR IN CD NN , DT NN WDT VBD RB JJR IN VBN IN DT NN IN DT NN IN NNS NNS RB , '' PRP VBD . DT NN VBZ RB RBR VBN CC JJ IN DT NNP NNPS , CC VBZ RB VBN IN DT NNS IN DT NN , VBG IN DT NNPS IN NNP NNP CC NNP . NNS VBP NN NNS IN NNS IN DT NN ."
1040,430,mainstream,"NNP NNP NNP NNP VBZ VBN DT JJ NN NN MD RB VB VBN JJ IN NN POS NNP NNP NN NN . NNS IN DT NN VBP VBG TO VB DT NN NN , VBG CD IN NNP NNP WDT VBZ VBN NNS , IN DT NN TO VB DT NN . NNP NNP VBD IN DT NN MD RB VB TO VB DT NN JJ IN DT JJ NN IN NN IN DT NN VBZ VBN . WRB VBN IN VBG DT NN JJ IN NNS , NNP NNP VBD : `` PRP VBP IN DT NN IN DT NN POS NN IN VBG DT NN VBZ IN PRP MD VB JJ TO VB RB JJ NNS IN NN IN VBG DT NN . '' VBG JJ NN IN NNS , NNP NNP VBD : `` PRP VBP EX VBZ VBN DT JJR NN IN JJ NN WDT NNS VBP NNS IN DT NN IN DT NN TO VB NNS CC TO VB DT NN VBG RB VBG DT NN IN NNP HYPH CD . `` CC PRP MD RB VB DT NN WRB PRP VBZ CC JJ CC JJ CC , IN CC WRB DT JJ NNS VBP DT NN IN DT NN PRP MD VB RB VBG IN PRP VBZ JJ CC NN MD VB DT NN . '' WRB VBN , NNP NNP VBD PRP VBD RB `` VB RP '' JJ NNS , CC VBD IN NNS VBP VBG `` JJ NN '' IN NN RB . NNP NNP NNP NNP VBD PRP VBZ `` RBR JJ IN RB '' IN DT JJ NNS MD VB VBN IN NN IN NNS . NNP NNP NNP VBD RP IN NNS VBZ NNS VBP RBR JJ IN DT NN , VBG DT MD VB TO VB VBN IN NN . NNP NNP NNP NNP RB VBD PRP VBZ DT NN IN DT NN IN DT NN . RB , NNS VBP RB VBN PRP MD VB IN IN CD NNS IN CD VBZ JJ . NN NNS VBP VBN VBN RP IN DT NN , VBG CD IN NNP WDT VBZ JJR IN CD NNS . NN , NN NN NNP NNP VBD : `` JJ NN , NN IN DT NNP NNP POS JJ NN IN $ CD CD , DT NNP NN VBD JJ NNS IN NNS . `` PRP MD VB DT NNP -LRB- IN NNP -RRB- IN , IN IN NN , CD NNS VBP VBN NN IN DT NN . '' NNP NNP RB VBD IN NN POS NN IN DT NNP POS NN CC NN '' NN MD VB TO VB VBN IN DT NNP IN NNP IN NN . PRP VBZ IN DT NNP VBD CD JJ NN NNS IN NN NNS , NNS CC DT JJR NN NN , RB IN CD NN . PRP VBZ DT JJS JJ NN NN IN DT NN IN NNP . DT NN VBD PRP$ CD NNS NN IN DT JJ NN IN DT NN NN , IN CD NNS . IN NNP , CD NNS VBD VBN RP IN NNP NNP NNP NNP POS NN IN CD DT NN . VBG IN NN POS NN NN , NNP NNP VBD IN NN NNP IN NNP NNP NN MD VB JJ TO VB DT NN . IN NNP , DT IN DT NN POS CD NNS MD VB DT NN IN DT NN CC VB VBN TO VB DT NN . IN NN IN VBG DT NN , NNP NNP VBD PRP VBD NN TO VB RP RB CD NNS DT NN . DT NN VBD : `` EX VBZ RB DT NN IN DT NN IN DT NN . DT JJ NN VBZ IN JJ NN IN DT NNS VBD CD IN NNP CD , RB DT NN VBD RB TO VB JJR IN CD NNS . '' NNP NNP VBZ VBN TO VB DT NN NN NN RBR DT NN IN VBG NNS IN NN IN WRB DT NNS MD VB VBN . DT NNP NN CC NN NN MD VB WRB NNS VBP IN NN IN NN WP VBZ VBN JJ IN NN . DT NN NN MD RB VB PRP TO VB VBN CC TO VB PRP . DT NN VBZ NNP MD VB JJ TO VB IN DT NN IN NNP ."
1041,1283,mainstream,"DT NNP NNP NNP -LRB- NNP -RRB- VBZ VBN IN PRP RB RBR VBZ NNS TO VB VBN IN DT NNP . NNP , DT NNP NNP CC NNP VBP RB VBN PRP$ NNS HYPH JJ NN . PRP VBZ DT NN IN DT NN VBD DT NN IN NNP NNP , DT NNP JJ NN , VBD JJ NN IN VBG NN . CC DT VBG NN IN NNS MD VB VBN IN DT JJR NN IN VBG JJ NN CC VBN HYPH RP JJ NNS . NN VBZ DT RB JJ CC RB JJ NN , CC PRP MD VB VBN IN DT JJ CC RB VBN NN . IN RB CD SYM CD NN IN DT NN VBZ VBN , `` NN NN '' VBZ VBN CC NNS VBP JJ TO VB . WRB DT NNS NN VBD VBN IN CD , DT NN VBD RB CD CD NNS DT NN . DT NN IN NNS NNS VBZ RB VBN IN RB , CC PRP VBZ VBN IN DT NN VBZ VBN RB CD NN NNS IN DT NN IN DT NN . NNS VBP RB VBN TO VB CD IN DT JJ NNS IN DT JJ NN . DT NN IN JJ NNS IN DT NNP VBD NNS IN NN CD IN DT NN IN DT `` JJS NNS IN DT NN '' . CC DT NN IN DT NNP NN IN NNP VBN IN NNP NNP VBD NNS JJ IN IN `` CD NNS WDT VBD DT NN '' . VB JJR : NN NN : NNS JJ TO VB PRP$ NNS VBP TO VB IN DT NNS IN VBN NNS CC IN DT JJ JJ NNS , DT JJ NN VBN IN NNS VBZ VBN IN NN , RB IN DT NNP . IN NNP , EX VBD RB CD NNS IN NNS IN CD , CD IN CD CC CD IN CD . VBG IN JJ NNP NNS , EX VBP RB VBN CD NNS NNS IN DT JJ CD NNS IN DT NN . CC DT NNP VBZ VBG PRP$ JJS NNS NN IN CD NNS . NN NNS VBP DT NN IN VBG NN NN , WDT VBZ TO VB IN RB JJ NNS IN NN NN . DT NNS VBP RB IN JJS IN DT JJ NN WRB NNS TO VB NNS IN NN IN NNP , NNP , VBD VBN IN JJ NN . JJ NNS IN NN NN , RB , VBP RB VBN IN VBN NNS IN EX VBZ DT NN IN DT NN -LRB- NNS , NNS CC NN -RRB- NN CC NN . VB JJR : NN : MD NNS VB JJ . DT NN VBZ VBN IN JJ NNS . NNP NNP , DT NN IN DT NN NN , VBD VBN RP IN DT NNP POS NNP NNP NNP IN VBG RB CC RB , CC PRP$ VBN NN VBD VBN IN DT NNP . RBR DT NN , DT NN IN RB CD NNS IN NNP VBD IN EX VBD DT NN IN DT NN IN NN CC NN : RB IN NNS WP VBD VBN TO VB IN VBN NN , JJ IN DT IN JJ NNS . RB , NNP POS NNS VBP TO VB JJ NN . DT NN IN CD NNS VBN IN NNP IN DT NNP NNP IN NNP NNP VBZ IN CD NN IN NNS IN DT NNP VBP NNP VBZ JJ NN NNS CC RB CD NN IN NNS VBD RB TO VB PRP$ NN DT NN NN , RB IN IN NNS IN NN NNS . IN NNP , DT NNP NNP VBD DT NNS IN DT NN IN RB CD NNS . RB CD NN IN NNP NNP -LRB- WDT VBZ DT NNP -RRB- , CD NN IN JJ NNP CC CD NN IN NNP NNP VBD IN DT NN IN NNS VBP JJ . DT NN VBD CD NN IN DT NNP . DT NNP VBD NN NN IN DT JJ CD JJ NN NN IN CD CC CD WDT '' VBZ TO VB NN VBN IN VBG NN HYPH JJ NNS '' . DT NNP VBZ RP `` NN VBZ JJ CC JJ '' CC DT NNP VBZ IN `` NNS VBP JJ '' . DT VBZ DT NN : WRB VBP RB JJ NNS VB JJ NNS IN DT VBN NN IN JJ NNS CC JJ NN NNS . VB JJR : NNS VBP NN NNS IN VBG IN NN NNS CD JJ NN VBZ WRB DT NN VBZ VBN DT NN PRP VBP NN CC VBP . DT JJ NN IN DT NNP NNP IN NNP NNP RB VBD IN NN IN DT NNS IN NNS IN CD IN DT NNP VBP RB CC RB VBN IN JJ NNS IN NNS IN JJ NN CC JJ NNS . RB , DT NN VBN JJ NN VBD IN DT JJ JJ NNS CC NNS WDT VBD IN DT NNP JJ NNS IN NN IN NNP NNP VBD NN IN NNS . DT VBZ IN DT JJ NN VBZ VBG DT NN IN NN NN TO VB NN IN DT NNP . CC VBG NN NN VBZ DT JJR NN IN NN IN NNS CC NNS WDT VBZ IN NNP CC JJ JJ NNS . IN DT NN IN DT CD NN , NNP NNP VBD IN NNS VBP VBN JJ IN NNS . PRP VBD VBG IN NNS , CC DT NN VBZ JJR NN IN DT RB HYPH VBN `` NN HYPH NN '' NN , WRB NNS IN NN VBP TO VB RBR JJ IN VBG NN IN NNS CC NN . PRP$ JJ NN VBZ IN JJ JJ NNS IN DT JJS NNS IN JJ NN IN JJ JJ NNS , JJ IN NNP , NNP CC NNP , RB VBP DT JJS NN IN NNS WP VBP RB VB IN NNS VBP JJ , JJ CC JJ VBG IN DT NNP NNP NNP . IN NN , NNS WDT VBP DT JJS NNS IN JJ NNS , JJ IN NNP CC NNP , RB VBP DT JJS NNS IN NN NN . DT NN IN NN CC NN NN MD VB VBN WRB PRP VBP IN JJ HYPH NN NNS . NN NNS VBN IN DT NNP IN CD VBD IN NNP NNS VBD RB CD NNS RBR JJ TO VB IN DT NNP NN VBZ JJ . VBG IN RBR JJ NNS , WDT PRP VBD DT NNP VB , CD HYPH NN IN NNP NNS VBD NNS VBD JJ VBN IN CD NN IN NNP NNS CC CD NN IN JJ NNS . PRP VBD JJ NNS IN NNP : NNS IN JJ HYPH NN NN NNS VBD RB RBR JJ TO VB DT NN IN NNS . VB JJR : NN CC NNS : JJR IN NN IN NNS IN NNP , NNP , NNP RB VBP EX MD VB DT NN PRP VBZ JJ TO VB IN DT CD JJ JJ NNS WDT VBD PRP$ NNS HYPH JJ NN VBP RB IN DT NN IN JJ NNS VBN IN DT NN IN NN IN DT NNS . IN NNP , NNP POS NNS VBD VBN IN DT JJ NN NN WP VBD DT JJ NN IN JJ JJ NN CC NN . IN DT NNP NNP , NNS IN NNS IN NNS VBP VBN IN DT NNS DT NN TO VB IN VBN JJ NN VBN IN DT NN JJ NN NNP NNP . NNPS VBP VBN RB IN CD , IN NN RB CD NN JJR IN JJ NNS . NNP NNP POS VBN HYPH NN NN VBD RB VBN IN NNP NNP , WDT VBZ VBN VBN IN DT NNS IN DT JJ HYPH NN NN NN . PDT DT VBZ WRB JJ NNS CC NNS VBP NN IN NN . RB IN NNP NNP POS NN VBZ RB VB PDT DT NN WDT VBZ VBN IN JJ NNS IN NNP NNP , DT NNP VBG PRP$ NNS HYPH JJ NN VBZ RB VB DT NN IN DT NNP NNPS . PRP VBZ RB JJ TO VB WRB JJ CC DT NN IN NN CC JJ NN VBP IN DT JJ JJ NN ."
1042,331,mainstream,"NNS IN NN NN MD VB IN PRP$ NN TO VB JJ PRP VBP VBN IN PRP VBP JJ . NNS IN NN NN WP VBP RB JJ CC VBP RB VB JJ NN IN NN MD VB IN JJS CD NN IN NN NN . PRP VBZ JJ IN VBG NNS TO VB NN NN . NN VBZ RB VB IN DT NN IN NN NN , CC DT NN MD RB VB VBN IN DT NN IN NN NN . NNS IN VBN NN IN NNS IN IN DT NNS NN IN DT NNS NN , JJ NN NNS MD VB DT JJ NN IN NN NN IN NNS WP VBP IN NNS IN VBN NN IN VBG NNS . DT NNS VBP RB DT WP VBP JJ TO VB JJ NN , JJ IN VBG NN NN CC NNS , VBG , CC VBG IN JJ NNS , IN DT NN WP VBZ NNS . PRP$ JJ JJ NN NNS CC NN MD VB IN DT NNS IN VBN NN IN PRP MD VB DT NN . IN PRP RB VBP CD NNS IN NN , PRP VBZ RB JJ TO VB RP NN IN PRP VBP NN IN DT NN . WP MD RB VB NNP NN . DT NNS MD RB VB NN NN CC MD VB . VB PRP$ NN NN IN DT NN VBG DT NN : NFP VBZ DT JJ , NN HYPH VBG NNS . DT NN WP VBZ RB VBN DT NN HYPH VBG JJ NN IN DT NN IN NN NN , CC VBZ DT JJ NN IN DT NN IN DT NN , MD VB VBN RB TO VB VBN . VB PRP$ NN NN NN IN PRP VBP NN IN NN NNS . NFP VBZ JJ , CC VBZ PRP MD VB JJ . JJ NNS MD VB TO VB NNP NN IN IN PRP VBP RB RBR JJ . NNS MD VB VBG JJ IN IN JJS CD NN IN VBG NNP NN . NFP VBZ DT VBN NN NN IN IN NN -LRB- JJ IN NN CC NN , NN -RRB- CC JJ NNS -LRB- JJ IN NN , NN , NNS , CC NN -RRB- . NFP VBZ DT NN , NN , CC NN IN DT NN IN NN NN NNS . NFP VBZ RB VBN DT NN WDT VBZ PRP VB CC VB RB . NFP VBZ RB VBN DT NN NN CC VBN JJ NN NNS . PRP MD VB VBN TO VB NNP NN IN CD NNS CC JJR . NFP VBZ VBN DT JJ NNS IN DT JJ CD NNS . JJ NNS VBN RB RB RB MD RB VB RB RB . NFP VBZ RB VBG RB . DT JJ NN , JJ IN DT NN , VBZ RB RB DT NN TO VB DT NN . NN WP VBZ RB CC RB JJ MD RB VB . PRP$ NN MD VB PRP . DT NN VBD VBN RB IN DT NNP -LRB- NNP , NNP CC NNP -RRB- NN NN NN -LRB- NNP -RRB- VBN CD . VB WP MD RB VB NN NN , WDT VBZ IN NNS , NNS , NN , CC NN -LRB- NN -RRB- . DT NN VBZ RB VBN IN NN IN NNS WP VBP CD NNS IN CD NNS IN NN . WP VBZ RB VB NNP NN . PRP VBP RB VB NNS , NNS , CC NN -LRB- NN -RRB- NN IN PRP VBP DT IN DT NNS IN JJ NN IN NN : NFP PRP VBP VBN NN IN JJ NN : SYM IN JJS CD NN IN DT NN , NNS , CC NN NN HYPH VBG NN VBN IN CC IN DT JJ NN IN NN HYPH NN NNS CC NNS RB IN JJ NN IN NN CC NN SYM CD NNS IN NNS CC NNS NN HYPH VBG NN IN NN HYPH NN NNS CC NNS IN JJ NN IN NN CC NN , VBG NN NNS , NN NNS , JJ NNS , CC NNS IN VBN NN IN NNS . PRP VBP NN NN IN JJ NN CC VBD NN NNS WDT VBP PRP VBP JJ IN NNS , NNS , CC NN . NFP PRP VBD VBN IN CD . IN PRP VBP RB VB JJ NN IN NN IN NNS , NNS , CC NN , VB IN PRP$ NN IN VBG VBN . IN PRP VBP JJ IN PRP VBP VBN VBN , PRP MD RB VB TO VB PRP$ NN NNS . IN PRP VBP RB VB VBN NN IN NN NN , PRP MD VB VBN . DT NNP NN VBZ JJ , CC EX VBZ DT NN IN VBG DT NN IN PRP MD RB VB JJ IN NNS , NNS , CC NN . IN PRP VBD DT NN NN IN DT NNS , PRP MD RB VB TO VB VBN . NNS WP VBP NN IN VBG NN NN NN IN DT NNS VBP RB VB TO VB VBN . NNS WP VBD VBN JJ IN CD IN CC VBN -LRB- VBN -RRB- NNS NN CC NN NN IN JJ NN MD VB VBN IN IN JJS CD NN IN JJ VBN NNS NN . DT NN VBZ VBN TO VB DT WP MD VB VBN VBN NNS NN , WDT VBD JJ IN CD SYM CD CC VBD RB JJ . NFP NN IN CD VBZ RB JJ NN IN NNS , NNS , CC NN . IN NNS VBD JJ , RB NN VBD VBN IN NNS , NNS , CC NN NNS IN NN . DT NN IN NNS VBN IN CD VBP JJ TO VB VBN VBN RB CC RB VBP VBN TO VB VBN IN NNS , NNS , CC NN . NN NNS VBN IN CD IN NN NN IN NN CC NN MD VB VBG CD NNS IN NN NN . WRB RB VBZ DT NN NN NN . NNP NN VBZ RB JJ IN VBG NNS IN NNS , NNS , CC NN , CC VBG DT NNS VBN IN DT NNS . NNS WP VBD CD NNS IN NN NN IN NNS VBG IN DT NNP NN NN VBP RB VBN VBN IN NN CC VBP RB VB DT NN NN . DT JJ NN MD VB VBN IN PRP VBP IN NN IN IN DT NNS NN . CD NN IN NN NN VBZ CD NN JJ IN NNS , CD NN JJ IN NNS , CC CD NN JJ IN NN . CD NNS IN NN NN VBP CD NN JJ IN NNS CC CD NN JJ IN NNS . NNP VBZ DT VBN -LRB- VBN -RRB- JJ NN NN . DT VBZ IN IN NN , DT NNS VBP DT JJ NN IN DT VBN NN IN RB JJ , IN DT , NNS IN PRP VBP VBN IN DT NN . DT NN POS NN NN VBZ DT NN VBN IN DT VBN NNS , CC NN -LRB- DT NN POS NN IN DT NN -RRB- VBZ . DT NNS WP VBP CD NNS IN NN NN MD RB VB NNS , NNS , CC NN IN PRP VBP VBN IN DT NNS WDT VBP DT NNS . NNS VBP RB JJ WRB , PRP MD VB IN PRP$ JJ NNS VBD RB VB RB RB IN PRP MD VB IN DT NN CC PRP$ JJ NN POS NN TO VB DT NN VBD IN NN . RB , NN NNS VBP RB JJR IN VBN NNS . NFP RB CD IN IN CD NNS WP VBP CD NNS IN NN NN MD VB NNS IN VBN IN DT NN . RB , PRP VBP RBR JJ TO VB DT JJR NN , CC VBP RB RBR JJ TO VB DT NN IN JJ NNS . NFP CD NNS IN NN NN VBP CD NN -LRB- NN CD NN IN CD NN -RRB- JJ IN VBG NNS . NN NNS MD RB VB IN RB VBN NNP NNS , RB IN NNS WRB NNS VBP JJ , VBN NN , JJ IN NNS CC JJ HYPH NN NNS . IN DT NN , JJ NN NNS MD VB DT JJ NN IN NN IN NNS WP VBP IN NNS IN VBN NN IN NNS . DT JJ NN MD VB VB NN IN NNS NN CC JJ NNS . NFP IN EX VBP RB JJ NNS JJ , JJS NNS WP VBP RB VB IN DT NN NN IN DT JJ NN NN MD VB VBN TO VB IN DT JJ NN . NNP NN VBZ IN CD NNS : NNS , NNS , NN , CC NN -LRB- NN -RRB- . DT NN VBZ RB VBN IN NN IN NNS CD NNS IN CD NNS IN NN . NNP VBZ IN NNS VBP CD NN IN NN NN IN CD IN CD NNS IN NN , CC DT JJ NN IN CD IN CD NNS IN NN . NNS MD VB DT JJ NN IN NN NN RBR IN CD IN CD NNS . DT JJ NN IN NN NN MD VB VBN CD NNS IN DT JJ NN . DT NN MD VB NNS VB IN TO VB DT NN CC NN NN . NNP VBZ VBN IN NN CC MD VB VBN IN DT JJ NN IN JJ NNS . UH VB DT NNP NN NN NN -LRB- NN -RRB- IN JJR NN IN WP MD RB VB NN NN CC MD VB . IN JJR NN , VB SYM NN : CD NNS IN VBG PRP$ NN IN NNS , NNS , NN , CC NN -LRB- NN -RRB- , NN NN NFP RB VBN NNS IN JJ NNS CC DT NN NN MD PRP VB VBN IN VBG VBN IN NNS , NNS , CC NNP . IN PRP VBP RB VB NN IN NNS , NNS , CC NN CC VBP VBN IN NN IN CD IN DT NNS , VB IN PRP$ NN IN VBG NN NN . PRP VBZ RB JJ TO VB NN NN IN VBG VBN IN NNS , NNS , CC NN , CC VBG RB MD RB VB JJR NN . IN PRP VBP NN NN IN CD NNS IN RB VBG VBN IN NNS , PRP MD VB DT NN IN DT NN , CC VB JJR NN . IN JJ NNS , PRP MD VB VBN DT NN VBN NN -LRB- NN -RRB- IN CD NNS IN VBG VBN IN NNS , TO VB DT NN IN DT NN , CC VB JJR NN . IN IN NNS , NNP VBZ RB VBN VBN TO VB JJ IN VBG NNS CC NN IN NNS RB VBN IN DT NN -LRB- FW , NN HYPH NN NN VBZ RB VBN -RRB- . IN NNS IN NNS CC NNS , NN IN JJ NN IN NN MD VB VBN RP IN NN IN PRP$ NN NN . CC DT NNS WP VBP RB IN IN NN IN PRP$ NN NN MD VB VBN TO VB DT JJ NN IN NN IN VBN NN IN NN . WP VBP DT NN CC NN NNS IN NN NN . DT CD NNS CC DT NNP IN NNP -LRB- NNP -RRB- VBP NN NNS WDT VBP NNS VBG NN CC JJ NNS TO VB JJ NNS . EX VBZ DT JJ NN WDT VBZ DT . DT JJ NN IN NNP NNS VBZ IN DT NNS VBP NNS VBG NN , CC NNS VBG NN , NN , CC JJ JJ JJ NNS TO VB IN IN NN IN NN NN : SYM CD NN VBZ VBN IN NN HYPH JJ NNS CD NNS CC JJR SYM CD NNS VBP VBN IN NN HYPH JJ NNS IN NN IN NN CD RB RB IN NNS VBG NNS CC JJ NN HYPH JJ NN JJ NNS IN JJR NN , VB NN NN NNS . WRB MD NNS VB IN NN NN . JJS NN NN NNS VBP DT NN IN NNS . CC PRP MD VB TO VB IN PRP$ NN NN NN IN VBG IN DT NN . VB WRB TO VB IN NNS . IN PRP VBP RB VB NN CC IN PRP$ NN VBZ RB VB NNS IN PRP$ NN , DT NNPS IN NNP -LRB- NNP -RRB- NN MD VB JJ TO VB . DT NN VBZ NNS IN JJ NNS WP MD RB RB VB NN IN NNS . TO VB RP IN PRP$ NN VBZ JJ , VB DT NNP NN CC VB PRP$ NN POS NN . PRP MD RB VB PRP$ NN NNP NN . SYM NN NN NNS SYM NN : VB JJ PRP$ NN VBZ RB VBN SYM NNS : VB JJ PRP$ NN VBZ RB VBN SYM NN : VB JJ PRP$ NN VBZ VBN NFP WP MD VB IN PRP VBD NNS . SYM NNS , NNS , CC NN VBP JJ NNS . VB JJ PRP$ NN VBZ VBN . , NNP NNP NNP -LRB- IN NNP , NNP NNP , NN -RRB-"
1043,788,mainstream,"CC DT NN IN DT NNP HYPH NN NN VBZ DT : PRP VBZ NN TO VB DT NN WDT VBZ JJ IN NNS CC VB PRP$ NN CC NN IN NNS . `` IN PRP VBP IN DT NN IN NNS DT NN WDT RB VBZ NNS , PRP VBP VBG IN NN VBZ DT JJ NN , IN NN NN CC NN DT JJ NN , '' NNP HYPH NNP NNP , NNP NN NN HYPH NN , VBD IN DT NN NN . RB WP VBZ PRP VB TO VB DT NN IN DT NN IN DT NN WRB PRP VBZ RB VBN . PRP VBD NNP NNP TO VB RP WRB PRP MD VB . TO VB , PRP VBZ CD NNS . CC PRP VBP RB IN NN CD . DT JJ NN IN VBG DT NN VBZ TO VB DT NN IN DT NN . VBG DT NN VBZ NNS TO VB PRP$ NN IN DT NN . RB , DT VBZ DT NN IN DT JJ NN : TO VB IN NN DT NN WDT VBZ IN DT NN , CC VBZ RB DT NN . DT NN VBZ DT NN JJR IN DT NNS IN NNS . NNP CC DT NN , IN NN , VBP RB VBG , VBG JJ NNS WDT MD VB DT NN NN . DT VBZ WRB DT JJ NN NN VBZ RP DT NN . NNP VBZ RB RBR JJ : PRP MD VB CC VB DT JJ NN IN CD NN POS NN . RB , NNP VBZ RB IN DT NN CC NN . `` DT JJ NNP NN VBZ DT JJ JJ NN : DT NNP NNP NN NN : IN DT JJ JJ NN , '' NNP VBZ . `` CC PRP VBZ RB VBN . DT NN WP VBZ VBN , VBZ VBN IN DT JJ NN . '' DT VBZ CD NN MD VB DT NNS IN NNP , IN DT NN IN JJ NNS . PDT DT NN NN VBZ TO VB DT NN VBZ DT NN POS JJ NN NN . DT JJ NN NN VBZ DT NN POS NN NN . DT VBZ WP NNS VBP VBN IN DT NNP NNS RB IN NN . `` PRP VBP VBG DT JJ NN IN NNP WDT VBZ IN DT NN NN CC PRP VBP DT JJ NN IN DT NN IN DT NN , '' NNP VBZ . DT NN NN MD RB VB DT NN JJ , CC MD , IN DT NN , VB DT JJ NN IN DT NNP NN . DT NN MD RB VB VBG DT NNS JJ TO VB NNP . DT NN NNS VBP IN DT NN VBZ DT VBN JJ NN IN DT NNP NN . `` DT NN NN VBZ VBN VBN IN DT VBG NNS , '' NNP VBZ . `` DT VBZ WRB DT NN VBZ IN RB . '' IN IN DT NN , DT NNP NNP NNP VBZ , `` DT NN MD VB VBN DT JJ CD NNS , CC NNS IN NNS CC VBG RP NN MD VB NNS IN NNS , CC VBG DT JJ NN PDT DT NN IN NN RB VBZ $ CD CD IN $ CD CD . '' CC DT VBZ WRB PRP VBP VBN IN NN CD . DT NN HYPH VBN NN MD RB VB DT JJ NNP , CC DT VBZ RB VB PRP VBZ JJ IN NNS . JJ HYPH NN NNS MD VB JJ NN NNS ."
1044,231,mainstream,"DT NNP NN NN NN VBD PRP VBD CC VBD JJR IN RB IN VBG DT NNP NN , NNS VBP . NNP NNP , CD , IN NNP VBD CD IN CD NNS WP VBD RB IN DT NNP HYPH CD JJ NNS VBN IN NNP , WP VBD DT JJ JJ NNS . DT NNS NN VBD DT NNS CC DT DT CD HYPH NN NN NNS IN VBG PRP$ JJ NN IN DT NN NN , VBD NNP NNP . JJ NNS PRP VBD VBG VBD NN CC JJ NNS IN PRP$ NNS , VBG PRP$ JJ NN TO VB DT NN POS CD HYPH NN NN . NNP CC PRP$ NN VBD VBN TO VB IN DT JJ NN RB RB IN JJ CC PRP VBD IN CD NN . RB IN VBG IN NN , PRP VBD TO VB RB CC VB DT RB HYPH VBN NN IN VBG DT NNP . CC RB IN DT NN , NNP RB VBD DT CD NN CC VBD RB JJ IN PRP VBD IN DT NN , PRP VBD DT NN . PRP VBD WRB IN PRP$ NN RB IN DT NN , PRP RB VBD : CC RB PRP$ NN VBD RB TO VB PRP$ NN IN VBG IN DT NN . DT NN VBD VBN TO VB DT NN POS NNS RB CC NNP VBD NN CC VBD CC PRP$ NN VBD RBR IN DT NN . NNP VBD NNP POS NNP NNP IN PRP RB VBD PRP$ `` JJ '' NN IN DT NN IN NN IN NNP RB VBD DT JJ NN IN PRP$ NN . IN PRP VBD NNP POS NNP NNP IN PRP VBD DT `` JJ NN IN NNS IN CD NNS , '' PRP VBD IN PRP VBD PRP$ NN IN NNS IN NN IN `` VBG JJ '' NNS . `` PRP VBP IN VBG DT NN , PRP VBZ VBG TO VB JJ IN DT NNS , '' PRP VBD NNP NNP . `` PRP VBP IN PRP VBZ RB VB DT NN IN JJ NN IN NNS IN JJ CC IN RB DT NN . '' CC NNP RB VBD IN PRP VBD DT NN CD NNS JJR IN JJ NNS CC PRP `` VBD RB IN CD JJ JJ HYPH NN NNS MD VB VBN NN JJ . '' `` EX VBZ DT NN RB : DT VBZ DT JJ NN WRB PRP VBP JJ NNS , '' PRP VBD IN DT NN IN NNS . `` RB JJ NNS MD RB VB VBN IN CD SYM NNS . `` PRP VBP RB , CC PRP VBP RB IN NN NN . '' IN DT NN IN PRP$ NN , NNP VBD PRP VBZ `` RB JJ '' IN DT NN . `` NNS VBP DT JJ RBS JJ NNS PRP VBP . PRP VBZ JJ TO VB PRP RB : WDT VBZ WP VBZ VBG RB , '' PRP VBD IN DT NNP NN . `` WP PRP VBD IN NNS IN NN IN VBG VBN IN NNP HYPH CD . CC IN DT NN IN VBG DT VBN NN IN DT NN . '' PRP$ NNS VBD IN DT NNP NN NN VBD CD IN NNP NN . JJ NNS VBP RB JJ , VBG DT JJ NN NNP , WDT VBD PRP$ NN NN IN NNP DT NN ."
1045,1183,conspiracy,"JJ NNS CC NN NNS VBP JJ IN VBG IN DT NN HYPH NN NN VBZ JJ CC IN DT JJ JJ NN VBZ TO VB RB DT JJ NN IN NNS CC NN NN NNS -LRB- NNP -RRB- : NN VBN . CC DT RB HYPH VBN NN RB VBN IN NNP NNP IN IN NNP NNP VBZ IN EX VBP IN JJS CD VBN JJ NNS WDT VBP DT NN IN NNS CC NN CC IN EX VBP JJ JJR RB RB IN JJ NNS . JJ IN DT JJ NN VBZ IN NNP NNP NNP POS NN RB IN DT JJ NNS , WDT VBD JJ NN IN DT JJ NN NN IN NN IN DT NN NNS , NNS CC NN -LRB- NN -RRB- NN . NNP NNP RB VBD DT JJ NN IN PRP$ NN , WDT VBD RB VBN RB IN DT NN CC RB VBN RB IN VBG JJ , RB IN PRP$ JJ NNS VBP RB VBN VBN CC VBN IN JJ JJ NNS . DT CD NN VBN IN DT NNP IN NNP NNPS , IN NN , VBD DT JJ NN IN DT NN NN CC NN , RB IN NNS IN DT NNS NN IN DT NN . DT NNS IN NNP NNP NNP VBD IN NNP VBZ JJ IN VBG DT JJ NN NN IN DT NNS , WDT IN NN MD VB IN JJ NNS WDT VBP IN DT NN IN NN . DT NN VBN IN DT NN NNP IN CD VBD DT JJ NN IN DT NN NN CC NN , IN IN DT NN NN VBD DT NN . VBG IN DT NN IN DT NN , NNS WDT VBP NN VBP RB JJ IN NNS , WP VBP RP RBR VBG VBN IN NN , IN PRP VBP JJ NN NNS IN CC NN CC NN . DT NN VBN IN DT NNS , IN JJ NNS , VBZ TO VB DT JJ NN IN NN NNS . `` RB IN DT NN NN CC NN NN , EX VBP RB DT NN IN NNS WDT VBP NNS IN DT JJ NN NN , '' VBZ NNP . `` -LRB- NNP NNS RB VBP VBN IN NN IN NNS VBG NN , NN NN CC JJ NNS WDT VBP DT NN NN , '' PRP VBZ , VBG IN JJ JJ NN NNS IN NN VBP VBN VBN IN NN IN NNS . JJ NNS , NNS , NNS CC JJ NN NNS RB VBN IN VBG NN RB DT RBS JJ NN IN NNP POS JJ NN IN DT NN VBZ DT NN IN EX VBP TO VB JJ NNS IN NNS JJ IN VBG NN . IN JJ NNS IN NN CC NN , NNS RB VBP NN NNS , NNS CC JJ NNS WDT VBP RB VBN VBN IN NNS IN DT NNS VBN IN PRP$ NN . RB , DT IN DT NNS VBZ RBS RB JJ CC IN NN CC IN NN IN DT JJ NNS , VBG VBN NN VBG IN DT NN . `` NN NN , NN NN CC NN VBP VBN RB VBN IN NN IN JJ NNS VBG JJ JJ NNS , '' VBZ CD NN IN IN NNP NNP NNP , WDT VBD IN JJ NNS VBP DT JJ NN IN NN IN PRP$ NN NN WDT VBZ IN NN NN . JJ IN DT NNS VBN IN NNP POS NN RB VB NN , DT JJ NN NN WDT VBZ RB VBG VBN IN JJ NNS IN NN NN , IN DT NN IN VBG DT NNS IN NN NN VBN IN NN . CD JJ NN IN IN DT NNP IN NNP NNP NNP NNP VBD IN IN DT CD NNS IN NN VBN IN DT NN , EX VBZ DT JJ CD NN NN IN NN NNS . IN NN HYPH VBG NN NNS RB VBG VBN IN NNS RB JJ IN CD NNS JJ , PRP VBZ RB JJ IN NN HYPH VBN NN NN VBZ RB VBG IN DT NN IN NN VBG VBN RB IN NN NN . VB JJ TO VB NNP POS JJ NN , WDT VBZ CD VBN JJ NNS , RB : DT NN NN IN JJ NN NNS VBZ RB IN NN . VB NN NN NN IN CD NN RP IN JJ NN NNS CC JJ NN NN ."
1046,53,mainstream,"IN NN IN PRP$ NN TO VB NN IN NNP NNPS IN NN NN NNS , NNP VBZ NN NN NNS VBG JJ NN CC NN NNS IN NNS WDT VBP DT JJ JJ NN NN . DT NNS VBP JJ NN NN IN DT JJ NNS CC NNS , CC VBP IN DT JJ NN NN VBG PRP$ NN IN DT JJ NN . DT NNS VBP VBN IN NN IN JJ JJ NN NNS CC NN NN NNS . PRP MD RB VB IN NN IN JJ NN NNS , DT NN NN NN , DT JJ NN , CC DT JJ NN . WP NN NNS VBP DT NNS IN DT NNP NNP NNP NNP IN NNPS -LRB- NNP -RRB- IN NN CC VBP DT JJ NN NN CC RB CC RB JJ IN NN . NNS TO VB JJ NNS IN NN CC TO VB JJ CC JJ NN IN DT JJS JJ NN VBP VBN RBR JJ IN JJ NNS . DT NN IN NNS IN NNP NNS VBZ VBN IN NNP IN NNS IN NNS VBN JJ IN NN NNS VBN IN DT NNP NN NN . DT NN NNS VBP VBN IN DT NNP NNP NNP IN NNP CC NNP CC VBN IN DT JJ CD JJ NNS : JJ , JJ , JJ , CC NNP . DT NN NN VBZ RB VBN IN DT NN IN CC NN CC NN NNS , DT NN IN JJ NNS , CC NNS IN NN IN JJ NN . DT NN IN VBG NN NN NNS VBZ VBN RB CC VBZ RB IN DT NN IN JJ JJ NN CC JJ NN NNS . DT JJ NN VBG DT JJ NN IN DT NN VBZ VBN WRB VBN . UH VB NNS CC NNS IN DT NN IN DT NNS IN NNP ."
1047,203,mainstream,"NN NNS CC NNS IN DT NN VBP VBG TO VB NNS CC VB JJ NNS IN DT NN , WDT VBZ VBN JJR IN CD CD NNS RB IN RB JJ IN CD NNS , VBG IN NN VBN IN NNP NNP NNP . EX VBP DT VBN , NN NNS CC NNP NN NNS VBP DT NN MD VB IN JJS DT NN IN CD NNS . IN NNP CD , DT NNP CC NNP NNP VBD NN NN NN IN NNP NNPS POS JJ NN NN . DT IN DT NN HYPH VBN JJ NN VBD NNP HYPH CD NNS WP VBD NN RB VBD IN CD NNS . DT VBZ CD NNS JJR IN DT WP VBD RB VB DT NN . DT NNP VBZ NNS IN DT NNP MD VB VBN TO VB NN IN NNS VBN IN NNP HYPH CD RB IN PRP VBZ RB VBN RB VBN IN DT NN . RB IN DT NN VBZ JJ NN , JJ NN NNS CC NNS VBP NNS MD VB DT NN IN NNS TO VB DT JJ NN , WDT MD RB VB DT JJ , JJ , JJ CC JJ JJ NNS IN DT NN . RB VBZ DT NN IN DT VBG NNS CC NNS IN NN TO VB NNP HYPH CD . DT NNP NNPS IN NNP , DT NN IN DT NNP IN NNP CC NNP NNPS , VBZ VBN RB HYPH VBG NN IN NN NN NNP TO VB DT NN TO VB NNP HYPH CD . DT NN VBD DT JJ NN CD JJ NN IN CD NNS VBG DT NN TO VB DT NN IN NNP CC VBZ VBN VBN TO RB VB PRP$ NN CD , WDT MD VB DT NN IN CD NNS , IN JJ NNP CC NNP . IN DT VBZ RB , PRP$ NN MD VB IN NN RB RB IN NNP . NNP POS JJ NN VBZ JJ NN VBN NN NN , CC NN , WDT VBD VBN IN DT NN . DT NN VBZ DT JJ NN WDT VBZ NNS WRB TO VB DT NN CC VBD VBN IN DT JJ NN IN DT JJ NN , VBG IN NNS IN DT NNP NNP NNP NNP NNP NNP . DT NN VBZ DT NN POS JJ JJ NNS IN VBG NNS TO VB DT WDT VBP DT NN NNS , RB VBG DT JJ NN . NNP CC NNP VBD NNP HYPH CD NN NN IN NNP . NNP POS JJ NN NN MD VB DT NN CD JJ JJ NN IN NNP , DT NN VBN IN NNP , CC JJ NNS IN DT NN VBZ VBN IN DT NN IN DT NN . IN DT NN VBZ RB , DT NN VBD PRP MD VB CD CD IN CD CD NNS IN NNP CD . DT NN VBD PRP VBZ VBG DT JJ NNS PRP VBD TO VB PRP$ JJ NNP NN , WDT VBD VBN IN NNS IN DT NNP NNP IN NNP IN JJ CD . PRP VBZ VBG JJ NN IN DT NN IN DT VBN NN WDT VBZ VBN TO VB JJ NNS IN NNS . NNP VBD PRP$ JJ NN JJ NNS IN DT JJ NN IN NNP CD , VBG PRP DT JJ JJ NNP HYPH CD NN TO VB JJ NN IN NNP . PRP VBZ PRP MD VB IN IN CD JJ NN NNS IN NNP CC NNP CC VBZ JJ NN NNS CC NN NNS IN JJ NN . NNP VBD PRP$ JJ NN IN VBG JJ NN IN DT NN IN JJ NN , WDT NNS VBP MD VB DT NN NN TO VB NNS IN PRP . DT NN NN VBN IN NNS IN NNP NNP VBD NN CD JJ NNS IN NNP CD . NNP NNP NNP NNP NNP VBD IN PRP MD VB $ CD CD , -LRB- $ CD CD -RRB- , TO VB VB DT NNP NN . DT NN VBD PRP VBZ TO VB CD CD NNS IN NNP . NNP NNS VBP VBG PRP$ JJ NN NNP NNP HYPH CD , CC PRP DT NN IN JJ JJ NN NN . IN NNP POS NN , DT NNS MD VB JJ NN IN DT NN IN DT NN WDT VBZ VBN VBN . PRP MD RB VB DT NN IN DT NN , VBG TO VB DT JJ NN . JJ NN NNP , WDT VBZ VBG IN JJ NN NNP , VBD VBG DT JJ NN TO VB DT NN IN DT NNP IN NNP CD . DT NNP HYPH VBN NN VBZ TO VB `` NNS '' IN NNS IN DT NN IN DT NN CC VBZ TO VB IN `` NNS IN NNS '' IN NNS JJ NN . DT JJ NN VBZ NN NN , JJ IN NNP . DT NN VBZ DT JJ NN WDT VBZ NNS WP TO VB : IN DT NN , DT NN WDT MD VB DT JJ NN IN DT NN . NNP CC NNP VBD NNP CD IN PRP VBD VBN DT NN TO RB VB DT NNP HYPH CD NN IN DT NN IN JJ NN . DT NNS VBP TO VB JJ NNS IN DT JJ NN IN CD CC , IN JJ , VBP IN IN CD CD NNS JJ NN . TO VB PRP , NNP VBD PRP MD VB PRP$ NNP NN NN WDT RB VBD PRP IN NN IN NNP MD VB NN NN NN , WDT VBZ VBN TO VB DT JJ NN IN NNS . NNP VBD IN NNP CD PRP VBD DT NN NN NN CC MD VB JJ NNS IN NNP IN JJ NNS VBN IN NNP . DT JJ NN , WDT VBZ VBG VBN NNP HYPH NNP , VBZ VBG NN NN CC MD VB TO VB DT RB HYPH VBN NN NN , VBN IN DT NN IN DT NN , WDT VBZ VBN TO VB DT NN NN . DT NNP VBD NN NN NN IN NNP POS NN NN TO VB NNP HYPH CD IN NNP CD . DT NNP NNP IN NNP CC NNP NNPS VBD NNS IN PRP$ NN VBG NNS WP VBD NN RB VBD JJR IN DT WP VBD RB VB DT NN . RB IN NN VBD VBN IN NN NN , EX VBP RB JJ JJ JJ NNS VBG IN PRP VBZ JJ IN VBG DT NN IN VBG . NNP VBZ VBN DT NN IN VBG NN CC NNP , WDT VBP RB VBN IN NNS . DT NN NNS IN DT NNP , NNP CC JJ NNS IN DT NN VBP VBN VBG NN , WDT VBD VBN IN DT JJ NN IN DT NNP NN , IN NNS IN DT NN MD VB DT NNS IN NNP HYPH CD NNS . DT NN VBD PRP VBZ TO VB JJR IN CD NNS IN PRP$ CD HYPH NN NN NN IN DT NN IN NNP CC VBZ PRP MD VB CD CD NNS IN DT NN IN DT NN . NNP NNP NN CC NNS NNP VBZ DT NNS HYPH JJ NN NN VBN IN NNP NNP NNP IN DT JJ `` NN HYPH NN . '' DT NN VBZ VBN TO VB IN VBG NN CC NN NN , CC RB NNP HYPH CD . DT NN IN JJ NNS IN PRP$ NN IN NN NNS VBN IN NNP CC NNP VBD VBN NN IN DT NN MD VB VB DT NN . RB , NN , WDT VBZ JJ IN DT JJ NN CC VBZ RB VBN IN DT NN NN NNP IN JJ NN NNP , MD VB JJ NN NNS , VBG NN NN CC NN NN . DT NNP VBD DT NN IN VBG DT NN IN DT NN CC JJ JJ NN NN IN PRP VBD JJ IN NNS IN `` JJ NN NN NNS '' IN NNS . IN NNP CD , NNS IN NNP NNP IN NNP NNP VBD CD IN DT NN POS JJS JJ JJ NNS IN JJ NN NNS RB HYPH VBN NNS IN NN NN , VBG NNS IN DT NN TO VB IN NNS IN JJ NN . PRP VBZ CD IN JJR IN DT CD JJ NNS IN DT NNP VBG IN NNS IN DT NN , VBG IN NNP . CC DT JJ NNS VBP RB RB JJ . DT JJ NN VBN IN DT NN NNP NNP NNP IN NNP CC VBN IN DT NNP NNP NNP NNP IN NNP , IN NN IN DT NNP IN NNP , VBD IN PRP VBD RB VB NN NNS . JJR RB , WRB VBN IN NN : WDT JJ NNS VBD IN NN NN NNS : PRP VBD NNS IN RB JJR NN IN JJ NN . NNP VBZ DT JJ NN VBN IN NNP NNP IN DT NN NNP . NNS IN NNP VBP VBG DT NN TO VB IN PRP VBZ JJ IN VBG DT NN . JJS IN NNP POS JJ NNS VBZ VBN IN PRP$ NN CC NNP NN : RB , DT NN RB VBD JJ NN IN JJ NN NNS , VBG IN NNS IN NNP . NNP CC NNP VBD JJ NNS IN NN NN NN NNP IN NNP HYPH CD NNS IN NNP . DT NN VBZ DT NN VBN TO VB IN DT NN NN IN NNS IN DT RBS JJ NNS IN NNP HYPH CD . DT NNS VBD JJ NN IN NNP VBD NN IN VBG DT JJS NN NNS IN DT JJ NN CC PRP VBD RB JJ IN NNS IN RBR HYPH JJ NN , VBG DT NNS TO VB VBG DT NN IN DT NN . NNP NNP , IN NN IN NNP NNP IN NNP CC NNP NNPS , VBZ VBG IN PRP$ JJ NN NN NN VBZ JJ IN DT NN . DT NN VBZ IN NN POS JJ NNS MD VB DT NN POS NN IN DT NN . IN DT NNS VBP VBG IN NNS TO VB DT NN , NNP NNP , NNP CC NNP , IN JJ NNS , VBP VBG IN RB HYPH VBN NN NNS , WDT VBP VBN TO VB IN NN NNS CC MD VB NN IN NN IN DT NN . RBR DT NN , NNP VBD PRP$ NN MD VB JJ IN NN IN DT NN IN DT NN CC NN ."
1048,845,mainstream,"NNP NNP NNP NNP NNP VBD IN NNS MD VB IN JJ NN CC VB NNS IN NN IN EX VBZ DT NN IN NNP HYPH CD . `` IN PRP VBP DT NN , DT VBP RB JJ , '' NNP VBD NNP IN VBG RP DT JJ NN , VBG IN NNP NN NNP . `` DT VBZ RB RB JJ IN DT NN , CC DT VBZ DT NN TO VB IN PRP VBP TO VB NNS . '' DT NN : DT NNS IN NNP , RB RB IN JJ VBG JJ NNPS , VBP IN NN IN NNP NNP POS NN TO VB DT NN IN NN CC PRP$ NN TO VB RP IN DT NN RB IN NNS VBP . NNP VBD DT NNS IN VBG DT NN IN NNP , NNP , TO VB IN DT NN VBN IN JJ NN NN NNS IN DT NNP NNP , DT JJ NN NN NN WDT VBD VBN CD NNS RB . IN NN IN JJ NN POS VBG IN DT NN , NN VBG IN DT NNP VBZ VBN RP DT JJ NN , IN NN IN IN NNP ."
1049,1343,conspiracy,"RB IN NNS VBN IN NN NNS , PRP VBZ JJ IN NN NNS MD RB VB IN PRP RB VBP JJ NNS IN NN IN PRP$ NNS . PRP VBZ RB DT NN IN WP DT NN NN VBZ CC RB NN WDT MD RB VB VBN IN DT NN NN . IN PRP VBP NN NNS IN DT CD CD NN NN , PRP VBP DT RB JJ NN IN NN IN DT NNS IN PRP$ NNS . IN PDT DT JJ NNS : JJ NN -LRB- MD VB IN NN -RRB- NN CC NN IN DT JJ NN VBP RB VBN VBN . JJ NN NNS IN NNS IN CD NNS IN NN . VB MD VB IN NN . JJ JJ NN NN IN DT NNS IN DT NNS , NNS IN CD NNS IN NN . VB MD VB IN NN . NN JJ NN IN NN RB VBN CC VBN . NN NNS JJ NN IN JJ NNS IN NN POS NN RB VBN CC VBN . NN , NN , NN IN NN DT NNS IN JJ CC JJ NN CC IN NN IN NN . NN NN NN , NN , NN CC NN IN DT IN DT NN NNS VBP RB VBN VBN . VB IN IN JJS CD IN DT NN NNS RB VBP DT JJ NN JJ NN . RB IN PRP$ NN IN NNS , MD PRP RB VB VBG DT NNS IN DT JJ NN . NNP NNP VBZ DT JJ NN WP VBZ IN NN NN , NN NN CC DT JJ NN IN NN ."
1050,1342,mainstream,"DT NN IN JJ NN NNS TO VB JJ NN NNS IN DT NN NN MD VB IN DT JJ NN IN NN CC JJ RB JJ NNS IN NNP , NN NNS VBP VBN . IN DT JJ NN , DT NNP HYPH VBN NNP NNP NNP NNP -LRB- NNP -RRB- VBD VBG NN NN NNS RB TO VB VB DT NN IN DT JJ NN . IN IN NNP , NNP VBD CD NN NNS : CD IN DT JJS NNS IN DT NN IN NNP : IN CD NNS . RB , DT NN TO VB DT NN NNS VBD RB IN PRP$ NN . `` PRP VBP DT NN HYPH NN NN IN NNP MD VB JJR IN IN DT VBG NNS IN JJ NNS WDT VBP VBN RB VBN , '' NNP NNP , DT NN HYPH NN IN NNP NNP NNP , VBD NNP . NNP VBD IN JJ NNS JJ IN NNS VBP JJ IN DT NN IN DT RB VBN NN NN CC DT RB VBG NN . PRP VBD IN JJ NNS MD VB DT `` JJ NN '' IN NNP POS NN NN IN DT VBG NNS . NNP , IN IN VBG NNP , VBP DT JJ VBG NNS VBN IN NNS IN DT NN NN . DT NN , WDT RB VBZ NNS IN DT NN IN CD , MD VB DT JJ NN , VBG NN . IN NNP CD , IN DT NN IN NNP NN HYPH NNP NNP NNP NNP CC DT NN IN DT NNP IN NNP NNP IN DT NNP NNPS IN NNP NNP CC NNP -LRB- NNP -RRB- : DT NNP VBD IN DT NNS TO VB JJ NNS TO VB NN IN DT NN NN IN IN IN JJS DT JJ NN IN CD . DT NNP VBZ DT JJ HYPH JJ NN VBN IN JJ NNS IN CD NNS : DT NNP NNP NNP -LRB- NNP -RRB- , NNP NNP , NNP , DT NNP NNPS NNP POS NNP -LRB- NNP -RRB- , NNP CC NNP NNP NNP CC NNP , DT NN NN . `` PRP VBP VBN IN CD JJ NNS , '' VBD NNP NN NNP NNP IN DT NNP . `` PRP VBP DT NN : PRP VBD RB VB TO VB DT NN VB JJ IN VBG DT NN IN NNP HYPH CD . '' IN NNP CD , NNP POS NNP NNP NNP IN NNPS IN NNP -LRB- NNP -RRB- RB VBD DT JJ NN NN NNS IN JJ NNS , VBG NNS CC JJ NN , TO VB RB VBN IN NN . VB JJR : NNP HYPH CD : WRB NNP MD VB DT JJ NN IN NNP NNP VBD VBG NN NNS MD VB NNP TO VB RP PRP$ NNS CC NNS IN NNS IN JJ NN NNS TO VB IN DT NN HYPH CD NN , VBG IN VBG NN HYPH IN HYPH NN VBG JJ NN NN MD VB CC NNS CC NN NNS IN NN IN NN IN DT NN . NNP NNP , DT NN IN DT NN NN NN IN DT JJ NN NN IN NNP , VBD NNP IN PRP$ NN NN VBD RB VBN RB VBN IN DT NN . `` PRP$ NN VBZ VBN VBN CC NNS VBP RB VBG PRP IN IN NN IN PRP VBP JJ NNS IN DT NN IN IN PRP$ NN HYPH IN HYPH NN NN , '' PRP VBD . NNP VBD IN PRP MD VB NNS IN JJ NN NNS VBP IN NNP . IN NN IN DT NN VBG DT NN IN NN NNS IN NNP , NNP NN NNP NNP VBD NNP : `` NNP VBZ VBN JJ NNS IN NNS JJ IN NN VBP VBG IN DT NNS IN NN HYPH CD IN NN NNS . '' NNS IN NNS IN NNS IN NN NNP POS NN NNS RB RB VBD JJ NN IN CD VBN NNS . DT NN , EX VBP VBN CD VBN NNS IN NN . NN NNS VBP IN DT NN NNS IN DT NN JJ IN DT NN IN JJ NN HYPH VBG NN NNS MD RB VB NNS IN NNS IN NNS IN NN . NNP CC PRP$ NN NN VBD VBN IN IN DT NN IN NN NNS , JJ NN IN NNS CC NN POS NNS IN NN CC JJ NN HYPH JJ NNS MD VB . VB JJR : NNP HYPH CD IN NNP : WRB DT NN CC NNS VBP IN NNS RB , DT NN IN DT NNP NNP NNPS NNP IN NNP NNP -LRB- NNP -RRB- , WP VBD IN NNP IN NN IN NN , VBD IN JJR IN CD CD NNS VBD JJ NN NNS IN NNP RB , VBG JJ JJ NNS . NNP VBZ DT JJ NN IN VBG JJ NNS , VBG NN , NN CC NN , IN JJ JJ NNS . CC NNP NNP NNP , DT NN CC NN IN JJ JJ NN NNS , VBZ VBN IN DT NN NN VBZ VBG DT NN POS RB VBN CC JJ NN NN IN DT NN . `` NNP VBZ VBG JJR IN CD NN IN PRP$ NN IN DT NN NN , WDT VBZ RB JJ . NNS JJ IN NN HYPH CD , NN CC NNS VBP JJ JJ NNS TO VB PRP RB , '' NNP VBD , VBG IN JJR JJ NN TO VB NNP POS JJR NNS . JJR IN CD CD NNS RB VBP RB IN NNS WDT MD RB VB VBN IN NNS , VBG IN NNS IN DT NNP NNPS NNP POS NNP -LRB- NNP -RRB- ."
1051,41,mainstream,"-LRB- NNP -RRB- : CD NN MD VB IN NNP IN CC IN NN . DT NN IN DT NNP NN NN VBZ VBG JJ NNS WP VBP DT NN . CC CD NNP NNP VBD RP DT NN IN PRP$ NN IN PRP . IN NN IN DT NNP , DT JJ VBP VBG IN DT JJ NN NN . NNP NNP , DT NN IN NNP NNP NNP , VBD NNP NNP NNP POS NN NN CC VBD IN DT NN VBD VBG DT NN CC PRP RB VBD CD RB HYPH VBN NN NNS IN PRP$ NN NN IN NNP NNP NNP . CD VBD IN DT JJ NN IN NNP NNP NNP , CC DT JJ VBD IN DT JJ NN RB . DT VBD JJ . `` WP PRP VBP VBN VBN IN NNS WP VBP JJR IN PRP IN NN VBZ , `` IN IN RB RB PRP VBZ DT JJ NN , '' '' VBD NNP , DT CD HYPH NN HYPH JJ WP VBZ NN RB RB IN PRP VBD DT NN VBN PRP VBZ TO VB RB IN NNP NNP DT NN IN DT NN . IN PRP VBZ TO VB JJ , PRP MD VB IN NNP NNP , CC VBD PRP MD VB DT JJ NN . DT NNS , NNS CC JJ NNS IN DT NNP NN VBP JJ , NNS VBP VBG JJ CC NN VBZ VBG PRP$ NNS . CC DT JJ MD VB TO VB IN DT NN IN NNS , IN JJ NN NNS IN IN NN , NNS IN NN HYPH VBG NNS CC NN IN JJ JJ NN . `` PRP VBZ VBN DT JJ HYPH IN NN HYPH NN NN IN RB , '' VBD NNP NNP , DT NN CC NN NN IN NNP NNP , DT JJ HYPH NN NN NN . DT NN VBZ VBG NNS IN JJ HYPH NN NNS IN NN WDT VBZ NNS IN NNP NNP , NNP NNP , NNP NNP CC NNP NNP . `` PRP VBP TO VB , VB CC VB . UH , RB VB : VB , VB CC VB . '' NNP NNP , DT NN WP VBZ NN NNS IN NNP , NNP , VBD `` DT JJ VBP RB VBG TO RB VB NN IN NNS WDT DT JJ NN VBZ RB VBG TO VB NN IN . '' CC DT VBZ RB VBN PRP IN VBG IN PRP MD VB PRP$ NNS IN DT NN NN . `` DT NN VBZ UH . PRP RB VBP TO VB . '' VB RP IN PRP$ JJ NN NN IN VBG IN DT NN , CC UH VB DT NNS , NNS , CC NNS IN ADD . VBN NN NNS RB VBP VBN CD , CC JJR IN CD NNS VBP VBN . DT NNP NNP NNP VBD PRP$ JJ NN NN IN DT NN IN `` RB JJ . '' NN IN DT JJ NN VBZ VBN JJ NNS , VBG NN NNS IN DT HYPH NN NNS CC VBG DT NNP CD NN PRP$ JJS NN IN DT CD JJ NN . CD NN IN DT JJ NN NN , WP VBD RB TO VB VBN VBG PRP$ NNS , VBD PRP MD VB IN DT JJ NN IN PRP$ NNS VBP VBG IN NN NNS . PRP MD VB IN DT NN PRP VBZ IN NNP , DT NN WDT DT NNPS IN NNP NNP CC NNP VBZ NNPS TO VB . JJ NN , PRP VBD , MD RB VB NN NNS JJR . NNP NNP , DT NN WP VBD DT JJ NN NN IN DT NNP NNP NN WDT VBZ NN IN JJ NNS , VBZ VBN VBG IN NNP . `` PRP VBP RB VB JJ IN DT NN : PRP VBZ RB IN PRP RB RB , '' NNP VBD . `` IN NNS IN DT NN VBP NN , PRP MD VB IN IN RB . '' PRP MD VB IN NNP CC VB PRP RP IN DT NN , PRP VBD , CC PRP$ NN MD VB PRP IN PRP VBD . `` DT VBZ DT JJ NN IN PRP . '' JJ NNS WP VBP RB VBN IN RB VBG NN RB VBP IN IN NN , VBG IN NNP NNP , WP VBZ JJ NN CC NN IN NNP NNP NNP . `` DT VBZ VBG TO VB DT NNS IN DT JJ , '' VBD NNP . `` PDT DT NNS CC NNS WP VBP MD RB VB TO VB NN IN DT NN PRP VBP VBN IN . '' NNP VBZ VBN DT NN MD VB `` IN DT NN , '' IN NNPS VBD NNS IN NN WDT VBP DT NN IN DT JJ NN . NN NNS VBP RB RB VB DT NN IN VBG NN , VBG IN NNP NNP NNP NNP NNP , IN NN HYPH NN NNS VBP IN NN IN PRP MD RB VB PRP . `` RB NNS , '' NNP VBD IN NNP , `` VB NN NNS . '' NNP NNP , NN NN IN NN NN IN DT NNP IN NNP IN NNP POS NNP NNP NNP , VBD NNS IN NNPS MD VB TO VB RP IN NNS , VB NN CC VB DT JJ NN TO VB IN NN : RB IN DT JJ NN . `` NNS IN NN CC NN CC NN VBP NNS NN NNS IN JJ CC JJ NNS , CC MD VB VB RBR JJ NNS IN NNS TO VB IN NNS , '' VBD NNP , DT NN CC NN WP VBD NN IN NNP POS NNP IN NNP NNP . `` DT VBZ WRB PRP RB VBP TO VB JJ NNS . '' NNP NNP CC NNP , DT JJS NN IN DT NNP , VBD NNS IN VBG IN DT JJ NN NNS . PRP VBD DT NN IN JJ JJ NNS IN VBG NN , VBG RP NNS CC NNS IN JJ NNS , CC VBG NN . NNP NNP , DT NN POS JJ JJ NN , VBD RB RB IN DT NN IN PRP VBD VBN PRP CC JJ NNS VBD DT NN IN NNP POS NNP NNP NNP IN NNP . `` PRP VBD DT NN WDT RB IN NNP , DT IN PRP WP VBD RB VBD PRP , CC RB PRP DT VBD CC VBP PRP , '' NNP VBD IN DT NN POS JJ NN NN . `` DT JJ JJ NN IN DT VBZ IN PRP MD VB RB VBN DT NN . '' PRP$ NN VBD ."
1052,809,mainstream,"-LRB- NNP -RRB- NNS WP VBD NNP POS NNP HYPH CD NN VBD JJ JJ NNS , VBG IN DT NN NN , WDT VBD IN DT NNP NNPS IN NNP TO VB DT NN . IN JJ NNS VBP RB , DT NN POS NN MD VB JJ IN DT NN RB RB IN NNP , NNP NNP NNP , NNP POS JJ JJ NN , VBD NNP . `` DT VBZ RB JJ NN CC NN IN PRP VBP JJ VBP VBN VBG IN IN PDT DT NN , '' NNP VBD . DT JJ NNS VBP IN DT NN CD JJ NN , WDT RB VBZ DT JJ NN IN NNS CC VBZ IN IN DT NN VBZ JJ CC VBZ DT JJ NN . DT NNS IN DT NN , WDT VBD VBN IN DT NNP NNPS IN NNP , VBP RB VBN RB VBN CC VBN IN DT JJ NN . NNP VBZ VBN NNS IN NN NNS CC VBN NNS IN CD IN PRP . DT CD VBN VBG NNS IN DT NN IN NNS VBG CC VBG DT NNS VBN IN NNS WP VBP RB VBN IN NNP HYPH CD , VBG IN DT NN . VBG NNS VBP IN DT NN , VBG PRP IN VBG JJ NNS . `` PRP VBP VBN IN DT NNS , DT NN NN , MD RB VB DT NN , '' NNP VBD . `` PRP VBP DT VBZ DT RB JJ JJ NN IN PRP$ NN IN VBG DT NN . '' DT NN NN WP VBZ RB VBN IN NNP POS NN VBD DT NN POS NNS VBP `` JJ . '' `` PRP VBZ IN RB RB VBD DT NN VB IN DT NN , CC PRP VBD DT NN IN VBG DT NNS , '' VBD NNP NNP NNP , DT NN IN DT NNP NN WDT VBZ VBG DT NN IN NN NNS IN DT NNP . IN DT NN VBD JJ NNS IN DT NN , PRP VBZ RB VBN IN PRP MD VB NNS IN DT JJ NN . DT NNP NNP CC NNP NNP VBZ VBN DT NN TO VB NN CD NNS , WDT RB VBP JJ CD IN NNS , CC NNP VBZ TO VB JJ HYPH NN JJ NNS , VBN IN NN CD NNS , IN NNP . DT RB VBP NNS IN NNS IN NNS . NNP VBD IN DT NN , NN NNS MD RB VB RP PRP$ NN IN NNS IN NNS IN VBG RP IN NNP CD , CC VBD NNP VBZ `` RB JJ '' TO VB VBN DT JJ IN NNP , IN PRP VBP RB VBN NNS RB RB . PRP VBD PRP VBZ NN IN NNP TO VB IN NNP CD IN VBG DT JJ NNS , VBN IN NNP HYPH CD VBZ VBG NNS IN NNS DT NN . `` DT VBZ DT JJ NN , '' NNP VBD . IN NNP , NNP NNP NNP , DT NN IN DT NNP NNP IN NNP CC NNP NNPS , VBD PRP MD VB RB CD IN CD NNS TO VB DT NN IN DT NN . NNP VBD PRP VBD IN DT NN IN NNP POS NN , VBG DT NN NN RB IN NNP CC NNP IN JJ NN . IN DT NNP NN , CD NNS VBD NN CC JJ NN HYPH JJ NNS WRB PRP VBD DT NN IN DT NN IN CD NNS . NNP VBZ DT NN CD NN IN NN MD VB IN CD CC CD NNS . RB RB , DT NNP NN NNS WP VBD VBN RB IN CD CC CD NNS VBD NN NNS JJ IN CC RB JJR IN NNS WP RB VBD VBN IN NN . CC PRP VBZ RB JJ IN JJ NN VBZ NN IN NN , CC RB RB PRP VBZ RB JJ IN NN VBZ NN . `` DT VBZ DT JJ NN , CC DT NN VBZ , PRP VBP RB VB DT RB , '' NNP VBD . `` PRP VBP VBG TO VB TO VB JJ NN NNS WRB PRP VBP JJ , JJ NNS , CC RB PRP VBP PRP IN DT JJ NNS TO VB JJ PRP VBP RB VB JJ . ''"
1053,565,mainstream,"UH PRP VBP CD CC JJ IN NN . VBZ EX DT NN IN PRP$ VBG DT JJ NN NN . LS . EX VBP CD IN CD NNS IN RB VBN JJ NN -LRB- NN -RRB- . DT NN NNP VBZ DT CD NNS RBS RB VBN IN JJ NN CC JJ NNS . IN NNS RB RB VBN IN DT NNS , NNP VBZ RB CD NN JJ IN VBG JJ NNS CC JJ CC JJ NNS IN DT NN . DT VBZ WRB JJ NN NNS VBP IN NNS NNS CD IN CD VB VBN : IN PRP VBP RB JJ . CC DT NN RB VBZ DT NN IN NN HYPH JJ NNS , VBG JJ NNS IN CD NN CC JJ NNS IN CD NN . NN HYPH JJ NNS RB VBP RB VBN IN DT CD IN DT VBN NNS . IN JJ NNS , DT VBN IN CD CC JJR IN DT NNS IN NN VBD VBN IN DT VBG NNS . NNP MD RB VB IN NNS PRP VBD RB VBN IN , VBG IN DT NN VBG CD NNS IN DT JJ NN NNS . PRP RB RB VBD NN IN DT CD NN NNS PRP VBZ , PRP RB VBD IN CD NN DT NN IN JJ NNS VBN IN CD JJ NNS . VB IN NN IN JJS NNS IN NN CD VBP NN NNS IN PRP$ JJ IN DT JJ NNS CC NNS . CC IN PRP VBP TO VB DT NN RB , VB IN PRP MD RB VB PRP$ VBG NN NN . RB , DT NN VBZ RB VB IN DT NN NNS , RB RB IN PRP VBP VBN , PRP MD RB VB TO VB JJ NN NNS CC NN NNS . RB , PRP VBP RB VB WRB RB DT NN VBZ JJ , DT JJS NNS RB RB VBP VBN RB RB CD NNS . NN : IN DT NN IN PRP$ NNS , NNP NNP NNP VBZ NN IN PRP$ NN IN VBN NN . UH VB DT NN IN JJ NN CC NN IN DT NNS . DT NN IN DT NN , RB IN NN , MD RB VB VBN IN DT NN IN JJ JJ NN IN PRP$ NN CC JJ JJ NN ."
1054,199,mainstream,"NFP NNS IN NNP NNPS , NNP , CC NNP VBD IN NNP IN NNP POS NN VBD RBR . NFP IN NNP , DT NNP IN NNP NNP NNPS VBD IN PRP MD VB RB JJ IN $ CD CD IN NN IN NNP CC NNP TO VB NNS IN DT NNP NN . NFP RB VBZ WRB JJ DT NN VBD . IN DT NN WDT VBZ VBN JJ NNS CC NN NNS JJR , CD NN NNS VBD JJ NNS IN NNP IN IN NNP POS NN NN . NNS IN NNP NNP , NNP , CC NNP VBD IN DT NNP NN VBD RBR . DT NNS VBD NNS WDT VBD VBN IN NNP WRB DT NNP IN NNP NNP NNPS , DT JJ HYPH JJ NN VBN IN NNP , VBD IN PRP MD VB RB JJ IN $ CD CD IN NN IN NNP CC NNP TO VB NNS IN DT NN . DT NNP IN NNP IN NNP VBZ RB VBG IN DT NN IN DT NN CC VBD NN IN DT NN . IN IN NNP , DT NN , WDT VBD RB VBN IN NNP , NNP , VBD VBN IN JJS CD NNS CC VBD JJR IN CD NNS IN NNS IN DT JJ NN . EX VBP DT NNS CC NNS IN DT NN , RB VBN CD HYPH NNP . PRP VBZ JJ IN DT NN WDT VBD JJ JJ JJ NN , CC NN , WDT VBD JJ NN IN DT CD NN . IN DT IN DT JJ NNS DT NN NNS VBP VBG RP TO VB DT NNP NN MD VB JJ IN JJ NN IN DT JJ NNS , NN IN JJ NN MD VB RB RBR , DT NNP NNP NNP VBD IN NNP . RB VBZ WRB JJ DT NN VBD IN NNP CC WRB JJ DT NN VBZ VBN IN NNP , IN DT JJS IN DT JJS NN ."
1055,19,conspiracy,"DT NNS : IN DT JJ NN , DT NNP VBD IN JJ NN IN PRP VBP DT NNS , NN CC NN VBG IN NNS VBP RB VB NN . VB IN : WRB VBD PRP VB IN NNS IN DT . WRB VBD PRP VB DT JJ NN NN VBG DT WDT VBD NNS . WRB VBD PRP VB DT NN `` FW NN '' TO VB NNS WP VBP NNS IN DT JJ NN . DT VBZ RB DT NN NN WRB PRP VBP DT JJ NNS IN PRP , CC JJ NN RB MD RB VB PRP . NNS MD VB `` IN JJ NN , NNP VBZ PRP VBP DT NN NNS VBP RB VB NN '' : CC RB , NNS . JJ NN NNS IN NNP VBP VBN TO VB TO VB DT NNS , CC IN DT JJ NN VB JJR NN IN VBG DT NN IN DT NN MD VB . IN NN , PRP RB VBP IN IN JJ NN POS NN VBZ VBN VBN , VBG NNS IN DT RP VBZ RB JJ CC VBZ IN PRP , DT JJ NN , TO VB DT NN . IN IN NNP NN , CD , DT NNP VBZ VBN IN JJ NN IN PRP VBP RB VB DT NN VBG IN NNS VBN IN NNS VBP RB VB NN . IN NNS PRP VBD IN DT NNS VBD VBN VBN , DT NN VBD JJ , CC IN EX VBD DT NN : `` NNS VBP RB VB NN . '' CC , DT VBD DT NN . DT NN VBN DT NNP NNP NNP NNP -LRB- NNP -RRB- VBD JJ IN VBG RB DT NN . IN PRP VBD IN PRP$ JJ NN NN : IN NN CD , NNP VBD DT NNP IN NNP NNP -LRB- NNP -RRB- NN IN DT NNP VBG `` DT NNS VBN IN IN NNP TO VB IN DT NNP NN VBZ RB VB NN . '' NNP RB VBD DT JJ NN IN NNP , NNP , NN CC NNP , RB RB IN VBG DT NNP VB NNS TO VB DT JJ NN IN DT NNS IN DT JJ CD NNS IN NN VBP RB VB NN . IN NNS IN NNS , DT NNP VBD TO VB DT JJ JJ NN IN NN IN DT NNP NNS . NNP VBD RB VBN TO VB DT NNP IN JJ NN , WRB DT NNP RB VBD , IN DT NN VBN IN DT JJ NN NN , IN IN PRP VBZ DT NNS TO VB IN DT IN DT NNS VBP RB VB NN . IN JJ , DT NNP VBD DT NN IN NNS WDT VBD TO VB NNS VBD RB VB NN , RB , NN IN DT NNS VBD DT . NN IN DT NN VBD DT JJ NN IN DT NNP IN NNP -LRB- NNP -RRB- , WDT VBD VBN IN IN DT NNP . DT NN VBD DT JJ NN IN NNS VBG IN DT NN NN . PRP VBD VBG TO VB IN CC RB DT NN VBZ CC VBZ RB VB NN . DT NNP VBD JJ TO VB DT JJ NN TO VB IN NNP VBZ RB VB NN . WP PRP VBD VB VBD DT JJ NN WDT VBD VB DT NN IN NN CC NN . RB IN NNS , DT NNP RB VBD IN `` NNS VBP RB VB NN . '' DT VBD VBN IN DT NN , DT NNS , DT NN , RB NN . IN NN , DT WDT VBD NNS VBD VBN NNS , JJ CC JJ IN PRP$ NNS , CC VBD PRP JJ TO VB IN NNS MD VB NN CC IN PRP VBP RB VB PRP VBP JJ . PRP VBZ RB VB TO VB DT NN WRB PRP VBP IN DT NN IN DT NN CC NN JJ VBZ PRP VBZ RB JJ IN NNS VBP VB DT NN IN NN . DT , IN PRP VBP RB , VBZ RB VBN VBN CC RB VBN . DT NN WDT VBZ JJ IN NN IN PRP RB IN NNP VBZ DT NN HYPH NNS VBP VBN VBG RP JJ NNS IN PRP$ NN NN , VBG IN `` NNS VBP RB VB NN . '' DT VBZ VBN IN DT NN IN PRP$ NN CC DT JJ HYPH JJ NN IN PRP$ NN IN IN NN . CC , WRB VBD DT NN HYPH NNS VB PRP$ NN IN . DT NNP . CC RB PRP VBP , DT NNP RB VBD DT NN TO VB DT NNS PRP VBD , CC DT NN HYPH NNS VBD IN NN JJ CC RB VBN . DT JJ NNS IN DT NNP VBP RB RB VBN IN VBG DT NN IN JJ NN NN RB IN EX VBZ DT NN PRP VBP JJ . DT VBZ IN DT NN RB JJ VBP VBG IN NN HYPH VBG NNS IN NNP , CC DT NNS WDT VBP IN NNP , WP PRP VBP , VBZ VB IN JJ NNS CC DT NN TO VB PRP$ `` NNS . '' CC DT NNS VBP NN VBN RB WDT VBZ DT `` NNS . '' RB RB NN HYPH NNS VBP RB NNS IN NNS VBN IN NNS CC JJ NNS . DT RB VBP TO VB VBN IN JJ NNS . EX VBZ DT NN IN NN VBG IN NNS MD VB VBN IN NN , IN JJ JJ NNS . VB NN IN NN , DT NN VBN IN CD VBD JJ NNS IN NN IN DT NN NN IN NNS IN NN : DT NN IN NN IN NN NN VBZ RB VB DT NN IN NN IN PRP$ JJ NN , IN NN , VBZ CD IN JJ NNS IN NNS VBP VBN WRB NNS MD VB VBN IN DT NN IN NN . PRP MD VB JJR IN NNS CC NN RB , RB . DT VBZ RB DT JJ NN IN NN IN JJ NN NNS , NNS CC NNS VBD IN NN VBD JJ WRB PRP VBD RB . VB IN NNS , NN NN , CC NN . DT VBD RB DT JJ WDT VBD JJ NN IN JJ NNS VBD NN RB IN DT NNS VBN IN DT NNS . PDT DT NN , DT NNS WP VBD PRP , CC PRP$ NNS VBD TO VB DT NNS VBD JJ , NNS CC JJ . VBP PRP VBG DT RB IN NNS . PRP RB VBZ TO VB VBG DT JJ NN . CD NN PRP RB VBP IN VBZ IN JJ NNS MD VB DT JJ NN , CC RB VBP IN NN , NN HYPH NN CC NN NNS TO VB NN , RB PRP VBP PRP VBP VBG NN . IN PRP$ NN , DT NNP VBZ JJ RB DT NNS IN NNS , CC PRP VBP VBG NN TO VB RP WRB TO VB PRP JJ IN WRB DT NNS VBP . IN PRP MD . NN : PRP IN NN IN NN -LRB- NNP -RRB- VBP PRP NN WDT VBZ RB VBN IN DT JJ NN , CC RB MD VB JJ . DT NNS , NNS , NNS , CC , CC NN PRP VBP VBP RB RB VBN , VBN , VBN , CC VBN TO IN VB IN NNP , PRP$ NN NN , NNS , DT WP VBP IN NNP , CC DT WP VBP PRP$ NN . RB , PRP VBP RB JJ . UH VB NN . VB JJ NN , PRP$ JJ NN CC PRP$ JJ NN IN NNP , NNP CC JJ NNPS TO VB PRP VB WP VBZ JJ CC WP VBZ RB . IN VBG NN CC VBG NN , PRP VBZ PRP$ NN TO VB NN CC NN IN JJR NNS TO VB PRP IN NN IN DT NN IN DT NN NN ."
1056,613,mainstream,"NNP NNP , DT NN IN NNP NNP NNP IN NNP , NNP , WP VBD IN DT RB HYPH JJ NNP NN IN PRP VBD RB VBN RB VBN IN IN PRP$ NN POS NN IN NNS VBP JJ . CD : NN HYPH JJ WP VBZ VBN IN NNS VBZ RB NN IN NN NNP NNP : DT CD HYPH NN HYPH JJ WP RB VBD VBN IN PRP$ NN POS NNS : VBZ IN NNP NNP NNP NN TO VB IN DT JJ HYPH NN NNP NNPS NN IN VBG NN NN . CC DT JJ JJ NN NN POS VBN NN VBZ VBN DT NN IN NN IN NN NNS , WP VBP VBN DT NN NNS IN NNP , WDT VBZ VBG DT NN . DT NNP , NNP NN : WP$ NN VBZ RB IN NNS : VBN IN NNP IN NNP CD VBG IN NN IN WRB TO VB RP IN NN IN PRP$ NNS . PRP VBD RP VBG VBN IN PRP$ NN POS NNS : CC IN DT NN , RB VBD NN IN DT NN IN NN NN . IN NNP , NNP VBD IN DT NNP NN IN NNP , NNP , NNP CC NNPS IN DT NN IN JJ NNS VBG VBN IN NNS RB . PRP VBD NNS IN JJS IN PRP$ NN POS JJ NN VBD VBN IN NNP , WDT VBZ VBN IN NN IN RB VBG RB TO VB NN HYPH JJ NNS IN PRP$ NN . `` PRP VBP PRP VBZ VBN RB VBN NN IN IN NN RB , '' PRP VBD . PRP$ JJ NN IN NNS VBZ VBN PRP NN IN JJ NNS CC DT JJ NN NN . CC PRP VBZ RB VBN DT NN IN JJ NNS , DT IN WP VBP VBN PRP IN JJ NNS CC NNS IN JJ NN NNS . DT VBP VBN PRP IN VBG IN `` NNP NNP POS NN , '' CC NNS VBP VBN NN NNS , NNP VBD . DT VBZ WRB PRP VBD RB VBN IN DT NN NNS WDT VBD DT NNP NN DT NN : CC DT JJ NN IN DT IN DT NNS , PRP VBD . `` DT VBZ VBN IN PRP IN NNS , '' PRP VBD . WRB PRP VBD IN DT NNP , JJ NNS VBD RB . DT VBD PRP IN DT NNS , PRP VBD , CC PRP VBD TO VB VBN IN NNP NN . RB IN PRP$ JJ NN , NNP VBZ VBN JJ NN . `` PRP VBP NNS CC NN , NNS WP VBP IN PRP$ NN , WP MD RB VB WP PRP VBP VBG , '' PRP VBD . `` WRB NN VBZ DT JJ , PRP VBZ RB JJ , '' PRP VBD . NNP VBD PRP VBZ TO VB PRP IN DT NNS WDT VBP PRP$ NN . CC IN PRP$ JJ NN NNS VBP RB VBN IN JJ NNS , PRP VBZ TO VB WRB PRP MD CC VBZ DT NN TO VB JJ NN . `` NNS MD VB VBN CC RB VBN CC VBN IN PRP VBZ RB RBR JJ IN PRP VBZ JJ , '' NNP VBD . `` PRP VBP TO VB RB JJ IN DT IN PRP MD , '' PRP VBD . PRP$ NN IN DT NNP NN VBZ IN DT NN POS NN NN VBZ IN DT NN HYPH NN NN . EX VBP VBN CD NNS RB RB IN CD , VBG IN DT NNP . NNP VBZ TO VB IN WRB JJ NN NNS VBP JJ NN IN NNS TO VB . PRP MD RB VB IN WRB JJ NN NNS MD `` VB '' TO VB PRP$ NNS CC DT IN JJ NN NNS IN DT NN IN JJ NNS . RB VBG IN DT NN : NNP NNP , NN IN NNP POS NN NN NN , CC NNP NNP , WP VBZ NN NNS CC NNS . CC IN NNP VBZ TO VB NNS CC JJ NN IN PRP , PRP$ NN POS NNS VBP RB VBN , PRP VBD . `` PRP VBZ WP PRP VBP VBG VBZ JJ , JJ , CC VBN , '' PRP VBD ."
1057,412,mainstream,"NNP NNP -LRB- NNP -RRB- HYPH VBN NN NN , DT JJ NN , VBZ VBG IN CD IN DT NNS IN DT NNS VBG VBN TO VB DT NN IN NNP HYPH CD . CD NN HYPH VBN NN NNS VBP IN NN RB IN NNP HYPH CD , VBG IN NNP POS NNP NNP NNP NNPS NNP -LRB- NNP CD -RRB- . NN JJ IN DT JJ NNS MD RB VB VBN VBG DT NN NN NN NN NN WDT VBZ JJ IN JJ NNS IN DT NNP NNP NNP . NNP NNS VBP JJ NNS IN JJ NNS , RB WRB VBG IN DT NN NN . IN JJ NNS , VBN IN DT VBN CC VBN NN HYPH VBG NN CC VBG NNS VBN IN DT NN -LRB- NNS -RRB- , VBP JJ NN NNS CC VBP VBN NN NN , NN NNS VBP IN VBG DT NN NN WDT VBZ DT NN HYPH JJ NN TO VB DT NN POS NN NN . IN JJ , DT JJ NN IN NN NNS VBZ IN NN MD VB VBN RB CC RB IN DT NN , VBG DT NN TO VB RP NN TO VB DT NNS IN DT NN . JJ NNS VBP VBN NN CC JJR NN NN VBN IN JJ CC JJ NNS IN NNS , IN VBZ VBN VBN IN JJ NNS . IN CD NNP HYPH CD NNS VBP RB IN NN IN JJ NNS CC NN NNS IN DT NN . CD IN PRP VBP IN JJ NNS . NNP NN POS VBN NNP HYPH NNP HYPH CD NN CC NNP IN NNP POS NNP HYPH NNP , DT JJ JJ NN NN , VBP VBN RB IN NNS IN NN NN , CD NNS . NNS CC NNS IN NN IN NNP HYPH CD MD VB VBN IN NNP POS NNP NNP CD -LRB- NNP HYPH CD -RRB- NN . NNP HYPH CD NNP HYPH VBN NN NNS VBP RB VBN JJ NN . NNP , WDT VBZ IN VBG NNS VBN IN NN NNS , VBD DT JJ NN TO VB DT NN IN NNP HYPH NNP HYPH CD IN NNS . NNP POS NNP CD VBZ VBN TO VB DT NN CD NN IN NNP CD VBG IN DT NN IN DT NNP CD NN , WDT VBD VBN IN NNP . IN CD NNP CD DT NN VBD IN PRP VBD VBN DT $ CD NN NN IN DT NNP NNP NNP NNP CC NNP NNP -LRB- NNP -RRB- , WDT MD VB DT NN CC NN HYPH NN IN NN SYM CD IN IN NNP NN . DT NN VBD DT NN POS NNS VBD RB RB IN CD NN . IN DT NN TO VB JJ NN NN IN DT NN NN , DT NN VBZ RB VBN VBG PRP$ JJ NN NN . NNP POS NN VBD : `` PRP VBP IN PRP MD VB JJ TO VB NNS IN NNS IN NN IN CD CC IN JJR NNS , NNS IN NNS IN NN IN CD IN DT NN NN VBZ JJ IN DT NN . '' NNP HYPH VBN NNP CC NNP NNP HYPH VBN NNP POS NNP NN NNS VBP RB RB IN NNP SYM CD . DT NNS VBD NN IN DT JJ NN IN CD NNP CD TO VB NN NN , CD JJ NNS IN PRP$ NNP NN NN IN NNP . PRP MD VB CD NNP NN NNS IN CD JJ NNS TO VB DT JJ NN IN JJR NNS , RB RB IN TO VB DT NN CC NN IN DT NN . PRP VBZ DT JJ VBN JJ NN IN DT NNP HYPH CD NN IN NNP . NNS MD RB VB VBN IN DT NNP , WRB NN VBZ VBN RB . NNP VBD PRP VBZ TO VB DT NN IN DT JJ NNS IN PRP$ NN NNS IN NNP IN NN IN NN NN NNP NNP . NNP VBZ VBG IN NNP NNP TO VB NNP IN NNP . CD JJ JJ NN NN NN NNS VBP IN DT NN IN NNP HYPH CD -LRB- NNP CD -RRB- . IN DT , NNP NNP POS , NNP NNP NNP POS , NNP POS , CC NNP NNP POS NN NNS VBP VBN TO VB JJ NNS IN DT NN . NNP NN NN VBZ TO VB JJ , IN DT NN NN VBZ VBN VBN IN NN . IN DT JJ NNP HYPH CD NN NN VBG RB CD CC NNS RB CD CD IN IN CD NNP CD , PRP VBZ TO VB VBN WDT MD VB IN DT NN IN DT NN HYPH CD NN . CC TO VB RB CD JJ NNS UH VB NNP NN NN"
1058,312,mainstream,"DT JJ CC JJ NN PRP VBP PRP IN NN VBZ IN DT JJ PRP VBP VBN IN PRP$ JJ NN . PRP VBD VBN RP IN DT NN NN , DT RB VBD IN DT JJ CC JJ NN IN NNS IN DT NN VBD VBN TO VB IN DT VBG NN . DT JJ , CC JJ HYPH NN NNS IN DT NN , RB , MD VB JJ IN DT NNS WDT VBP VBN IN NN IN JJ NNS . NNP NNP , NNP NN , JJ JJ NN IN DT NNP NNP NNP , CC RB VBN NN IN NNS , VBZ DT NN VBZ RB VB RB IN DT JJ NNS . PRP$ CD RBS HYPH VBG CC RB VBN NN IN NNP NNP , DT NN VBZ JJ : CD NNS IN NNP NNP , VBZ DT NNS CC NNS WDT VBD VB NN POS JJ NN . DT NN NN CC JJ NN VBP RB VBN NNS WDT VBD RB IN NN IN DT JJ NN , CC WRB PRP VBZ IN RB VBZ DT JJ JJ . DT NN VBZ RB JJ . IN PRP VBP TO VB WP VBZ JJ TO VB DT JJ CC NN NN , PRP VBD NNP IN NN NN TO VB WRB PRP VBZ DT JJ HYPH NN NNS IN DT NN CC WRB PRP MD VB DT NNS IN DT JJ NN CD IN CD NNS IN RB . RB VBZ DT VBN NN IN PRP$ JJ NN . NN : WP MD VB DT RBS JJ JJ NNS IN DT NN CC NN WRB PRP VBP RB CD NNS IN RB . NNP : DT JJ NNS MD VB RB JJ . EX VBD NNS RB IN NN , JJ IN NN CC NN , CC PRP$ NN VBZ DT NNS MD VB VBN : CC RB RB IN DT NNP NNPS . RB , DT NN IN NN RB VBZ RP IN DT NN IN CD NN NN . NNS WP VBP RB VB JJ NN CC JJ NNS VBP VBG RB . NN : RB VB PRP VB IN NN . EX VBD DT NN RB IN PRP . RB IN RB PRP VBZ VBN DT JJ JJ NNS . VBP PRP VB IN VBG RBR JJ , CC VBP PRP VB DT NN IN NN CC NN VBG . NNP : PRP VBP VBN NNS IN NN RB . DT RBS JJ NN VBD IN DT NNS CC VBD IN DT NNS , VBG IN NNP NNP CD . IN DT , EX VBD VBN DT JJ NN IN NN IN RB CD IN DT NN IN NNP NNP CD IN CD . PRP VBP TO VB VBG IN DT NN IN DT NN RB . PRP VBD RB VBG DT JJ NN IN DT NN IN NN IN DT JJ JJ NN . CC PRP VBZ RB VBN RP IN DT NN IN JJ NN IN DT CD NN . PRP VBZ RB RB DT NNP NN . NNP NNP VBZ RB IN NN IN JJ NN NNS CC VBZ VBN DT JJ NN IN JJ NNS , RB . IN NN IN DT JJ NNS , EX VBP JJ HYPH NN JJ CC JJ NNS . DT NN IN NNP VBZ VBN NNS IN NNP CC DT NNP NNPS IN WRB TO VB IN PRP . DT NNP NN , IN EX VBZ CD , VBZ TO VB IN NN IN NNP VBZ VBN JJ HYPH NN NNS IN DT NNP NNPS IN NNP VBZ JJ . IN DT NN , NNS IN NN IN JJR NN NNS VBP TO VB NNS IN NNP : CC NN IN JJ : IN NN TO VB JJ NNS IN NN . NNP VBZ DT JJ NN IN NN . EX MD VB VB NNS IN NN CC IN IN NN MD VB NN HYPH NN NN . IN NN IN DT , EX VBZ RB VBG TO VB DT JJ NN IN IN HYPH VBG NNS WRB NNS VBP VBN JJ NN NNS , JJ IN DT NN IN NNS , NNS , CC NNS . IN NN , IN NNP , DT NN IN NNP VBD VBN TO VB IN NN IN JJ NN VBD DT JJ NN NN , IN DT VBZ JJ . DT NN VBZ WRB NNS MD VB . WRB JJ IN DT NN NN VBZ EX VBG TO VB . PRP VBP VBG IN NNP RB RB , CC PRP$ NNS VBP IN NNS CC DT NN IN NNS NNS WDT VBP RB VBN IN DT NNP NNPS . DT JJ NN MD RB VB DT NN NN , IN IN IN JJ NNS CC DT JJ NN . NN MD RB VB VBN IN NN IN NN VBZ RB CC RB DT NN IN WP VBZ VBG RP IN JJ NN CC NN . WRB PRP MD VB JJ NN NN : WRB MD PRP$ NNS IN NN , NN , CC JJ NN NN IN IN DT IN DT . MD PRP$ NN VB VBN IN DT JJ NNS PRP VBP RB VBN , CC VBP PRP VB DT JJ NN IN VBG JJ NN . NNP : IN NNS VBP DT JJR CC JJR NN IN DT NN , PRP VBD VBG RBR CC RBR JJ TO VB NN RB IN NNP HYPH CD , CC RB DT NNS VBP RB RB JJR . VBG NNS CC NN VBZ RB DT NN IN DT NN IN NN HYPH JJ NN , JJ IN DT . WRB VBP PRP VB NN WRB DT NN IN NNS RB VBP JJ . IN JJ NN NN NN , JJ NNS MD VB JJ NN , RB PRP VBP VBG VBG NNS MD VB VBN IN IN RB RB JJ . PRP VBP EX MD VB JJ NNS VBG IN DT IN CD CC CD NNS . DT NN IN DT NNS IN DT JJ CD NNS VBP VBN IN IN NN , CC RB DT NN IN NNP . NNS JJ IN VBG NN NNS , RB JJ NN CC NN , CC VBG NNS IN NN , RB RB VBP IN NN . WP MD VB WRB PRP VBZ IN NN . JJ , EX VBP JJ NNS IN NN IN JJ NNS . DT JJS NN MD VB TO VB DT JJ JJR , CC VB JJR NNS CC NNS IN JJR HYPH NN NNS . CC VB DT NN , IN PRP VBP IN DT NN IN DT NN : CC VBP DT NN IN DT NNP RB : NN VBZ VBN DT JJS NN WDT RB VBD IN NN . IN DT NNP NNPS VBZ DT VBN NN IN NN , PRP VBZ VBG NNS IN NNS IN NNS RB IN NN . DT JJ NNS MD RB VB DT JJ NN , CC IN NN VBZ RB RB , NN MD RB VB JJ IN DT VBN NN . JJ , DT NNP NNPS MD RB VB RB RB RB IN NN IN JJ JJ NNS , DT NNP NNPS MD VB DT NN IN NNS IN PRP . PRP VBZ DT RB VBN NN , IN JJ JJ NNS . IN DT JJ NN , IN JJ NNS , NN MD VB DT NN . RB NNP NNP MD VB JJ IN PRP VBZ NN CC NN , JJ NN NNS . CC IN JJ NNS WDT VBP VBN NN IN DT JJ NN NN , DT VBZ DT NN . PRP VBZ RB DT NN IN JJ NN NNS WDT VBP IN NN , IN VBP JJ JJ NNS JJ IN NNP , NNP CC NNP . PRP VBP PRP JJ IN NN VBZ IN DT NN HYPH VBN NN IN DT VBZ RB DT JJ NN NN . PRP VBZ RB RB DT NN NN . PRP VBZ RB DT JJ NN . NN : WRB VBZ DT JJ NN IN NN NN TO VB DT JJ NNS IN DT NN VB RP IN DT JJ CD IN CD NNS . WP VBP DT NNS IN PRP$ NN VBG RB RB . NNP : EX MD VB JJ NN TO RB VB NN IN RB RB IN JJ , RB IN DT NN VBZ . IN EX VBZ DT JJ NN IN DT NNP NNS , PRP RB MD -LRB- CC MD -RRB- VB NNS IN DT CD NN . CC MD PRP VB PRP IN DT CD NN . IN JJ JJ NNS NNS , PRP MD VB TO VB VBG NN NNS VBP RP RB . RB RB , DT VBZ IN DT JJ NN . CC PRP MD VB RB JJ . PRP VBP PRP IN DT JJ CD NNS , PRP MD VB VBN IN DT NN WDT VBD RB VB IN PRP CC RB RB WRB JJ PRP VBP DT NN , PRP MD VB TO VB JJ TO VB RB JJR : IN DT NN MD VB PRP . DT NNP NNPS VBZ JJ IN IN DT NN VBZ JJ , CC PRP VBZ JJ VBG IN NN IN JJ NNP NN NN RB RB VBZ DT VBN NNS IN DT NNP NNS -LRB- RB IN NNP POS NN VBZ RB RB JJ IN DT NNP -RRB- , CC RB IN CD VBZ IN JJ NNP NNS , NNP NN NN VBZ RB RB JJ IN DT NN NNS IN PDT DT JJ JJ NNS VBN . PRP VBP PRP VBP VBG DT JJ NN NN IN VBG TO VB PRP IN DT JJ NN , CC VB DT NN : PRP VBZ RB DT JJ NN , CC PRP VBZ RB IN PRP$ NNS . JJ JJ NNS VBP RB JJ TO VB NNS TO VB PRP$ NNS , RB VBN DT JJ VBG NN IN JJ NN NNS , CC DT NN TO VB NNS . VBP PRP VB NNS IN DT JJ CC VB NNS IN DT NN CC NN NNS , WDT PRP VBP VBZ JJ JJ NN : CC VBP PRP RB VB DT JJ NNS CC VB NN . EX VBZ DT NN IN PRP VBP DT JJ , CC RB PRP VBP IN DT NN WDT PRP VBD RB VBG RP CC VBG NN RB JJR IN PRP VBD RB , DT JJ NN PRP MD VB RP TO VB RB JJR TO VB . NN NN CC NNS IN DT NNP NN : DT NN NN CC DT NN VBP VBN RB IN DT JJ NN . PRP VBP RB VBG NNS IN JJ NN CC NN NN , WDT VBZ VBG RP NNS IN NN NN . VBP PRP VB , RB RB WP VBZ DT JJ NN IN EX MD VB DT JJR NN IN VBG NNS IN DT NN CC VBG DT JJ NN NN RB RP RB TO VB IN JJ NNS . NNP : PRP RB VBP DT VBZ DT NN IN NN IN DT JJ NN NNS IN NN NN . IN DT JJ NN , DT IN DT NNS IN DT NN NN VBP RB JJ . IN PRP VBZ IN WRB RB PRP VBZ TO VB DT NN IN DT NNS , CC RB VB PRP VBP TO VB DT IN DT JJ NN , PRP VBP DT VBZ RB RB JJ . CC PRP MD VB JJR NNS IN NN , CC PRP VBP DT VBZ VBG . VBZ PRP VBG IN NNP RB RB WP VBZ . IN NN PRP VBZ CC , RB , PRP VBZ RB VBG TO VB . NN VBZ VBG . PRP VBP IN DT NN , IN DT JJ NN , EX VBP TO VB JJR NNS CC NNS , RB RB IN NN IN NN CC NN . DT NN VBZ IN NNS VBZ RB IN JJ HYPH JJ NNS WDT VBP NN , RB MD VBG PRP JJR TO VB DT NN IN NNP . VBZ DT NN VBN DT JJ NN . NN : DT NNP NNP VBZ VBN JJ NN NNS IN JJ NN WDT RB PRP MD RB VB VBN IN DT NN , IN PRP VBZ TO VB DT NN . PRP VBZ VBG IN DT JJ NN NN , JJ HYPH NN NN , CC JJ JJ NNS TO VB TO VB NN . WP VBP DT IN DT JJ NNS IN DT IN DT NNS . NNP : IN JJ , DT NNP VBZ VBN DT NN IN DT NN . PRP VBZ VBN RB JJ . PRP VBZ VBN CC VBN NNS IN CD . DT JJ NN VBZ IN DT NNS WDT VBP VBN VBN IN NN VBP VBG TO VB RB IN EX VBZ RP TO VB DT RB JJ NN , CC RBS RB DT NN IN NN HYPH CD IN DT NN IN DT NN CC , CC RB JJ JJ NNS . DT JJ NN VBZ TO VB VBG DT NN NN IN DT JJ NN . CC DT JJ NN VBZ TO VB DT NN IN JJ CC JJ NNS IN DT NN VBG CC RB CC RB . IN DT VBZ , EX VBZ RB DT JJ , JJ NN RB IN NN . VBN DT RB JJ NN , DT NNP POS NN IN RB VBG DT NN IN DT NN VBZ RB RB VBG TO VB JJ , CC JJ NNS MD VB VBN . PRP VBP IN DT JJ NN VBN TO VB JJ JJ NN VBZ JJ JJ NN NN NN -LRB- PRP$ CD NN VBZ WRB DT MD VB VBN RB -RRB- . CC RB RB , EX VBZ DT NN IN PRP . WP IN JJR JJ NNS . IN JJ , DT MD VB VBN , CC PRP VBZ RB VBG TO VB JJ IN NNP HYPH CD VBZ RP . PRP MD VB TO VB NN IN DT NN CC NN NN WDT VBD NN , PRP VBP DT MD VB DT JJ NN IN NN IN RB JJR NN . DT JJS NN IN DT NN NN : WP VBZ VBN DT JJS NN IN DT NN . WP VBD PRP RB VB . NNP : DT NN HYPH CD NN RB VBZ VBN NNP POS NN TO VB VBG IN DT JJ NN IN NNP . DT NN , IN RB VBN , VBZ RB JJ , PRP VBZ RB JJ TO VB DT JJ NN RB IN JJR JJ CC JJ NN . PRP VBP VBN VBG IN NN IN DT JJR NN IN DT JJ NN , CC IN RB DT NN VBD TO VB TO VB PRP . WRB VBG IN NNP IN CD IN JJ NN , NN VBD IN PRP MD VB VBG NN CC NN IN DT JJ NN . IN RB , DT NNPS VBP RB VBN PRP VBD DT JJ NN , CC IN NN DT VBD RB IN JJ NNS . RB JJ NN IN WP MD RB VB VBN IN JJ NNS IN VBG NNP , NNP , CC NNP VBZ RB JJ . PRP MD RB VB VBN PRP . IN PRP VBZ , PRP MD VB DT JJ NN IN DT NN IN NNP CC IN JJ JJ NN . NN : WDT JJ NN JJS VBZ WP PRP VBP VBG IN RB RB . NNP : PRP VBP VBG IN DT JJ NN WDT MD VB DT JJS IN CD NNS . PRP VBZ RB VB RB IN DT NN IN NNS WDT NNP NNP CC PRP VBD IN PRP$ CD NN . PRP RB VBZ RBS IN DT CD JJ NN , CC DT NN VBD RB JJ RB RB RB TO VB JJ TO VB RP DT NN PRP VBZ RB . RB RB , DT NN NNS VBD RB JJ CC JJ VBN IN WP PRP VBP PRP VBP VBG CC VBG TO VB RB ."
1059,1306,conspiracy,"DT NN WP DT NN , VB RB VB VBN , DT JJ NN VBZ VBG VBN IN NNS DT NN VBZ VBN VBN TO VB NNP NNP POS NN IN DT CD NN IN DT NNP NNP , WDT VBZ NNS IN DT NN RB IN PRP . TO VB DT NN VB RB . RB IN NNP NNS VBZ RB NN IN DT NN -LRB- WDT PRP RB RB MD VB IN DT NN VBZ RB JJ -RRB- , DT NN IN DT NN NN VBZ NN IN , NNS VBP WP NNP VBZ VBN TO VB IN DT NN JJ NN CC IN NNP NNS VBZ RB VB , PRP VBZ RB VB DT NN : VB PRP IN NN IN DT JJ NN . RB VBZ DT NN : PRP VBP NN , NN IN DT , TO VB RP IN DT VBN NN IN DT CD POS WDT VBZ DT CD JJ NN -LRB- VBN JJ NN -RRB- NN IN PRP , IN VBN RB . DT NN MD VB VBN IN NN CC RB NNP NNS VBZ RB VB PRP . PRP MD RB VB NN . VB PRP VB PRP IN NN , IN JJ NN IN DT NNS . VB CC DT NN VBD IN DT JJ NNP IN CD , IN PRP VBP CC VBP JJ NN IN IN DT NNP NN NN RB . EX VBP VBN JJ NNS IN NNS VBG VBN WDT MD VB NNS . DT NN RB VBZ DT NN CC WP PRP VBZ VBN IN . IN DT NN VBZ VBN IN DT VBN NN , PRP VBZ NN IN PRP$ NNS WDT VBZ PRP$ JJ NNS TO VB JJR NNS IN PRP CC DT VBZ WRB PRP VBZ . CC PRP RB VBZ RP , PRP RB VBZ PRP$ JJ NNS TO VB VBG PRP IN PRP$ NNS VBP IN VBG RB VBN VBG RB DT . CC PRP VBZ RB VBN DT NN VBD IN DT NN IN CD , VB RP IN DT NNS IN PRP VBP RB VB TO VB DT NN . JJ NN JJ NN NN NNS VBP VBG VBN RP RB RB , IN JJ JJ NNS IN DT NNP NN IN NNS CC PRP VBP TO VB WRB . RB , EX VBZ JJ TO VB . DT NN VBZ RB JJ . DT NN VBP RB VBG IN DT JJ NN TO VB DT NN NN NN CC JJ VBN NN NNS VBN IN DT JJ NN NN IN VBN NNS IN RB . CC PRP VBP PRP VBP VBG TO VB DT JJ NNP NN TO VB DT NNS IN VBG NNS VBN IN NN NNS , IN NN VBG DT NN IN DT JJ NN IN NN . RBR RB IN NN , NNP , CC JJ NNS , DT NN IN JJ NN NN NNS RB IN DT NN IN DT `` NNP NN '' VBZ DT NN PRP MD DT VB VBG NN IN , DT VBZ DT NN , IN PRP VBP DT NN PRP VBP JJ TO VB VBN . NN WP VBZ IN PRP RB TO VB DT NN NN IN DT NN MD TO VB IN DT NNP NN IN JJ NN CC DT NN IN JJ NN NNS WDT MD VB VBN IN NN . WDT JJR NN MD EX VB TO VB DT JJ NN IN DT JJ NN , IN DT JJ NN VBG IN VBN NNS , VBN IN NNS WDT VBP VBN TO VB . PRP MD VB DT NN VBP RB VB TO RB VB NN WDT MD VB PRP IN DT NN IN DT NN IN DT JJ NN . PRP MD RB VB TO VB PDT PRP$ JJ VBN NN NNS TO VB DT NN CC VB PRP IN PRP$ NNS , IN DT JJ NN IN DT NNS VBG RB JJ , RB CD IN CD , CC DT NN VBG DT NN IN NN IN DT NN . IN DT NN VBZ DT VBN NN WDT VBZ RB RB JJ CC MD RB VB VBN IN DT NN , PRP MD VB JJ IN DT NN VBZ IN PRP . CC DT VBZ WRB PRP VBP VBG NNS RB RB , CC RB RB VBG TO VB RB JJ NN . PRP VBP JJ IN PRP$ NN NN VBZ RB VBG RB IN PRP VBD RB RB VBN RB RB TO VB RP IN VBG NNS , CC PRP VBP VBG TO VB DT NN TO VB DT NNS CC VB IN DT JJS . DT NNP NN VBZ JJ DT NN TO VB PRP IN VBG DT NN RB JJ NN WDT MD VB PRP UH NNPS DT NN CC IN IN DT JJ RB DT NN IN DT NNS : WP MD VB IN PRP VBP RP IN DT NNS IN PRP . DT VBP RB NNS , UH UH DT . VBP PRP JJ PRP$ JJ NN VBD DT RB CC DT MD RB VB IN PRP . IN RB CD CD IN RB JJ NN NN , JJ NNS VBD VBN IN DT NN IN NNS IN NNP CD CD CC VBP VBG VBN IN DT JJ NN IN DT NN NN . CC DT NN VBZ DT JJ NNS VBP RB JJ , CC VBD RB VBN IN NNP . DT NNS VBP NN NNS CC NNS CC VBP NN WDT VBZ DT NN VB JJR NNS IN DT NN NNS CC NNS VBP IN NN VBG PRP . DT VBP JJ TO VB IN DT NN NN , NN NNS CC JJ NNS , NNS MD VB DT NN JJ DT VBP VBN IN . DT VBP RBS JJ IN NNP , WDT IN NN VBZ TO VB VBN TO VB DT JJ JJ NNS CC VB DT NN , CC DT NN VBZ PRP . IN PRP VBP DT NN NN WP MD RB VB IN DT JJ NN IN NN , PRP VBD RBR VB PRP$ NN NN NNS CC VB DT IN JJ . NNS VBG VBN IN NN RB RB NN VBN DT NNP HYPH CD NN VBD RB , CC PRP RB VBD RB VB IN DT . PRP VBD DT CD JJ NN NN VBD RB JJ CC IN NNP VBD PRP CC PRP VBD DT NN TO VB PRP . VB DT NN IN DT NN TO VB WRB PRP VBD PRP , DT VBZ RB DT NN . NNP VBZ DT NN NNS IN NN NN IN NNP CD IN CD , CC NNS IN NNP CD IN CD . RB DT VBZ DT NN NN DT JJ CD VBN NN VBD VBN IN DT NN . CC IN NNP VBZ RB VBN TO VB IN DT , PRP RB VBP PRP VBN , DT VBZ JJ NNS . DT VBZ DT NN RB , DT VBZ WP NNP VBZ VBG TO VB IN PRP$ NN NN NN HYPH NN , CC DT VBG JJR NN IN DT NN NN VBZ NN IN DT NN : DT VBZ WP NNP VBZ VBG TO VB IN PRP$ NN NN NN HYPH NN . DT JJ NN IN PRP$ NN VBZ DT NN NN NN DT JJ NN VBG DT NN IN JJ NNS VBZ VBN . TO VB DT NN IN DT , PRP VBP DT RB JJ NN WP VBZ DT NN IN NN CC DT NN IN DT JJ NN NNS . IN VBG JJ NNS IN DT NN IN VBN NN , DT NN VBD RP CC RB IN WRB NNS VBD VBG RB VBN TO VB PRP$ NN NNS RB IN PRP$ JJ NN : NN , VB NN RB IN PRP$ NNS TO VB PRP RB CC RB VB JJ NNS IN VBG DT NN NN IN DT NN NNS IN DT NNS CC RB IN DT JJ JJ NN . DT MD VB DT JJ NN IN DT NN IN NN . IN DT NN IN NN VBD VBN IN DT NN , DT VBN MD VB DT NN VBN NNS VBN RB IN NN NN IN DT NN IN DT JJ NNS . IN NNS -LRB- WDT VBP NNS WDT VBP NNS , -RRB- IN JJ NNS VBP VBN RB RB RB , PRP VBP RB RB VBN JJ IN NN JJ IN NN , CC VBP RB RB JJ IN DT JJ NN CC NNS IN NN PRP MD VB . WRB VBG DT NN , PRP VBD DT NN WRB VBD PRP VBG NNS RB IN JJ NNS WDT VBP DT NN IN VBG NNS . CD NN VBZ IN DT NN IN NNS , RBR RB IN JJ NNS WDT MD VB DT NN VB , VBP RB JJ IN PRP$ NNS CC VBP VBN TO RB VB RB WP PRP VBD VBN TO : DT NN MD VB RB CD NN IN DT JJ NN IN NN . IN NN , EX VBP JJ JJ NNS IN NN NN , CC IN NN NN , DT JJ NN MD VB RB CD NN IN VBG JJ NNS IN NN RB . IN DT NN , RB DT NNS VBP JJ , CC DT VBP JJ RB WRB VBN IN DT RB VBN NN , DT JJ NN IN DT VBN NN MD VB VBN TO VB RB DT NN IN NN DT VBN NN MD VB VBN TO VB RP . DT NN WRB NNS VBD VBN IN JJ NNS IN NN CC NN NN VBZ DT NN IN PRP VBP RB VBN TO VB NNS TO VB IN , RB IN DT VBP PRP IN DT NN , IN NN IN NNS WP RB VBD DT VBN NN MD VB JJ : DT NN MD RB VB JJ TO VB PRP IN DT NNS CC NN CC IN DT NN NN RB IN PRP VBD RB VBN TO VB DT JJ NNS . CC DT NN , VBG PRP RB IN DT NN NN MD VB DT NNS . RB DT NN , WP MD CC VB PRP RB VBN , VBN RP , CC RB VBN MD VB JJ TO VB IN VBG IN PRP$ NNS , RB IN DT NN VBD IN PRP . PRP MD VB WRB VBN RP PRP$ NNS IN DT JJ NN VBD IN DT NN , PRP RB VBD PRP VBD DT NN IN NN IN PRP VBD IN DT NNS IN JJ NNS , CC IN PRP MD VB VBN TO VB NN IN CD JJ NNS : CD WDT VBD VBN JJ IN JJ NN NN , IN DT JJ NN VBG DT JJ NN IN WP VBZ VBN RP IN DT NNS . EX VBP CD NNS IN NN NNS VB IN , CD VBZ DT JJ NN , CC CD VBZ DT JJ NN . DT JJ NN NN IN NN , VBN DT JJ NN MD VB VBN IN JJ NN NN IN NNS , CC DT JJ NN , WDT RB VBZ CC VBZ NNS IN NN IN VBG WP PRP VBZ VBG JJ , MD VB VBN IN JJ NN IN NNS , NNS WDT MD VB NNS CC VB JJ . CC RB IN DT JJ NN IN CD JJ RB JJ NN NN WDT RB RB VBZ DT NN : PRP MD VB TO VB WRB DT NNS WP VBP VBG DT VBN NN NN RP IN DT NNS VBP RB VBN DT JJ NN RB JJ IN DT JJ NN . RB VB PRP VB WRB VBZ DT NN RB RB JJ RB , WRB JJ JJ NNS IN NNS VBP CC WRB DT NNS IN DT NN VBD RB IN NNP NNS JJ IN NNP IN CD . VB PRP VB DT JJ JJ NN . PRP VBZ DT NN IN JJ NN . DT NN IN NN IN JJ NN . DT NNS VBN RB RB RB VB CD NNS , CC PRP RB VBP DT NN IN NN NN . DT VBZ RB JJ , RB JJ , CC RB RB JJ . PRP VBP WP DT NN VBZ RB . PRP VBZ NN RB RBR JJ IN DT JJ NN : PRP VBZ DT NN VBG NN , RB VBN TO VB PRP$ JJ NNS CC VB PRP JJ IN JJ NN . PRP VBP VBN VBN -LRB- RB RB , IN CD -RRB- PRP VBZ VBG VBN IN DT NN NN TO VB VBN IN JJ NNS CC RB VB NN WDT MD VB IN DT NN , IN IN JJ CD VBN NN IN NNS VBZ DT JJ NNS IN DT NN IN PRP , RB PRP VBP DT NN VBN PRP JJ IN PRP$ JJ NN MD VB IN IN DT NN CC VB PRP . VBN NN VBZ DT NN , IN PRP RB VBZ IN NN NNS . DT JJ NN NN VBZ NN JJ , CD NNS VBN IN DT NN . . . . . . CC PRP VBP JJ PRP VBZ RB NN . . . . . . . . DT VBG VBZ DT JJ NN NN IN DT NN . NNS VBP `` UH IN PRP$ NN VBZ IN NN '' VB DT VBG NN RB : PRP VBZ JJ DT NNP NN VBZ RB IN NNP , PRP VBZ IN VBG DT JJ NNS , CC DT VBG NN VBZ PRP . `` NNP -LRB- NNP -RRB- : PRP VBZ DT JJ , RB VBN NN WDT VBZ RB JJ NNS , CC PRP VBZ RB VBN . NNS WP VBD PRP , RB IN NNP , VBP PRP VBZ IN PRP$ NN VBZ IN NN . PRP VBZ IN NN NNS , CC RB JJ NNS VBP JJ , VBN IN NN NNS , VBG VBN CC RB VB JJ . PRP VBD VBN RB JJ , WRB RB PRP$ NNS VBD RB . `` CD NN PRP MD VB VBG , VBG RB , CC DT JJ NN PRP MD VB VBG , VBD NNP NNP , IN NNP NNP . NN NNS . DT VBZ RB WP MD VB IN PRP$ JJ NNS , WDT RB VBP NN , VBP VBN . CC WRB MD NNS RB RB VB IN `` UH IN PRP$ NN VBZ IN NN '' IN PRP VBD RB RB IN DT NN CC VBD DT NN IN WP VBD VBG RP . RB , PRP VBZ RB JJ NNS , DT NN WDT MD VB DT NN NN . PRP VBP RBR IN DT NN NN WDT `` VBZ DT JJ NN , WRB DT NN NN VBZ VBG DT NN '' CC UH RB RB VB DT NN IN PRP VBZ RB RB VBN IN NNS VBN IN DT VBN NN , CC IN NNS VBP JJ IN RB JJ NN NN NNS . DT NN IN DT VBZ DT VBN NN IN DT NN VBZ VBN IN DT NN IN PRP VBZ RB JJ IN `` JJ NNS '' , RB JJ JJ NNS , NNS , NNS , NNS , NNS CC NN JJ , RB JJ NNS . JJ NNS VBP DT NN NN RB , WDT VBZ RB IN NN , RB IN WP VBZ VBN IN DT NN , DT JJ WDT VBD DT `` NN '' IN NNP . NNP RB RB VBD DT JJ NN . RBR VBG DT NN IN NN IN DT NNP NN VBZ DT NN IN DT NNS VBD PRP DT NN NN NN IN DT . EX VBZ DT NN PRP MD VB DT IN JJ , IN PRP VBD EX VBD DT NN NN NN VBG RB IN NNP , CC PRP VBD PRP VBD NN NN . PRP$ NN . PRP$ NN VBZ DT JJ CD JJ NN VBD VBG VBN IN DT NN NN , IN DT VBN NN IN DT NNP JJ NN : JJ NNS , TO VB WRB RB PRP VBD PRP . DT NN DT NN WP VBD DT NNS VBZ PRP IN PRP$ JJ NN , CC PRP MD VB DT NN TO VB IN `` IN JJ NN '' IN DT NN PRP VBZ DT JJ NN NN PRP VBP PRP TO VB . PRP MD RB RB VB NN PRP VBZ , IN DT NN IN NNS IN WRB JJ NNS PRP$ NNS VBP IN NN , CC WRB RB PRP VBZ DT NN VBN IN PRP$ NN IN JJ NN NN NNS . NNP MD VB JJ IN DT . `` PRP VBD RB JJ CC JJ . EX VBD NN JJ . PRP VBD NNS VBD VBG PRP , '' VBD NNP NNP , IN NNP . CC PRP VBD JJR IN NNP NNP , WP VBD DT NN IN DT NNP IN NNP . VBN , CC IN IN PRP , PRP MD RB VB PRP$ NN NNS . RB EX VBD NNS , CC PRP VBD DT NN . PRP$ NNS VBD VBG PRP$ JJ NN VB RB . `` PRP VBD NN CC NN IN NNS , '' VBD NNP NNP , NNP POS NN . `` PRP VBD VBG PRP . DT VBZ NN WDT PRP MD RB VB , '' VBD NNP NNP , NNP POS NN . NNS RB MD RB VB RP WP VBD JJ IN NNP . `` PRP VBD JJ JJ NNS , MD VB PRP$ NNS RB VBN , PRP VBP , IN NN IN PRP . PRP VBD DT RB JJ NN , RB DT JJ NN PRP VBP VBG CC VBG IN PRP$ NN VBD VBN PRP , '' VBD NNP . VBZ RP , NNP CC NNP VBD RB RB JJ . PRP DT VBD DT NN NN NN VBN NN NN NN , WRB NNS VBP DT NN , VBG NN . PRP$ NN JJ NN IN PRP : `` FW NN NN '' CC VB PRP RB VB WP DT VBZ . NN NN NN VBZ NN IN NN VBG NNS IN DT NN . NNP VBZ JJ . PRP VBZ RB DT NN IN NNP , DT VBZ NN DT JJ NN , IN DT NN , VBZ IN NN VBD NN IN DT NN NN NNS . CC RB PRP VBD PRP$ NN , TO VB DT NN IN DT NNS VBP RB WP VBD DT . UH VBP WRB . IN PRP VBD DT NNP NNS VBD RP , CC EX VBZ DT NN PRP MD VB DT , IN PRP VBP NN NN CC VB DT IN DT NNS TO VB PRP IN DT NN NN CC VB PRP VBP RB JJ . DT NNS VBD DT VBD DT NN , CC IN PRP MD VB DT NNS TO VB RP . PRP VBD EX VBD DT JJ NN VBG RP , CC PRP VBD DT NNS , JJ DT NN NN EX VBZ DT JJ NN IN PRP TO VB WP PRP VBD , JJ IN NN IN WP VBD RB VBG RP . DT NNS VBD RB VBN IN . RB , DT JJ NN NN IN DT NNS VBD VBN RP . NN VBG `` NNS MD RB VB RP NN '' VBZ NN CC NNS , IN PRP VBD DT NN RB RB NN MD VB WRB PRP VBD . CC DT NN IN DT VBD IN DT JJ NNS VBZ IN PRP VBD RB DT NN IN JJ NN IN DT NN VBZ , IN JJ NNS VBP RB VB RB IN DT JJ NNS . NN JJ IN NN NN VBD DT . PRP VBP DT VBD DT NNP NN NN NN , WRB DT NN NNS VBD RP , VBD PRP$ NN , CC WRB JJ DT NN NNS VBD RB VBG JJ NN RB IN PRP VBD JJ . NN IN NNS . JJ VBZ JJ . DT NN IN JJ JJ JJ NNS IN DT NNS VBD PRP IN DT NNP NN IN VBG VBN VBZ IN NNP VBZ RB JJ TO VB NNS IN DT NN . JJ NNS VBG RP IN DT JJ NNS . UH RB . NNP VBZ DT VBZ WRB NNS VBD PRP IN PRP$ NNS , '' PRP VBD PRP PRP$ NN VBZ IN NN . PRP VBD DT NNS : `` PRP$ NN VBZ IN NN . ''"
1060,836,conspiracy,"JJ NN NNP NNP VBZ PRP$ NN CC NN HYPH NN NN IN DT NN POS JJS NNS IN DT NNP NN IN NNP NNP . JJ NN NNP NNP -LRB- NNP -RRB- VBZ VBG NN POS JJ NN . PRP MD RB VB DT NN IN NNP , NN CC NNP . NN VB , JJ NN VBZ JJ IN CD SYM CD NN NNP DT NNP HYPH NNP . VB DT NN IN NNS MD VB RB IN IN NNP . NNP NNP VBZ WP VBZ IN DT NN IN NNP HYPH CD , DT NN , DT NN , CC WRB NNP NNP VBZ TO VB PRP$ NN . DT NN NN IN JJ NN NNS VBZ RB IN NN . VB NN NN NN IN CD NN RP IN JJ NN NNS CC JJ NN NN ."
1061,1161,conspiracy,"NN NNS IN IN NNP NNP VBP VBG IN CD NNS IN NNP , VBG NNS IN DT NNS IN CD NNS WP VBD RB IN VBG DT NNS , NNS , CC NN -LRB- NN -RRB- NN , VBP VBN JJ IN NN . CD NNS IN NNP , VBG NNS IN DT NNS IN CD NNS , VBP VBN JJ IN NN . PRP VBD RB VBN NNS IN NN , NN , CC NN IN NN . DT NN VBD NN IN DT NNP NNP IN DT NN IN DT VBN CD NN NN , CC PRP$ NN VBD NN NNS . CD NN , NNP NNP NNP , VBZ VBN IN CD NNS IN NN IN NN CC CD IN NN CC NN , IN NNP NNP VBZ VBN JJ IN CD NN IN NN . NNP NNP NNP VBD IN DT JJ NN IN CD WRB PRP VBD NN NN IN NNP IN NNP . NNP NNP VBZ PRP VBG NN IN DT NN IN CD JJ NNS CC JJ CD HYPH NN HYPH JJ IN DT NNS IN NNP CC NNP IN NNP . DT NNS VBD IN NNS IN VBG VBN IN DT NNP NN IN NNP NNP IN NNP NN DT NN IN NNP . PRP$ NN NN NNP NNP VBD IN DT NNS IN NNP NN . DT NNS IN DT JJ NN NNP CC NNP NNP IN NNP VBD IN NN IN NNP NNP IN IN CD NNS IN PRP$ CD HYPH NN HYPH JJ NN NNP NNP VBG VBN IN DT NNP NN IN DT NN PRP VBD JJ . SYM NNP , VB PRP$ NNS , NN NNS VBP RB VBG WP VBD RB JJ IN DT NN VBD IN DT NNS IN DT JJ NN WP VBD VBD RB RB VBN IN DT JJ NN POS NN DT NN NNS RBR CC VBD TO VB PRP$ NN VB DT JJ NN . DT NN VBD IN DT NN VBD DT NNP NN IN PRP$ NN , VBG IN DT NN POS JJ NN IN VBG DT NN . DT JJ NN IN NNP VBZ RB VBG IN NNS IN DT NN IN PRP$ CD HYPH NN HYPH JJ NN NNP NNP . DT NNS NNP CC NNP NNP VBD IN DT NNP NN IN PRP$ NN NNP IN NNP IN CD NNS IN DT NN IN DT JJ NN IN PRP VBD JJ IN WP VBD VBN DT NN VBD TO VB PRP$ NN TO VB VBN . DT NN VBZ IN DT NN IN NN VBD CC IN PRP$ NN VBD PRP$ NN VBG DT NNP NN CC IN DT NN PRP VBD JJ . IN DT JJ NN , NN NNS RB VBD PDT DT VBG NNS IN DT NNP NN , CC VBD DT JJ NN , RB RB TO RB VB DT NN , CC IN PRP$ JJ NN IN DT VBN NN . DT NNP NNP IN NNP , NNP NNP NNP NNP , VBD DT NN IN DT JJ NNS CC VBD IN , IN DT NN , CD IN PRP$ NNS VBD RB VBN NN JJ , DT JJ NN NN WDT PRP VBD CC RB MD RB RBR VB . NN VBZ DT NN DT NN MD VB . CC PRP MD VB IN EX VBZ DT NN RBR RB VBG CC JJR IN VBG DT NN . PRP$ NN CC NNS VBP RP IN DT VBG NNS IN DT RBS JJ NN . IN DT NN , PRP RB VBP PRP$ JJS NN , NNS CC VBP IN NN CC NN MD VB IN PRP . IN DT NN CC NN , PRP MD VB IN DT NN IN DT NNS IN PRP$ NN . PRP RB RB VBD CD IN PRP$ NNS JJ NNS RB IN JJ NNS . CC IN DT NNP IN PRP$ NNP IN NNP PRP$ NN VBD IN DT JJ NN CC PRP MD RB VB DT JJ IN PRP VBZ VBN DT NN TO VB . IN NNP NNP , PRP VBP VBN DT JJ NN IN DT NNS VBG IN IN DT JJ NN WDT PRP VBP RB VB RB . EX VBP RB NNS WDT MD VB IN NN VBZ DT NN . CC IN RB , VB VBN DT NNS MD VB VBN IN DT NN TO VB IN PDT DT NN MD RB VB VBN CC DT JJ MD VB VBN TO VB . DT JJ NN WRB VBN NN CC JJ NNS VBP JJ , CC WRB VBN NNS VBP DT NNS IN NNS NNS VBP JJ NNS , CC RB DT NNP NNP NNP VBZ VBN DT NNS IN VBG IN NNS VBP `` RB JJ . '' DT IN DT NNP JJ NNS VBP VBG TO VB NN NNS CC JJ NN IN NNS . DT JJ NN VBN IN NNP RB VBD NNS DT NN TO VB NNS , IN DT NN NNS VBP DT NN IN NNP NNP TO VB CC VB DT JJ NN , RB IN IN CC RB DT NNS VBP RBR JJ IN NN NNS IN NNS . CC IN NNP NNP NNP NNP VBZ NNP TO VB DT JJ NN IN DT NNP TO VB RB DT JJ NN IN NNS , WRB NNS MD RBS VB IN PRP$ NNS MD VB DT NN VBN IN DT NNP IN DT NN NN NN . NN VBZ DT NNS , DT NN NNP IN NNP NNP , TO VB DT JJ NN IN NNS RB IN JJ NNS WP VBP JJ NNS IN NNP NNS , CC PRP$ NNS . IN NN WRB NNS VBP CC VBP VBN IN NNS IN DT NNP NNPS , EX VBZ DT NN NN CC JJ NN IN EX VBD IN NNP . DT VBZ IN DT NNP VBZ DT JJ NN IN DT NN WDT VBZ VBN DT JJ NN NN IN JJ NNS IN IN NN VBN IN NNS . NN CD : NN TO VB RB VBN , IN NNS IN JJ NN"
1062,1339,mainstream,"DT NNP NNP NNP -LRB- NNP -RRB- VBZ DT JJ NN IN NNP POS NNP NNP NNP CC CD NN NN NNS . DT NNP VBD IN CD CC VBZ NN IN NN TO VB NN IN NNS CC VB NNS IN JJ CC JJ JJ NNS VBG NN . DT NNP VBZ JJ NN NNS IN DT VBG NN . DT VBZ NN IN NNS : DT NN IN NN VBN IN DT NN , NN IN NN , CC JJ NNS VBN IN DT JJ NN . DT NNP RB VBZ NN IN JJ NNS WDT VBP VBN VBN IN NNS POS NNS , JJ NN NNS , NN NN NNS , CC NN NNS . DT NNP VBZ NN NN NNS VBN IN NNS CC NNS VBN IN DT JJ NN CC NNS IN DT NN JJ NN NN NN -LRB- NNP -RRB- . WRB EX VBP JJ NNS WDT VBP VBN VBN IN NN IN DT NNP NNPS CC IN EX VBP NNS IN WRB DT NN VBZ VBN , DT NN MD VB DT NN IN DT NNS . DT NNP VBZ DT JJ NN IN VBG CC VBG DT NN IN NNS . IN CD , NNS IN DT NNP VBP VBN JJ NNS TO VB NN NN NNS . NNS IN NN POS NN VBP DT VBG : NFP JJ NN IN VBG DT NN IN DT NN NN NN NFP VBP NNS WDT VBP NNS JJ IN NNS . WRB IN NNS IN NNS . NFP VBP EX NN NNS VBG NN NN . NFP TO VB NN IN JJ NN NN NNS IN JJ NNS NFP TO VB NN NN NNS WDT VBP IN NNS CC NNS IN DT JJ NN CC IN JJ NN NN NNS , IN NNP NFP TO VB JJ JJ NNS WRB JJ NNS VBP VBN CC WRB EX VBP JJ NN NNS NFP TO VB NN IN NNS WP VBP NNS IN DT NN JJ NN NNP -LRB- NNP -RRB- JJ NN VBZ NN TO VB JJ NNS VBG NN IN JJ JJ NN IN DT NN MD VB VBN RB IN JJ NNS . VBG NN NNS WDT VBP VBN DT NN , DT NNS IN JJ NNS WDT VBP IN NNS WP VBP VBN DT JJ NN VBP VBN IN DT NN IN JJ NNS WDT VBZ IN DT JJ NN IN NNS WP VBP RB VBN DT NN . IN DT NN IN JJ NNS IN VBN NNS VBZ JJR IN IN DT NN NN , DT NN MD VB VBN IN DT JJ NN . NNP VBZ VBN NNP TO VB JJ NN NN VBG JJ NNS , VBG : NN VBZ JJ NNS CC JJ NNS IN JJ JJ NNS . IN PRP VBZ RB JJ TO VB JJ NNS , VBG DT NN IN NNS VBN IN NNS IN NN NN NN -LRB- NN SYM CD NN -RRB- VBZ DT JJ NN IN DT NN . VBG DT JJ NN NN TO VB DT NN POS NN IN PRP$ NN VBZ JJ . DT NNP VBZ VBN NNS TO VB JJ NNS CC VB DT NN CC NN NNS IN DT NN . NNP VBZ RB JJ TO VB NNS TO VB DT NN IN NNS VBN IN NNS WP VBD VBN IN NN . NNP VBZ VBN CD NNS JJ IN NN CC NN IN NN CC VBZ RB VBG DT NN IN NN NN , JJ NN NN , CC NN NN IN NN . NNP NNS VBP VBN DT NN IN JJ NNS TO VB JJ , JJ NN NN NNS . NNS VBN IN DT NN IN DT NN VBP VBN VBN IN JJ NNS VBG JJ HYPH VBN NNS CC NN NNS VBP TO VB CC VB JJ NNS IN NN NN NN . NNS VBN IN DT NNP VBP : DT NNS VBP NN TO VB JJ CC JJ NN NN NN CC NNS . IN NN IN NN , NNS -LRB- IN IN NNP CC IN DT NNP NN -RRB- VBP JJ IN VBG NNS IN DT NN TO VB RB IN NN NN NNS . WRB JJ , NNP VBZ TO VB DT NNS . VBG IN DT NN , JJ NNS MD VB JJ TO VB NN NNS CC NNS IN NNP NNS IN JJ NN NNS , DT NN NN NN NN , CC NN IN JJ NNP NNS ."
1063,367,conspiracy,"NNP VBZ JJ NN IN DT JJ NN VBZ VBN IN DT NNP , JJ JJ JJ NN IN NNS , NNS CC NN NNS . PRP VBP DT NN WDT VBZ WP VBD IN CD WRB CD NNS VBD DT VBN NN IN NNP NNP . IN DT JJ NN IN NN , PRP VBP VBN IN DT JJ NN IN NNS , NNS , NNS CC NNS , VBG IN JJ NNS CC NNS , NNS , NNS , NNS CC NN NNS . PRP VBP RB NNPS WP VBP PRP$ NN IN DT JJ NN NN VBN IN NNP NNP WDT VBZ DT JJ NN CC VBZ TO VB PRP$ NN IN DT NN IN `` NN NN . '' IN PRP VBP RB VB PRP , PRP VBP RB RB VBN DT NNS NNP NNP HYPH NNP , -LRB- JJ -RRB- NNP NNP CC NNP NNP . PRP VBP NNP NNS WP VBD VBN IN DT NN , VBN , VBN CC VBN IN DT JJ NN WRB PRP VBD TO VB DT NN IN DT NNS . NN JJ JJ NNP NNP , NN IN DT CD NNP NNPS , VBD VBN IN DT NNP NNP NNP IN CD IN `` DT NN NN , '' DT NN VBN IN PRP$ `` JJ NN NN , '' IN DT JJ NN '' IN DT NN WRB PRP VBZ JJ TO VB DT NN IN NN . '' IN CD , NNP VBD NNP CD IN DT NN POS JJ CD NNS IN NN NN , NN NN CC NN IN IN `` VBN JJ NN IN NN NN NNS . '' IN CD , NNP NNP HYPH NNP , DT JJ NN CC JJ NN IN CD NNS , VBD NNS IN DT NN NN NN WDT VBD RB JJ IN DT JJ NN . PRP RB VBD JJ NNS CC NNS IN DT JJ NN TO VB CC VB NNS . PRP CC PRP$ JJ NN NNP NNP VBD NN , VBG NNS CC NN NN NNS WDT CD NNP NNP NNS VBD VBN IN NN CC VBD VBG PRP$ NN TO VB JJ NNS . PRP VBD DT JJ `` NNP NNP '' IN DT NN IN DT NN NN . -LRB- NNP NNP , NNP IN NNP : DT NNP NNP , VBN CD -RRB- DT NN VBD NNP VBN IN DT NN . `` DT NNS VBD NNP HYPH NNP IN IN DT NN CC PRP MD VB PRP VBG IN DT NNS IN DT NN POS NN . '' RB DT NN VBD DT NNS TO VB PRP$ NN NNP NNP . NNS VBD VBN TO VB DT NN IN RB CD NNS . VBG IN DT NN NN , DT VBZ WP VBD WRB NNP VBD DT NN IN DT NN : `` CD NN IN IN CD NN , IN VBG DT NN NN , NNP NNP VBD RB , VBD PRP$ NN , CC IN VBG IN PRP$ NN NN CD NNS VBD IN IN DT NNS CC VBD IN PRP . PRP VBD VBN IN DT JJ NN CC RB RB IN PRP VBD PRP RP PRP `` VBD PRP JJ IN NN '' CC PRP VBD VBN IN DT JJ NN IN NNP NNP NNP , IN DT `` DT NN '' NN . VBG NNP NN `` WRB DT NN VBD RP WRB NNP NNP VBD , PRP VBD TO VB IN NNP NNP , DT CD NNS RB , TO VB DT NN WP MD VB NN HYPH NN NN TO VB NNP NNP CC PRP VBD RB VBN IN NNP NNP VBD RB , RB , VBN IN VBG VBN DT NN IN CD NNS ."
1064,54,conspiracy,"NNP VBZ TO VB NNS CC RB VBZ NNP NN NN IN NNS VBP NN IN JJR NNS IN JJ NNS DT NNS CC NNS IN DT JJ NN IN PRP$ JJ NN IN NN NNS VBZ NN JJ IN DT VBN NN HYPH NN . CC DT NN DT JJ JJ NN VBZ VBG -LRB- CC RB -RRB- DT NNPS IN NNP NNP CC NNP -LRB- NNP -RRB- NN NN , VBG DT NN IN DT NNP NN IN NNS , NNS CC NN VBZ NN IN JJ NNS , CC RB IN JJ JJ NNS , VBZ RB RB IN DT JJ NN NN VBZ RB RB VBG IN NN IN PRP DT NNPS . IN WP VBZ RB DT JJS NN NN IN VBN NN , DT NNP NN NN VBZ DT JJ NN IN DT JJ NN NN WDT DT NNS VBP VBN VBN CD NN JJ CC JJ , VBG DT JJ NNP NN . DT NN VBD VBN JJ WRB NNP NNP NNP , DT JJ JJ HYPH NN NNP NN , VBD RB IN NN HYPH VBG NN IN WRB NN NNS VBD RB IN NN TO VB DT JJ `` NN '' IN DT NNS IN NN VBG NN IN NN CC NN HYPH IN NNS . NNP NNP POS NNS IN PRP$ NN IN DT NNP NN VBD RB VBN RP IN DT NN IN JJ NN NNS . CC PRP MD VB JJ HYPH VBN TO VB DT NN IN PRP IN NNS IN NNP NNP CC NNP , WDT VBP RB JJ VBG RP NNS IN JJ NNS IN DT NN IN VBG PRP$ NNS CC VBG JJ NN TO VB IN DT NNS IN WRB NN HYPH VBN NNS IN DT NNP VBP VBG JJ NN IN NN TO VB VBG NNS IN JJ NNS . CD NN JJ JJ NN NNS RB JJ IN PRP$ NN CC JJ NN , VBG NNP , NNP , NNP , NNP NNP , NNP NNP CC JJR , DT CD NN JJ CC NN VBN IN NN . DT NN IN NNS , IN NN NN IN JJ JJ NN . VB DT JJ NN RB , CC VB VB DT NN NN . VBG IN NNP NNP , DT JJ NNP NN NNS WDT VBD RB VBN IN IN NNS IN DT NNP VBD IN DT RB VBN NN IN NN IN JJ NNS WP VBP DT NN JJ IN NN CD -LRB- WDT VBZ RB DT JJ NNS VBN IN DT NNP NN -RRB- . CC JJ JJ NNS VBP RB JJ IN VBG NN IN NNP , PRP VBZ , IN DT JJ NNS VBD DT JJR IN JJ VBN NN IN JJ NNS JJR IN CD NNS IN NN . NNP NNP NNP IN NNP RB VBD DT NN IN DT JJ NN , RB VBG IN NNP NNS VBD RP TO VB DT NN IN DT NN IN NN CC NN . PRP MD VB PRP$ NN RB : NNP . IN JJ NNS VBP , RB WRB VBZ RB DT NN VBG JJ NNPS IN NNP NNS VBP JJ NNS . PRP MD VB IN JJ JJ NN MD VB VBN IN DT JJ NN CD , VBG WRB JJ DT NN NNS IN NN VBP TO VB RP CC RB IN VBG JJ NNS . NN NNS CC DT NNP NNP RB VBD JJ TO VB IN DT NN IN DT JJ NN NN VBG DT VBN NNP NN , IN RB VBG RB MD `` VB '' DT JJ NN . CC NNS WDT VBP JJ NNS . RB JJ VBG , RB . RB , PRP VBP RB RB VBN TO VB DT NN IN DT JJ HYPH VBN NN NN VBZ VBG NNS VBN CC JJ , RB IN DT JJ NN . PRP VBZ RB RB VB IN DT JJ NN NNS IN JJ NNS VBP DT RB JJR NN IN VBG NN IN NN NNS , CC IN DT NN IN JJ NN VBZ VBN TO VB IN DT NN NN IN NNP NNP , UH , PRP RB MD RB VB DT . DT NN NNS RB VBP PRP$ NNS IN IN NN . IN IN EX VBZ DT NN IN NN WDT MD RB VB DT JJ JJ NN NN , PRP MD VB TO VB PRP TO VB VBG NNP NNS , RB TO VB JJ NNS IN DT NN IN JJ , JJ CC JJ NN . RB , DT JJ NN IN RB VBG NNP NNS VBZ RB JJ IN NNPS , NNPS , NNPS CC DT JJ JJ NNS RB RB ."
1065,241,mainstream,"NNP NNP NNP NNP -LRB- NNP -RRB- VBD NN , NNP NNP CD , PRP$ JJ NN NN VBZ VBN NNS IN JJ NNS CC JJ NNS MD VB VBN IN DT NN . NNS IN DT NN VBP VBG TO VB DT NN IN NNP HYPH CD , WDT VBZ VBN JJR IN CD NNS . DT JJ NN VBZ VBN TO VB DT JJ NN DT NN MD VB DT NN . DT NN , WDT VBZ VBN NNP , VBZ VBG VBN IN DT NN NNP . DT NN VBD VBN TO VB VBN JJ HYPH NN NNS IN DT NNS WP VBD VBG PRP IN DT JJ NN . DT NNS VBP DT NN NN CC RB VBP IN DT NN , VBG PRP NN . NNP NNP , JJ NN IN NNP , VBD : `` PRP$ NN NN , CD NN VBZ NNP VBZ JJ CC MD VB NN NN . `` VBG PRP$ NN PRP , CD JJ NNS IN DT VBG NNS VBZ DT JJ NN PRP VBP VBN IN DT NN IN NNP HYPH CD . '' DT JJ NN VBD VBN IN NNP CC VBD CD JJ NNS JJ IN CD CC CD . VB JJR : NN NN : NN VBN IN NN IN NNP DT NN VBP VBN PRP MD VB VBG IN NNS IN JJ HYPH NN NN CD NNS RB . NNP VBZ VBG CD NNS TO VB NN , WDT VBZ DT RBS IN IN DT NN . NNP NNP VBZ RB VBG DT NN , WDT NN NNP VBZ VBN MD VB NN '' IN RB DT NN '' . JJ NNS IN DT NN VBP RB VBG NN . NNP NNP VBZ NN DT JJ NN HYPH NNS NNP TO VB PRP -LRB- NN -RRB- NNS VBP : NNP VBZ DT NN IN VBG NNP NNS -LRB- NN -RRB- NNP NNP VBZ IN NNP POS NN NN `` NN '' IN NNP HYPH CD -LRB- NN -RRB- NNP , NNP , DT NNPS CC NNP VBP VBN TO VB $ CD CD IN CD CD NNS IN NNP POS JJ NNS . DT NN NN VBZ VBN TO VB RB CD CD NNS IN DT NN IN DT NN . NNP NNP NNP VBP RB VBG DT NN , WDT NNP NNP NNP NNP VBZ VBN DT `` NN '' . NNP NNP VBZ VBN IN RB NN IN DT NNP POS NN MD VB NN IN DT NN IN NNP IN NNS VBP JJ ."
1066,438,mainstream,"WP VBP NNS VB . NNS VBP IN VBG DT NN TO VB NN . DT VBZ CC DT JJ CC DT VBN NN -LRB- CC NNS IN PRP -RRB- WDT VBZ DT JJ NN . DT NN NNS VBG DT NN IN VBG NNS WDT VBP JJ NNS IN DT NN . DT JJ CC JJ NN VBZ IN IN NN VBZ RB VBN IN DT JJ NN , DT NNS VBP RB IN NN CC DT NN VBZ WRB TO VB PRP CC DT NN VBZ RB VB JJ . DT VBZ VBN NN . IN DT NN IN JJ NNS IN DT NNP NNPS , NNS IN RB JJ NN NNS IN NNS CC NN VBP VBN RB . NNS VBP VBN NNS IN NNS IN JJ NNS CC VBN NNS IN NNS . IN NN , DT NNS VBP RB JJ RB IN NNS RB VBP IN NNS IN PRP VBP RB VBN . CC JJS NNS WDT MD VB VBN IN NNS VBP RB VB IN DT NN , RB IN DT NNP NNPS , IN PRP VBP RB RB . MD DT NN NN VB JJR IN VBG IN DT NN . UH , DT NN NN VBZ NNS IN DT NN , IN DT NN NN , IN PRP VBZ PRP RB CC VBZ VBN IN PRP IN DT NN . VBG VBN IN CD NN VBZ RB VB DT JJ NN IN DT NN . MD DT NN VB NN DT NN PRP VBZ VBN TO VB . PRP VBZ JJ TO VB DT NN IN DT NN VBN IN JJ -LRB- VBN -RRB- NN CC NNS CC RB NN IN DT NN CC NN . RB DT NNS VBN IN VBN -LRB- RB VBN VBN -RRB- JJ NNS : IN DT NN -LRB- NN -RRB- CC NN HYPH NNS HYPH NN -LRB- NN -RRB- NNS : MD RB VB DT NN VB DT JJ NN IN DT NN . CC PRP VBZ RB RB RB RBR JJ IN IN DT NN VBD VBN IN DT NN HYPH VBG NN PRP . RB , IN NNS IN VBN JJ NNS , JJ IN DT VBG VBN IN NN , DT NNS MD VB NNS . DT NN IN NN IN NN VBZ RB JJ . CD JJ NN NN WDT VBZ RB RBR VBN IN DT NNP NNPS VBZ DT JJ NN NN -LRB- NN -RRB- . DT NN IN DT NN NN NN VBZ VBN PRP JJ TO VB DT JJ NN NN IN DT VBN NN NN VBN IN DT VBN NN NN -LRB- NNP -RRB- . DT NN VBZ RB VBN DT NN IN NN NN VBG VBN IN NN IN DT NNP NNPS . WRB MD PRP VB PRP$ NN VBN IN PDT DT JJ NNS IN NN VBP VBN . PRP VBZ JJ IN DT JJ NN POS NN IN VBG DT NN VBZ JJ IN NN JJ VBZ VBN . CC PRP$ NN VBZ RB VBN IN NNS JJ IN RB DT IN NN . CC IN CD NN VBZ IN VBG NNS , NNS VBP IN NNS VBP VBG DT JJ NN . DT NN WP VBZ RB VBN VBZ RB JJ NNS CD JJR NN TO VB . IN NN NNS VBP RB JJ IN DT NNP NNPS , EX VBZ DT JJ NN TO VB IN NN PRP$ NN VBZ IN NN IN VBZ VBN VBN , RB RB IN RB JJ NNS VBP IN CC IN JJ NNS . RB DT JJS NN TO VB PRP$ NNS VBZ IN NN . MD VBG RB JJ NNS IN CD NN VB PRP$ NNP . NNS VBP JJR NN NNS IN PRP MD VB , CC PRP MD VB RB JJR NNS IN WP PRP VBP IN NNS . IN NN , DT NN IN NNS IN NNS VBZ RB DT JJ NN IN DT NNS NNS POS NN NNS VBP IN DT NN . RB , NNS MD VB DT NN IN DT NN IN DT JJ NN CC NN . CC DT NN IN JJ NNS VBZ JJ VBN IN DT NN NNS VBN IN DT RB HYPH JJ NNS PRP VBP , CC VBP RB VB IN DT NN VBD JJ NNS IN RB . DT NN IN NN CC NN VBD IN VBG DT NN NN JJS NNS VBP , CC PRP VBZ VBN VBN JJ NN CC NN RB . RB , DT NNS VBP TO VB JJ NNS -LRB- VBG CC `` VBG RP '' NNS -RRB- IN PRP VBP VBN IN DT NN IN NNS PRP$ NNS VBP IN DT NN . DT VBZ RB RBR JJ TO VB DT NN JJ . NNS VBP IN JJ NNS IN JJ NN NNS RB VBP PDT DT NNS PRP VBP . CC , JJ NNS MD VB DT JJ NN . VBG RP NNS IN JJR NN NNS VBZ IN PRP MD VB TO VB PRP$ NN IN DT NN : CC PRP$ NN MD VB TO VB DT NN : RBR RB . WRB MD PRP$ NN VB DT JJ NN IN NNS VBP RB CD NN JJ . JJ NNS IN NN VBP CD NN IN DT NN . CC NNS VBP CD IN DT RBS JJ NNS PRP VBP IN NN : PRP VBP IN CD NN IN CD NN IN NNS . PRP RB VBP PRP$ NN POS NN IN JJ NN -LRB- RB WRB JJR CC JJR NNS VBP VBN -RRB- CC VBP NNS JJR NNS TO VB NN IN DT NN . PRP MD VB JJ TO VB NNS VB DT NN , CC DT JJ HYPH NN NN VBZ NN VBN IN VBG IN DT RB JJ NN IN NN , NN NN , CC NNS . WRB VBP JJ NNS VB TO VB VBN . NNS VBP VBN TO VB VB JJ NNS JJ . IN NNS VBP IN VBG DT NN IN NN VBZ , IN PRP VBP IN PRP$ NN VBZ JJ , PRP MD VB RB JJ IN DT NN TO VB . DT JJS NN TO VB NNS VBZ WRB PRP VBP JJ . MD NNS VB DT JJ NN IN PRP$ NN . DT RBS JJ NNS IN NNS VBP JJ CC VBP : NFP NN CC NN WRB DT NN VBD VBN SYM NN IN DT NN WRB DT NN VBD VBN IN JJ NNS , NNS MD VB RBR JJ NNS , JJ IN NNS CC JJ JJ NNS . IN PRP$ NN VBZ DT NN IN NNS IN NN CC NN , CC VBZ VBN DT NN IN DT NN RB , VB DT NN VB IN DT NNS VBP VBN . DT NN , NNS IN NNS VBP RB VBN CC RB JJ VBP JJ NN NNS . NN RB VBZ DT NN IN NNS . DT NNP NNP IN NNP -LRB- NNP -RRB- RB VBZ NNS TO VB DT NN , NN , CC NN NN WDT VBZ RB JJ NNS IN DT NN NN RB IN DT JJ VBN NN . DT NN , VBN NNP , VBZ VBN VBN IN RB JJR NN NNS . VB NNS CC NNP VB NN . UH . JJ NNS VBP VBN DT NN IN NNS CC NN -LRB- DT JJ NN WDT VBZ VBN IN JJ IN JJ NN IN NN CC JJ NN NNS -RRB- . RB , DT JJ CD NN IN DT NNP IN NNP -LRB- NNP -RRB- VBD IN NN -LRB- DT JJ NN NN WDT VBZ VBN VBN IN DT NN IN NNS IN DT NNS -RRB- VBZ RB VB NN . RB , DT NNS VBP VBN RB TO VB PRP$ NNS VBN , VBG PRP IN JJ NN IN VBG JJ NNS . DT NNP NN , RB , VBZ VBN IN NN RB IN JJ JJ NNS VBP VBN DT NN VBG DT NN IN NN . IN NN , DT NN WDT VBD DT JJ NN IN NN CC DT NNP NN VBD VBN IN CD CC DT NN WP VBD PRP VBD PRP$ JJ NN . RB IN PRP VBD VBN CC VBN JJ , DT NN VBD VBN IN DT JJ NN NNS , VBG DT NNP , DT NNP NNPS IN NNP -LRB- NNP -RRB- , DT NNPS IN NNP NNP CC NNP -LRB- NNP -RRB- , CC DT NNP NNP NNP -LRB- NNP -RRB- . EX VBZ RB DT NN TO VB IN NN VBZ VBN IN NN , VBG IN DT CD NNP NN . RB , IN DT NN TO VB NN NN IN NN CC JJ JJ NNS , NN VBD VBG VBN IN NNS POS NNS IN CD . RB , NNS IN NNS CC JJ NNS VBP DT CC RB JJ NN . CC JJ NNS VBP RB VBN DT JJ CC JJ NNS IN NNS WP MD VB VBN DT NN HYPH VBG NNS . RB WP MD VB DT VBN NNS IN NN IN JJ NNS . IN CD NN , EX VBZ DT JJR NN IN NN WDT MD VB VBN IN JJR NNS WP VBP VBG NNS IN NNS . DT JJR NN IN DT NN IN NN NNS RB VBZ VBN IN JJR NNS . CC IN DT NN IN NNS VBN IN NN MD VB VBG , DT NNS IN NN NN VBP RB . IN NNP , NNS IN JJ NNS VBP VBN IN DT NN IN CD , CC NNS IN NN NN VBP RB VBN IN JJ NNP NN VBD IN CD . RB , DT JJ NN IN NN IN NN VBZ VBN VBN TO VB DT JJ CC IN NNS WP VBP CC WP VBP RB VBN DT NN NN . WP JJ NNS VBP VBG VBZ IN JJ NNS IN NN VBP RB JJ IN DT NN POS JJ NN : RB RB IN JJ NN : CC RB VB JJ IN DT NNS VBP RBR JJ IN NNS . VBD RB EX DT NN IN DT NNP NN . NN VBZ CD IN DT RBS JJ NNS IN NN IN JJ NNS . IN CD , DT NN NN VBD VBN IN DT NN IN PRP VBD VBN IN DT VBN NN IN NN , DT NN IN NN NN , IN NNS . RB , CD JJ NN NNS -LRB- NNP CC NNP -RRB- VBP RB JJ CC VBP RB JJ . DT NNS VBP IN PRP VBP DT RB JJ VBN NN IN NN , CC DT NN VBZ JJ . DT NNS VBP VBN VBN TO VB JJS NNS IN NN NN CC RB DT IN DT JJ NNS . DT NN VBZ RB IN DT JJ NN NN TO VB VBN RB IN NNS IN DT NN IN JJ NN NNS : NNP IN NNS CD NNS , CD NNS , CC CD NNS , CC NNP IN NNS CD NNS CC CD NNS . PRP$ NN MD VB DT RBS JJ NN . VBP NNS VB NN , JJ NN , CC JJ NNS . EX VBP NNS , JJ IN WDT VBP IN DT NNP , VBG DT NNS IN JJ NN , JJ NN NN NN -LRB- NNP -RRB- , CC JJ NNS . IN NN , NNS VBP VBN TO VB DT NN IN NNS CC DT NNS . DT NN IN NNP NNS VBZ RB VBN IN JJR IN CD NN IN JJ NNS , IN DT NN IN NNS VBN RB VBZ VBN TO VB . WRB VBP NNS VB NNS IN DT NN WDT VBZ VBN VBN . NNS WDT VBP JJ CC JJ IN DT NNP NNPS , IN NNS CC NN , RB VBP IN JJ NNS IN DT NN . NNS VBP TO VB IN PRP IN PRP VBZ JJ TO VB IN NN IN NNS IN NN : CC WRB NNPS VBP RB CC WRB NNS WP VBP RB RB VBN VB IN DT NNP NNPS . IN JJ NNS , EX VBP VBN NNS NNS IN JJ JJ NNS , RB IN NNS VBD VBN VBN IN DT NNP IN CD . -LRB- NN VBZ IN DT NN VBZ RB VBN VBN RB IN IN DT NN , CC PRP VBZ RB VB EX VBP RB NNS . -RRB- DT NNS VBD RB IN NNS WP VBD RB VB VBN . JJ JJ NNS WDT VBD JJ NNS VBP NN NN -LRB- NN -RRB- CC NNS . PRP VBZ RB JJ TO VB NNS IN DT JJ NN WRB DT NN VBZ VBN VBN RB , IN IN NN . WRB JJ VBZ NN JJ IN VBG DT NN . DT JJ NNS , IN DT CD IN NNS CC DT NN IN NN NN , MD VB PRP JJ IN PRP$ JJ NN . NNS , IN NN , VBP IN JJ NNS CC VBP JJ NNS -LRB- NNS -RRB- IN VBN NN IN DT NN . DT NN NN -LRB- NN -RRB- NN RB VBZ RB VB JJ NN , CC DT MD VB CD NN WRB NNS RB VBP . VBG NN VBZ RB DT JJ NN IN JJR NNS CC NNS , CC PRP MD VB IN NNS CC JJ NNS . IN IN DT , NNS CC NNS RB VBP DT NN NN IN IN DT NN CC NN NN -LRB- NN -RRB- : DT JJ NN IN VBG DT NN , RB IN JJ NNS CC JJ NNS WP MD VB IN NN NNS . PRP VBZ JJ TO VB DT NN IN NNS IN DT NN VBZ WRB PRP$ NNS VBP JJ IN DT NN . RB VB JJ PRP$ NNS VBP DT NN NN DT NN . VBG VBN VBN JJ NN MD RB VB NN IN VBG DT NN DT NN IN NN NNS RB VBP . DT NN VBZ VBN DT NN TO VB DT RBS JJ NNS IN DT NN . DT NN NN VBZ DT JJ NN POS NNS IN VBG DT NN IN IN IN CD NN . PRP MD VB NN IN DT NNS WDT MD VB NN HYPH JJ NNS , RB , RB VBG VBN VBZ RB DT NN IN NN MD RB VB JJ IN NN NN . RB , RB IN NN WP VBZ VBN DT NN VBZ DT NN , NNS RB MD VB JJR CC JJR . WRB VBP NNS VBN CC VBN . DT NNP POS NNP IN NNP NNP CC NNP VBZ DT NN NN WDT VBZ NNS IN DT NNP NNPS . VBG IN DT NNP CC DT NNP , PRP RB VBP CC VBP NN NN CC NN . JJ NNS VBP VBN RB IN JJ NN NNS CC JJ NNS , CC NN NN VBZ RB IN DT NN VBZ VBN VBN . EX VBP VBN : CC MD VB TO VB : NNS -LRB- JJ IN DT WDT VBP RB VBN VBN IN DT NN CC NN NNS , IN NN -RRB- WDT MD VB JJ NN NNS CC VB DT JJS JJ NN NNS . WRB MD PRP VB JJ NNS IN PRP$ NN . RB , NNS VBP CD IN DT JJS NNS PRP VBP TO VB NNS JJ . CC PRP VBP JJS WRB NN VBZ PRP . NNS VBP RB VBN TO VB VBN IN NN NN NNS IN DT NN IN DT NN . DT NN NNS RB VBP NNS WRB PRP VBP VBN IN PRP$ NN CC IN JJ NNS . RB VB IN PRP$ NN NN TO VB JJ . PRP MD RB VB JJ CC JJ NNS IN JJ JJ JJ NN NNS CC NN NN NNS , CC NNS TO VB NNS RB VB JJ NN NNS . DT NNP NN POS NNS IN NN NN VBZ NN HYPH JJ , JJ JJ CC JJ JJ NNS , CC DT JJ NNS IN JJ NNS IN IN CD NNS IN NN . DT NNS VBP VBN IN DT NN CC VBN IN DT NN POS NN . CC DT NN POS NN PRP VBZ RB VBN -LRB- IN DT NN VBZ NN , VBG NN -RRB- . DT JJ NN NNS MD VB CC DT NN CC DT NNS . WRB MD PRP VB RP JJR IN NNS . VB PRP$ NN POS NNS IN NNS IN DT VBN NN . PRP RB MD VB DT NNP NNP NNP NNP NN IN JJR NN IN NNS . CC VB IN PRP$ NN IN WDT NNS PRP$ NNS VBP . VBG RB , PRP MD VB VB PRP$ NN JJ ."
1067,610,mainstream,"JJ NNS VBN IN NNP : NNP CC NNP VBD PRP$ JJ NNS IN DT NN NN , IN CC NNP CC NNP VBP VBN DT NN IN NNS . NNP VBZ DT JJS VBN JJ NN , DT JJ JJ NN RB , DT NNP NNP NNP , VBZ VBN VBN IN NNP CD . NNP NNP VBZ VBG RP PRP$ NN : DT JJ NN IN DT NN HYPH VBN NNP JJ NN VBZ VBN VBN DT `` JJ NN NN . '' PDT DT NNS IN NNP VBP NNS IN DT NNP JJ NN , WDT DT NNP JJ NNS VBP VBG IN NNS IN PRP VBZ VBN VBG NNS IN NNS CC DT WP MD VB VBN . NNP VBZ DT NN IN NNS : JJ NNP NNP NNP NNP VBD `` EX VBZ DT NN TO VB '' RBR DT NN IN DT NN IN NNS VBZ VBN IN DT NN POS JJ HYPH RBS JJ NN . CC IN CD NNS RB VBN EX VBP NNS IN DT NN POS NN NN MD RB VB JJ TO VB IN DT JJ NN . NNS VBP JJ IN NNP : NNP VBD CD JJR NN NNS NN , VBG DT JJ NN IN CD . CD IN DT NNS RB VBD IN NNP , CC DT JJ CD VBD VBN IN NNP , CC NNS IN JJ NNS . NNP NNP VBZ VBG TO VB DT NN : IN CD NNS IN DT NNP NNP NN NN VBD JJ IN NN , DT NN NN VBZ VBN DT CD NNS WP VBD NN IN PRP IN NN HYPH NN . DT NNS IN NNP NNP , IN DT NNP NNS , VBP VBG IN NNP CD . DT NNS VBP RB VBN VBN IN NNP , NNP POS JJS VBN NN IN CD NNS , VBG CD NNS . NNP NNS VBP : NNP POS NNP IN NNP VBD CD JJ NNS IN DT NN NN , VBG DT JJ NN IN CD . DT NN RB VBD DT NN IN DT NN IN DT NN NN , VBG DT NN POS NN NN IN CD . JJ NNS VBP VBG CD : DT NN IN NNS WP VBP VBN IN DT NN VBZ VBN IN CD IN IN NNP , IN CD IN JJ NNP . RB IN NNP , DT JJS NNS VBP VBN VBN IN NNP , NNP CC NNP NNP . JJ IN CD NNS IN DT NN VBP VBN VBN RB , RB IN DT JJ NN IN JJ NNP ."
1068,465,mainstream,"DT NNS NNS VBP TO VB , IN NNP NNP NNP VBG DT JJ NN NN CC VBG NNS IN CD NN NNS TO VB PRP$ NNS VBN CC VB NNS , VBG DT NN IN NNP $ CD CC CC NN . IN NNP CD , CD NN NNS VBP VBN VBN IN NNP CC NNP , RB IN NNS WRB JJ NNPS VBP VBN TO RB VB PRP$ NNS VBN . DT NNPS IN NNP NNP CC NNP , VBD IN IN NNP CD IN NNP CD , CD , CD JJ NNS IN NNS VBP VBN VBN IN CD NNS . DT VBZ DT JJ HYPH JJS NN IN NNS IN DT NNP VBD NNS VBN IN CD , IN CD , CD NNS VBD . NNS VBP RB VBN VBG DT NN , RB VBN IN DT NNP NNPS IN JJ NNS . NNS VBP DT TO VB DT NN IN DT NN IN NNP NNP , NNP NNP , WRB CD NNS VBD VBN IN IN NNP CD , CD . NNP JJ NN NNS VBD DT NN WDT MD VB JJ NNS IN IN JJ NNS , CC DT NN VBD DT IN NNP CD . IN NNP CD , NN NNS VBD PRP MD VB . CC EX VBP NNS IN WDT NN NN NNS , JJ NN NNS CC NNS MD VB . PRP VBZ JJ TO VB CC DT NN : CC DT NNS : IN JJ NNS WDT MD VB NN , JJ NN CC NN IN DT NN IN RB VBG NNS IN VBN NN , JJ NN HYPH VBG CC VBG JJ NN . IN DT NN WP VBZ CC VBZ NN NN , JJ NN NN CC JJ NN , PRP VBP PRP VBZ JJ VBG WDT NNS MD CC MD RB VB WRB VBG IN NNS IN JJ NN . DT NN VBZ DT NN IN DT NN TO VB JJ NNS . NN NN VBZ DT JJ NN IN VBG NN NN : NNS MD VB IN TO VB CC VB DT VBN JJ NN , RB IN NNS WRB JJ NN NNS VBP DT NN MD VB CC DT NN CC NN . DT NNP NNP VBZ VBN NNS POS NN TO VB DT NN CC NN IN PRP$ NNS , VBG VBG CC VBG JJ NN IN PRP$ NN IN IN RB JJ NNS . IN DT CD NNP NNP NNP NN , DT NNP NNP VBD DT NN NN VBG NN IN JJ NN NNS VBG IN NNS VBP CD NN NN IN DT NN IN DT NN CC VB DT NN -LRB- RB $ CD NN -RRB- . IN DT NN IN NN NN , NNS VBP DT NN TO VB NNS WDT VBP DT NN , NN CC NN IN PRP$ NNS . JJ NN NNS MD VB NNS IN DT NN IN NN , CC JJ NNS , JJ NN NNS CC RB NNS MD RB RB VB DT NN TO VB IN DT NN . DT NNP NN RB VBD RB NNS IN NN NN , CC JJ NNS VBG NN NNS VBD DT NNS , VBG JJ NN NNS IN NN NN IN NN RB IN NN CC IN DT NN IN DT NN . VBG IN VBN JJ NN IN DT NN TO VB VBN JJ NNS IN DT NN IN JJ NN CC DT JJ NN VBZ RB VBN IN DT IN DT RBS JJ JJ CC JJ NNS NNS IN DT NNP . DT JJ JJ NN IN DT NN NN VBZ CC CD NN . DT NN IN NN CC NN RB VBZ DT NN IN RB VBN JJ NN , JJ IN WRB NNP VBD NN IN DT JJ , JJ NN IN NN , CC NNS VBN NNP CC NN TO VB NN , RB TO VB DT NNS VBN IN NNS VBN IN JJ NN NNS . DT NN VBZ RB RB JJ IN JJ NN NNS CC NN NN MD VB NNS IN DT NN POS JJ NN : VBG JJ NN : IN NNS WRB DT NN POS NNS VBP DT JJ , JJ CC JJ NN IN NNS , JJ IN VBG JJ NNS IN JJ NN CC VBG DT JJ `` NN '' TO VB DT JJ NN JJ IN NN WRB VBG DT NN NN . IN JJ NN NN VBG IN JJ NN , DT VBZ DT RB JJ NN : DT NN MD VB DT JJ NN , CC DT NN POS NNS MD VB DT JJ NN IN NNS . IN NN , NN NNS MD VB DT NN NN CC JJ NN IN DT NN IN JJ NN WP VBZ TO VB RB VBN JJ NNS IN DT NN VBZ RB RBR JJ . RB IN PDT DT NN , NN NNS MD VB NN CC VB DT NN POS NN TO VB VBG NNS , CC DT NN VBZ RB VB RB VBG DT JJ NN IN PRP$ NN . RB , JJ NN VBZ RB VB VBG JJ JJ NNS IN JJ NNS WP VBP RB VBN VBN IN DT JJ NN , CC MD VB VBN JJ NN CC NN IN NNS WP VBP VBN VBN IN , CC RB VBP , DT NN . WDT NN NNS MD VB TO VB NNS DT NNP VBZ NNS IN CD IN DT JJ CD JJ NN NNS . DT JJ NN -LRB- RB CD NN -RRB- IN NNS IN DT NNP IN DT NN VBP IN DT NN NN VBN NN IN NNS IN PRP$ NNS . NNS , IN DT JJ NN HYPH VBN NN JJ IN DT NN NN CC JJ NN , VBP DT NN IN NNS CC NNS . DT NNS VBP VBG IN DT NN , PRP$ NN , NN , JJ NN NNS , DT NN IN DT NN DT NN VBZ TO VB IN , CC DT NN IN WP PRP VBZ VBN . NN NN CC NN RB VBN IN JJ NNS -LRB- DT NNP NN -RRB- CC JJ NNS IN NNS CC NNS IN JJ NNS IN NN CC NN . TO VB NN IN NNS , NN NNS MD VB JJ NNS CC VB RP JJ NNS IN NNS TO VB PRP$ NNS . NN NNS MD RB VB NNS IN DT NN IN NN NN , CC VB VBG JJ NNS IN DT JJ NN IN PRP$ NN . RB , IN NNS VBP DT JJ CC JJ NN , NNS VBP VBN JJ IN NN NNS CC NN NNS VBP RB VB NN TO VB DT NN POS NN TO VB IN DT VBN NN CC VB DT NN IN DT NN POS NNS IN DT VBZ DT NNP NN . JJ NN NNS VBP IN NNS WP VBP NN VBP VBG PRP$ NN CC DT NN IN NN . DT VBP VBN IN DT NN MD VB RP IN JJ NNS JJ IN VBG DT JJ NNS IN DT NNS CC VB IN NN , JJ IN VBG NNS POS NN IN NN NN CC VBG DT NN NN TO VB DT NN . IN PRP$ NN , DT NNS VBP IN DT NN IN JJ NN , VBP JJ NN IN NNS TO VB NNS IN PRP$ NNS , CC VBP TO VB DT RB VBN JJ NN . NNS WDT VBP NN NN TO VB DT NN IN VBG JJ NN RB VBP IN DT NN VBZ DT NN , DT NN VBZ JJ CC NN HYPH VBG , CC DT NNS CC NNS IN VBG VBP VBN . DT VBZ JJ NNS CC NN NNS TO VB NN IN VBG IN DT NNS VBP VBG TO VB VBN NNS , CC IN PRP VBP VBG JJ NN IN DT RB JJ NN . RB , DT JJ NN IN NNP , NNP , VBD WRB DT NN IN NN CC NN MD VB IN JJ NN CC NN TO RB VB IN NN NNS IN RB DT JJ NN . NN JJ NN NNS VBP DT NN TO VB NNS IN NN CC JJ NN , CC DT NNS MD VB IN JJ JJ NNS . VBG DT JJ NNS CC VBG JJ NN RB RB VBZ JJ NNS , CC IN PRP$ NN VBZ JJ CC NN NN IN NN NNS CC VBZ RB DT JJ NNS IN VBG DT NN ."
1069,180,mainstream,"IN DT JJ NN IN PRP$ NN IN NNP NNP NNP IN NNP NNP NNP IN DT NNP NNP , PRP VBZ NNS TO VB DT NN IN NNS IN PRP VBZ JJ VBG DT NN TO VB DT NN IN DT JJ NN . EX VBZ RB DT JJ NN TO VB DT NN IN DT JJ NN . NN NN : NNP NNP , NNP IN NNP NNPS . IN NN CD IN PRP$ NN IN JJ NN NN CC NN IN NN NN NNP NNP , PRP VBD PRP WP PRP VBZ IN TO VB IN DT NN CC WRB JJ PRP VBZ DT NN TO VB . NNP NNP NN RB VBD IN NNP NNP IN PRP$ NN IN DT NN CC DT NN IN NN , RB RB IN WRB RB PRP VBZ DT NN MD VB . NNP : WP VBZ PRP$ NN VBG IN RB RB . NNP NNP NNP : IN DT NN , PRP VBP VBG CD NNS . PRP$ NN VBZ IN DT JJ NN IN DT JJ NN NN . CC RB PRP VBP VBG VB DT NN IN JJ NNS NNS . PRP VBP RB VBG IN VBG NNS WDT VBP VBN IN DT NNS CC VBG IN PRP VBP DT NN TO VB VBN IN DT JJ HYPH NN NN IN NN : WDT VBZ , DT JJ NN WDT MD VB NN IN JJ NN NNS . NNP : WDT NN NN VBP PRP VBG IN IN DT NN CC DT JJ NNS . NNP NNP NNP : DT NN NNS VBP RB JJ . DT NN NNS VBP RB DT JJ NN IN DT JJ NN IN CD . WRB PRP VBP PRP VBZ RBS RB DT JJ NN IN CD . PRP VBP TO VB NNS . PRP VBP TO VB DT NNS DT JJ NN IN NNS IN DT NN TO VB NNS CC RB TO VB PRP RB CC RB IN NNS WDT VBP RBR JJ . PRP VBP TO VB RB RB IN PRP MD RB . PRP VBZ JJ IN EX MD VB CD NN , CD NN , CD NN , CC CD NN WDT MD VB DT JJ NN , RB DT VBZ TO VB DT JJ JJ NN . PRP VBP DT JJ NN , CC PRP VBP TO VB JJ IN WP PRP VBP VBG TO VB VBZ RB , RB RB IN DT RB VBN NN NN . CC PRP VBP VB IN PRP VBP DT NN IN NNS WDT VBP RB IN NN , IN JJ NN CC NN , TO VB DT NN IN DT NN NN CC NN . DT NNS VBP RB RB , CC PRP MD VB PRP RB TO VB DT NN WDT PRP VBP TO VB DT NN CC NN TO VB , CC PRP MD RB VB RB TO VB DT . DT VBZ DT NN IN DT VBZ VBG TO VB RB JJ NN IN JJ NNS , RB IN JJ NN NNS , CC IN JJ , DT NN IN VBG NNS VBZ JJ VBN IN VBG IN DT NN . PRP VBZ , RB , VBG TO VB DT RB JJ NN IN NN TO VB IN . DT NN VBD VBZ DT WDT DT NN NN VBZ TO VB . NNP : WRB VBP PRP VB JJ NNS CC JJ NN MD VB IN DT NN . NNP NNP NNP : IN PRP VBP , NNP HYPH CD MD VB DT NN HYPH VBG JJ HYPH IN HYPH JJ NN IN RB CD NN IN NNS . DT NNS VBP RB JJ , CC PRP VBP RB DT JJ NN . DT JJ NN VBZ DT CD NN IN NNS WP MD VB RB TO VB DT RBR JJ NN CC DT WP MD VB RP TO VB . PRP VBP DT RB JJ NN IN WP DT NN NNS VBP , VBN IN NN CC NN . DT VBZ DT JJ NN . IN DT JJ JJ NNS , EX VBP NNS VBG IN DT NNP WDT VBP VBG DT JJ , NN , CC NN NNS IN RB JJ NNS WP VBP VBG DT NN NN IN JJ IN DT JJ NN . DT MD VB TO VB PRP TO VB IN DT NN IN DT JJ NN NNS , NNS , CC NNS WDT MD VB DT NN IN VBG DT RBR JJ NN IN NN . VBN NN NN NNS VBP DT NN NNS IN NN , IN JJ NNS WDT MD VB NN , CC IN VBG JJ IN PRP VBP DT JJS JJ NN IN NNS IN NN TO RB VB DT NN IN VBG IN DT NN CC VB PRP RBR JJ TO VB IN DT NN JJ . JJ NNS VBP VBG , RB RB , JJ IN VBG VBG NNS CC VBG JJS NNS CC VBG TO VB JJ , JJ , CC JJ JJ NNS IN DT NNS IN NNS WP VBP RB JJ . IN DT , NNS MD VB RB IN EX VBP JJ JJ NNS CC JJ NN IN JJ NNS IN NN TO VB NN CC VB DT NN IN NNS WP VBP RP TO VB RB JJ . `` VB RB IN PRP VBP VBG NNS '' NNP : VBP PRP VBG DT NN IN DT NN IN NNS VBP VBG . NNP NNP NNP : PRP VBP PRP VBZ JJ IN IN DT JJ NN NNS , IN DT VBZ NN NN IN CD , NNP , NNP , CC RB IN NNP HYPH CD , EX VBP JJ NNS WDT RB VBP TO VB . EX VBZ DT JJ NN , RB VBG RP , CC RB DT JJ NN TO VB NNS VBN . PRP RB VBP TO VB IN WP VBD IN NNP . IN NN , NN TO VB , VBN IN JJ NNS IN IN VBG JJ NNP NN NNS IN NNP NNP . EX VBD JJ NN JJ NN IN NNS VBG NN WDT VBD RB RB IN JJ NN NN NNS TO VB NNS IN NN . DT VBD JJ NN : IN NN CC NN IN NN NN . PRP VBP PRP VBP RB IN CC RB IN DT NN NN , WRB PRP VBP VBG , RB IN NNP CC IN DT NNP , DT JJ NN IN NNS . DT NNS IN DT NN MD VB DT IN NN , PRP VBP JJ , CC RB IN NNS VBP DT NNS : NN VBZ PRP$ NN TO VB . DT NNP HYPH NNP HYPH CD NN VBZ RB JJ . IN NN , CD NN MD VB CD CC DT NN JJ NNS DT JJ NNS . RB IN RB CD NNS IN NN IN DT CD NN NN , CD VBN NNS VBP RB CD NNS . DT JJ NN TO VB DT NN RP VBZ IN JJ JJ NN CC NN IN DT IN NNS IN NN . DT VBZ DT JJS JJ NN RB : PRP VBP RB VBN . PRP VBP VB DT NNS WDT PRP VBP VBN IN DT NNP VBP RB JJ IN VBG DT JJ NN IN DT NN IN NN , CC PRP MD VB DT JJ NN IN NN . NNP : VBP PRP VB IN DT JJ NNS IN DT NNP , IN NNP , CC IN DT NNP VBP JJ . NNP NNP NNP : DT NNS VBP RB RB PDT DT JJ CC VBN IN JJ NN IN NN NN . DT VBZ JJ NN , RB VBG IN IN PRP$ NN IN RB JJ NNS , NNS , NNS , CC JJS NNS VBN , CC RB RB . DT NN VBZ RB TO VB IN NN IN PRP VBP VBG NNS CC IN CD NNS IN PRP VBP RB CC TO VB DT NN IN CD NNS IN EX VBP CD CC JJR NNS IN DT NN . RB , PRP MD VB CD SYM CD NNS TO VB VBG DT NNS IN JJ NNS . PRP VBP PRP VBP RB VBG DT JJ NNS IN NN IN JJ NNS RB IN NNP , CC RB , RB , PRP MD VB IN DT JJ NN IN NNP CC NNP NNP . CC PRP VBZ RB , RB JJ NN TO VB NNS TO VB DT , CC PRP VBZ DT JJ NN . PRP VBP VB DT NNS WDT PRP VBP VBN IN DT NNP VBP RB JJ IN VBG DT JJ NN IN DT NN IN NN , CC PRP MD VB DT JJ NN IN NN . RB , JJ NNS MD VB JJ NNS TO VB DT , VBG RB IN JJ JJ NNS . PRP MD VB IN WRB PRP VBP VBG IN WP VBZ VBG IN PRP$ JJ NNS , WRB NNS IN NNP HYPH NNP NNP CC JJ NNS IN NNP IN RBR VBN NN NNS VBP VBG TO VB . PRP VBP TO VB RB JJ IN DT , CC PRP RB VBP TO VB . `` PRP MD VB IN DT NN RB POS NNP : IN EX VBZ DT NN , VBP PRP VB NNP HYPH NNP HYPH CD MD VB IN DT JJ NN , VBG RB DT NN , CC RBR IN NNS , WDT VBZ RB JJ , CC DT NN MD VB PRP IN NN . NNP NNP NNP : UH , PRP VBP RB VB , CC PRP VBP VB WP VBZ JJ IN NNS . PRP MD VB DT RB JJ NN IN NNS , VB DT NN , CC IN NNS VBP VBN , PRP MD VB IN DT NN IN RB JJ NN CC NN IN DT NN . PRP RB VBP IN IN DT NN JJ IN NN , WDT VBZ RB IN DT JJ NN TO VB IN NN NNS , PRP VBP TO VB NNS RB , CC PRP MD VB DT , RB RB . RB , PRP MD VB IN DT NN WDT VBZ RB NNS CC VB IN DT NN WRB PRP MD VB PRP RB , IN PRP VBP DT NN , CC PRP MD VB IN DT NN WDT VBZ RB JJ CC VB PRP$ NN IN NNS IN JJ NNS IN NN NNS . IN DT NN , PRP VBP RB JJ IN PRP MD VB JJ TO VB IN DT NN RB . WDT DT JJ NN IN VBG DT NN MD VB , PRP MD VB VBN , CC PRP MD VB IN DT NN WRB NNP HYPH NNP HYPH CD VBZ DT JJ CC JJ NN IN JJ JJ NNS . PRP MD VB RB JJR IN DT NN , JJ NNS , CC DT JJS JJ NN NNS IN DT NN IN DT NN CC IN DT JJ NN IN JJ NN . IN DT NN IN NNS POS NNS , DT MD VB IN DT JJ NN TO VB VBG RB IN NN . PRP VBP RB JJ IN PRP MD VB JJ TO VB IN RBR JJ NNS RB IN NNP HYPH NNP HYPH CD MD RB VB RB . RB , PRP MD VB VBN DT NN IN VBG IN PRP , VBG DT WP VBP JJ CC JJ , CC VBG IN PRP IN , RB , DT JJ CC RB JJ NN . NNP : WRB RB , RB , VBP PRP VB DT NN MD VB . NNP NNP NNP : UH , DT VBZ RB JJ TO VB . RB , IN DT JJ CD IN CD NNS , DT IN DT NNS WDT VBP DT VBG NN RB MD VB VBG RB TO VB PRP IN NN . CC RB PRP VBP TO VB RP WRB PRP VBP NNS RB IN DT NN WDT PRP VBD VBN IN , CC WRB TO VB DT NNS VBG RB . IN DT NN , DT VBZ NN WDT PRP VBP VBN TO VB IN CC VB RB IN , CC PRP VBZ IN PRP VBP VBG TO VB IN DT IN DT JJ NN . IN NN , EX VBP RB CD JJ NNS WDT VBP JJ IN DT JJ NN . DT VBP JJ NNS CC JJ NNS , DT IN WDT MD VB RB JJ IN NNS IN JJ NN NNS . WRB PRP RB VBD IN DT JJ NN , CC WRB RB PRP VBD DT JJ NN VBZ RB VBN . PRP VBP WP PRP VBP VBG IN RB IN NNP HYPH NNP HYPH CD VBZ DT NN IN VBG DT JJ JJ JJ NN . CC RB , IN DT NN , NNS MD VB IN DT NN RB . IN JJ NNS IN DT JJS NNS VBG DT JJ NN CC NN HYPH CD , VB RB ."
1070,547,conspiracy,"DT NNS VBP IN IN DT JJ NNP HYPH CD NN . . . CC RB DT NNS VBP JJ . IN JJ NNS CC VBN HYPH RP NNS IN JJ NN NNS CC VBN NNS , NN IN DT NNP NNP NNP VBZ WP DT VBN NNS CC NN HYPH VBG NNS VBP VBG IN DT NN NN IN CD . IN DT IN JJ NN , VB RB TO VB DT JJR , JJR NN NN NN IN DT NN . IN DT JJ IN NN NN , VB RB IN DT JJS HYPH NN NN IN DT NN -LRB- NN : RB JJ NN -RRB- . VB DT NN IN NNP , NNP , NNP , NNP CC VB DT NN NNP NNP IN DT NNP IN NNP NNP NNS IN DT NN : JJ NNS IN DT NN NN NN NN VBZ DT JJ NN CD CD MD VB VBN `` IN PRP VBD NN '' : NNP JJ NN NN VBN RB , VBZ CD CD NNS IN NNP IN NNP NNP NNP VBZ NN NNS VBP VBN VBN IN NNP NNP NNS IN JJ NNP NNS VBP NNS IN NNS IN NNP NNP NN NN IN NNP NNS VBP NN NNS MD VB VBN RB IN PRP$ NNS VBP RB VBN IN CD NNS IN NN NN VBZ IN CD UH , NNP VBZ RB VBG IN IN NN NN IN IN NN HYPH CD NNP NNP : IN NN VBZ IN NNP HYPH CD , PRP VBP VBG DT IN DT NN HYPH CD NN WP VBZ RP IN DT JJ NN NN . NFP NNS IN NNP NN CD NNP NN VBZ IN CD CD IN DT NN VBP PRP$ NN NNS . NFP NNS IN NNP NN CD"
1071,686,mainstream,"VBG RP JJ : PRP$ JJ NN VBD PRP DT NN NN IN DT JJ NN DT NN IN NN VBZ JJ CC JJ IN JJS NNS . IN DT , DT NN IN NNPS VBP VBN CC VBP PRP IN JJ NNS VBN IN DT VBN NN . PRP VBZ RB WP PRP VBP . DT NN NNS , DT NNS CC DT JJ NN . CC DT NNS VBP DT NN TO VB RB RBR JJ . DT VBZ DT NN IN PRP . PRP VBD RP IN DT NN IN DT JJ NN WP VBZ IN NNS VBD NN NN CC NN , CC VBP RB VB IN DT NN CC NN IN DT NN . DT JJ CD NNS PRP RB VBD VBD IN NN CC NN NN WRB PRP VBD CD NNS JJ . IN DT , NN . IN CD NNS PRP VBD RB VB DT JJ NN , CC PDT PRP$ NN PRP VBP RB VBN VBN IN NNS IN NNS , NN NN CC RB NN . NN POS NN IN NNS MD VB RB JJ IN DT NN NN IN NNP NN VBZ JJ , JJ NN , VBZ VBN RP . MD PRP$ NN NN VB PRP . NNP NNP NN NN : JJ NNS IN NNS VBP VBG RB IN DT NN VBG RP , PRP VBD PRP VBD RB VBN , CC PRP$ NN VBD RB IN PRP$ NNS . PRP VBD DT NN IN NNS IN JJ NN , IN NNS CC IN PRP$ NN . PRP VBD RB RB VB WP DT NN VBD , WRB PRP VBD RB JJ CC WRB DT VBD RB DT JJ NN . IN DT NN IN DT NN NN , PRP MD VB VBN IN IN NN CC VBN IN DT NN POS NN . DT NN NN MD VB PRP PRP VBP RB VBN DT IN DT JJ NNS TO VB NN . CC DT JJ NN VBD DT NN , PRP$ NN MD VB PRP IN DT NNS CC NN MD VB . VBG DT NN IN PRP$ JJ NN IN DT NN , PRP VBD DT NN NN IN PRP$ NN . IN NNS WP VBP RB VB PRP$ NNS VB RP RB DT RB JJ NN , PRP MD VB JJ NNS . NNS WP , IN JJ NN CC NN NNS , MD VB NNS VBP IN DT JJR NN IN VBG DT JJ NN WRB NNS RB VBP RB VB . RB , PRP VBD TO VB PRP$ JJ NN , CC PRP VBD NNS NN IN NNS IN DT NNS CC NN IN NNS , CC DT VBD RB VB NN . IN CD NN , PRP VBD PRP$ NN DT NN IN DT NNPS IN NNP NNP CC NNP WDT VBD WRB NNS IN DT NN VBP NN . PRP VBD PRP . RB , PRP VBD CD . NNS IN WDT JJ NNS NNS MD VB IN JJ NN VBP NN IN NN . IN NNP , WRB PRP VBP , PRP VBD TO VB IN PRP VBD DT JJ NN TO VB DT NN TO VB NNS . DT JJ NN IN VBG DT NN TO VB PRP$ NN VBD DT NN NN NN NNP . JJ NNP , PRP VBD NNP NNS IN NN IN WDT NNS TO VB IN CC WRB TO VB IN VBG PRP IN DT NN . IN PRP$ NN VBD JJR IN CD NNS , PRP VBD DT NN IN PRP$ NN NN . PRP$ NN VBD VBN CC JJ IN PRP VBD TO VB IN DT NN CC VB DT NNS , IN WRB RB PRP VBD . CC PRP VBD RP IN PRP RB . IN NNP , PRP VBD NNS IN NN NN , NN NN , NN , NN CC NN CD . DT NN NN WDT VBD VBD JJ . IN PRP VBD VBG RP , DT PRP VBD VBD JJ NN CC RB VBD PRP IN NN IN PRP$ NN POS NNS . PRP VBD NN CC VBD NN DT NN MD VB . PRP VBD RB JJ IN DT NN . RB , PRP$ NN CC DT NN VBZ RB JJ : RB IN IN PRP$ JJ NNS , CC IN IN PRP$ NNS . NNS VBP DT NN CC NN IN RB RB PRP CC RB JJ NNS . JJ NNS VBP WP VBZ VBN IN `` JJ '' CC `` JJ . '' DT NNS VBP RB JJ NN NNS IN CD NN CC DT CC MD VB DT NN RB IN PRP VBD TO . PRP$ NN VBZ RB JJ , PRP MD VB DT NN IN DT NN , CC IN PRP VBD DT NN IN PRP$ JJS NN , DT NNS MD VB JJ . NNS , NNS CC DT JJ VBP RB IN DT JJR NN IN NN CC RB NN IN DT JJ JJ NNS PRP MD VB IN . DT VBD DT JJS NN PRP VBD VBN IN DT NN . NN VBZ RB JJ IN PRP MD VB DT NN IN NN NN . PRP VBZ JJ IN NN MD VB IN PRP VBP RB VB . DT NN IN NNS VBP RB JJ CC DT NN VBZ RB JJ IN DT NN , RB IN PRP VBP DT NN , VBZ DT JJ NN TO VB VBN CC VB PRP$ NNS . NNP NNP VBZ DT JJ NN NN IN IN NNP , NNP . VB PRP IN NNP NNP ."
1072,583,conspiracy,"DT MD VB IN DT NN IN NN WP VBZ DT NN IN VBG RP DT NN CC VBG NNS TO NN VB , VB RB IN PRP$ NN , NNS , NN . DT JJ NN NN PRP$ NN IN NNP CD . IN IN CD NNP CD , CD NNS CC CD NNS IN NNP NN VBD VBN VBN IN NNP . NNP VBZ DT NN IN CD CD NNS . PRP VBP DT NN . DT NNP VBZ DT VBG : `` NN NNS IN NNP VBP JJ TO VB IN IN IN CD NN NN IN IN DT JJ CC JJ NNS IN DT NN CC VBN TO VB NNS IN DT NN IN IN IN CD NNS . NN HYPH VBG NN IN DT NN POS JJ JJ NN NN VBZ DT NN IN DT NN MD VB IN DT JJ CD NNS DT NN IN DT JJ CD NNS CC DT JJ JJ NN NN VBN RB IN DT NN . NNS RB HYPH VBN IN DT NN IN NN VBP VBN TO VB RB JJ IN DT NN IN NN CC PRP VBZ VBN IN JJ NNS VBP IN DT RBS IN NN . JJ NN IN DT NNP CC NNP NNP VBZ DT NNP HYPH CD NN MD VB NN IN CD NN NN JJR NNS , IN IN IN CD NN NN IN DT IN JJ NNS JJ CD SYM CD NNS . DT VBD VBN IN DT NN NN IN CD NN NN CC DT VBN JJ NNS . CC DT MD VB IN CD NN NN IN NN VBD TO VB IN CD NN NN . '' VB DT JJ NN RB ."
1073,673,mainstream,"DT JJ NN VBD DT NNP NN VBN RP IN NNP NNP , WP VBZ VBG NN NNP NNP VBZ NN NNS IN CD HYPH NN HYPH NNP NNP VBG TO VB IN NNP IN NNP NNP NN NN NNP NNP VBZ VBG TO VB NN IN DT JJ JJ NN IN NN IN NN HYPH VBG NNS IN PRP$ NN IN NN . DT CD HYPH NN HYPH JJ RB VBD DT NN IN DT NNP NN IN NNP NNP , DT CD HYPH NN HYPH JJ WP VBD VBN IN NN CD JJ HYPH NN NN IN NNP CD . IN PRP VBZ VBN NN , NN CC NN IN DT JJ CD NNS , NNP VBZ RB RB NN HYPH JJ . VBG IN DT NN NN , NNS VBP NNP VBZ `` RB JJ '' NN IN VBG DT CD NNS . NNP CC PRP$ NN VBP RB VBG TO VB $ CD NNS IN PRP MD VB IN NNP IN DT NNP NNP NNP NNP NNP IN NNP NNP TO VB IN DT NN NN IN NN . IN VBN IN DT NN , NNP MD VB CD NNS IN CD NNS . PRP MD VB DT JJ HYPH NN NN IN DT NN TO VB PRP$ NN . JJ : JJ NNP NNP NNP NN VBZ RP IN PRP$ NN : PRP VBD DT `` JJ NN IN NN '' `` NNP VBZ VBG IN DT JJ NN VBN NNP , '' NNP VBD IN PRP$ CD CD NNP NNS IN NNP . `` VB PRP$ NN VB PRP IN -LRB- NNP -RRB- NNP IN NNS . '' JJ : `` NNP VBZ RB VB EX VBZ DT NN '' : WP PRP VBZ JJ TO VB IN NN IN NNP CD NNP RB VBD NNP DT VBN NN CC VBD DT NN IN PRP$ NN IN NNP POS NNP NNP , VBG IN DT CD NN NN VBN IN DT NN NN . IN RB , PRP CC NNP RB VBD NN RB . IN IN NNP NN , DT NNP NN VBZ VBN RB RB $ CD NNS . DT NN VBZ VBG TO VB RB IN DT JJ JJ NNS RB NNP VBZ JJ TO VB DT NN RB RB IN PRP VBZ VBN IN PRP$ JJS NN NN IN NNP . `` PRP VBP RB VBG RP NN , PRP CD NN VBP TO VB , '' NNP NNP , NNP POS NN , VBD CD NNP . `` PRP VBZ PRP$ NN POS NN . ''"
1074,268,mainstream,"NNP NNP , WP VBZ VBN VBN IN DT `` JJ NN NN , '' VBZ RB VBN DT NN IN NN NNS IN NNS IN PRP$ JJ NN . PRP$ NN VBZ VBN TO VB VBN IN DT NNS IN DT NN IN DT NNP NNP CC NNP NNP -LRB- NNP -RRB- IN PRP$ NNP NNP NNP IN NNP , NNP -LRB- VB CD : DT NNP NNPS CC NNP NNP VBZ VBN TO VB VBN IN DT NN -RRB- . DT NN VBD NNP POS NN IN DT NNP NNP NN IN NNP , NNP CD . NNS IN NNP NNP , NNP NNP , VBP IN PRP VBD DT NN NN IN DT NN , '' WDT VBZ TO VB NN HYPH VBN , '' VBG IN DT JJ NN , DT NNP NNP NNP . DT NNP RB VBZ IN DT NN VBZ VBN IN DT NN IN DT NN IN NNS WP VBP VBG DT NN IN DT NN WP PRP VBD IN DT JJ NN IN JJ NN CC WP VBP , IN NNP VBD , IN DT NN IN NNS VBZ NN -LRB- DT NN RB VBZ RB -RRB- . VBG IN PRP$ NN , NNP , WP$ JJ NN VBZ JJ , VBD DT NN IN JJ CC JJ NNS IN NN , VBG VBG NN NNS IN DT JJ NN PRP VBZ , CC JJ NN NN , WDT DT NNP VBD RP IN IN CD . PRP VBD VBN IN PRP$ NN IN NN NN . IN PRP VBP VBN IN RB RB , DT WP VBP VBN IN NN NNS TO VB PRP$ NN VBP DT NN TO VB NN RB IN PRP . IN DT NN IN NNP , DT NN VBZ VBG IN NN . DT JJ NN IN DT NN `` VBG RP DT NN '' VBZ DT `` JJ NN IN DT NN IN JJ NN . '' IN JJ NN , DT NNS VBN VBD IN DT JJ CD NNS . DT VBP TO VB IN DT NN IN DT NN VBZ NN NN , CC RB DT NN IN NNS IN NN VBP DT NN IN DT NN . DT NN RB VBD VBN IN DT NN WRB NNP POS NN VBD VBN . NNS IN NNS WP VBP JJ TO VB IN NN NNS VBP IN NNS VBN IN NN HYPH JJ JJ NN VBP TO VB RBR VBN IN WP VBZ IN PRP$ JJ , NN HYPH VBN NNS , VBG NN NNS CC VBG NN IN DT JJ NN . IN DT NNP , `` NN NNS , '' WDT VBP JJ , VBP IN VBG RBR JJ TO VB JJ NN CC TO VB JJ NN , RB IN DT NN IN VBG RBR JJ TO VB DT JJ NN . NNS VBP DT NN DT `` JJ NN '' IN DT NN IN NN NNS , CC DT NN IN WDT DT NN VBD CC VBD NN VBZ DT NN ."
1075,132,mainstream,"NN , CD : JJ NNS IN NN HYPH NNS IN DT JJ NN CC PRP$ NN , NNP VBZ JJ JJ NNS TO VB DT NN IN NNP : CC NNP NNP VBZ DT NN IN `` PRP MD VB IN DT , RB '' . NNP , CD : NNP NNS DT NNP NN VBZ VBG DT NN VBG NN HYPH VBG NN NNS . DT NNS VBP VBN IN DT NNP NN NN . NN IN NNS NNP NNP IN NNP , NNP , VBZ VBN DT JJ JJ NN IN VBG NN . NNS . PRP MD VB IN DT NN PRP IN PRP$ NN HYPH NN NN . NNP , CD : NNP VBG IN NNP NN , VBN NNS VBD PRP$ NNS CC VBD IN NN : DT JJ NN WDT VBD NN JJ IN JJ . NN HYPH CD NN NNS VBP RB VBG TO VB DT NN IN NN HYPH CD . PRP$ NN VBZ WRB IN PRP$ JJS NNS , PRP MD VB DT JJ NN IN PRP$ NN VBZ PRP$ NN IN DT NN IN PRP . NN NN : NN NNP NNP IN PRP$ NN , NNP IN PDT DT NN , NNP NNP VBZ VBN DT NN VBG IN DT NN CC DT NN PRP VBD IN DT NN . IN DT JJ NN , PRP VBZ NNP IN VBG DT NNS IN NN NN JJ HYPH NN : VBG DT VBG NN IN DT NNP NNP : VBD PRP TO VB WP PRP VBZ TO VB JJ IN DT JJ NNS ."
1076,1042,mainstream,"NN : DT NN IN NN VBZ RB JJ . NN VBD RB VBN IN NN NNP NNP IN CD , CC DT JJS NN IN DT NN RB VBN TO VB VBN NN VBD VBN IN CD . NN : NNS WP VBP RB VBN IN NN MD RB VB NNS JJ IN DT NNS IN DT WP VBP VBN VBN . NNS VBN IN NN VBP IN DT NN WDT VBZ DT VBN `` JJ '' , CC MD VB VBN IN DT JJR NN IN DT RB VBN IN NN . NN : NN VBZ DT JJ NN NN . NN VBZ DT JJ NN . NNS IN DT NNS IN NN VBP VBN NNS IN NN NN CC NN NNS . NN : NN VBZ VBN IN NNS . EX VBZ DT NN IN NN NN VBZ NN . DT CD NN VBG NN IN NNS VBZ RB VBN VBN . NN : NN VBZ VBN IN JJ NN CC `` NN NNS . '' IN DT NNS , EX VBD DT NN IN NN VBD VBN IN RB JJ CC JJ NNS . IN DT JJ NN IN NN VBZ RB VBN VBN , PRP VBZ RB RB VBN IN NN VBZ NN TO VB IN NN . NN : NN VBZ VBN RB IN JJ NNS . NNS VBP RB CD IN DT NNS IN NN . NNS WP$ JJ NN VBZ NN VBP RBR JJ IN DT JJ NN TO VB DT JJ NN IN NN . JJ NN NNS VBP VBN IN IN CD NN VBZ NN , DT JJ VBZ DT CD NN NN IN VBG NN RB RB . NN : NNS IN NN VBP JJ . IN EX VBP VBN JJ NN NNS VBG NN IN NN , JJ NNS IN JJ NNS RB VBP IN JJ NN CC JJ NN , CC PRP VBZ JJ IN NNS IN NN TO VB RB IN IN NN CC VB DT NN IN NN . NN : NNS IN NN VBP JJ CC JJ TO VB JJ JJ NNS . IN JJ NNS IN NN VBP NN IN JJ NN , PRP MD VB JJ JJ NNS , VB IN NN CC VBP NNS . NN : DT NNS IN NN VBP NN NNS . IN EX VBZ DT JJR NN IN NN NNS IN DT IN NN , RB RB CD NN IN NNS IN NN VBP NN NNS . DT VBP WP VBP VBN `` NN NNS , '' , VBG NNS IN CD CC CD NNS WDT VBP IN PRP$ JJ NN NNS . NN : DT NNS IN NN VBP JJ NNS . NNS IN DT NN NN VBP JJ , IN DT JJ NN IN JJ NNS WDT RB MD VB IN HYPH CC RB HYPH VBN . NNS VBN TO VB NN CC JJ NNS MD VB DT NN IN NNS IN NN , WP VBP IN JJ NNS , CC NNS IN NN MD VB NN IN NNS VBN JJ , CC RB VB JJ NNS CC NNS . NNS IN DT NN NN VBP RB VBN NN CC NN NNS CC VBP IN DT NN IN NNS . RB , PRP MD VB VBN IN DT NN IN NN VBZ DT JJR NN IN NN IN PRP VBP , VBN IN PRP$ NN , NN NNS CC JJ HYPH NN IN NN IN DT JJ NN . NN : NNS IN NN VBP JJ CC VBP JJ NNS . NNS IN NN VBP RB JJ , IN RB JJR , NN IN NNS , CC PRP MD VB PRP IN NNS WDT VBP JJR TO VB . NN : NN MD VB VBN . EX VBZ RB DT NN IN NN NN NNS . NN : NNS CC NNS IN NNS IN NN NN IN DT NN . EX VBZ DT JJ NN IN NNS CC NNS VBN IN NN , RB RB IN NNS IN WRB NN VBZ VBN . IN DT NN VBZ JJ , NNS CC NNS WDT MD VB JJ CC JJ IN CD NN MD RB VB IN DT . VBP EX DT NNS CC NNS PRP VBP VBP VBG IN DT NN . VB PRP VB IN DT NNS . NNS : `` NNP NN NNP . `` CD NNS IN NN . '' `` VB NN . `` CD NNS IN NN . '' `` DT JJ CC JJ NN NN NN . `` NNS . '' `` NNP NNP . `` NN NNS : JJ NNS , JJ NNS . '' `` DT NNP NNP NNP . `` WRB TO VB IN NN . '' `` NNP NNP IN NNP NNPS CC NNP . `` NNP NNP NNP . '' `` NNP . `` NN IN NN NN . '' `` NNP . `` WP VBZ NN . '' `` NNP , NNP . `` CD JJS NNS IN NN IN NNPS WP VBP . '' DT NNP NNP , NNP CD , CD . `` NNP , NNP . `` CD NNS IN NNP . '' NNP NNP , NNP CD , CD ."
1077,983,conspiracy,"IN NNS VBP RB DT NN IN DT NN IN NN NN , DT NN VBN IN JJ JJ NNS NN , RB WRB VBP DT IN DT RBS JJ NNS RB VBN IN NNS RB VBG NN IN NN NNS . DT VBZ DT NN JJ NNS VBP RB VBG IN DT JJ NN VBN IN NNS IN DT NNP IN NNP -LRB- NNP -RRB- IN NNP VBD IN JJ IN DT JJ NNS VBN JJ NNS IN NN NNS IN NN IN DT JJ NN VBD NN NNS . IN PRP$ NN , NNP NNP CC PRP$ NNS IN NNP VBD DT NN IN JJ NN NN IN JJ NN NN NNS WDT DT NNP NNPS IN NNP NNP CC NNP -LRB- NNP -RRB- MD VB VBN : CC RB VBZ : IN JJ NNS . CC WP DT JJ NN VBD VBD JJ , IN PRP RB VBZ DT JJ NN IN NNS VBP JJ CC VBP DT NN IN NN . VBN IN DT NNP NNP IN NNP NNP -LRB- NNP -RRB- IN NNP , NNP , DT NNS VBD IN JJ NN NNS VBN DT JJ NN HYPH VBN NN NN IN DT NNS , CC IN JJ NNS IN DT NNS POS NNS CC NNS , VBD TO VB NN NNS . PRP$ JJ NNS , IN DT JJ NN , VBD DT JJ NNS , WDT VBZ IN DT JJ NN IN NNS CC NN NN NNS . VBN IN DT NN VBD JJ NNS VBG DT JJ NN NNP , DT NN HYPH VBN NN WDT VBZ VBN VBN IN IN DT NNS , CC VBZ RB JJ IN NN HYPH NN NN NNS CC DT JJ NNS . RB VBN VBD DT JJ NNS , NNS , CC NN -LRB- NNP -RRB- NN , WDT VBZ VBN VBN NN CC NN RB IN VBG NN CC JJ JJ JJ , CC RB JJ , NN NNS IN NNS -LRB- ADD `` DT NN VBZ DT JJ NN IN JJR NN IN NNS , NN , CC DT NNS VBN IN JJ NNS , '' VBD NNP NNP , NN NNP , DT JJ NN NN VBG TO VB DT NN IN NNS CC NN . `` NNS VBZ IN JJ NN , JJ NNS WDT VBP IN NN JJ NNS CC DT NNS IN NNS VBN IN DT NN . '' NN NN VBZ TO VB VBN IN NNP CC VBN IN JJ NN , VBZ NN NN NN VBG IN DT NN , NNP NNP , NN IN NNP VBD RP DT NNP IN VBG TO VB JJ NN NNS IN PRP$ VBN NN NNS . IN DT JJ NNS , WDT MD IN JJS VB DT JJ NN IN NN NN JJ IN NN CC NN , NNS CC NN NNS IN JJ VBP RB VB TO VB VBN JJ CC JJ IN VBG DT NN . `` DT JJ NNS IN DT NN NN VBP NN IN DT NN IN DT JJ NN , '' VBD NNP . `` CC PRP MD VB IN PRP VBZ WRB DT NNP VBD PRP$ NN TO VB NN NN NNS . NN NN NN MD VB VBN IN DT NNP CC VBN IN DT JJ NN . '' VB JJ TO VB DT JJ NN IN DT NN IN NNP NNP NNP ADD : ADD DT NN VBD VBN : NNP , NNP CD , CD IN CD NN"
1078,58,mainstream,"DT NNP CC NN NNS VBP RB VBG IN DT NN TO VB JJ CC JJ NNS TO VB DT NN IN NN HYPH CD . NN VBZ VBG VBN IN VBG DT JJ NN TO VB DT NN CC DT JJ NN TO VB VBN IN NN . VBN JJ NNS VBP VBG VBN IN NN IN IN NN NNS IN JJ , JJ CC JJ HYPH NN NN HYPH CD JJ NNS MD VB VBN RB RB IN JJ . IN CD NNP , DT NNP VBD DT NNP NNP NNP NN NN , WDT VBD CD CD NN TO VB DT NN IN NNS , NNS CC NNS IN DT NN . DT NN IN CD SYM CD , NNPS MD VB PRP$ NNS IN JJ NNS . PRP VBP RB VBN TO VB WRB TO VB NN IN DT IN JJ CC JJ NNS IN DT NN HYPH CD NN . PRP MD VB DT JJ NNS IN NNP NNP , CC NNP SYM ."
1079,920,mainstream,"NNP , NNP NNP , NNP CC DT NNP CC JJR VBP RB VBN RP IN DT JJ NN NN DT NN . `` JJ NN : NNP IN PRP$ NNP '' , VBN RP IN NNP NNP CC DT NNP NNP , MD VB NN IN NNP CD , CC VBZ TO VB VBN NNS RB VBN IN DT NN NN . SYM VB JJR : PRP VBD CD JJ NNS IN NNP NNP POS `` CD NN : RB IN NNP POS NN IN PRP VBD RB VB TO DT NN , WDT RB VBZ NNP NNP , NNP , NNP , NNP CC JJR , MD VB VBN IN DT NN , IN NNP NNP IN DT NNS . DT NN MD VB VBN IN NNP `` DT NNP POS NNP . VBG PRP$ NN IN DT NN , NNP VBD : `` DT NN VBZ DT IN PRP TO VB . IN JJ NNS , PRP VBP VBG IN NNS IN DT NN TO VB DT JJ NN NN HYPH CD VBZ IN VBN NNS IN VBG NNS TO VB CC VB NNS , NNS , CC NN . `` IN IN DT JJ NN , PRP MD VB RBR JJ TO VB IN NN , RB VBZ NN IN NN HYPH CD NN CC NN , RB IN PRP$ NN CC WRB PRP VBP . '' NNP VBD : `` JJ NNS IN DT NN VBP VBG IN NN NNS TO VB VB DT NN IN NNP HYPH CD IN VBG PRP TO VB DT NNS IN NNS VBN TO VB NN , NNS CC NNS IN NN , RB . `` PRP VBP NN NN CC JJ NN , CC PRP VBP IN RB IN VBG TO VB IN DT NN PRP VBP MD PRP VB RB IN DT JJR NN IN DT . '' JJ NN MD VB IN NNP CC NNP IN DT NNP , CC IN NNP NNP IN NNP CD IN NNP . PRP MD RB VB VBN RB IN NNP , NNP , NNP CC JJR . VB JJ NNS RB . DT NN VBZ DT JJS JJ HYPH NN NN VBN TO VB NN HYPH CD NN . RB IN NNP , NNP NNP VBD DT JJ `` CD NN : RB IN NNP POS NN , WDT VBD DT NN IN NNP NNP , NNP NNP CC NNP NNP . VBG DT NN , NNP VBD : `` IN DT NN WRB NNS IN NNP NNP RB VBD PRP IN PRP$ JJS NNS , CC RB VBN NN CC JJ NN IN JJ CC JJ NNS , `` CD NN : RB IN NNP '' VBZ JJ RB IN JJ CC NN HYPH VBG . ''"
